469,844,53,7
183,469,7,64
53,183,64,215
7,53,215,1154
64,7,1154,1330
215,64,1330,7
1154,215,7,451
1330,1154,451,86
7,1330,86,168
451,7,168,3926
86,451,3926,4
168,86,4,150
3926,168,150,6860
4,3926,6860,11509
150,4,11509,663
6860,150,663,43
11509,6860,43,12
663,11509,12,558
43,663,558,10762
12,43,10762,663
558,12,663,43
10762,558,43,12
663,10762,12,672
43,663,672,10761
12,43,10761,1928
739,10,15,2
6,739,2,833
15,6,833,56
2,15,56,5
833,2,5,33686
56,833,33686,246
5,56,246,14
33686,5,14,2
246,33686,2,1531
14,246,1531,24
2,14,24,42
1531,2,42,5
24,1531,5,69867
42,24,69867,471
5,42,471,6
69867,5,6,410
471,69867,410,356
6,471,356,46
410,6,46,827
356,410,827,189
46,356,189,12
827,46,12,5
189,827,5,2
12,189,2,159
5,12,159,63
2,5,63,31
159,2,31,14
63,159,14,37
31,63,37,3
14,31,3,17
37,14,17,612
3,37,612,498
17,3,498,46
612,17,46,3
498,612,3,42
46,498,42,5
3,46,5,3517
42,3,3517,1025
5,42,1025,305
3517,5,305,14
1025,3517,14,438
305,1025,438,9
14,305,9,312
438,14,312,1579
9,438,1579,6
312,9,6,2956
1579,312,2956,652
6,1579,652,80995
2956,6,80995,1062
652,2956,1062,89
80995,652,89,998
1062,80995,998,10
89,1062,10,198
998,89,198,2
10,998,2,305
198,10,305,542
2,198,542,3456
305,2,3456,9872
542,305,9872,7
3456,542,7,295
9872,3456,295,2
7,9872,2,833
295,7,833,24
2,295,24,827
833,2,827,189
24,833,189,100
827,24,100,9872
189,827,9872,6
100,189,6,66
9872,100,66,3
6,9872,3,154
66,6,154,103
3,66,103,471
154,3,471,3116
103,154,3116,4
471,103,4,1815
3116,471,1815,8
4,3116,8,23
1815,4,23,60
8,1815,60,80
23,8,80,1492
60,23,1492,73
80,60,73,2
1492,80,2,629
73,1492,629,25
2,73,25,1421
629,2,1421,5
25,629,5,5254
1421,25,5254,305
5,1421,305,2387
5254,5,2387,4
305,5254,4,9013
2387,305,9013,420
4,2387,420,189
9013,4,189,15
420,9013,15,248
189,420,248,6
15,189,6,35
248,15,35,2475
6,248,2475,189
35,6,189,420
2475,35,420,305
189,2475,305,15
420,189,15,812
305,420,812,1490
15,305,1490,4
812,15,4,46
1490,812,46,23
4,1490,23,42
46,4,42,613
23,46,613,5007
42,23,5007,532
613,42,532,46
5007,613,46,2
532,5007,2,4429
46,532,4429,106651
2,46,106651,20
4429,2,20,153
106651,4429,153,301
20,106651,301,919
153,20,919,682
301,153,682,13
919,301,13,247
682,919,247,2
13,682,2,359
247,13,359,5
2,247,5,105398
359,2,105398,13
5,359,13,1463
105398,5,1463,33
13,105398,33,8
1463,13,8,1996
33,1463,1996,180
8,33,180,7
1996,8,7,110
180,1996,110,3
7,180,3,248
110,7,248,33
3,110,33,305
248,3,305,134
33,248,134,189
305,33,189,171
134,305,171,442
189,134,442,330
171,189,330,202
442,171,202,127
330,442,127,185
202,330,185,75
127,202,75,189
185,127,189,13
75,185,13,1512
189,75,1512,305
13,189,305,191
1512,13,191,5
305,1512,5,5540
191,305,5540,14
5,191,14,6
5540,5,6,10
14,5540,10,10532
6,14,10532,46
10,6,46,6
10532,10,6,305
46,10532,305,89881
6,46,89881,448
305,6,448,8
89881,305,8,11
448,89881,11,1077
8,448,1077,189
11,8,189,149
1077,11,149,362
189,1077,362,3
149,189,3,116
362,149,116,189
3,362,189,13
116,3,13,5102
189,116,5102,70047
13,189,70047,532
5102,13,532,13
70047,5102,13,47
532,70047,47,541
13,532,541,9
47,13,9,205
541,47,205,2
9,541,2,2
205,9,2,127
2,205,127,85
2,2,85,243
127,2,243,547
85,127,547,767
243,85,767,12
547,243,12,2
767,547,2,1082
12,767,1082,3
2,12,3,11579
1082,2,11579,26
3,1082,26,27780
11579,3,27780,183
26,11579,183,812
27780,26,812,10203
183,27780,10203,183
812,183,183,92210
10203,812,92210,114
183,10203,114,332
92210,183,332,4216
114,92210,4216,2307
332,114,2307,46
4216,332,46,8349
2307,4216,8349,140
46,2307,140,21
8349,46,21,8349
140,8349,8349,46
21,140,46,23
8349,21,23,20439
46,8349,20439,2578
23,46,2578,14
20439,23,14,541
2578,20439,541,4
14,2578,4,45
541,14,45,31
4,541,31,2214
45,4,2214,104
31,45,104,767
2214,31,767,484
104,2214,484,79
767,104,79,2006
484,767,2006,13
79,484,13,334
2006,79,334,967
13,2006,967,31
334,13,31,40
967,334,40,43700
31,967,43700,14
40,31,14,2
43700,40,2,21910
14,43700,21910,9
2,14,9,1025
21910,2,1025,2
9,21910,2,600
1025,9,600,3
2,1025,3,62
600,2,62,198
3,600,198,22
62,3,22,105
198,62,105,2972
22,198,2972,4
105,22,4,93
2972,105,93,56
4,2972,56,5
93,4,5,189
56,93,189,2260
5,56,2260,48
189,5,48,6
2260,189,6,183
48,2260,183,1465
6,48,1465,28
183,6,28,10296
1465,183,10296,17254
28,1465,17254,9768
10296,28,9768,2
17254,10296,2,1164
9768,17254,1164,6
2,9768,6,2324
1164,2,2324,31
6,1164,31,7
2324,6,7,1791
31,2324,1791,305
7,31,305,9
1791,7,9,66
305,1791,66,1663
9,305,1663,445
66,9,445,13
1663,66,13,3
445,1663,3,6567
13,445,6567,7
3,13,7,1025
6567,3,1025,990
7,6567,990,3
1025,7,3,25
990,1025,25,10
3,990,10,100
25,3,100,4
10,25,4,84
100,10,84,1663
4,100,1663,137
84,4,137,1025
1663,84,1025,7
137,1663,7,990
1025,137,990,3
7,1025,3,25
990,7,25,10
3,990,10,4
25,3,4,10
10,25,10,324
4,10,324,24
10,4,24,4095
324,10,4095,5
24,324,5,22
4095,24,22,83
5,4095,83,80797
22,5,80797,84
83,22,84,161
80797,83,161,305
84,80797,305,4
161,84,4,189
305,161,189,16
4,305,16,1444
189,4,1444,6
16,189,6,20
1444,16,20,237
6,1444,237,29
20,6,29,161
237,20,161,44
29,237,44,26
161,29,26,219
44,161,219,1568
26,44,1568,2
219,26,2,752
1568,219,752,868
2,1568,868,75
752,2,75,2
868,752,2,122
75,868,122,161
2,75,161,471
122,2,471,178
161,122,178,2282
471,161,2282,138
178,471,138,27
2282,178,27,4
138,2282,4,1460
27,138,1460,931
4,27,931,34
1460,4,34,5011
931,1460,5011,4
34,931,4,114
5011,34,114,34
4,5011,34,154
114,4,154,615
34,114,615,9
154,34,9,2031
615,154,2031,4769
9,615,4769,161
2031,9,161,189
4769,2031,189,4
161,4769,4,305
189,161,305,5
4,189,5,376
305,4,376,113
5,305,113,1106
376,5,1106,655
113,376,655,34
1106,113,34,17
655,1106,17,18314
34,655,18314,2445
17,34,2445,13
18314,17,13,243
2445,18314,243,69
13,2445,69,3939
243,13,3939,12
69,243,12,2
3939,69,2,101589
12,3939,101589,919
2,12,919,8
101589,2,8,208
919,101589,208,1540
8,919,1540,2568
208,8,2568,53928
1540,208,53928,14
2568,1540,14,445
53928,2568,445,196
14,53928,196,4022
445,14,4022,2
196,445,2,357
4022,196,357,80
2,4022,80,142
357,2,142,98774
80,357,98774,7
142,80,7,196
98774,142,196,571
7,98774,571,80
196,7,80,84715
571,196,84715,28
80,571,28,4
84715,80,4,28724
28,84715,28724,2
4,28,2,162
28724,4,162,31
2,28724,31,522
162,2,522,6
31,162,6,410
522,31,410,111
6,522,111,59
410,6,59,161
111,410,161,305
59,111,305,4
161,59,4,189
305,161,189,50
4,305,50,6
189,4,6,35
50,189,35,67577
6,50,67577,4
35,6,4,305
67577,35,305,50
4,67577,50,1284
305,4,1284,66
50,305,66,2055
1284,50,2055,79
66,1284,79,5460
2055,66,5460,382
79,2055,382,70
5460,79,70,576
382,5460,576,305
70,382,305,804
576,70,804,50
305,576,50,1993
804,305,1993,602
50,804,602,31
1993,50,31,13
602,1993,13,773
31,602,773,2
13,31,2,2
773,13,2,8372
2,773,8372,4
2,2,4,2
8372,2,2,10316
4,8372,10316,189
2,4,189,14
10316,2,14,2
189,10316,2,189
14,189,189,99
2,14,99,266
189,2,266,11
99,189,11,866
266,99,866,9
11,266,9,14
866,11,14,498
9,866,498,5
14,9,5,36131
498,14,36131,305
5,498,305,1881
36131,5,1881,6
305,36131,6,356
1881,305,356,46
6,1881,46,72011
356,6,72011,9
46,356,9,2
72011,46,2,8198
9,72011,8198,400
2,9,400,9
8198,2,9,2
400,8198,2,1602
9,400,1602,2556
2,9,2556,1164
1602,2,1164,46
2556,1602,46,189
1164,2556,189,365
46,1164,365,1466
189,46,1466,8
365,189,8,14
1466,365,14,51
8,1466,51,14
14,8,14,44374
51,14,44374,6
14,51,6,103
44374,14,103,471
6,44374,471,1366
103,6,1366,26
471,103,26,77
1366,471,77,248
26,1366,248,332
77,26,332,57
248,77,57,6
332,248,6,39
57,332,39,4
6,57,4,41
39,6,41,4197
4,39,4197,107
41,4,107,305
4197,41,305,14
107,4197,14,2
305,107,2,39
14,305,39,35
2,14,35,3191
39,2,3191,23
35,39,23,2
3191,35,2,60
23,3191,60,59
2,23,59,461
60,2,461,1194
59,60,1194,13
461,59,13,3745
1194,461,3745,56
13,1194,56,547
3745,13,547,1696
56,3745,1696,189
547,56,189,14
1696,547,14,498
189,1696,498,615
14,189,615,9
498,14,9,2
615,498,2,39
9,615,39,46865
2,9,46865,1492
39,2,1492,231
46865,39,231,4
1492,46865,4,2263
231,1492,2263,1025
4,231,1025,14
2263,4,14,42
1025,2263,42,5
14,1025,5,45
42,14,45,11
5,42,11,1077
45,5,1077,325
11,45,325,6
1077,11,6,111
325,1077,111,28
6,325,28,2
111,6,2,159
28,111,159,1580
2,28,1580,31
159,2,31,773
1580,159,773,1867
31,1580,1867,15
773,31,15,161
1867,773,161,471
15,1867,471,305
161,15,305,1353
471,161,1353,189
305,471,189,354
1353,305,354,4
189,1353,4,189
354,189,189,11442
4,354,11442,305
189,4,305,455
11442,189,455,222
305,11442,222,356
455,305,356,613
222,455,613,6101
356,222,6101,5
613,356,5,503
6101,613,503,28797
5,6101,28797,103
503,5,103,471
28797,503,471,50
103,28797,50,349
471,103,349,362
50,471,362,8
349,50,8,59
362,349,59,305
8,362,305,726
59,8,726,4
305,59,4,2582
726,305,2582,381
4,726,381,75
2582,4,75,817
381,2582,817,237
75,381,237,3
817,75,3,17
237,817,17,410
3,237,410,111
17,3,111,681
410,17,681,189
111,410,189,146
681,111,146,2
189,681,2,62
146,189,62,5
2,146,5,22
62,2,22,18561
5,62,18561,189
22,5,189,5897
18561,22,5897,305
189,18561,305,15
5897,189,15,2
305,5897,2,2722
15,305,2722,2
2,15,2,357
2722,2,357,54
2,2722,54,11
357,2,11,28
54,357,28,6890
11,54,6890,3
28,11,3,2
6890,28,2,306
3,6890,306,222
2,3,222,3661
306,2,3661,320
222,306,320,54430
3661,222,54430,7
320,3661,7,2031
54430,320,2031,31
7,54430,31,178
2031,7,178,6
31,2031,6,222
178,31,222,1291
6,178,1291,178
222,6,178,6
1291,222,6,11608
178,1291,11608,2682
6,178,2682,178
11608,6,178,6
2682,11608,6,1493
178,2682,1493,734
6,178,734,8
1493,6,8,12844
734,1493,12844,2
8,734,2,361
12844,8,361,770
2,12844,770,189
361,2,189,134
770,361,134,2
189,770,2,787
134,189,787,25
2,134,25,529
787,2,529,8
25,787,8,2
529,25,2,1129
8,529,1129,13
2,8,13,3
1129,2,3,17
13,1129,17,11995
3,13,11995,3
17,3,3,13703
11995,17,13703,21006
3,11995,21006,24
13703,3,24,2324
21006,13703,2324,3
24,21006,3,10708
2324,24,10708,21457
3,2324,21457,20
10708,3,20,16236
21457,10708,16236,3661
20,21457,3661,13
16236,20,13,208
3661,16236,208,329
13,3661,329,180
208,13,180,87766
329,208,87766,4745
180,329,4745,14
87766,180,14,80
4745,87766,80,4930
14,4745,4930,65
80,14,65,10
4930,80,10,1173
65,4930,1173,10
10,65,10,477
1173,10,477,8
10,1173,8,21457
477,10,21457,14
8,477,14,21
21457,8,21,2
14,21457,2,280
21,14,280,417
2,21,417,29
280,2,29,271
417,280,271,24
29,417,24,2
271,29,2,189
24,271,189,347
2,24,347,73602
189,2,73602,37
347,189,37,1402
73602,347,1402,3400
37,73602,3400,195
1402,37,195,27766
3400,1402,27766,38122
195,3400,38122,7386
27766,195,7386,27766
38122,27766,27766,84
7386,38122,84,827
27766,7386,827,46
84,27766,46,650
827,84,650,108454
46,827,108454,14
650,46,14,370
108454,650,370,43
14,108454,43,6496
370,14,6496,3
43,370,3,4526
6496,43,4526,46
3,6496,46,13
4526,3,13,24560
46,4526,24560,460
13,46,460,79
24560,13,79,271
460,24560,271,37
79,460,37,2
271,79,2,16236
37,271,16236,3661
2,37,3661,15
16236,2,15,2
3661,16236,2,21031
15,3661,21031,357
2,15,357,245
21031,2,245,1389
357,21031,1389,271
245,357,271,3
1389,245,3,827
271,1389,827,2
3,271,2,1927
827,3,1927,542
2,827,542,4
1927,2,4,1580
542,1927,1580,5
4,542,5,161
1580,4,161,471
5,1580,471,28
161,5,28,11
471,161,11,486
28,471,486,10
11,28,10,14
486,11,14,1025
10,486,1025,31
14,10,31,40
1025,14,40,218
31,1025,218,22
40,31,22,77699
218,40,77699,60
22,218,60,357
77699,22,357,819
60,77699,819,3
357,60,3,242
819,357,242,271
3,819,271,3
242,3,3,305
271,242,305,196
3,271,196,11
305,3,11,6105
196,305,6105,10
11,196,10,6
6105,11,6,2
10,6105,2,236
6,10,236,5
2,6,5,2070
236,2,2070,6
5,236,6,22
2070,5,22,266
6,2070,266,46
22,6,46,36
266,22,36,23
46,266,23,275
36,46,275,11
23,36,11,91
275,23,91,99823
11,275,99823,18
91,11,18,10
99823,91,10,3549
18,99823,3549,23
10,18,23,308
3549,10,308,305
23,3549,305,134
308,23,134,523
305,308,523,6
134,305,6,39
523,134,39,632
6,523,632,20
39,6,20,66
632,39,66,7
20,632,7,18
66,20,18,534
7,66,534,1015
18,7,1015,7
534,18,7,25
1015,534,25,14
7,1015,14,81
25,7,81,3
14,25,3,296
81,14,296,231
3,81,231,15
296,3,15,2
231,296,2,106987
15,231,106987,274
2,15,274,498
106987,2,498,266
274,106987,266,6
498,274,6,75
266,498,75,8
6,266,8,542
75,6,542,44
8,75,44,11
542,8,11,1296
44,542,1296,61
11,44,61,22
1296,11,22,1815
61,1296,1815,15
22,61,15,99464
1815,22,99464,31250
15,1815,31250,1232
99464,15,1232,305
31250,99464,305,400
1232,31250,400,812
305,1232,812,405
400,305,405,1303
812,400,1303,59
405,812,59,305
1303,405,305,365
59,1303,365,12
305,59,12,410
365,305,410,202
12,365,202,492
410,12,492,6
202,410,6,265
492,202,265,237
6,492,237,75
265,6,75,305
237,265,305,517
75,237,517,103
305,75,103,40
517,305,40,966
103,517,966,9
40,103,9,4488
966,40,4488,75
9,966,75,19128
4488,9,19128,6
75,4488,6,9717
19128,75,9717,23
6,19128,23,15236
9717,6,15236,51352
23,9717,51352,1925
15236,23,1925,6
51352,15236,6,9191
1925,51352,9191,18236
6,1925,18236,4090
9191,6,4090,120
18236,9191,120,189
4090,18236,189,13
120,4090,13,4
189,120,4,85529
13,189,85529,471
4,13,471,46
85529,4,46,31
471,85529,31,84
46,471,84,336
31,46,336,542
84,31,542,812
336,84,812,4
542,336,4,767
812,542,767,46
4,812,46,608
767,4,608,3
46,767,3,1366
608,46,1366,26
3,608,26,40
1366,3,40,17
26,1366,17,95990
40,26,95990,3115
17,40,3115,3
95990,17,3,25
3115,95990,25,20
3,3115,20,46
25,3,46,53
20,25,53,21
46,20,21,271
53,46,271,1161
21,53,1161,326
271,21,326,732
1161,271,732,1109
326,1161,1109,16784
732,326,16784,2
1109,732,2,191
16784,1109,191,6314
2,16784,6314,6
191,2,6,410
6314,191,410,356
6,6314,356,31
410,6,31,142
356,410,142,189
31,356,189,28
142,31,28,5
189,142,5,305
28,189,305,29
5,28,29,30
305,5,30,178
29,305,178,8
30,29,8,88
178,30,88,45
8,178,45,40
88,8,40,18
45,88,18,516
40,45,516,21
18,40,21,3
516,18,3,92120
21,516,92120,146
3,21,146,314
92120,3,314,128
146,92120,128,66
314,146,66,8
128,314,8,11
66,128,11,943
8,66,943,3
11,8,3,296
943,11,296,6
3,943,6,1063
296,3,1063,305
6,296,305,510
1063,6,510,22
305,1063,22,1401
510,305,1401,4
22,510,4,13299
1401,22,13299,134
4,1401,134,22
13299,4,22,1263
134,13299,1263,8
22,134,8,157
1263,22,157,77
8,1263,77,155
157,8,155,142
77,157,142,3
155,77,3,195
142,155,195,4
3,142,4,354
195,3,354,5
4,195,5,88596
354,4,88596,14
5,354,14,99
88596,5,99,5
14,88596,5,90
99,14,90,1901
5,99,1901,305
90,5,305,14
1901,90,14,72
305,1901,72,438
14,305,438,2856
72,14,2856,22
438,72,22,547
2856,438,547,2081
22,2856,2081,29
547,22,29,102
2081,547,102,89
29,2081,89,22337
102,29,22337,89
89,102,89,6
22337,89,6,15
89,22337,15,162
6,89,162,78
15,6,78,3428
162,15,3428,32
78,162,32,2
3428,78,2,2935
32,3428,2935,5
2,32,5,2972
2935,2,2972,105
5,2935,105,22636
2972,5,22636,985
105,2972,985,7
22636,105,7,796
985,22636,796,1260
7,985,1260,7
796,7,7,13
1260,796,13,207
7,1260,207,337
13,7,337,3
207,13,3,1718
337,207,1718,26114
3,337,26114,8
1718,3,8,20
26114,1718,20,14
8,26114,14,208
20,8,208,110
14,20,110,3
208,14,3,17
110,208,17,183
3,110,183,28
17,3,28,10296
183,17,10296,48694
28,183,48694,31
10296,28,31,99
48694,10296,99,1118
31,48694,1118,189
99,31,189,6
1118,99,6,522
189,1118,522,6
6,189,6,382
522,6,382,564
6,522,564,171
382,6,171,22
