116,26,423,12
130,116,12,20
423,130,20,52
12,423,52,7
20,12,7,13691
52,20,13691,26
7,52,26,100
13691,7,100,17
26,13691,17,131
100,26,131,103192
17,100,103192,222
131,17,222,156
103192,131,156,2
222,103192,2,11619
156,222,11619,40
2,156,40,17
11619,2,17,131
40,11619,131,1758
17,40,1758,52
131,17,52,975
1758,131,975,516
52,1758,516,3
975,52,3,611
516,975,611,2
3,516,2,1622
611,3,1622,2187
2,611,2187,200
1622,2,200,3
2187,1622,3,111
200,2187,111,65395
3,200,65395,18
111,3,18,28
65395,111,28,26
18,65395,26,40
28,18,40,21
26,28,21,106
40,26,106,9
21,40,9,2
106,21,2,200
9,106,200,8
2,9,8,7
200,2,7,21
8,200,21,68
7,8,68,1365
21,7,1365,63
68,21,63,487
1365,68,487,297
63,1365,297,4
487,63,4,26
297,487,26,219
4,297,219,1232
26,4,1232,19
219,26,19,222
1232,219,222,5731
19,1232,5731,4
222,19,4,620
5731,222,620,151
4,5731,151,31
620,4,31,16
151,620,16,260
31,151,260,4821
16,31,4821,37
260,16,37,2
4821,260,2,54061
37,4821,54061,111
2,37,111,58
54061,2,58,230
111,54061,230,80
58,111,80,666
230,58,666,3
80,230,3,695
666,80,695,2
3,666,2,792
695,3,792,2258
2,695,2258,6
792,2,6,1001
2258,792,1001,58
6,2258,58,106
1001,6,106,9
58,1001,9,480
106,58,480,57
9,106,57,65
480,9,65,975
57,480,975,9
65,57,9,88744
975,65,88744,1325
9,975,1325,322
88744,9,322,22
1325,88744,22,567
322,1325,567,5
22,322,5,106
567,22,106,681
5,567,681,567
106,5,567,7
681,106,7,3
567,681,3,319
7,567,319,22
3,7,22,2449
319,3,2449,1339
22,319,1339,6
2449,22,6,368
1339,2449,368,25
6,1339,25,11
368,6,11,55
25,368,55,1097
11,25,1097,3146
55,11,3146,809
1097,55,809,5
3146,1097,5,217
809,3146,217,5
5,809,5,106
217,5,106,816
5,217,816,3
106,5,3,862
816,106,862,2
3,816,2,200
862,3,200,6
2,862,6,37249
200,2,37249,514
6,200,514,389
37249,6,389,29
514,37249,29,15
389,514,15,2
29,389,2,2449
15,29,2449,1339
2,15,1339,10
2449,2,10,2
1339,2449,2,567
10,1339,567,502
2,10,502,3
567,2,3,975
502,567,975,18500
3,502,18500,10
975,3,10,3
18500,975,3,1634
10,18500,1634,19794
3,10,19794,6
1634,3,6,2
19794,1634,2,43628
6,19794,43628,4
2,6,4,12
43628,2,12,1534
4,43628,1534,1053
12,4,1053,82
1534,12,82,156
1053,1534,156,2
82,1053,2,779
156,82,779,82
2,156,82,11
779,2,11,13
82,779,13,3
11,82,3,484
13,11,484,3
3,13,3,162
484,3,162,9
3,484,9,43386
162,3,43386,975
9,162,975,72
43386,9,72,2
975,43386,2,10
72,975,10,13
2,72,13,47
10,2,47,9
13,10,9,128
47,13,128,281
9,47,281,66
128,9,66,22
281,128,22,567
66,281,567,7
22,66,7,62
567,22,62,90
7,567,90,60
62,7,60,55
90,62,55,11
60,90,11,611
55,60,611,61
11,55,61,148
611,11,148,9
61,611,9,3011
148,61,3011,8
9,148,8,34
3011,9,34,633
8,3011,633,41
34,8,41,162
633,34,162,4
41,633,4,59
162,41,59,11
4,162,11,611
59,4,611,95
11,59,95,61
611,11,61,55
95,611,55,11
61,95,11,17
55,61,17,507
11,55,507,11
17,11,11,93
507,17,93,362
11,507,362,58
93,11,58,3
362,93,3,2
58,362,2,3
3,58,3,162
2,3,162,13915
3,2,13915,23695
162,3,23695,2187
13915,162,2187,7
23695,13915,7,3
2187,23695,3,17
7,2187,17,1403
3,7,1403,3050
17,3,3050,2
1403,17,2,200
3050,1403,200,8
2,3050,8,959
200,2,959,63
8,200,63,526
959,8,526,297
63,959,297,635
526,63,635,17
297,526,17,177
635,297,177,5
17,635,5,10
177,17,10,82
5,177,82,8
10,5,8,136
82,10,136,13
8,82,13,47
136,8,47,146
13,136,146,314
47,13,314,19
146,47,19,265
314,146,265,4241
19,314,4241,975
265,19,975,34
4241,265,34,536
975,4241,536,18
34,975,18,3
536,34,3,611
18,536,611,22
3,18,22,1339
611,3,1339,231
22,611,231,36
1339,22,36,484
231,1339,484,3
36,231,3,111
484,36,111,162
3,484,162,3
111,3,3,23876
162,111,23876,22
3,162,22,217
23876,3,217,15
22,23876,15,2
217,22,2,19711
15,217,19711,423
2,15,423,118
19711,2,118,2
423,19711,2,17613
118,423,17613,2320
2,118,2320,41616
17613,2,41616,113
2320,17613,113,975
41616,2320,975,6
113,41616,6,22
975,113,22,4125
6,975,4125,116
22,6,116,8
4125,22,8,11
116,4125,11,110
8,116,110,3
11,8,3,18
110,11,18,3
3,110,3,322
18,3,322,738
3,18,738,164
322,3,164,44
738,322,44,2
164,738,2,58
44,164,58,111
2,44,111,232
58,2,232,876
111,58,876,12
232,111,12,1753
876,232,1753,10
12,876,10,72
1753,12,72,2
10,1753,2,323
72,10,323,5
2,72,5,681
323,2,681,118
5,323,118,458
681,5,458,3
118,681,3,5292
458,118,5292,20
3,458,20,3
5292,3,3,95
20,5292,95,232
3,20,232,82
95,3,82,3
232,95,3,1239
82,232,1239,64
3,82,64,100
1239,3,100,1339
64,1239,1339,31
100,64,31,16
1339,100,16,110
31,1339,110,3
16,31,3,17
110,16,17,5388
3,110,5388,15
17,3,15,476
5388,17,476,865
15,5388,865,5
476,15,5,2
865,476,2,1135
5,865,1135,4
2,5,4,896
1135,2,896,104108
4,1135,104108,57
896,4,57,357
104108,896,357,1239
57,104108,1239,18
357,57,18,3
1239,357,3,17902
8847,1314,35,7
143,8847,7,25
35,143,25,1285
7,35,1285,3
25,7,3,1938
1285,25,1938,8
3,1285,8,10
1938,3,10,906
8,1938,906,428
10,8,428,7
906,10,7,108
428,906,108,780
7,428,780,854
108,7,854,8
780,108,8,53
854,780,53,13
8,854,13,47
53,8,47,2
13,53,2,2082
47,13,2082,3796
2,47,3796,3
2082,2,3,1500
3796,2082,1500,5252
3,3796,5252,80
1500,3,80,59
5252,1500,59,416
80,5252,416,7
59,80,7,2476
416,59,2476,8
7,416,8,2
2476,7,2,43
8,2476,43,127
2,8,127,85
43,2,85,13
127,43,13,47
85,127,47,3399
13,85,3399,36
47,13,36,2595
3399,47,2595,1607
36,3399,1607,471
2595,36,471,5
1607,2595,5,213
471,1607,213,551
5,471,551,2340
213,5,2340,1704
551,213,1704,30
2340,551,30,18
1704,2340,18,388
30,1704,388,20
18,30,20,1456
388,18,1456,59
20,388,59,53
1456,20,53,16
59,1456,16,718
53,59,718,194
16,53,194,5
718,16,5,106
194,718,106,7373
5,194,7373,2
106,5,2,6
7373,106,6,85
2,7373,85,36
6,2,36,59
85,6,59,2
36,85,2,3098
59,36,3098,1350
2,59,1350,4000
3098,2,4000,2
1350,3098,2,238
4000,1350,238,771
2,4000,771,3
238,2,3,392
771,238,392,4
3,771,4,1255
392,3,1255,74
4,392,74,3722
1255,4,3722,2
74,1255,2,6
3722,74,6,85
2,3722,85,4
6,2,4,36
85,6,36,59
4,85,59,553
36,4,553,2279
59,36,2279,7
553,59,7,7498
2279,553,7498,19
7,2279,19,741
7498,7,741,2
19,7498,2,6
741,19,6,85
2,741,85,11859
6,2,11859,6
85,6,6,156
11859,85,156,187
6,11859,187,10
156,6,10,7
187,156,7,21
10,187,21,86
7,10,86,97
21,7,97,8
86,21,8,5673
97,86,5673,54
8,97,54,900
5673,8,900,3
54,5673,3,1205
900,54,1205,416
3,900,416,5
1205,3,5,3811
416,1205,3811,29
5,416,29,1444
3811,5,1444,97
29,3811,97,4
1444,29,4,492
97,1444,492,39
4,97,39,152
492,4,152,2
39,492,2,149
152,39,149,2376
2,152,2376,2395
149,2,2395,2203
2376,149,2203,5
2395,2376,5,43
2203,2395,43,135
5,2203,135,428
43,5,428,7
135,43,7,9794
428,135,9794,70
7,428,70,327
9794,7,327,218
70,9794,218,3
327,70,3,178
218,327,178,6
3,218,6,2203
178,3,2203,5
6,178,5,213
2203,6,213,80
5,2203,80,59
213,5,59,8
80,213,8,2203
59,80,2203,13
8,59,13,47
2203,8,47,1834
13,2203,1834,3896
47,13,3896,699
1834,47,699,7
3896,1834,7,8
699,3896,8,3439
7,699,3439,5
8,7,5,191
3439,8,191,465
5,3439,465,27
191,5,27,1291
465,191,1291,5
27,465,5,4
1291,27,4,2440
5,1291,2440,1606
4,5,1606,3099
2440,4,3099,226
1606,2440,226,195
3099,1606,195,29
226,3099,29,8
195,226,8,699
29,195,699,551
8,29,551,55
699,8,55,21
551,699,21,17
55,551,17,1283
21,55,1283,5
17,21,5,376
1283,17,376,2926
5,1283,2926,70
376,5,70,923
2926,376,923,14
70,2926,14,239
923,70,239,24
14,923,24,1960
239,14,1960,7722
24,239,7722,169
1960,24,169,5
7722,1960,5,45
169,7722,45,211
5,169,211,1842
45,5,1842,3565
211,45,3565,4
1842,211,4,225
3565,1842,225,1816
4,3565,1816,816
225,4,816,3
1816,225,3,5546
816,1816,5546,1103
3,816,1103,6
5546,3,6,68
1103,5546,68,186
6,1103,186,3
68,6,3,13171
186,68,13171,8457
3,186,8457,156
13171,3,156,2
8457,13171,2,3600
156,8457,3600,3565
2,156,3565,2
3600,2,2,15495
3565,3600,15495,5
2,3565,5,2
15495,2,2,417
5,15495,417,9
2,5,9,1370
417,2,1370,5
9,417,5,4102
1370,9,4102,782
5,1370,782,1633
4102,5,1633,3565
782,4102,3565,77
1633,782,77,106
3565,1633,106,2620
77,3565,2620,8
106,77,8,12335
2620,106,12335,224
8,2620,224,3364
12335,8,3364,2128
224,12335,2128,5836
3364,224,5836,3
2128,3364,3,1287
5836,2128,1287,256
3,5836,256,1822
1287,3,1822,6
256,1287,6,5086
1822,256,5086,150
6,1822,150,85
5086,6,85,5
150,5086,5,6
85,150,6,660
5,85,660,106
6,5,106,5
660,6,5,1423
106,660,1423,3565
5,106,3565,1705
1423,5,1705,73
3565,1423,73,5836
1705,3565,5836,3205
73,1705,3205,4931
5836,73,4931,41
3205,5836,41,65
4931,3205,65,106
41,4931,106,5
65,41,5,1837
106,65,1837,25598
5,106,25598,1705
1837,5,1705,80
25598,1837,80,75
1705,25598,75,658
80,1705,658,124
75,80,124,59
658,75,59,1103
124,658,1103,14
59,124,14,8365
1103,59,8365,3
14,1103,3,276
8365,14,276,220
3,8365,220,471
276,3,471,360
220,276,360,101
471,220,101,738
360,471,738,9
101,360,9,220
738,101,220,360
9,738,360,613
220,9,613,6
360,220,6,413
613,360,413,14
6,613,14,859
413,6,859,382
14,413,382,24
859,14,24,39
382,859,39,1387
24,382,1387,2171
39,24,2171,119
1387,39,119,6
2171,1387,6,159
119,2171,159,5741
6,119,5741,35
159,6,35,11583
5741,159,11583,17644
35,5741,17644,3
11583,35,3,319
17644,11583,319,220
3,17644,220,351
319,3,351,24
220,319,24,199
351,220,199,3
24,351,3,1061
199,24,1061,218
3,199,218,119
1061,3,119,4457
218,1061,4457,9
119,218,9,462
4457,119,462,2
9,4457,2,1242
462,9,1242,225
2,462,225,7
1242,2,7,21
225,1242,21,1113
7,225,1113,20865
21,7,20865,375
1113,21,375,15
20865,1113,15,3011
375,20865,3011,5
15,375,5,190
3011,15,190,1387
5,3011,1387,1167
190,5,1167,4
1387,190,4,10
1167,1387,10,365
4,1167,365,227
10,4,227,1053
365,10,1053,6
227,365,6,3
1053,227,3,314
6,1053,314,351
3,6,351,605
314,3,605,3423
351,314,3423,8
605,351,8,1423
3423,605,1423,35
8,3423,35,13
1423,8,13,392
35,1423,392,3
13,35,3,2306
392,13,2306,5013
3,392,5013,3
2306,3,3,220
5013,2306,220,962
3,5013,962,1532
220,3,1532,114
962,220,114,1230
1532,962,1230,6
114,1532,6,85
1230,114,85,3620
6,1230,3620,1138
85,6,1138,6
3620,85,6,598
1138,3620,598,2
6,1138,2,159
598,6,159,5741
2,598,5741,35
159,2,35,4
5741,159,4,308
35,5741,308,3
4,35,3,256
308,4,256,1884
3,308,1884,823
256,3,823,127
1884,256,127,438
823,1884,438,2151
127,823,2151,6733
438,127,6733,881
2151,438,881,77
6733,2151,77,17
881,6733,17,2197
77,881,2197,2
17,77,2,4
2197,17,4,15335
2,2197,15335,5
4,2,5,413
15335,4,413,3035
5,15335,3035,5
413,5,5,4104
3035,413,4104,85
5,3035,85,6
4104,5,6,950
85,4104,950,5
6,85,5,162
950,6,162,15378
5,950,15378,124
162,5,124,97
15378,162,97,5
124,15378,5,119
97,124,119,8675
5,97,8675,301
119,5,301,19
8675,119,19,1333
301,8675,1333,168
19,301,168,658
1333,19,658,101
168,1333,101,9
658,168,9,220
101,658,220,6
9,101,6,1884
220,9,1884,4
6,220,4,881
1884,6,881,2579
4,1884,2579,8995
881,4,8995,5
2579,881,5,90
8995,2579,90,119
5,8995,119,8675
90,5,8675,31
119,90,31,3865
8675,119,3865,38
31,8675,38,3642
3865,31,3642,3
38,3865,3,58
3642,38,58,97
3,3642,97,880
58,3,880,1477
97,58,1477,1909
880,97,1909,1423
1477,880,1423,788
1909,1477,788,5
1423,1909,5,825
788,1423,825,1217
5,788,1217,5902
825,5,5902,1909
1217,825,1909,68
5902,1217,68,15112
1909,5902,15112,4888
68,1909,4888,74
15112,68,74,51
4888,15112,51,11
74,4888,11,2197
51,74,2197,2
11,51,2,22
2197,11,22,8155
2,2197,8155,1287
22,2,1287,6
8155,22,6,85
1287,8155,85,5
6,1287,5,109
85,6,109,2620
5,85,2620,1909
109,5,1909,4679
2620,109,4679,25
1909,2620,25,19
4679,1909,19,162
25,4679,162,370
19,25,370,2593
162,19,2593,413
370,162,413,14
2593,370,14,17459
413,2593,17459,29
14,413,29,1909
17459,14,1909,31
29,17459,31,14
1909,29,14,285
31,1909,285,58
14,31,58,127
285,14,127,287
58,285,287,7
127,58,7,14
287,127,14,3
7,287,3,549
14,7,549,22
3,14,22,600
549,3,600,5
22,549,5,817
600,22,817,51
5,600,51,1492
817,5,1492,3
51,817,3,17
1492,51,17,190
3,1492,190,349
17,3,349,85
190,17,85,3
349,190,3,600
85,349,600,1909
3,85,1909,3976
600,3,3976,8
1909,600,8,15
3976,1909,15,2378
8,3976,2378,124
15,8,124,6460
2378,15,6460,4
124,2378,4,135
6460,124,135,97
4,6460,97,1483
135,4,1483,1159
97,135,1159,63
1483,97,63,881
1159,1483,881,77
63,1159,77,276
881,63,276,135
77,881,135,287
276,77,287,823
135,276,823,63
287,135,63,12576
823,287,12576,9452
63,823,9452,2
12576,63,2,4171
9452,12576,4171,1486
2,9452,1486,19
4171,2,19,2677
1486,4171,2677,2
19,1486,2,7613
2677,19,7613,857
2,2677,857,224
7613,2,224,15
857,7613,15,464
224,857,464,2378
15,224,2378,63
464,15,63,1477
2378,464,1477,1909
63,2378,1909,15
1477,63,15,22
1909,1477,22,42289
15,1909,42289,214
22,15,214,2576
42289,22,2576,3172
214,42289,3172,5837
2576,214,5837,6
3172,2576,6,1314
5837,3172,1314,8847
6,5837,8847,3438
1314,6,3438,4
8847,1314,4,8513
3438,8847,8513,416
4,3438,416,7
8513,4,7,84
416,8513,84,314
7,416,314,8
84,7,8,3
314,84,3,5471
8,314,5471,2
3,8,2,857
5471,3,857,224
2,5471,224,1909
857,2,1909,69
224,857,69,30
1909,224,30,405
69,1909,405,881
30,69,881,142
405,30,142,3
881,405,3,2839
142,881,2839,413
3,142,413,7122
2839,3,7122,63
413,2839,63,18614
7122,413,18614,2264
63,7122,2264,14686
18614,63,14686,3
2264,18614,3,10103
14686,2264,10103,881
3,14686,881,890
10103,3,890,857
881,10103,857,358
890,881,358,19
857,890,19,2704
358,857,2704,3
19,358,3,2189
2704,19,2189,1909
3,2704,1909,18127
2189,3,18127,2436
1909,2189,2436,14686
18127,1909,14686,8
2436,18127,8,2
14686,2436,2,63
8,14686,63,1909
2,8,1909,40
63,2,40,218
1909,63,218,124
40,1909,124,4
218,40,4,1833
124,218,1833,2
4,124,2,282
1833,4,282,1179
2,1833,1179,9
282,2,9,413
1179,282,413,2378
893,8426,1236,2778
3067,893,2778,328
1236,3067,328,6
2778,1236,6,273
328,2778,273,192
6,328,192,9
273,6,9,658
192,273,658,101
9,192,101,100
658,9,100,886
101,658,886,12
100,101,12,1547
886,100,1547,109
12,886,109,24840
1547,12,24840,227
109,1547,227,1215
24840,109,1215,1579
227,24840,1579,8426
1215,227,8426,12
1579,1215,12,429
8426,1579,429,893
12,8426,893,3067
429,12,3067,39
893,429,39,2778
3067,893,2778,328
39,3067,328,1448
2778,39,1448,3
328,2778,3,319
1448,328,319,13564
3,1448,13564,3178
319,3,3178,24
13564,319,24,947
3178,13564,947,1978
24,3178,1978,100
947,24,100,432
1978,947,432,561
100,1978,561,3
432,100,3,667
561,432,667,675
3,561,675,328
667,3,328,1507
675,667,1507,19
328,675,19,2
1507,328,2,106
19,1507,106,5
2,19,5,633
106,2,633,1236
5,106,1236,427
633,5,427,3178
1236,633,3178,5700
427,1236,5700,3
3178,427,3,93
5700,3178,93,1978
3,5700,1978,100
93,3,100,4234
1978,93,4234,3114
100,1978,3114,126
4234,100,126,501
3114,4234,501,36
126,3114,36,2473
501,126,2473,10472
36,501,10472,561
2473,36,561,73
10472,2473,73,14893
561,10472,14893,352
73,561,352,1880
14893,73,1880,4
352,14893,4,57
1880,352,57,2808
4,1880,2808,294
57,4,294,15
2808,57,15,3931
294,2808,3931,1199
15,294,1199,36
3931,15,36,57
1199,3931,57,840
36,1199,840,197
57,36,197,259
840,57,259,181
197,840,181,10
259,197,10,1788
181,259,1788,100
10,181,100,294
1788,10,294,8426
100,1788,8426,802
294,100,802,2037
8426,294,2037,16585
802,8426,16585,28
2037,802,28,62
16585,2037,62,10
28,16585,10,7
62,28,7,91
10,62,91,121
7,10,121,17
91,7,17,1788
121,91,1788,100
17,121,100,655
1788,17,655,21
100,1788,21,655
655,100,655,5
21,655,5,76
655,21,76,955
5,655,955,4850
76,5,4850,2620
955,76,2620,2550
4850,955,2550,777
2620,4850,777,1607
2550,2620,1607,184
777,2550,184,3
