680,980,23,183
140,680,183,60
23,140,60,26
183,23,26,415
60,183,415,131
26,60,131,2982
415,26,2982,5
131,415,5,92
2982,131,92,229
5,2982,229,10
92,5,10,2
229,92,2,222
10,229,222,58
2,10,58,92
222,2,92,203
58,222,203,189
92,58,189,36
203,92,36,2
189,203,2,521
36,189,521,135
2,36,135,92
521,2,92,203
135,521,203,85001
92,135,85001,22
203,92,22,712
85001,203,712,270
22,85001,270,6
712,22,6,9073
270,712,9073,2893
6,270,2893,866
9073,6,866,1636
2893,9073,1636,3
866,2893,3,39
1636,866,39,632
3,1636,632,413
39,3,413,673
632,39,673,452
413,632,452,4
673,413,4,1378
452,673,1378,46
4,452,46,378
1378,4,378,35
46,1378,35,120
378,46,120,127
35,378,127,2776
120,35,2776,949
127,120,949,50684
2776,127,50684,55
949,2776,55,663
50684,949,663,41
55,50684,41,2671
663,55,2671,1203
41,663,1203,5
2671,41,5,20
1203,2671,20,460
5,1203,460,12
20,5,12,67
460,20,67,10
12,460,10,48
67,12,48,356
10,67,356,2268
48,10,2268,164
56,484,64,361
53,56,361,4473
64,53,4473,80
361,64,80,52
4473,361,52,33
80,4473,33,219
52,80,219,223
33,52,223,95
219,33,95,5123
223,219,5123,281
95,223,281,13792
5123,95,13792,23
281,5123,23,2822
13792,281,2822,6175
23,13792,6175,34474
2822,23,34474,39
6175,2822,39,249
34474,6175,249,60
39,34474,60,7
249,39,7,64579
60,249,64579,12
7,60,12,8991
64579,7,8991,6474
12,64579,6474,392
8991,12,392,19
6474,8991,19,2822
392,6474,2822,1051
19,392,1051,31
2822,19,31,16
1051,2822,16,84
31,1051,84,2104
16,31,2104,3
84,16,3,17
2104,84,17,704
3,2104,704,15
17,3,15,875
704,17,875,283
15,704,283,299
875,15,299,577
283,875,577,2
299,283,2,2
577,299,2,284
2,577,284,5
2,2,5,887
284,2,887,7
5,284,7,2534
887,5,2534,116
7,887,116,120
2534,7,120,3
116,2534,3,483
120,116,483,12
3,120,12,20
483,3,20,42
12,483,42,714
20,12,714,15
42,20,15,209
714,42,209,8
15,714,8,463
209,15,463,477
8,209,477,6
463,8,6,39
477,463,39,249
6,477,249,60
39,6,60,7
249,39,7,34
60,249,34,329
7,60,329,8
34,7,8,42
329,34,42,155
8,329,155,9
42,8,9,81970
155,42,81970,51
9,155,51,314
81970,9,314,283
51,81970,283,299
314,51,299,577
283,314,577,23
299,283,23,2822
577,299,2822,16
23,577,16,110
2822,23,110,61
16,2822,61,1019
110,16,1019,4
61,110,4,26
1019,61,26,16
4,1019,16,1324
26,4,1324,995
16,26,995,2
1324,16,2,2
995,1324,2,284
2,995,284,5
2,2,5,84989
284,2,84989,2015
5,284,2015,1238
84989,5,1238,101
2015,84989,101,23
1238,2015,23,172
101,1238,172,5
23,101,5,2822
172,23,2822,283
5,172,283,299
2822,5,299,5201
283,2822,5201,2098
299,283,2098,9
5201,299,9,35
2098,5201,35,8
9,2098,8,393
35,9,393,327
8,35,327,1406
393,8,1406,3
327,393,3,150
1406,327,150,1420
3,1406,1420,5
150,3,5,1324
1420,150,1324,283
5,1420,283,299
1324,5,299,577
283,1324,577,211
299,283,211,76
577,299,76,2106
211,577,2106,19
76,211,19,283
2106,76,283,299
19,2106,299,683
283,19,683,2098
299,283,2098,80
683,299,80,2891
2098,683,2891,6
80,2098,6,2
2891,80,2,722
6,2891,722,334
2,6,334,2705
722,2,2705,6
334,722,6,1381
2705,334,1381,2661
6,2705,2661,984
1381,6,984,5
2661,1381,5,283
984,2661,283,299
5,984,299,683
283,5,683,3168
299,283,3168,8
683,299,8,1961
3168,683,1961,299
8,3168,299,309
1961,8,309,13
299,1961,13,855
309,299,855,39
13,309,39,685
855,13,685,4
39,855,4,2281
685,39,2281,3
4,685,3,90
2281,4,90,45
3,2281,45,29
90,3,29,15
45,90,15,453
29,45,453,577
15,29,577,3
453,15,3,90856
577,453,90856,51
3,577,51,31
90856,3,31,77
51,90856,77,18
31,51,18,2342
77,31,2342,8
18,77,8,580
2342,18,580,31
8,2342,31,55
580,8,55,25
31,580,25,80122
55,31,80122,722
25,55,722,334
80122,25,334,2705
722,80122,2705,801
334,722,801,12
2705,334,12,3
801,2705,3,173
12,801,173,3
3,12,3,156
173,3,156,685
3,173,685,2
156,3,2,1634
685,156,1634,12214
2,685,12214,12
1634,2,12,112
12214,1634,112,240
12,12214,240,375
112,12,375,26
240,112,26,16
375,240,16,4
26,375,4,13577
16,26,13577,436
4,16,436,2
13577,4,2,453
436,13577,453,577
2,436,577,4
453,2,4,2
577,453,2,2
4,577,2,284
2,4,284,26
2,2,26,44
284,2,44,2676
26,284,2676,4
44,26,4,8423
2676,44,8423,16
4,2676,16,95884
8423,4,95884,1005
16,8423,1005,352
95884,16,352,1051
1005,95884,1051,1670
352,1005,1670,261
1051,352,261,2
1670,1051,2,22
261,1670,22,5
2,261,5,4665
22,2,4665,8
5,22,8,1324
4665,5,1324,2676
8,4665,2676,16
1324,8,16,9547
2676,1324,9547,3
16,2676,3,2
9547,16,2,513
3,9547,513,642
2,3,642,1905
513,2,1905,3
642,513,3,67
1905,642,67,106886
3,1905,106886,1324
67,3,1324,577
106886,67,577,16
1324,106886,16,2350
577,1324,2350,39
16,577,39,3
2350,16,3,597
39,2350,597,363
3,39,363,66
597,3,66,142
363,597,142,2822
66,363,2822,83
142,66,83,26012
2822,142,26012,651
83,2822,651,4420
26012,83,4420,569
651,26012,569,36412
4420,651,36412,326
569,4420,326,4
36412,569,4,555
326,36412,555,750
4,326,750,3
555,4,3,63
750,555,63,71
3,750,71,6368
63,3,6368,13577
71,63,13577,436
6368,71,436,2
13577,6368,2,2
436,13577,2,107
2,436,107,3
2,2,3,5515
107,2,5515,6
3,107,6,283
5515,3,283,299
6,5515,299,577
283,6,577,4
299,283,4,2676
577,299,2676,6
4,577,6,3615
2676,4,3615,407
6,2676,407,11
3615,6,11,441
407,3615,441,22
11,407,22,2120
441,11,2120,4
22,441,4,875
2120,22,875,577
4,2120,577,11
875,4,11,4
577,875,4,5885
11,577,5885,16
4,11,16,84
5885,4,84,64006
16,5885,64006,8955
84,16,8955,11
64006,84,11,454
8955,64006,454,2
11,8955,2,490
454,11,490,60
2,454,60,1340
490,2,1340,2
60,490,2,96808
1340,60,96808,23
2,1340,23,2822
96808,2,2822,6175
23,96808,6175,1793
2822,23,1793,20
6175,2822,20,105546
1793,6175,105546,36412
20,1793,36412,121
105546,20,121,21
36412,105546,21,17
121,36412,17,3256
21,121,3256,15
17,21,15,190
3256,17,190,2259
15,3256,2259,15
190,15,15,2
2259,190,2,707
15,2259,707,6128
2,15,6128,320
707,2,320,400
6128,707,400,37
320,6128,37,2
400,320,2,311
37,400,311,83
2,37,83,2022
311,2,2022,1399
83,311,1399,23
2022,83,23,3495
1399,2022,3495,3514
23,1399,3514,68111
3495,23,68111,12601
3514,3495,12601,3205
68111,3514,3205,12
12601,68111,12,7983
3205,12601,7983,5
12,3205,5,70
7983,12,70,114
5,7983,114,3
70,5,3,9513
114,70,9513,1567
3,114,1567,2727
9513,3,2727,8
1567,9513,8,84
2727,1567,84,6596
8,2727,6596,2822
84,8,2822,808
6596,84,808,2822
2822,6596,2822,6175
808,2822,6175,132
2822,808,132,17
6175,2822,17,2
132,6175,2,182
17,132,182,5
2,17,5,148
182,2,148,29
5,182,29,2386
148,5,2386,28
29,148,28,42
2386,29,42,5
28,2386,5,20762
42,28,20762,209
5,42,209,17294
20762,5,17294,16431
209,20762,16431,2
17294,209,2,1051
16431,17294,1051,5
2,16431,5,283
1051,2,283,288
5,1051,288,4
283,5,4,188
288,283,188,23
4,288,23,2822
188,4,2822,391
23,188,391,5
2822,23,5,166
391,2822,166,283
5,391,283,134
166,5,134,60
283,166,60,11
134,283,11,14
60,134,14,6960
11,60,6960,19
14,11,19,8294
6960,14,8294,160
19,6960,160,6
8294,19,6,2822
160,8294,2822,6175
6,160,6175,685
2822,6,685,16
6175,2822,16,4316
685,6175,4316,3
16,685,3,160
4316,16,160,48
3,4316,48,70
160,3,70,16
48,160,16,1649
70,48,1649,962
16,70,962,26
1649,16,26,18
962,1649,18,154
26,962,154,3
18,26,3,67
154,18,67,725
3,154,725,1224
67,3,1224,136
725,67,136,394
1224,725,394,65
136,1224,65,87067
394,136,87067,7
65,394,7,25
87067,65,25,113
7,87067,113,104
25,7,104,1780
113,25,1780,16
104,113,16,1066
1780,104,1066,19
16,1780,19,2727
1066,16,2727,7
19,1066,7,353
2727,19,353,2
7,2727,2,2277
353,7,2277,5
2,353,5,2822
2277,2,2822,288
5,2277,288,216
2822,5,216,4
288,2822,4,7
216,288,7,18
4,216,18,23
7,4,23,6
18,7,6,104
23,18,104,6318
6,23,6318,7
104,6,7,40
6318,104,40,325
7,6318,325,6175
40,7,6175,72
325,40,72,7
6175,325,7,178
72,6175,178,26
7,72,26,40
178,7,40,18
26,178,18,3
40,26,3,3604
18,40,3604,200
3,18,200,577
3604,3,577,132
200,3604,132,691
577,200,691,29
132,577,29,26
691,132,26,40
29,691,40,2053
26,29,2053,17
40,26,17,8923
2053,40,8923,6
17,2053,6,213
8923,17,213,812
6,8923,812,480
213,6,480,174
812,213,174,480
480,812,480,765
174,480,765,8
480,174,8,7
765,480,7,174
8,765,174,40
7,8,40,40555
174,7,40555,8
40,174,8,7
40555,40,7,6
8,40555,6,209
7,8,209,42
6,7,42,5
209,6,5,1046
42,209,1046,255
5,42,255,6
1046,5,6,70
255,1046,70,356
6,255,356,30
70,6,30,48
356,70,48,14
30,356,14,290
48,30,290,3
14,48,3,17
290,14,17,282
3,290,282,9
17,3,9,597
282,17,597,31
9,282,31,40
597,9,40,14
31,597,14,48
40,31,48,5
14,40,5,38
48,14,38,1204
5,48,1204,70
38,5,70,36
1204,38,36,48
70,1204,48,5
36,70,5,2107
48,36,2107,9
5,48,9,8
2107,5,8,323
9,2107,323,3
8,9,3,18
323,8,18,201
3,323,201,283
18,3,283,299
201,18,299,29
283,201,29,16
299,283,16,33
29,299,33,1095
16,29,1095,3
33,16,3,2054
1095,33,2054,123
3,1095,123,2
2054,3,2,513
123,2054,513,642
2,123,642,3
513,2,3,513
642,513,513,9
3,642,9,188
513,3,188,33
9,513,33,16
188,9,16,49447
33,188,49447,490
16,33,490,194
49447,16,194,63
490,49447,63,4
194,490,4,5179
63,194,5179,5
4,63,5,887
5179,4,887,7
5,5179,7,21
887,5,21,14
7,887,14,33
21,7,33,3
14,21,3,8229
33,14,8229,15
3,33,15,87
8229,3,87,26
15,8229,26,50
87,15,50,2250
26,87,2250,112
50,26,112,1805
2250,50,1805,40
112,2250,40,17
1805,112,17,5933
40,1805,5933,3
17,40,3,5005
5933,17,5005,84
3,5933,84,7018
5005,3,7018,168
84,5005,168,2822
7018,84,2822,107296
168,7018,107296,2295
2822,168,2295,7
107296,2822,7,350
2295,107296,350,5
7,2295,5,246
350,7,246,15
5,350,15,11333
246,5,11333,2295
15,246,2295,40808
11333,15,40808,2
2295,11333,2,348
40808,2295,348,8
2,40808,8,972
348,2,972,83
8,348,83,44
972,8,44,172
83,972,172,1030
44,83,1030,4
172,44,4,62
1030,172,62,26
4,1030,26,984
62,4,984,70
26,62,70,2135
984,26,2135,73
70,984,73,49
2135,70,49,12
73,2135,12,558
49,73,558,23
12,49,23,80676
558,12,80676,4
23,558,4,663
80676,23,663,49
4,80676,49,12
663,4,12,101566
49,663,101566,1394
12,49,1394,164
101566,12,164,9
1394,101566,9,41
164,1394,41,294
9,164,294,37
41,9,37,11333
1399,59,415,6886
866,1399,6886,11305
415,866,11305,70
6886,415,70,11048
11305,6886,11048,1029
70,11305,1029,66
11048,70,66,7
1029,11048,7,18656
66,1029,18656,2
7,66,2,7035
18656,7,7035,5
2,18656,5,10051
7035,2,10051,4651
5,7035,4651,1784
10051,5,1784,23602
4651,10051,23602,7508
1784,4651,7508,691
23602,1784,691,845
7508,23602,845,3
691,7508,3,1940
845,691,1940,2
3,845,2,4285
1940,3,4285,3661
2,1940,3661,6
4285,2,6,3495
3661,4285,3495,5
6,3661,5,4
3495,6,4,6329
5,3495,6329,838
4,5,838,175
6329,4,175,41
838,6329,41,65
175,838,65,3661
41,175,3661,4
65,41,4,72
3661,65,72,4651
4,3661,4651,7508
72,4,7508,13
4651,72,13,516
7508,4651,516,3
13,7508,3,123
516,13,123,2
3,516,2,4285
123,3,4285,2666
2,123,2666,11
4285,2,11,14
2666,4285,14,3
11,2666,3,117
14,11,117,7005
3,14,7005,142
117,3,142,3
7005,117,3,22
142,7005,22,1039
3,142,1039,10586
22,3,10586,3
1039,22,3,7287
10586,1039,7287,5234
3,10586,5234,461
7287,3,461,3
5234,7287,3,4285
461,5234,4285,226
3,461,226,3661
4285,3,3661,13
226,4285,13,64
3661,226,64,1994
13,3661,1994,5
64,13,5,118
1994,64,118,533
5,1994,533,2666
118,5,2666,4
533,118,4,6633
2666,533,6633,9346
4,2666,9346,23
6633,4,23,7508
9346,6633,7508,15
23,9346,15,22
7508,23,22,19184
15,7508,19184,20
22,15,20,7
19184,22,7,2
20,19184,2,4285
7,20,4285,10051
2,7,10051,4311
4285,2,4311,2
10051,4285,2,78761
4311,10051,78761,3285
2,4311,3285,537
78761,2,537,29
3285,78761,29,3661
537,3285,3661,1558
29,537,1558,10
3661,29,10,12089
1558,3661,12089,544
10,1558,544,9
12089,10,9,55888
544,12089,55888,12801
9,544,12801,7508
55888,9,7508,276
12801,55888,276,61
7508,12801,61,12
276,7508,12,7278
61,276,7278,4285
12,61,4285,4
7278,12,4,630
4285,7278,630,3
4,4285,3,2963
630,4,2963,89
3,630,89,15
2963,3,15,2
89,2963,2,37682
15,89,37682,82837
2,15,82837,5843
37682,2,5843,11
82837,37682,11,13
5843,82837,13,86
11,5843,86,42
13,11,42,600
86,13,600,5
42,86,5,2
600,42,2,704
5,600,704,53
2,5,53,7
704,2,7,64
53,704,64,60
7,53,60,3
64,7,3,94758
60,64,94758,6
3,60,6,349
94758,3,349,1669
6,94758,1669,3
349,6,3,22
1669,349,22,3174
3,1669,3174,7508
22,3,7508,137
3174,22,137,81939
7508,3174,81939,3252
137,7508,3252,32087
81939,137,32087,268
3252,81939,268,4285
32087,3252,4285,2313
268,32087,2313,23
4285,268,23,183
2313,4285,183,60
23,2313,60,4285
183,23,4285,29780
60,183,29780,845
4285,60,845,3155
29780,4285,3155,7508
845,29780,7508,2078
3155,845,2078,3
7508,3155,3,4324
2078,7508,4324,5728
3,2078,5728,3285
4324,3,3285,119
5728,4324,119,1784
3285,5728,1784,3
119,3285,3,585
1784,119,585,18486
3,1784,18486,3
585,3,3,22
18486,585,22,2559
3,18486,2559,11
22,3,11,966
2559,22,966,1996
11,2559,1996,4285
966,11,4285,31
1996,966,31,116
4285,1996,116,11
31,4285,11,7
116,31,7,84
11,116,84,12
7,11,12,1770
84,7,1770,461
12,84,461,15
1770,12,15,119
461,1770,119,272
15,461,272,31
119,15,31,55
272,119,55,64
31,272,64,752
55,31,752,91
64,55,91,22
752,64,22,3146
91,752,3146,643
22,91,643,2502
3146,22,2502,4
643,3146,4,1328
2502,643,1328,64
4,2502,64,537
1328,4,537,6083
64,1328,6083,3
537,64,3,19184
6083,537,19184,7508
3,6083,7508,7
19184,3,7,84
7508,19184,84,794
7,7508,794,9
84,7,9,22
794,84,22,290
9,794,290,11
22,9,11,72
290,22,72,1315
11,290,1315,3
72,11,3,12116
1315,72,12116,10051
3,1315,10051,173
12116,3,173,2781
10051,12116,2781,10
173,10051,10,351
2781,173,351,15
10,2781,15,8023
351,10,8023,5
15,351,5,22
8023,15,22,419
5,8023,419,6854
22,5,6854,1701
419,22,1701,4285
6854,419,4285,459
1701,6854,459,22
4285,1701,22,10051
459,4285,10051,422
22,459,422,898
10051,22,898,22
422,10051,22,573
898,422,573,4
22,898,4,6141
573,22,6141,83
4,573,83,2
6141,4,2,11
83,6141,11,13
2,83,13,47
11,2,47,2397
13,11,2397,3
47,13,3,25
2397,47,25,6
3,2397,6,4285
25,3,4285,100
6,25,100,3278
4285,6,3278,839
100,4285,839,10
3278,100,10,7
839,3278,7,2
10,839,2,2083
7,10,2083,8
2,7,8,34
2083,2,34,17
8,2083,17,4742
34,8,4742,52
17,34,52,10
4742,17,10,971
52,4742,971,308
10,52,308,29
971,10,29,7508
308,971,7508,137
29,308,137,10
7508,29,10,541
137,7508,541,11
10,137,11,3082
541,10,3082,10051
11,541,10051,173
3082,11,173,15
10051,3082,15,22
173,10051,22,274
15,173,274,435
22,15,435,3
274,22,3,124
435,274,124,10
3,435,10,351
124,3,351,24
10,124,24,22
351,10,22,5243
24,351,5243,2771
22,24,2771,173
5243,22,173,642
2771,5243,642,1483
173,2771,1483,79
642,173,79,22
1483,642,22,4179
79,1483,4179,35445
22,79,35445,682
4179,22,682,23
35445,4179,23,4
682,35445,4,5291
23,682,5291,8
4,23,8,96
5291,4,96,10
8,5291,10,1523
96,8,1523,9
10,96,9,4285
1523,10,4285,3
9,1523,3,1711
4285,9,1711,10
3,4285,10,56
1711,3,56,7508
10,1711,7508,1940
56,10,1940,4285
7508,56,4285,19
1940,7508,19,6293
4285,1940,6293,15
19,4285,15,22
6293,19,22,361
15,6293,361,101
22,15,101,435
361,22,435,4
101,361,4,2208
435,101,2208,89
4,435,89,3
2208,4,3,585
89,2208,585,6
3,89,6,4
585,3,4,740
6,585,740,3
4,6,3,16503
740,4,16503,89
3,740,89,4285
16503,3,4285,1151
89,16503,1151,4
4285,89,4,15
1151,4285,15,248
4,1151,248,5
15,4,5,103
248,15,103,201
5,248,201,435
103,5,435,7
201,103,7,37
435,201,37,3
7,435,3,972
37,7,972,361
3,37,361,59
972,3,59,42
361,972,42,5
59,361,5,7508
42,59,7508,471
5,42,471,154
7508,5,154,993
471,7508,993,1303
154,471,1303,11
993,154,11,1711
1303,993,1711,19184
11,1303,19184,56
1711,11,56,5
19184,1711,5,1784
56,19184,1784,435
5,56,435,4
1784,5,4,4672
435,1784,4672,10
4,435,10,79
4672,4,79,4285
10,4672,4285,210
79,10,210,1172
4285,79,1172,1151
210,4285,1151,7508
