2892,143,103513,2
4,2892,2,503
103513,4,503,226
2,103513,226,12
503,2,12,3907
226,503,3907,2358
12,226,2358,13
3907,12,13,533
2358,3907,533,88
13,2358,88,46
533,13,46,516
88,533,516,54
46,88,54,5618
516,46,5618,16
54,516,16,2916
5618,54,2916,3
16,5618,3,77591
2916,16,77591,179
3,2916,179,7
77591,3,7,42
179,77591,42,19
7,179,19,11021
42,7,11021,937
19,42,937,979
11021,19,979,4
937,11021,4,10902
979,937,10902,151
4,979,151,211
10902,4,211,1102
151,10902,1102,24
211,151,24,1543
1102,211,1543,216
24,1102,216,5
1543,24,5,1860
216,1543,1860,214
5,216,214,279
1860,5,279,216
214,1860,216,35
279,214,35,216
216,279,216,266
35,216,266,5
216,35,5,802
266,216,802,5
5,266,5,1617
802,5,1617,582
5,802,582,5
1617,5,5,808
582,1617,808,4
5,582,4,266
808,5,266,5
4,808,5,437
266,4,437,5
5,266,5,150
437,5,150,24867
5,437,24867,979
150,5,979,91
24867,150,91,593
979,24867,593,625
91,979,625,4
593,91,4,57
625,593,57,294
4,625,294,3
57,4,3,1024
294,57,1024,52
3,294,52,218
1024,3,218,3817
52,1024,3817,5
218,52,5,5618
3817,218,5618,469
5,3817,469,1310
5618,5,1310,3
469,5618,3,789
1310,469,789,102
3,1310,102,2
789,3,2,2320
102,789,2320,851
2,102,851,447
2320,2,447,3
851,2320,3,214
447,851,214,5
3,447,5,143
214,3,143,35
5,214,35,1543
143,5,1543,433
35,143,433,22048
1543,35,22048,252
433,1543,252,403
22048,433,403,3
252,22048,3,2749
403,252,2749,4480
3,403,4480,48
2749,3,48,5618
4480,2749,5618,19
48,4480,19,20
5618,48,20,848
19,5618,848,4
20,19,4,3
848,20,3,1024
4,848,1024,52
3,4,52,98
1024,3,98,41
52,1024,41,16
98,52,16,2916
41,98,2916,9
16,41,9,2398
1021,6076,9200,163
2768,1021,163,119
9200,2768,119,545
163,9200,545,3
119,163,3,2709
545,119,2709,8979
3,545,8979,6
2709,3,6,3308
8979,2709,3308,3
6,8979,3,155
3308,6,155,3
3,3308,3,674
155,3,674,1547
3,155,1547,109
674,3,109,1011
1547,674,1011,259
109,1547,259,10
1011,109,10,14
259,1011,14,241
10,259,241,404
14,10,404,8
241,14,8,1030
404,241,1030,5
8,404,5,545
1030,8,545,676
5,1030,676,4
545,5,4,38
676,545,38,1042
4,676,1042,9
38,4,9,645
1042,38,645,1106
9,1042,1106,905
645,9,905,1982
1106,645,1982,152
905,1106,152,1676
1982,905,1676,122
152,1982,122,76
1676,152,76,5
122,1676,5,8
76,122,8,8804
5,76,8804,313
8,5,313,3
8804,8,3,18
313,8804,18,210
3,313,210,83
18,3,83,2104
210,18,2104,23
83,210,23,393
2104,83,393,5
23,2104,5,731
393,23,731,6076
5,393,6076,477
731,5,477,3
6076,731,3,17
477,6076,17,2
3,477,2,571
17,3,571,2
2,17,2,367
571,2,367,74
2,571,74,1180
367,2,1180,6076
74,367,6076,545
1180,74,545,695
6076,1180,695,2
545,6076,2,15679
695,545,15679,676
2,695,676,2768
15679,2,2768,8
676,15679,8,26
2768,676,26,17
8,2768,17,398
26,8,398,1385
17,26,1385,905
398,17,905,12
1385,398,12,2884
905,1385,2884,46
12,905,46,4
2884,12,4,80
46,2884,80,365
4,46,365,3
80,4,3,1885
365,80,1885,2377
3,365,2377,45
1885,3,45,292
2377,1885,292,3518
45,2377,3518,12
292,45,12,1897
3518,292,1897,5
12,3518,5,38
1897,12,38,359
1338,4002,10,14
390,1338,14,64
10,390,64,58
14,10,58,185
64,14,185,1601
58,64,1601,1732
185,58,1732,37
1601,185,37,1849
1732,1601,1849,5
37,1732,5,38
1849,37,38,435
5,1849,435,36
38,5,36,146
435,38,146,61
36,435,61,10841
146,36,10841,6359
61,146,6359,29
10841,61,29,78
6359,10841,78,32
29,6359,32,4
78,29,4,494
32,78,494,145
4,32,145,50
494,4,50,990
145,494,990,9
50,145,9,297
990,50,297,540
9,990,540,83866
297,9,83866,2545
540,297,2545,88898
83866,540,88898,168
2545,83866,168,2
88898,2545,2,32
168,88898,32,12850
2,168,12850,39
32,2,39,167
12850,32,167,12
39,12850,12,145
167,39,145,74
12,167,74,22
145,12,22,941
74,145,941,3
22,74,3,4329
941,22,4329,4422
3,941,4422,4
4329,3,4,145
4422,4329,145,4356
4,4422,4356,32
145,4,32,2
4356,145,2,2
32,4356,2,94
2,32,94,2285
2,2,2285,56
94,2,56,5
2285,94,5,444
56,2285,444,401
5,56,401,813
444,5,813,53954
401,444,53954,14
813,401,14,68
53954,813,68,330
14,53954,330,2
68,14,2,94
330,68,94,1615
2,330,1615,31118
94,2,31118,372
1615,94,372,105
31118,1615,105,838
372,31118,838,5
105,372,5,1675
838,105,1675,211
5,838,211,4253
1675,5,4253,1137
211,1675,1137,537
4253,211,537,1018
1137,4253,1018,4
537,1137,4,512
1018,537,512,200
4,1018,200,168
512,4,168,1265
200,512,1265,28480
168,200,28480,185
1265,168,185,324
28480,1265,324,103
185,28480,103,44
324,185,44,126
103,324,126,1338
44,103,1338,289
126,44,289,2
1338,126,2,531
289,1338,531,930
2,289,930,5
531,2,5,229
930,531,229,145
5,930,145,55
229,5,55,1899
145,229,1899,22
55,145,22,922
1899,55,922,3
22,1899,3,2
922,22,2,2100
3,922,2100,4
2,3,4,41
2100,2,41,2449
4,2100,2449,1606
41,4,1606,4
2449,41,4,14
1606,2449,14,1877
4,1606,1877,19
14,4,19,594
1877,14,594,5
19,1877,5,114
594,19,114,6
5,594,6,20
114,5,20,312
6,114,312,8
20,6,8,7
312,20,7,165
8,312,165,2655
7,8,2655,15
165,7,15,2
2655,165,2,538
15,2655,538,771
2,15,771,9
538,2,9,54
771,538,54,556
9,771,556,35
54,9,35,4
556,54,4,227
35,556,227,158
4,35,158,336
227,4,336,51517
158,227,51517,16
336,158,16,566
51517,336,566,6968
16,51517,6968,24
566,16,24,540
6968,566,540,35117
24,6968,35117,1564
540,24,1564,4704
35117,540,4704,63864
1564,35117,63864,14157
4704,1564,14157,4
63864,4704,4,21909
14157,63864,21909,22
4,14157,22,107
21909,4,107,168
22,21909,168,24204
107,22,24204,2420
168,107,2420,79
24204,168,79,22
2420,24204,22,941
79,2420,941,3
22,79,3,4329
941,22,4329,940
3,941,940,4422
4329,3,4422,8
940,4329,8,705
4422,940,705,14
8,4422,14,177
705,8,177,5
14,705,5,2
177,14,2,2100
5,177,2100,2262
2,5,2262,5
2100,2,5,554
2262,2100,554,940
5,2262,940,2
554,5,2,173
940,554,173,145
2,940,145,14
173,2,14,86
145,173,86,196
14,145,196,1681
86,14,1681,3
196,86,3,96
1681,196,96,19
3,1681,19,254
96,3,254,52
19,96,52,33
254,19,33,16
52,254,16,631
33,52,631,37
16,33,37,444
631,16,444,401
37,631,401,4422
444,37,4422,120
401,444,120,76
4422,401,76,5
120,4422,5,112
76,120,112,542
5,76,542,1748
112,5,1748,515
542,112,515,46
1748,542,46,4
515,1748,4,140
46,515,140,32
4,46,32,28
140,4,28,52
32,140,52,33
28,32,33,415
52,28,415,110
33,52,110,3
415,33,3,358
110,415,358,468
3,110,468,668
358,3,668,100138
468,358,100138,8137
668,468,8137,102
100138,668,102,4422
8137,100138,4422,254
102,8137,254,8
4422,102,8,11
254,4422,11,516
8,254,516,3
11,8,3,329
516,11,329,1143
3,516,1143,586
329,3,586,5729
1143,329,5729,56
586,1143,56,444
5729,586,444,401
56,5729,401,10
444,56,10,121
401,444,121,17
10,401,17,311
121,10,311,674
17,121,674,59
311,17,59,32
674,311,32,630
59,674,630,3
32,59,3,24878
630,32,24878,45215
3,630,45215,7
24878,3,7,2749
45215,24878,2749,33
7,45215,33,2548
2749,7,2548,18
33,2749,18,112
2548,33,112,484
18,2548,484,11
112,18,11,4261
484,112,4261,822
11,484,822,22
4261,11,22,2545
822,4261,2545,15
22,822,15,32
2545,22,32,285
15,2545,285,394
32,15,394,254
285,32,254,55
394,285,55,7
254,394,7,2749
55,254,2749,982
7,55,982,48
2749,7,48,10383
982,2749,10383,917
48,982,917,1740
10383,48,1740,2
917,10383,2,39
1740,917,39,446
2,1740,446,5
39,2,5,3997
446,39,3997,15
5,446,15,15110
3997,5,15110,1669
15,3997,1669,5
15110,15,5,127
1669,15110,127,69
5,1669,69,29
127,5,29,10
69,127,10,14
29,69,14,68
10,29,68,2
14,10,2,5327
68,14,5327,317
2,68,317,395
5327,2,395,89
317,5327,89,1173
395,317,1173,1497
89,395,1497,17427
1173,89,17427,36
1497,1173,36,6625
17427,1497,6625,5
36,17427,5,2
6625,36,2,94
5,6625,94,31
2,5,31,77
94,2,77,247
31,94,247,99
77,31,99,1434
247,77,1434,18767
99,247,18767,24
1434,99,24,2
18767,1434,2,94
24,18767,94,31
2,24,31,2229
94,2,2229,237
31,94,237,6313
2229,31,6313,37
237,2229,37,208
6313,237,208,438
37,6313,438,2
208,37,2,1322
438,208,1322,2
2,438,2,145
1322,2,145,230
2,1322,230,319
145,2,319,38
230,145,38,1794
319,230,1794,1065
38,319,1065,12
1794,38,12,841
1065,1794,841,5
12,1065,5,188
841,12,188,29
5,841,29,23
188,5,23,60
29,188,60,540
23,29,540,330
60,23,330,10
540,60,10,1492
330,540,1492,4
10,330,4,4636
1492,10,4636,89346
4,1492,89346,32
4636,4,32,14
89346,4636,14,331
32,89346,331,37
14,32,37,7308
331,14,7308,11
37,331,11,1371
7308,37,1371,79
11,7308,79,2
1371,11,2,5274
79,1371,5274,661
2,79,661,8
5274,2,8,726
661,5274,726,18051
8,661,18051,3
726,8,3,18509
18051,726,18509,35
3,18051,35,92
18509,3,92,4
35,18509,4,41
92,35,41,49
4,92,49,1932
41,4,1932,368
49,41,368,53
1932,49,53,40
368,1932,40,17
53,368,17,90
40,53,90,236
17,40,236,120
90,17,120,10
236,90,10,40
120,236,40,17
10,120,17,3010
40,10,3010,203
17,40,203,24734
3010,17,24734,13
203,3010,13,2
24734,203,2,136
13,24734,136,8252
2,13,8252,661
136,2,661,64
8252,136,64,11
661,8252,11,28
64,661,28,11
11,64,11,115
28,11,115,144
11,28,144,10
115,11,10,4
144,115,4,11
10,144,11,28
4,10,28,11
11,4,11,115
28,11,115,299
11,28,299,37
115,11,37,48
299,115,48,135
37,299,135,498
48,37,498,31
135,48,31,144
498,135,144,20070
31,498,20070,6
144,31,6,2
20070,144,2,16263
6,20070,16263,7
2,6,7,841
16263,2,841,175
7,16263,175,81
841,7,81,11
175,841,11,13
81,175,13,5274
11,81,5274,423
13,11,423,8
5274,13,8,234
423,5274,234,23
8,423,23,3578
234,8,3578,5
23,234,5,737
3578,23,737,409
5,3578,409,133
737,5,133,11
409,737,11,68
133,409,68,17205
11,133,17205,1471
68,11,1471,5
17205,68,5,5566
1471,17205,5566,5
5,1471,5,92
5566,5,92,4
5,5566,4,1733
92,5,1733,3
4,92,3,319
1733,4,319,49
3,1733,49,423
319,3,423,474
49,319,474,95
423,49,95,1194
474,423,1194,177
95,474,177,5
1194,95,5,51
177,1194,51,11
5,177,11,251
51,5,251,49
11,51,49,1445
251,11,1445,66836
49,251,66836,13
1445,49,13,6411
66836,1445,6411,423
13,66836,423,8
6411,13,8,123
423,6411,123,2
8,423,2,234
123,8,234,23
2,123,23,22
234,2,22,2023
23,234,2023,8
22,23,8,162
2023,22,162,655
8,2023,655,5274
162,8,5274,36
655,162,36,64
5274,655,64,84823
36,5274,84823,183
64,36,183,841
84823,64,841,822
183,84823,822,61
841,183,61,59
822,841,59,103
61,822,103,8414
59,61,8414,79
103,59,79,4002
8414,103,4002,538
79,8414,538,771
4002,79,771,23
538,4002,23,185
771,538,185,87244
23,771,87244,273
185,23,273,317
87244,185,317,12
273,87244,12,695
317,273,695,49
12,317,49,83666
695,12,83666,300
49,695,300,23
83666,49,23,185
300,83666,185,7495
23,300,7495,14
185,23,14,42
7495,185,42,11
14,7495,11,6286
42,14,6286,9
11,42,9,205
6286,11,205,2251
9,6286,2251,10
205,9,10,14
2251,205,14,13785
10,2251,13785,29
14,10,29,11
13785,14,11,30
29,13785,30,9
11,29,9,10
30,11,10,540
9,30,540,330
10,9,330,254
540,10,254,11
330,540,11,596
254,330,596,15
11,254,15,145
596,11,145,6
15,596,6,254
145,15,254,1338
6,145,1338,636
254,6,636,1987
1338,254,1987,4833
636,1338,4833,147
1987,636,147,3
4833,1987,3,155
147,4833,155,7
3,147,7,596
155,3,596,498
7,155,498,121
596,7,121,2615
498,596,2615,36
121,498,36,17
2615,121,17,3456
36,2615,3456,11
17,36,11,26955
3456,17,26955,148
11,3456,148,33
26955,11,33,25
148,26955,25,7
33,148,7,44
25,33,44,45
7,25,45,16
44,7,16,21
45,44,21,1721
16,45,1721,2
21,16,2,538
1721,21,538,200
2,1721,200,9
538,2,9,5374
200,538,5374,538
9,200,538,4
5374,9,4,8
538,5374,8,7
4,538,7,20691
8,4,20691,11
7,8,11,13477
20691,7,13477,11
11,20691,11,16401
13477,11,16401,4
11,13477,4,167
16401,11,167,8
4,16401,8,145
167,4,145,7
8,167,7,313
145,8,313,1080
7,145,1080,9
313,7,9,110
1080,313,110,23
9,1080,23,1384
110,9,1384,387
23,110,387,9
1384,23,9,2594
387,1384,2594,4329
9,387,4329,50062
2594,9,50062,246
4329,2594,246,14
50062,4329,14,53
246,50062,53,4
14,246,4,13
53,14,13,3
4,53,3,17
13,4,17,307
3,13,307,6
17,3,6,316
307,17,316,3
6,307,3,888
316,6,888,4329
3,316,4329,940
888,3,940,4
4329,888,4,169
940,4329,169,262
4,940,262,4
169,4,4,3
262,169,3,870
4,262,870,11420
3,4,11420,32
870,3,32,28
11420,870,28,7
32,11420,7,106
28,32,106,3
7,28,3,888
106,7,888,4329
3,106,4329,940
888,3,940,11
4329,888,11,106
940,4329,106,102
11,940,102,246
106,11,246,8
102,106,8,448
246,102,448,61
8,246,61,2355
448,8,2355,4329
61,448,4329,940
2355,61,940,7
4329,2355,7,113
940,4329,113,8
7,940,8,7
113,7,7,2
8,113,2,1049
7,8,1049,273
2,7,273,72134
1049,2,72134,11
273,1049,11,9128
72134,273,9128,198
11,72134,198,2
9128,11,2,590
198,9128,590,5
2,198,5,35
590,2,35,120
5,590,120,11
35,5,11,113
120,35,113,8
11,120,8,106
113,11,106,34
8,113,34,1671
106,8,1671,47587
34,106,47587,2273
1671,34,2273,1020
47587,1671,1020,8
2273,47587,8,4329
1020,2273,4329,940
8,1020,940,14
4329,8,14,203
940,4329,203,4
14,940,4,8
203,14,8,311
4,203,311,674
8,4,674,5
311,8,5,20
674,311,20,35
5,674,35,4
20,5,4,742
35,20,742,4
4,35,4,1316
742,4,1316,4
4,742,4,2047
1316,4,2047,4
4,1316,4,1267
2047,4,1267,4
4,2047,4,2255
1267,4,2255,4
4,1267,4,57
2255,4,57,236
4,2255,236,6
57,4,6,5904
236,57,5904,50
6,236,50,1451
5904,6,1451,7
50,5904,7,113
1451,50,113,10
7,1451,10,14
113,7,14,101
10,113,101,335
14,10,335,3
101,14,3,7043
335,101,7043,51
3,335,51,3162
7043,3,3162,71
51,7043,71,331
3162,51,331,43
71,3162,43,3
331,71,3,25
43,331,25,11
3,43,11,28
25,3,28,33
11,25,33,50
28,11,50,536
33,28,536,9
50,33,9,2355
536,50,2355,4329
9,536,4329,940
2355,9,940,36
4329,2355,36,102
940,4329,102,10
36,940,10,7
102,36,7,106
10,102,106,3
7,10,3,888
106,7,888,4329
3,106,4329,940
888,3,940,4
4329,888,4,7
940,4329,7,569
4,940,569,131
7,4,131,2837
569,7,2837,8
131,569,8,7
2837,131,7,9057
8,2837,9057,1072
7,8,1072,14
9057,7,14,42
1072,9057,42,59
14,1072,59,32
42,14,32,1658
59,42,1658,4329
32,59,4329,4422
1658,32,4422,1198
4329,1658,1198,1263
4422,4329,1263,49121
1198,4422,49121,86509
1263,1198,86509,6186
49121,1263,6186,13941
86509,49121,13941,5
6186,86509,5,8
13941,6186,8,864
5,13941,864,6
8,5,6,308
864,8,308,5
6,864,5,43
308,6,43,4329
5,308,4329,37757
43,5,37757,11
4329,43,11,13
37757,4329,13,22
11,37757,22,16492
13,11,16492,532
22,13,532,3677
16492,22,3677,2104
532,16492,2104,12
3677,532,12,338
2104,3677,338,152
12,2104,152,59
338,12,59,11
152,338,11,819
59,152,819,3
11,59,3,835
819,11,835,8
3,819,8,220
835,3,220,45
8,835,45,1627
220,8,1627,61
45,220,61,1237
1627,45,1237,4
61,1627,4,6
1237,61,6,15955
4,1237,15955,4
6,4,4,119
15955,6,119,45
4,15955,45,25
119,4,25,21
45,119,21,2
25,45,2,994
21,25,994,63863
2,21,63863,87
994,2,87,11
63863,994,11,47
87,63863,47,331
11,87,331,37
47,11,37,22
331,47,22,1217
37,331,1217,3813
22,37,3813,30783
1217,22,30783,33
3813,1217,33,415
30783,3813,415,119
33,30783,119,33
415,33,33,25
119,415,25,116
33,119,116,51
25,33,51,10
116,25,10,73
51,116,73,3
10,51,3,17
73,10,17,852
3,73,852,6
17,3,6,2
852,17,2,15955
6,852,15955,33
2,6,33,25
15955,2,25,116
33,15955,116,51
25,33,51,10
116,25,10,73
51,116,73,3
10,51,3,17
73,10,17,1237
3,73,1237,145
17,3,145,11522
1237,17,11522,145
145,1237,145,20
11522,145,20,7
145,11522,7,813
20,145,813,567
7,20,567,1451
813,7,1451,22
567,813,22,69
1451,567,69,32
22,1451,32,4264
69,22,4264,89
32,69,89,56
4264,32,56,409
89,4264,409,413
56,89,413,223
409,56,223,1842
413,409,1842,4
223,413,4,145
1842,223,145,396
4,1842,396,8724
145,4,8724,49
396,145,49,377
8724,396,377,25
49,8724,25,285
377,49,285,6
25,377,6,273
285,25,273,6938
6,285,6938,31314
273,6,31314,647
6938,273,647,289
31314,6938,289,34
