42,37,45,210
169,42,210,6
45,169,6,794
210,45,794,4
6,210,4,24
794,6,24,9549
4,794,9549,566
24,4,566,169
9549,24,169,1092
566,9549,1092,50
169,566,50,5969
1092,169,5969,4
50,1092,4,90
5969,50,90,50
4,5969,50,146
90,4,146,32892
50,90,32892,19
146,50,19,22278
32892,146,22278,2
19,32892,2,2341
22278,19,2341,24
2,22278,24,124
2341,2,124,8
24,2341,8,4318
124,24,4318,12185
8,124,12185,9
4318,8,9,41
12185,4318,41,65
9,12185,65,103
41,9,103,568
65,41,568,3889
103,65,3889,794
568,103,794,448
3889,568,448,6
794,3889,6,4
448,794,4,133
6,448,133,99
4,6,99,25504
133,4,25504,85
99,133,85,50
25504,99,50,621
85,25504,621,6
50,85,6,22984
621,50,22984,2011
6,621,2011,8
22984,6,8,15220
2011,22984,15220,13
8,2011,13,901
15220,8,901,210
13,15220,210,660
901,13,660,65
210,901,65,57
660,210,57,677
65,660,677,46013
57,65,46013,573
677,57,573,5
46013,677,5,717
573,46013,717,1565
5,573,1565,4
717,5,4,2368
1565,717,2368,23
4,1565,23,22984
2368,4,22984,2011
23,2368,2011,8
22984,23,8,2
2011,22984,2,763
8,2011,763,13
2,8,13,1407
763,2,1407,53
13,763,53,14
1407,13,14,4
53,1407,4,443
14,53,443,692
4,14,692,5
443,4,5,83569
692,443,83569,255
5,692,255,1013
83569,5,1013,3
255,83569,3,57
1013,255,57,717
3,1013,717,1131
57,3,1131,22984
717,57,22984,606
1131,717,606,35
22984,1131,35,8
606,22984,8,580
35,606,580,15
8,35,15,10064
580,8,10064,999
15,580,999,156
10064,15,156,2
999,10064,2,3365
156,999,3365,121
2,156,121,21
3365,2,21,17
121,3365,17,398
21,121,398,717
17,21,717,3597
398,17,3597,8
717,398,8,53
3597,717,53,7
8,3597,7,4
53,8,4,443
7,53,443,692
4,7,692,29
443,4,29,1449
692,443,1449,5
29,692,5,692
1449,29,692,3
5,1449,3,1449
692,5,1449,5
3,692,5,685
1449,3,685,7
5,1449,7,165
685,5,165,178
7,685,178,3
165,7,3,17
178,165,17,344
3,178,344,6
17,3,6,20
344,17,20,450
6,344,450,13677
20,6,13677,52
450,20,52,10
13677,450,10,7
52,13677,7,7212
10,52,7212,3
7,10,3,101
7212,7,101,45
3,7212,45,22984
101,3,22984,606
45,101,606,35
22984,45,35,1744
606,22984,1744,121
35,606,121,17
1744,35,17,2440
121,1744,2440,5
17,121,5,104
2440,17,104,443
5,2440,443,692
104,5,692,15
443,104,15,15220
692,443,15220,4
15,692,4,121
15220,15,121,26
4,15220,26,247
121,4,247,1471
26,121,1471,5
247,26,5,98
1471,247,98,5
5,1471,5,95
98,5,95,1468
5,98,1468,2
95,5,2,160
1468,95,160,6
2,1468,6,3326
160,2,3326,2
6,160,2,160
3326,6,160,6
2,3326,6,3426
160,2,3426,46
6,160,46,140
3426,6,140,26
46,3426,26,16
140,46,16,2803
26,140,2803,3
16,26,3,1019
2803,16,1019,1765
3,2803,1765,2
1019,3,2,1395
1765,1019,1395,4
2,1765,4,172
1395,2,172,470
4,1395,470,10
172,4,10,1081
470,172,1081,2235
10,470,2235,1539
1081,10,1539,15220
2235,1081,15220,3403
1539,2235,3403,579
15220,1539,579,25
3403,15220,25,21
579,3403,21,123
25,579,123,15220
21,25,15220,52
123,21,52,1744
15220,123,1744,18
52,15220,18,36
1744,52,36,18
18,1744,18,1274
36,18,1274,576
18,36,576,4
1274,18,4,27057
576,1274,27057,3
4,576,3,39000
27057,4,39000,36
3,27057,36,98
39000,3,98,5
36,39000,5,57
98,36,57,4584
5,98,4584,5
57,5,5,20
4584,57,20,2394
5,4584,2394,36
20,5,36,3
2394,20,3,707
36,2394,707,2394
3,36,2394,156
707,3,156,2
2394,707,2,93237
156,2394,93237,36
2,156,36,93236
93237,2,93236,3365
36,93237,3365,486
93236,36,486,37
3365,93236,37,1863
486,3365,1863,4
37,486,4,61118
1863,37,61118,5473
4,1863,5473,98
61118,4,98,57
5473,61118,57,1698
98,5473,1698,255
57,98,255,211
1698,57,211,2680
255,1698,2680,3347
211,255,3347,14923
2680,211,14923,36
3347,2680,36,17497
14923,3347,17497,1444
36,14923,1444,2605
17497,36,2605,15
1444,17497,15,738
2605,1444,738,1540
15,2605,1540,7163
738,15,7163,36
1540,738,36,34743
7163,1540,34743,2622
36,7163,2622,6732
34743,36,6732,255
2622,34743,255,27460
6732,2622,27460,7174
255,6732,7174,2
27460,255,2,7155
7174,27460,7155,5
2,7174,5,22355
7155,2,22355,8
5,7155,8,1894
22355,5,1894,1576
8,22355,1576,4
1894,8,4,8463
1576,1894,8463,1259
4,1576,1259,4
8463,4,4,9522
1259,8463,9522,46
4,1259,46,15220
9522,4,15220,132
46,9522,132,434
15220,46,434,718
132,15220,718,1698
434,132,1698,255
718,434,255,6
1698,718,6,76
255,1698,76,45
6,255,45,468
76,6,468,112
45,76,112,1395
468,45,1395,1019
112,468,1019,52
1395,112,52,33
1019,1395,33,576
52,1019,576,98
33,52,98,5
576,33,5,579
98,576,579,122
5,98,122,470
579,5,470,15220
122,579,15220,9838
470,122,9838,486
1180,74,8818,175
2,1180,175,258
8818,2,258,970
175,8818,970,7271
258,175,7271,2533
970,258,2533,23
7271,970,23,2
2533,7271,2,1760
23,2533,1760,6
2,23,6,5285
1760,2,5285,598
6,1760,598,274
5285,6,274,23
598,5285,23,275
274,598,275,1610
23,274,1610,2533
275,23,2533,232
1610,275,232,550
2533,1610,550,4
232,2533,4,57
550,232,57,12101
4,550,12101,15
57,4,15,6103
12101,57,6103,4
15,12101,4,7100
6103,15,7100,107021
4,6103,107021,14
7100,4,14,2
107021,7100,2,1002
14,107021,1002,2938
2,14,2938,3306
1002,2,3306,39
2938,1002,39,249
3306,2938,249,60
39,3306,60,425
249,39,425,8
60,249,8,141
425,60,141,772
8,425,772,333
141,8,333,228
772,141,228,10
333,772,10,1375
228,333,1375,581
10,228,581,6
1375,10,6,5285
581,1375,5285,418
6,581,418,170
5285,6,170,3258
418,5285,3258,12
170,418,12,2832
3258,170,2832,17860
12,3258,17860,3599
2832,12,3599,6
17860,2832,6,8
3599,17860,8,274
6,3599,274,45
8,6,45,35050
274,8,35050,52
45,274,52,33
35050,45,33,663
52,35050,663,338
33,52,338,152
663,33,152,1110
338,663,1110,231
152,338,231,1146
1110,152,1146,33
231,1110,33,2548
1146,231,2548,137
33,1146,137,271
2548,33,271,6
137,2548,6,1345
271,137,1345,3
6,271,3,5037
1345,6,5037,2346
3,1345,2346,9673
5037,3,9673,4
2346,5037,4,7344
9673,2346,7344,9
4,9673,9,944
7344,4,944,53
9,7344,53,2545
944,9,2545,4
53,944,4,837
2545,53,837,74
4,2545,74,62
837,4,62,5285
74,837,5285,8818
62,74,8818,650
5285,62,650,5779
8818,5285,5779,477
650,8818,477,3
5779,650,3,17
477,5779,17,1165
3,477,1165,119
17,3,119,7
1165,17,7,118
119,1165,118,1732
7,119,1732,37
118,7,37,46
1732,118,46,4
37,1732,4,1885
46,37,1885,62
4,46,62,8
1885,4,8,1514
62,1885,1514,15
8,62,15,1203
1514,8,1203,4
15,1514,4,2805
1203,15,2805,5
4,1203,5,512
2805,4,512,59
5,2805,59,45
512,5,45,646
59,512,646,16
45,59,16,51499
646,45,51499,31
16,646,31,16
51499,16,16,501
31,51499,501,51
16,31,51,721
501,16,721,6
51,501,6,5285
721,51,5285,3
6,721,3,483
5285,6,483,1110
3,5285,1110,37
483,3,37,5045
1110,483,5045,4
37,1110,4,152
5045,37,152,3532
4,5045,3532,102
152,4,102,220
3532,152,220,45
102,3532,45,16
220,102,16,5003
45,220,5003,37
16,45,37,7821
5003,16,7821,5
37,5003,5,20
7821,37,20,1180
5,7821,1180,152
20,5,152,1203
1180,20,1203,26
152,1180,26,415
1203,152,415,254
26,1203,254,271
415,26,271,2
254,415,2,334
271,254,334,382
2,271,382,8
334,2,8,19
382,334,19,118
8,382,118,1049
19,8,1049,2435
118,19,2435,4
1049,118,4,3806
2435,1049,3806,3
4,2435,3,209
3806,4,209,20
3,3806,20,1203
209,3,1203,2891
20,209,2891,9601
1203,20,9601,5
2891,1203,5,1200
9601,2891,1200,4
5,9601,4,1312
1200,5,1312,8
4,1200,8,18
1312,4,18,47
8,1312,47,2792
18,8,2792,6
47,18,6,57
2792,47,57,1430
6,2792,1430,59
57,6,59,908
1430,57,908,618
59,1430,618,16
908,59,16,51478
618,908,51478,994
16,618,994,33
51478,16,33,2548
994,51478,2548,137
33,994,137,2
2548,33,2,182
137,2548,182,5
2,137,5,13511
182,2,13511,37
5,182,37,43647
13511,5,43647,512
37,13511,512,4
43647,37,4,43647
512,43647,43647,43354
4,512,43354,87
43647,4,87,12564
43354,43647,12564,74
87,43354,74,33645
12564,87,33645,581
74,12564,581,7
33645,74,7,66342
581,33645,66342,677
7,581,677,46
66342,7,46,613
677,66342,613,2
46,677,2,4
613,46,4,740
2,613,740,3
4,2,3,5421
740,4,5421,744
3,740,744,12
5421,3,12,422
744,5421,422,2812
12,744,2812,1030
422,12,1030,5
2812,422,5,22774
1030,2812,22774,439
5,1030,439,5
22774,5,5,220
439,22774,220,45
5,439,45,10
220,5,10,945
45,220,945,6685
10,45,6685,12
945,10,12,8
6685,945,8,2532
12,6685,2532,12
8,12,12,33645
2532,8,33645,512
12,2532,512,6
33645,12,6,411
512,33645,411,3
6,512,3,1187
411,6,1187,5
3,411,5,141
1187,3,141,772
5,1187,772,1031
141,5,1031,115
772,141,115,96
1031,772,96,448
115,1031,448,29
96,115,29,3151
448,96,3151,5
29,448,5,98
3151,29,98,707
5,3151,707,5917
98,5,5917,6
707,98,6,187
5917,707,187,6
6,5917,6,54
187,6,54,2519
6,187,2519,618
54,6,618,16
2519,54,16,119
618,2519,119,7
16,618,7,2
119,16,2,3860
7,119,3860,5
2,7,5,62
3860,2,62,354
5,3860,354,5
62,5,5,37837
354,62,37837,512
5,354,512,7
37837,5,7,462
512,37837,462,2951
7,512,2951,46
462,7,46,4
2951,462,4,5664
46,2951,5664,46
4,46,46,855
5664,4,855,61
46,5664,61,59
855,46,59,220
61,855,220,45
59,61,45,16
220,59,16,73999
45,220,73999,368
16,45,368,5
73999,16,5,2805
368,73999,2805,8
5,368,8,5037
2805,5,5037,6
8,2805,6,152
5037,8,152,1203
6,5037,1203,4
152,6,4,2805
1203,152,2805,2274
4,1203,2274,581
2805,4,581,2359
2274,2805,2359,220
581,2274,220,45
2359,581,45,13
220,2359,13,3
45,220,3,25
13,45,25,15
3,13,15,220
25,3,220,1769
15,25,1769,88520
220,15,88520,4
1769,220,4,2134
88520,1769,2134,16
4,88520,16,4312
2134,4,4312,9
16,2134,9,7442
4312,16,7442,9
9,4312,9,255
7442,9,255,6
9,7442,6,1842
255,9,1842,1320
6,255,1320,46
1842,6,46,613
1320,1842,613,64449
46,1320,64449,46
613,46,46,3
64449,613,3,920
46,64449,920,359
3,46,359,5
920,3,5,581
359,920,581,8
5,359,8,59
581,5,59,10
8,581,10,505
59,8,505,6
10,59,6,2
505,10,2,119
6,505,119,543
2,6,543,7
119,2,7,2154
543,119,2154,2
7,543,2,4
2154,7,4,3279
2,2154,3279,512
4,2,512,2919
3279,4,2919,4
512,3279,4,3259
2919,512,3259,5
4,2919,5,4
3259,4,4,478
5,3259,478,1217
4,5,1217,151
478,4,151,107
1217,478,107,5
151,1217,5,78152
107,151,78152,4
5,107,4,2134
78152,5,2134,16
4,78152,16,4312
2134,4,4312,9
16,2134,9,7442
4312,16,7442,9
9,4312,9,255
7442,9,255,6
9,7442,6,1842
255,9,1842,21522
6,255,21522,896
1842,6,896,3151
21522,1842,3151,231
896,21522,231,5285
3151,896,5285,1146
231,3151,1146,5
5285,231,5,1312
1146,5285,1312,5
5,1146,5,1151
1312,5,1151,4
5,1312,4,9233
1151,5,9233,474
4,1151,474,119
9233,4,119,907
474,9233,907,4
119,474,4,1320
907,119,1320,7
4,907,7,2
1320,4,2,4447
7,1320,4447,3860
2,7,3860,5
4447,2,5,15494
3860,4447,15494,206
5,3860,206,16
15494,5,16,26
206,15494,26,643
16,206,643,61
26,16,61,38
643,26,38,83
61,643,83,2114
38,61,2114,194
83,38,194,6
2114,83,6,8
194,2114,8,128
6,194,128,1475
8,6,1475,7
128,8,7,2
1475,128,2,15661
7,1475,15661,1664
2,7,1664,3
15661,2,3,2
1664,15661,2,677
3,1664,677,2630
2,3,2630,1188
677,2,1188,75
2630,677,75,2012
1188,2630,2012,2127
75,1188,2127,8
2012,75,8,1219
2127,2012,1219,439
8,2127,439,5
1219,8,5,5691
439,1219,5691,1810
5,439,1810,4
5691,5,4,4088
1810,5691,4088,2040
4,1810,2040,5
4088,4,5,1165
2040,4088,1165,1929
5,2040,1929,676
1165,5,676,6
1929,1165,6,2033
676,1929,2033,2255
6,676,2255,2274
2033,6,2274,176
2255,2033,176,643
2274,2255,643,5
176,2274,5,969
643,176,969,1513
5,643,1513,10
969,5,10,190
1513,969,190,368
10,1513,368,5
190,10,5,1144
368,190,1144,8
5,368,8,12994
1144,5,12994,3994
8,1144,3994,6
12994,8,6,1334
3994,12994,1334,4
6,3994,4,338
1334,6,338,152
4,1334,152,2805
338,4,2805,8
152,338,8,3528
2805,152,3528,5285
8,2805,5285,70661
3528,8,70661,68
5285,3528,68,485
70661,5285,485,45
68,70661,45,17217
485,68,17217,8
45,485,8,629
17217,45,629,523
8,17217,523,4
629,8,4,2922
523,629,2922,18
4,523,18,1138
2922,4,1138,15429
18,2922,15429,24
1138,18,24,791
15429,1138,791,10475
24,15429,10475,2533
791,24,2533,232
10475,791,232,4601
2533,10475,4601,53
232,2533,53,47
4601,232,47,2528
53,4601,2528,8418
47,53,8418,231
2528,47,231,18814
8418,2528,18814,91
231,8418,91,5
18814,231,5,8
91,18814,8,461
5,91,461,367
8,5,367,170
461,8,170,10
367,461,10,14
170,367,14,2792
10,170,2792,102
14,10,102,6514
2792,14,6514,220
102,2792,220,4139
6514,102,4139,10724
220,6514,10724,1656
4139,220,1656,31
10724,4139,31,14
1656,10724,14,489
31,1656,489,19
14,31,19,575
489,14,575,10436
19,489,10436,6
575,19,6,139
10436,575,139,324
6,10436,324,61
139,6,61,285
324,139,285,41
61,324,41,644
285,61,644,59
41,285,59,2012
644,41,2012,1600
59,644,1600,7376
2012,59,7376,12272
1600,2012,12272,91
7376,1600,91,10
12272,7376,10,3
91,12272,3,607
10,91,607,534
3,10,534,45
607,3,45,31
534,607,31,1748
45,534,1748,1767
31,45,1767,59
1748,31,59,4038
1767,1748,4038,5691
59,1767,5691,1810
4038,59,1810,439
5691,4038,439,209
1810,5691,209,8
439,1810,8,10475
209,439,10475,2533
8,209,2533,232
10475,8,232,908
2533,10475,908,6
232,2533,6,20
908,232,20,187
6,908,187,18
20,6,18,47
187,20,47,12637
18,187,12637,15
47,18,15,20
12637,47,20,3879
15,12637,3879,7
20,15,7,4
3879,20,4,20030
7,3879,20030,3860
4,7,3860,5
20030,4,5,10
3860,20030,10,1217
5,3860,1217,20890
10,5,20890,4
1217,10,4,107
20890,1217,107,10
4,20890,10,7
107,4,7,25
10,107,25,1529
7,10,1529,4
25,7,4,5365
1529,25,5365,2792
4,1529,2792,102
5365,4,102,220
2792,5365,220,45
102,2792,45,536
220,102,536,2
45,220,2,4
536,45,4,7323
2,536,7323,825
4,2,825,357
7323,4,357,5
825,7323,5,87
357,825,87,5
5,357,5,11229
87,5,11229,5045
5,87,5045,37
11229,5,37,237
5045,11229,237,4
37,5045,4,58623
237,37,58623,245
4,237,245,610
58623,4,610,8941
245,58623,8941,74
610,245,74,1200
8941,610,1200,4
74,8941,4,1312
1200,74,1312,2274
4,1200,2274,51
1312,4,51,721
2274,1312,721,6
51,2274,6,5285
721,51,5285,33
6,721,33,18
5285,6,18,3
33,5285,3,1062
18,33,1062,8
3,18,8,53
1062,3,53,41
8,1062,41,110
53,8,110,12
41,53,12,164
110,41,164,65
12,110,65,72
164,12,72,2545
65,164,2545,15
72,65,15,181
2545,72,181,2789
15,2545,2789,39
181,15,39,2922
2789,181,2922,4
39,2789,4,672
2922,39,672,93814
4,2922,93814,5
672,4,5,20
93814,672,20,7
5,93814,7,3502
20,5,3502,4
7,20,4,5120
3502,7,5120,19
4,3502,19,1457
5120,4,1457,594
19,5120,594,37
1457,19,37,107
594,1457,107,183
37,594,183,1217
107,37,1217,3532
183,107,3532,8
1217,183,8,2131
3532,1217,2131,841
8,3532,841,6
2131,8,6,1203
841,2131,1203,4
6,841,4,1110
1203,6,1110,671
4,1203,671,56
1110,4,56,6
671,1110,6,280
56,671,280,290
6,56,290,6
280,6,6,183
290,280,183,107
6,290,107,2048
183,6,2048,628
107,183,628,4
2048,107,4,863
628,2048,863,3699
4,628,3699,59
863,4,59,220
3699,863,220,45
59,3699,45,16
220,59,16,646
45,220,646,176
16,45,176,46
646,16,46,714
176,646,714,15532
46,176,15532,46
714,46,46,2243
15532,714,2243,220
46,15532,220,45
2243,46,45,5664
220,2243,5664,90
45,220,90,60
5664,45,60,104
90,5664,104,3532
60,90,3532,18
104,60,18,2460
3532,104,2460,34660
18,3532,34660,206
2460,18,206,76
34660,2460,76,2048
206,34660,2048,5
76,206,5,5285
2048,76,5285,3306
5,2048,3306,18
5285,5,18,533
3306,5285,533,383
18,3306,383,5
533,18,5,209
383,533,209,8
5,383,8,2533
209,5,2533,232
8,209,232,6
2533,8,6,8382
232,2533,8382,50
6,232,50,15725
8382,6,15725,36
50,8382,36,489
15725,50,489,19
36,15725,19,176
489,36,176,379
19,489,379,31
176,19,31,1480
379,176,1480,81
31,379,81,4
1480,31,4,340
81,1480,340,939
4,81,939,3
340,4,3,17
939,340,17,2154
3,939,2154,15
17,3,15,2
2154,17,2,856
15,2154,856,446
2,15,446,5
856,2,5,55445
446,856,55445,1799
5,446,1799,23
55445,5,23,2268
1799,55445,2268,7570
23,1799,7570,4
2268,23,4,3349
7570,2268,3349,7926
4,7570,7926,833
3349,4,833,56
7926,3349,56,1620
833,7926,1620,951
56,833,951,4
1620,56,4,3008
951,1620,3008,122
4,951,122,26
3008,4,26,1427
122,3008,1427,9
26,122,9,2076
1427,26,2076,3
9,1427,3,428
2076,9,428,81
3,2076,81,64
428,3,64,691
81,428,691,6
64,81,6,513
691,64,513,6984
6,691,6984,9
513,6,9,81
6984,513,81,72
9,6984,72,10
81,9,10,12
72,81,12,4822
10,72,4822,4
12,10,4,1427
