1513,24,8,14
10134,1513,14,541
8,10134,541,2055
14,8,2055,23
541,14,23,19569
2055,541,19569,8
23,2055,8,40
19569,23,40,96
8,19569,96,10
40,8,10,2
96,40,2,668
10,96,668,182
2,10,182,2018
668,2,2018,65
182,668,65,43286
2018,182,43286,486
65,2018,486,354
43286,65,354,7
486,43286,7,1513
354,486,1513,10134
7,354,10134,230
1513,7,230,18
10134,1513,18,2
230,10134,2,182
18,230,182,5
2,18,5,1973
182,2,1973,1201
5,182,1201,12
1973,5,12,81
1201,1973,81,65
12,1201,65,2173
81,12,2173,883
65,81,883,4
2173,65,4,1276
883,2173,1276,1473
4,883,1473,30
1276,4,30,18
1473,1276,18,4
30,1473,4,478
18,30,478,2367
4,18,2367,213
478,4,213,601
2367,478,601,5
213,2367,5,1973
601,213,1973,2172
5,601,2172,73
1973,5,73,8
2172,1973,8,30
73,2172,30,68
8,73,68,18
30,8,18,23
68,30,23,275
18,68,275,1276
23,18,1276,2192
275,23,2192,8
1276,275,8,5742
2192,1276,5742,1165
8,2192,1165,5
5742,8,5,7451
1165,5742,7451,4
5,1165,4,24728
7451,5,24728,194
4,7451,194,7
24728,4,7,120
194,24728,120,7
7,194,7,48
120,7,48,5
7,120,5,95
48,7,95,1973
5,48,1973,1201
95,5,1201,2172
1973,95,2172,12008
1201,1973,12008,5
2172,1201,5,39656
12008,2172,39656,853
5,12008,853,154
39656,5,154,24
853,39656,24,8
154,853,8,7
24,154,7,2
8,24,2,194
7,8,194,8
2,7,8,88
194,2,88,8555
8,194,8555,1100
88,8,1100,25
8555,88,25,21
1100,8555,21,18
25,1100,18,2
21,25,2,201
18,21,201,661
2,18,661,321
201,2,321,108412
661,201,108412,5725
321,661,5725,186
108412,321,186,65
5725,108412,65,103
186,5725,103,1465
65,186,1465,79
103,65,79,463
1465,103,463,4
79,1465,4,6718
463,79,6718,5
4,463,5,739
6718,4,739,4077
5,6718,4077,12
739,5,12,274
4077,739,274,4
12,4077,4,101
274,12,101,210
4,274,210,5
101,4,5,3291
210,101,3291,7
5,210,7,91
3291,5,91,3
7,3291,3,113
91,7,113,5
3,91,5,2
113,3,2,4984
5,113,4984,2
2,5,2,2
4984,2,2,503
2,4984,503,3406
2,2,3406,5611
503,2,5611,84
3406,503,84,7
5611,3406,7,113
84,5611,113,5
7,84,5,20
113,7,20,11794
5,113,11794,615
20,5,615,6277
11794,20,6277,82764
615,11794,82764,31
6277,615,31,14160
82764,6277,14160,56
31,82764,56,20
14160,31,20,123
56,14160,123,24
20,56,24,1419
123,20,1419,276
24,123,276,3
1419,24,3,180
276,1419,180,5900
3,276,5900,327
180,3,327,17
5900,180,17,131
327,5900,131,4189
17,327,4189,852
131,17,852,6
4189,131,6,8
852,4189,8,108
6,852,108,174
8,6,174,1079
108,8,1079,811
174,108,811,6208
1079,174,6208,9929
811,1079,9929,9190
6208,811,9190,5774
9929,6208,5774,24
9190,9929,24,11594
5774,9190,11594,401
24,5774,401,7890
11594,24,7890,727
401,11594,727,130
7890,401,130,300
727,7890,300,93
130,727,93,2995
300,130,2995,36
93,300,36,12831
2995,93,12831,2862
36,2995,2862,53
12831,36,53,7
2862,12831,7,334
53,2862,334,3
7,53,3,64
334,7,64,574
3,334,574,5
64,3,5,381
574,64,381,6
5,574,6,652
381,5,652,7318
6,381,7318,57
652,6,57,426
7318,652,426,16
57,7318,16,778
426,57,778,5
16,426,5,361
778,16,361,1855
5,778,1855,876
361,5,876,25
1855,361,25,26
876,1855,26,219
25,876,219,377
26,25,377,15
219,26,15,1236
377,219,1236,51
15,377,51,13
1236,15,13,260
51,1236,260,47
13,51,47,42
260,13,42,3
47,260,3,1334
42,47,1334,1879
3,42,1879,306
1334,3,306,72
1879,1334,72,306
306,1879,306,1728
72,306,1728,6231
306,72,6231,95
1728,306,95,31
6231,1728,31,1178
95,6231,1178,8
31,95,8,86
1178,31,86,42
8,1178,42,2050
86,8,2050,7
42,86,7,3945
2050,42,3945,4
7,2050,4,8
3945,7,8,48
4,3945,48,3619
8,4,3619,7250
48,8,7250,121
3619,48,121,17
7250,3619,17,11920
121,7250,11920,19
17,121,19,4532
11920,17,4532,16
19,11920,16,1375
4532,19,1375,4984
16,4532,4984,5
1375,16,5,48
4984,1375,48,64
5,4984,64,323
48,5,323,51
64,48,51,2809
323,64,2809,26
51,323,26,514
2809,51,514,61
26,2809,61,3
514,26,3,3006
61,514,3006,38
3,61,38,297
3006,3,297,157
38,3006,157,14
297,38,14,3293
157,297,3293,12
14,157,12,354
3293,14,354,5
12,3293,5,574
354,12,574,4
5,354,4,2691
574,5,2691,574
4,574,574,5
2691,4,5,381
574,2691,381,4
5,574,4,354
381,5,354,98
4,381,98,31
354,4,31,40
98,354,40,1153
31,98,1153,3
40,31,3,6608
1153,40,6608,8
3,1153,8,574
6608,3,574,16
8,6608,16,2
574,8,2,5232
16,574,5232,12
2,16,12,105
5232,2,105,616
12,5232,616,5
105,12,5,20
616,105,20,133
5,616,133,4
20,5,4,2
133,20,2,156
4,133,156,121
2,4,121,17
156,2,17,13695
121,156,13695,329
17,121,329,38
13695,17,38,1537
329,13695,1537,218
38,329,218,3
1537,38,3,1798
218,1537,1798,36512
3,218,36512,4
1798,3,4,9627
36512,1798,9627,40
4,36512,40,17
9627,4,17,2043
40,9627,2043,5
17,40,5,156
2043,17,156,45
5,2043,45,29
156,5,29,26
45,156,26,18
29,45,18,64
26,29,64,236
18,26,236,6
64,18,6,2
236,64,2,1519
6,236,1519,361
2,6,361,133
1519,2,133,6739
361,1519,6739,16233
133,361,16233,811
6739,133,811,52456
16233,6739,52456,30
811,16233,30,18
52456,811,18,47
30,52456,47,1222
18,30,1222,45
47,18,45,20
1222,47,20,9
45,1222,9,66
20,45,66,2
9,20,2,30
66,9,30,18
2,66,18,838
30,2,838,104
18,30,104,4984
838,18,4984,9
104,838,9,41
4984,104,41,65
9,4984,65,2
41,9,2,568
65,41,568,45
2,65,45,72
568,2,72,900
45,568,900,3
72,45,3,178
900,72,178,10
3,900,10,2
178,3,2,32226
10,178,32226,580
2,10,580,1569
32226,2,1569,130
580,32226,130,12342
1569,580,12342,167
130,1569,167,12
12342,130,12,2637
167,12342,2637,23
12,167,23,969
2637,12,969,57
23,2637,57,2471
969,23,2471,777
57,969,777,116
2471,57,116,8
777,2471,8,7
116,777,7,178
8,116,178,261
7,8,261,2
178,7,2,967
261,178,967,11
2,261,11,7
967,2,7,2
11,967,2,720
7,11,720,7049
2,7,7049,15966
720,2,15966,406
7049,720,406,64
15966,7049,64,42
406,15966,42,55
64,406,55,599
42,64,599,209
55,42,209,8
599,55,8,969
209,599,969,735
8,209,735,4
969,8,4,12647
735,969,12647,1097
4,735,1097,1734
12647,4,1734,11
1097,12647,11,115
1734,1097,115,59
11,1734,59,322
115,11,322,15
59,115,15,1128
322,59,1128,5
15,322,5,561
1128,15,561,4
5,1128,4,209
561,5,209,1520
4,561,1520,26
209,4,26,16
1520,209,16,1332
26,1520,1332,550
16,26,550,36
1332,16,36,18
550,1332,18,4
36,550,4,1022
18,36,1022,11
4,18,11,230
1022,4,230,18
11,1022,18,161
230,11,161,2428
18,230,2428,10313
161,18,10313,7
2428,161,7,25
10313,2428,25,113
7,10313,113,2637
25,7,2637,7
113,25,7,2
2637,113,2,7049
7,2637,7049,406
2,7,406,7
7049,2,7,113
406,7049,113,11
7,406,11,72
113,7,72,4
11,113,4,1758
72,11,1758,272
4,72,272,31
1758,4,31,488
272,1758,488,8
31,272,8,11
488,31,11,2985
8,488,2985,271
11,8,271,29
2985,11,29,8
271,2985,8,72
29,271,72,130
8,29,130,737
72,8,737,596
130,72,596,174
737,130,174,84
596,737,84,980
174,596,980,3219
84,174,3219,132
980,84,132,340
3219,980,340,17
132,3219,17,2
340,132,2,4984
17,340,4984,2637
2,17,2637,23
4984,2,23,275
2637,4984,275,1731
23,2637,1731,74884
275,23,74884,24
1731,275,24,22
74884,1731,22,31172
24,74884,31172,4
22,24,4,55881
31172,22,55881,7250
4,31172,7250,54
55881,4,54,16
7250,55881,16,72991
54,7250,72991,19
16,54,19,209
72991,16,209,46
19,72991,46,321
209,19,321,980
46,209,980,3219
321,46,3219,4
980,321,4,2
3219,980,2,281
4,3219,281,57
2,4,57,16
281,2,16,445
57,281,445,424
16,57,424,3
445,16,3,5077
424,445,5077,24
3,424,24,1597
5077,3,1597,4
24,5077,4,484
1597,24,484,98
4,1597,98,4582
484,4,4582,4829
98,484,4829,6
4582,98,6,300
4829,4582,300,1898
6,4829,1898,79
300,6,79,2
1898,300,2,320
79,1898,320,791
2,79,791,4
320,2,4,41672
791,320,41672,1582
4,791,1582,162
41672,4,162,1012
1582,41672,1012,22
162,1582,22,131
1012,162,131,320
22,1012,320,14
131,22,14,584
320,131,584,2331
14,320,2331,3
584,14,3,5077
2331,584,5077,24
3,2331,24,463
5077,3,463,825
24,5077,825,190
463,24,190,1745
825,463,1745,7
190,825,7,137
1745,190,137,24
7,1745,24,76
137,7,76,164
24,137,164,2524
76,24,2524,7
164,76,7,8
2524,164,8,52
7,2524,52,580
8,7,580,1526
52,8,1526,98
580,52,98,1175
1526,580,1175,36
98,1526,36,155
1175,98,155,36
36,1175,36,72
155,36,72,2673
36,155,2673,2
72,36,2,259
2673,72,259,15
2,2673,15,155
259,2,155,248
15,259,248,43242
155,15,43242,174
248,155,174,140
43242,248,140,4984
174,43242,4984,31
140,174,31,208
4984,140,208,259
31,4984,259,476
208,31,476,765
259,208,765,34
476,259,34,10672
765,476,10672,6
34,765,6,4
10672,34,4,483
6,10672,483,1996
4,6,1996,155
483,4,155,46
1996,483,46,7
155,1996,7,113
46,155,113,560
7,46,560,3026
113,7,3026,7
560,113,7,3
3026,560,3,484
7,3026,484,1110
3,7,1110,455
484,3,455,42
1110,484,42,5
455,1110,5,48812
42,455,48812,472
5,42,472,5
48812,5,5,1597
472,48812,1597,5
5,472,5,463
1597,5,463,174
5,1597,174,33
463,5,33,137
174,463,137,10
33,174,10,24
137,33,24,183
10,137,183,45
24,10,45,74
183,24,74,4
45,183,4,74
74,45,74,82
4,74,82,140
74,4,140,26
82,74,26,5364
140,82,5364,4
26,140,4,480
5364,26,480,39
4,5364,39,15
480,4,15,2
39,480,2,382
15,39,382,13227
2,15,13227,34
382,2,34,123
13227,382,123,38
34,13227,38,236
123,34,236,859
38,123,859,1679
236,38,1679,183
859,236,183,1228
1679,859,1228,29
183,1679,29,382
1228,183,382,320
29,1228,320,48
382,29,48,28
320,382,28,26
48,320,26,16
28,48,16,131
26,28,131,1566
16,26,1566,23
131,16,23,4709
1566,131,4709,52
23,1566,52,42
4709,23,42,599
52,4709,599,168
42,52,168,300
599,42,300,26
168,599,26,465
300,168,465,123
26,300,123,74
465,26,74,4
123,465,4,478
74,123,478,463
4,74,463,4
478,4,4,10
463,478,10,208
4,463,208,93
10,4,93,142
208,10,142,12
93,208,12,1597
142,93,1597,980
12,142,980,745
1597,12,745,628
980,1597,628,5
745,980,5,4984
628,745,4984,4
5,628,4,4640
4984,5,4640,61
4,4984,61,174
4640,4,174,321
61,4640,321,980
174,61,980,3219
321,174,3219,4
980,321,4,2
3219,980,2,281
4,3219,281,57
2,4,57,16
281,2,16,445
57,281,445,424
16,57,424,3
445,16,3,5077
424,445,5077,24
3,424,24,1597
5077,3,1597,4
24,5077,4,484
1597,24,484,98
4,1597,98,4582
484,4,4582,4829
98,484,4829,6
4582,98,6,300
4829,4582,300,1898
6,4829,1898,79
300,6,79,2
1898,300,2,320
79,1898,320,791
2,79,791,4
320,2,4,41672
791,320,41672,1582
4,791,1582,162
41672,4,162,1012
1582,41672,1012,174
162,1582,174,3956
1012,162,3956,8587
174,1012,8587,93
3956,174,93,2
8587,3956,2,5001
93,8587,5001,53
2,93,53,7
5001,2,7,64
53,5001,64,841
7,53,841,175
64,7,175,675
841,64,675,174
175,841,174,22
675,175,22,131
174,675,131,320
22,174,320,14
131,22,14,584
320,131,584,2331
14,320,2331,3
584,14,3,5077
2331,584,5077,24
3,2331,24,463
5077,3,463,825
24,5077,825,174
463,24,174,7
825,463,7,1386
174,825,1386,130
7,174,130,83
1386,7,83,320
130,1386,320,75431
83,130,75431,174
320,83,174,190
75431,320,190,1745
174,75431,1745,7
190,174,7,137
1745,190,137,24
7,1745,24,76
137,7,76,164
24,137,164,2524
76,24,2524,7
164,76,7,8
2524,164,8,52
7,2524,52,580
8,7,580,1526
52,8,1526,98
580,52,98,1175
1526,580,1175,36
98,1526,36,155
1175,98,155,36
36,1175,36,72
155,36,72,2673
36,155,2673,2
72,36,2,259
2673,72,259,15
2,2673,15,155
259,2,155,248
15,259,248,43242
155,15,43242,174
248,155,174,140
43242,248,140,4984
174,43242,4984,31
140,174,31,208
4984,140,208,259
31,4984,259,476
208,31,476,765
259,208,765,34
476,259,34,10672
765,476,10672,6
34,765,6,4
10672,34,4,483
6,10672,483,1996
4,6,1996,155
483,4,155,174
1996,483,174,36
155,1996,36,33
174,155,33,259
36,174,259,271
33,36,271,3053
259,33,3053,99995
271,259,99995,4
3053,271,4,93
99995,3053,93,7040
4,99995,7040,9
93,4,9,10
7040,93,10,21809
9,7040,21809,33
10,9,33,116
21809,10,116,2
33,21809,2,1751
116,33,1751,19
2,116,19,10
1751,2,10,3670
19,1751,3670,43308
10,19,43308,76
3670,10,76,1780
43308,3670,1780,123
76,43308,123,2739
1780,76,2739,6
123,1780,6,118
2739,123,118,1032
6,2739,1032,12149
118,6,12149,26
1032,118,26,219
12149,1032,219,25
26,12149,25,2486
219,26,2486,9
25,219,9,769
2486,25,769,8
9,2486,8,98
769,9,98,359
8,769,359,40
98,8,40,17
359,98,17,282
40,359,282,65
17,40,65,1216
282,17,1216,43308
65,282,43308,26
1216,65,26,25
43308,1216,25,10
26,43308,10,9
25,26,9,4733
10,25,4733,196
9,10,196,720
4733,9,720,1032
196,4733,1032,60
720,196,60,12149
1032,720,12149,209
60,1032,209,8992
12149,60,8992,524
209,12149,524,6
8992,209,6,107
524,8992,107,5
6,524,5,51
107,6,51,480
5,107,480,14
51,5,14,3
480,51,3,178
14,480,178,2333
3,14,2333,76258
178,3,76258,7
2333,178,7,113
76258,2333,113,2637
7,76258,2637,13
113,7,13,17030
2637,113,17030,5758
13,2637,5758,3347
17030,13,3347,32226
5758,17030,32226,969
3347,5758,969,7
32226,3347,7,340
969,32226,340,178
7,969,178,15966
340,7,15966,1195
178,340,1195,3
15966,178,3,123
1195,15966,123,74
3,1195,74,1236
123,3,1236,34
74,123,34,248
1236,74,248,157
34,1236,157,206
248,34,206,87
157,248,87,88
206,157,88,70
87,206,70,16
88,87,16,1487
70,88,1487,5973
16,70,5973,1332
1487,16,1332,550
5973,1487,550,7255
1332,5973,7255,31
550,1332,31,329
7255,550,329,3725
31,7255,3725,4557
329,31,4557,25
3725,329,25,38
4557,3725,38,1144
25,4557,1144,9
38,25,9,81
1144,38,81,26
9,1144,26,219
81,9,219,2422
26,81,2422,29748
219,26,29748,4
2422,219,4,16
29748,2422,16,4985
4,29748,4985,5
16,4,5,16254
4985,16,16254,118
5,4985,118,236
16254,5,236,231
118,16254,231,38
236,118,38,4209
231,236,4209,301
38,231,301,26
4209,38,26,16
301,4209,16,1236
26,301,1236,9602
16,26,9602,4
1236,16,4,123
9602,1236,123,351
4,9602,351,4
123,4,4,9602
351,123,9602,1729
4,351,1729,4
9602,4,4,24722
1729,9602,24722,34
4,1729,34,4099
24722,4,4099,1497
34,24722,1497,7528
4099,34,7528,10
1497,4099,10,230
7528,1497,230,72
10,7528,72,3978
230,10,3978,362
72,230,362,45
3978,72,45,24
362,3978,24,38
45,362,38,42778
24,45,42778,3
38,24,3,660
42778,38,660,3932
3,42778,3932,160
660,3,160,21809
3932,660,21809,62
160,3932,62,16
21809,160,16,33
62,21809,33,628
16,62,628,130
33,16,130,634
628,33,634,80590
130,628,80590,12492
634,130,12492,8686
80590,634,8686,35656
12492,80590,35656,25
8686,12492,25,1879
35656,8686,1879,51
25,35656,51,33
1879,25,33,219
51,1879,219,254
33,51,254,7
219,33,7,8
254,219,8,86
7,254,86,107
8,7,107,3
86,8,3,888
107,86,888,1236
3,107,1236,4
888,3,4,48
1236,888,48,8
4,1236,8,10
48,4,10,929
8,48,929,7
10,8,7,3
929,10,3,1546
7,929,1546,10
3,7,10,3233
1546,3,3233,14927
10,1546,14927,112
3233,10,112,1252
14927,3233,1252,664
112,14927,664,12
1252,112,12,101
664,1252,101,5
12,664,5,361
101,12,361,553
5,101,553,4
361,5,4,30
553,361,30,16
4,553,16,21
30,4,21,164
16,30,164,3
21,16,3,522
164,21,522,112
3,164,112,147
522,3,147,982
112,522,982,2502
147,112,2502,112
982,147,112,573
2502,982,573,6
112,2502,6,2
573,112,2,10181
6,573,10181,5
2,6,5,538
10181,2,538,4
5,10181,4,13363
538,5,13363,1570
4,538,1570,980
13363,4,980,745
1570,13363,745,33
980,1570,33,93
745,980,93,41
33,745,41,699
93,33,699,24
41,93,24,3725
699,41,3725,4557
24,699,4557,65
3725,24,65,24
4557,3725,24,955
65,4557,955,152
24,65,152,211
955,24,211,421
152,955,421,166
211,152,166,1808
421,211,1808,909
166,421,909,637
1808,166,637,4984
909,1808,4984,622
637,909,622,21809
4984,637,21809,39
622,4984,39,361
21809,622,361,381
39,21809,381,82
361,39,82,64
381,361,64,381
82,381,381,4413
64,82,4413,29
381,64,29,38
4413,381,38,83
29,4413,83,52
38,29,52,33
83,38,33,2167
52,83,2167,33
33,52,33,219
2167,33,219,3313
33,2167,3313,2
219,33,2,7316
3313,219,7316,4
2,3313,4,2
7316,2,2,89589
4,7316,89589,39
2,4,39,3036
89589,2,3036,82
39,89589,82,597
3036,39,597,1848
82,3036,1848,745
597,82,745,4
1848,597,4,119
745,1848,119,1873
4,745,1873,6
119,4,6,38
1873,119,38,39
6,1873,39,5062
38,6,5062,82
39,38,82,274
5062,39,274,904
