81,405,344,3
10,81,3,1062
344,10,1062,26
3,344,26,16
1062,3,16,11716
26,1062,11716,9
16,26,9,239
11716,16,239,1189
9,11716,1189,4
239,9,4,41
1189,239,41,6453
4,1189,6453,191
41,4,191,833
6453,41,833,56
191,6453,56,76
833,191,76,5
56,833,5,78
76,56,78,38684
5,76,38684,750
78,5,750,3
38684,78,3,9074
750,38684,9074,18217
3,750,18217,326
9074,3,326,5518
18217,9074,5518,164
326,18217,164,53
5518,326,53,2
164,5518,2,182
53,164,182,23
2,53,23,123
182,2,123,164
23,182,164,101
123,23,101,84
164,123,84,1726
101,164,1726,657
84,101,657,4
1726,84,4,204
657,1726,204,16
4,657,16,118
204,4,118,91
16,204,91,15
118,16,15,3028
91,118,3028,1370
15,91,1370,5
3028,15,5,502
1370,3028,502,32
5,1370,32,612
502,5,612,782
32,502,782,657
612,32,657,7
782,612,7,21
657,782,21,1960
7,657,1960,4
21,7,4,13
1960,21,13,22
4,1960,22,83
13,4,83,1682
22,13,1682,210
83,22,210,11
1682,83,11,1743
210,1682,1743,1036
11,210,1036,9
1743,11,9,867
1036,1743,867,22
9,1036,22,585
867,9,585,4
22,867,4,2704
585,22,2704,3
4,585,3,247
2704,4,247,190
3,2704,190,43
247,3,43,3351
190,247,3351,52
43,190,52,30
3351,43,30,16
52,3351,16,3
30,52,3,178
16,30,178,22
3,16,22,83
178,3,83,357
22,178,357,11
83,22,11,13
357,83,13,64
11,357,64,13329
13,11,13329,15
64,13,15,70
13329,64,70,36
15,13329,36,80
70,15,80,157
36,70,157,682
80,36,682,29
157,80,29,511
682,157,511,7880
29,682,7880,18369
511,29,18369,4
7880,511,4,7778
18369,7880,7778,1022
4,18369,1022,5
7778,4,5,6742
1022,7778,6742,406
5,1022,406,438
6742,5,438,1076
406,6742,1076,30
438,406,30,18
1076,438,18,2
30,1076,2,306
18,30,306,224
2,18,224,5
306,2,5,1036
224,306,1036,4
5,224,4,552
1036,5,552,9
4,1036,9,143
552,4,143,35
9,552,35,4
143,9,4,613
35,143,613,9
4,35,9,70
613,4,70,45
9,613,45,174
70,9,174,2427
45,70,2427,5
174,45,5,4874
2427,174,4874,19
5,2427,19,42
4874,5,42,226
19,4874,226,820
42,19,820,1746
226,42,1746,5
820,226,5,10
1746,820,10,614
5,1746,614,3
10,5,3,798
614,10,798,5
3,614,5,108
798,3,108,7
5,798,7,3460
108,5,3460,4
7,108,4,4088
3460,7,4088,9
4,3460,9,414
4088,4,414,815
9,4088,815,10
414,9,10,61
815,414,61,3
10,815,3,70
61,10,70,166
3,61,166,3
70,3,3,2695
166,70,2695,198
3,166,198,390
2695,3,390,32
198,2695,32,39
390,198,39,703
32,390,703,4
39,32,4,48
703,39,48,57
4,703,57,26571
48,4,26571,5567
57,48,5567,1545
26571,57,1545,4
5567,26571,4,93
1545,5567,93,1519
4,1545,1519,2440
93,4,2440,1726
1519,93,1726,657
2440,1519,657,7
1726,2440,7,2677
657,1726,2677,56
7,657,56,22
2677,7,22,435
56,2677,435,3
22,56,3,157
435,22,157,6
3,435,6,403
157,3,403,8
6,157,8,362
403,6,362,70
8,403,70,55
362,8,55,7651
70,362,7651,38
55,70,38,133
7651,55,133,4
38,7651,4,179
133,38,179,570
4,133,570,15
179,4,15,57
570,179,57,226
15,570,226,6
57,15,6,857
226,57,857,12
6,226,12,139
857,6,139,5
12,857,5,1726
139,12,1726,657
5,139,657,4
1726,5,4,204
657,1726,204,5567
4,657,5567,7
204,4,7,21
5567,204,21,72
7,5567,72,7953
21,7,7953,10
72,21,10,2862
7953,72,2862,2308
5,691,1700,6
105,5,6,43
1700,105,43,92
6,1700,92,13
43,6,13,47
92,43,47,11340
13,92,11340,19
47,13,19,2
11340,47,2,707
19,11340,707,1420
2,19,1420,5
707,2,5,961
1420,707,961,8551
5,1420,8551,175
961,5,175,45
8551,961,45,31
175,8551,31,144
45,175,144,382
31,45,382,675
144,31,675,29
382,144,29,62
675,382,62,18
29,675,18,104
62,29,104,82
18,62,82,465
104,18,465,19023
82,104,19023,82
465,82,82,20704
19023,465,20704,16678
82,19023,16678,501
20704,82,501,561
16678,20704,561,24
501,16678,24,103
561,501,103,1102
24,561,1102,1186
103,24,1186,5
1102,103,5,70
1186,1102,70,6
5,1186,6,4
70,5,4,3065
6,70,3065,651
4,6,651,2838
3065,4,2838,346
651,3065,346,8
2838,651,8,1177
346,2838,1177,2243
8,346,2243,356
1177,8,356,2
2243,1177,2,26
356,2243,26,40
2,356,40,2
26,2,2,2089
40,26,2089,7223
2,40,7223,15
2089,2,15,675
7223,2089,675,2197
15,7223,2197,6
675,15,6,461
2197,675,461,5
6,2197,5,201
461,6,201,4
5,461,4,1309
201,5,1309,15
4,201,15,2
1309,4,2,571
15,1309,571,3984
2,15,3984,3
571,2,3,192
3984,571,192,23
3,3984,23,98
192,3,98,577
23,192,577,465
98,23,465,679
577,98,679,5
465,577,5,188
679,465,188,1179
5,679,1179,11
188,5,11,68
1179,188,68,346
11,1179,346,8
68,11,8,21
346,68,21,86
8,346,86,16
21,8,16,95
86,21,95,8
16,86,8,384
95,16,384,356
8,95,356,2
384,8,2,2
356,384,2,7223
2,356,7223,88
2,2,88,1602
7223,2,1602,8270
88,7223,8270,26
1602,88,26,16
8270,1602,16,68
26,8270,68,88
16,26,88,3809
68,16,3809,19023
88,68,19023,4
3809,88,4,40523
19023,3809,40523,114
4,19023,114,20
40523,4,20,2674
114,40523,2674,5172
20,114,5172,7
2674,20,7,146
5172,2674,146,901
7,5172,901,19
146,7,19,2
901,146,2,3556
19,901,3556,5
2,19,5,2660
3556,2,2660,85
5,3556,85,4
2660,5,4,629
85,2660,629,31
4,85,31,606
629,4,606,1998
31,629,1998,4697
606,31,4697,5
1998,606,5,1177
4697,1998,1177,95995
5,4697,95995,16
1177,5,16,20101
95995,1177,20101,5306
16,95995,5306,37
20101,16,37,356
5306,20101,356,233
37,5306,233,7
356,37,7,41
233,356,41,3302
7,233,3302,65
41,7,65,367
3302,41,367,1293
65,3302,1293,1651
367,65,1651,1715
1293,367,1715,3
1651,1293,3,3436
1715,1651,3436,2
3,1715,2,41
3436,3,41,4050
2,3436,4050,5677
41,2,5677,1004
4050,41,1004,313
5677,4050,313,6191
1004,5677,6191,5
313,1004,5,658
6191,313,658,1816
5,6191,1816,12
658,5,12,80
1816,658,80,16530
12,1816,16530,139
80,12,139,1293
16530,80,1293,197
139,16530,197,13741
1293,139,13741,12
197,1293,12,3857
13741,197,3857,188
12,13741,188,255
3857,12,255,29
188,3857,29,4
255,188,4,3406
29,255,3406,699
4,29,699,5
3406,4,5,70
699,3406,70,356
5,699,356,270
70,5,270,7
356,70,7,8
270,356,8,932
7,270,932,553
8,7,553,196
932,8,196,6962
553,932,6962,4027
196,553,4027,629
6962,196,629,9
4027,6962,9,67
629,4027,67,105
9,629,105,255
67,9,255,261
105,67,261,4837
255,105,4837,38
261,255,38,564
4837,261,564,6
38,4837,6,6806
564,38,6806,8
6,564,8,5928
6806,6,5928,52
8,6806,52,67
5928,8,67,629
52,5928,629,16
67,52,16,3505
629,67,3505,4
16,629,4,102424
3505,16,102424,19023
4,3505,19023,26
102424,4,26,96
19023,102424,96,72
26,19023,72,17
96,26,17,5578
72,96,5578,114
17,72,114,31
5578,17,31,612
114,5578,612,42269
31,114,42269,7558
612,31,7558,11011
42269,612,11011,17192
7558,42269,17192,27960
11011,7558,27960,4
17192,11011,4,7
27960,17192,7,18
4,27960,18,47
7,4,47,8507
18,7,8507,1160
47,18,1160,5
8507,47,5,105
1160,8507,105,97
5,1160,97,6027
105,5,6027,6
97,105,6,157
6027,97,157,170
6,6027,170,105
157,6,105,1100
170,157,1100,231
105,170,231,8
1100,105,8,60
231,1100,60,608
8,231,608,8507
60,8,8507,2
608,60,2,961
8507,608,961,338
2,8507,338,2613
961,2,2613,175
338,961,175,932
2613,338,932,58
175,2613,58,4
932,175,4,162
58,932,162,80
4,58,80,6
162,4,6,16251
80,162,16251,1036
6,80,1036,73
16251,6,73,3997
1036,16251,3997,15
73,1036,15,42
3997,73,42,977
15,3997,977,11326
42,15,11326,480
977,42,480,5
11326,977,5,57
480,11326,57,97
5,480,97,51
57,5,51,7
97,57,7,10
51,97,10,37
7,51,37,675
10,7,675,30
37,10,30,4644
675,37,4644,8
30,675,8,77
4644,30,77,19626
8,4644,19626,156
77,8,156,1368
19626,77,1368,4540
156,19626,4540,175
1368,156,175,4123
4540,1368,4123,20506
175,4540,20506,43
4123,175,43,661
20506,4123,661,7
43,20506,7,6
661,43,6,62
7,661,62,45
6,7,45,6408
62,6,6408,38
45,62,38,448
6408,45,448,5
38,6408,5,3048
448,38,3048,48
5,448,48,5
3048,5,5,43
48,3048,43,16
5,48,16,4996
43,5,4996,3
16,43,3,6027
4996,16,6027,46
3,4996,46,150
6027,3,150,1217
46,6027,1217,665
150,46,665,391
1217,150,391,4
665,1217,4,80
391,665,80,675
4,391,675,46
80,4,46,8
675,80,8,1877
46,675,1877,31
8,46,31,30
1877,8,30,178
31,1877,178,30
30,31,30,16
178,30,16,4
30,178,4,62
16,30,62,30
4,16,30,2395
62,4,2395,108
30,62,108,73
2395,30,73,67
108,2395,67,1251
73,108,1251,90
67,73,90,70
1251,67,70,8256
90,1251,8256,97
70,90,97,7697
8256,70,7697,24
97,8256,24,38
7697,97,38,804
24,7697,804,90
38,24,90,5
804,38,5,43
90,804,43,1346
5,90,1346,8
43,5,8,30
1346,43,30,16
8,1346,16,162
30,8,162,36
16,30,36,58
162,16,58,241
36,162,241,126
58,36,126,30
241,58,30,1346
126,241,1346,8
30,126,8,95
1346,30,95,17253
8,1346,17253,242
95,8,242,8
17253,95,8,30
242,17253,30,121
8,242,121,17
30,8,17,521
121,30,521,36
17,121,36,222
521,17,222,8689
36,521,8689,36
222,36,36,4976
8689,222,4976,36
36,8689,36,9
4976,36,9,36
36,4976,36,102
9,36,102,338
36,9,338,2626
102,36,2626,10394
338,102,10394,39
2626,338,39,654
10394,2626,654,30
39,10394,30,744
654,39,744,12
30,654,12,932
744,30,932,1177
12,744,1177,46
932,12,46,4123
1177,932,4123,162
46,1177,162,4
4123,46,4,58
162,4123,58,46
4,162,46,4
58,4,4,38
46,58,38,1497
4,46,1497,9571
38,4,9571,105
1497,38,105,2252
9571,1497,2252,356
105,9571,356,6
2252,105,6,4
356,2252,4,7746
6,356,7746,3302
4,6,3302,1675
7746,4,1675,73
3302,7746,73,270
1675,3302,270,3440
73,1675,3440,9
270,73,9,553
3440,270,553,8
9,3440,8,675
553,9,675,16
8,553,16,21
675,8,21,72
16,675,72,5554
21,16,5554,29
72,21,29,14675
5554,72,14675,382
29,5554,382,6
14675,29,6,1252
382,14675,1252,4
6,382,4,31
1252,6,31,26
4,1252,26,950
31,4,950,4
26,31,4,67
950,26,67,2173
4,950,2173,85
67,4,85,1061
2173,67,1061,8
85,2173,8,67
1061,85,67,97
8,1061,97,504
67,8,504,445
97,67,445,13
504,97,13,190
445,504,190,868
13,445,868,15
190,13,15,57
868,190,57,504
15,868,504,5320
57,15,5320,30
504,57,30,62
5320,504,62,8
30,5320,8,20
62,30,20,392
8,62,392,4
20,8,4,1655
392,20,1655,120
4,392,120,90
1655,4,90,1177
120,1655,1177,2243
90,120,2243,356
1177,90,356,73
2243,1177,73,2
356,2243,2,2089
73,356,2089,7223
2,73,7223,5933
2089,2,5933,3
7223,2089,3,76042
5933,7223,76042,36
3,5933,36,102454
76042,3,102454,6
36,76042,6,645
102454,36,645,2089
6,102454,2089,1177
645,6,1177,15
2089,645,15,8
1177,2089,8,5645
15,1177,5645,384
8,15,384,356
5645,8,356,6
384,5645,6,4106
356,384,4106,36543
6,356,36543,461
4106,6,461,4
36543,4106,4,16
461,36543,16,2500
4,461,2500,3
16,4,3,2025
2500,16,2025,6
3,2500,6,356
2025,3,356,5491
6,2025,5491,19
356,6,19,2
5491,356,2,571
19,5491,571,478
2,19,478,3
571,2,3,192
478,571,192,23
3,478,23,98
192,3,98,57987
23,192,57987,1535
98,23,1535,103
57987,98,103,2998
1535,57987,2998,1102
103,1535,1102,1186
2998,103,1186,5
1102,2998,5,70
1186,1102,70,6
5,1186,6,4
70,5,4,126
6,70,126,12061
4,6,12061,1186
126,4,1186,30
12061,126,30,1535
1186,12061,1535,3276
30,1186,3276,407
1535,30,407,15
3276,1535,15,932
407,3276,932,1177
15,407,1177,3
932,15,3,282
1177,932,282,610
3,1177,610,5645
282,3,5645,8
610,282,8,67
5645,610,67,1186
8,5645,1186,40
67,8,40,453
1186,67,453,59
40,1186,59,30
453,40,30,331
59,453,331,51
30,59,51,2500
331,30,2500,81
51,331,81,3
2500,51,3,106
81,2500,106,90
3,81,90,1177
106,3,1177,2530
90,106,2530,7
1177,90,7,21
2530,1177,21,2629
7,2530,2629,8
21,7,8,2
2629,21,2,97
8,2629,97,327
2,8,327,192
97,2,192,4
327,97,4,85
192,327,85,3
4,192,3,1108
85,4,1108,188
3,85,188,472
1108,3,472,90
188,1108,90,1732
472,188,1732,37
90,472,37,592
1732,90,592,4
37,1732,4,188
592,37,188,117
4,592,117,2
188,4,2,52
117,188,52,26
2,117,26,50
52,2,50,9457
26,52,9457,36
50,26,36,3619
9457,50,3619,3984
36,9457,3984,2169
3619,36,2169,17
3984,3619,17,5147
2169,3984,5147,5
17,2169,5,3743
5147,17,3743,8
5,5147,8,932
3743,5,932,553
8,3743,553,113
932,8,113,6971
553,932,6971,37
113,553,37,90638
6971,113,90638,30
37,6971,30,331
90638,37,331,1177
30,90638,1177,37
331,30,37,38
1177,331,38,906
37,1177,906,3984
38,37,3984,1186
906,38,1186,822
3984,906,822,8
1186,3984,8,129
822,1186,129,5
8,822,5,1177
129,8,1177,596
5,129,596,8
1177,5,8,551
596,1177,551,817
8,596,817,85
551,8,85,7
817,551,7,41
85,817,41,344
7,85,344,3
41,7,3,81
344,41,81,65
3,344,65,188
81,3,188,36
65,81,36,1651
188,65,1651,934
36,188,934,72
1651,36,72,129
934,1651,129,596
72,934,596,8
129,72,8,188
596,129,188,7
8,596,7,2
188,8,2,41
7,188,41,344
2,7,344,20283
41,2,20283,9
344,41,9,81
20283,344,81,3
9,20283,3,2025
81,9,2025,6
3,81,6,356
2025,3,356,86
6,2025,86,129
356,6,129,734
86,356,734,161
129,86,161,62438
734,129,62438,129
161,734,129,5
62438,161,5,1177
129,62438,1177,596
5,129,596,8
1177,5,8,38
596,1177,38,675
8,596,675,121
38,8,121,91
675,38,91,98
121,675,98,1745
91,121,1745,1310
98,91,1310,3
1745,98,3,192
1310,1745,192,85
3,1310,85,4
192,3,4,139
85,192,139,185
4,85,185,59
139,4,59,95
185,139,95,31
59,185,31,596
95,59,596,15
31,95,15,20
596,31,20,384
15,596,384,50
20,15,50,331
384,20,331,51
50,384,51,1745
331,50,1745,26
51,331,26,13
1745,51,13,6
26,1745,6,634
13,26,634,88
6,13,88,677
634,6,677,42
88,634,42,26
677,88,26,1266
42,677,1266,50
26,42,50,114
1266,26,114,5459
50,1266,5459,4892
114,50,4892,36
5459,114,36,6792
4892,5459,6792,6
36,4892,6,85
6792,36,85,1677
6,6792,1677,581
85,6,581,4
1677,85,4,447
581,1677,447,2308
4,581,2308,520
447,4,520,167
2308,447,167,12
520,2308,12,895
167,520,895,21
12,167,21,1724
895,12,1724,57
21,895,57,97
1724,21,97,3
57,1724,3,628
97,57,628,4
3,97,4,501
628,3,501,4953
4,628,4953,3
501,4,3,5629
4953,501,5629,233
3,4953,233,162
5629,3,162,4
233,5629,4,58
162,233,58,50
4,162,50,2748
58,4,2748,253
50,58,253,3
2748,50,3,2334
253,2748,2334,20
3,253,20,73093
2334,3,73093,2630
20,2334,2630,37
73093,20,37,592
2630,73093,592,4
37,2630,4,24955
592,37,24955,50
4,592,50,88
24955,4,88,677
50,24955,677,223
88,50,223,1177
677,88,1177,31
223,677,31,88
1177,223,88,1680
31,1177,1680,2197
88,31,2197,2594
1680,88,2594,97
2197,1680,97,2
2594,2197,2,2
97,2594,2,970
2,97,970,104
2,2,104,88
970,2,88,2674
104,970,2674,1177
88,104,1177,68
2674,88,68,1188
1177,2674,1188,2933
68,1177,2933,5219
1188,68,5219,4
2933,1188,4,1832
5219,2933,1832,837
4,5219,837,23
1832,4,23,57
837,1832,57,97
23,837,97,4
57,23,4,13649
97,57,13649,104
4,97,104,183
13649,4,183,553
104,13649,553,50
183,104,50,68
553,183,68,88
50,553,88,1602
68,50,1602,8270
88,68,8270,59
1602,88,59,331
8270,1602,331,2
59,8270,2,5153
331,59,5153,5
2,331,5,1661
5153,2,1661,105
5,5153,105,1583
1661,5,1583,194
105,1661,194,1874
1583,105,1874,8
194,1583,8,67
1874,194,67,88
8,1874,88,2440
67,8,2440,553
88,67,553,16
2440,88,16,68
553,2440,68,88
16,553,88,3809
68,16,3809,19023
88,68,19023,4
3809,88,4,40523
19023,3809,40523,114
4,19023,114,104
40523,4,104,660
114,40523,660,50
104,114,50,68
660,104,68,679
50,660,679,5
68,50,5,1651
679,68,1651,36
5,679,36,139
1651,5,139,423
36,1651,423,54
139,36,54,242
423,139,242,8
54,423,8,370
242,54,370,2
8,242,2,1177
370,8,1177,2380
2,370,2380,2
1177,2,2,448
2380,1177,448,5
2,2380,5,571
448,2,571,22088
5,448,22088,7223
571,5,7223,10
22088,571,10,484
7223,22088,484,79
10,7223,79,2
484,10,2,2674
79,484,2674,2764
2,79,2764,15
2674,2,15,2
2764,2674,2,3521
15,2764,3521,290
2,15,290,5
3521,2,5,10
290,3521,10,30541
5,290,30541,53
10,5,53,7
30541,10,7,2
53,30541,2,856
7,53,856,1105
2,7,1105,5
856,2,5,114
1105,856,114,46
5,1105,46,9554
114,5,9554,21
46,114,21,48
9554,46,48,46
21,9554,46,9
48,21,9,894
46,48,894,356
9,46,356,7
894,9,7,2691
356,894,2691,37
7,356,37,151
2691,7,151,3960
37,2691,3960,4
