208,34,63,5
247,208,5,20
63,247,20,133
5,63,133,49
20,5,49,2326
133,20,2326,7
49,133,7,350
2326,49,350,8
7,2326,8,71
350,7,71,7
8,350,7,438
71,8,438,231
7,71,231,1017
438,7,1017,49
231,438,49,315
1017,231,315,3
49,1017,3,93
315,49,93,612
3,315,612,63
93,3,63,501
612,93,501,92
63,612,92,4186
501,63,4186,3
92,501,3,25
4186,92,25,25
3,4186,25,7
25,3,7,190
25,25,190,255
7,25,255,11
190,7,11,13
255,190,13,59
11,255,59,161
13,11,161,5
59,13,5,81
161,59,81,16
5,161,16,118
81,5,118,8328
16,81,8328,12
118,16,12,603
8328,118,603,163
12,8328,163,42
603,12,42,8
163,603,8,7
42,163,7,12
8,42,12,67
7,8,67,8451
12,7,8451,2
67,12,2,436
8451,67,436,8863
2,8451,8863,27
436,2,27,4586
8863,436,4586,49
27,8863,49,3581
4586,27,3581,37083
49,4586,37083,4
3581,49,4,20
37083,3581,20,72
4,37083,72,726
20,4,726,49
72,20,49,2326
726,72,2326,3
49,726,3,155
2326,49,155,15
3,2326,15,10
155,3,10,86
15,155,86,155
10,15,155,116
86,10,116,475
155,86,475,10
116,155,10,7
475,116,7,1096
10,475,1096,3
7,10,3,234
1096,7,234,73
3,1096,73,27
234,3,27,132
73,234,132,247
27,73,247,63
132,27,63,75
247,132,75,48
63,247,48,1140
75,63,1140,9129
48,75,9129,811
1140,48,811,371
9129,1140,371,27817
811,9129,27817,727
371,811,727,684
27817,371,684,77
727,27817,77,299
684,727,299,186
77,684,186,7
299,77,7,11
186,299,11,7
7,186,7,3581
11,7,3581,2
7,11,2,241
3581,7,241,2
2,3581,2,2626
241,2,2626,833
2,241,833,319
2626,2,319,541
833,2626,541,4205
319,833,4205,8696
541,319,8696,1663
4205,541,1663,4
8696,4205,4,942
1663,8696,942,3506
4,1663,3506,78
942,4,78,73
3506,942,73,48
78,3506,48,5
73,78,5,49
48,73,49,4136
5,48,4136,34
49,5,34,17
4136,49,17,2113
34,4136,2113,2
17,34,2,3351
2113,17,3351,9
2,2113,9,2266
3351,2,2266,4
9,3351,4,450
2266,9,450,698
4,2266,698,7
450,4,7,34
698,450,34,1857
7,698,1857,8
34,7,8,11
1857,34,11,7
8,1857,7,2
11,8,2,7121
7,11,7121,417
2,7,417,7898
7121,2,7898,9
417,7121,9,49
7898,417,49,30
9,7898,30,18
49,9,18,2
30,49,2,511
18,30,511,2386
2,18,2386,6953
511,2,6953,6
2386,511,6,20
6953,2386,20,133
6,6953,133,8
20,6,8,55
133,20,55,21
8,133,21,137
55,8,137,168
21,55,168,49
137,21,49,69
168,137,69,13049
49,168,13049,78
69,49,78,4
13049,69,4,200
78,13049,200,34
4,78,34,218
200,4,218,38
34,200,38,9395
218,34,9395,6
38,218,6,266
9395,38,266,10
6,9395,10,34
266,6,34,17
10,266,17,48
34,10,48,37
17,34,37,81
48,17,81,4
37,48,4,38
81,37,38,2819
4,81,2819,31
38,4,31,34
2819,38,34,251
31,2819,251,350
34,31,350,108
251,34,108,124
350,251,124,7
108,350,7,2
124,108,2,280
7,124,280,5554
2,7,5554,1307
280,2,1307,15
5554,280,15,20
1307,5554,20,14212
15,1307,14212,6
20,15,6,2702
14212,20,2702,266
6,14212,266,40
2702,6,40,2090
266,2702,2090,299
40,266,299,3
2090,40,3,19088
299,2090,19088,12
3,299,12,190
19088,3,190,1176
12,19088,1176,1488
190,12,1488,343
1176,190,343,707
1488,1176,707,52
343,1488,52,21
707,343,21,901
52,707,901,3
21,52,3,3
901,21,3,606
3,901,606,4
3,3,4,1022
606,3,1022,20
4,606,20,60
1022,4,60,30
20,1022,30,55
60,20,55,236
30,60,236,1176
55,30,1176,948
236,55,948,12
1176,236,12,604
948,1176,604,3
12,948,3,3585
604,12,3585,1252
3,604,1252,8
3585,3,8,30
1252,3585,30,147
8,1252,147,925
30,8,925,12
147,30,12,585
925,147,585,37026
12,925,37026,999
585,12,999,45
37026,585,45,3
999,37026,3,1205
45,999,1205,5155
3,45,5155,1278
1205,3,1278,999
5155,1205,999,81
1278,5155,81,3
999,1278,3,1205
81,999,1205,8
3,81,8,698
1205,3,698,16
8,1205,16,898
698,8,898,141
16,698,141,4
898,16,4,8
141,898,8,279
4,141,279,7
8,4,7,21
279,8,21,3813
7,279,3813,62
21,7,62,136
3813,21,136,41
62,3813,41,34
136,62,34,30
41,136,30,1205
34,41,1205,2096
30,34,2096,6740
1205,30,6740,7
2096,1205,7,40
6740,2096,40,17
7,6740,17,1681
40,7,1681,52
17,40,52,30
1681,17,30,72
52,1681,72,3101
30,52,3101,67
72,30,67,2101
3101,72,2101,2266
67,3101,2266,4
2101,67,4,6839
2266,2101,6839,141
4,2266,141,98035
6839,4,98035,415
141,6839,415,51
98035,141,51,7
415,98035,7,841
51,415,841,175
7,51,175,11352
841,7,11352,4
175,841,4,32
11352,175,32,11352
4,11352,11352,7425
32,4,7425,10
11352,32,10,8
7425,11352,8,1357
10,7425,1357,48
8,10,48,701
1357,8,701,213
48,1357,213,5
701,48,5,141
213,701,141,229
5,213,229,601
141,5,601,10464
229,141,10464,601
601,229,601,3631
10464,601,3631,36
601,10464,36,271
3631,601,271,6
36,3631,6,175
271,36,175,18
6,271,18,445
175,6,445,3524
18,175,3524,993
445,18,993,5584
3524,445,5584,5
993,3524,5,35383
5584,993,35383,36
5,5584,36,163
35383,5,163,3
36,35383,3,2661
163,36,2661,10
3,163,10,6
2661,3,6,3151
10,2661,3151,5
6,10,5,8037
3151,6,8037,11352
5,3151,11352,61184
8037,5,61184,22
11352,8037,22,297
61184,11352,297,61095
22,61184,61095,81
297,22,81,4
61095,297,4,7425
81,61095,7425,81
4,81,81,8
7425,4,8,11
81,7425,11,7425
8,81,7425,81
11,8,81,15
7425,11,15,3167
81,7425,3167,5
15,81,5,3811
3167,15,3811,7
5,3167,7,22
3811,5,22,6
7,3811,6,1514
22,7,1514,78
6,22,78,13
1514,6,13,21
78,1514,21,7425
13,78,7425,1183
21,13,1183,7
7425,21,7,11
1183,7425,11,2175
7,1183,2175,5
11,7,5,61183
2175,11,61183,5
5,2175,5,49
61183,5,49,297
5,61183,297,329
49,5,329,1074
297,49,1074,16811
329,297,16811,81
1074,329,81,36
16811,1074,36,80
81,16811,80,16811
36,81,16811,81
80,36,81,2
16811,80,2,572
81,16811,572,3
2,81,3,276
572,2,276,5584
3,572,5584,5
276,3,5,84851
5584,276,84851,7
5,5584,7,206
84851,5,206,30
7,84851,30,25
206,7,25,276
30,206,276,419
25,30,419,3
276,25,3,397
419,276,397,26
3,419,26,55
397,3,55,21
26,397,21,35402
55,26,35402,786
21,55,786,5
35402,21,5,2726
786,35402,2726,2169
5,786,2169,25
2726,5,25,26
2169,2726,26,25
25,2169,25,1346
26,25,1346,35383
25,26,35383,7
1346,25,7,5495
35383,1346,5495,11808
7,35383,11808,12
5495,7,12,1172
11808,5495,1172,5
12,11808,5,577
1172,12,577,4
5,1172,4,953
577,5,953,3
4,577,3,513
953,4,513,10
3,953,10,397
513,3,397,25
10,513,25,12479
397,10,12479,26
25,397,26,396
12479,25,396,80
26,12479,80,52
396,26,52,26
80,396,26,1857
52,80,1857,2852
26,52,2852,5167
1857,26,5167,26
2852,1857,26,25
5167,2852,25,21
26,5167,21,488
25,26,488,10
21,25,10,1183
488,21,1183,276
10,488,276,10
1183,10,10,98
276,1183,98,2954
10,276,2954,8
98,10,8,95
2954,98,95,31
8,2954,31,513
95,8,513,25
31,95,25,1756
513,31,1756,2160
25,513,2160,1223
1756,25,1223,2
2160,1756,2,52
1223,2160,52,26
2,1223,26,16
52,2,16,458
26,52,458,4
16,26,4,33
458,16,33,86
4,458,86,117
33,4,117,61
86,33,61,49921
117,86,49921,15
61,117,15,568
49921,61,568,5
15,49921,5,60
568,15,60,182
5,568,182,4
60,5,4,21
182,60,21,42
4,182,42,7182
21,4,7182,5
42,21,5,6817
7182,42,6817,1183
5,7182,1183,8891
6817,5,8891,24
1183,6817,24,95
8891,1183,95,31
24,8891,31,365
95,24,365,1223
31,95,1223,26
365,31,26,50
1223,365,50,2160
26,1223,2160,3
50,26,3,513
2160,50,513,11009
3,2160,11009,20750
513,3,20750,25
11009,513,25,51
20750,11009,51,7
25,20750,7,841
51,25,841,175
7,51,175,11352
841,7,11352,4
175,841,4,32
11352,175,32,15062
4,11352,15062,11352
32,4,11352,14
15062,32,14,7
11352,15062,7,1873
14,11352,1873,4
7,14,4,78
1873,7,78,7
4,1873,7,2
78,4,2,565
7,78,565,8780
2,7,8780,580
565,2,580,31
8780,565,31,113
580,8780,113,3894
31,580,3894,14
113,31,14,2371
3894,113,2371,86
14,3894,86,13
2371,14,13,3
86,2371,3,234
13,86,234,23
3,13,23,20
234,3,20,335
23,234,335,52
20,23,52,78
335,20,78,14
52,335,14,2
78,52,2,272
14,78,272,11
2,14,11,100
272,2,100,17
11,272,17,6
100,11,6,1086
17,100,1086,19
6,17,19,84
1086,6,84,3894
19,1086,3894,613
84,19,613,1873
3894,84,1873,42
613,3894,42,16
1873,613,16,424
42,1873,424,25
16,42,25,490
424,16,490,3
25,424,3,93
490,25,93,49
3,490,49,3
93,3,3,17
49,93,17,63
3,49,63,3894
17,3,3894,62
63,17,62,26
3894,63,26,18
62,3894,18,208
26,62,208,367
18,26,367,697
208,18,697,3629
367,208,3629,2371
697,367,2371,86
3629,697,86,3
2371,3629,3,6396
86,2371,6396,471
3,86,471,4
6396,3,4,3
471,6396,3,93
4,471,93,351
3,4,351,15
93,3,15,51
351,93,51,55
15,351,55,86
51,15,86,17
55,51,17,607
86,55,607,2
17,86,2,1567
607,17,1567,618
2,607,618,1456
1567,2,1456,9
618,1567,9,98
1456,618,98,665
9,1456,665,417
98,9,417,655
665,98,655,7
417,665,7,314
655,417,314,155
7,655,155,15
314,7,15,6707
155,314,6707,4
15,155,4,78
6707,15,78,36
4,6707,36,155
78,4,155,15
36,78,15,1251
155,36,1251,4
15,155,4,768
1251,15,768,49
4,1251,49,4
768,4,4,6707
49,768,6707,1306
4,49,1306,42
6707,4,42,7
1306,6707,7,623
42,1306,623,43
7,42,43,85
623,7,85,7
43,623,7,260
85,43,260,78
7,85,78,2
260,7,2,58
78,260,58,16
2,78,16,1003
58,2,1003,424
16,58,424,3
1003,16,3,1546
424,1003,1546,138
3,424,138,27
1546,3,27,4
138,1546,4,3
27,138,3,192
4,27,192,102
3,4,102,112
192,3,112,83
102,192,83,97
112,102,97,698
83,112,698,4
97,83,4,102
698,97,102,78
4,698,78,4
102,4,4,152
78,102,152,31
4,78,31,3313
152,4,3313,210
31,152,210,15
3313,31,15,78
210,3313,78,40
15,210,40,17
78,15,17,4
40,78,4,1523
17,40,1523,1786
4,17,1786,155
1523,4,155,248
1786,1523,248,157
155,1786,157,52
248,155,52,78
157,248,78,192
52,157,192,371
78,52,371,27817
192,78,27817,9353
371,192,9353,29
27817,371,29,11
9353,27817,11,2017
29,9353,2017,361
11,29,361,645
2017,11,645,4
361,2017,4,57
645,361,57,17048
4,645,17048,37226
57,4,37226,33
17048,57,33,1077
37226,17048,1077,1729
33,37226,1729,14
1077,33,14,6
1729,1077,6,87
14,1729,87,71
6,14,71,13
87,6,13,260
71,87,260,154
13,71,154,56
260,13,56,4
154,260,4,28
56,154,28,11
4,56,11,40
28,4,40,144
11,28,144,78
40,11,78,1272
144,40,1272,126
78,144,126,221
1272,78,221,437
126,1272,437,892
221,126,892,530
437,221,530,146
892,437,146,22
530,892,22,1260
146,530,1260,1638
22,146,1638,51
1260,22,51,1105
1638,1260,1105,5
51,1638,5,225
1105,51,225,40
5,1105,40,942
225,5,942,15
40,225,15,2
942,40,2,272
15,942,272,8
2,15,8,93
272,2,93,33633
8,272,33633,24
93,8,24,7046
33633,93,7046,7
24,33633,7,468
7046,24,468,33
7,7046,33,51
468,7,51,1105
33,468,1105,2
51,33,2,225
1105,51,225,8
2,1105,8,40
225,2,40,1852
8,225,1852,49
40,8,49,1010
1852,40,1010,15901
49,1852,15901,6
1010,49,6,38
15901,1010,38,14476
6,15901,14476,9
38,6,9,191
14476,38,191,1780
9,14476,1780,15
191,9,15,20
1780,191,20,335
15,1780,335,368
20,15,368,13
335,20,13,47
368,335,47,1003
13,368,1003,2511
47,13,2511,6
1003,47,6,4
2511,1003,4,52
6,2511,52,33
4,6,33,40
52,4,40,73
33,52,73,3
40,33,3,137
73,40,137,10
3,73,10,10
137,3,10,7
10,137,7,81
10,10,81,102
7,10,102,43
81,7,43,33
102,81,33,16
43,102,16,361
33,43,361,3
16,33,3,2288
361,16,2288,21
3,361,21,3
2288,3,3,137
21,2288,137,738
3,21,738,29
137,3,29,33
738,137,33,16
29,738,16,21
33,29,21,361
16,33,361,3
21,16,3,1227
361,21,1227,1359
3,361,1359,5
1227,3,5,738
1359,1227,738,23807
5,1359,23807,11
738,5,11,942
23807,738,942,15
11,23807,15,89
942,11,89,87
15,942,87,31
89,15,31,765
87,89,765,40
31,87,40,14
765,31,14,49
40,765,49,107213
14,40,107213,1672
49,14,1672,1759
107213,49,1759,7
1672,107213,7,21
1759,1672,21,3345
7,1759,3345,36
21,7,36,1066
3345,21,1066,7
36,3345,7,40
1066,36,40,18
7,1066,18,41
40,7,41,1066
18,40,1066,52
41,18,52,11
1066,41,11,14
52,1066,14,3210
11,52,3210,2
14,11,2,93
3210,14,93,56
2,3210,56,5
93,2,5,1962
56,93,1962,361
5,56,361,708
1962,5,708,10
361,1962,10,121
708,361,121,17
10,708,17,859
121,10,859,3
17,121,3,57
859,17,57,84
3,859,84,31
57,3,31,83
84,57,83,6839
31,84,6839,979
83,31,979,714
6839,83,714,51
979,6839,51,34
714,979,34,888
51,714,888,43
34,51,43,7
888,34,7,9014
43,888,9014,554
7,43,554,5004
9014,7,5004,541
554,9014,541,83
5004,554,83,12
541,5004,12,174
83,541,174,2
12,83,2,554
174,12,554,5004
2,174,5004,8
554,2,8,34
5004,554,34,6801
8,5004,6801,2626
34,8,2626,35
6801,34,35,1546
2626,6801,1546,105
35,2626,105,197
1546,35,197,1965
105,1546,1965,174
197,105,174,20
1965,197,20,34
174,1965,34,276
20,174,276,43
34,20,43,2
276,34,2,668
43,276,668,39
2,43,39,303
668,2,303,5
39,668,5,255
303,39,255,5402
5,303,5402,329
255,5,329,48
5402,255,48,72
329,5402,72,1857
48,329,1857,3
72,48,3,1903
1857,72,1903,8
3,1857,8,32
1903,3,32,4
8,1903,4,928
32,8,928,57
4,32,57,39458
928,4,39458,1991
57,928,1991,371
39458,57,371,530
1991,39458,530,79
371,1991,79,38317
530,371,38317,3
79,530,3,38
38317,79,38,34
3,38317,34,4
38,3,4,21
34,38,21,3403
4,34,3403,104
21,4,104,496
3403,21,496,64
104,3403,64,967
496,104,967,2
64,496,2,439
967,64,439,447
2,967,447,102
439,2,102,89
447,439,89,36
102,447,36,22
89,102,22,347
36,89,347,14
22,36,14,146
347,22,146,3
14,347,3,1463
146,14,1463,89
3,146,89,3
1463,3,3,8925
89,1463,8925,3
3,89,3,38
8925,3,38,34
3,8925,34,84
38,3,84,569
34,38,569,1484
84,34,1484,55
569,84,55,1529
1484,569,1529,72
55,1484,72,44
1529,55,44,8
72,1529,8,221
44,72,221,13
8,44,13,3884
221,8,3884,21
13,221,21,3
3884,13,3,2066
21,3884,2066,4
3,21,4,3259
2066,3,3259,25
4,2066,25,11
3259,4,11,34
25,3259,34,72
11,25,72,329
34,11,329,323
72,34,323,1639
329,72,1639,198
323,329,198,3831
1639,323,3831,62
198,1639,62,5946
3831,198,5946,550
62,3831,550,2484
5946,62,2484,18
550,5946,18,47
2484,550,47,274
18,2484,274,6
47,18,6,1665
274,47,1665,5
6,274,5,32
1665,6,32,170
5,1665,170,2032
32,5,2032,52
170,32,52,33
2032,170,33,25
52,2032,25,178
33,52,178,180
25,33,180,72
178,25,72,706
180,178,706,4249
72,180,4249,12689
706,72,12689,10294
4249,706,10294,13372
12689,4249,13372,7
10294,12689,7,25
13372,10294,25,116
7,13372,116,5
25,7,5,580
116,25,580,8
5,116,8,40
580,5,40,21
8,580,21,659
40,8,659,4
21,40,4,484
659,21,484,102
4,659,102,38
484,4,38,179
102,484,179,62779
38,102,62779,3
179,38,3,1090
62779,179,1090,451
3,62779,451,439
1090,3,439,5
451,1090,5,42
439,451,42,5
5,439,5,38
42,5,38,83
5,42,83,334
38,5,334,42
83,38,42,530
334,83,530,7
42,334,7,64
530,42,64,382
7,530,382,11
64,7,11,13
382,64,13,3
11,382,3,244
13,11,244,15
3,13,15,51
244,3,51,11
15,244,11,7
51,15,7,2
11,51,2,149
7,11,149,2
2,7,2,10957
149,2,10957,1484
2,149,1484,76
10957,2,76,45
1484,10957,45,18
76,1484,18,64
45,76,64,3693
18,45,3693,286
64,18,286,136
3693,64,136,186
286,3693,186,2
136,286,2,2753
186,136,2753,104410
2,186,104410,122
2753,2,122,33
104410,2753,33,46850
122,104410,46850,2905
33,122,2905,2
46850,33,2,2
2905,46850,2,6122
2,2905,6122,59
2,2,59,36710
6122,2,36710,14
59,6122,14,21
36710,59,21,2859
14,36710,2859,9
21,14,9,2308
2859,21,2308,157
9,2859,157,79
2308,9,79,4
157,2308,4,2960
79,157,2960,124
4,79,124,74
2960,4,74,2531
124,2960,2531,9351
74,124,9351,11119
2531,74,11119,33
9351,2531,33,448
11119,9351,448,5
33,11119,5,279
448,33,279,100
5,448,100,7
279,5,7,2899
100,279,2899,174
7,100,174,4346
2899,7,4346,832
174,2899,832,112
4346,174,112,39
832,4346,39,249
112,832,249,60
39,112,60,425
249,39,425,30
60,249,30,7
425,60,7,346
30,425,346,9351
7,30,9351,6
346,7,6,386
