64,93439,6,48
8024,64,48,20
6,8024,20,87
48,6,87,7
20,48,7,2
87,20,2,232
7,87,232,5
2,7,5,1378
232,2,1378,4972
5,232,4972,213
1378,5,213,168
4972,1378,168,130
213,4972,130,44
168,213,44,262
130,168,262,548
44,130,548,80
262,44,80,59
548,262,59,7
80,548,7,1050
59,80,1050,2125
7,59,2125,2
1050,7,2,58
2125,1050,58,7
2,2125,7,1232
58,2,1232,4972
7,58,4972,213
1232,7,213,72
4972,1232,72,2
213,4972,2,130
72,213,130,222
2,72,222,542
130,2,542,4
222,130,4,1580
542,222,1580,165
4,542,165,25
1580,4,25,29
165,1580,29,2
25,165,2,182
29,25,182,13
2,29,13,160
182,2,160,6
13,182,6,2
160,13,2,281
6,160,281,66
2,6,66,166
281,2,166,4972
66,281,4972,91
166,66,91,3
4972,166,3,18
91,4972,18,2082
3,91,2082,144
18,3,144,29
2082,18,29,5928
144,2082,5928,4
29,144,4,4149
5928,29,4149,8
4,5928,8,13
4149,4,13,723
8,4149,723,197
13,8,197,832
723,13,832,79
197,723,79,2
832,197,2,37129
79,832,37129,13
2,79,13,1798
37129,2,1798,3
13,37129,3,35
1798,13,35,73
3,1798,73,39191
35,3,39191,167
73,35,167,12
39191,73,12,685
167,39191,685,16
12,167,16,445
685,12,445,16533
16,685,16533,4
445,16,4,4061
16533,445,4061,4
4,16533,4,315
4061,4,315,3
4,4061,3,319
315,4,319,1282
3,315,1282,3478
319,3,3478,4
1282,319,4,20
3478,1282,20,759
4,3478,759,740
20,4,740,7
759,20,7,64
740,759,64,2699
7,740,2699,87
64,7,87,10
2699,64,10,86
87,2699,86,809
10,87,809,475
86,10,475,232
809,86,232,5
475,809,5,4972
232,475,4972,213
5,232,213,10
4972,5,10,183
213,4972,183,1745
10,213,1745,91
183,10,91,6
1745,183,6,2924
91,1745,2924,1137
6,91,1137,12
2924,6,12,338
1137,2924,338,214
12,1137,214,46
338,12,46,72
214,338,72,123
46,214,123,10
72,46,10,24
123,72,24,45
10,123,45,31
24,10,31,25
45,24,25,18
31,45,18,10
25,31,10,321
18,25,321,130
10,18,130,1954
321,10,1954,6983
130,321,6983,7
1954,130,7,222
6983,1954,222,31
7,6983,31,3143
222,7,3143,338
31,222,338,214
3143,31,214,205
338,3143,205,75
214,338,75,205
205,214,205,75
75,205,75,205
205,75,205,75
75,205,75,205
205,75,205,140
75,205,140,106
205,75,106,9
140,205,9,629
106,140,629,31
9,106,31,34
629,9,34,1546
31,629,1546,95
34,31,95,131
1546,34,131,3882
95,1546,3882,685
131,95,685,9
3882,131,9,22
685,3882,22,397
9,685,397,46
22,9,46,48
397,22,48,122
46,397,122,17521
48,46,17521,1176
122,48,1176,1530
17521,122,1530,5
1176,17521,5,21
1530,1176,21,23545
5,1530,23545,95
21,5,95,183
23545,21,183,397
95,23545,397,15
183,95,15,59699
397,183,59699,282
15,397,282,354
59699,15,354,511
282,59699,511,65
354,282,65,4892
511,354,4892,24
65,511,24,67
4892,65,67,83
24,4892,83,397
67,24,397,40
83,67,40,17
397,83,17,3
40,397,3,513
17,40,513,2435
3,17,2435,446
513,3,446,5
2435,513,5,1111
446,2435,1111,1310
5,446,1310,3
1111,5,3,715
1310,1111,715,348
3,1310,348,30
715,3,30,48
348,715,48,91
30,348,91,29
48,30,29,347
91,48,347,734
29,91,734,222
347,29,222,16
734,347,16,445
222,734,445,9418
16,222,9418,3
445,16,3,2659
9418,445,2659,3696
3,9418,3696,4
2659,3,4,3812
3696,2659,3812,1028
4,3696,1028,405
3812,4,405,81
1028,3812,81,397
405,1028,397,17
81,405,17,47440
397,81,47440,6382
17,397,6382,8
47440,17,8,45
6382,47440,45,261
8,6382,261,4972
45,8,4972,2604
261,45,2604,95
4972,261,95,31
2604,4972,31,165
95,2604,165,18
31,95,18,81
165,31,81,10
18,165,10,136
81,18,136,2058
10,81,2058,3
136,10,3,3680
2058,136,3680,37
3,2058,37,2
3680,3,2,19468
37,3680,19468,4972
2,37,4972,65
19468,2,65,10
4972,19468,10,7
65,4972,7,3
10,65,3,610
7,10,610,4813
3,7,4813,5424
610,3,5424,5
4813,610,5,422
5424,4813,422,1435
5,5424,1435,4
422,5,4,8
1435,422,8,19
4,1435,19,2648
8,4,2648,1419
19,8,1419,4
2648,19,4,921
1419,2648,921,31
4,1419,31,7932
921,4,7932,432
31,921,432,4972
7932,31,4972,18
432,7932,18,1315
4972,432,1315,3
18,4972,3,303
1315,18,303,232
3,1315,232,5
303,3,5,311
232,303,311,674
5,232,674,993
311,5,993,42
674,311,42,190
993,674,190,23
42,993,23,183
190,42,183,60
23,190,60,16379
183,23,16379,5
60,183,5,240
16379,60,240,93
5,16379,93,1419
240,5,1419,198
93,240,198,5
1419,93,5,1429
198,1419,1429,24
5,198,24,626
1429,5,626,641
24,1429,641,169
626,24,169,5
641,626,5,45
169,641,45,16
5,169,16,12577
45,5,12577,79
16,45,79,535
12577,16,535,3
79,12577,3,17
535,79,17,18775
3,535,18775,993
17,3,993,19
18775,17,19,17713
993,18775,17713,5
19,993,5,422
17713,19,422,1435
5,17713,1435,31
422,5,31,93
1435,422,93,720
31,1435,720,64
93,31,64,323
720,93,323,62
64,720,62,136
323,64,136,246
62,323,246,33
136,62,33,192
246,136,192,36
33,246,36,689
192,33,689,6
36,192,6,2030
689,36,2030,53063
6,689,53063,1857
2030,6,1857,8
53063,2030,8,53
1857,53063,53,16
8,1857,16,2435
53,8,2435,1187
16,53,1187,5
2435,16,5,4972
1187,2435,4972,53
5,1187,53,16
4972,5,16,445
53,4972,445,2
16,53,2,281
445,16,281,45
2,445,45,4
281,2,4,14562
45,281,14562,1286
4,45,1286,36
14562,4,36,5238
1286,14562,5238,714
36,1286,714,31
5238,36,31,1315
714,5238,1315,3
31,714,3,868
1315,31,868,213
3,1315,213,168
868,3,168,6046
213,868,6046,513
168,213,513,36
6046,168,36,8639
513,6046,8639,6072
36,513,6072,1282
8639,36,1282,55
6072,8639,55,173
1282,6072,173,3
55,1282,3,2651
173,55,2651,5
3,173,5,45
2651,3,45,15
5,2651,15,14433
45,5,14433,4972
15,45,4972,15
14433,15,15,6382
4972,14433,6382,7309
15,4972,7309,29
6382,15,29,3
7309,6382,3,24394
29,7309,24394,10
3,29,10,3
24394,3,3,597
10,24394,597,7
3,10,7,3591
597,3,3591,22031
7,597,22031,6
3591,7,6,130
22031,3591,130,83
6,22031,83,4972
130,6,4972,213
83,130,213,932
4972,83,932,4309
213,4972,4309,685
932,213,685,9
4309,932,9,2173
685,4309,2173,9113
9,685,9113,7
2173,9,7,231
9113,2173,231,2
7,9113,2,205
231,7,205,4
2,231,4,9113
205,2,9113,16
4,205,16,21
9113,4,21,2916
16,9113,2916,9
21,16,9,338
2916,21,338,60139
9,2916,60139,95
338,9,95,31
60139,338,31,113
95,60139,113,4972
31,95,4972,121
113,31,121,48
4972,113,48,17
121,4972,17,11920
48,121,11920,7
17,48,7,100
11920,17,100,1382
7,11920,1382,112
100,7,112,769
1382,100,769,3
112,1382,3,2924
769,112,2924,167
3,769,167,12
2924,3,12,338
167,2924,338,214
12,167,214,718
338,12,718,2009
214,338,2009,127
718,214,127,94
2009,718,94,4
127,2009,4,80
94,127,80,76
4,94,76,162
80,4,162,18
76,80,18,1178
162,76,1178,17690
18,162,17690,2588
1178,18,2588,406
17690,1178,406,2390
2588,17690,2390,685
406,2588,685,4
2390,406,4,6
685,2390,6,257
4,685,257,395
6,4,395,290
257,6,290,2
395,257,2,334
290,395,334,186
2,290,186,9294
334,2,9294,9
186,334,9,9113
9294,186,9113,548
9,9294,548,403
9113,9,403,7
548,9113,7,8
403,548,8,90
7,403,90,5
8,7,5,43
90,8,43,34
5,90,34,210
43,5,210,126
34,43,126,30
210,34,30,55
126,210,55,3143
30,126,3143,51
55,30,51,30
3143,55,30,380
51,3143,380,2579
30,51,2579,168
380,30,168,568
2579,380,568,5
168,2579,5,179
568,168,179,80
5,568,80,286
179,5,286,976
80,179,976,715
286,80,715,13
976,286,13,2
715,976,2,1449
13,715,1449,5
2,13,5,1814
1449,2,1814,5
5,1449,5,670
1814,5,670,246
5,1814,246,13
670,5,13,47
246,670,47,91
13,246,91,3
47,13,3,715
91,47,715,4123
3,91,4123,92
715,3,92,749
4123,715,749,629
92,4123,629,40
749,92,40,511
629,749,511,14469
40,629,14469,112
511,40,112,2588
14469,511,2588,511
112,14469,511,65
2588,112,65,715
511,2588,715,92
65,511,92,749
715,65,749,15
92,715,15,1888
749,92,1888,6058
15,749,6058,7
1888,15,7,21
6058,1888,21,80
7,6058,80,254
21,7,254,8
80,21,8,30
254,80,30,18
8,254,18,3
30,8,3,2993
18,30,2993,57
3,18,57,749
2993,3,749,2478
57,2993,2478,3
749,57,3,715
2478,749,715,2588
3,2478,2588,87
715,3,87,53
2588,715,53,362
87,2588,362,1549
53,87,1549,6
362,53,6,20
1549,362,20,133
6,1549,133,3
20,6,3,25
133,20,25,161
3,133,161,29
25,3,29,131
161,25,131,194
29,161,194,5
131,29,5,11516
194,131,11516,7
5,194,7,11741
11516,5,11741,87
7,11516,87,167
11741,7,167,12
87,11741,12,2588
167,87,2588,13
12,167,13,412
2588,12,412,23
13,2588,23,48
412,13,48,3
23,412,3,25
48,23,25,15
3,48,15,246
25,3,246,280
15,25,280,934
246,15,934,5
280,246,5,222
934,280,222,7
5,934,7,3
222,5,3,972
7,222,972,92
3,7,92,25
972,3,25,8
92,972,8,444
25,92,444,401
8,25,401,4
444,8,4,11901
401,444,11901,55
4,401,55,6095
11901,4,6095,993
55,11901,993,34065
6095,55,34065,67515
993,6095,67515,586
34065,993,586,12
67515,34065,12,29220
586,67515,29220,9802
12,586,9802,2706
29220,12,2706,157
9802,29220,157,13
2706,9802,13,247
157,2706,247,14285
13,157,14285,5
247,13,5,2
14285,247,2,2245
5,14285,2245,733
2,5,733,4
2245,2,4,629
733,2245,629,16
4,733,16,2080
629,4,2080,2
16,629,2,1253
2080,16,1253,2819
2,2080,2819,1414
1253,2,1414,51
2819,1253,51,274
1414,2819,274,79
51,1414,79,1034
274,51,1034,3
79,274,3,1852
1034,79,1852,198
3,1034,198,9
1852,3,9,2290
198,1852,2290,1481
9,198,1481,2
2290,9,2,2
1481,2290,2,232
2,1481,232,5
2,2,5,1207
232,2,1207,3433
5,232,3433,7
1207,5,7,380
3433,1207,380,757
7,3433,757,130
380,7,130,1866
757,380,1866,290
130,757,290,1324
1866,130,1324,1564
290,1866,1564,5
1324,290,5,2833
1564,1324,2833,1685
5,1564,1685,2093
2833,5,2093,734
1685,2833,734,9240
2093,1685,9240,2588
734,2093,2588,641
9240,734,641,13103
2588,9240,13103,4
641,2588,4,262
13103,641,262,1684
4,13103,1684,10526
262,4,10526,15
1684,262,15,332
10526,1684,332,3615
15,10526,3615,771
332,15,771,7
3615,332,7,4
771,3615,4,130
7,771,130,8769
4,7,8769,16
130,4,16,331
8769,130,331,3
16,8769,3,276
331,16,276,61
3,331,61,2
276,3,2,334
61,276,334,41
2,61,41,3
334,2,3,248
41,334,248,133
3,41,133,5228
248,3,5228,80
133,248,80,2
5228,133,2,2
80,5228,2,2956
2,80,2956,4575
2,2,4575,5
2956,2,5,45
4575,2956,45,4
5,4575,4,1450
45,5,1450,1097
4,45,1097,1871
1450,4,1871,11088
1097,1450,11088,446
1871,1097,446,5
11088,1871,5,1549
446,11088,1549,20
5,446,20,9473
1549,5,9473,7
20,1549,7,7115
9473,20,7115,7
7,9473,7,55
7115,7,55,462
7,7115,462,11914
55,7,11914,15
462,55,15,1761
11914,462,1761,97
15,11914,97,2
1761,15,2,151
97,1761,151,1326
2,97,1326,12
151,2,12,707
1326,151,707,1329
12,1326,1329,5
707,12,5,2545
1329,707,2545,4
5,1329,4,837
2545,5,837,38
4,2545,38,86
837,4,86,1437
38,837,1437,7
86,38,7,8
1437,86,8,26
7,1437,26,25
8,7,25,21
26,8,21,137
25,26,137,31
21,25,31,7
137,21,7,245
31,137,245,3637
7,31,3637,38
245,7,38,3147
3637,245,3147,10
38,3637,10,21
3147,38,21,602
10,3147,602,980
21,10,980,36
602,21,36,521
980,602,521,1761
36,980,1761,11372
521,36,11372,18
1761,521,18,12825
11372,1761,12825,2913
18,11372,2913,79
12825,18,79,896
2913,12825,896,4097
79,2913,4097,8
896,79,8,1237
4097,896,1237,45
8,4097,45,16
1237,8,16,2053
45,1237,2053,1390
16,45,1390,9
2053,16,9,25309
1390,2053,25309,5
9,1390,5,311
25309,9,311,674
5,25309,674,10
311,5,10,40
674,311,40,17
10,674,17,462
40,10,462,12907
17,40,12907,52
462,17,52,10
12907,462,10,50
52,12907,50,25
10,52,25,4559
50,10,4559,270
25,50,270,1761
4559,25,1761,97
270,4559,97,114
1761,270,114,7
97,1761,7,1095
114,97,1095,3
7,114,3,1852
1095,7,1852,56
3,1095,56,475
1852,3,475,5
56,1852,5,22
475,56,22,83
5,475,83,977
22,5,977,87
83,22,87,11
977,83,11,396
87,977,396,137
11,87,137,168
396,11,168,5603
137,396,5603,4704
168,137,4704,23
5603,168,23,89
4704,5603,89,19
23,4704,19,421
89,23,421,39
19,89,39,207
421,19,207,44
39,421,44,30
207,39,30,55
44,207,55,21
30,44,21,2301
55,30,2301,4972
21,55,4972,36
2301,21,36,283
4972,2301,283,299
36,4972,299,36
283,36,36,686
299,283,686,3886
36,299,3886,29
686,36,29,19
3886,686,19,155
29,3886,155,30
19,29,30,55
155,19,55,2301
30,155,2301,1814
55,30,1814,9
2301,55,9,2
1814,2301,2,1129
9,1814,1129,8
2,9,8,115
1129,2,115,3492
8,1129,3492,548
115,8,548,73
3492,115,73,25
548,3492,25,90
73,548,90,639
25,73,639,7
90,25,7,380
639,90,380,2214
7,639,2214,130
380,7,130,685
2214,380,685,6607
130,2214,6607,66
685,130,66,75
6607,685,75,66
66,6607,66,15
75,66,15,6502
66,75,6502,6072
15,66,6072,163
6502,15,163,8715
6072,6502,8715,44
163,6072,44,198
8715,163,198,4
44,8715,4,367
198,44,367,41
4,198,41,31491
367,4,31491,1081
41,367,1081,685
31491,41,685,548
1081,31491,548,7
685,1081,7,123
548,685,123,910
7,548,910,8
123,7,8,759
910,123,759,740
8,910,740,3
759,8,3,1546
740,759,1546,4972
3,740,4972,213
1546,3,213,313
4972,1546,313,6201
213,4972,6201,52
313,213,52,86
6201,313,86,87
52,6201,87,10
86,52,10,34
87,86,34,577
10,87,577,41
34,10,41,246
577,34,246,3
41,577,3,8357
246,41,8357,10
3,246,10,65
8357,3,65,3
10,8357,3,549
65,10,549,10
3,65,10,1074
549,3,1074,29
10,549,29,1189
1074,10,1189,124
29,1074,124,12
1189,29,12,4972
124,1189,4972,4
12,124,4,338
4972,12,338,214
4,4972,214,7
338,4,7,21
214,338,21,74
7,214,74,1548
21,7,1548,4
74,21,4,222
1548,74,222,34
4,1548,34,21
222,4,21,798
34,222,798,375
21,34,375,26
798,21,26,18
375,798,18,102884
26,375,102884,128
18,26,128,1242
102884,18,1242,5
128,102884,5,1418
1242,128,1418,4
5,1242,4,478
1418,5,478,39
4,1418,39,224
478,4,224,548
39,478,548,26
224,39,26,34
548,224,34,1546
26,548,1546,4
34,26,4,4503
1546,34,4503,20954
4,1546,20954,4
4503,4,4,1159
20954,4503,1159,87
4,20954,87,10
1159,4,10,2058
87,1159,2058,3
10,87,3,96
2058,10,96,45
3,2058,45,2604
96,3,2604,42
45,96,42,190
2604,45,190,65
42,2604,65,3
190,42,3,96
65,190,96,770
3,65,770,282
96,3,282,26
770,96,26,14
282,770,14,3
26,282,3,21
14,26,21,86
3,14,86,3721
21,3,3721,1418
86,21,1418,29
3721,86,29,3
1418,3721,3,484
29,1418,484,142
3,29,142,435
484,3,435,5
142,484,5,60
435,142,60,10
5,435,10,21
60,5,21,72
10,60,72,4972
21,10,4972,29
72,21,29,6046
4972,72,6046,513
29,4972,513,1180
6046,29,1180,4
513,6046,4,36223
1180,513,36223,19129
4,1180,19129,8
36223,4,8,16
19129,36223,16,48
8,19129,48,6
16,8,6,837
48,16,837,10
6,48,10,4
837,6,4,309
10,837,309,5
4,10,5,24273
309,4,24273,4
5,309,4,7983
24273,5,7983,26
4,24273,26,3354
7983,4,3354,2723
26,7983,2723,6
3354,26,6,2
2723,3354,2,16160
6,2723,16160,2472
2,6,2472,6
16160,2,6,54
2472,16160,54,30
6,2472,30,16
54,6,16,48
30,54,48,1324
16,30,1324,2053
48,16,2053,4985
1324,48,4985,8
2053,1324,8,59
4985,2053,59,2472
8,4985,2472,4064
59,8,4064,26
2472,59,26,34
4064,2472,34,68
26,4064,68,13363
636,742,728,939
256,636,939,473
728,256,473,3
939,728,3,5724
473,939,5724,22
3,473,22,69
5724,3,69,2416
22,5724,2416,588
69,22,588,15
2416,69,15,58
588,2416,58,127
15,588,127,970
58,15,970,117
127,58,117,638
970,127,638,193
117,970,193,3
638,117,3,524
193,638,524,619
3,193,619,6
524,3,6,531
619,524,531,35
6,619,35,5
531,6,5,1316
35,531,1316,19
5,35,19,2520
1316,5,2520,114
19,1316,114,6
2520,19,6,9731
114,2520,9731,35
6,114,35,3
9731,6,3,144
35,9731,144,89
3,35,89,47970
144,3,47970,208
89,144,208,134
47970,89,134,81
208,47970,81,21
134,208,21,3
81,134,3,106
21,81,106,9
3,21,9,180
106,3,180,728
9,106,728,28
180,9,28,122
728,180,122,2329
28,728,2329,6
122,28,6,1331
2329,122,1331,26
6,2329,26,1023
1331,6,1023,3
26,1331,3,106
1023,26,106,9
3,1023,9,180
106,3,180,11
9,106,11,453
180,9,453,8
11,180,8,11
453,11,11,551
8,453,551,596
11,8,596,21
551,11,21,3
596,551,3,1016
21,596,1016,1071
3,21,1071,6
1016,3,6,73466
1071,1016,73466,3
6,1071,3,3569
73466,6,3569,5902
3,73466,5902,14
3569,3,14,209
5902,3569,209,8
14,5902,8,728
209,14,728,943
8,209,943,3
