1677,392,19,2664
9753,1677,2664,7454
19,9753,7454,368
2664,19,368,6
7454,2664,6,4
368,7454,4,4
6,368,4,2977
4,6,2977,81
4,4,81,614
2977,4,614,10
81,2977,10,392
614,81,392,3521
10,614,3521,9753
392,10,9753,168
3521,392,168,6880
9753,3521,6880,3963
168,9753,3963,4
6880,168,4,9187
3963,6880,9187,1488
4,3963,1488,5097
9187,4,5097,1858
1488,9187,1858,61
5097,1488,61,4
1858,5097,4,23264
61,1858,23264,5645
4,61,5645,59
23264,4,59,245
5645,23264,245,86
59,5645,86,23264
245,59,23264,5645
86,245,5645,8
23264,86,8,514
5645,23264,514,98
8,5645,98,1493
514,8,1493,2829
98,514,2829,4
1493,98,4,2422
2829,1493,2422,9344
4,2829,9344,7
2422,4,7,574
9344,2422,574,2919
7,9344,2919,4281
574,7,4281,423
2919,574,423,9550
4281,2919,9550,7
423,4281,7,9564
9550,423,9564,53
7,9550,53,551
9564,7,551,64
53,9564,64,107
551,53,107,3
64,551,3,21016
107,64,21016,56
3,107,56,5
21016,3,5,20
56,21016,20,209
5,56,209,10
20,5,10,5384
209,20,5384,8748
10,209,8748,4
5384,10,4,4923
8748,5384,4923,10
4,8748,10,5384
4923,4,5384,626
10,4923,626,3
5384,10,3,17386
626,5384,17386,4
3,626,4,3
17386,3,3,42828
4,17386,42828,37098
3,4,37098,4
42828,3,4,57
37098,42828,57,10
4,37098,10,5384
57,4,5384,45
10,57,45,3
5384,10,3,11169
45,5384,11169,663
3,45,663,4
11169,3,4,39937
663,11169,39937,1036
4,663,1036,1142
39937,4,1142,10
1036,39937,10,5384
1142,1036,5384,10859
10,1142,10859,4
5384,10,4,581
10859,5384,581,9
4,10859,9,52
581,4,52,1142
9,581,1142,5
52,9,5,35
1142,52,35,7
5,1142,7,21
35,5,21,20397
7,35,20397,36
21,7,36,10
20397,21,10,90
36,20397,90,5909
10,36,5909,4
90,10,4,6626
5909,90,6626,141
4,5909,141,16
6626,4,16,21
141,6626,21,1219
16,141,1219,626
21,16,626,7
1219,21,7,163
626,1219,163,7528
7,626,7528,52
163,7,52,147
7528,163,147,17
52,7528,17,3
147,52,3,12885
17,147,12885,4692
3,17,4692,36
12885,3,36,210
4692,12885,210,7
36,4692,7,51
210,36,51,10
7,210,10,154
51,7,154,83
10,51,83,3
154,10,3,536
83,154,536,8
3,83,8,36
536,3,36,112
8,536,112,574
36,8,574,7
112,36,7,533
574,112,533,351
7,574,351,24
533,7,24,33
351,533,33,25
24,351,25,59
33,24,59,10
25,33,10,154
59,25,154,83
10,59,83,3
154,10,3,10
83,154,10,2355
3,83,2355,1570
10,3,1570,7
2355,10,7,99
1570,2355,99,4
7,1570,4,5491
99,7,5491,4417
4,99,4417,1570
5491,4,1570,61
4417,5491,61,24
1570,4417,24,4638
61,1570,4638,8
24,61,8,9550
4638,24,9550,13
8,4638,13,74
9550,8,74,33
13,9550,33,4
74,13,4,140
33,74,140,10
4,33,10,1414
140,4,1414,8
10,140,8,4638
1414,10,4638,972
8,1414,972,8
4638,8,8,994
972,4638,994,4638
8,972,4638,4
994,8,4,574
4638,994,574,7
4,4638,7,23
574,4,23,435
7,574,435,972
23,7,972,8
435,23,8,994
972,435,994,4638
8,972,4638,4
994,8,4,112
4638,994,112,290
4,4638,290,870
112,4,870,972
290,112,972,8
870,290,8,994
972,870,994,4638
8,972,4638,4
994,8,4,33
4638,994,33,361
4,4638,361,1570
33,4,1570,3
361,33,3,1346
1570,361,1346,62
3,1570,62,2210
1346,3,2210,4
62,1346,4,552
2210,62,552,340
4,2210,340,179
552,4,179,87
340,552,87,33
179,340,33,34
87,179,34,945
33,87,945,870
34,33,870,470
945,34,470,1445
870,945,1445,9
470,870,9,112
1445,470,112,83
9,1445,83,704
112,9,704,64
83,112,64,2072
704,83,2072,64
64,704,64,4677
2072,64,4677,8
64,2072,8,242
4677,64,242,470
8,4677,470,1445
242,8,1445,9
470,242,9,1570
1445,470,1570,4
9,1445,4,112
1570,9,112,83
4,1570,83,297
112,4,297,2
83,112,2,2
297,83,2,338
2,297,338,5611
2,2,5611,12
338,2,12,4
5611,338,4,29163
12,5611,29163,1473
4,12,1473,64
29163,4,64,41
1473,29163,41,4668
64,1473,4668,12
41,64,12,28075
4668,41,28075,5
12,4668,5,1142
28075,12,1142,64
5,28075,64,41
1142,5,41,34517
64,1142,34517,12
41,64,12,35
34517,41,35,2355
12,34517,2355,1570
35,12,1570,7
2355,35,7,3099
1570,2355,3099,574
7,1570,574,888
3099,7,888,108
574,3099,108,1265
888,574,1265,3023
108,888,3023,1265
1265,108,1265,626
3023,1265,626,31
1265,3023,31,16
626,1265,16,3
31,626,3,7043
16,31,7043,251
3,16,251,4
7043,3,4,1153
251,7043,1153,6270
4,251,6270,5
1153,4,5,8
6270,1153,8,1527
5,6270,1527,15
8,5,15,894
1527,8,894,10
15,1527,10,7
894,15,7,67
10,894,67,668
7,10,668,6172
67,7,6172,3
668,67,3,17
6172,668,17,19278
3,6172,19278,55
17,3,55,21
19278,17,21,962
55,19278,962,327
21,55,327,21
962,21,21,1427
327,962,1427,9
21,327,9,22
1427,21,22,543
9,1427,543,3
22,9,3,1162
543,22,1162,198
3,543,198,10
1162,3,10,38677
198,1162,38677,5
10,198,5,2739
38677,10,2739,623
5,38677,623,12769
2739,5,12769,27279
623,2739,27279,4
12769,623,4,21183
27279,12769,21183,8477
4,27279,8477,244
21183,4,244,100
8477,21183,100,16249
244,8477,16249,44
100,244,44,2
16249,100,2,286
44,16249,286,44
2,44,44,50
286,2,50,164
44,286,164,100
50,44,100,10
164,50,10,7
100,164,7,21
10,100,21,770
7,10,770,8
21,7,8,7
770,21,7,3
8,770,3,2098
7,8,2098,4
3,7,4,888
2098,3,888,3362
4,2098,3362,3023
888,4,3023,29
3362,888,29,3038
3023,3362,3038,2219
29,3023,2219,4
3038,29,4,25
2219,3038,25,207
4,2219,207,42
25,4,42,5
207,25,5,43
42,207,43,336
5,42,336,587
43,5,587,40210
336,43,40210,2709
587,336,2709,5
40210,587,5,41497
2709,40210,41497,6
5,2709,6,3973
41497,5,3973,532
6,41497,532,5
3973,6,5,22
532,3973,22,2311
5,532,2311,306
22,5,306,2946
2311,22,2946,29
306,2311,29,6
2946,306,6,2584
29,2946,2584,5
6,29,5,22
2584,6,22,520
5,2584,520,5817
22,5,5817,3119
520,22,3119,7553
5817,520,7553,25
3119,5817,25,33
7553,3119,33,380
25,7553,380,888
33,25,888,361
380,33,361,1570
888,380,1570,24
361,888,24,5361
1570,361,5361,5
24,1570,5,35
5361,24,35,51
5,5361,51,154
35,5,154,235
51,35,235,11253
154,51,11253,57
235,154,57,5
11253,235,5,376
57,11253,376,29
5,57,29,21
376,5,21,25
29,376,25,1487
21,29,1487,72
25,21,72,87
1487,25,87,33
72,1487,33,219
87,72,219,361
33,87,361,24
219,33,24,35
361,219,35,115
24,361,115,242
35,24,242,35
115,35,35,7
242,115,7,165
35,242,165,53
7,35,53,26079
165,7,26079,10
53,165,10,3406
26079,53,3406,573
10,26079,573,10
3406,10,10,7
573,3406,7,165
10,573,165,53
7,10,53,20430
165,7,20430,4
53,165,4,24393
20430,53,24393,10
4,20430,10,7
24393,4,7,165
10,24393,165,53
7,10,53,42829
165,7,42829,4
53,165,4,2683
42829,53,2683,1473
4,42829,1473,203
2683,4,203,2098
1473,2683,2098,5
203,1473,5,1418
2098,203,1418,10
5,2098,10,165
1418,5,165,53
10,1418,53,424
165,10,424,3
53,165,3,2868
424,53,2868,33
3,424,33,142
2868,3,142,6
33,2868,6,10
142,33,10,7
6,142,7,165
10,6,165,8619
7,10,8619,4
165,7,4,33
8619,165,33,16
4,8619,16,165
33,4,165,562
16,33,562,4
165,16,4,72
562,165,72,87
4,562,87,33
72,4,33,1283
87,72,1283,9550
33,87,9550,2
1283,33,2,4281
9550,1283,4281,4
2,9550,4,4923
4281,2,4923,115
4,4281,115,242
4923,4,242,8
115,4923,8,57
242,115,57,25
8,242,25,1062
57,8,1062,88
25,57,88,45
1062,25,45,16
88,1062,16,3540
45,88,3540,9320
16,45,9320,31
3540,16,31,25
9320,3540,25,80
31,9320,80,1366
25,31,1366,26
80,25,26,16
1366,80,16,9320
26,1366,9320,811
16,26,811,4127
9320,16,4127,7
811,9320,7,8
4127,811,8,5717
7,4127,5717,29
8,7,29,7
5717,8,7,16062
29,5717,16062,174
7,29,174,33
16062,7,33,380
174,16062,380,1354
33,174,1354,112
380,33,112,5509
1354,380,5509,4010
112,1354,4010,12
5509,112,12,7430
4010,5509,7430,1129
12,4010,1129,8
7430,12,8,7
1129,7430,7,399
8,1129,399,237
7,8,237,84
399,7,84,10
237,399,10,60
84,237,60,3
10,84,3,483
60,10,483,1426
3,60,1426,57
483,3,57,3
1426,483,3,1354
57,1426,1354,38
3,57,38,83
1354,3,83,4010
38,1354,4010,255
83,38,255,164
4010,83,164,7
255,4010,7,33
164,255,33,396
7,164,396,302
33,7,302,57
396,33,57,45
302,396,45,4
57,302,4,245
45,57,245,33
4,45,33,25
245,4,25,14
33,245,14,3
25,33,3,33
14,25,33,14
3,14,14,45
33,3,45,3
14,33,3,17
45,14,17,361
3,45,361,75
17,3,75,48
361,17,48,8
75,361,8,242
48,75,242,33
8,48,33,219
242,8,219,110
33,242,110,3
219,33,3,18
110,219,18,3
3,110,3,1463
18,3,1463,81
3,18,81,33
1463,3,33,219
81,1463,219,110
33,81,110,3
219,33,3,18
110,219,18,3
3,110,3,17
18,3,17,3362
3,18,3362,33
17,3,33,219
3362,17,219,110
33,3362,110,3
219,33,3,18
110,219,18,3
3,110,3,91
18,3,91,112
3,18,112,6347
91,3,6347,4
112,91,4,154
6347,112,154,61
4,6347,61,15
154,4,15,5569
61,154,5569,107
15,61,107,3
5569,15,3,2839
107,5569,2839,81
3,107,81,79
2839,3,79,118
81,2839,118,2111
79,81,2111,811
118,79,811,3763
2111,118,3763,10
811,2111,10,13
3763,811,13,154
10,3763,154,3
13,10,3,8
154,13,8,86
3,154,86,107
8,3,107,3
86,8,3,611
107,86,611,283
3,107,283,3
611,3,3,95
283,611,95,31
3,283,31,16
95,3,16,32756
31,95,32756,3
16,31,3,2
32756,16,2,1650
3,32756,1650,770
2,3,770,7
1650,2,7,3
770,1650,3,1852
7,770,1852,10
3,7,10,280
1852,3,280,3752
10,1852,3752,6
280,10,6,862
3752,280,862,7
6,3752,7,88
862,6,88,45
7,862,45,25
88,7,25,14
45,88,14,3
25,45,3,485
14,25,485,51
3,14,51,33
485,3,33,18
51,485,18,3
33,51,3,44
18,33,44,45
3,18,45,16
44,3,16,6477
45,44,6477,15
16,45,15,38
6477,16,38,83
15,6477,83,5814
38,15,5814,10005
83,38,10005,45
5814,83,45,16
10005,5814,16,1693
45,10005,1693,61
16,45,61,6
1693,16,6,38
61,1693,38,83
6,61,83,35
38,6,35,2106
83,38,2106,9659
35,83,9659,4
2106,35,4,14180
9659,2106,14180,95
4,9659,95,2076
14180,4,2076,2177
95,14180,2177,4
2076,95,4,2376
2177,2076,2376,772
4,2177,772,5
2376,4,5,9571
772,2376,9571,7115
5,772,7115,754
9571,5,754,1972
7115,9571,1972,868
754,7115,868,11237
1972,754,11237,464
868,1972,464,1393
11237,868,1393,1150
464,11237,1150,16
1393,464,16,48
1150,1393,48,6477
16,1150,6477,15
48,16,15,38
6477,48,38,83
15,6477,83,5814
38,15,5814,10005
83,38,10005,9659
5814,83,9659,4
10005,5814,4,14180
9659,10005,14180,26
4,9659,26,219
14180,4,219,551
26,14180,551,1444
219,26,1444,38
551,219,38,83
1444,551,83,1478
38,1444,1478,838
83,38,838,4
1478,83,4,541
838,1478,541,61
4,838,61,15
541,4,15,86
61,541,86,148
15,61,148,26
86,15,26,116
148,86,116,13634
26,148,13634,4
116,26,4,581
13634,116,581,5
4,13634,5,2
581,4,2,9320
5,581,9320,25
2,5,25,10
9320,2,10,154
25,9320,154,83
10,25,83,3
154,10,3,20
83,154,20,51
3,83,51,25
20,3,25,30
51,20,30,95
25,51,95,31
30,25,31,16
95,30,16,260
31,95,260,361
16,31,361,4
260,16,4,18
361,260,18,38
4,361,38,5509
18,4,5509,4010
38,18,4010,15838
5509,38,15838,19718
4010,5509,19718,25
15838,4010,25,102
19718,15838,102,13634
25,19718,13634,4
102,25,4,581
13634,102,581,5
4,13634,5,7329
581,4,7329,9320
5,581,9320,30
7329,5,30,4016
9320,7329,4016,30
30,9320,30,91
4016,30,91,67
30,4016,67,6347
91,30,6347,3
67,91,3,2839
6347,67,2839,81
3,6347,81,351
2839,3,351,24
81,2839,24,43038
351,81,43038,5
24,351,5,35
43038,24,35,4
5,43038,4,455
35,5,455,36894
4,35,36894,5
455,4,5,574
36894,455,574,30
5,36894,30,345
574,5,345,19
30,574,19,482
345,30,482,6509
19,345,6509,81
482,19,81,15
6509,482,15,67
81,6509,67,6085
15,81,6085,357
67,15,357,4
6085,67,4,67
357,6085,67,297
4,357,297,30
67,4,30,21503
297,67,21503,81
30,297,81,79
21503,30,79,4699
81,21503,4699,1528
79,81,1528,38
4699,79,38,83
1528,4699,83,5509
38,1528,5509,4010
83,38,4010,12
5509,83,12,9
4010,5509,9,30
12,4010,30,116
9,12,116,8
30,9,8,20964
116,30,20964,7
8,116,7,9794
20964,8,9794,52
7,20964,52,574
9794,7,574,7
52,9794,7,3
574,52,3,17
7,574,17,13
3,7,13,163
17,3,163,7
13,17,7,107
163,13,107,5
7,163,5,35
107,7,35,581
5,107,581,7
35,5,7,107
581,35,107,5
7,581,5,35
107,7,35,2
5,107,2,361
35,5,361,399
2,35,399,118
361,2,118,1426
399,361,1426,57
118,399,57,3
1426,118,3,17
57,1426,17,361
3,57,361,327
17,3,327,208
361,17,208,91
327,361,91,163
208,327,163,36
91,208,36,581
163,91,581,329
36,163,329,26
581,36,26,2010
329,581,2010,3
26,329,3,17
2010,26,17,2
3,2010,2,8150
17,3,8150,4
2,17,4,14149
8150,2,14149,361
4,8150,361,399
14149,4,399,118
361,14149,118,3442
399,361,3442,57
118,399,57,399
3442,118,399,118
57,3442,118,3
399,57,3,17
118,399,17,72
3,118,72,2
17,3,2,14149
72,17,14149,361
2,72,361,29
14149,2,29,4
361,14149,4,164
29,361,164,8897
4,29,8897,2
164,4,2,6276
8897,164,6276,23343
2,8897,23343,10573
6276,2,10573,28
23343,6276,28,112
10573,23343,112,101
28,10573,101,3
112,28,3,6475
101,112,6475,112
3,101,112,1540
6475,3,1540,117
112,6475,117,42
1540,112,42,7754
117,1540,7754,24
42,117,24,130
7754,42,130,4634
24,7754,4634,20
130,24,20,242
4634,130,242,8
20,4634,8,59
242,20,59,67
8,242,67,283
59,8,283,4
67,59,4,574
283,67,574,16
4,283,16,203
574,4,203,167
16,574,167,30
203,16,30,16
167,203,16,5905
30,167,5905,4585
16,30,4585,3
5905,16,3,1361
4585,5905,1361,1903
3,4585,1903,4
1361,3,4,25
1903,1361,25,88
4,1903,88,344
25,4,344,148
88,25,148,30
344,88,30,55
148,344,55,25
30,148,25,2
55,30,2,361
25,55,361,45
2,25,45,2
361,2,2,626
45,361,626,31
2,45,31,18
626,2,18,67
31,626,67,5509
18,31,5509,4010
67,18,4010,15838
5509,67,15838,19718
4010,5509,19718,7
15838,4010,7,3
19718,15838,3,524
7,19718,524,67
3,7,67,585
524,3,585,3
67,524,3,789
585,67,789,1903
3,585,1903,54
789,3,54,19
1903,789,19,3448
54,1903,3448,242
19,54,242,2376
3448,19,2376,8
242,3448,8,54
2376,242,54,1019
8,2376,1019,5235
54,8,5235,43
1019,54,43,538
5235,1019,538,4
43,5235,4,778
538,43,778,8
4,538,8,1627
778,4,1627,67
8,778,67,686
1627,8,686,1375
67,1627,1375,148
686,67,148,30
1375,686,30,55
148,1375,55,25
30,148,25,7
55,30,7,142
25,55,142,83
7,25,83,4
142,7,4,671
83,142,671,17410
4,83,17410,73
671,4,73,12047
17410,671,12047,16122
73,17410,16122,28
12047,73,28,552
16122,12047,552,115
28,16122,115,21
552,28,21,551
115,552,551,15340
21,115,15340,8619
551,21,8619,8
15340,551,8,7
8619,15340,7,35
8,8619,35,34
7,8,34,8711
35,7,8711,48
34,35,48,74
8711,34,74,15340
48,8711,15340,962
74,48,962,1295
15340,74,1295,3
962,15340,3,4
1295,962,4,9571
3,1295,9571,7115
4,3,7115,6626
9571,4,6626,4
7115,9571,4,1311
6626,7115,1311,108
4,6626,108,7
1311,4,7,5510
108,1311,5510,15
7,108,15,15340
5510,7,15340,10
15,5510,10,5510
15340,15,5510,15
10,15340,15,45
5510,10,45,1738
15,5510,1738,2
45,15,2,3813
1738,45,3813,1070
2,1738,1070,10
3813,2,10,5510
1070,3813,5510,15
10,1070,15,9997
5510,10,9997,5
15,5510,5,45
9997,15,45,31
5,9997,31,1283
45,5,1283,1309
31,45,1309,4
1283,31,4,7
1309,1283,7,36333
4,1309,36333,15
7,4,15,10
36333,7,10,23
15,36333,23,117
10,15,117,5
23,10,5,44
117,23,44,8619
5,117,8619,35
44,5,35,7
8619,44,7,110
35,8619,110,3
7,35,3,17
110,7,17,8619
3,110,8619,29
17,3,29,8619
8619,17,8619,7
29,8619,7,86
8619,29,86,8619
7,8619,8619,87
86,7,87,45
8619,86,45,178
87,8619,178,6
45,87,6,10
178,45,10,30
6,178,30,4503
10,6,4503,8619
30,10,8619,19
4503,30,19,4119
8619,4503,4119,45
19,8619,45,21
4119,19,21,3
45,4119,3,276
21,45,276,79
3,21,79,8619
276,3,8619,9571
79,276,9571,4
8619,79,4,7115
9571,8619,7115,3453
4,9571,3453,4
7115,4,4,4771
3453,7115,4771,99
4,3453,99,30
4771,4,30,5689
99,4771,5689,1903
30,99,1903,24
5689,30,24,118
1903,5689,118,8619
24,1903,8619,19
118,24,19,8325
8619,118,8325,1903
19,8619,1903,79
8325,19,79,6085
1903,8325,6085,562
79,1903,562,140
6085,79,140,30
562,6085,30,740
140,562,740,3
30,140,3,5689
740,30,5689,57
3,740,57,24
5689,3,24,118
57,5689,118,8619
24,57,8619,4
118,24,4,52
8619,118,52,30
