1111,1324,419,1323
23096,1111,1323,4
419,23096,4,1961
1323,419,1961,299
4,1323,299,309
1961,4,309,36
299,1961,36,887
309,299,887,11
36,309,11,44
887,36,44,11
11,887,11,253
44,11,253,106
11,44,106,9
253,11,9,58
106,253,58,127
9,106,127,94
58,9,94,138
127,58,138,27
94,127,27,12
138,94,12,1986
27,138,1986,2691
12,27,2691,87
1986,12,87,11
2691,1986,11,178
87,2691,178,2
11,87,2,78
178,11,78,32
2,178,32,252
78,2,252,40
32,78,40,6607
252,32,6607,665
40,252,665,574
6607,40,574,4
665,6607,4,101
574,665,101,3
4,574,3,2163
101,4,2163,1060
3,101,1060,4
2163,3,4,640
1060,2163,640,199
4,1060,199,7553
640,4,7553,178
199,640,178,27
7553,199,27,34
178,7553,34,192
27,178,192,52
34,27,52,11
192,34,11,115
52,192,115,11
11,52,11,913
115,11,913,11828
11,115,11828,34
913,11,34,93
11828,913,93,2
34,11828,2,182
93,34,182,41
2,93,41,4053
182,2,4053,7
41,182,7,113
4053,41,113,30
7,4053,30,34
113,7,34,137
30,113,137,2
34,30,2,306
137,34,306,7053
2,137,7053,5
306,2,5,45
7053,306,45,41
5,7053,41,65
45,5,65,30
41,45,30,16
65,41,16,1649
30,65,1649,101
16,30,101,84
1649,16,84,25505
101,1649,25505,19
84,101,19,589
25505,84,589,541
19,25505,541,164
589,19,164,9
541,589,9,1565
164,541,1565,4
9,164,4,4803
1565,9,4803,15
4,1565,15,48
4803,4,48,22482
15,4803,22482,4
48,15,4,954
22482,48,954,8
4,22482,8,13
954,4,13,1830
8,954,1830,20
13,8,20,43
1830,13,43,127
20,1830,127,69
43,20,69,714
127,43,714,10
69,127,10,121
714,69,121,17
10,714,17,2657
121,10,2657,53
17,121,53,358
2657,17,358,5
53,2657,5,105
358,53,105,4399
5,358,4399,370
105,5,370,285
4399,105,285,20
370,4399,20,85
285,370,85,1482
20,285,1482,76
85,20,76,162
1482,85,162,211
76,1482,211,363
162,76,363,5346
211,162,5346,18
363,211,18,1991
5346,363,1991,3
18,5346,3,317
1991,18,317,3
3,1991,3,1946
317,3,1946,121
3,317,121,38
1946,3,38,94
121,1946,94,689
38,121,689,1780
94,38,1780,6
689,94,6,11828
1780,689,11828,1211
6,1780,1211,2117
11828,6,2117,5
1211,11828,5,27
2117,1211,27,267
5,2117,267,34
27,5,34,803
267,27,803,2
34,267,2,317
803,34,317,5
2,803,5,38
317,2,38,83
5,317,83,52
38,5,52,38
83,38,38,94
52,83,94,689
38,52,689,782
94,38,782,21
689,94,21,859
782,689,859,2
21,782,2,239
859,21,239,464
2,859,464,45
239,2,45,14
464,239,14,3
45,464,3,488
14,45,488,1106
3,14,1106,100
488,3,100,2
1106,488,2,865
100,1106,865,1590
2,100,1590,351
865,2,351,1978
1590,865,1978,12242
351,1590,12242,2725
1978,351,2725,187
12242,1978,187,23
2725,12242,23,326
187,2725,326,8742
23,187,8742,1132
326,23,1132,259
8742,326,259,848
1132,8742,848,419
259,1132,419,2876
848,259,2876,4
419,848,4,643
2876,419,643,1573
4,2876,1573,26
643,4,26,219
1573,643,219,522
26,1573,522,19
219,26,19,808
522,219,808,2149
19,522,2149,210
808,19,210,1060
2149,808,1060,31
210,2149,31,62
1060,210,62,198
31,1060,198,622
62,31,622,24
198,62,24,4826
622,198,4826,3
24,622,3,4421
4826,24,4421,537
3,4826,537,70
4421,3,70,11828
537,4421,11828,7
70,537,7,2
11828,70,2,5185
7,11828,5185,10
2,7,10,128
5185,2,128,9379
10,5185,9379,9
128,10,9,155
9379,128,155,133
9,9379,133,1556
155,9,1556,1103
133,155,1103,373
1556,133,373,1167
1103,1556,1167,4
373,1103,4,308
1167,373,308,14216
4,1167,14216,100
308,4,100,82
14216,308,82,1422
100,14216,1422,7553
82,100,7553,1705
1422,82,1705,5
7553,1422,5,11828
1705,7553,11828,5049
5,1705,5049,4
11828,5,4,4320
5049,11828,4320,8742
4,5049,8742,44
4320,4,44,90
8742,4320,90,5
44,8742,5,45
90,44,45,541
5,90,541,168
45,5,168,22
541,45,22,2876
168,541,2876,104
22,168,104,44
2876,22,44,16
104,2876,16,39
44,104,39,4079
16,44,4079,615
39,16,615,9
4079,39,9,2
615,4079,2,2381
9,615,2381,483
2,9,483,4
2381,2,4,2
483,2381,2,41308
4,483,41308,41
2,4,41,1929
41308,2,1929,290
41,41308,290,90
1929,41,90,5
290,1929,5,148
90,290,148,8
5,90,8,4375
148,5,4375,130
8,148,130,872
4375,8,872,4
130,4375,4,7
872,130,7,3
4,872,3,20
7,4,20,418
3,7,418,16
20,3,16,183
418,20,183,148
16,418,148,8
183,16,8,16
148,183,16,8747
8,148,8747,45
16,8,45,270
8747,16,270,46
45,8747,46,45
270,45,45,14
46,270,14,3
45,46,3,244
14,45,244,6
3,14,6,2
244,3,2,236
6,244,236,8
2,6,8,488
236,2,488,73
8,236,73,2
488,8,2,543
73,488,543,45
2,73,45,14
543,2,14,3
45,543,3,488
14,45,488,1106
3,14,1106,59
488,3,59,26
1106,488,26,155
59,1106,155,56
26,59,56,23
155,26,23,330
56,155,330,8742
23,56,8742,2
330,23,2,159
8742,330,159,839
2,8742,839,379
159,2,379,2076
839,159,2076,4
379,839,4,2735
2076,379,2735,3455
4,2076,3455,16028
2735,4,16028,12281
3455,2735,12281,44
16028,3455,44,3103
12281,16028,3103,7
44,12281,7,3898
3103,44,3898,61
7,3103,61,39
3898,7,39,232
61,3898,232,207
39,61,207,44
232,39,44,4
207,232,4,90
44,207,90,5
4,44,5,81
90,4,81,1424
5,90,1424,408
81,5,408,5
1424,81,5,81
408,1424,81,6
5,408,6,209
81,5,209,16
6,81,16,24
209,6,24,56
16,209,56,5
24,16,5,20
56,24,20,418
5,56,418,326
20,5,326,8742
418,20,8742,583
326,418,583,2
8742,326,2,5984
583,8742,5984,958
2,583,958,419
5984,2,419,1573
958,5984,1573,4996
419,958,4996,3
1573,419,3,22
4996,1573,22,2089
3,4996,2089,848
22,3,848,5551
2089,22,5551,419
848,2089,419,2876
5551,848,2876,41
419,5551,41,65
2876,419,65,13190
41,2876,13190,389
65,41,389,8
13190,65,8,1273
389,13190,1273,9
8,389,9,1565
1273,8,1565,4
9,1273,4,543
1565,9,543,2396
4,1565,2396,3338
543,4,3338,22303
2396,543,22303,4
3338,2396,4,22
22303,3338,22,872
4,22303,872,3
22,4,3,2
872,22,2,14089
3,872,14089,1767
2,3,1767,6
14089,2,6,3279
1767,14089,3279,24508
6,1767,24508,5
3279,6,5,24486
24508,3279,24486,826
5,24508,826,4208
24486,5,4208,159
826,24486,159,1609
4208,826,1609,2756
159,4208,2756,823
1609,159,823,2076
2756,1609,2076,44
823,2756,44,22
2076,823,22,911
44,2076,911,1891
22,44,1891,7
911,22,7,8
1891,911,8,430
7,1891,430,77
8,7,77,3930
430,8,3930,56
77,430,56,157
3930,77,157,6903
56,3930,6903,6183
157,56,6183,22303
6903,157,22303,555
6183,6903,555,24151
22303,6183,24151,1224
555,22303,1224,5
24151,555,5,2
1224,24151,2,529
5,1224,529,5311
2,5,5311,7151
529,2,7151,6
5311,529,6,22
7151,5311,22,4459
6,7151,4459,3
22,6,3,62
4459,22,62,62
3,4459,62,11
62,3,11,1080
62,62,1080,9
11,62,9,447
1080,11,447,20
9,1080,20,7
447,9,7,67
20,447,67,2131
7,20,2131,4844
67,7,4844,7151
2131,67,7151,4
4844,2131,4,30
7151,4844,30,18
4,7151,18,2
30,4,2,2148
18,30,2148,15
2,18,15,6021
2148,2,6021,5
15,2148,5,15147
6021,15,15147,4
5,6021,4,2
15147,5,2,2148
4,15147,2148,15
2,4,15,6021
2148,2,6021,5
15,2148,5,84234
6021,15,84234,2173
5,6021,2173,6252
84234,5,6252,2131
2173,84234,2131,34
6252,2173,34,296
2131,6252,296,22303
34,2131,22303,13729
296,34,13729,6
22303,296,6,343
13729,22303,343,5
6,13729,5,2
343,6,2,7802
5,343,7802,191
2,5,191,15334
7802,2,15334,11
191,7802,11,44
15334,191,44,11
11,15334,11,1364
44,11,1364,362
11,44,362,686
1364,11,686,4
362,1364,4,538
686,362,538,9
4,686,9,89
538,4,89,4
9,538,4,22
89,9,22,872
4,89,872,3
22,4,3,1920
872,22,1920,9
3,872,9,61
1920,3,61,3
9,1920,3,378
61,9,378,66
3,61,66,29
378,3,29,22303
66,378,22303,178
29,66,178,11
22303,29,11,34
178,22303,34,68
11,178,68,147
34,11,147,3
68,34,3,789
147,68,789,51
3,147,51,11
789,3,11,1364
51,789,1364,24
11,51,24,95
1364,11,95,31
24,1364,31,16
95,24,16,186
31,95,186,1080
16,31,1080,25
186,16,25,73
1080,186,73,90
25,1080,90,45
73,25,45,164
90,73,164,6
45,90,6,11828
164,45,11828,11
6,164,11,13
11828,6,13,5585
11,11828,5585,537
13,11,537,4
5585,13,4,3487
537,5585,3487,196
4,537,196,3338
3487,4,3338,22303
196,3487,22303,555
3338,196,555,61
22303,3338,61,550
555,22303,550,3474
61,555,3474,7151
550,61,7151,8
3474,550,8,514
7151,3474,514,103
8,7151,103,2148
514,8,2148,5
103,514,5,2131
2148,103,2131,3
5,2148,3,296
2131,5,296,22
3,2131,22,13729
296,3,13729,6
22,296,6,187
13729,22,187,191
6,13729,191,6183
187,6,6183,801
191,187,801,83
6183,191,83,9427
801,6183,9427,27906
83,801,27906,43
9427,83,43,4
27906,9427,4,4964
43,27906,4964,6
4,43,6,994
4964,4,994,7
6,4964,7,2
994,6,2,419
7,994,419,938
2,7,938,4
419,2,4,6
938,419,6,343
4,938,343,5
6,4,5,2
343,6,2,529
5,343,529,4424
2,5,4424,30
529,2,30,40
4424,529,40,147
30,4424,147,419
40,30,419,3
147,40,3,1361
419,147,1361,1903
3,419,1903,102
1361,3,102,45
1903,1361,45,31
102,1903,31,40
45,102,40,14
31,45,14,3
40,31,3,123
14,40,123,67
3,14,67,1767
123,3,1767,4
67,123,4,67
1767,67,67,8132
4,1767,8132,1364
67,4,1364,6
8132,67,6,5504
1364,8132,5504,11
6,1364,11,1686
5504,6,1686,133
11,5504,133,105
1686,11,105,4
133,1686,4,288
105,133,288,191
4,105,191,7
288,4,7,11102
191,288,11102,1517
7,191,1517,15
11102,7,15,196
1517,11102,196,136
15,1517,136,836
196,15,836,4
136,196,4,2
836,136,2,105
4,836,105,213
2,4,213,8
105,2,8,13
213,105,13,585
8,213,585,3
13,8,3,2
585,13,2,3721
3,585,3721,10
2,3,10,2
3721,2,2,255
10,3721,255,11
2,10,11,913
255,2,913,34
11,255,34,93
913,11,93,901
34,913,901,75
93,34,75,127
901,93,127,69
75,901,69,64
127,75,64,323
69,127,323,54
64,69,54,107
323,64,107,85
54,323,85,484
107,54,484,56
85,107,56,53
484,85,53,7
56,484,7,110
53,56,110,3
7,53,3,17
110,7,17,2
3,110,2,182
17,3,182,5
2,17,5,8941
182,2,8941,19
5,182,19,536
8941,5,536,210
19,8941,210,12960
536,19,12960,7419
210,536,7419,4
12960,210,4,3045
7419,12960,3045,958
4,7419,958,2
3045,4,2,84209
958,3045,84209,2455
2,958,2455,503
84209,2,503,746
2455,84209,746,76014
503,2455,76014,4208
746,503,4208,1672
76014,746,1672,29638
4208,76014,29638,243
1672,4208,243,8058
29638,1672,8058,4364
243,29638,4364,12
8058,243,12,2
4364,8058,2,55
12,4364,55,5
2,12,5,19607
55,2,19607,3601
5,55,3601,958
19607,5,958,22
3601,19607,22,1364
958,3601,1364,273
22,958,273,2893
1364,22,2893,7799
273,1364,7799,29638
2893,273,29638,31
7799,2893,31,7
29638,7799,7,1910
31,29638,1910,24
7,31,24,1423
1910,7,1423,13487
24,1910,13487,420
1423,24,420,3127
13487,1423,3127,1294
420,13487,1294,4
3127,420,4,1563
1294,3127,1563,211
4,1294,211,62
1563,4,62,3
211,1563,3,55
62,211,55,622
3,62,622,24
55,3,24,780
622,55,780,7419
24,622,7419,3
780,24,3,3045
7419,780,3045,33
3,7419,33,14
3045,3,14,3
33,3045,3,3705
14,33,3705,81
3,14,81,3656
3705,3,3656,25
81,3705,25,8
3656,81,8,26
25,3656,26,25
8,25,25,1173
26,8,1173,73
25,26,73,3045
1173,25,3045,52
73,1173,52,2031
3045,73,2031,3978
52,3045,3978,10
2031,52,10,11
3978,2031,11,28
10,3978,28,9
11,10,9,29638
28,11,29638,290
9,28,290,6
29638,9,6,11828
290,29638,11828,7
6,290,7,37
11828,6,37,2008
7,11828,2008,9
37,7,9,325
2008,37,325,4
9,2008,4,2489
325,9,2489,9
4,325,9,1375
2489,4,1375,10
9,2489,10,2
1375,9,2,5900
10,1375,5900,11
2,10,11,2697
5900,2,2697,122
11,5900,122,400
2697,11,400,15
122,2697,15,6911
400,122,6911,157
15,400,157,1907
6911,15,1907,2103
157,6911,2103,710
1907,157,710,171
2103,1907,171,3537
710,2103,3537,8
171,710,8,8319
3537,171,8319,4
8,3537,4,3158
8319,8,3158,3948
4,8319,3948,418
3158,4,418,6
3948,3158,6,59
418,3948,59,572
6,418,572,148
59,6,148,505
572,59,505,45
148,572,45,8
505,148,8,33
45,505,33,18
8,45,18,228
33,8,228,112
18,33,112,542
228,18,542,9
112,228,9,66
542,112,66,16
9,542,16,64
66,9,64,752
16,66,752,112
64,16,112,542
752,64,542,11
112,752,11,28
542,112,28,59
11,542,59,45
28,11,45,16
59,28,16,1411
45,59,1411,2539
16,45,2539,4
1411,16,4,6258
2539,1411,6258,26
4,2539,26,1966
6258,4,1966,48
26,6258,48,37
1966,26,37,5254
48,1966,5254,22
37,48,22,911
5254,37,911,1891
22,5254,1891,7
911,22,7,8
1891,911,8,2
7,1891,2,1125
8,7,1125,1907
2,8,1907,73
1125,2,73,4
1907,1125,4,3537
73,1907,3537,36
4,73,36,4030
3537,4,4030,34
36,3537,34,4247
4030,36,4247,1919
34,4030,1919,290
4247,34,290,6
1919,4247,6,157
290,1919,157,29
6,290,29,11
157,6,11,44
29,157,44,961
11,29,961,4603
44,11,4603,37
961,44,37,157
4603,961,157,105
37,4603,105,4
157,37,4,288
105,157,288,475
4,105,475,7
288,4,7,2
475,288,2,349
7,475,349,373
2,7,373,11
349,2,11,44
373,349,44,27
11,373,27,735
44,11,735,222
27,44,222,6
735,27,6,11828
222,735,11828,15
6,222,15,2
11828,6,2,831
15,11828,831,655
2,15,655,20
831,2,20,85
655,831,85,45
20,655,45,52
85,20,52,26
45,85,26,16
52,45,16,360
26,52,360,16
16,26,16,110
360,16,110,3
16,360,3,17
110,16,17,360
3,110,360,9
17,3,9,27
360,17,27,29
9,360,29,45
27,9,45,25
29,27,25,14
45,29,14,27
25,45,27,87
14,25,87,1601
27,14,1601,55
87,27,55,302
1601,87,302,89
55,1601,89,4
302,55,4,26
89,302,26,16
4,89,16,1686
26,4,1686,37
16,26,37,51
1686,16,51,11
37,1686,11,34
51,37,34,25
11,51,25,25
34,11,25,7
25,34,7,2179
25,25,2179,7
7,25,7,34
2179,7,34,251
7,2179,251,8
34,7,8,2
251,34,2,9263
8,251,9263,1907
2,8,1907,11
9263,2,11,913
1907,9263,913,1883
11,1907,1883,20
913,11,20,127
1883,913,127,69
20,1883,69,13
127,20,13,3440
69,127,3440,409
13,69,409,133
3440,13,133,34
409,3440,34,469
133,409,469,241
34,133,241,75
469,34,75,85
241,469,85,4
75,241,4,34
85,75,34,1429
4,85,1429,76
34,4,76,70
1429,34,70,100
76,1429,100,478
70,76,478,3
100,70,3,4319
478,100,4319,3
3,478,3,11828
4319,3,11828,53
3,4319,53,7
11828,3,7,131
53,11828,131,136
7,53,136,2
131,7,2,1883
136,131,1883,36
2,136,36,2
1883,2,2,11195
36,1883,11195,6
2,36,6,143
11195,2,143,35
6,11195,35,270
143,6,270,120
35,143,120,45
270,35,45,16
120,270,16,2270
45,120,2270,54
16,45,54,210
2270,16,210,5
54,2270,5,4620
210,54,4620,16
5,210,16,33
4620,5,33,12
2,6,1012,27
9587,2,27,68
1012,9587,68,28
27,1012,28,11
68,27,11,6026
28,68,6026,5
11,28,5,263
6026,11,263,63
5,6026,63,1726
263,5,1726,657
63,263,657,297
1726,63,297,6
657,1726,6,1268
297,657,1268,1078
6,297,1078,228
1268,6,228,9
1078,1268,9,2
228,1078,2,31127
9,228,31127,5
2,9,5,890
31127,2,890,754
5,31127,754,4372
890,5,4372,4
754,890,4,28
4372,754,28,11
4,4372,11,40
28,4,40,4503
11,28,4503,88
40,11,88,5
4503,40,5,9286
88,4503,9286,554
5,88,554,1323
9286,5,1323,52
554,9286,52,11
1323,554,11,7
52,1323,7,612
11,52,612,7643
7,11,7643,2133
612,7,2133,58
7643,612,58,287
2133,7643,287,877
58,2133,877,3
287,58,3,336
877,287,336,829
3,877,829,5
336,3,5,22
829,336,22,240
5,829,240,3
22,5,3,224
240,22,224,15
3,240,15,464
224,3,464,1926
15,224,1926,29
464,15,29,2
1926,464,2,518
29,1926,518,15
2,29,15,2641
518,2,2641,40
15,518,40,963
2641,15,963,2
40,2641,2,372
963,40,372,1356
2,963,1356,6
372,2,6,43
1356,372,43,188
6,1356,188,455
43,6,455,3279
188,43,3279,25531
455,188,25531,40
3279,455,40,628
25531,3279,628,3
40,25531,3,89
628,40,89,7
3,628,7,40
89,3,40,18
7,89,18,64
40,7,64,255
18,40,255,876
64,18,876,3
255,64,3,89
876,255,89,27
3,876,27,28
89,3,28,5
27,89,5,76437
28,27,76437,183
5,28,183,60
76437,5,60,7
183,76437,7,40
60,183,40,243
7,60,243,2
40,7,2,182
243,40,182,5
2,243,5,1020
182,2,1020,12
5,182,12,539
1020,5,539,87
12,1020,87,4694
539,12,4694,30
87,539,30,18
4694,87,18,2780
30,4694,2780,191
18,30,191,74
2780,18,74,539
191,2780,539,11
74,191,11,28
539,74,28,6
11,539,6,13750
28,11,13750,407
6,28,407,23
13750,6,23,22
407,13750,22,27
23,407,27,2841
22,23,2841,266
27,22,266,6
