45,41,2297,65
6,45,65,367
2297,6,367,126
65,2297,126,203
367,65,203,20
126,367,20,63
203,126,63,11
20,203,11,44960
63,20,44960,1751
11,63,1751,22
44960,11,22,66
1751,44960,66,2
22,1751,2,4
66,22,4,3634
2,66,3634,2952
4,2,2952,2
3634,4,2,1597
2952,3634,1597,11
2,2952,11,4
1597,2,4,22
11,1597,22,69
4,11,69,3030
22,4,3030,33824
69,22,33824,6
3030,69,6,4
33824,3030,4,607
6,33824,607,400
4,6,400,15
607,4,15,45
400,607,45,31
15,400,31,16
45,15,16,131
31,45,131,1237
16,31,1237,3
131,16,3,248
1237,131,248,81
3,1237,81,93
248,3,93,36960
81,248,36960,498
93,81,498,7
36960,93,7,86
498,36960,86,595
7,498,595,58
86,7,58,127
595,86,127,94
58,595,94,3
127,58,3,1818
94,127,1818,2
3,94,2,41
1818,3,41,2126
2,1818,2126,1152
41,2,1152,2
2126,41,2,965
1152,2126,965,983
2,1152,983,218
965,2,218,3
983,965,3,9257
218,983,9257,6
3,218,6,4
9257,3,4,8361
6,9257,8361,288
4,6,288,3109
8361,4,3109,159
288,8361,159,410
3109,288,410,636
159,3109,636,827
410,159,827,189
636,410,189,644
827,636,644,7926
189,827,7926,8
644,189,8,122
7926,644,122,128
8,7926,128,1038
122,8,1038,66
128,122,66,18
1038,128,18,47
66,1038,47,1049
18,66,1049,201
47,18,201,42
1049,47,42,9
201,1049,9,42534
42,201,42534,26
9,42,26,821
42534,9,821,47
26,42534,47,2
821,26,2,182
47,821,182,568
2,47,568,9
182,2,9,798
568,182,798,5
9,568,5,157
798,9,157,159
5,798,159,1331
157,5,1331,117
159,157,117,1987
1331,159,1987,3069
117,1331,3069,13
1987,117,13,2453
3069,1987,2453,94174
13,3069,94174,15
2453,13,15,1668
94174,2453,1668,7709
15,94174,7709,70
1668,15,70,80
7709,1668,80,7183
70,7709,7183,222
80,70,222,73
7183,80,73,117
222,7183,117,866
73,222,866,457
117,73,457,4555
866,117,4555,4
457,866,4,638
4555,457,638,193
4,4555,193,5519
638,4,5519,720
193,638,720,4095
5519,193,4095,427
720,5519,427,3
4095,720,3,323
427,4095,323,23
3,427,23,3035
323,3,3035,479
23,323,479,188
3035,23,188,2327
479,3035,2327,4
188,479,4,1906
2327,188,1906,2191
4,2327,2191,5
1906,4,5,222
2191,1906,222,6
5,2191,6,104786
222,5,104786,11
6,222,11,132
104786,6,132,17
11,104786,17,6428
132,11,6428,6
17,132,6,22
6428,17,22,3439
6,6428,3439,3
22,6,3,2201
3439,22,2201,2297
3,3439,2297,1938
2201,3,1938,8
2297,2201,8,690
1938,2297,690,40
8,1938,40,17
690,8,17,325
40,690,325,94
17,40,94,3
325,17,3,345
94,325,345,22
3,94,22,97
345,3,97,6
22,345,6,377
97,22,377,25
6,97,25,7
377,6,7,12761
25,377,12761,23
7,25,23,325
12761,7,325,159
23,12761,159,2170
325,23,2170,498
159,325,498,7
2170,159,7,18
498,2170,18,72
7,498,72,42
18,7,42,7773
72,18,7773,8
42,72,8,918
7773,42,918,162
8,7773,162,4
918,8,4,58
162,918,58,289
4,162,289,895
58,4,895,3
289,58,3,720
895,289,720,89
3,895,89,2
720,3,2,4
89,720,4,22581
2,89,22581,2002
4,2,2002,10654
22581,4,10654,12743
2002,22581,12743,6
10654,2002,6,85
12743,10654,85,11
6,12743,11,13
85,6,13,2
11,85,2,1168
13,11,1168,164
2,13,164,72
1168,2,72,2
164,1168,2,2287
72,164,2287,47467
2,72,47467,6
2287,2,6,20
47467,2287,20,237
6,47467,237,87
20,6,87,7
237,20,7,299
87,237,299,37
7,87,37,70
299,7,70,7
37,299,7,569
70,37,569,21
7,70,21,1229
569,7,1229,37
21,569,37,131
1229,21,131,1237
37,1229,1237,30
131,37,30,18
1237,131,18,2
30,1237,2,1565
18,30,1565,2060
2,18,2060,53
1565,2,53,52
2060,1565,52,10
53,2060,10,147
52,53,147,4101
10,52,4101,2102
147,10,2102,1729
4101,147,1729,10
2102,4101,10,11
1729,2102,11,28
10,1729,28,37647
11,10,37647,579
28,11,579,22
37647,28,22,592
579,37647,592,6
22,579,6,410
592,22,410,289
6,592,289,7
410,6,7,569
289,410,569,21
7,289,21,1229
569,7,1229,37
21,569,37,131
1229,21,131,1419
37,1229,1419,26
131,37,26,415
1419,131,415,377
26,1419,377,72
415,26,72,1695
377,415,1695,7
72,377,7,569
1695,72,569,1229
7,1695,1229,37
569,7,37,131
1229,569,131,910
37,1229,910,5
131,37,5,157
910,131,157,129
5,910,129,129
157,5,129,5
129,157,5,70
129,129,70,31
5,129,31,101
70,5,101,84
31,70,84,16
101,31,16,100967
84,101,100967,16
16,84,16,45
100967,16,45,130
16,100967,130,542
45,16,542,5
130,45,5,376
542,130,376,26
5,542,26,16
376,5,16,622
26,376,622,1450
16,26,1450,2807
622,16,2807,1292
1450,622,1292,801
2807,1450,801,3
1292,2807,3,45
801,1292,45,11
3,801,11,28
45,3,28,126
11,45,126,452
28,11,452,183
126,28,183,6061
452,126,6061,22778
183,452,22778,22
6061,183,22,4437
22778,6061,4437,1184
22,22778,1184,37
4437,22,37,129
1184,4437,129,5
37,1184,5,70
129,37,70,130
5,129,130,262
70,5,262,7
130,70,7,21
262,130,21,3
7,262,3,1891
21,7,1891,37
3,21,37,95
1891,3,95,45
37,1891,45,2102
95,37,2102,208
45,95,208,1463
2102,45,1463,81
208,2102,81,8
1463,208,8,26
81,1463,26,121
8,81,121,123
26,8,123,520
121,26,520,1445
123,121,1445,4
520,123,4,299
1445,520,299,9
4,1445,9,38
299,4,38,38626
9,299,38626,10
38,9,10,21
38626,38,21,72
10,38626,72,5492
21,10,5492,690
72,21,690,1818
5492,72,1818,457
690,5492,457,688
1818,690,688,779
457,1818,779,6
688,457,6,109
779,688,109,2
6,779,2,3067
109,6,3067,240
2,109,240,8
3067,2,8,52
240,3067,52,4495
8,240,4495,40
52,8,40,18
4495,52,18,1288
40,4495,1288,10373
18,40,10373,642
1288,18,642,3
10373,1288,3,348
642,10373,348,4994
3,642,4994,1237
348,3,1237,169
4994,348,169,5
1237,4994,5,6038
169,1237,6038,70
5,169,70,9626
6038,5,9626,24
70,6038,24,2775
9626,70,2775,3226
24,9626,3226,4
2775,24,4,338
3226,2775,338,214
4,3226,214,2
338,4,2,149
214,338,149,2
2,214,2,57
149,2,57,2588
2,149,2588,1009
57,2,1009,40
2588,57,40,18
1009,2588,18,47
40,1009,47,3042
18,40,3042,203
47,18,203,2
3042,47,2,690
203,3042,690,711
2,203,711,453
690,2,453,3
711,690,3,22
453,711,22,627
3,453,627,3
22,3,3,2715
627,22,2715,1961
3,627,1961,299
2715,3,299,309
1961,2715,309,4
299,1961,4,10
309,299,10,2353
4,309,2353,9
10,4,9,1237
2353,10,1237,10
9,2353,10,21
1237,9,21,490
10,1237,490,3
21,10,3,137
490,21,137,62
3,490,62,690
137,3,690,40
62,137,40,17
690,62,17,19075
40,690,19075,19
17,40,19,76
19075,17,76,5
19,19075,5,183
76,19,183,255
5,76,255,121
183,5,121,11
255,183,11,1292
121,255,1292,516
11,121,516,3
1292,11,3,296
516,1292,296,9
3,516,9,63
821,30,4,1766
295,821,1766,12
4,295,12,212
1766,4,212,7
12,1766,7,113
212,12,113,11142
7,212,11142,44
113,7,44,16270
11142,113,16270,146
44,11142,146,2
16270,44,2,131
146,16270,131,3594
2,146,3594,173
131,2,173,329
3594,131,329,2700
173,3594,2700,7389
329,173,7389,25
2700,329,25,212
7389,2700,212,55
25,7389,55,1403
212,25,1403,2364
55,212,2364,4
1403,55,4,93
2364,1403,93,12
4,2364,12,15
93,4,15,10
12,93,10,11
15,12,11,134
10,15,134,390
11,10,390,1079
134,11,1079,5063
390,134,5063,12
1079,390,12,39
5063,1079,39,13534
12,5063,13534,25
39,12,25,596
13534,39,596,15
25,13534,15,58
596,25,58,28
15,596,28,16270
58,15,16270,30
28,58,30,147
16270,28,147,2031
30,16270,2031,6
147,30,6,53
2031,147,53,3
6,2031,3,25
53,6,25,262
3,53,262,4
25,3,4,72
262,25,72,93
4,262,93,12
72,4,12,15
93,72,15,74666
12,93,74666,4
15,12,4,679
74666,15,679,31
4,74666,31,1551
679,4,1551,15
31,679,15,162
1551,31,162,28
15,1551,28,11
162,15,11,7
28,162,7,1066
11,28,1066,8
7,11,8,76
1066,7,76,58
8,1066,58,18
76,8,18,516
58,76,516,3
18,58,3,2403
516,18,2403,2
3,516,2,287
2403,3,287,126
2,2403,126,80
287,2,80,454
126,287,454,2
80,126,2,94
454,80,94,3
2,454,3,63000
94,2,63000,1066
3,94,1066,45
63000,3,45,55
1066,63000,55,96
45,1066,96,8
55,45,8,2279
96,55,2279,126
8,96,126,26
2279,8,26,80
126,2279,80,116
26,126,116,31
80,26,31,287
116,80,287,7
31,116,7,11
287,31,11,28
7,287,28,10
11,7,10,132
28,11,132,17
10,28,17,8
132,10,8,11
17,132,11,1306
8,17,1306,2
11,8,2,287
1306,11,287,8
2,1306,8,25
287,2,25,15017
8,287,15017,2866
25,8,2866,8
15017,25,8,10
2866,15017,10,40
8,2866,40,17
10,8,17,131
40,10,131,490
17,40,490,3
131,17,3,920
490,131,920,2
3,490,2,106
920,3,106,102
2,920,102,89
106,2,89,57
102,106,57,65
89,102,65,356
57,89,356,1039
65,57,1039,1235
356,65,1235,8
1039,356,8,265
1235,1039,265,115
8,1235,115,18
265,8,18,3
115,265,3,144
18,115,144,287
3,18,287,29
144,3,29,113
287,144,113,53
29,287,53,121
113,29,121,17
53,113,17,2
121,53,2,106
17,121,106,5
2,17,5,376
106,2,376,30
5,106,30,18
376,5,18,104
30,376,104,185
18,30,185,4
104,18,4,5
185,104,5,376
4,185,376,356
5,4,356,16
376,5,16,646
356,376,646,1039
16,356,1039,28
646,16,28,356
1039,646,356,16
28,1039,16,344
356,28,344,4
16,356,4,7
344,16,7,569
4,344,569,21
7,4,21,254
569,7,254,2
21,569,2,58
254,21,58,387
2,254,387,13
58,2,13,3
387,58,3,106
13,387,106,9
3,13,9,3164
106,3,3164,71
9,106,71,2061
3164,9,2061,7
71,3164,7,40
2061,71,40,208
7,2061,208,44
40,7,44,8
208,40,8,29
44,208,29,2
8,44,2,3523
29,8,3523,3
2,29,3,514
3523,2,514,2
3,3523,2,428
514,3,428,77
2,514,77,549
428,2,549,7389
77,428,7389,9
549,77,9,41
7389,549,41,65
9,7389,65,2
41,9,2,66
65,41,66,4
2,65,4,8
66,2,8,40
4,66,40,17
8,4,17,1049
40,8,1049,12832
17,40,12832,1039
1049,17,1039,28
12832,1049,28,387
1039,12832,387,31
28,1039,31,10
387,28,10,12
31,387,12,265
10,31,265,625
12,10,625,369
265,12,369,68
625,265,68,1188
369,625,1188,594
68,369,594,37
1188,68,37,2
594,1188,2,741
37,594,741,316
2,37,316,8
741,2,8,3233
316,741,3233,248
8,316,248,221
3233,8,221,972
248,3233,972,79
221,248,79,6433
972,221,6433,5
79,972,5,42
6433,79,42,5
5,6433,5,4
42,5,4,3203
5,42,3203,731
4,5,731,3346
3203,4,3346,26
731,3203,26,415
3346,731,415,1379
26,3346,1379,3233
415,26,3233,3
1379,415,3,392
3233,1379,392,2
3,3233,2,531
392,3,531,8
2,392,8,115
531,2,115,21
8,531,21,1027
115,8,1027,830
21,115,830,4
1027,21,4,7
830,1027,7,821
4,830,821,295
7,4,295,2
821,7,2,255
295,821,255,15
2,295,15,8
255,2,8,20
15,255,20,7
8,15,7,2
20,8,2,131
7,20,131,2223
2,7,2223,139
131,2,139,11
2223,131,11,28
139,2223,28,2962
11,139,2962,3233
28,11,3233,3
2962,28,3,25
3233,2962,25,20
3,3233,20,77
25,3,77,303
20,25,303,2
77,20,2,718
303,77,718,3123
2,303,3123,8
718,2,8,77
3123,718,77,345
8,3123,345,3
77,8,3,57
345,77,57,553
3,345,553,454
57,3,454,38
553,57,38,2778
454,553,2778,3175
38,454,3175,11
2778,38,11,28
3175,2778,28,370
11,3175,370,8
28,11,8,531
370,28,531,7
8,370,7,146
531,8,146,10
7,531,10,55
146,7,55,117
10,146,117,61
55,10,61,6
117,55,6,435
61,117,435,5
6,61,5,3241
435,6,3241,1039
5,435,1039,28
3241,5,28,53
1039,3241,53,64
28,1039,64,117
53,28,117,3
64,53,3,7155
117,64,7155,5
3,117,5,20
7155,3,20,7
5,7155,7,113
20,5,113,30
7,20,30,147
113,7,147,3
30,113,3,762
147,30,762,83
3,147,83,4
762,3,4,245
83,762,245,803
4,83,803,188
245,4,188,11
803,245,11,453
21,7,59,10
507,21,10,739
59,507,739,29
10,59,29,23
739,10,23,76
29,739,76,173
23,29,173,58
76,23,58,97
173,76,97,8967
58,173,8967,402
97,58,402,5
8967,97,5,4621
402,8967,4621,3
5,402,3,162
4621,5,162,928
3,4621,928,10
162,3,10,608
928,162,608,15
10,928,15,1761
608,10,1761,97
15,608,97,578
1761,15,578,36
97,1761,36,421
578,97,421,39
36,578,39,36
421,36,36,1457
39,421,1457,222
36,39,222,39017
1457,36,39017,1703
222,1457,1703,82
39017,222,82,7
1703,39017,7,4240
82,1703,4240,25
7,82,25,116
4240,7,116,29
25,4240,29,10
116,25,10,314
29,116,314,84
10,29,84,8
314,10,8,202
84,314,202,7
8,84,7,64
202,8,64,752
7,202,752,2
64,7,2,2132
752,64,2132,3437
2,752,3437,97
2132,2,97,2
3437,2132,2,97
97,3437,97,8
2,97,8,609
97,2,609,2384
8,97,2384,17348
609,8,17348,73
2384,609,73,5015
17348,2384,5015,8567
73,17348,8567,4
5015,73,4,138
8567,5015,138,27
4,8567,27,4
138,4,4,1460
27,138,1460,931
4,27,931,4
1460,4,4,2842
931,1460,2842,1560
4,931,1560,3
2842,4,3,296
1560,2842,296,9
3,1560,9,1522
296,3,1522,266
9,296,266,6
1522,9,6,133
266,1522,133,13
6,266,13,182
133,6,182,10
13,133,10,43506
182,13,43506,33
10,182,33,234
43506,10,234,23
33,43506,23,62
234,33,62,58
23,234,58,97
62,23,97,1838
58,62,1838,270
97,58,270,10
1838,97,10,490
270,1838,490,3
10,270,3,1227
490,10,1227,1734
3,490,1734,8
1227,3,8,3437
1734,1227,3437,72
8,1734,72,7
3437,8,7,2
72,3437,2,2777
7,72,2777,82
2,7,82,36
2777,2,36,1608
82,2777,1608,1020
36,82,1020,474
1608,36,474,97
1020,1608,97,96
474,1020,96,10
97,474,10,1523
96,97,1523,472
10,96,472,202
1523,10,202,13
472,1523,13,247
202,472,247,51
13,202,51,7
247,13,7,1274
51,247,1274,228
7,51,228,2
1274,7,2,19622
228,1274,19622,6924
2,228,6924,1115
19622,2,1115,9
6924,19622,9,222
1115,6924,222,105
9,1115,105,5308
222,9,5308,774
105,222,774,23
5308,105,23,150
774,5308,150,446
23,774,446,58
150,23,58,94
446,150,94,4
58,446,4,3191
94,58,3191,90
4,94,90,5
3191,4,5,81
90,3191,81,23
5,90,23,275
81,5,275,62
23,81,62,64
275,23,64,385
62,275,385,6
64,62,6,1816
385,64,1816,36
6,385,36,718
1816,6,718,11384
36,1816,11384,54
718,36,54,7
11384,718,7,51
54,11384,51,33
7,54,33,100
51,7,100,913
33,51,913,24
100,33,24,2
913,100,2,97
24,913,97,5
2,24,5,4
97,2,4,9
5,97,9,92895
4,5,92895,39
9,4,39,202
92895,9,202,13
39,92895,13,47
202,39,47,572
13,202,572,9
47,13,9,133
572,47,133,10
9,572,10,47
133,9,47,306
10,133,306,9
47,10,9,105
306,47,105,5346
9,306,5346,45
105,9,45,615
5346,105,615,3
45,5346,3,1611
615,45,1611,38
3,615,38,520
1611,3,520,2075
38,1611,2075,638
520,38,638,193
2075,520,193,7
638,2075,7,88
193,638,88,264
7,193,264,4
88,7,4,1567
264,88,1567,482
4,264,482,5
1567,4,5,20
482,1567,20,997
5,482,997,3
20,5,3,356
997,20,356,193
3,997,193,13
356,3,13,47
193,356,47,2
13,193,2,4804
47,13,4804,6929
2,47,6929,387
4804,2,387,11
6929,4804,11,13
387,6929,13,42
11,387,42,412
13,11,412,29
42,13,29,21329
412,42,21329,4
29,412,4,71028
21329,29,71028,12
4,21329,12,265
71028,4,265,1616
12,71028,1616,11
265,12,11,3915
1616,265,3915,1752
11,1616,1752,15226
3915,11,15226,22
1752,3915,22,86
15226,1752,86,3594
22,15226,3594,1977
86,22,1977,13
3594,86,13,47
1977,3594,47,3
13,1977,3,11358
47,13,11358,4
3,47,4,1382
11358,3,1382,769
4,11358,769,3
1382,4,3,22
769,1382,22,16192
3,769,16192,599
22,3,599,127
16192,22,127,53247
599,16192,53247,193
127,599,193,34
53247,127,34,208
193,53247,208,17
34,193,17,612
208,34,612,63
17,208,63,52
612,17,52,11
63,612,11,1315
52,63,1315,3
11,52,3,192
1315,11,192,58
3,1315,58,499
192,3,499,11
58,192,11,689
499,58,689,6
11,499,6,2
689,11,2,3348
6,689,3348,3
2,6,3,2
3348,2,2,162
3,3348,162,3164
2,3,3164,8
162,2,8,505
3164,162,505,3
8,3164,3,17
505,8,17,4
3,505,4,87
17,3,87,11
4,17,11,25
87,4,25,8984
11,87,8984,146
25,11,146,2
8984,25,2,5220
146,8984,5220,5
2,146,5,491
5220,2,491,6
5,5220,6,265
491,5,265,11
6,491,11,4895
265,6,4895,48
11,265,48,29
4895,11,29,26378
48,4895,26378,3386
29,48,3386,5
26378,29,5,22
3386,26378,22,83
5,3386,83,97
22,5,97,54
83,22,54,242
97,83,242,11
54,97,11,13
242,54,13,64
11,242,64,105
13,11,105,1035
64,13,1035,6
105,64,6,233
1035,105,233,82
6,1035,82,2534
233,6,2534,2
