771,15948,27,946
4,771,946,2338
27,4,2338,3
946,27,3,4354
2338,946,4354,3580
3,2338,3580,200
4354,3,200,4
3580,4354,4,78
200,3580,78,32
4,200,32,6
78,4,6,339
32,78,339,4
6,32,4,1862
339,6,1862,11
4,339,11,40
1862,4,40,123
11,1862,123,8
40,11,8,864
123,40,864,3
8,123,3,540
864,8,540,35118
3,864,35118,32
540,3,32,13
35118,540,13,340
32,35118,340,1494
13,32,1494,225
340,13,225,4
1494,340,4,78
225,1494,78,13
4,225,13,8188
78,4,8188,1511
13,78,1511,3171
8188,13,3171,4
1511,8188,4,5262
3171,1511,5262,22
4,3171,22,944
5262,4,944,27
22,5262,27,28
944,22,28,30
27,944,30,34
28,27,34,1643
30,28,1643,20
34,30,20,41
1643,34,41,6
20,1643,6,541
41,20,541,44
6,41,44,137
541,6,137,33
44,541,33,23
137,44,23,185
33,137,185,12
23,33,12,26512
185,23,26512,1401
12,185,1401,13
26512,12,13,1254
1401,26512,1254,2
13,1401,2,241
1254,13,241,352
2,1254,352,5
241,2,5,10841
352,241,10841,4
5,352,4,19886
10841,5,19886,225
4,10841,225,29
19886,4,29,300
225,19886,300,8
29,225,8,1362
300,29,1362,466
8,300,466,155
1362,8,155,606
466,1362,606,65
155,466,65,476
606,155,476,8
65,606,8,13
476,65,13,47
8,476,47,2920
13,8,2920,3
47,13,3,89
2920,47,89,126
3,2920,126,2
89,3,2,11
126,89,11,819
2,126,819,3
11,2,3,17871
819,11,17871,6
3,819,6,191
17871,3,191,11
6,17871,11,1047
191,6,1047,22
11,191,22,3316
1047,11,3316,12993
22,1047,12993,3
3316,22,3,25
12993,3316,25,1112
3,12993,1112,11
25,3,11,697
1112,25,697,15
11,1112,15,21026
697,11,21026,4049
15,697,4049,77
21026,15,77,154
4049,21026,154,23
77,4049,23,2
154,77,2,901
23,154,901,60
2,23,60,9
901,2,9,27
60,901,27,69
9,60,69,2
27,9,2,11
69,27,11,1080
2,69,1080,9
11,2,9,235
1080,11,235,185
9,1080,185,102
235,9,102,32
185,235,32,4
102,185,4,58
32,102,58,327
4,32,327,84
58,4,84,516
327,58,516,229
84,327,229,3
516,84,3,524
229,516,524,19
3,229,19,89
524,3,89,36
19,524,36,642
89,19,642,89
36,89,89,3981
642,36,3981,72
89,642,72,44
3981,89,44,126
72,3981,126,9682
44,72,9682,185
126,44,185,24074
9682,126,24074,19
185,9682,19,390
24074,185,390,3202
19,24074,3202,3318
390,19,3318,7
3202,390,7,613
3318,3202,613,2046
7,3318,2046,87
613,7,87,27
2046,613,27,7856
87,2046,7856,22
27,87,22,99
7856,27,99,2642
22,7856,2642,15
99,22,15,32
2642,99,32,46
15,2642,46,4
32,15,4,140
46,32,140,757
4,46,757,235
140,4,235,103
757,140,103,153
235,757,153,6
103,235,6,2
153,103,2,1482
6,153,1482,5
2,6,5,13340
1482,2,13340,3816
5,1482,3816,4
13340,5,4,5069
3816,13340,5069,15
4,3816,15,159
5069,4,159,1902
15,5069,1902,2239
159,15,2239,9155
1902,159,9155,38753
2239,1902,38753,105
9155,2239,105,6474
38753,9155,6474,74
105,38753,74,759
6474,105,759,1856
74,6474,1856,14
759,74,14,25
1856,759,25,12183
14,1856,12183,8
25,14,8,10
12183,25,10,20459
8,12183,20459,1203
10,8,1203,5
20459,10,5,2
1203,20459,2,4913
5,1203,4913,8839
2,5,8839,410
4913,2,410,4
8839,4913,4,2
410,8839,2,3126
4,410,3126,43
2,4,43,92
3126,2,92,1988
43,3126,1988,5
92,43,5,2
1988,92,2,263
5,1988,263,3062
2,5,3062,559
263,2,559,3
3062,263,3,4247
559,3062,4247,16906
3,559,16906,13
4247,3,13,47
16906,4247,47,42
13,16906,42,5
47,13,5,14218
42,47,14218,5
5,42,5,127
14218,5,127,237
5,14218,237,8
127,5,8,27
237,127,27,55
8,237,55,93
27,8,93,351
55,27,351,15
93,55,15,300
351,93,300,4
15,351,4,2104
300,15,2104,8
4,300,8,40
2104,4,40,4064
8,2104,4064,98
40,8,98,1919
4064,40,1919,629
98,4064,629,29
1919,98,29,339
629,1919,339,930
29,629,930,1194
339,29,1194,5
930,339,5,8
1194,930,8,3112
5,1194,3112,6
8,5,6,2
3112,8,2,107
6,3112,107,1948
2,6,1948,98
107,2,98,5
1948,107,5,27
98,1948,27,90
5,98,90,1011
27,5,1011,57834
90,27,57834,317
1011,90,317,12
57834,1011,12,49
317,57834,49,4
12,317,4,7
49,12,7,784
4,49,784,2102
7,4,2102,1857
784,7,1857,10
2102,784,10,27
1857,2102,27,28
10,1857,28,7
27,10,7,7
28,27,7,666
7,28,666,4
7,7,4,5423
666,7,5423,49
4,666,49,11
5423,4,11,14
49,5423,14,79993
11,49,79993,317
14,11,317,12
79993,14,12,49
317,79993,49,73
12,317,73,2
49,12,2,12435
73,49,12435,29
2,73,29,7
12435,2,7,77
29,12435,77,93
7,29,93,53
77,7,53,4
93,77,4,11
53,93,11,14
4,53,14,2408
11,4,2408,27
14,11,27,2
2408,14,2,75
27,2408,75,254
2,27,254,11
75,2,11,365
254,75,365,565
11,254,565,31
365,11,31,7
565,365,7,1628
31,565,1628,86
7,31,86,19
1628,7,19,49
86,1628,49,99
19,86,99,320
49,19,320,56
99,49,56,10876
320,99,10876,70723
56,320,70723,48
10876,56,48,5
70723,10876,5,2
48,70723,2,3808
5,48,3808,7
2,5,7,137
3808,2,137,49
7,3808,49,11
137,7,11,84
49,137,84,295
11,49,295,273
84,11,273,4714
295,84,4714,26381
273,295,26381,4
4714,273,4,622
26381,4714,622,11
4,26381,11,1776
622,4,1776,160
11,622,160,49
1776,11,49,234
160,1776,234,27
49,160,27,44
234,49,44,5
27,234,5,106529
44,27,106529,27
5,44,27,3457
106529,5,3457,198
27,106529,198,2
3457,27,2,3017
198,3457,3017,11
2,198,11,4
3017,2,4,189
11,3017,189,477
4,11,477,3
189,4,3,137
477,189,137,2
3,477,2,11764
137,3,11764,8926
2,137,8926,31
11764,2,31,6917
8926,11764,6917,98718
31,8926,98718,27
6917,31,27,44
98718,6917,44,7
27,98718,7,821
44,27,821,295
7,44,295,3094
821,7,3094,91
295,821,91,76
3094,295,76,26362
91,3094,26362,31272
76,91,31272,72
26362,76,72,6
31272,26362,6,187
72,31272,187,7
6,72,7,483
187,6,483,6635
7,187,6635,49
483,7,49,33
6635,483,33,116
49,6635,116,7
33,49,7,569
116,33,569,3313
7,116,3313,4375
569,7,4375,3
3313,569,3,3077
4375,3313,3077,7
3,4375,7,72
3077,3,72,483
7,3077,483,6635
72,7,6635,81
483,72,81,10
6635,483,10,73
81,6635,73,2
10,81,2,11321
73,10,11321,72
2,73,72,1015
11321,2,1015,7
72,11321,7,25
1015,72,25,80
7,1015,80,43457
25,7,43457,59
80,25,59,33
43457,80,33,415
59,43457,415,2
33,59,2,883
415,33,883,26
2,415,26,329
883,2,329,33
26,883,33,25
329,26,25,10
33,329,10,33
25,33,33,55
10,25,55,25
33,10,25,476
55,33,476,3082
25,55,3082,81
476,25,81,19
3082,476,19,6654
81,3082,6654,33
19,81,33,55
6654,19,55,25
33,6654,25,476
55,33,476,27
25,55,27,16695
476,25,16695,871
27,476,871,8444
16695,27,8444,6
871,16695,6,27
8444,871,27,2841
6,8444,2841,466
27,6,466,330
2841,27,330,3
466,2841,3,2586
330,466,2586,2
3,330,2,1082
2586,3,1082,845
2,2586,845,26
1082,2,26,1003
845,1082,1003,1077
26,845,1077,26
1003,26,26,13
1077,1003,13,2
26,1077,2,255
13,26,255,12
2,13,12,38
255,2,38,435
12,255,435,59
38,12,59,26
435,38,26,317
59,435,317,946
26,59,946,3
317,26,3,307
946,317,307,2
3,946,2,304
307,3,304,8
2,307,8,19352
304,2,19352,948
8,304,948,200
19352,8,200,32
948,19352,32,75
200,948,75,259
32,200,259,758
75,32,758,10
259,75,10,100160
758,259,100160,14
10,758,14,8276
100160,10,8276,968
14,100160,968,6584
8276,14,6584,2
968,8276,2,432
6584,968,432,1110
2,6584,1110,8
432,2,8,365
1110,432,365,236
8,1110,236,90
365,8,90,66
236,365,66,404
90,236,404,200
66,90,200,32
404,66,32,13
200,404,13,28
32,200,28,239
13,32,239,901
28,13,901,3
239,28,3,180
901,239,180,12
3,901,12,4150
180,3,4150,376
12,180,376,21
4150,12,21,80
376,4150,80,349
21,376,349,7
80,21,7,2483
349,80,2483,52
7,349,52,580
2483,7,580,14
52,2483,14,2592
580,52,2592,27
14,580,27,10151
2592,14,10151,50
27,2592,50,527
10151,27,527,8
50,10151,8,27
527,50,27,69
8,527,69,14
27,8,14,6
69,27,6,9737
14,69,9737,2
6,14,2,76
9737,6,76,5
2,9737,5,22
76,2,22,619
5,76,619,1188
22,5,1188,13046
619,22,13046,6
1188,619,6,5093
13046,1188,5093,4688
6,13046,4688,42190
5093,6,42190,6997
4688,5093,6997,10
42190,4688,10,72
6997,42190,72,3748
10,6997,3748,56
72,10,56,6997
3748,72,6997,2
56,3748,2,27
6997,56,27,871
2,6997,871,1757
27,2,1757,3126
871,27,3126,974
1757,871,974,16
3126,1757,16,2962
974,3126,2962,2
16,974,2,532
2962,16,532,5
2,2962,5,7650
532,2,7650,9
5,532,9,58
7650,5,58,97
9,7650,97,195
58,9,195,31
97,58,31,18
195,97,18,146
31,195,146,2
18,31,2,3570
146,18,3570,15
2,146,15,2
3570,2,2,287
15,3570,287,90
2,15,90,5
287,2,5,81
90,287,81,3499
5,90,3499,384
81,5,384,2
3499,81,2,7687
384,3499,7687,4
2,384,4,3460
7687,2,3460,4
4,7687,4,327
3460,4,327,84
4,3460,84,516
327,4,516,229
84,327,229,3
516,84,3,642
229,516,642,89
3,229,89,78816
642,3,78816,14
89,642,14,91
78816,89,91,3
14,78816,3,477
91,14,477,2856
3,91,2856,58
477,3,58,111
2856,477,111,681
58,2856,681,457
111,58,457,688
681,111,688,4
457,681,4,1267
688,457,1267,636
4,688,636,1256
1267,4,1256,1542
636,1267,1542,46
1256,636,46,161
1542,1256,161,7085
46,1542,7085,5
161,46,5,222
7085,161,222,578
5,7085,578,46
222,5,46,12
578,222,12,747
46,578,747,688
12,46,688,7
747,12,7,3787
688,747,3787,22
7,688,22,1490
3787,7,1490,5
22,3787,5,27
1490,22,27,466
5,1490,466,29
27,5,29,11
466,27,11,7
29,466,7,4027
11,29,4027,287
7,11,287,4
4027,7,4,28
287,4027,28,27
4,287,27,34
28,4,34,64
27,28,64,752
34,27,752,2189
64,34,2189,35730
752,64,35730,353
2189,752,353,17122
35730,2189,17122,19
353,35730,19,51
17122,353,51,7
19,17122,7,485
51,19,485,270
7,51,270,688
485,7,688,28
270,485,28,6
688,270,6,2
28,688,2,304
6,28,304,225
2,6,225,16
304,2,16,3
225,304,3,17
16,225,17,7144
3,16,7144,4
17,3,4,2219
7144,17,2219,21
4,7144,21,39941
2219,4,39941,7
21,2219,7,403
39941,21,403,371
7,39941,371,27
403,7,27,2243
371,403,2243,20
27,371,20,743
2243,27,743,15
20,2243,15,7889
743,20,7889,10
15,743,10,1743
7889,15,1743,4
10,7889,4,179
1743,10,179,3
4,1743,3,1740
179,4,1740,3
3,179,3,133
1740,3,133,8
3,1740,8,11
133,3,11,13
8,133,13,1189
11,8,1189,1036
13,11,1036,9
1189,13,9,225
1036,1189,225,65
9,1036,65,20
225,9,20,3411
65,225,3411,835
20,65,835,6
3411,20,6,5504
835,3411,5504,11
6,835,11,7
5504,6,7,64
11,5504,64,752
7,11,752,4328
64,7,4328,2944
752,64,2944,343
4328,752,343,6
2944,4328,6,106090
343,2944,106090,58
6,343,58,266
106090,6,266,2847
58,106090,2847,24
266,58,24,202
2847,266,202,823
24,2847,823,127
202,24,127,1306
823,202,1306,1221
127,823,1221,1358
1306,127,1358,46
1221,1306,46,31
1358,1221,31,465
46,1358,465,251
31,46,251,27
465,31,27,20
251,465,20,201
27,251,201,272
20,27,272,3
201,20,3,2492
272,201,2492,387
3,272,387,438
2492,3,438,9
387,2492,9,2000
438,387,2000,34
9,438,34,84
2000,9,84,322
34,2000,322,183
84,34,183,194
322,84,194,62
183,322,62,55
194,183,55,33
62,194,33,524
55,62,524,15
33,55,15,2
524,33,2,287
15,524,287,31
2,15,31,40
287,2,40,44
31,287,44,156
40,31,156,2
44,40,2,98978
156,44,98978,1508
2,156,1508,4776
98978,2,4776,2
1508,98978,2,39
4776,1508,39,632
2,4776,632,58
39,2,58,438
632,39,438,9
58,632,9,2000
438,58,2000,31
9,438,31,4324
2000,9,4324,20
31,2000,20,153
4324,31,153,74
20,4324,74,194
153,20,194,5
74,153,5,229
194,74,229,27
5,194,27,2815
229,5,2815,2
27,229,2,201
2815,27,201,564
2,2815,564,1561
201,2,1561,9
564,201,9,397
1561,564,397,946
9,1561,946,2923
397,9,2923,27
946,397,27,97470
2923,946,97470,304
27,2923,304,16
97470,27,16,1776
304,97470,1776,4007
16,304,4007,4
1776,16,4,1796
4007,1776,1796,4776
4,4007,4776,21118
1796,4,21118,268
4776,1796,268,6467
21118,4776,6467,2
268,21118,2,2492
6467,268,2492,1331
2,6467,1331,58
2492,2,58,1824
1331,2492,1824,8
58,1331,8,27
1824,58,27,300
8,1824,300,50
27,8,50,4353
300,27,4353,4
50,300,4,102253
4353,50,102253,451
4,4353,451,15161
102253,4,15161,68
451,102253,68,939
15161,451,939,3
68,15161,3,6567
939,68,6567,813
3,939,813,2228
6567,3,2228,5
813,6567,5,32
2228,813,32,69
5,2228,69,46
32,5,46,8
69,32,8,2
46,69,2,272
8,46,272,73
2,8,73,27
272,2,27,15
73,272,15,2
27,73,2,8575
15,27,8575,520
2,15,520,268
8575,2,268,2
520,8575,2,290
268,520,290,244
2,268,244,6
290,2,6,7659
244,290,7659,4
6,244,4,2
7659,6,2,10092
4,7659,10092,3754
2,4,3754,7
10092,2,7,551
3754,10092,551,21
7,3754,21,1540
551,7,1540,3
21,551,3,17
1540,21,17,13318
3,1540,13318,4
17,3,4,49
13318,17,49,172
4,13318,172,2945
49,4,2945,18
172,49,18,47
2945,172,47,2299
18,2945,2299,2
47,18,2,1530
2299,47,1530,9
2,2299,9,205
1530,2,205,8
9,1530,8,58
205,9,58,287
8,205,287,899
58,8,899,6182
287,58,6182,1583
899,287,1583,4
6182,899,4,1764
1583,6182,1764,3
4,1583,3,10
1764,4,10,6
3,1764,6,2702
10,3,2702,266
6,10,266,36
2702,6,36,3
266,2702,3,929
36,266,929,143
3,36,143,35
929,3,35,87475
143,929,87475,14
35,143,14,2
87475,35,2,187
14,87475,187,8
2,14,8,939
187,2,939,3
8,187,3,17
939,8,17,3671
3,939,3671,7107
17,3,7107,398
3671,17,398,27
7107,3671,27,4713
398,7107,4713,300
27,398,300,37
4713,27,37,1501
300,4713,1501,225
37,300,225,449
1501,37,449,4
225,1501,4,57
449,225,57,1808
4,449,1808,5
57,4,5,39964
1808,57,39964,88
5,1808,88,3137
39964,5,3137,267
88,39964,267,1023
3137,88,1023,3
267,3137,3,8630
1023,267,8630,198
3,1023,198,759
8630,3,759,57852
198,8630,57852,21
759,198,21,3099
57852,759,3099,2
21,57852,2,540
3099,21,540,391
2,3099,391,1659
540,2,1659,5884
391,540,5884,3589
1659,391,3589,27
5884,1659,27,159
3589,5884,159,69
27,3589,69,1286
159,27,1286,31
69,159,31,7
1286,69,7,84
31,1286,84,2
7,31,2,390
84,7,390,2635
2,84,2635,134
390,2,134,3432
2635,390,3432,5295
134,2635,5295,12
3432,134,12,743
5295,3432,743,968
12,5295,968,50
743,12,50,3208
968,743,3208,2
50,968,2,195
3208,50,195,3
2,3208,3,361
195,2,361,10755
3,195,10755,1768
361,3,1768,7
10755,361,7,253
1768,10755,253,3
7,1768,3,5362
253,7,5362,27
3,253,27,867
5362,3,867,223
27,5362,223,2046
867,27,2046,2186
223,867,2186,31
2046,223,31,132
2186,2046,132,516
31,2186,516,85
132,31,85,12
516,132,12,355
85,516,355,13
12,85,13,260
355,12,260,7859
13,355,7859,1868
260,13,1868,854
7859,260,854,12
1868,7859,12,1246
854,1868,1246,37
12,854,37,225
1246,12,225,6
37,1246,6,20
225,37,20,69
6,225,69,2800
20,6,2800,128
69,20,128,66
2800,69,66,75
128,2800,75,2
66,128,2,1191
75,66,1191,185
2,75,185,229
1191,2,229,2271
185,1191,2271,18555
229,185,18555,1508
2271,229,1508,14
18555,2271,14,39051
1508,18555,39051,4
14,1508,4,454
39051,14,454,22
4,39051,22,357
454,4,357,8
22,454,8,76
357,22,76,225
8,357,225,50
76,8,50,5178
225,76,5178,4
50,225,4,20179
5178,50,20179,3110
4,5178,3110,142
20179,4,142,23
3110,20179,23,89
142,3110,89,19
23,142,19,32
89,23,32,6
19,89,6,99
32,19,99,16889
6,32,16889,1856
99,6,1856,6
16889,99,6,350
1856,16889,350,9266
6,1856,9266,532
350,6,532,34
9266,350,34,2431
532,9266,2431,6745
34,532,6745,98
2431,34,98,403
6745,2431,403,202
98,6745,202,287
403,98,287,13
202,403,13,5
287,202,5,3929
13,287,3929,22
5,13,22,867
3929,5,867,223
22,3929,223,225
867,22,225,114
223,867,114,613
225,223,613,1264
114,225,1264,2820
613,114,2820,4721
1264,613,4721,225
2820,1264,225,6
4721,2820,6,904
225,4721,904,35
6,225,35,73
904,6,73,1742
35,904,1742,4
73,35,4,88998
1742,73,88998,823
4,1742,823,127
88998,4,127,287
823,88998,287,2067
127,823,2067,2024
287,127,2024,2329
2067,287,2329,6
2024,2067,6,1609
2329,2024,1609,2756
6,2329,2756,28
1609,6,28,27
2756,1609,27,300
28,2756,300,96
27,28,96,180
300,27,180,1650
96,300,1650,3
180,96,3,130
1650,180,130,99865
3,1650,99865,619
130,3,619,409
99865,130,409,133
619,99865,133,819
409,619,819,3
133,409,3,488
819,133,488,72690
3,819,72690,37
488,3,37,1805
72690,488,1805,23
37,72690,23,2
1805,37,2,69
23,1805,69,662
2,23,662,266
69,2,266,2
662,69,2,27
266,662,27,662
2,266,662,2001
