6479,5143,12,78399
83,6479,78399,14
12,83,14,80
78399,12,80,458
14,78399,458,3
80,14,3,346
458,80,346,5607
3,458,5607,722
346,3,722,842
5607,346,842,1659
722,5607,1659,9
842,722,9,48
1659,842,48,5
9,1659,5,423
48,9,423,54
5,48,54,13
423,5,13,247
54,423,247,2
13,54,2,2479
247,13,2479,8114
2,247,8114,90
2479,2,90,847
8114,2479,847,16
90,8114,16,458
847,90,458,3
16,847,3,2700
458,16,2700,14744
3,458,14744,86
2700,3,86,19
14744,2700,19,4004
86,14744,4004,1659
19,86,1659,2397
4004,19,2397,6
1659,4004,6,257
2397,1659,257,842
6,2397,842,31
257,6,31,16
842,257,16,1095
31,842,1095,3
16,31,3,96
1095,16,96,2695
3,1095,2695,3
96,3,3,2
2695,96,2,722
3,2695,722,842
2,3,842,62867
722,2,62867,16277
842,722,16277,722
62867,842,722,842
16277,62867,842,5238
722,16277,5238,9
842,722,9,2484
5238,842,2484,166
9,5238,166,391
2484,9,391,6
166,2484,6,5551
391,166,5551,44
6,391,44,11
5551,6,11,14
44,5551,14,163
11,44,163,3
14,11,3,1900
163,14,1900,2
3,163,2,281
1900,3,281,257
2,1900,257,842
281,2,842,1659
257,281,1659,20
842,257,20,9596
1659,842,9596,391
20,1659,391,66
9596,20,66,2757
391,9596,2757,11
66,391,11,14
2757,66,14,1080
11,2757,1080,3
14,11,3,117
1080,14,117,76
3,1080,76,5
117,3,5,49
76,117,49,847
5,76,847,4317
49,5,4317,159
847,49,159,1659
4317,847,1659,31
159,4317,31,84
1659,159,84,1733
31,1659,1733,39
84,31,39,1659
1733,84,1659,142
39,1733,142,79
1659,39,79,6318
142,1659,6318,3
79,142,3,2700
6318,79,2700,103682
3,6318,103682,7
2700,3,7,154
103682,2700,154,3
7,103682,3,8
154,7,8,29
3,154,29,11
8,3,11,84
29,8,84,13
11,29,13,567
84,11,567,5
13,84,5,1426
567,13,1426,2
5,567,2,4505
1426,5,4505,5
2,1426,5,39
4505,2,39,1659
5,4505,1659,6578
39,5,6578,3
1659,39,3,108
6578,1659,108,5
3,6578,5,722
108,3,722,62912
5,108,62912,7
722,5,7,502
62912,722,502,76
7,62912,76,248
502,7,248,24
76,502,24,2484
248,76,2484,35
24,248,35,393
2484,24,393,54
35,2484,54,13
393,35,13,392
54,393,392,2
13,54,2,39
392,13,39,348
2,392,348,1448
39,2,1448,3
348,39,3,1080
1448,348,1080,1659
3,1448,1659,15
1080,3,15,334
1659,1080,334,36
15,1659,36,64
334,15,64,576
36,334,576,6
64,36,6,722
576,64,722,842
6,576,842,94
722,6,94,16
842,722,16,243
94,842,243,12
16,94,12,2
243,16,2,1487
12,243,1487,1562
2,12,1562,3
1487,2,3,1135
1562,1487,1135,2
3,1562,2,2072
1135,3,2072,1304
2,1135,1304,4
2072,2,4,26
1304,2072,26,495
4,1304,495,6361
26,4,6361,144
495,26,144,2
6361,495,2,26
144,6361,26,870
2,144,870,38
26,2,38,39
870,26,39,53726
38,870,53726,348
39,38,348,18
53726,39,18,10061
348,53726,10061,61
18,348,61,231
10061,18,231,133
61,10061,133,7
231,61,7,569
133,231,569,2347
7,133,2347,148
569,7,148,34
2347,569,34,93
148,2347,93,282
34,148,282,16277
93,34,16277,49706
282,93,49706,5238
16277,282,5238,73
49706,16277,73,22713
5238,49706,22713,24
73,5238,24,3027
22713,73,3027,16
24,22713,16,186
3027,24,186,86758
16,3027,86758,178
186,16,178,50
86758,186,50,6
178,86758,6,9
50,178,9,2
6,50,2,5992
9,6,5992,6308
2,9,6308,11
5992,2,11,913
6308,5992,913,41
11,6308,41,4
913,11,4,41
41,913,41,1659
4,41,1659,3
41,4,3,234
1659,41,234,23
3,1659,23,48
234,3,48,8
23,234,8,1445
48,23,1445,48
8,48,48,8
1445,8,8,1020
48,1445,1020,4
8,48,4,1533
1020,8,1533,8
4,1020,8,10
1533,4,10,21
8,1533,21,1155
10,8,1155,13170
21,10,13170,25
1155,21,25,11
13170,1155,11,1983
25,13170,1983,51
11,25,51,505
1983,11,505,59
51,1983,59,10
505,51,10,93
59,505,93,25
10,59,25,572
93,10,572,8
25,93,8,33
572,25,33,2270
8,572,2270,55
33,8,55,21
2270,33,21,346
55,2270,346,580
21,55,580,3
346,21,3,17
580,346,17,6
3,580,6,496
17,3,496,5
6,17,5,2
496,6,2,6318
28097,326,824,5
7,28097,5,1444
824,7,1444,67
5,824,67,1251
1444,5,1251,521
67,1444,521,152
1251,67,152,167
521,1251,167,12
152,521,12,3716
167,152,3716,7558
12,167,7558,5
3716,12,5,206
7558,3716,206,33
5,7558,33,415
206,5,415,732
33,206,732,37
415,33,37,101
732,415,101,4
37,732,4,2
101,37,2,2766
4,101,2766,23
2,4,23,39
2766,2,39,249
23,2766,249,814
39,23,814,39
249,39,39,737
814,249,737,1188
39,814,1188,6
737,39,6,20
1188,737,20,2805
6,1188,2805,16
20,6,16,22001
2805,20,22001,20
16,2805,20,153
22001,16,153,7
20,22001,7,30
153,20,30,3
7,153,3,2
30,7,2,518
3,30,518,23
2,3,23,558
518,2,558,2438
23,518,2438,6
558,23,6,29941
2438,558,29941,1840
6,2438,1840,731
29941,6,731,4
1840,29941,4,140
731,1840,140,7
4,731,7,716
140,4,716,2
7,140,2,11967
716,7,11967,2
2,716,2,1124
11967,2,1124,4
2,11967,4,2
1124,2,2,21592
4,1124,21592,12926
2,4,12926,35217
21592,2,35217,390
12926,21592,390,558
35217,12926,558,7483
390,35217,7483,21589
558,390,21589,16
7483,558,16,2
21589,7483,2,1124
16,21589,1124,76
2,16,76,45
1124,2,45,552
76,1124,552,3
45,76,3,17
552,45,17,91
3,552,91,4
17,3,4,44436
91,17,44436,35217
4,91,35217,11
44436,4,11,7
35217,44436,7,14285
11,35217,14285,5
7,11,5,622
14285,7,622,8
5,14285,8,732
622,5,732,15
8,622,15,1536
732,8,1536,202
15,732,202,13665
1536,15,13665,104
202,1536,104,21592
13665,202,21592,248
104,13665,248,3
21592,104,3,319
248,21592,319,6
3,248,6,191
319,3,191,1536
6,319,1536,56012
191,6,56012,17
1536,191,17,314
56012,1536,314,7
17,56012,7,353
314,17,353,2
7,314,2,222
353,7,222,4
2,353,4,104
222,2,104,1475
4,222,1475,16
104,4,16,24
1475,104,24,57
16,1475,57,6245
24,16,6245,222
57,24,222,36
6245,57,36,23
222,6245,23,131
36,222,131,275
23,36,275,138
131,23,138,27
275,131,27,43160
138,275,43160,13
27,138,13,247
43160,27,247,51979
13,43160,51979,5037
247,13,5037,104
51979,247,104,44
5037,51979,44,222
104,5037,222,16
44,104,16,687
222,44,687,23
16,222,23,57
687,16,57,222
23,687,222,9
57,23,9,118
222,57,118,2531
9,222,2531,34664
118,9,34664,187
2531,118,187,33
34664,2531,33,18
187,34664,18,2
33,187,2,290
18,33,290,4
2,18,4,18
290,2,18,299
4,290,299,3
18,4,3,3606
299,18,3606,6
3,299,6,84945
3606,3,84945,7518
6,3606,7518,4801
84945,6,4801,175
7518,84945,175,856
4801,7518,856,2961
175,4801,2961,5
856,175,5,222
2961,856,222,578
5,2961,578,6
222,5,6,54
578,222,54,187
6,578,187,7
54,6,7,569
187,54,569,35575
7,187,35575,329
569,7,329,180
35575,569,180,276
329,35575,276,33
180,329,33,1661
276,180,1661,107645
33,276,107645,7
1661,33,7,86
107645,1661,86,560
7,107645,560,222
86,7,222,4
560,86,4,597
222,560,597,31
4,222,31,768
597,4,768,89
31,597,89,7
768,31,7,62685
89,768,62685,27
7,89,27,5651
62685,7,5651,54
27,62685,54,8452
5651,27,8452,7
54,5651,7,3030
8452,54,3030,37414
7,8452,37414,52
3030,7,52,367
37414,3030,367,23
52,37414,23,48
367,52,48,222
23,367,222,7
48,23,7,148
222,48,148,8
7,222,8,84
148,7,84,96
8,148,96,2
84,8,2,222
96,84,222,2
2,96,2,35019
222,2,35019,2
2,222,2,13928
35019,2,13928,461
2,35019,461,3
13928,2,3,607
461,13928,607,2
3,461,2,2021
607,3,2021,28301
2,607,28301,1852
2021,2,1852,56
28301,2021,56,3
1852,28301,3,492
56,1852,492,904
3,56,904,5
492,3,5,97
904,492,97,20
5,904,20,84
97,5,84,364
20,97,364,222
84,20,222,73
364,84,73,180
222,364,180,15
73,222,15,1274
180,73,1274,14616
15,180,14616,433
1274,15,433,5
14616,1274,5,2009
433,14616,2009,19714
5,433,19714,23
2009,5,23,275
19714,2009,275,2
23,19714,2,1068
275,23,1068,19
2,275,19,882
1068,2,882,310
19,1068,310,4
882,19,4,4478
310,882,4478,24
4,310,24,5205
4478,4,5205,8180
24,4478,8180,3
5205,24,3,150
8180,5205,150,937
3,8180,937,638
150,3,638,193
937,150,193,3
638,937,3,457
193,638,457,96771
3,193,96771,20
457,3,20,295
96771,457,295,3
20,96771,3,25
295,20,25,15
3,295,15,558
25,3,558,2
15,25,2,182
558,15,182,10
2,558,10,40
182,2,40,35234
10,182,35234,20
40,10,20,359
35234,40,359,5
20,35234,5,754
359,20,754,120
5,359,120,2
754,5,2,6516
120,754,6516,162
2,120,162,4
6516,2,4,159
162,6516,159,78
4,162,78,32
159,4,32,812
78,159,812,7
32,78,7,84
812,32,84,7374
7,812,7374,5
84,7,5,5602
7374,84,5602,3361
5,7374,3361,4
5602,5,4,597
3361,5602,597,765
4,3361,765,2
597,4,2,3369
765,597,3369,4
2,765,4,2
3369,2,2,6767
4,3369,6767,1694
2,4,1694,3968
6767,2,3968,368
1694,6767,368,5
3968,1694,5,1883
368,3968,1883,7
5,368,7,412
1883,5,412,865
7,1883,865,5
412,7,5,2
865,412,2,21790
5,865,21790,4
2,5,4,42
21790,2,42,8
4,21790,8,13
42,4,13,8493
8,42,8493,74
13,8,74,79
8493,13,79,558
74,8493,558,35116
79,74,35116,1674
558,79,1674,2019
35116,558,2019,8
1674,35116,8,159
2019,1674,159,558
8,2019,558,2976
159,8,2976,7247
558,159,7247,222
2976,558,222,3782
7247,2976,3782,1597
222,7247,1597,733
3782,222,733,1371
1597,3782,1371,4
733,1597,4,291
1371,733,291,627
4,1371,627,3333
291,4,3333,4
627,291,4,140
3333,627,140,1123
4,3333,1123,56
140,4,56,3
1123,140,3,363
56,1123,363,222
3,56,222,486
363,3,486,195
222,363,195,4
486,222,4,6203
195,486,6203,211
4,195,211,2125
6203,4,2125,3
211,6203,3,10
2125,211,10,83
3,2125,83,4
10,3,4,16
83,10,16,104
4,83,104,4
16,4,4,57
104,16,57,594
4,104,594,15
57,4,15,1835
594,57,1835,963
15,594,963,6988
1835,15,6988,4
963,1835,4,172
6988,963,172,232
4,6988,232,5
172,4,5,22
232,172,22,526
5,232,526,97843
22,5,97843,53
526,22,53,40
97843,526,40,17
53,97843,17,103
40,53,103,359
17,40,359,5
103,17,5,411
359,103,411,3
5,359,3,20
411,5,20,73994
3,411,73994,1205
20,3,1205,20
73994,20,20,7
1205,73994,7,2
20,1205,2,3775
7,20,3775,139
2,7,139,4
3775,2,4,7
139,3775,7,14
4,139,14,3
7,4,3,17
14,7,17,177
3,14,177,5
17,3,5,7632
177,17,7632,92064
5,177,92064,7
7632,5,7,41550
92064,7632,41550,877
7,92064,877,8
41550,7,8,44
877,41550,44,5
8,877,5,130
44,8,130,7734
5,44,7734,66427
130,5,66427,93
7734,130,93,142
66427,7734,142,3
93,66427,3,2180
142,93,2180,5
3,142,5,4328
2180,3,4328,20
5,2180,20,518
4328,5,518,6
20,4328,6,2
518,20,2,985
6,518,985,29
2,6,29,36084
985,2,36084,14
29,985,14,1066
36084,29,1066,3
14,36084,3,1346
1066,14,1346,53
3,1066,53,7
1346,3,7,1350
53,1346,1350,190
7,53,190,1244
1350,7,1244,54
190,1350,54,14
1244,190,14,3
54,1244,3,900
14,54,900,3
3,14,3,155
900,3,155,4464
3,900,4464,8
155,3,8,64
4464,155,64,27
8,4464,27,1102
64,8,1102,50
27,64,50,2194
1102,27,2194,26
50,1102,26,50
2194,50,50,42
26,2194,42,2399
50,26,2399,5563
42,50,5563,558
2399,42,558,11369
5563,2399,11369,2
558,5563,2,2
11369,558,2,268
2,11369,268,222
2,2,222,12
268,2,12,573
222,268,573,1688
12,222,1688,3131
573,12,3131,45
1688,573,45,31
3131,1688,31,25
45,3131,25,2189
31,45,2189,2
25,31,2,21589
2189,25,21589,4
2,2189,4,10
21589,2,10,6
4,21589,6,2734
10,4,2734,4
6,10,4,102141
2734,6,102141,7
4,2734,7,51
102141,4,51,2
7,102141,2,217
51,7,217,5
2,51,5,37781
217,2,37781,516
5,217,516,71471
37781,5,71471,241
516,37781,241,6
71471,516,6,2148
241,71471,2148,9
6,241,9,27
2148,6,27,28
9,2148,28,10
27,9,10,13
28,27,13,64
10,28,64,385
13,10,385,6
64,13,6,3855
385,64,3855,6
6,385,6,2
3855,6,2,558
6,3855,558,1089
2,6,1089,5650
558,2,5650,42
1089,558,42,1676
5650,1089,1676,19357
42,5650,19357,28084
1676,42,28084,19
19357,1676,19,108165
28084,19357,108165,492
19,28084,492,222
108165,19,222,1342
492,108165,1342,61
222,492,61,9
1342,222,9,6651
61,1342,6651,518
9,61,518,15
6651,9,15,558
518,6651,558,260
15,518,260,3844
558,15,3844,87227
260,558,87227,70
3844,260,70,222
87227,3844,222,637
70,87227,637,54
222,70,54,4796
637,222,4796,973
54,637,973,8041
4796,54,8041,440
973,4796,440,207
8041,973,207,66
440,8041,66,139
207,440,139,2
66,207,2,304
139,66,304,254
2,139,254,10
304,2,10,40
254,304,40,21
10,254,21,2189
40,10,2189,4
21,40,4,140
2189,21,140,3192
4,2189,3192,48
140,4,48,5
3192,140,5,10
48,3192,10,5550
5,48,5550,15
10,5,15,558
5550,10,558,1532
15,5550,1532,26948
558,15,26948,2137
1532,558,2137,54
26948,1532,54,364
2137,26948,364,5453
54,2137,5453,44860
364,54,44860,11369
5453,364,11369,9
44860,5453,9,558
11369,44860,558,3
9,11369,3,671
558,9,671,2
3,558,2,3932
671,3,3932,564
2,671,564,23
3932,2,23,58390
564,3932,58390,1970
23,564,1970,4177
58390,23,4177,12
1970,58390,12,45
4177,1970,45,31
12,4177,31,7
45,12,7,516
31,45,516,3
7,31,3,2189
516,7,2189,791
3,516,791,81
2189,3,81,222
791,2189,222,6
81,791,6,93276
222,81,93276,344
6,222,344,460
93276,6,460,8
344,93276,8,558
460,344,558,7
8,460,7,518
558,8,518,15
7,558,15,222
518,7,222,36
15,518,36,8
222,15,8,10
36,222,10,518
8,36,518,15
10,8,15,34667
518,10,34667,7
15,518,7,21
34667,15,21,3
7,34667,3,835
21,7,835,48
3,21,48,5
835,3,5,20
48,835,20,7
5,48,7,72
20,5,72,37
7,20,37,27
72,7,27,5266
37,72,5266,5
27,37,5,558
5266,27,558,4
5,5266,4,6190
558,5,6190,3711
4,558,3711,223
6190,4,223,222
3711,6190,222,7
223,3711,7,280
222,223,280,4
7,222,4,2534
280,7,2534,39
4,280,39,88
2534,4,88,5
39,2534,5,322
88,39,322,5
5,88,5,3231
322,5,3231,840
5,322,840,16
3231,5,16,4713
840,3231,4713,521
16,840,521,558
4713,16,558,13
521,4713,13,6
558,521,6,268
13,558,268,13
6,13,13,3
268,6,3,1361
13,268,1361,102
3,13,102,1674
1361,3,1674,8
102,1361,8,222
1674,102,222,4
8,1674,4,222
222,8,222,1030
4,222,1030,25
222,4,25,93
1030,222,93,2
25,1030,2,136
93,25,136,1097
2,93,1097,2
136,2,2,521
1097,136,521,1030
2,1097,1030,36
521,2,36,2
1030,521,2,26
36,1030,26,25
2,36,25,12
26,2,12,57
25,26,57,338
12,25,338,1467
57,12,1467,7
338,57,7,610
1467,338,610,5078
7,1467,5078,5078
610,7,5078,7
5078,610,7,130
5078,5078,130,29455
7,5078,29455,68
130,7,68,21
29455,130,21,8110
68,29455,8110,5
21,68,5,376
8110,21,376,20
5,8110,20,14
376,5,14,177
20,376,177,5
14,20,5,2
177,14,2,6053
5,177,6053,788
2,5,788,9
6053,2,9,558
788,6053,558,33
9,788,33,25
558,9,25,1525
33,558,1525,2194
25,33,2194,2
1525,25,2,151
2194,1525,151,5
2,2194,5,12382
151,2,12382,45
5,151,45,15
12382,5,15,529
45,12382,529,1467
15,45,1467,3
529,15,3,154
1467,529,154,3
3,1467,3,112
154,3,112,14307
3,154,14307,9299
112,3,9299,2884
14307,112,2884,4
9299,14307,4,966
2884,9299,966,15
4,2884,15,573
966,4,573,24797
15,966,24797,52
573,15,52,33
24797,573,33,25
52,24797,25,403
33,52,403,26
25,33,26,34
403,25,34,140
26,403,140,155
34,26,155,142
140,34,142,3
155,140,3,38
142,155,38,529
3,142,529,1467
38,3,1467,4
529,38,4,1798
1467,529,1798,201
4,1467,201,32134
1798,4,32134,7
201,1798,7,209
32134,201,209,8
7,32134,8,558
209,7,558,803
8,209,803,20
558,8,20,2
803,558,2,6053
20,803,6053,255
2,20,255,2
6053,2,2,149
255,6053,149,2
2,255,2,4
149,2,4,1441
2,149,1441,255
4,2,255,7
1441,4,7,178
255,1441,178,2062
7,255,2062,8
178,7,8,10
2062,178,10,115
8,2062,115,21
10,8,21,14
115,10,14,3
21,115,3,17
14,21,17,2395
3,14,2395,2
17,3,2,2
2395,17,2,521
2,2395,521,528
2,2,528,52
521,2,52,10
528,521,10,245
52,528,245,7
10,52,7,299
245,10,299,37
7,245,37,8747
299,7,8747,4
37,299,4,13353
8747,37,13353,222
4,8747,222,1821
13353,4,1821,206
222,13353,206,40
1821,222,40,10
206,1821,10,147
40,206,147,1072
10,40,1072,57779
147,10,57779,52
1072,147,52,33
57779,1072,33,18
52,57779,18,3629
33,52,3629,594
18,33,594,37
3629,18,37,2137
594,3629,2137,4
37,594,4,572
2137,37,572,2696
4,2137,2696,25
572,4,25,33
2696,572,33,123
25,2696,123,4
33,25,4,924
123,33,924,3
4,123,3,248
924,4,248,1817
3,924,1817,2
248,3,2,13321
1817,248,13321,1932
2,1817,1932,368
13321,2,368,7
1932,13321,7,3266
