3328,100,2239,8
5,3328,8,463
2239,5,463,1008
8,2239,1008,1136
463,8,1136,96
1008,463,96,187
1136,1008,187,9
96,1136,9,155
187,96,155,30
9,187,30,12
155,9,12,3
30,155,3,247
12,30,247,52
3,12,52,21
247,3,21,859
52,247,859,2
21,52,2,3568
859,21,3568,23
2,859,23,275
3568,2,275,2
23,3568,2,1026
275,23,1026,5
2,275,5,1983
1026,2,1983,10
5,1026,10,14
1983,5,14,336
10,1983,336,880
14,10,880,125
336,14,125,4
880,336,4,338
125,880,338,152
4,125,152,41
338,4,41,65
152,338,65,98
41,152,98,57
65,41,57,737
98,65,737,463
57,98,463,6
737,57,6,352
463,737,352,5
6,463,5,444
352,6,444,401
5,352,401,1269
444,5,1269,8
401,444,8,245
1269,401,245,254
8,1269,254,271
245,8,271,170
254,245,170,1269
271,254,1269,7
170,271,7,508
1269,170,508,3
7,1269,3,18
508,7,18,42
3,508,42,5
18,3,5,88
42,18,88,973
5,42,973,3454
88,5,3454,1128
973,88,1128,6
3454,973,6,108
1128,3454,108,159
6,1128,159,1301
108,6,1301,1208
159,108,1208,50371
1301,159,50371,7216
1208,1301,7216,8
50371,1208,8,22
7216,50371,22,14
8,7216,14,86
22,8,86,737
14,22,737,1128
86,14,1128,6
737,86,6,2571
1128,737,2571,8
6,1128,8,340
2571,6,340,547
8,2571,547,88149
340,8,88149,828
547,340,828,5716
88149,547,5716,79
828,88149,79,271
5716,828,271,2
79,5716,2,5
271,79,5,20
2,271,20,1544
5,2,1544,20
20,5,20,736
1544,20,736,8
20,1544,8,463
736,20,463,13
8,736,13,74
463,8,74,558
13,463,558,336
74,13,336,4
558,74,4,149
336,558,149,74
4,336,74,300
149,4,300,1983
74,149,1983,7
300,74,7,21
1983,300,21,463
7,1983,463,682
21,7,682,29
463,21,29,2738
682,463,2738,8
29,682,8,6
2738,29,6,4
8,2738,4,406
6,8,406,5
4,6,5,1758
406,4,1758,4640
5,406,4640,23652
1758,5,23652,4
4640,1758,4,22324
23652,4640,22324,67331
4,23652,67331,100
22324,4,100,2304
67331,22324,2304,2571
100,67331,2571,4582
2304,100,4582,11494
2571,2304,11494,45
4582,2571,45,359
11494,4582,359,5
45,11494,5,45
359,45,45,31
5,359,31,599
45,5,599,444
31,45,444,401
599,31,401,1269
444,599,1269,165
401,444,165,18
1269,401,18,634
165,1269,634,54
18,165,54,16
634,18,16,555
54,634,555,3
16,54,3,354
555,16,354,8
3,555,8,2239
354,3,2239,7
8,354,7,21
2239,8,21,349
7,2239,349,8
21,7,8,53
349,21,53,7
8,349,7,271
53,8,271,36
7,53,36,480
271,7,480,820
36,271,820,10
480,36,10,31
820,480,31,55
10,820,55,3850
31,10,3850,79
55,31,79,10
3850,55,10,31
79,3850,31,739
10,79,739,10
31,10,10,23352
739,31,23352,79
10,739,79,2122
23352,10,2122,6
79,23352,6,99
2122,79,99,30713
6,2122,30713,23
99,6,23,83
30713,99,83,409
23,30713,409,2
83,23,2,16147
409,83,16147,368
2,409,368,15
16147,2,15,20236
368,16147,20236,644
15,368,644,3
20236,15,3,1643
644,20236,1643,13275
3,644,13275,307
1643,3,307,5
13275,1643,5,22
307,13275,22,563
5,307,563,3568
22,5,3568,51
563,22,51,26
3568,563,26,16
51,3568,16,206
26,51,206,26
16,26,26,505
206,16,505,4
26,206,4,62
505,26,62,26
4,505,26,55
62,4,55,160
26,62,160,112
55,26,112,290
160,55,290,99
112,160,99,667
290,112,667,5
99,290,5,563
667,99,563,224
5,667,224,15
563,5,15,7795
224,563,7795,139
15,224,139,16
7795,15,16,3568
139,7795,3568,451
16,139,451,51
3568,16,51,16
451,3568,16,26
51,451,26,912
16,51,912,4
26,16,4,206
912,26,206,16
4,912,16,7795
206,4,7795,4037
16,206,4037,3
7795,16,3,81
4037,7795,81,21
3,4037,21,859
81,3,859,2
21,81,2,764
859,21,764,36
2,859,36,4171
764,2,4171,2
36,764,2,26
4171,36,26,10682
2,4171,10682,3
26,2,3,14874
10682,26,14874,798
3,10682,798,5
14874,3,5,563
798,14874,563,7
5,798,7,1441
563,5,1441,3568
7,563,3568,1030
1441,7,1030,1030
3568,1441,1030,24
1030,3568,24,352
1030,1030,352,4
24,1030,4,1030
352,24,1030,24
4,352,24,20236
1030,4,20236,100
24,1030,100,2005
20236,24,2005,5
100,20236,5,13468
2005,100,13468,2966
5,2005,2966,16
13468,5,16,41
2966,13468,41,10662
16,2966,10662,65
41,16,65,42
10662,41,42,230
65,10662,230,913
42,65,913,30
230,42,30,380
913,230,380,48
30,913,48,388
380,30,388,100212
48,380,100212,100
388,48,100,98926
100212,388,98926,19477
100,100212,19477,5
98926,100,5,751
19477,98926,751,1334
5,19477,1334,16009
751,5,16009,2907
1334,751,2907,1399
16009,1334,1399,538
2907,16009,538,4
1399,2907,4,3146
538,1399,3146,649
4,538,649,3
3146,4,3,14352
649,3146,14352,29
3,649,29,45
14352,3,45,20236
29,14352,20236,607
45,29,607,6
20236,45,6,20
607,20236,20,563
6,607,563,16
20,6,16,2
563,20,2,334
16,563,334,2092
2,16,2092,3
334,2,3,863
2092,334,863,198
3,2092,198,2820
863,3,2820,43585
198,863,43585,3915
2820,198,3915,195
43585,2820,195,15758
3915,43585,15758,334
195,3915,334,460
15758,195,460,5
334,15758,5,9018
460,334,9018,4420
5,460,4420,42347
9018,5,42347,4
4420,9018,4,22
42347,4420,22,872
4,42347,872,4
22,4,4,3568
872,22,3568,5
4,872,5,708
3568,4,708,531
5,3568,531,3705
708,5,3705,2
531,708,2,334
3705,531,334,3072
2,3705,3072,191
334,2,191,59
3072,334,59,33
191,3072,33,1366
59,191,1366,8
33,59,8,651
1366,33,651,42347
8,1366,42347,7
651,8,7,2
42347,651,2,1264
7,42347,1264,3915
2,7,3915,6129
1264,2,6129,7
3915,1264,7,21
6129,3915,21,254
7,6129,254,8
21,7,8,10
254,21,10,101
8,254,101,8
10,8,8,4121
101,10,4121,698
8,101,698,6
4121,8,6,20
698,4121,20,133
6,698,133,121
20,6,121,32154
133,20,32154,2742
121,133,2742,5
32154,121,5,45
2742,32154,45,24
5,2742,24,7827
45,5,7827,1840
24,45,1840,7
7827,24,7,1114
1840,7827,1114,8
7,1840,8,4736
1114,7,4736,29
8,1114,29,7
4736,8,7,353
29,4736,353,254
7,29,254,8
353,7,8,52
254,353,52,674
8,254,674,4
52,8,4,9750
674,52,9750,16
4,674,16,112
9750,4,112,2463
16,9750,2463,3
112,16,3,21
2463,112,21,1795
3,2463,1795,3
21,3,3,45
1795,21,45,3568
3,1795,3568,1030
45,3,1030,140
3568,45,140,3568
1030,3568,3568,123
140,1030,123,351
3568,140,351,23
123,3568,23,275
351,123,275,8
23,351,8,63444
275,23,63444,5
8,275,5,88
63444,8,88,344
5,63444,344,1468
88,5,1468,6
344,88,6,563
1468,344,563,7
6,1468,7,8
563,6,8,3568
7,563,3568,16
8,7,16,21
3568,8,21,72
16,3568,72,1844
21,16,1844,26
72,21,26,16
1844,72,16,294
26,1844,294,7
16,26,7,277
294,16,277,2125
7,294,2125,3687
277,7,3687,41
2125,277,41,525
3687,2125,525,20
41,3687,20,368
525,41,368,65
20,525,65,563
368,20,563,1266
65,368,1266,76683
563,65,76683,3720
1266,563,3720,357
76683,1266,357,9
3720,76683,9,3568
357,3720,3568,7
9,357,7,98120
3568,9,98120,4
7,3568,4,357
98120,7,357,9
4,98120,9,527
357,4,527,7
9,357,7,61455
527,9,61455,54
7,527,54,7
61455,7,7,62888
54,61455,62888,960
7,54,960,3
62888,7,3,527
960,62888,527,100
3,960,100,3568
527,3,3568,16
100,527,16,2
3568,100,2,729
16,3568,729,5
2,16,5,1215
729,2,1215,1265
5,729,1265,22383
1215,5,22383,4
1265,1215,4,95
22383,1265,95,5403
4,22383,5403,31
95,4,31,244
5403,95,244,6
31,5403,6,1805
244,31,1805,3
6,244,3,17277
1805,6,17277,313
3,1805,313,3
17277,3,3,113
313,17277,113,8
3,313,8,519
113,3,519,5
8,113,5,3568
519,8,3568,7
5,519,7,8
3568,5,8,155
7,3568,155,830
8,7,830,36
155,8,36,155
830,155,155,830
36,830,830,4
155,36,4,8
830,155,8,20
4,830,20,108
8,4,108,7
20,8,7,21
108,20,21,86
7,108,86,108
21,7,108,255
86,21,255,15
108,86,15,8
255,108,8,7
15,255,7,8
8,15,8,3568
7,8,3568,5
8,7,5,39
3568,8,39,5584
5,3568,5584,939
39,5,939,6
5584,39,6,2
939,5584,2,108
6,939,108,6
2,6,6,54
108,2,54,17277
6,108,17277,14
54,6,14,131
17277,54,131,2479
14,17277,2479,462
131,14,462,2518
2479,131,2518,620
462,2479,620,3785
2518,462,3785,674
620,2518,674,4164
3785,620,4164,2878
674,3785,2878,100
4164,674,100,1794
2878,4164,1794,15
100,2878,15,665
1794,100,665,195
15,1794,195,50
665,15,50,21
195,665,21,37
50,195,37,229
21,50,229,155
37,21,155,3974
229,37,3974,26
155,229,26,50
3974,155,50,37
26,3974,37,31
50,26,31,155
37,50,155,1507
31,37,1507,5
155,31,5,4
1507,155,4,31
5,1507,31,11
4,5,11,7
31,4,7,21
11,31,21,6
7,11,6,294
21,7,294,1008
6,21,1008,461
294,6,461,3568
1008,294,3568,18
461,1008,18,24349
3568,461,24349,100
18,3568,100,3559
24349,18,3559,24
100,24349,24,761
3559,100,761,28402
24,3559,28402,2646
761,24,2646,19518
28402,761,19518,1901
2646,28402,1901,36
19518,2646,36,2
1901,19518,2,130
36,1901,130,542
2,36,542,575
130,2,575,67093
542,130,67093,40
575,542,40,44
67093,575,44,10
40,67093,10,103487
44,40,103487,33
10,44,33,55
103487,10,55,346
33,103487,346,2
55,33,2,4510
346,55,4510,3483
2,346,3483,5
4510,2,5,407
3483,4510,407,54
5,3483,54,13
407,5,13,47
54,407,47,6090
13,54,6090,9
47,13,9,5109
6090,47,5109,4
9,6090,4,52
5109,9,52,33
4,5109,33,14
52,4,14,668
33,52,668,148
14,33,148,33
668,14,33,55
148,668,55,1795
33,148,1795,69593
55,33,69593,52088
1795,55,52088,548
69593,1795,548,1728
52088,69593,1728,20236
548,52088,20236,7
1728,548,7,67
20236,1728,67,2428
7,20236,2428,548
67,7,548,11
2428,67,11,824
548,2428,824,5
11,548,5,3568
824,11,3568,51
5,824,51,26
3568,5,26,16
51,3568,16,206
26,51,206,26
16,26,26,505
206,16,505,4
26,206,4,62
505,26,62,26
4,505,26,55
62,4,55,160
26,62,160,112
55,26,112,290
160,55,290,54
112,160,54,13
290,112,13,72
54,290,72,47
13,54,47,758
72,13,758,6
47,72,6,13275
758,47,13275,60687
6,758,60687,1056
13275,6,1056,9
60687,13275,9,3120
1056,60687,3120,43
9,1056,43,42472
3120,9,42472,20236
43,3120,20236,548
42472,43,548,149
20236,42472,149,10
548,20236,10,7
149,548,7,130
10,149,130,8130
7,10,8130,548
130,7,548,1056
8130,130,1056,9
548,8130,9,454
1056,548,454,80727
9,1056,80727,548
454,9,548,149
80727,454,149,8
548,80727,8,21
149,548,21,25
8,149,25,1041
21,8,1041,3
25,21,3,661
1041,25,661,548
3,1041,548,7
661,3,7,40
548,661,40,44
7,548,44,8
40,7,8,53
44,40,53,16
8,44,16,103
53,8,103,661
16,53,661,26
103,16,26,415
661,103,415,2748
26,661,2748,560
415,26,560,87
2748,415,87,10
560,2748,10,2224
87,560,2224,12
10,87,12,51
2224,10,51,112
12,2224,112,2391
51,12,2391,7
112,51,7,548
2391,112,548,4
7,2391,4,7
548,7,7,359
4,548,359,5
7,4,5,155
359,7,155,15
5,359,15,161
155,5,161,6
15,155,6,563
161,15,563,548
6,161,548,42
563,6,42,2391
548,563,2391,7
42,548,7,476
2391,42,476,8
7,2391,8,7
476,7,7,4
8,476,4,5497
7,8,5497,79
4,7,79,1201
5497,4,1201,108
79,5497,108,79
1201,79,79,2239
108,1201,2239,5
79,108,5,60
2239,79,60,4
5,2239,4,905
60,5,905,24
4,60,24,620
905,4,620,5
24,905,5,8
620,24,8,108
5,620,108,548
8,5,548,25
108,8,25,5400
548,108,5400,476
25,548,476,505
5400,25,505,6
476,5400,6,20
505,476,20,108
6,505,108,4
20,6,4,33
108,20,33,44
4,108,44,20
33,4,20,7
44,33,7,451
20,44,451,3
7,20,3,920
451,7,920,83183
3,451,83183,8
920,3,8,55
83183,920,55,17
8,83183,17,2
55,8,2,39211
17,55,39211,16317
2,17,16317,5
39211,2,5,415
16317,39211,415,550
5,16317,550,14
415,5,14,21
550,415,21,2
14,550,2,5409
21,14,5409,548
2,21,548,2878
5409,2,2878,2869
548,5409,2869,12
2878,548,12,538
2869,2878,538,14
12,2869,14,21
538,12,21,2
14,538,2,15992
21,14,15992,548
2,21,548,52
15992,2,52,95
548,15992,95,148
52,548,148,340
95,52,340,721
148,95,721,33
340,148,33,55
721,340,55,44
33,721,44,95
55,33,95,16
44,55,16,81586
95,44,81586,68
16,95,68,149
81586,16,149,329
68,81586,329,180
149,68,180,243
329,149,243,10
180,329,10,20
243,180,20,107
10,243,107,548
20,10,548,7
107,20,7,44
548,107,44,8
7,548,8,95
44,7,95,359
8,44,359,5
95,8,5,3568
359,95,3568,16
5,359,16,155
3568,5,155,107
16,3568,107,5
155,16,5,876
107,155,876,3
5,107,3,43
876,5,43,424
3,876,424,3
43,3,3,93
424,43,93,67
3,424,67,769
93,3,769,548
67,93,548,4
769,67,4,25
548,769,25,8
4,548,8,2
25,4,2,994
8,25,994,359
2,8,359,5
994,2,5,3568
359,994,3568,548
5,359,548,25
3568,5,25,88
548,3568,88,5
25,548,5,43
88,25,43,59
5,88,59,30
43,5,30,44
59,43,44,271
30,59,271,7
44,30,7,2
271,44,2,3568
7,271,3568,8
2,7,8,51
3568,2,51,50
8,3568,50,631
51,8,631,37
50,51,37,548
631,50,548,50
37,631,50,21
548,37,21,72
50,548,72,631
21,50,631,37
72,21,37,271
631,72,271,2632
37,631,2632,50
271,37,50,631
2632,271,631,37
50,2632,37,271
631,50,271,2632
37,631,2632,8
271,37,8,340
2632,271,340,646
8,2632,646,36511
340,8,36511,10156
646,340,10156,59
36511,646,59,50
10156,36511,50,631
59,10156,631,37
50,59,37,329
631,50,329,44
37,631,44,2446
329,37,2446,5
44,329,5,2239
2446,44,2239,273
5,2446,273,8753
2239,5,8753,59
273,2239,59,33
8753,273,33,234
59,8753,234,23
33,59,23,829
234,33,829,5
23,234,5,10
829,23,10,4
5,829,4,99
10,5,99,177
4,10,177,5
99,4,5,130
177,99,130,563
5,177,563,224
130,5,224,15
563,130,15,1175
224,563,1175,4
15,224,4,1008
1175,15,1008,2304
4,1175,2304,829
1008,4,829,5
2304,1008,5,10
829,2304,10,41
5,829,41,30
10,5,30,116
41,10,116,24
30,41,24,1008
116,30,1008,2304
24,116,2304,829
1008,24,829,5
2304,1008,5,10
829,2304,10,16
5,829,16,25
10,5,25,5090
16,10,5090,8
25,16,8,33
5090,25,33,396
8,5090,396,248
33,8,248,29
396,33,29,113
248,396,113,20
29,248,20,13
113,29,13,3
20,113,3,18
13,20,18,47
3,13,47,271
18,3,271,8
47,18,8,155
271,47,155,79
8,271,79,12
155,8,12,42
79,155,42,446
12,79,446,622
42,12,622,48
446,42,48,5
622,446,5,2446
48,622,2446,18710
5,48,18710,6
2446,5,6,13870
18710,2446,13870,52
6,18710,52,33
13870,6,33,178
52,13870,178,8
33,52,8,155
178,33,155,7
8,178,7,646
155,8,646,12
7,155,12,98
646,7,98,446
12,646,446,207
98,12,207,12035
446,98,12035,6854
207,446,6854,231
12035,207,231,207
6854,12035,207,22564
231,6854,22564,5
207,231,5,207
22564,207,207,9372
5,22564,9372,7
207,5,7,2053
9372,207,2053,81588
7,9372,81588,1879
2053,7,1879,59
81588,2053,59,50
1879,81588,50,631
59,1879,631,37
50,59,37,3568
631,50,3568,50
37,631,50,21
3568,37,21,631
50,3568,631,37
21,50,37,8
631,21,8,548
37,631,548,50
8,37,50,2459
548,8,2459,631
50,548,631,37
2459,50,37,33
631,2459,33,116
37,631,116,7
33,37,7,5849
116,33,5849,9
7,116,9,4188
5849,7,4188,4008
9,5849,4008,4
4188,9,4,2263
4008,4188,2263,11
4,4008,11,77
2263,4,77,1400
11,2263,1400,285
77,11,285,548
1400,77,548,33
285,1400,33,116
548,285,116,8
33,548,8,359
116,33,359,5
8,116,5,2
359,8,2,3568
5,359,3568,2459
2,5,2459,50
3568,2,50,631
2459,3568,631,37
50,2459,37,548
631,50,548,4
37,631,4,88
548,37,88,5
4,548,5,3568
88,4,3568,6
5,88,6,563
3568,5,563,16
6,3568,16,95
563,6,95,359
16,563,359,5
95,16,5,3568
359,95,3568,548
5,359,548,4
3568,5,4,6465
548,3568,6465,3568
4,548,3568,1030
6465,4,1030,23
3568,6465,23,117
1030,3568,117,5
23,1030,5,563
117,23,563,16
5,117,16,2289
563,5,2289,95
16,563,95,359
2289,16,359,5
95,2289,5,81585
359,95,81585,548
5,359,548,25
81585,5,25,112
548,81585,112,2391
25,548,2391,5
112,25,5,3568
2391,112,3568,115
5,2391,115,21
3568,5,21,364
115,3568,364,44
21,115,44,309
364,21,309,5
44,364,5,2446
309,44,2446,548
5,309,548,8
2446,5,8,230
548,2446,230,17
8,548,17,2
230,8,2,1983
17,230,1983,87
2,17,87,10
1983,2,10,21
87,1983,21,4
10,87,4,1844
21,10,1844,79
4,21,79,4
1844,4,4,2101
79,1844,2101,303
4,79,303,5
2101,4,5,1677
303,2101,1677,141
5,303,141,10
1677,5,10,3328
141,1677,3328,5
10,141,5,8
3328,10,8,2101
5,3328,2101,303
8,5,303,5
2101,8,5,1677
303,2101,1677,77313
5,303,77313,548
1677,5,548,8
77313,1677,8,7
548,77313,7,1581
8,548,1581,1973
7,8,1973,548
1581,7,548,7
