206,920,14,165
221,206,165,4689
14,221,4689,2
165,14,2,323
4689,165,323,216
2,4689,216,1050
323,2,1050,12223
216,323,12223,57
1050,216,57,28
12223,1050,28,279
57,12223,279,216
28,57,216,14
279,28,14,551
216,279,551,424
14,216,424,3
551,14,3,96
424,551,96,507
3,424,507,221
96,3,221,406
507,96,406,50
221,507,50,579
406,221,579,3370
50,406,3370,188
579,50,188,21
3370,579,21,3
188,3370,3,96
21,188,96,5778
3,21,5778,2612
96,3,2612,317
5778,96,317,8
2612,5778,8,77
317,2612,77,17
8,317,17,388
77,8,388,2
17,77,2,424
388,17,424,3
2,388,3,748
424,2,748,4
3,424,4,85
748,3,85,95
4,748,95,328
85,4,328,4502
95,85,4502,1436
328,95,1436,24
4502,328,24,395
1436,4502,395,98
24,1436,98,156
395,24,156,317
98,395,317,126
156,98,126,2
317,156,2,289
126,317,289,36
2,126,36,257
289,2,257,85
36,289,85,4
257,36,4,23
85,257,23,2
4,85,2,1699
23,4,1699,5296
2,23,5296,15
1699,2,15,8935
5296,1699,8935,1554
15,5296,1554,126
8935,15,126,377
1554,8935,377,25
126,1554,25,16
377,126,16,33
25,377,33,1222
16,25,1222,180
33,16,180,8
1222,33,8,7
180,1222,7,147
8,180,147,3
7,8,3,1730
147,7,1730,83
3,147,83,2
1730,3,2,23268
83,1730,23268,11808
2,83,11808,291
23268,2,291,371
11808,23268,371,4307
291,11808,4307,331
371,291,331,184
4307,371,184,3
331,4307,3,45
184,331,45,1632
3,184,1632,15
45,3,15,1110
1632,45,1110,75
15,1632,75,2
1110,15,2,3935
75,1110,3935,158
2,75,158,2430
3935,2,2430,5
158,3935,5,376
2430,158,376,21
5,2430,21,104
376,5,104,45
21,376,45,28
104,21,28,9
45,104,9,371
28,45,371,4307
9,28,4307,4122
371,9,4122,917
4307,371,917,822
4122,4307,822,62
917,4122,62,11
822,917,11,14
62,822,14,2867
11,62,2867,175
14,11,175,4
2867,14,4,221
175,2867,221,266
4,175,266,3184
221,4,3184,3
266,221,3,6281
3184,266,6281,41
3,3184,41,1071
6281,3,1071,79
41,6281,79,2
1071,41,2,187
79,1071,187,4
2,79,4,279
187,2,279,216
4,187,216,1554
279,4,1554,31
216,279,31,7
1554,216,7,113
31,1554,113,136
7,31,136,5
113,7,5,187
136,113,187,42
5,136,42,417
187,5,417,28
42,187,28,95
417,42,95,45
28,417,45,28
95,28,28,8
45,95,8,579
28,45,579,251
8,28,251,371
579,8,371,4307
251,579,4307,4359
371,251,4359,268
4307,371,268,3774
4359,4307,3774,3
268,4359,3,221
3774,268,221,406
3,3774,406,8
221,3,8,26
406,221,26,50
8,406,50,3
26,8,3,319
50,26,319,3732
3,50,3732,179
319,3,179,474
3732,319,474,1142
179,3732,1142,26
474,179,26,13
1142,474,13,57
26,1142,57,606
13,26,606,83
57,13,83,221
606,57,221,2633
83,606,2633,5
221,83,5,1923
2633,221,1923,301
5,2633,301,28
1923,5,28,406
301,1923,406,50
28,301,50,398
406,28,398,2
50,406,2,136
398,50,136,23027
2,398,23027,3774
136,2,3774,12
23027,136,12,187
3774,23027,187,524
12,3774,524,83
187,12,83,59
524,187,59,406
83,524,406,2325
59,83,2325,206
406,59,206,26
2325,406,26,50
206,2325,50,918
26,206,918,3
50,26,3,123
918,50,123,41
3,918,41,1895
123,3,1895,664
41,123,664,26
1895,41,26,28
664,1895,28,26
26,664,26,50
28,26,50,134
26,28,134,316
50,26,316,13
134,50,13,154
316,134,154,24
13,316,24,1689
154,13,1689,437
24,154,437,46
1689,24,46,371
437,1689,371,4307
46,437,4307,57
371,46,57,1632
4307,371,1632,15
57,4307,15,323
1632,57,323,2306
15,1632,2306,371
323,15,371,4307
2306,323,4307,36
371,2306,36,98
4307,371,98,57
36,4307,57,669
98,36,669,221
57,98,221,158
669,57,158,726
221,669,726,156
158,221,156,2
726,158,2,20737
156,726,20737,3774
2,156,3774,6
20737,2,6,1029
3774,20737,1029,406
6,3774,406,12
1029,6,12,479
406,1029,479,187
12,406,187,331
479,12,331,3
187,479,3,137
331,187,137,125
3,331,125,2522
137,3,2522,12
125,137,12,12203
2522,125,12203,2573
12,2522,2573,8
12203,12,8,13
2573,12203,13,47
8,2573,47,3624
13,8,3624,2
47,13,2,177
3624,47,177,5
2,3624,5,32
177,2,32,125
5,177,125,187
32,5,187,29
125,32,29,8
187,125,8,1281
29,187,1281,14
8,29,14,2257
1281,8,2257,19
14,1281,19,1554
2257,14,1554,23
19,2257,23,1268
1554,19,1268,847
23,1554,847,5
1268,23,5,39
847,1268,39,249
5,847,249,6
39,5,6,3142
249,39,3142,95
6,249,95,125
3142,6,125,50
95,3142,50,398
125,95,398,3
50,125,3,221
398,50,221,292
3,398,292,12
221,3,12,1756
292,221,1756,5
12,292,5,4510
1756,12,4510,5212
5,1756,5212,4
4510,5,4,25254
5212,4510,25254,588
4,5212,588,1874
25254,4,1874,406
588,25254,406,77
1874,588,77,86
406,1874,86,91
77,406,91,81
86,77,81,9
91,86,9,1370
81,91,1370,5
9,81,5,2366
1370,9,2366,451
5,1370,451,5215
2366,5,5215,5
451,2366,5,109
5215,451,109,76
5,5215,76,221
109,5,221,406
76,109,406,50
221,76,50,8245
406,221,8245,15
50,406,15,8
8245,50,8,661
15,8245,661,4
8,15,4,331
661,8,331,9
4,661,9,2421
331,4,2421,3
9,331,3,96
2421,9,96,2
3,2421,2,707
96,3,707,1281
2,96,1281,3
707,2,3,227
1281,707,227,1554
3,1281,1554,6
227,3,6,3160
1554,227,3160,184
6,1554,184,3
3160,6,3,45
184,3160,45,1632
3,184,1632,15
45,3,15,323
1632,45,323,371
15,1632,371,4307
323,15,4307,104
371,323,104,45
4307,371,45,28
104,4307,28,134
45,104,134,81
28,45,81,64
134,28,64,4
81,134,4,453
64,81,453,8
4,64,8,26
453,4,26,77
8,453,77,155
26,8,155,41113
77,26,41113,898
155,77,898,1856
41113,155,1856,6
898,41113,6,9188
1856,898,9188,15
6,1856,15,125
9188,6,125,783
15,9188,783,2109
125,15,2109,118
783,125,118,3861
2109,783,3861,19
118,2109,19,221
3861,118,221,7
19,3861,7,206
221,19,206,7
7,221,7,84
206,7,84,113
7,206,113,138
84,7,138,27
113,84,27,13
138,113,13,2
27,138,2,131
13,27,131,201
2,13,201,600
131,2,600,5
201,131,5,817
600,201,817,711
5,600,711,2
817,5,2,7
711,817,7,383
2,711,383,6
7,2,6,466
383,7,466,259
6,383,259,190
466,6,190,220
259,466,220,7688
190,259,7688,704
220,190,704,43
7688,220,43,127
704,7688,127,85
43,704,85,255
127,43,255,15
85,127,15,78
255,85,78,32
15,255,32,34
78,15,34,208
32,78,208,155
34,32,155,351
208,34,351,26
155,208,26,34
351,155,34,445
26,351,445,11421
34,26,11421,36
445,34,36,39
11421,445,39,255
36,11421,255,34
39,36,34,1362
255,39,1362,4
34,255,4,10
1362,34,10,13
4,1362,13,412
10,4,412,3
13,10,3,25
412,13,25,15
3,412,15,2
25,3,2,1424
15,25,1424,2009
2,15,2009,1807
1424,2,1807,36
2009,1424,36,657
1807,2009,657,10
36,1807,10,13
657,36,13,3
10,657,3,25
13,10,25,15
3,13,15,49
25,3,49,10
15,25,10,13
49,15,13,3
10,49,3,25
13,10,25,15
3,13,15,209
25,3,209,8
15,25,8,49
209,15,49,4
8,209,4,49
49,8,49,1043
4,49,1043,16
49,4,16,1433
1043,49,1433,7570
16,1043,7570,7390
1433,16,7390,4
7570,1433,4,12088
7390,7570,12088,14470
4,7390,14470,5
12088,4,5,70
14470,12088,70,166
5,14470,166,20
70,5,20,3576
166,70,3576,5
20,166,5,221
3576,20,221,291
5,3576,291,72
221,5,72,5362
291,221,5362,48
72,291,48,5
5362,72,5,8
48,5362,8,308
5,48,308,9
8,5,9,597
308,8,597,30
9,308,30,116
597,9,116,51
30,597,51,66
116,30,66,5
51,116,5,78
66,51,78,34
5,66,34,234
78,5,234,73
34,78,73,10
234,34,10,17
73,234,17,71
10,73,71,12499
17,10,12499,12
71,17,12,11851
12499,71,11851,1812
12,12499,1812,2960
11851,12,2960,291
1812,11851,291,15
2960,1812,15,2
291,2960,2,210
15,291,210,5
2,15,5,108
210,2,108,124
5,210,124,7
108,5,7,25
124,108,25,113
7,124,113,45
25,7,45,14
113,25,14,8
45,113,8,4
14,45,4,25
8,14,25,41
4,8,41,70
25,4,70,65
41,25,65,2134
70,41,2134,1366
65,70,1366,34
2134,65,34,123
1366,2134,123,2
34,1366,2,7732
123,34,7732,12
2,123,12,27
7732,2,27,10
12,7732,10,21
27,12,21,72
10,27,72,180
21,10,180,254
72,21,254,10
180,72,10,80
254,180,80,1927
10,254,1927,32
80,10,32,267
1927,80,267,4591
32,1927,4591,2331
267,32,2331,7
4591,267,7,17545
2331,4591,17545,229
7,2331,229,11
17545,7,11,55
229,17545,55,218
11,229,218,3
55,11,3,144
218,55,144,32
3,218,32,2
144,3,2,11
32,144,11,481
2,32,481,109
11,2,109,53
481,11,53,34
109,481,34,17
53,109,17,64
34,53,64,8620
17,34,8620,36
64,17,36,19953
8620,64,19953,1088
36,8620,1088,9
19953,36,9,32
1088,19953,32,49
9,1088,49,99
32,9,99,1022
49,32,1022,34
99,49,34,123
1022,99,123,2
34,1022,2,16696
123,34,16696,3
2,123,3,1177
16696,2,1177,1883
3,16696,1883,4
1177,3,4,1700
1883,1177,1700,15
4,1883,15,334
1700,4,334,600
15,1700,600,5
334,15,5,6900
600,334,6900,2168
5,600,2168,297
6900,5,297,4404
2168,6900,4404,30
297,2168,30,18
4404,297,18,388
30,4404,388,8
18,30,8,2
388,18,2,24844
8,388,24844,13741
2,8,13741,197
24844,2,197,7
13741,24844,7,572
197,13741,572,9
7,197,9,133
572,7,133,53
9,572,53,7
133,9,7,64
53,133,64,337
7,53,337,3
64,7,3,178
337,64,178,8
3,337,8,32
178,3,32,2451
8,178,2451,34
32,8,34,17
2451,32,17,476
34,2451,476,29
17,34,29,41
476,17,41,5
29,476,5,183
41,29,183,6
5,41,6,20
183,5,20,107
6,183,107,4
20,6,4,88
107,20,88,253
4,107,253,2
88,4,2,182
253,88,182,901
2,253,901,606
182,2,606,263
901,182,263,63
606,901,63,1726
263,606,1726,657
63,263,657,28
1726,63,28,16493
657,1726,16493,8
28,657,8,30
16493,28,30,16
8,16493,16,21
30,8,21,2
16,30,2,5807
21,16,5807,41682
2,21,41682,7
5807,2,7,3874
41682,5807,3874,623
7,41682,623,30
3874,7,30,77
623,3874,77,247
30,623,247,42
77,30,42,52
247,77,52,269
42,247,269,32
52,42,32,7
269,52,7,612
32,269,612,63
7,32,63,67
612,7,67,150
63,612,150,214
67,63,214,34
150,67,34,218
214,150,218,3
34,214,3,17
218,34,17,8833
3,218,8833,19
17,3,19,1496
8833,17,1496,291
19,8833,291,19
1496,19,19,221
291,1496,221,4
19,291,4,1497
221,19,1497,279
4,221,279,216
1497,4,216,4
279,1497,4,233
216,279,233,1528
4,216,1528,43
233,4,43,23
1528,233,23,2247
43,1528,2247,692
23,43,692,5
2247,23,5,41
692,2247,41,8928
5,692,8928,297
41,5,297,6
8928,41,6,730
297,8928,730,311
6,297,311,389
730,6,389,4
311,730,4,1723
389,311,1723,19
4,389,19,263
1723,4,263,4
19,1723,4,1402
263,19,1402,2824
4,263,2824,30
1402,4,30,551
2824,1402,551,55
30,2824,55,21
551,30,21,322
55,551,322,2
21,55,2,743
322,21,743,120
2,322,120,63
743,2,63,1595
120,743,1595,132
63,120,132,147
1595,63,147,36
132,1595,36,14
147,132,14,2
36,147,2,4550
14,36,4550,24
2,14,24,63
4550,2,63,3
24,4550,3,3436
63,24,3436,36
3,63,36,901
3436,3,901,321
36,3436,321,147
901,36,147,3
321,901,3,4550
147,321,4550,1313
3,147,1313,75
4550,3,75,11
1313,4550,11,123
75,1313,123,266
11,75,266,2
123,11,2,5
266,123,5,84
2,266,84,7
5,2,7,18
84,5,18,64
7,84,64,2184
18,7,2184,8
64,18,8,536
2184,64,536,5
8,2184,5,95
536,8,95,194
5,536,194,34
95,5,34,17
194,95,17,3336
34,194,3336,19
17,34,19,85
3336,17,85,44
19,3336,44,36
85,19,36,8
44,85,8,30
36,44,30,34
8,36,34,18
30,8,18,601
34,30,601,5109
18,34,5109,12
601,18,12,4
5109,601,4,291
12,5109,291,79
4,12,79,51
291,4,51,77
79,291,77,17
51,79,17,2
77,51,2,90
17,77,90,2
2,17,2,125
90,2,125,8
2,90,8,277
125,2,277,38
8,125,38,107
277,8,107,3
38,277,3,1392
107,38,1392,4
3,107,4,1396
1392,3,1396,1447
4,1392,1447,301
1396,4,301,6
1447,1396,6,201
301,1447,201,3693
6,301,3693,4
201,6,4,2
3693,201,2,2
4,3693,2,162
2,4,162,7
2,2,7,353
162,2,353,2830
7,162,2830,16294
353,7,16294,229
2830,353,229,7
16294,2830,7,55
229,16294,55,106
7,229,106,9
55,7,9,269
106,55,269,5
9,106,5,35
269,9,35,7
5,269,7,68
35,5,68,14
7,35,14,3
68,7,3,96
14,68,96,314
3,14,314,8
96,3,8,7
314,96,7,55
8,314,55,21
7,8,21,106
55,7,106,9
21,55,9,138
106,21,138,27
9,106,27,2
138,9,2,22
27,138,22,108
2,27,108,384
22,2,384,4
108,22,4,2516
384,108,2516,16
4,384,16,131
2516,4,131,382
16,2516,382,9
131,16,9,41
382,131,41,12
9,382,12,32
41,9,32,479
12,41,479,137
78,6,1410,911
32,78,911,567
1410,32,567,9
911,1410,9,400
567,911,400,225
9,567,225,1622
400,9,1622,85272
225,400,85272,49
1622,225,49,7771
85272,1622,7771,852
49,85272,852,352
7771,49,352,32
852,7771,32,468
352,852,468,460
32,352,460,5
468,32,5,117
460,468,117,5
5,460,5,3786
117,5,3786,291
5,117,291,75
3786,5,75,1477
291,3786,1477,1909
75,291,1909,3611
1477,75,3611,32
1909,1477,32,31
3611,1909,31,14
32,3611,14,2
31,32,2,808
14,31,808,232
2,14,232,12
808,2,12,291
232,808,291,1652
12,232,1652,2
291,12,2,1110
1652,291,1110,11
2,1652,11,4
1110,2,4,49
11,1110,49,1204
4,11,1204,702
49,4,702,13
1204,49,13,2
702,1204,2,26
13,702,26,516
2,13,516,51
26,2,51,3
516,26,3,25
51,516,25,370
3,51,370,38
25,3,38,179
370,25,179,61945
38,370,61945,7
179,38,7,14
61945,179,14,56
7,61945,56,5
14,7,5,179
56,14,179,67
5,56,67,19492
179,5,19492,151
67,179,151,5
19492,67,5,1164
151,19492,1164,1118
5,151,1118,9
1164,5,9,42
1118,1164,42,128
9,1118,128,1478
42,9,1478,570
128,42,570,126
1478,128,126,30
570,1478,30,7860
126,570,7860,3
30,126,3,378
7860,30,378,192
3,7860,192,597
378,3,597,1732
192,378,1732,15042
597,192,15042,37
1732,597,37,240
15042,1732,240,9
37,15042,9,475
240,37,475,7
9,240,7,14
475,9,14,3913
7,475,3913,4
14,7,4,59
3913,14,59,27409
4,3913,27409,8461
59,4,8461,331
27409,59,331,180
8461,27409,180,51
331,8461,51,7
180,331,7,697
51,180,697,3
7,51,3,25
697,7,25,7
3,697,7,28
25,3,28,7
7,25,7,697
28,7,697,3
7,28,3,17
697,7,17,2
3,697,2,1725
17,3,1725,1164
2,17,1164,73
1725,2,73,89
1164,1725,89,11
73,1164,11,134
89,73,134,180
11,89,180,8
134,11,8,40
180,134,40,17
8,180,17,1523
40,8,1523,87
17,40,87,33
1523,17,33,635
87,1523,635,18
33,87,18,2
635,33,2,872
18,635,872,51
2,18,51,12
872,2,12,1028
51,872,1028,115
12,51,115,8
1028,12,8,242
115,1028,242,27409
8,115,27409,1380
242,8,1380,8
27409,242,8,261
1380,27409,261,2
8,1380,2,872
261,8,872,23
2,261,23,308
872,2,308,3
23,872,3,123
308,23,123,299
3,308,299,5
123,3,5,48
299,123,48,130
5,299,130,520
48,5,520,147
130,48,147,7
520,130,7,40
147,520,40,208
7,147,208,17
40,7,17,458
208,40,458,3
17,208,3,1315
458,17,1315,1042
3,458,1042,5
1315,3,5,4123
1042,1315,4123,290
5,1042,290,73
4123,5,73,395
290,4123,395,507
73,290,507,7
395,73,7,13
507,395,13,1622
7,507,1622,9788
13,7,9788,9
1622,13,9,212
9788,1622,212,7
9,9788,7,821
212,9,821,170
7,212,170,4644
821,7,4644,229
170,821,229,8461
4644,170,8461,14
229,4644,14,3265
8461,229,3265,130
14,8461,130,3901
3265,14,3901,36
130,3265,36,395
3901,130,395,2
36,3901,2,718
395,36,718,173
2,395,173,37
718,2,37,62
173,718,62,1191
37,173,1191,141
62,37,141,165
1191,62,165,77
141,1191,77,17
165,141,17,9
77,165,9,106580
17,77,106580,2
9,17,2,3798
106580,9,3798,460
2,106580,460,37
3798,2,37,11931
460,3798,11931,1938
37,460,1938,37
11931,37,37,225
1938,11931,225,6
37,1938,6,5529
225,37,5529,29
6,225,29,10
5529,6,10,68
29,5529,68,1341
10,29,1341,2
68,10,2,359
1341,68,359,5
2,1341,5,14383
359,2,14383,24018
5,359,24018,27868
14383,5,27868,37
24018,14383,37,255
27868,24018,255,5
37,27868,5,400
255,37,400,225
5,255,225,46
400,5,46,7
225,400,7,377
46,225,377,8648
7,46,8648,4
377,7,4,57
8648,377,57,29077
4,8648,29077,245
57,4,245,911
29077,57,911,255
245,29077,255,5
911,245,5,470
255,911,470,2
5,255,2,39
470,5,39,262
2,470,262,2
39,2,2,2
262,39,2,106531
2,262,106531,84
2,2,84,126
106531,2,126,11
84,106531,11,13
