953,2244,15477,157
3,953,157,79
15477,3,79,7111
157,15477,7111,2
79,157,2,10
7111,79,10,960
2,7111,960,3
10,2,3,22
960,10,22,5963
3,960,5963,133
22,3,133,198
5963,22,198,3
133,5963,3,2819
198,133,2819,6
3,198,6,320
2819,3,320,5
6,2819,5,11792
320,6,11792,39
5,320,39,108
11792,5,108,316
39,11792,316,4
108,39,4,1324
316,108,1324,1473
4,316,1473,5
1324,4,5,2021
1473,1324,2021,4
5,1473,4,95
2021,5,95,31
4,2021,31,34
95,4,34,21
31,95,21,9865
34,31,9865,155
21,34,155,525
9865,21,525,15
155,9865,15,7323
525,155,7323,1779
15,525,1779,5
7323,15,5,157
1779,7323,157,164
5,1779,164,16
157,5,16,76
164,157,76,5
16,164,5,531
76,16,531,1952
5,76,1952,5
531,5,5,18145
1952,531,18145,4
5,1952,4,10
18145,5,10,984
4,18145,984,12
10,4,12,302
984,10,302,5
12,984,5,70
302,12,70,686
5,302,686,103251
70,5,103251,6380
686,70,6380,5
103251,686,5,22
6380,103251,22,1016
5,6380,1016,71
22,5,71,13
1016,22,13,896
71,1016,896,4
13,71,4,2947
896,13,2947,302
4,896,302,74
2947,4,74,48
302,2947,48,686
74,302,686,120
48,74,120,70328
686,48,70328,18145
120,686,18145,7837
70328,120,7837,35
18145,70328,35,63893
7837,18145,63893,32274
35,7837,32274,41626
63893,35,41626,242
32274,63893,242,48
41626,32274,48,7154
242,41626,7154,4
48,242,4,1294
7154,48,1294,1357
4,7154,1357,3569
1294,4,3569,36
1357,1294,36,3599
3569,1357,3599,36
36,3569,36,16835
3599,36,16835,3
36,3599,3,156
16835,36,156,7154
3,16835,7154,36
156,3,36,1294
7154,156,1294,8
36,7154,8,16
1294,36,16,2175
8,1294,2175,5
16,8,5,118
2175,16,118,18390
5,2175,18390,19
118,5,19,536
18390,118,536,399
19,18390,399,118
536,19,118,36
399,536,36,2199
118,399,2199,13167
36,118,13167,5
2199,36,5,57
13167,2199,57,91
5,13167,91,3
57,5,3,54
91,57,54,156
3,91,156,7154
54,3,7154,36
156,54,36,1294
7154,156,1294,132
36,7154,132,17
1294,36,17,243
132,1294,243,23
17,132,23,48
243,17,48,695
23,243,695,5
48,23,5,6550
695,48,6550,24
5,695,24,1382
6550,5,1382,6593
24,6550,6593,3
1382,24,3,1294
6593,1382,1294,8514
3,6593,8514,6
1294,3,6,103923
8514,1294,103923,729
6,8514,729,9
103923,6,9,399
729,103923,399,36
9,729,36,2199
399,9,2199,57522
36,399,57522,32274
2199,36,32274,41626
57522,2199,41626,68
32274,57522,68,242
41626,32274,242,30769
68,41626,30769,538
242,68,538,3729
30769,242,3729,6
538,30769,6,27921
3729,538,27921,25341
6,3729,25341,7151
27921,6,7151,48
25341,27921,48,42036
7151,25341,42036,5525
48,7151,5525,4458
42036,48,4458,4
5525,42036,4,2199
4458,5525,2199,36
4,4458,36,2423
2199,4,2423,1487
36,2199,1487,4
2423,36,4,649
1487,2423,649,137
4,1487,137,5246
649,4,5246,13115
137,649,13115,4
5246,137,4,36111
13115,5246,36111,6020
4,13115,6020,29
36111,4,29,115
6020,36111,115,21
29,6020,21,242
115,29,242,98
21,115,98,156
242,21,156,1201
98,242,1201,75
156,98,75,10
1201,156,10,689
75,1201,689,10
10,75,10,1947
689,10,1947,2
10,689,2,4
1947,10,4,5871
2,1947,5871,6593
4,2,6593,36
5871,4,36,5871
6593,5871,5871,1294
36,6593,1294,66551
5871,36,66551,32274
1294,5871,32274,1071
66551,1294,1071,63995
32274,66551,63995,242
1071,32274,242,1417
63995,1071,1417,8099
242,63995,8099,1660
1417,242,1660,211
8099,1417,211,12
1660,8099,12,3321
211,1660,3321,4
12,211,4,57
3321,12,57,2874
4,3321,2874,633
57,4,633,9
2874,57,9,1870
633,2874,1870,6550
9,633,6550,3563
1870,9,3563,4
6550,1870,4,4844
3563,6550,4844,211
4,3563,211,1411
4844,4,1411,4844
211,4844,4844,5
1411,211,5,686
4844,1411,686,1071
5,4844,1071,4
686,5,4,9
1071,686,9,1432
4,1071,1432,3563
9,4,3563,5
1432,9,5,3321
3563,1432,3321,2461
5,3563,2461,4
3321,5,4,64730
2461,3321,64730,20
4,2461,20,4042
64730,4,4042,18145
20,64730,18145,7
4042,20,7,774
18145,4042,774,3775
7,18145,3775,6
774,7,6,8
3775,774,8,10
6,3775,10,1003
8,6,1003,35
10,8,35,8
1003,10,8,92
35,1003,92,13
8,35,13,302
92,8,302,74
13,92,74,476
302,13,476,8
74,302,8,7
476,74,7,108583
8,476,108583,5
7,8,5,118
108583,7,118,18390
5,108583,18390,19
118,5,19,536
18390,118,536,399
19,18390,399,118
536,19,118,36
399,536,36,47712
118,399,47712,52
36,118,52,33
47712,36,33,486
52,47712,486,8
33,52,8,33
486,33,33,4
8,486,4,65056
33,8,65056,50
4,33,50,110
65056,4,110,3
50,65056,3,93
110,50,93,168
3,110,168,541
93,3,541,686
168,93,686,771
541,168,771,19
686,541,19,12314
771,686,12314,4
19,771,4,7428
12314,19,7428,1736
4,12314,1736,686
7428,4,686,113
1736,7428,113,32476
686,1736,32476,7
113,686,7,344
32476,113,344,3
7,32476,3,453
344,7,453,62
3,344,62,2938
453,3,2938,20
62,453,20,526
2938,62,526,316
20,2938,316,77
526,20,77,988
316,526,988,3
77,316,3,17
988,77,17,3
3,988,3,70
17,3,70,45
3,17,45,286
70,3,286,2
45,70,2,2287
286,45,2287,2627
2,286,2627,5
2287,2,5,47326
2627,2287,47326,3381
5,2627,3381,686
47326,5,686,104651
3381,47326,104651,7
686,3381,7,86
104651,686,86,2618
7,104651,2618,5
86,7,5,8635
2618,86,8635,1795
5,2618,1795,3
8635,5,3,888
1795,8635,888,6715
3,1795,6715,607
888,3,607,72
6715,888,72,62
607,6715,62,1130
72,607,1130,32
62,72,32,77
1130,62,77,17
32,1130,17,52
77,32,52,612
17,77,612,3634
52,17,3634,12592
612,52,12592,51
3634,612,51,30
12592,3634,30,87797
51,12592,87797,982
30,51,982,803
87797,30,803,6944
982,87797,6944,3
803,982,3,677
6944,803,677,448
3,6944,448,62
677,3,62,32272
448,677,32272,1394
62,448,1394,164
32272,62,164,41
1394,32272,41,1170
164,1394,1170,599
41,164,599,33
1170,41,33,147
599,1170,147,3
33,599,3,60292
147,33,60292,19
3,147,19,888
60292,3,888,6715
19,60292,6715,1394
888,19,1394,69627
6715,888,69627,2656
1394,6715,2656,3
69627,1394,3,130
2656,69627,130,1087
3,2656,1087,23
130,3,23,7837
1087,130,7837,833
23,1087,833,180
7837,23,180,56
833,7837,56,86431
180,833,86431,2300
56,180,2300,833
86431,56,833,56
2300,86431,56,67
833,2300,67,1202
56,833,1202,62
67,56,62,12
1202,67,12,540
62,1202,540,330
12,62,330,54
540,12,54,603
330,540,603,12
54,330,12,450
603,54,450,883
12,603,883,1202
450,12,1202,703
883,450,703,24
1202,883,24,1268
703,1202,1268,579
24,703,579,6718
1268,24,6718,7
579,1268,7,2687
6718,579,2687,6
7,6718,6,3785
2687,7,3785,274
6,2687,274,435
3785,6,435,2734
274,3785,2734,5
435,274,5,67
2734,435,67,235
5,2734,235,68176
67,5,68176,2501
235,67,2501,18808
68176,235,18808,4591
2501,68176,4591,15106
18808,2501,15106,1140
4591,18808,1140,15106
15106,4591,15106,20
1140,15106,20,7
15106,1140,7,2947
20,15106,2947,325
7,20,325,6
2947,7,6,686
325,2947,686,4844
6,325,4844,888
686,6,888,6715
4844,686,6715,7
888,4844,7,2
6715,888,2,3765
7,6715,3765,1978
2,7,1978,9
3765,2,9,2
1978,3765,2,865
9,1978,865,60
2,9,60,30
865,2,30,16
60,865,16,2017
30,60,2017,198
16,30,198,5
2017,16,5,48
198,2017,48,41238
5,198,41238,18041
48,5,18041,825
41238,48,825,108628
18041,41238,108628,15326
825,18041,15326,3381
108628,825,3381,1344
15326,108628,1344,1427
3381,15326,1427,375
1344,3381,375,10
1427,1344,10,7
375,1427,7,196
10,375,196,29617
7,10,29617,7837
196,7,7837,1394
29617,196,1394,164
7837,29617,164,7837
1394,7837,7837,9
164,1394,9,41
7837,164,41,294
9,7837,294,52
41,9,52,572
294,41,572,756
52,294,756,13
572,52,13,330
756,572,330,1641
13,756,1641,4
330,13,4,33
1641,330,33,15326
4,1641,15326,3381
33,4,3381,1344
15326,33,1344,11
3381,15326,11,192
1344,3381,192,15326
11,1344,15326,3381
192,11,3381,1344
15326,192,1344,17
3381,15326,17,2
1344,3381,2,944
17,1344,944,346
2,17,346,56
944,2,56,41
346,944,41,52916
56,346,52916,7837
41,56,7837,6896
52916,41,6896,164
7837,52916,164,7837
6896,7837,7837,7837
164,6896,7837,24
7837,164,24,15106
7837,7837,15106,1576
24,7837,1576,5525
15106,24,5525,4358
1576,15106,4358,3
5525,1576,3,6715
4358,5525,6715,1617
3,4358,1617,4358
6715,3,4358,651
1617,6715,651,27551
4358,1617,27551,13
651,4358,13,914
27551,651,914,889
13,27551,889,5
914,13,5,589
889,914,589,5
5,889,5,45
589,5,45,53
5,589,53,7
45,5,7,271
53,45,271,9
7,53,9,1663
271,7,1663,49075
9,271,49075,36896
1663,9,36896,7837
49075,1663,7837,7837
36896,49075,7837,9
7837,36896,9,677
7837,7837,677,448
9,7837,448,62
677,9,62,6731
448,677,6731,33
62,448,33,55
6731,62,55,123
33,6731,123,198
55,33,198,48
123,55,48,39
198,123,39,316
48,198,316,551
39,48,551,91
316,39,91,18041
551,316,18041,825
91,551,825,108592
18041,91,108592,7837
825,18041,7837,7837
108592,825,7837,3713
7837,108592,3713,1099
7837,7837,1099,3
3713,7837,3,558
1099,3713,558,21628
3,1099,21628,558
558,3,558,1099
21628,558,1099,64
558,21628,64,5347
1099,558,5347,64
64,1099,64,41262
5347,64,41262,527
64,5347,527,61
41262,64,61,164
527,41262,164,19
61,527,19,888
164,61,888,6715
19,164,6715,3704
71,63,12,45
228,71,45,5
12,228,5,1175
45,12,1175,3
5,45,3,2403
1175,5,2403,95
3,1175,95,31
2403,3,31,91
95,2403,91,1251
31,95,1251,3
91,31,3,3006
1251,91,3006,1309
3,1251,1309,82
3006,3,82,4
1309,3006,4,6
82,1309,6,377
4,82,377,25
6,4,25,82
377,6,82,3427
25,377,3427,45
82,25,45,37
3427,82,37,2273
45,3427,2273,148
37,45,148,42
2273,37,42,6
148,2273,6,320
42,148,320,5
6,42,5,2878
320,6,2878,55125
5,320,55125,134
2878,5,134,2
55125,2878,2,2191
134,55125,2191,429
2,134,429,23
2191,2,23,150
429,2191,150,2510
23,429,2510,5536
150,23,5536,8
2510,150,8,30
5536,2510,30,18
8,5536,18,388
30,8,388,6958
18,30,6958,5
388,18,5,1175
6958,388,1175,91
5,6958,91,161
1175,5,161,2
91,1175,2,4
161,91,4,4471
2,161,4471,5
4,2,5,306
4471,4,306,201
5,4471,201,29
306,5,29,7240
201,306,7240,6
29,201,6,320
7240,29,320,5
6,7240,5,63289
320,6,63289,2
5,320,2,391
63289,5,391,6
2,63289,6,2256
391,2,2256,3
6,391,3,401
2256,6,401,5
3,2256,5,890
401,3,890,30
5,401,30,18
890,5,18,388
30,890,388,581
18,30,581,4
388,18,4,1083
581,388,1083,5511
4,581,5511,19
1083,4,19,95
5511,1083,95,31
19,5511,31,12257
95,19,12257,3
31,95,3,524
12257,31,524,61
3,12257,61,9
524,3,9,1175
61,524,1175,82
9,61,82,38
1175,9,38,1175
82,1175,1175,82
38,82,82,12257
1175,38,12257,3
82,1175,3,524
12257,82,524,61
3,12257,61,9
524,3,9,1599
61,524,1599,29
9,61,29,6
1599,9,6,209
29,1599,209,16
6,29,16,13547
209,6,13547,10
16,209,10,11
13547,16,11,4261
10,13547,4261,7
11,10,7,21
4261,11,21,1526
7,4261,1526,1277
21,7,1277,1599
1526,21,1599,36
1277,1526,36,2382
1599,1277,2382,36
36,1599,36,467
2382,36,467,1715
36,2382,1715,11
467,36,11,7
1715,467,7,301
11,1715,301,251
7,11,251,293
301,7,293,2
251,301,2,3384
293,251,3384,3809
2,293,3809,439
3384,2,439,5006
3809,3384,5006,8
439,3809,8,6
5006,439,6,320
8,5006,320,5
6,8,5,1251
320,6,1251,1328
5,320,1328,56
1251,5,56,11878
1328,1251,11878,309
56,1328,309,5
11878,56,5,50300
309,11878,50300,63
5,309,63,68
50300,5,68,139
63,50300,139,2
68,63,2,357
139,68,357,5
2,139,5,1259
357,2,1259,3
5,357,3,34326
1259,5,34326,329
3,1259,329,30
34326,3,30,93
329,34326,93,12
30,329,12,67
93,30,67,422
12,93,422,2078
67,12,2078,4
422,67,4,113
2078,422,113,20
4,2078,20,7
113,4,7,2244
20,113,2244,3
7,20,3,76
2244,7,76,57
3,2244,57,236
76,3,236,82
57,76,82,1062
236,57,1062,8
82,236,8,171
1062,82,171,6324
8,1062,6324,4
171,8,4,29312
6324,171,29312,1285
4,6324,1285,2273
29312,4,2273,137
1285,29312,137,6
2273,1285,6,320
137,2273,320,5
6,137,5,3255
320,6,3255,63
5,320,63,45725
3255,5,45725,164
63,3255,164,3
45725,63,3,663
164,45725,663,3
3,164,3,12
663,3,12,558
3,663,558,9
12,3,9,222
558,12,222,57591
9,558,57591,68
222,9,68,10813
57591,222,10813,143
68,57591,143,35
10813,68,35,67
143,10813,67,308
35,143,308,58319
67,35,58319,4
308,67,4,1697
58319,308,1697,787
4,58319,787,48
1697,4,48,196
787,1697,196,465
48,787,465,14
196,48,14,4585
465,196,4585,6
14,465,6,320
4585,14,320,5
6,4585,5,3255
320,6,3255,11
5,320,11,44959
3255,5,44959,18433
11,3255,18433,2952
44959,11,2952,5
18433,44959,5,99
2952,18433,99,4777
5,2952,4777,933
99,5,933,5
4777,99,5,3868
933,4777,3868,4
5,933,4,824
3868,5,824,5
4,3868,5,2716
824,4,2716,563
5,824,563,14977
2716,5,14977,3
563,2716,3,9888
14977,563,9888,206
3,14977,206,293
9888,3,293,4
206,9888,4,4780
293,206,4780,16
4,293,16,86
4780,4,86,1096
16,4780,1096,28
86,16,28,53
1096,86,53,16
28,1096,16,103
53,28,103,255
16,53,255,15
103,16,15,71
255,103,71,34618
15,255,34618,751
71,15,751,309
34618,71,309,7528
751,34618,7528,26
309,751,26,16
7528,309,16,2080
26,7528,2080,6
16,26,6,941
2080,16,941,3
6,2080,3,3000
941,6,3000,5
3,941,5,38
3000,3,38,1835
5,3000,1835,2878
38,5,2878,3255
1835,38,3255,18433
2878,1835,18433,134
3255,2878,134,180
18433,3255,180,26
134,18433,26,55
180,134,55,21
26,180,21,1461
55,26,1461,2
21,55,2,795
1461,21,795,7526
2,1461,7526,6
795,2,6,39
7526,795,39,5584
6,7526,5584,8
39,6,8,251
5584,39,251,9
8,5584,9,581
251,8,581,102
9,251,102,20881
581,9,20881,12
102,581,12,57
20881,102,57,435
12,20881,435,1277
57,12,1277,2547
435,57,2547,55
1277,435,55,173
2547,1277,173,3
55,2547,3,2
173,55,2,217
3,173,217,5
2,3,5,7526
217,2,7526,6
5,217,6,10935
7526,5,10935,791
6,7526,791,9
10935,6,9,449
791,10935,449,3
9,791,3,28069
449,9,28069,73315
3,449,73315,442
28069,3,442,2
73315,28069,2,143
442,73315,143,226
2,442,226,5591
143,2,5591,151
226,143,151,425
5591,226,425,8
151,5591,8,467
425,151,467,1261
8,425,1261,50
467,8,50,34996
1261,467,34996,1127
50,1261,1127,397
34996,50,397,4
1127,34996,4,14898
397,1127,14898,81
4,397,81,2666
14898,4,2666,57
81,14898,57,13
2666,81,13,47
57,2666,47,547
13,57,547,2
47,13,2,1453
547,47,1453,3565
2,547,3565,4
1453,2,4,616
3565,1453,616,2
4,3565,2,534
616,4,534,2
2,616,2,13
534,2,13,47
2,534,47,91
13,2,91,2
47,13,2,1863
91,47,1863,3154
2,91,3154,2309
1863,2,2309,95127
3154,1863,95127,16
2309,3154,16,579
95127,2309,579,482
16,95127,482,5
579,16,5,38
482,579,38,1835
5,482,1835,4154
38,5,4154,31
1835,38,31,7927
4154,1835,7927,4
31,4154,4,9625
7927,31,9625,95
4,7927,95,31
9625,4,31,768
95,9625,768,89
31,95,89,18433
768,31,18433,8736
89,768,8736,6324
18433,89,6324,50
8736,18433,50,2273
6324,8736,2273,18433
50,6324,18433,1093
2273,50,1093,56
18433,2273,56,26
1093,18433,26,50
56,1093,50,2
26,56,2,411
50,26,411,3
2,50,3,889
411,2,889,5
3,411,5,66
889,3,66,5
5,889,5,449
66,5,449,2883
5,66,2883,82
449,5,82,4
2883,449,4,139
82,2883,139,11
4,82,11,863
139,4,863,37
11,139,37,6
863,11,6,22
37,863,22,23823
6,37,23823,33
22,6,33,230
23823,22,230,1327
33,23823,1327,82
230,33,82,63
1327,230,63,1184
82,1327,1184,7
63,82,7,21
1184,63,21,155
7,1184,155,74
21,7,74,149
155,21,149,223
74,155,223,222
149,74,222,130
223,149,130,542
222,223,542,2712
130,222,2712,17264
542,130,17264,243
2712,542,243,10
17264,2712,10,83775
243,17264,83775,8033
10,243,8033,198
83775,10,198,573
8033,83775,573,18379
198,8033,18379,2236
573,198,2236,959
18379,573,959,980
2236,18379,980,10517
959,2236,10517,1376
980,959,1376,71
10517,980,71,948
1376,10517,948,6324
71,1376,6324,11
948,71,11,42794
6324,948,42794,14
11,6324,14,6960
42794,11,6960,19
14,42794,19,271
6960,14,271,765
19,6960,765,63
271,19,63,71
765,271,71,28
63,765,28,30
71,63,30,16
28,71,16,10730
30,28,10730,3
16,30,3,1195
10730,16,1195,142
3,10730,142,102
1195,3,102,95
142,1195,95,31
102,142,31,40
95,102,40,8265
31,95,8265,67
40,31,67,1251
8265,40,1251,9
67,8265,9,38
1251,67,38,22519
9,1251,22519,35578
38,9,35578,7
22519,38,7,11
35578,22519,11,242
7,35578,242,19
11,7,19,67
242,11,67,1251
19,242,1251,650
67,19,650,1251
1251,67,1251,4
650,1251,4,206
1251,650,206,7
4,1251,7,11
206,4,11,1013
7,206,1013,6324
11,7,6324,3
1013,11,3,13781
6324,1013,13781,6324
3,6324,6324,448
13781,3,448,76
6324,13781,76,66
448,6324,66,404
76,448,404,714
66,76,714,63
404,66,63,121
714,404,121,17
63,714,17,2
121,63,2,1067
17,121,1067,41
2,17,41,1229
1067,2,1229,15
41,1067,15,467
1229,41,467,5761
15,1229,5761,118
467,15,118,965
5761,467,965,6
118,5761,6,20
965,118,20,54281
6,965,54281,16459
20,6,16459,7
54281,20,7,350
16459,54281,350,5
7,16459,5,421
350,7,421,39
5,350,39,2805
421,5,2805,485
39,421,485,12
2805,39,12,889
485,2805,889,5
12,485,5,1202
889,12,1202,1489
