3443,288,204,730
15,3443,730,34
204,15,34,17
730,204,17,1020
34,730,1020,3
17,34,3,527
1020,17,527,7379
3,1020,7379,4
527,3,4,34
7379,527,34,88
4,7379,88,253
34,4,253,247
88,34,247,41
253,88,41,4
247,253,4,41
41,247,41,3627
4,41,3627,12
41,4,12,143
3627,41,143,35
12,3627,35,9
143,12,9,288
35,143,288,4
9,35,4,105
288,9,105,188
4,288,188,41
105,4,41,38638
188,105,38638,7231
41,188,7231,34
38638,41,34,17
7231,38638,17,1326
34,7231,1326,12
17,34,12,846
1326,17,846,10020
12,1326,10020,25
846,12,25,8
10020,846,8,846
25,10020,846,426
8,25,426,55
846,8,55,4062
426,846,4062,1125
55,426,1125,1276
4062,55,1276,24
1125,4062,24,157
1276,1125,157,4
24,1276,4,3352
157,24,3352,25
4,157,25,8
3352,4,8,9687
25,3352,9687,12
8,25,12,204
9687,8,204,7
12,9687,7,3892
204,12,3892,539
7,204,539,34
3892,7,34,236
539,3892,236,186
34,539,186,5
236,34,5,4
186,236,4,315
5,186,315,12
4,5,12,7187
315,4,7187,1295
12,315,1295,25753
7187,12,25753,506
1295,7187,506,2646
25753,1295,2646,4
506,25753,4,34
2646,506,34,18
4,2646,18,3
34,4,3,96
18,34,96,2
3,18,2,382
96,3,382,506
2,96,506,3443
382,2,3443,15
506,382,15,730
3443,506,730,311
15,3443,311,389
730,15,389,4399
311,730,4399,217
389,311,217,34
4399,389,34,218
217,4399,218,6
34,217,6,601
218,34,601,163
6,218,163,2
601,6,2,43
163,601,43,188
2,163,188,6
43,2,6,311
188,43,311,389
6,188,389,34
311,6,34,218
389,311,218,3
34,389,3,950
218,34,950,8825
3,218,8825,3587
950,3,3587,2962
8825,950,2962,3758
3587,8825,3758,846
2962,3587,846,226
3758,2962,226,3
846,3758,3,1205
226,846,1205,41
3,226,41,4
1205,3,4,41
41,1205,41,1059
4,41,1059,24
41,4,24,311
1059,41,311,1268
24,1059,1268,226
311,24,226,447
1268,311,447,5
226,1268,5,834
447,226,834,34
5,447,34,469
834,5,469,422
34,834,422,4
469,34,4,430
422,469,430,167
4,422,167,16
430,4,16,253
167,430,253,3
16,167,3,2861
253,16,2861,285
3,253,285,12
2861,3,12,846
285,2861,846,649
12,285,649,43
846,12,43,815
649,846,815,15
43,649,15,204
815,43,204,4
15,815,4,539
204,15,539,78
4,204,78,32
539,4,32,2
78,539,2,32
32,78,32,252
2,32,252,34
32,2,34,218
252,32,218,3
34,252,3,671
218,34,671,2
3,218,2,1657
671,3,1657,868
2,671,868,15
1657,2,15,539
868,1657,539,2320
15,868,2320,521
539,15,521,648
2320,539,648,5
521,2320,5,15316
648,521,15316,1870
5,648,1870,3
15316,5,3,1402
1870,15316,1402,840
3,1870,840,4
1402,3,4,3262
840,1402,3262,2
4,840,2,571
3262,4,571,506
2,3262,506,919
571,2,919,12
506,571,12,42
919,506,42,435
12,919,435,29
42,12,29,21665
435,42,21665,539
29,435,539,6643
21665,29,6643,15
539,21665,15,3300
6643,539,3300,7180
15,6643,7180,4
3300,15,4,506
7180,3300,506,2064
4,7180,2064,15
506,4,15,556
2064,506,556,1402
15,2064,1402,970
556,15,970,539
1402,556,539,34
970,1402,34,18
539,970,18,2
34,539,2,831
18,34,831,60
2,18,60,424
831,2,424,3
60,831,3,1195
424,60,1195,10
3,424,10,201
1195,3,201,3
10,1195,3,730
201,10,730,168
3,201,168,11610
730,3,11610,3317
168,730,3317,2
11610,168,2,43
3317,11610,43,34
2,3317,34,2830
43,2,2830,1365
34,43,1365,740
2830,34,740,3
1365,2830,3,392
740,1365,392,2
3,740,2,7187
392,3,7187,1295
2,392,1295,1820
7187,2,1820,719
1295,7187,719,536
1820,1295,536,168
719,1820,168,204
536,719,204,36
168,536,36,168
204,168,168,250
36,204,250,301
168,36,301,12
250,168,12,2019
301,250,2019,43
12,301,43,34
2019,12,34,218
43,2019,218,3
34,43,3,1500
218,34,1500,2
3,218,2,3132
1500,3,3132,188
2,1500,188,5
3132,2,5,5147
188,3132,5147,1036
5,188,1036,455
5147,5,455,539
1036,5147,539,208
455,1036,208,395
539,455,395,5778
208,539,5778,2307
395,208,2307,36
5778,395,36,6754
2307,5778,6754,4
36,2307,4,3262
6754,36,3262,4
4,6754,4,603
3262,4,603,5
4,3262,5,20573
603,4,20573,1036
5,603,1036,815
20573,5,815,15
1036,20573,15,204
815,1036,204,34
15,815,34,17
204,15,17,3841
34,204,3841,19
17,34,19,443
3841,17,443,144
19,3841,144,3
443,19,3,204
144,443,204,2006
3,144,2006,6
204,3,6,1078
2006,204,1078,4
6,2006,4,278
1078,6,278,2
4,1078,2,149
278,4,149,2
2,278,2,740
149,2,740,3
2,149,3,2074
740,2,2074,92
3,740,92,6
2074,3,6,12425
92,2074,12425,4
6,92,4,813
12425,6,813,2312
4,12425,2312,426
813,4,426,63
2312,813,63,32
426,2312,32,34
63,426,34,1195
32,63,1195,846
34,32,846,767
1195,34,767,3
846,1195,3,443
767,846,443,288
3,767,288,1020
443,3,1020,12
288,443,12,204
1020,288,204,4
12,1020,4,152
204,12,152,1203
4,204,1203,5
152,4,5,204
1203,152,204,24
5,1203,24,48
204,5,48,1651
24,204,1651,210
48,24,210,5
1651,48,5,70
210,1651,70,152
5,210,152,34
70,5,34,484
152,70,484,1136
34,152,1136,1322
484,34,1322,48
1136,484,48,5
1322,1136,5,20
48,1322,20,34
5,48,34,123
20,5,123,236
34,20,236,122
123,34,122,143
236,123,143,35
122,236,35,34
143,122,34,218
35,143,218,3
34,35,3,25
218,34,25,402
3,218,402,15
25,3,15,204
402,25,204,2
15,402,2,2162
204,15,2162,2788
2,204,2788,4163
2162,2,4163,4656
2788,2162,4656,905
4163,2788,905,4186
4656,4163,4186,427
905,4656,427,7592
4186,905,7592,4
427,4186,4,80
7592,427,80,856
4,7592,856,1105
80,4,1105,5
856,80,5,537
1105,856,537,2
5,1105,2,52
537,5,52,53
2,537,53,14
52,2,14,64
53,52,64,139
14,53,139,6
64,14,6,4998
139,64,4998,815
6,139,815,138
4998,6,138,27
815,4998,27,1747
138,815,1747,288
27,138,288,934
1747,27,934,5
288,1747,5,2
934,288,2,27
5,934,27,711
2,5,711,40
27,2,40,462
711,27,462,1019
40,711,1019,870
462,40,870,3
1019,462,3,434
870,1019,434,255
3,870,255,9
434,3,9,34290
255,434,34290,815
9,255,815,52
34290,9,52,27
815,34290,27,309
52,815,309,12
27,52,12,22
309,27,22,627
12,309,627,3
22,12,3,459
627,22,459,5994
3,627,5994,9
459,3,9,70
5994,459,70,840
9,5994,840,3859
70,9,3859,201
840,70,201,6
3859,840,6,238
201,3859,238,426
6,201,426,4
238,6,4,140
426,238,140,5311
4,426,5311,81
140,4,81,3
5311,140,3,43
81,5311,43,90
3,81,90,1587
43,3,1587,15
90,43,15,2940
1587,90,2940,559
15,1587,559,6
2940,15,6,539
559,2940,539,34
6,559,34,17
539,6,17,163
34,539,163,3
17,34,3,1730
163,17,1730,83
3,163,83,38
1730,3,38,1402
83,1730,1402,23183
38,83,23183,3155
1402,38,3155,851
23183,1402,851,689
3155,23183,689,9
851,3155,9,539
689,851,539,539
9,689,539,40
539,9,40,1497
539,539,1497,576
40,539,576,2
1497,40,2,372
576,1497,372,288
2,576,288,8677
372,2,8677,2
288,372,2,90
8677,288,90,5
2,8677,5,10
90,2,10,6610
5,90,6610,4
10,5,4,2455
6610,10,2455,456
4,6610,456,40
2455,4,40,17
456,2455,17,163
40,456,163,56
17,40,56,5
163,17,5,402
56,163,402,539
5,56,539,40
402,5,40,21
539,402,21,549
40,539,549,156
21,40,156,4
549,21,4,16542
156,549,16542,4745
4,156,4745,7523
16542,4,7523,4
4745,16542,4,40
7523,4745,40,88
4,7523,88,253
40,4,253,1852
88,40,1852,2
253,88,2,851
1852,253,851,2840
2,1852,2840,5
851,2,5,10
2840,851,10,43
5,2840,43,2589
10,5,2589,200
43,10,200,4
2589,43,4,2286
200,2589,2286,12
4,200,12,535
2286,4,535,36
12,2286,36,551
535,12,551,1042
36,535,1042,341
551,36,341,1995
1042,551,1995,719
341,1042,719,3
1995,341,3,2
719,1995,2,1088
3,719,1088,5
2,3,5,554
1088,2,554,1474
5,1088,1474,9
554,5,9,43
1474,554,43,32851
9,1474,32851,815
43,9,815,40
32851,43,40,1497
815,32851,1497,1827
40,815,1827,79
1497,40,79,2
1827,1497,2,39
79,1827,39,4
2,79,4,1871
39,2,1871,1088
4,39,1088,5
1871,4,5,4276
1088,1871,4276,1585
5,1088,1585,4
4276,5,4,2210
1585,4276,2210,63
4,1585,63,27
2210,4,27,40
63,2210,40,179
27,63,179,3
40,27,3,555
179,40,555,204
3,179,204,989
555,3,989,535
204,555,535,80
989,204,80,606
535,989,606,3
80,535,3,70
606,80,70,840
3,606,840,4
70,3,4,40
840,70,40,9679
4,840,9679,2064
40,4,2064,175
9679,40,175,43
2064,9679,43,4
175,2064,4,204
43,175,204,6
4,43,6,418
204,4,418,73
6,204,73,905
418,6,905,7302
73,418,7302,4
905,73,4,974
7302,905,974,694
4,7302,694,3563
974,4,3563,4
694,974,4,3931
3563,694,3931,4
4,3563,4,714
3931,4,714,80
4,3931,80,5454
714,4,5454,348
80,714,348,2532
5454,80,2532,12
348,5454,12,1911
2532,348,1911,4
12,2532,4,5162
1911,12,5162,5
4,1911,5,263
5162,4,263,215
5,5162,215,7180
263,5,7180,3
215,263,3,151
7180,215,151,1232
3,7180,1232,19
151,3,19,1543
1232,151,1543,211
19,1232,211,348
1543,19,348,3
211,1543,3,1060
348,211,1060,4
3,348,4,1733
1060,3,1733,2388
4,1060,2388,215
1733,4,215,15
2388,1733,15,263
215,2388,263,2590
15,215,2590,6
263,15,6,48
2590,263,48,161
6,2590,161,94
48,6,94,800
161,48,800,4931
94,161,4931,382
800,94,382,1641
4931,800,1641,5
382,4931,5,475
1641,382,475,4
5,1641,4,10
475,5,10,7
4,475,7,61
10,4,61,3
7,10,3,626
61,7,626,114
3,61,114,3
626,3,3,516
114,626,516,54
3,114,54,1641
516,3,1641,477
54,516,477,41
1641,54,41,4072
477,1641,4072,4
41,477,4,6786
4072,41,6786,9
4,4072,9,161
6786,4,161,143
9,6786,143,35
161,9,35,4
143,161,4,108
35,143,108,23
4,35,23,529
108,4,529,2580
23,108,2580,9880
529,23,9880,24
2580,529,24,11862
9880,2580,11862,5
24,9880,5,3060
11862,24,3060,8852
5,11862,8852,108
145,494,69,9640
100,145,9640,19
69,100,19,264
9640,69,264,2946
19,9640,2946,7
264,19,7,4275
2946,264,4275,2
7,2946,2,29615
4275,7,29615,1272
2,4275,1272,3
29615,2,3,212
1272,29615,212,1515
3,1272,1515,2337
212,3,2337,4
1515,212,4,16597
2337,1515,16597,72
4,2337,72,362
16597,4,362,5
72,16597,5,2964
362,72,2964,97
5,362,97,1950
2964,5,1950,3
97,2964,3,349
1950,97,349,1670
3,1950,1670,15
349,3,15,78
1670,349,78,32
15,1670,32,2611
78,15,2611,79
32,78,79,162
2611,32,162,100
79,2611,100,127
162,79,127,57552
100,162,57552,1615
127,100,1615,207
57552,127,207,57
1615,57552,57,145
207,1615,145,788
57,207,788,23
145,57,23,20
788,145,20,173
23,788,173,10
20,23,10,4
173,20,4,7246
10,173,7246,4
4,10,4,8468
7246,4,8468,90099
4,7246,90099,158
8468,4,158,1235
90099,8468,1235,473
158,90099,473,8
1235,158,8,1384
473,1235,1384,387
8,473,387,640
1384,8,640,22
387,1384,22,1180
640,387,1180,1339
22,640,1339,4370
1180,22,4370,4
1339,1180,4,57
4370,1339,57,192
4,4370,192,55
57,4,55,21
192,57,21,1354
55,192,1354,499
21,55,499,261
1354,21,261,1249
499,1354,1249,4711
261,499,4711,12
1249,261,12,2337
4711,1249,2337,82
12,4711,82,31
2337,12,31,16
82,2337,16,612
31,82,612,158
16,31,158,4
612,16,4,57
158,612,57,361
4,158,361,3
57,4,3,144
361,57,144,8919
3,361,8919,26
144,3,26,105198
8919,144,105198,145
26,8919,145,871
105198,26,871,3094
145,105198,3094,10857
871,145,10857,653
3094,871,653,374
10857,3094,374,1415
653,10857,1415,34
374,653,34,17
1415,374,17,25
34,1415,25,349
17,34,349,8
25,17,8,1343
349,25,1343,32
8,349,32,1183
1343,8,1183,145
32,1343,145,77
1183,32,77,192
145,1183,192,499
77,145,499,15
192,77,15,1098
499,192,1098,374
15,499,374,46933
1098,15,46933,2
374,1098,2,145
46933,374,145,69
2,46933,69,218
145,2,218,3
69,145,3,2959
218,69,2959,4
3,218,4,2959
2959,3,2959,1403
4,2959,1403,2
2959,4,2,10857
1403,2959,10857,243
2,1403,243,10
10857,2,10,6
243,10857,6,1841
10,243,1841,1225
6,10,1225,4
1841,6,4,1551
1225,1841,1551,8339
4,1225,8339,504
1551,4,504,7
8339,1551,7,615
504,8339,615,3
7,504,3,368
615,7,368,61
3,615,61,144
368,3,144,24
61,368,24,2337
144,61,2337,31
24,144,31,469
2337,24,469,3913
31,2337,3913,36
469,31,36,4685
3913,469,4685,15
36,3913,15,15082
4685,36,15082,55739
15,4685,55739,28
15082,15,28,1168
55739,15082,1168,5
28,55739,5,2337
1168,28,2337,18
5,1168,18,1188
2337,5,1188,144
18,2337,144,9
1188,18,9,1384
144,1188,1384,387
9,144,387,11
1384,9,11,1235
387,1384,1235,374
11,387,374,31
1235,11,31,16
374,1235,16,3913
31,374,3913,82
16,31,82,2
3913,16,2,768
82,3913,768,3
2,82,3,95
768,2,95,260
3,768,260,1791
95,3,1791,32
260,95,32,82
1791,260,82,16
32,1791,16,325
82,32,325,97254
16,82,97254,1286
325,16,1286,2515
97254,325,2515,5095
1286,97254,5095,68
2515,1286,68,1094
5095,2515,1094,217
68,5095,217,6
1094,68,6,18780
217,1094,18780,1085
6,217,1085,7
18780,6,7,875
1085,18780,875,65
7,1085,65,51
875,7,51,1525
65,875,1525,1131
51,65,1131,87
1525,51,87,57
1131,1525,57,16
87,1131,16,21
57,87,21,990
16,57,990,3
21,16,3,155
990,21,155,166
3,990,166,107573
155,3,107573,38438
166,155,38438,101
107573,166,101,84
38438,107573,84,165
101,38438,165,1861
84,101,1861,2
165,84,2,9373
1861,165,9373,1295
2,1861,1295,805
9373,2,805,9
1295,9373,9,15649
805,1295,15649,345
9,805,345,145
15649,9,145,6
345,15649,6,22757
145,345,22757,237
6,145,237,8
22757,6,8,1670
237,22757,1670,1627
8,237,1627,16067
1670,8,16067,59
1627,1670,59,2337
16067,1627,2337,16
59,16067,16,364
2337,59,364,1027
16,2337,1027,144
364,16,144,32
1027,364,32,122
144,1027,122,145
32,144,145,86
122,32,86,13
145,122,13,6
86,145,6,22
13,86,22,57766
6,13,57766,123
22,6,123,896
57766,22,896,374
123,57766,374,3
896,123,3,192
374,896,192,39731
3,374,39731,2
192,3,2,145
39731,192,145,366
2,39731,366,1969
145,2,1969,56
366,145,56,5
1969,366,5,22
56,1969,22,701
5,56,701,35
22,5,35,2946
701,22,2946,20
35,701,20,268
2946,35,268,1180
20,2946,1180,32
268,20,32,69
1180,268,69,7
32,1180,7,7834
69,32,7834,2184
7,69,2184,8
7834,7,8,237
2184,7834,237,77
8,2184,77,17
237,8,17,74
77,237,74,6
17,77,6,2
74,17,2,323
6,74,323,5
2,6,5,32045
323,2,32045,16
5,323,16,110
32045,5,110,3
16,32045,3,93
110,16,93,3
3,110,3,173
93,3,173,120
3,93,120,23
173,3,23,117
120,173,117,5
23,120,5,1063
117,23,1063,53
5,117,53,72
1063,5,72,7
53,1063,7,21
72,53,21,362
7,72,362,280
21,7,280,1662
362,21,1662,9
280,362,9,89
1662,280,89,3
9,1662,3,9514
89,9,9514,5349
3,89,5349,345
9514,3,345,8
5349,9514,8,30
345,5349,30,380
8,345,380,1326
30,8,1326,61
380,30,61,32
1326,380,32,2410
61,1326,2410,7331
32,61,7331,7853
2410,32,7853,134
7331,2410,134,523
7853,7331,523,184
134,7853,184,3
523,134,3,861
184,523,861,2198
3,184,2198,99580
861,3,99580,286
2198,861,286,28
99580,2198,28,145
286,99580,145,69
28,286,69,7
145,28,7,6
69,145,6,2173
7,69,2173,1765
6,7,1765,15
2173,6,15,23
1765,2173,23,275
15,1765,275,76
23,15,76,5
275,23,5,1737
76,275,1737,99446
5,76,99446,2337
1737,5,2337,4
99446,1737,4,315
2337,99446,315,8
4,2337,8,364
315,4,364,644
8,315,644,1172
364,8,1172,81
644,364,81,2
1172,644,2,3193
81,1172,3193,4
2,81,4,454
3193,2,454,95
4,3193,95,1285
454,4,1285,3
95,454,3,145
1285,95,145,395
3,1285,395,251
145,3,251,3
395,145,3,31733
251,395,31733,69
3,251,69,7
31733,3,7,21
69,31733,21,1074
7,69,1074,6
21,7,6,156
1074,21,156,315
6,1074,315,1841
156,6,1841,258
315,156,258,202
1841,315,202,127
258,1841,127,94
202,258,94,16
127,202,16,6
94,127,6,2
16,94,2,4237
6,16,4237,8758
2,6,8758,838
4237,2,838,9
8758,4237,9,374
838,8758,374,31
9,838,31,41
374,9,41,253
31,374,253,65
41,31,65,9
253,41,9,162
65,253,162,77
9,65,77,516
162,9,516,287
77,162,287,23
516,77,23,878
287,516,878,440
23,287,440,26
878,23,26,16
440,878,16,10530
26,440,10530,161
16,26,161,374
10530,16,374,31
161,10530,31,1521
374,161,1521,24369
31,374,24369,4
1521,31,4,95
24369,1521,95,31
4,24369,31,77
95,4,77,247
31,95,247,8525
77,31,8525,23
247,77,23,2
8525,247,2,2746
23,8525,2746,57543
2,23,57543,138
2746,2,138,27
57543,2746,27,12
138,57543,12,298
27,138,298,320
12,27,320,2
298,12,2,22
320,298,22,440
2,320,440,1286
22,2,1286,457
440,22,457,2042
1286,440,2042,2
457,1286,2,105
2042,457,105,745
2,2042,745,31
105,2,31,914
745,105,914,6292
31,745,6292,6099
914,31,6099,9
6292,914,9,6
6099,6292,6,22
9,6099,22,440
6,9,440,1616
22,6,1616,431
440,22,431,6
1616,440,6,636
