1508,3281,3,113
313,1508,113,8
3,313,8,11
113,3,11,55
8,113,55,93
11,8,93,351
55,11,351,15
93,55,15,476
351,93,476,11
15,351,11,44
476,15,44,36
11,476,36,115
44,11,115,11061
36,44,11061,7482
115,36,7482,726
11061,115,726,49
7482,11061,49,2
726,7482,2,5992
49,726,5992,6308
2,49,6308,59
5992,2,59,11
6308,5992,11,134
59,6308,134,49
11,59,49,8
134,11,8,53
49,134,53,16
8,49,16,4678
53,8,4678,5
16,53,5,57
4678,16,57,2866
5,4678,2866,45
57,5,45,8
2866,57,8,40
45,2866,40,959
8,45,959,3
40,8,3,123
959,40,123,49
3,959,49,259
123,3,259,11061
49,123,11061,7482
259,49,7482,7
11061,259,7,395
7482,11061,395,421
7,7482,421,39
395,7,39,100
421,395,100,5339
39,421,5339,1505
100,39,1505,15
5339,100,15,3281
1505,5339,3281,1508
15,1505,1508,131
3281,15,131,166
1508,3281,166,19
131,1508,19,6617
166,131,6617,4
19,166,4,407
6617,19,407,3
4,6617,3,42
407,4,42,5
3,407,5,1458
42,3,1458,22
5,42,22,733
1458,5,733,39
22,1458,39,3019
733,22,3019,83
39,733,83,444
3019,39,444,401
83,3019,401,1269
444,83,1269,6
401,444,6,407
1269,401,407,7482
6,1269,7482,28
407,6,28,8
7482,407,8,1634
28,7482,1634,1508
8,28,1508,7
1634,8,7,2
1508,1634,2,2777
7,1508,2777,29
2,7,29,8
2777,2,8,11
29,2777,11,13
8,29,13,57
11,8,57,350
13,11,350,31
57,13,31,77
350,57,77,123
31,350,123,74
77,31,74,348
123,77,348,121
74,123,121,11
348,74,11,666
121,348,666,4
11,121,4,155
666,11,155,3
4,666,3,2
155,4,2,970
3,155,970,30194
2,3,30194,18
970,2,18,2
30194,970,2,1037
18,30194,1037,4611
2,18,4611,5
1037,2,5,2972
4611,1037,2972,90
5,4611,90,5
2972,5,5,894
90,2972,894,40
5,90,40,276
894,5,276,38
40,894,38,101
276,40,101,1060
38,276,1060,9
101,38,9,8
1060,101,8,259
9,1060,259,100
8,9,100,28
259,8,28,7482
100,259,7482,1508
28,100,1508,31
7482,28,31,7
1508,7482,7,28
31,1508,28,3
7,31,3,17
28,7,17,395
3,28,395,20
17,3,20,66
395,17,66,7
20,395,7,1454
66,20,1454,615
7,66,615,3
1454,7,3,96
615,1454,96,41
3,615,41,65
96,3,65,59
41,96,59,11
65,41,11,8698
59,65,8698,49
11,59,49,2190
8698,11,2190,235
49,8698,235,878
2190,49,878,11
235,2190,11,877
878,235,877,2
11,878,2,1281
877,11,1281,3
2,877,3,300
1281,2,300,12
3,1281,12,460
300,3,460,1508
12,300,1508,883
460,12,883,13
1508,460,13,218
883,1508,218,3
13,883,3,691
218,13,691,74
3,218,74,268
691,3,268,66
74,691,66,4
268,74,4,235
66,268,235,205
4,66,205,11
235,4,11,34
205,235,34,17
11,205,17,3404
34,11,3404,49
17,34,49,99
3404,17,99,563
49,3404,563,2426
99,49,2426,9
563,99,9,41
2426,563,41,10
9,2426,10,13
41,9,13,68
10,41,68,47
13,10,47,1254
68,13,1254,8
47,68,8,1508
1254,47,1508,34
8,1254,34,17
1508,8,17,4077
34,1508,4077,244
17,34,244,15
4077,17,15,1508
244,4077,1508,44
15,244,44,75
1508,15,75,85
44,1508,85,5703
75,44,5703,99
85,75,99,60
5703,85,60,11
99,5703,11,7
60,99,7,303
11,60,303,3
7,11,3,477
303,7,477,12
3,303,12,95950
477,3,95950,736
12,477,736,62
95950,12,62,2
736,95950,2,2
62,736,2,7707
2,62,7707,49
2,2,49,3303
7707,2,3303,7
49,7707,7,42
3303,49,42,5
7,3303,5,1046
42,7,1046,337
5,42,337,7482
1046,5,7482,44
337,1046,44,11
7482,337,11,14
44,7482,14,3
11,44,3,93
14,11,93,49
3,14,49,2190
93,3,2190,24889
49,93,24889,131
2190,49,131,850
24889,2190,850,100
131,24889,100,11
850,131,11,453
100,850,453,301
11,100,301,8
453,11,8,229
301,453,229,36
8,301,36,21
229,8,21,1508
36,229,1508,942
21,36,942,23
1508,21,23,703
942,1508,703,7
23,942,7,61
703,23,61,3
7,703,3,49
61,7,49,100
3,61,100,10
49,3,10,7
100,49,7,2155
10,100,2155,120
7,10,120,1508
2155,7,1508,230
120,2155,230,778
1508,120,778,52
230,1508,52,11
778,230,11,115
52,778,115,21
11,52,21,942
115,11,942,15
21,115,15,421
942,21,421,39
15,942,39,29
421,15,29,390
39,421,390,313
29,39,313,73
390,29,73,2
313,390,2,131
73,313,131,253
2,73,253,1307
131,2,1307,9
253,131,9,973
1307,253,973,350
9,1307,350,1508
973,9,1508,68
350,973,68,13
1508,350,13,2
68,1508,2,1002
13,68,1002,1998
2,13,1998,6
1002,2,6,390
1998,1002,390,573
6,1998,573,24797
390,6,24797,2515
573,390,2515,19157
24797,573,19157,31
2515,24797,31,228
19157,2515,228,49
31,19157,49,2
228,31,2,2780
49,228,2780,2936
2,49,2936,100
2780,2,100,544
2936,2780,544,20
100,2936,20,66
544,100,66,4
20,544,4,159
66,20,159,390
4,66,390,63
159,4,63,3725
390,159,3725,5369
63,390,5369,3408
3725,63,3408,1508
5369,3725,1508,9
3408,5369,9,21
1508,3408,21,1791
9,1508,1791,83
21,9,83,3
1791,21,3,138
83,1791,138,27
3,83,27,6
138,3,6,99
27,138,99,58
6,27,58,185
99,6,185,59
58,99,59,11
185,58,11,2325
59,185,2325,89
11,59,89,37
2325,11,37,22
89,2325,22,1509
37,89,1509,5
22,37,5,225
1509,22,225,20
5,1509,20,640
225,5,640,209
20,225,209,8
640,20,8,49
209,640,49,140
8,209,140,3078
49,8,3078,2779
140,49,2779,2957
3078,140,2957,14
2779,3078,14,2
2957,2779,2,267
14,2957,267,5
2,14,5,58
267,2,58,84129
5,267,84129,17
58,5,17,458
84129,58,458,3
17,84129,3,524
458,17,524,61
3,458,61,4
524,3,4,706
61,524,706,1191
4,61,1191,194
706,4,194,3
1191,706,3,112
194,1191,112,3078
3,194,3078,655
112,3,655,5
3078,112,5,63
655,3078,63,62
5,655,62,2
63,5,2,856
62,63,856,97910
2,62,97910,100
856,2,100,28
97910,856,28,5369
100,97910,5369,463
28,100,463,68
5369,28,68,173
463,5369,173,56
68,463,56,8
173,68,8,1508
56,173,1508,68
8,56,68,1321
1508,8,1321,1313
68,1508,1313,24
1321,68,24,57
1313,1321,57,421
24,1313,421,39
57,24,39,2936
421,57,2936,171
39,421,171,1608
2936,39,1608,291
171,2936,291,79
1608,171,79,2957
291,1608,2957,100
79,291,100,1532
2957,79,1532,1069
100,2957,1069,28939
1532,100,28939,19
1069,1532,19,876
28939,1069,876,15
19,28939,15,1164
876,19,1164,1900
15,876,1900,3
1164,15,3,234
1900,1164,234,79
3,1900,79,366
234,3,366,118
79,234,118,146
366,79,146,19
118,366,19,159
146,118,159,350
19,146,350,21932
159,19,21932,21432
350,159,21432,8
21932,350,8,1856
21432,21932,1856,37
8,21432,37,1508
1856,8,1508,876
37,1856,876,15
1508,37,15,1436
876,1508,1436,14
15,876,14,1298
1436,15,1298,19
14,1436,19,45
1298,14,45,31
19,1298,31,50
45,19,50,1632
31,45,1632,15
50,31,15,323
1632,50,323,76
15,1632,76,18
323,15,18,28
76,323,28,8
18,76,8,1508
28,18,1508,7
8,28,7,303
1508,8,303,3
7,1508,3,17
303,7,17,456
3,303,456,5
17,3,5,421
456,17,421,39
5,456,39,75
421,5,75,830
39,421,830,5
75,39,5,2957
830,75,2957,29
5,830,29,7482
2957,5,7482,350
29,2957,350,83
7482,29,83,95
350,7482,95,366
83,350,366,254
95,83,254,30
366,95,30,219
254,366,219,21
30,254,21,1972
219,30,1972,1524
21,219,1524,174
1972,21,174,8
1524,1972,8,40
174,1524,40,17
8,174,17,402
40,8,402,1863
17,40,1863,100
402,17,100,7482
1863,402,7482,68
100,1863,68,28
7482,100,28,8
68,7482,8,11
28,68,11,14
8,28,14,3
11,8,3,96
14,11,96,507
3,14,507,200
96,3,200,5372
507,96,5372,68
200,507,68,2615
5372,200,2615,15
68,5372,15,703
2615,68,703,59
15,2615,59,22
703,15,22,2190
59,703,2190,7
22,59,7,61
2190,22,61,235
7,2190,235,205
61,7,205,42
235,61,42,970
205,235,970,39
42,205,39,526
970,42,526,134
39,970,134,9853
526,39,9853,1372
134,526,1372,6
9853,134,6,1206
1372,9853,1206,8
6,1372,8,7223
1206,6,7223,175
8,1206,175,1508
7223,8,1508,4
175,7223,4,5372
1508,175,5372,13
4,1508,13,2769
5372,4,2769,3
13,5372,3,173
2769,13,173,8
3,2769,8,42
173,3,42,5
8,173,5,81
42,8,81,34
5,42,34,253
81,5,253,549
34,81,549,59
253,34,59,38
549,253,38,2190
59,549,2190,3846
38,59,3846,5372
2190,38,5372,350
3846,2190,350,83
5372,3846,83,181
350,5372,181,5
83,350,5,2
181,83,2,5069
5,181,5069,175
2,5,175,491
5069,2,491,4
175,5069,4,1508
491,175,1508,6
4,491,6,860
1508,4,860,301
6,1508,301,1222
860,6,1222,2464
301,860,2464,523
1222,301,523,1981
2464,1222,1981,8
523,2464,8,48
1981,523,48,7723
8,1981,7723,11
48,8,11,6
7723,48,6,2
11,7723,2,1776
6,11,1776,382
2,6,382,177
1776,2,177,5
382,1776,5,760
177,382,760,128
5,177,128,60
760,5,60,7
128,760,7,796
60,128,796,3281
7,60,3281,1508
796,7,1508,14
3281,796,14,6
1508,3281,6,3238
14,1508,3238,6
6,14,6,647
3238,6,647,100
6,3238,100,1404
647,6,1404,2
100,647,2,3593
1404,100,3593,9
2,1404,9,421
3593,2,421,39
9,3593,39,28
421,9,28,200
39,421,200,6257
28,39,6257,4
200,28,4,12858
6257,200,12858,1256
4,6257,1256,18
12858,4,18,3371
1256,12858,3371,2
18,1256,2,349
3371,18,349,919
2,3371,919,15
349,2,15,200
919,349,200,4
15,919,4,3281
200,15,3281,9
4,200,9,66
3281,4,66,4
9,3281,4,18
66,9,18,914
4,66,914,161
18,4,161,5
914,18,5,81
161,914,81,6
5,161,6,90
81,5,90,1430
6,81,1430,48
90,6,48,122
1430,90,122,56190
48,1430,56190,203
122,48,203,183
56190,122,183,2930
203,56190,2930,100
183,203,100,1508
2930,183,1508,13
100,2930,13,1274
1508,100,1274,2365
13,1508,2365,8
1274,13,8,11
2365,1274,11,40
8,2365,40,17
11,8,17,1095
40,11,1095,3
17,40,3,549
1095,17,549,703
3,1095,703,120
549,3,120,11
703,549,11,13
120,703,13,773
11,120,773,9
13,11,9,128
773,13,128,66
9,773,66,53
128,9,53,2
66,128,2,182
53,66,182,5
2,53,5,1332
182,2,1332,1072
5,182,1072,8
1332,5,8,154
1072,1332,154,24
8,1072,24,262
154,8,262,53
24,154,53,14
262,24,14,584
53,262,584,186
14,53,186,1332
584,14,1332,1072
186,584,1072,59
1332,186,59,7
1072,1332,7,773
59,1072,773,6
7,59,6,1921
773,7,1921,7
6,773,7,14
1921,6,14,186
7,1921,186,149
14,7,149,508
186,14,508,7
149,186,7,13
508,149,13,239
7,508,239,186
13,7,186,844
239,13,844,6
186,239,6,130
844,186,130,290
6,844,290,100
130,6,100,1508
290,130,1508,28
100,290,28,6
1508,100,6,4
28,1508,4,407
6,28,407,15
4,6,15,2784
407,4,2784,544
15,407,544,20
2784,15,20,17752
544,2784,17752,68
20,544,68,18
17752,20,18,258
68,17752,258,1015
18,68,1015,31
258,18,31,16
1015,258,16,850
31,1015,850,110
16,31,110,3
850,16,3,17
110,850,17,391
3,110,391,24
17,3,24,3
391,17,3,7
24,391,7,154
3,24,154,3
7,3,3,179
154,7,179,23
3,154,23,7
179,3,7,73
23,179,73,3
7,23,3,137
73,7,137,130
3,73,130,397
137,3,397,100
130,137,100,1508
397,130,1508,44
100,397,44,11
1508,100,11,486
44,1508,486,37
11,44,37,5757
486,11,5757,49
37,486,49,83
5757,37,83,358
49,5757,358,62
83,49,62,29
358,83,29,7
62,358,7,507
29,62,507,51
7,29,51,535
507,7,535,234
51,507,234,73
535,51,73,9
234,535,9,8
73,234,8,6
9,73,6,100
8,9,100,4
6,8,4,72
100,6,72,115
4,100,115,113
72,4,113,8
115,72,8,1960
113,115,1960,148
8,113,148,9
1960,8,9,180
148,1960,180,100
9,148,100,2
180,9,2,9
100,180,9,27897
2,100,27897,2
9,2,2,736
27897,9,736,62
2,27897,62,73
736,2,73,270
62,736,270,1508
73,62,1508,28
270,73,28,11
1508,270,11,630
28,1508,630,8
11,28,8,126
630,11,126,4
8,630,4,11
126,8,11,21
4,126,21,136
11,4,136,5
21,11,5,2
136,21,2,736
5,136,736,40670
2,5,40670,18
736,2,18,3
40670,736,3,1665
18,40670,1665,61
3,18,61,25
1665,3,25,341
61,1665,341,3972
25,61,3972,801
341,25,801,198
3972,341,198,23
801,3972,23,100
198,801,100,28
23,198,28,76193
100,23,76193,7
28,100,7,7
76193,28,7,157
7,76193,157,10642
7,7,10642,54
157,7,54,739
10642,157,739,23
54,10642,23,7
739,54,7,1062
23,739,1062,254
7,23,254,3
1062,7,3,5644
254,1062,5644,3916
3,254,3916,23
5644,3,23,60
3916,5644,60,52
23,3916,52,33
60,23,33,77
52,60,77,86
33,52,86,116
77,33,116,1921
86,77,1921,180
116,86,180,33
1921,116,33,100
180,1921,100,73
33,180,73,180
100,33,180,25
73,100,25,136
180,73,136,282
25,180,282,11
136,25,11,140
282,136,140,453
11,282,453,1795
140,11,1795,20
453,140,20,7
1795,453,7,2
20,1795,2,21794
7,20,21794,402
2,7,402,51
21794,2,51,52
402,21794,52,26
51,402,26,228
52,51,228,180
26,52,180,4
228,26,4,583
180,228,583,180
4,180,180,2944
583,4,2944,7
180,583,7,18
2944,180,18,3
7,2944,3,319
18,7,319,130
3,18,130,1244
319,3,1244,555
130,319,555,100
1244,130,100,1663
555,1244,1663,7
100,555,7,31132
1663,100,31132,80
7,1663,80,33
31132,7,33,3281
80,31132,3281,960
33,80,960,2507
25,300,113,8
33,25,8,20
113,33,20,745
8,113,745,297
20,8,297,50
745,20,50,732
297,745,732,7
50,297,7,113
732,50,113,8
7,732,8,19314
113,7,19314,545
8,113,545,1021
19314,8,1021,16
545,19314,16,2
1021,545,2,2921
16,1021,2921,5
2,16,5,8761
2921,2,8761,19941
5,2921,19941,23349
8761,5,23349,107
19941,8761,107,3
23349,19941,3,155
107,23349,155,6013
3,107,6013,10297
155,3,10297,112
6013,155,112,297
10297,6013,297,2
112,10297,2,2
297,112,2,6445
2,297,6445,23349
2,2,23349,6
6445,2,6,150
23349,6445,150,3388
6,23349,3388,2927
150,6,2927,18
3388,150,18,84
2927,3388,84,748
18,2927,748,534
84,18,534,634
748,84,634,5
534,748,5,534
634,534,534,545
5,634,545,23
534,5,23,645
545,534,645,3388
23,545,3388,868
645,23,868,104
3388,645,104,1015
868,3388,1015,16
104,868,16,21
1015,104,21,80
16,1015,80,6170
21,16,6170,15
80,21,15,362
6170,80,362,1698
15,6170,1698,14024
362,15,14024,3
1698,362,3,803
14024,1698,803,1661
3,14024,1661,139
803,3,139,33
1661,803,33,178
139,1661,178,8
33,139,8,112
178,33,112,297
8,178,297,34
112,8,34,248
297,112,248,81
34,297,81,3
248,34,3,392
81,248,392,2
3,81,2,282
392,3,282,290
2,392,290,7031
282,2,7031,4038
290,282,4038,150
7031,290,150,6391
4038,7031,6391,7
150,4038,7,2
6391,150,2,4659
7,6391,4659,8
2,7,8,7
4659,2,7,21
8,4659,21,859
7,8,859,990
21,7,990,3
859,21,3,210
990,859,210,42
3,990,42,264
210,3,264,12614
42,210,12614,55
264,42,55,17
12614,264,17,277
55,12614,277,23
17,55,23,393
277,17,393,5
23,277,5,2733
393,23,2733,120
5,393,120,545
2733,5,545,91
120,2733,91,4271
545,120,4271,19314
91,545,19314,6
4271,91,6,4
19314,4271,4,740
6,19314,740,3
4,6,3,1382
740,4,1382,769
3,740,769,3
1382,3,3,38
769,1382,38,434
3,769,434,104
38,3,104,334
434,38,334,2912
104,434,2912,18
334,104,18,101
2912,334,101,3
18,2912,3,676
101,18,676,29
3,101,29,73
676,3,73,90
29,676,90,31
73,29,31,18
90,73,18,2
31,90,2,521
18,31,521,5172
2,18,5172,26
521,2,26,16
5172,521,16,86
26,5172,86,7672
16,26,7672,5
86,16,5,57
7672,86,57,31
5,7672,31,336
57,5,336,38
31,57,38,384
336,31,384,52
38,336,52,33
384,38,33,524
52,384,524,61
33,52,61,9
524,33,9,112
61,524,112,83
9,61,83,384
112,9,384,2
83,112,2,20
384,83,20,745
2,384,745,7
20,2,7,33
745,20,33,16
7,745,16,10173
33,7,10173,6
16,33,6,107
10173,16,107,8
6,10173,8,16
107,6,16,620
8,107,620,5
16,8,5,112
620,16,112,101
5,620,101,42
112,5,42,1102
101,112,1102,5
42,101,5,19314
1102,42,19314,35453
5,1102,35453,19070
19314,5,19070,607
35453,19314,607,151
19070,35453,151,73
607,19070,73,20
151,607,20,19314
73,151,19314,7
20,73,7,2
19314,20,2,1929
7,19314,1929,676
2,7,676,30
1929,2,30,16
676,1929,16,4038
30,676,4038,338
16,30,338,4063
4038,16,4063,30
338,4038,30,144
4063,338,144,17664
30,4063,17664,5766
144,30,5766,543
17664,144,543,4
5766,17664,4,45
543,5766,45,5
4,543,5,1897
45,4,1897,102
5,45,102,2474
1897,5,2474,4
102,1897,4,30
2474,102,30,219
4,2474,219,68
30,4,68,4038
219,30,4038,102
68,219,102,176
4038,68,176,4732
102,4038,4732,1695
176,102,1695,35453
4732,176,35453,18
1695,4732,18,112
35453,1695,112,676
18,35453,676,42
112,18,42,194
676,112,194,286
42,676,286,51
194,42,51,7
286,194,7,732
