1140,6731,345,2410
77826,1140,2410,9
345,77826,9,830
2410,345,830,199
9,2410,199,3178
830,9,3178,1688
199,830,1688,654
3178,199,654,1380
1688,3178,1380,3
654,1688,3,2982
1380,654,2982,3494
3,1380,3494,777
2982,3,777,12016
3494,2982,12016,8
777,3494,8,145
12016,777,145,114
8,12016,114,4
145,8,4,534
114,145,534,114
4,114,114,13
534,4,13,47
114,534,47,41
13,114,41,253
47,13,253,3
41,47,3,2700
253,41,2700,56
3,253,56,1186
2700,3,1186,8
56,2700,8,7
1186,56,7,21
8,1186,21,172
7,8,172,1798
21,7,1798,5
172,21,5,3736
1798,172,3736,8
5,1798,8,169
3736,5,169,5
8,3736,5,145
169,8,145,106
5,169,106,230
145,5,230,18
106,145,18,47
230,106,47,3865
18,230,3865,36
47,18,36,7247
3865,47,7247,128
36,3865,128,153
7247,36,153,59
128,7247,59,41
153,128,41,65
59,153,65,145
41,59,145,267
65,41,267,3175
145,65,3175,2
267,145,2,152
3175,267,152,638
2,3175,638,23
152,2,23,1054
638,152,1054,76
23,638,76,274
1054,23,274,405
76,1054,405,2886
274,76,2886,2719
405,274,2719,3
2886,405,3,988
2719,2886,988,8
3,2719,8,104444
988,3,104444,8838
8,988,8838,19616
104444,8,19616,81362
8838,104444,81362,1381
19616,8838,1381,6
81362,19616,6,1225
1381,81362,1225,132
6,1381,132,18
1225,6,18,303
132,1225,303,3785
18,132,3785,2667
303,18,2667,9
3785,303,9,3091
2667,3785,3091,8
9,2667,8,4
3091,9,4,70
8,3091,70,85
4,8,85,13
70,4,13,47
85,70,47,2595
13,85,2595,145
47,13,145,267
2595,47,267,68
145,2595,68,18474
267,145,18474,1939
68,267,1939,1608
18474,68,1608,125
1939,18474,125,175
1608,1939,175,808
125,1608,808,232
175,125,232,23
808,175,23,135
232,808,135,150
23,232,150,369
135,23,369,6
150,135,6,54
369,150,54,26
6,369,26,5032
54,6,5032,37
26,54,37,2
5032,26,2,32
37,5032,32,499
2,37,499,80
32,2,80,126
499,32,126,1225
80,499,1225,50
126,80,50,87620
1225,126,87620,31
50,1225,31,1274
87620,50,1274,908
31,87620,908,58
1274,31,58,5
908,1274,5,4104
58,908,4104,1225
5,58,1225,168
4104,5,168,374
1225,4104,374,85
168,1225,85,428
374,168,428,277
85,374,277,10998
428,85,10998,6
277,428,6,125
10998,277,125,954
6,10998,954,73
125,6,73,145
954,125,145,650
73,954,650,114
145,73,114,11
650,145,11,14
114,650,14,3
11,114,3,5245
14,11,5245,11
3,14,11,13
5245,3,13,277
11,5245,277,354
13,11,354,5
277,13,5,2
354,277,2,1502
5,354,1502,428
2,5,428,43921
1502,2,43921,3092
428,1502,3092,15
43921,428,15,22
3092,43921,22,2282
15,3092,2282,2075
22,15,2075,12
2282,22,12,421
2075,2282,421,39
12,2075,39,27
421,12,27,630
39,421,630,3
27,39,3,468
630,27,468,145
3,630,145,267
468,3,267,8
145,468,8,26
267,145,26,260
8,267,260,13
26,8,13,388
260,26,388,4
13,260,4,85
388,13,85,26759
4,388,26759,351
85,4,351,19
26759,85,19,105
351,26759,105,35419
19,351,35419,14
105,19,14,1502
35419,105,1502,2
14,35419,2,334
1502,14,334,1067
2,1502,1067,180
334,2,180,4
1067,334,4,30
180,1067,30,517
4,180,517,11
30,4,11,28
517,30,28,10
11,517,10,14
28,11,14,1502
10,28,1502,2
14,10,2,334
1502,14,334,1067
2,1502,1067,102
334,2,102,494
1067,334,494,47617
102,1067,47617,116
494,102,116,10
47617,494,10,14
116,47617,14,1502
10,116,1502,4003
14,10,4003,28
1502,14,28,30
4003,1502,30,380
28,4003,380,388
30,28,388,125
10491,109,300,28
109,10491,28,10980
300,109,10980,2030
28,300,2030,24
10980,28,24,814
2030,10980,814,2334
24,2030,2334,12959
814,24,12959,133
2334,814,133,7
12959,2334,7,1451
133,12959,1451,4
7,133,4,5819
1451,7,5819,771
4,1451,771,15
5819,4,15,12
771,5819,12,932
15,771,932,258
12,15,258,176
932,12,176,379
258,932,379,5963
176,258,5963,6
379,176,6,38
5963,379,38,3832
6,5963,3832,2
38,6,2,44
3832,38,44,52
2,3832,52,5531
44,2,5531,1420
52,44,1420,218
5531,52,218,4
1420,5531,4,176
218,1420,176,379
4,218,379,218
176,4,218,3
379,176,3,2615
218,379,2615,41
3,218,41,65
2615,3,65,379
41,2615,379,34
65,41,34,18
379,65,18,3196
34,379,3196,427
18,34,427,19
3196,18,19,39
427,3196,39,66
19,427,66,170
39,19,170,1958
66,39,1958,771
170,66,771,608
1958,170,608,128
771,1958,128,1308
608,771,1308,4284
128,608,4284,13
1308,128,13,47
4284,1308,47,704
13,4284,704,19
47,13,19,2
704,47,2,952
19,704,952,5
2,19,5,3384
952,2,3384,512
5,952,512,4
3384,5,4,1311
512,3384,1311,1146
4,512,1146,6
1311,4,6,1074
1146,1311,1074,4284
6,1146,4284,15
1074,6,15,2
4284,1074,2,684
15,4284,684,5
2,15,5,495
684,2,495,74
5,684,74,3382
495,5,3382,2785
74,495,2785,4
3382,74,4,133
2785,3382,133,7
4,2785,7,761
133,4,761,3
7,133,3,123
761,7,123,2
3,761,2,90
123,3,90,2
2,123,2,1059
90,2,1059,36
2,90,36,103
1059,2,103,1161
36,1059,1161,3315
103,36,3315,5
1161,103,5,684
3315,1161,684,19
5,3315,19,117
684,5,117,5
19,684,5,170
117,19,170,373
5,117,373,108
170,5,108,124
373,170,124,4284
108,373,4284,13
124,108,13,2739
4284,124,2739,682
13,4284,682,12
2739,13,12,1426
682,2739,1426,1958
12,682,1958,31
1426,12,31,2709
1958,1426,2709,38
31,1958,38,614
2709,31,614,640
38,2709,640,76
614,38,76,317
640,614,317,3
76,640,3,105
317,76,105,101
3,317,101,6
105,3,6,264
101,105,264,66
6,101,66,29
264,6,29,176
66,264,176,18
29,66,18,84
176,29,84,2011
18,176,2011,163
84,18,163,13
2011,84,13,1123
163,2011,1123,14182
13,163,14182,173
1123,13,173,2
14182,1123,2,41
173,14182,41,65
2,173,65,418
41,2,418,6
65,41,6,133
418,65,133,18
6,418,18,84
133,6,84,47
18,133,47,236
84,18,236,12
47,84,12,2
236,47,2,14532
12,236,14532,1464
2,12,1464,590
14532,2,590,6
1464,14532,6,1360
590,1464,1360,2
6,590,2,181
1360,6,181,24
2,1360,24,4284
181,2,4284,150
24,181,150,618
4284,24,618,291
150,4284,291,427
618,150,427,510
291,618,510,53
427,291,53,50
510,427,50,418
53,510,418,120
50,53,120,379
418,50,379,40
120,418,40,21
379,120,21,3004
40,379,3004,15
21,40,15,446
3004,21,446,5
15,3004,5,512
446,15,512,118
5,446,118,1285
512,5,1285,1453
118,512,1453,1137
1285,118,1137,717
1453,1285,717,1829
1137,1453,1829,4
717,1137,4,397
1829,717,397,2056
4,1829,2056,537
397,4,537,50
2056,397,50,72
537,2056,72,76
50,537,76,5
72,50,5,1146
76,72,1146,1936
5,76,1936,6
1146,5,6,181
1936,1146,181,6
6,1936,6,1029
181,6,1029,6775
6,181,6775,158
1029,6,158,50
6775,1029,50,163
158,6775,163,3
50,158,3,2
163,50,2,190
3,163,190,258
2,3,258,418
190,2,418,3
258,190,3,590
418,258,590,84
3,418,84,176
590,3,176,1648
84,590,1648,18
176,84,18,28
1648,176,28,26
18,1648,26,147
28,18,147,23
26,28,23,275
147,26,275,39
23,147,39,379
275,23,379,3
39,275,3,5380
379,39,5380,302
3,379,302,6
5380,3,6,5777
302,5380,5777,5
6,302,5,133
5777,6,133,2128
5,5777,2128,42465
133,5,42465,24
2128,133,24,818
42465,2128,818,176
24,42465,176,1648
818,24,1648,134
176,818,134,5865
1648,176,5865,30
134,1648,30,16
5865,134,16,2360
30,5865,2360,1581
16,30,1581,90
2360,16,90,379
1581,2360,379,6
90,1581,6,4922
379,90,4922,1808
6,379,1808,101
4922,6,101,84
1808,4922,84,30
101,1808,30,147
84,101,147,41
30,84,41,379
147,30,379,3
41,147,3,17
379,41,17,453
3,379,453,3
17,3,3,163
453,17,163,3
3,453,3,2610
163,3,2610,2
3,163,2,2435
2610,3,2435,400
2,2610,400,1655
2435,2,1655,6
400,2435,6,5777
1655,400,5777,5
6,1655,5,28876
5777,6,28876,28876
5,5777,28876,7
28876,5,7,42
28876,28876,42,5
7,28876,5,818
42,7,818,6
5,42,6,133
818,5,133,8
6,818,8,13
133,6,13,47
8,133,47,704
13,8,704,490
47,13,490,19
704,47,19,708
490,704,708,583
19,490,583,167
708,19,167,54
583,708,54,18
167,583,18,47
54,167,47,4404
18,54,4404,1075
47,18,1075,4284
4404,47,4284,12
1075,4404,12,473
4284,1075,473,35839
12,4284,35839,425
473,12,425,2
35839,473,2,217
425,35839,217,5
2,425,5,23642
217,2,23642,167
5,217,167,6
23642,5,6,312
167,23642,312,5
6,167,5,104664
312,6,104664,6
5,312,6,28876
104664,5,28876,13
6,104664,13,47
28876,6,47,1285
13,28876,1285,19
47,13,19,2846
1285,47,2846,1958
19,1285,1958,1027
2846,19,1027,53
1958,2846,53,16
1027,1958,16,41
53,1027,41,65
16,53,65,2519
41,16,2519,512
65,41,512,8
2519,65,8,16
512,2519,16,16543
8,512,16543,6
16,8,6,418
16543,16,418,4
6,16543,4,5
418,6,5,104
4,418,104,187
5,4,187,16
104,5,16,2519
187,104,2519,3
16,187,3,17
2519,16,17,1819
3,2519,1819,1377
17,3,1377,36
1819,17,36,2338
1377,1819,2338,1377
36,1377,1377,371
2338,36,371,42465
1377,2338,42465,28
371,1377,28,678
42465,371,678,16
28,42465,16,5531
678,28,5531,4
16,678,4,176
5531,16,176,379
4,5531,379,16
176,4,16,3156
379,176,3156,163
16,379,163,3
3156,16,3,179
163,3156,179,6046
3,163,6046,6
179,3,6,4
6046,179,4,740
6,6046,740,3
4,6,3,2099
740,4,2099,425
3,740,425,512
2099,3,512,176
425,2099,176,1648
512,425,1648,2011
176,512,2011,10
1648,176,10,623
2011,1648,623,166
10,2011,166,34
623,10,34,689
166,623,689,1175
34,166,1175,6
689,34,6,163
1175,689,163,4
6,1175,4,38
163,6,38,953
4,163,953,3
38,4,3,789
953,38,789,553
3,953,553,52
789,3,52,743
553,789,743,7
52,553,7,21
743,52,21,2207
7,743,2207,637
21,7,637,251
2207,21,251,9
637,2207,9,41
251,637,41,1071
9,251,1071,3319
41,9,3319,150
1071,41,150,176
3319,1071,176,3717
150,3319,3717,4
176,150,4,24286
3717,176,24286,1360
4,3717,1360,1259
24286,4,1259,120
1360,24286,120,11
1259,1360,11,28
120,1259,28,11
11,120,11,816
28,11,816,2
11,28,2,606
816,11,606,379
2,816,379,4
606,2,4,4317
379,606,4317,808
4,379,808,3
4317,4,3,13342
808,4317,13342,141
3,808,141,4
13342,3,4,316
141,13342,316,6
4,141,6,4284
316,4,4284,10491
127,882,2131,4205
199,127,4205,8
2131,199,8,114
4205,2131,114,16
8,4205,16,2867
114,8,2867,15
16,114,15,86
2867,16,86,103
15,2867,103,655
86,15,655,109
103,86,109,19
655,103,19,39032
109,655,39032,16989
19,109,16989,155
39032,19,155,2094
16989,39032,2094,3002
155,16989,3002,17938
2094,155,17938,1301
3002,2094,1301,383
17938,3002,383,39032
1301,17938,39032,16989
383,1301,16989,7
39032,383,7,310
16989,39032,310,437
7,16989,437,9
310,7,9,3395
437,310,3395,42137
9,437,42137,10171
3395,9,10171,69
42137,3395,69,4
10171,42137,4,2
69,10171,2,5177
4,69,5177,94
2,4,94,23
5177,2,23,393
94,5177,393,5
23,94,5,731
393,23,731,6076
5,393,6076,11
731,5,11,7
6076,731,7,2
11,6076,2,1927
7,11,1927,843
2,7,843,4
1927,2,4,3424
843,1927,3424,6
4,843,6,731
3424,4,731,955
6,3424,955,152
731,6,152,16
955,731,16,1065
152,955,1065,12
16,152,12,138
1065,16,138,27
12,1065,27,1988
138,12,1988,5
27,138,5,25741
1988,27,25741,12
5,1988,12,177
25741,5,177,5
12,25741,5,162
177,12,162,102
5,177,102,58
162,5,58,11
102,162,11,727
58,102,727,101
11,58,101,87
727,11,87,199
101,727,199,25
87,101,25,40330
199,87,40330,873
25,199,873,162
40330,25,162,19
873,40330,19,61
162,873,61,3
19,162,3,129
61,19,129,6
3,61,6,199
129,3,199,8
6,129,8,6168
199,6,6168,6963
8,199,6963,932
6168,8,932,2670
6963,6168,2670,460
932,6963,460,7
2670,932,7,8
460,2670,8,882
7,460,882,199
8,7,199,9758
882,8,9758,102
199,882,102,2328
9758,199,2328,4
102,9758,4,679
2328,102,679,31
4,2328,31,16
679,4,16,102502
31,679,102502,6
16,31,6,88
102502,16,88,199
6,102502,199,61
88,6,61,3
199,88,3,2
61,199,2,7392
3,61,7392,129
2,3,129,2
7392,2,2,264
129,7392,264,390
2,129,390,199
264,2,199,2608
390,264,2608,281
199,390,281,45
2608,199,45,203
281,2608,203,406
45,281,406,5
203,45,5,21
406,203,21,42
5,406,42,372
21,5,372,199
42,21,199,590
372,42,590,47022
199,372,47022,4958
590,199,4958,6
47022,590,6,3769
4958,47022,3769,5
6,4958,5,10
3769,6,10,2608
5,3769,2608,99
10,5,99,255
2608,10,255,15
99,2608,15,6155
255,99,6155,646
15,255,646,2391
6155,15,2391,88
646,6155,88,199
2391,646,199,2608
88,2391,2608,253
199,88,253,114
2608,199,114,15
253,2608,15,2
114,253,2,1067
15,114,1067,5
2,15,5,2427
1067,2,2427,3
5,1067,3,1415
2427,5,1415,9
3,2427,9,2
1415,3,2,16194
9,1415,16194,5
2,9,5,1850
16194,2,1850,114
5,16194,114,25
1850,5,25,31
114,1850,31,16
25,114,16,253
31,25,253,114
16,31,114,114
253,16,114,31
114,253,31,2524
114,114,2524,106
31,114,106,46
2524,31,46,54
106,2524,54,3313
46,106,3313,3602
54,46,3602,45
3313,54,45,406
3602,3313,406,3
45,3602,3,31
406,45,31,18
3,406,18,64
31,3,64,360
18,31,360,352
64,18,352,2041
360,64,2041,15
352,360,15,536
2041,352,536,5
15,2041,5,103
536,15,103,372
5,536,372,675
103,5,675,4
372,103,4,44
675,372,44,8
4,675,8,26
44,4,26,2570
8,44,2570,3
26,8,3,106
2570,26,106,6
3,2570,6,235
106,3,235,85
6,106,85,1850
235,6,1850,114
85,235,114,199
1850,85,199,25
114,1850,25,1415
199,114,1415,6811
25,199,6811,114
1415,25,114,21
6811,1415,21,321
114,6811,321,1850
21,114,1850,3
321,21,3,106
1850,321,106,25
3,1850,25,1966
106,3,1966,37
25,106,37,737
1966,25,737,5
37,1966,5,95
737,37,95,645
5,737,645,545
95,5,545,31
645,95,31,16
545,645,16,1355
31,545,1355,61
16,31,61,6
1355,16,6,3814
61,1355,3814,2884
6,61,2884,9012
3814,6,9012,1590
2884,3814,1590,109
9012,2884,109,194
1590,9012,194,331
109,1590,331,6
194,109,6,199
331,194,199,3440
6,331,3440,1868
199,6,1868,42838
3440,199,42838,384
1868,3440,384,5
42838,1868,5,105
384,42838,105,3498
5,384,3498,91501
105,5,91501,194
3498,105,194,6
91501,3498,6,199
194,91501,199,8
6,194,8,2648
199,6,2648,3
8,199,3,364
2648,8,364,1425
3,2648,1425,97
364,3,97,287
1425,364,287,3395
97,1425,3395,2761
287,97,2761,4
3395,287,4,1548
2761,3395,1548,287
4,2761,287,2637
1548,4,2637,881
287,1548,881,25
2637,287,25,706
881,2637,706,31
25,881,31,7
706,25,7,94
31,706,94,33
7,31,33,14
94,7,14,3
33,94,3,106
14,33,106,9
3,14,9,36
106,3,36,54
9,106,54,94
36,9,94,7
54,36,7,88
94,54,88,4685
7,94,4685,15
88,7,15,112
4685,88,112,423
15,4685,423,4
112,15,4,734
423,112,734,557
4,423,557,48
734,4,48,199
557,734,199,3134
48,557,3134,127
199,48,127,194
3134,199,194,2
127,3134,2,52
194,127,52,85
2,194,85,50
52,2,50,621
85,52,621,2944
50,85,2944,31
621,50,31,40
2944,621,40,33
31,2944,33,106
40,31,106,9
33,40,9,6
106,33,6,2
9,106,2,152
6,9,152,4093
2,6,4093,120
152,2,120,30
4093,152,30,16
120,4093,16,134
30,120,134,46
16,30,46,168
134,16,168,14726
46,134,14726,39
168,46,39,1203
14726,168,1203,2013
39,14726,2013,185
1203,39,185,4
2013,1203,4,16791
185,2013,16791,1769
4,185,1769,1391
16791,4,1391,83
1769,16791,83,3
1391,1769,3,415
83,1391,415,4
3,83,4,1668
415,3,1668,3582
4,415,3582,23
1668,4,23,1364
3582,1668,1364,171
23,3582,171,85
1364,23,85,1614
171,1364,1614,46
85,171,46,8
1614,85,8,86
46,1614,86,135
8,46,135,4
86,8,4,58
135,86,58,94
4,135,94,16
58,4,16,1050
94,58,1050,3945
16,94,3945,88
1050,16,88,45
3945,1050,45,34
88,3945,34,5
45,88,5,376
34,45,376,514
5,34,514,38
376,5,38,4634
514,376,4634,4
38,514,4,106
4634,38,106,9
4,4634,9,3422
106,4,3422,5
9,106,5,103
3422,9,103,1309
5,3422,1309,10
103,5,10,1222
1309,103,1222,8
10,1309,8,131
1222,10,131,235
8,1222,235,5490
131,8,5490,194
235,131,194,599
5490,235,599,52
194,5490,52,85
599,194,85,50
52,599,50,86
85,52,86,621
50,85,621,175
86,50,175,138
621,86,138,27
175,621,27,4
138,175,4,78
27,138,78,32
4,27,32,31
78,4,31,40
32,78,40,33
31,32,33,106
40,31,106,9
33,40,9,33
106,33,33,230
9,106,230,2
33,9,2,149
230,33,149,95635
2,230,95635,194
149,2,194,3
95635,149,3,54
194,95635,54,94
3,194,94,25
54,3,25,33
94,54,33,113
25,94,113,34
33,25,34,192
113,33,192,4
34,113,4,54
192,34,54,5
4,192,5,104
54,4,104,103
5,54,103,94
104,5,94,25
103,104,25,33
94,103,33,1114
25,94,1114,275
33,25,275,1343
1114,33,1343,5
275,1114,5,104
1343,275,104,194
5,1343,194,16
104,5,16,139
194,104,139,5
16,194,5,31
139,16,31,45
5,139,45,14
31,5,14,3
45,31,3,17
