7,30,6856,56
11,7,56,4
6856,11,4,1123
56,6856,1123,79
4,56,79,22
1123,4,22,3147
79,1123,3147,3
22,79,3,3082
3147,22,3082,51
3,3147,51,1492
3082,3,1492,73
51,3082,73,2
1492,51,2,419
73,1492,419,59
2,73,59,30
419,2,30,4520
59,419,4520,89
30,59,89,3
4520,30,3,585
89,4520,585,4
3,89,4,175
585,3,175,5326
4,585,5326,11
175,4,11,1296
5326,175,1296,254
11,5326,254,271
1296,11,271,37
254,1296,37,374
271,254,374,11
37,271,11,327
374,37,327,18
11,374,18,374
327,11,374,2752
18,327,2752,7
374,18,7,1049
2752,374,1049,6619
7,2752,6619,61
1049,7,61,101
6619,1049,101,84
61,6619,84,15
101,61,15,42
84,101,42,417
15,84,417,6
42,15,6,787
417,42,787,4662
6,417,4662,11
787,6,11,295
4662,787,295,2
11,4662,2,419
295,11,419,272
2,295,272,14
419,2,14,140
272,419,140,3845
14,272,3845,19
140,14,19,176
3845,140,176,379
19,3845,379,696
176,19,696,427
379,176,427,406
696,379,406,4
427,696,4,8722
406,427,8722,1218
4,406,1218,15
8722,4,15,1137
1218,8722,1137,2692
15,1218,2692,4
1137,15,4,533
2692,1137,533,3
4,2692,3,2
533,4,2,210
3,533,210,968
2,3,968,9
210,2,9,2800
968,210,2800,1211
9,968,1211,7
2800,9,7,388
1211,2800,388,1044
7,1211,1044,27
388,7,27,2283
1044,388,2283,3
27,1044,3,695
2283,27,695,985
3,2283,985,394
695,3,394,4
985,695,4,5987
394,985,5987,3
4,394,3,218
5987,4,218,22
3,5987,22,381
218,3,381,126
22,218,126,9555
381,22,9555,696
126,381,696,427
9555,126,427,4
696,9555,4,176
427,696,176,1601
4,427,1601,28
176,4,28,10
1601,176,10,14
28,1601,14,110
10,28,110,3
14,10,3,17
110,14,17,1041
3,110,1041,9
17,3,9,43
1041,17,43,29
9,1041,29,30
43,9,30,34
29,43,34,208
30,29,208,17
34,30,17,1593
208,34,1593,30
17,208,30,34
1593,17,34,208
30,1593,208,17
34,30,17,1593
208,34,1593,7
17,208,7,14
1593,17,14,3
7,1593,3,1056
14,7,1056,696
3,14,696,427
1056,3,427,104
696,1056,104,756
427,696,756,16
104,427,16,6808
756,104,6808,138
16,756,138,27
6808,16,27,45995
138,6808,45995,972
27,138,972,83
45995,27,83,829
972,45995,829,6
83,972,6,339
829,83,339,1044
6,829,1044,5
339,6,5,2338
1044,339,2338,3128
5,1044,3128,5
2338,5,5,4167
3128,2338,4167,94
5,3128,94,138
4167,5,138,14716
94,4167,14716,1155
138,94,1155,2158
14716,138,2158,8
1155,14716,8,128
2158,1155,128,27
8,2158,27,3128
128,8,3128,740
27,128,740,68
3128,27,68,1959
740,3128,1959,6
68,740,6,1378
1959,68,1378,59
6,1959,59,969
1378,6,969,13501
59,1378,13501,2
969,59,2,1149
13501,969,1149,553
2,13501,553,2338
1149,2,2338,3
553,1149,3,3082
2338,553,3082,2
3,2338,2,176
3082,3,176,379
2,3082,379,419
176,2,419,4
379,176,4,2963
419,379,2963,138
4,419,138,27
2963,4,27,2
138,2963,2,281
27,138,281,153
2,27,153,45432
281,2,45432,1762
153,281,1762,14
45432,153,14,101
1762,45432,101,59
14,1762,59,11
101,14,11,28
59,101,28,544
11,59,544,270
28,11,270,3
544,28,3,256
270,544,256,4014
3,270,4014,8
256,3,8,4167
4014,256,4167,27
8,4014,27,40
4167,8,40,17
27,4167,17,918
40,27,918,3
17,40,3,192
918,17,192,782
3,918,782,2591
192,3,2591,72
782,192,72,2941
2591,782,2941,62
72,2591,62,11
2941,72,11,40
62,2941,40,17
11,62,17,100074
40,11,100074,7
17,40,7,2
100074,17,2,2392
7,100074,2392,460
2,7,460,4
2392,2,4,34
460,2392,34,17
4,460,17,1782
34,4,1782,2
17,34,2,39
1782,17,39,829
2,1782,829,247
39,2,247,1131
829,39,1131,259
247,829,259,1414
1131,247,1414,373
259,1131,373,3128
1414,259,3128,740
373,1414,740,12
3128,373,12,27
740,3128,27,6
12,740,6,22569
27,12,22569,1211
6,27,1211,3845
22569,6,3845,244
1211,22569,244,2268
3845,1211,2268,939
244,3845,939,99
2268,244,99,12
939,2268,12,30
99,939,30,16
12,99,16,160
575,75,189,3667
978,575,3667,5315
189,978,5315,4
3667,189,4,215
5315,3667,215,297
4,5315,297,74
215,4,74,3189
297,215,3189,82
74,297,82,4
3189,74,4,997
82,3189,997,8
4,82,8,7
997,4,7,192
8,997,192,74
7,8,74,57
192,7,57,426
74,192,426,84
57,74,84,43
426,57,43,77
84,426,77,285
43,84,285,346
77,43,346,682
285,77,682,12
346,285,12,56
682,346,56,15
12,682,15,57
56,12,57,52
15,56,52,10
57,15,10,2403
52,57,2403,250
10,52,250,342
2403,10,342,59247
250,2403,59247,117
342,250,117,2494
59247,342,2494,6322
117,59247,6322,651
2494,117,651,5
6322,2494,5,3500
651,6322,3500,651
5,651,651,1795
3500,5,1795,2
651,3500,2,269
1795,651,269,5
2,1795,5,35
269,2,35,256
5,269,256,1495
35,5,1495,3634
256,35,3634,15931
1495,256,15931,3967
3634,1495,3967,23
15931,3634,23,2
3967,15931,2,265
23,3967,265,238
2,23,238,815
265,2,815,369
238,265,369,1107
815,238,1107,12
369,815,12,1592
1107,369,1592,1228
12,1107,1228,6
1592,12,6,197
1228,1592,197,429
6,1228,429,878
197,6,878,109
429,197,109,3
878,429,3,937
109,878,937,250
3,109,250,342
937,3,342,45475
250,937,45475,430
342,250,430,167
45475,342,167,63
430,45475,63,575
167,430,575,978
63,167,978,189
575,63,189,1596
978,575,1596,83
189,978,83,3189
1596,189,3189,6
83,1596,6,950
3189,83,950,5
6,3189,5,5315
950,6,5315,4
5,950,4,215
5315,5,215,297
4,5315,297,82
215,4,82,5858
297,215,5858,70
82,297,70,297
5858,82,297,52
70,5858,52,1310
297,70,1310,82
52,297,82,9
1310,52,9,1829
82,1310,1829,15
9,82,15,4451
1829,9,4451,35
15,1829,35,73
4451,15,73,386
35,4451,386,4
73,35,4,12611
386,73,12611,997
4,386,997,208
12611,4,208,517
997,12611,517,2129
208,997,2129,144
517,208,144,5
2129,517,5,450
144,2129,450,191
5,144,191,472
450,5,472,1293
191,450,1293,143
472,191,143,35
1293,472,35,1615
143,1293,1615,3279
35,143,3279,4
1615,35,4,1512
3279,1615,1512,511
4,3279,511,65
1512,4,65,1232
511,1512,1232,2
65,511,2,10
1232,65,10,1023
2,1232,1023,3
10,2,3,16
1023,10,16,991
3,1023,991,5
16,3,5,1822
991,16,1822,3651
5,991,3651,59
1822,5,59,371
3651,1822,371,189
59,3651,189,2317
371,59,2317,1990
189,371,1990,5
2317,189,5,386
1990,2317,386,6
5,1990,6,157
386,5,157,14
6,386,14,274
157,6,274,3
14,157,3,1138
274,14,1138,155
3,274,155,10
1138,3,10,46931
155,1138,46931,65
10,155,65,2
46931,10,2,568
65,46931,568,394
2,65,394,43
568,2,43,77
394,568,77,370
43,394,370,285
77,43,285,346
370,77,346,682
285,370,682,12
346,285,12,56
682,346,56,15
12,682,15,798
56,12,798,5
15,56,5,108
798,15,108,52
5,798,52,75
108,5,75,66
52,108,66,5
75,52,5,15341
66,75,15341,1505
5,66,1505,15
15341,5,15,57
1505,15341,57,108
15,1505,108,191
57,15,191,10
108,57,10,117
191,108,117,61
10,191,61,5453
117,10,5453,250
61,117,250,342
5453,61,342,224
250,5453,224,76
342,250,76,238
224,342,238,188
76,224,188,755
238,76,755,27294
188,238,27294,1990
755,188,1990,5
27294,755,5,386
1990,27294,386,143
5,1990,143,35
386,5,35,716
143,386,716,139
35,143,139,6
716,35,6,414
139,716,414,815
6,139,815,44
414,6,44,1208
815,414,1208,29711
44,815,29711,437
1208,44,437,5
29711,1208,5,414
437,29711,414,214
5,437,214,1210
414,5,1210,23
214,414,23,11112
1210,214,11112,2732
23,1210,2732,414
11112,23,414,456
2732,11112,456,9
414,2732,9,2950
456,414,2950,6
9,456,6,197
2950,9,197,52
6,2950,52,43
197,6,43,2403
52,197,2403,20
43,52,20,588
2403,43,588,82
20,2403,82,75
588,20,75,10
82,588,10,3741
75,82,3741,2322
10,75,2322,2
3741,10,2,2
2322,3741,2,1372
2,2322,1372,224
2,2,224,82
1372,2,82,43
224,1372,43,21
82,224,21,250
43,82,250,34
21,43,34,247
250,21,247,139
34,250,139,23476
247,34,23476,595
139,247,595,9
23476,139,9,157
595,23476,157,3
9,595,3,346
157,9,346,682
3,157,682,3279
346,3,3279,285
682,346,285,74
3279,682,74,2
285,3279,2,2046
74,285,2046,414
2,74,414,214
2046,2,214,139
414,2046,139,77
214,414,77,18
139,214,18,2
77,139,2,1037
18,77,1037,984
2,18,984,223
1037,2,223,43
984,1037,43,166
223,984,166,70
43,223,70,100
166,43,100,3700
70,166,3700,9
100,70,9,118
3700,100,118,25
9,3700,25,272
118,9,272,56
25,118,56,6
272,25,6,414
56,272,414,1091
6,56,1091,7
414,6,7,388
1091,414,388,6
7,1091,6,199
388,7,199,2524
6,388,2524,998
199,6,998,2
2524,199,2,2953
998,2524,2953,9
2,998,9,2743
2953,2,2743,3189
9,2953,3189,74
2743,9,74,21914
3189,2743,21914,215
74,3189,215,1844
21914,74,1844,8
215,21914,8,132
1844,215,132,248
8,1844,248,920
132,8,920,206
248,132,206,895
920,248,895,5
206,920,5,250
895,206,250,224
5,895,224,2453
250,5,2453,8
224,250,8,26
2453,224,26,14
8,2453,14,2
26,8,2,282
14,26,282,224
2,14,224,15
282,2,15,250
224,282,250,21
15,224,21,64
250,15,64,224
21,250,224,23
64,21,23,46815
224,64,46815,252
23,224,252,158
46815,23,158,18
252,46815,18,1940
158,252,1940,12
18,158,12,5315
1940,18,5315,864
12,1940,864,1521
5315,12,1521,19
864,5315,19,527
1521,864,527,8
19,1521,8,57
527,19,57,191
8,527,191,646
57,8,646,6
191,57,6,1505
646,191,1505,82
6,646,82,258
1505,6,258,846
82,1505,846,191
258,82,191,204
846,258,204,4
191,846,4,539
204,191,539,82
4,204,82,16
539,4,16,260
82,539,260,1249
16,82,1249,845
260,16,845,15
1249,260,15,250
845,1249,250,292
15,845,292,12
250,15,12,4
292,250,4,3112
12,292,3112,8
4,12,8,342
3112,4,342,224
8,3112,224,7
342,8,7,42
224,342,42,4
7,224,4,1084
42,7,1084,12
4,42,12,250
1084,4,250,34
12,1084,34,483
250,12,483,3
34,250,3,17
483,34,17,3822
3,483,3822,19
17,3,19,848
3822,17,848,1005
19,3822,1005,238
848,19,238,624
1005,848,624,17224
238,1005,17224,15049
624,238,15049,14
17224,624,14,6
15049,17224,6,2617
14,15049,2617,128
6,14,128,153
2617,6,153,4
128,2617,4,846
153,128,846,1587
4,153,1587,16
846,4,16,8807
1587,846,8807,79
16,1587,79,250
8807,16,250,3
79,8807,3,1354
250,79,1354,2
3,250,2,6441
1354,3,6441,5
2,1354,5,3529
6441,2,3529,4898
5,6441,4898,2
3529,5,2,92
4898,3529,92,483
2,4898,483,749
92,2,749,6
483,92,6,27435
749,483,27435,753
6,749,753,45219
27435,6,45219,5
753,27435,5,35
45219,753,35,256
5,45219,256,1495
35,5,1495,13
256,35,13,47
1495,256,47,2290
13,1495,2290,3
47,13,3,139
2290,47,139,1259
3,2290,1259,37
139,3,37,447
1259,139,447,5
37,1259,5,157
447,37,157,5315
5,447,5315,2251
157,5,2251,474
5315,157,474,44
2251,5315,44,5
474,2251,5,224
44,474,224,3898
5,44,3898,6
224,5,6,5798
3898,224,5798,878
6,3898,878,8
5798,6,8,52
878,5798,52,233
8,878,233,50
52,8,50,3
233,52,3,106
50,233,106,83
3,50,83,224
106,3,224,67
83,106,67,542
224,83,542,6
67,224,6,20
542,67,20,315
6,542,315,34
20,6,34,4655
315,20,4655,19063
34,315,19063,798
4655,34,798,5
19063,4655,5,414
798,19063,414,543
5,798,543,40
414,5,40,948
543,414,948,224
40,543,224,1318
948,40,1318,12
224,948,12,43
1318,224,43,269
12,1318,269,1495
43,12,1495,44
269,43,44,57
1495,269,57,191
44,1495,191,40
57,44,40,3474
191,57,3474,38
40,191,38,1084
3474,40,1084,4
38,3474,4,250
1084,38,250,361
4,1084,361,24
250,4,24,161
361,250,161,1084
24,361,1084,4
161,24,4,7869
1084,161,7869,12
4,1084,12,10
7869,4,10,342
12,7869,342,348
10,12,348,40
342,10,40,8309
348,342,8309,61
40,348,61,10
8309,40,10,3334
61,8309,3334,7718
10,61,7718,82
3334,10,82,1586
7718,3334,1586,285
82,7718,285,7083
1586,82,7083,5
285,1586,5,215
7083,285,215,297
5,7083,297,3
215,5,3,3721
297,215,3721,250
3,297,250,342
3721,3,342,92347
250,3721,92347,34
342,250,34,17
92347,342,17,2197
34,92347,2197,2
17,34,2,454
2197,17,454,489
2,2197,489,924
454,2,924,3
489,454,3,172
924,489,172,24
3,924,24,454
172,3,454,537
24,172,537,1495
454,24,1495,28
537,454,28,6
1495,537,6,1184
28,1495,1184,4564
6,28,4564,12
1184,6,12,2130
4564,1184,2130,322
12,4564,322,226
2130,12,226,878
322,2130,878,250
226,322,250,11
878,226,11,453
250,878,453,34
11,250,34,870
453,11,870,3
34,453,3,5952
870,34,5952,285
3,870,285,4
5952,3,4,1189
285,5952,1189,4791
4,285,4791,7
1189,4,7,51
4791,1189,51,28
7,4791,28,57
51,7,57,44
28,51,44,82
57,28,82,33
44,57,33,34
82,44,34,18
33,82,18,2
34,33,2,105094
18,34,105094,7
2,18,7,20
105094,2,20,864
7,105094,864,82
20,7,82,8
864,20,8,536
82,864,536,233
8,82,233,1507
536,8,1507,224
233,536,224,36
1507,233,36,10
224,1507,10,4027
36,224,4027,43
10,36,43,3
4027,10,3,794
43,4027,794,12
3,43,12,10
794,3,10,83
12,794,83,2
10,12,2,124
83,10,124,15
2,83,15,250
124,2,250,82
15,124,82,8
250,15,8,13
82,250,13,17171
8,82,17171,76
13,8,76,6
17171,13,6,57341
76,17171,57341,18
6,76,18,723
57341,6,723,250
18,57341,250,24
723,18,24,118
250,723,118,2
24,250,2,14573
118,24,14573,79
2,118,79,84
14573,2,84,233
79,14573,233,233
84,79,233,118
233,84,118,2
233,233,2,14573
118,233,14573,117
2,118,117,2494
14573,2,2494,6322
117,14573,6322,651
2494,117,651,5
6322,2494,5,3500
651,6322,3500,802
5,651,802,5
3500,5,5,265
802,3500,265,238
5,802,238,815
265,5,815,369
238,265,369,134
815,238,134,1495
369,815,1495,59
134,369,59,11
1495,134,11,939
59,1495,939,126
11,59,126,369
939,11,369,128
126,939,128,99307
369,126,99307,6322
128,369,6322,383
99307,128,383,6
6322,99307,6,994
383,6322,994,22
6,383,22,9038
994,6,9038,15
22,994,15,51
9038,22,51,11
15,9038,11,28
51,15,28,14
11,51,14,252
28,11,252,8496
14,28,8496,5
252,14,5,2
8496,252,2,4106
5,8496,4106,655
2,5,655,9
4106,2,9,233
655,4106,233,175
9,655,175,224
233,9,224,2429
175,233,2429,4
224,175,4,2
2429,224,2,21914
4,2429,21914,215
2,4,215,72030
21914,2,72030,207
215,21914,207,829
72030,215,829,5
207,72030,5,224
829,207,224,8
5,829,8,14
224,5,14,2420
8,224,2420,56
14,8,56,67
2420,14,67,2343
56,2420,2343,3198
67,56,3198,19324
2343,67,19324,81
3198,2343,81,351
19324,3198,351,15
81,19324,15,13140
351,81,13140,8
15,351,8,10
13140,15,10,536
8,13140,536,20
10,8,20,224
536,10,224,36
20,536,36,124
224,20,124,11
36,224,11,12896
124,36,12896,311
11,124,311,389
12896,11,389,755
311,12896,755,1891
389,311,1891,8
755,389,8,4360
1891,755,4360,5
8,1891,5,224
4360,8,224,40
5,4360,40,549
224,5,549,43
40,224,43,4
549,40,4,546
43,549,546,3279
4,43,3279,161
546,4,161,6
3279,546,6,818
161,3279,818,4
6,161,4,6028
818,6,6028,8
4,818,8,7
6028,4,7,613
8,6028,613,560
7,8,560,2
613,7,2,2358
560,613,2358,916
2,560,916,35
2358,2,35,477
916,2358,477,3
35,916,3,17
477,35,17,541
3,477,541,3
17,3,3,2
541,17,2,2496
3,541,2496,5
2,3,5,144
2496,2,144,9
5,2496,9,224
144,5,224,82
9,144,82,613
224,9,613,6
82,224,6,849
613,82,849,5
6,613,5,3440
849,6,3440,43
5,849,43,1747
3440,5,1747,144
43,3440,144,8
1747,43,8,71
144,1747,71,252
8,144,252,13
71,8,13,47
252,71,47,7087
13,252,7087,3
47,13,3,248
7087,47,248,2557
3,7087,2557,2
248,3,2,59252
2557,248,59252,74235
2,2557,74235,5315
59252,2,5315,6
74235,59252,6,1665
5315,74235,1665,5
6,5315,5,775
1665,6,775,4360
5,1665,4360,5
775,5,5,224
4360,775,224,40
5,4360,40,17
224,5,17,48
40,224,48,2038
17,40,2038,44
48,17,44,371
2038,48,371,29711
44,2038,29711,5
371,44,5,2732
29711,371,2732,456
5,29711,456,87
2732,5,87,10
456,2732,10,40
87,456,40,477
10,87,477,3
40,10,3,798
477,40,798,5
3,477,5,108
798,3,108,8
5,798,8,43
108,5,43,14
8,108,14,1738
43,8,1738,142
14,43,142,3
1738,14,3,2
142,1738,2,1175
3,142,1175,6
2,3,6,991
1175,2,991,160
6,1175,160,2
991,6,2,86
160,991,86,107
2,160,107,3
86,2,3,224
107,86,224,15
3,107,15,4451
224,3,4451,3988
15,224,3988,7644
4451,15,7644,1144
3988,4451,1144,75
7644,3988,75,14
1144,7644,14,8
75,1144,8,1456
14,75,1456,8283
8,14,8283,40
1456,8,40,93
8283,1456,93,33
40,8283,33,53
93,40,53,82
33,93,82,25
53,33,25,33
82,53,33,13
25,82,13,3
33,25,3,224
13,33,224,15
3,13,15,168
224,3,168,991
15,224,991,160
168,15,160,11
991,168,11,49691
160,991,49691,71
11,160,71,9034
49691,11,9034,4451
71,49691,4451,35
