1204,22,4,839
1305,1204,839,1563
4,1305,1563,348
839,4,348,223
1563,839,223,22
348,1563,22,15975
223,348,15975,11
22,223,11,77
15975,22,77,178
11,15975,178,37045
77,11,37045,1305
178,77,1305,697
37045,178,697,89
1305,37045,89,3
697,1305,3,3636
89,697,3636,22
3,89,22,444
3636,3,444,8276
22,3636,8276,3
444,22,3,1090
8276,444,1090,4107
3,8276,4107,4
1090,3,4,796
4107,1090,796,91400
4,4107,91400,1563
796,4,1563,23
91400,796,23,150
1563,91400,150,1563
23,1563,1563,456
150,23,456,23
1563,150,23,4204
456,1563,4204,29367
23,456,29367,3715
4204,23,3715,2
29367,4204,2,5701
3715,29367,5701,11519
2,3715,11519,23496
5701,2,23496,14
11519,5701,14,4814
23496,11519,4814,3
14,23496,3,8083
4814,14,8083,1883
3,4814,1883,6074
8083,3,6074,8083
1883,8083,8083,991
6074,1883,991,6589
8083,6074,6589,1669
991,8083,1669,504
6589,991,504,5
1669,6589,5,4204
504,1669,4204,16424
5,504,16424,3221
4204,5,3221,53
16424,4204,53,11
3221,16424,11,365
53,3221,365,2592
11,53,2592,3
365,11,3,2
2592,365,2,20282
3,2592,20282,381
2,3,381,146
20282,2,146,19
381,20282,19,669
146,381,669,10222
19,146,10222,1305
669,19,1305,3
10222,669,3,478
1305,10222,478,6074
3,1305,6074,1923
478,3,1923,7301
6074,478,7301,372
1923,6074,372,28
7301,1923,28,6
372,7301,6,2231
28,372,2231,8
6,28,8,73
2231,6,73,57
8,2231,57,1305
73,8,1305,11
57,73,11,73
1305,57,73,3
11,1305,3,22741
73,11,22741,4
3,73,4,11802
22741,3,11802,29
4,22741,29,4650
11802,4,4650,365
29,11802,365,10
4650,29,10,2270
365,4650,2270,11519
10,365,11519,4373
2270,10,4373,1319
11519,2270,1319,53
4373,11519,53,14
1319,4373,14,190
53,1319,190,8477
14,53,8477,11519
190,14,11519,28
8477,190,28,1305
11519,8477,1305,24
28,11519,24,4650
1305,28,4650,1882
24,1305,1882,50
4650,24,50,48
1882,4650,48,2149
50,1882,2149,38
48,50,38,668
2149,48,668,4111
38,2149,4111,42
668,38,42,44
4111,668,44,2
42,4111,2,1713
44,42,1713,8
2,44,8,2762
1713,2,2762,98787
8,1713,98787,1411
2762,8,1411,32
98787,2762,32,5294
1411,98787,5294,4650
32,1411,4650,6074
5294,32,6074,56536
4650,5294,56536,1371
6074,4650,1371,79
56536,6074,79,2
1371,56536,2,10716
79,1371,10716,3
2,79,3,93
10716,2,93,22
3,10716,22,173
93,3,173,409
22,93,409,5433
173,22,5433,1342
409,173,1342,6
5433,409,6,428
1342,5433,428,4650
6,1342,4650,14
428,6,14,1463
4650,428,1463,8
14,4650,8,5294
1463,14,5294,13
8,1463,13,6826
5294,8,6826,4
13,5294,4,2388
6826,13,2388,3772
4,6826,3772,2
2388,4,2,2901
3772,2388,2901,8
2,3772,8,14585
2901,2,14585,57
8,2901,57,735
14585,8,735,11519
57,14585,11519,1757
735,57,1757,257
11519,735,257,277
1757,11519,277,8
257,1757,8,4650
277,257,4650,4379
8,277,4379,852
4650,8,852,23
4379,4650,23,2039
852,4379,2039,5
23,852,5,6183
2039,23,6183,6
5,2039,6,5551
6183,5,5551,6
6,6183,6,2291
5551,6,2291,5315
6,5551,5315,1671
2291,6,1671,22
5315,2291,22,953
1671,5315,953,3
22,1671,3,960
953,22,960,3
3,953,3,57
960,3,57,45
3,960,45,2
57,3,2,2
45,57,2,284
2,45,284,11
2,2,11,14
284,2,14,4
11,284,4,1581
14,11,1581,3896
4,14,3896,741
1581,4,741,5
3896,1581,5,1764
741,3896,1764,4
5,741,4,20908
1764,5,20908,13774
4,1764,13774,11519
20908,4,11519,6392
13774,20908,6392,113
11519,13774,113,11
6392,11519,11,1428
113,6392,1428,178
11,113,178,8
1428,11,8,148
178,1428,148,11
8,178,11,2395
148,8,2395,50
11,148,50,1428
2395,11,1428,560
50,2395,560,11
1428,50,11,44880
560,1428,44880,77
11,560,77,18
44880,11,18,1126
77,44880,1126,3
18,77,3,2
1126,18,2,217
3,1126,217,5
2,3,5,45
217,2,45,6
5,217,6,22
45,5,22,2633
6,45,2633,5
22,6,5,1923
2633,22,1923,15
5,2633,15,594
1923,5,594,37
15,1923,37,22
594,15,22,12741
37,594,12741,29
22,37,29,11
12741,22,11,486
29,12741,486,8
11,29,8,26
486,11,26,50
8,486,50,6
26,8,6,839
50,26,839,9
6,50,9,246
839,6,246,36
9,839,36,1704
246,9,1704,6191
36,246,6191,5
1704,36,5,3377
6191,1704,3377,11519
5,6191,11519,4373
3377,5,4373,76
11519,3377,76,107
4373,11519,107,1305
76,4373,1305,7
107,76,7,803
1305,107,803,57
7,1305,57,126
803,7,126,438
57,803,438,351
126,57,351,24
438,126,24,3934
351,438,3934,259
24,351,259,1118
3934,24,1118,11519
259,3934,11519,28
1118,259,28,11
11519,1118,11,134
28,11519,134,11519
11,28,11519,8
134,11,8,11
11519,134,11,2602
8,11519,2602,330
11,8,330,11
2602,11,11,4344
330,2602,4344,6
11,330,6,177
4344,11,177,87
6,4344,87,11
177,6,11,1077
87,177,1077,190
11,87,190,12741
1077,11,12741,260
190,1077,260,40
12741,190,40,17
260,12741,17,12
40,260,12,107
17,40,107,6
12,17,6,736
107,12,736,3
6,107,3,5516
736,6,5516,4650
3,736,4650,1271
5516,3,1271,1930
4650,5516,1930,1385
1271,4650,1385,10318
1930,1271,10318,3
1385,1930,3,224
10318,1385,224,15
3,10318,15,22
224,3,22,15555
15,224,15555,11
22,15,11,7
15555,22,7,14
11,15555,14,3
7,11,3,123
14,7,123,22
3,14,22,4674
123,3,4674,4421
22,123,4421,1115
4674,22,1115,419
4421,4674,419,15
1115,4421,15,89
419,1115,89,1074
15,419,1074,620
89,15,620,3810
1074,89,3810,87
620,1074,87,11
3810,620,11,678
87,3810,678,10
11,87,10,40
678,11,40,1382
10,678,1382,769
40,10,769,29
1382,40,29,68
769,1382,68,516
29,769,516,102
68,29,102,4892
516,68,4892,2
102,516,2,5984
4892,102,5984,87
2,4892,87,8
5984,2,8,40
87,5984,40,18
8,87,18,1968
40,8,1968,2
18,40,2,1204
1968,18,1204,1305
2,1968,1305,6
1204,2,6,1474
1305,1204,1474,11519
6,1305,11519,23496
1474,6,23496,7910
11519,1474,7910,14
23496,11519,14,1466
7910,23496,1466,231
14,7910,231,5472
1466,14,5472,59
231,1466,59,11
5472,231,11,14
59,5472,14,91
11,59,91,3
14,11,3,123
91,14,123,2
3,91,2,1696
123,3,1696,1356
2,123,1356,9178
1696,2,9178,256
1356,1696,256,12934
9178,1356,12934,22
256,9178,22,159
12934,256,159,12741
22,12934,12741,195
159,22,195,3967
12741,159,3967,8
195,12741,8,11
3967,195,11,14
8,3967,14,6
11,8,6,2346
14,11,2346,8
6,14,8,42
2346,6,42,5
8,2346,5,22
42,8,22,471
5,42,471,77
22,5,77,18
471,22,18,7683
77,471,7683,4
18,77,4,2254
7683,18,2254,486
4,7683,486,22
2254,4,22,1305
486,2254,1305,50
22,486,50,3265
1305,22,3265,2
50,1305,2,1955
3265,50,1955,12
2,3265,12,89
1955,2,89,738
12,1955,738,1409
89,12,1409,303
738,89,303,6
1409,738,6,286
303,1409,286,4
6,303,4,11
286,6,11,2440
4,286,2440,22
11,4,22,733
2440,11,733,1784
22,2440,1784,98766
733,22,98766,37551
1784,733,37551,72621
98766,1784,72621,1047
37551,98766,1047,1650
72621,37551,1650,3
1047,72621,3,130
1650,1047,130,6220
3,1650,6220,28
130,3,28,37551
6220,130,37551,84
28,6220,84,2
37551,28,2,372
84,37551,372,7
2,84,7,7
372,2,7,116
7,372,116,51
7,7,51,14
116,7,14,110
51,116,110,3
14,51,3,154
110,14,154,75
3,110,75,8
154,3,8,2619
75,154,2619,7
8,75,7,5264
2619,8,5264,89
7,2619,89,3
5264,7,3,155
89,5264,155,234
3,89,234,422
155,3,422,4
234,155,4,762
422,234,762,4
4,422,4,2434
762,4,2434,11
4,762,11,58089
2434,4,58089,163
11,2434,163,409
58089,11,409,1268
163,58089,1268,1319
409,163,1319,7133
1268,409,7133,38
1319,1268,38,559
7133,1319,559,8
38,7133,8,1308
559,38,1308,615
8,559,615,9
1308,8,9,4650
615,1308,4650,3872
9,615,3872,1305
4650,9,1305,3
3872,4650,3,1385
1305,3872,1385,4
3,1305,4,1130
1385,3,1130,1431
4,1385,1431,8
1130,4,8,469
1431,1130,469,2
8,1431,2,2808
469,8,2808,173
2,469,173,1865
2808,2,1865,1674
173,2808,1674,24
1865,173,24,4650
1674,1865,4650,1204
24,1674,1204,1305
4650,24,1305,8
1204,4650,8,23
1305,1204,23,275
8,1305,275,776
23,8,776,43
275,23,43,925
776,275,925,210
43,776,210,87
925,43,87,5
210,925,5,22
87,210,22,297
5,87,297,11519
22,5,11519,28
297,22,28,11
11519,297,11,2759
28,11519,2759,2
11,28,2,2784
2759,11,2784,5
2,2759,5,416
2784,2,416,4
5,2784,4,277
416,5,277,412
4,416,412,8
277,4,8,2556
412,277,2556,439
8,412,439,995
2556,8,995,3
439,2556,3,4650
995,439,4650,29
3,995,29,21607
4650,3,21607,559
29,4650,559,4219
21607,29,4219,7133
559,21607,7133,214
4219,559,214,6
7133,4219,6,818
214,7133,818,215
6,214,215,158
818,6,158,28
215,818,28,4
158,215,4,4672
28,158,4672,1882
4,28,1882,646
4672,4,646,79
1882,4672,79,10564
646,1882,10564,943
79,646,943,81175
10564,79,81175,159
943,10564,159,6074
81175,943,6074,1784
159,81175,1784,3456
6074,159,3456,8
1784,6074,8,42
3456,1784,42,12741
8,3456,12741,1535
42,8,1535,7712
12741,42,7712,44
1535,12741,44,5
7712,1535,5,559
44,7712,559,46
5,44,46,241
559,5,241,362
46,559,362,8
241,46,8,39
362,241,39,9788
8,362,9788,4
39,8,4,3989
9788,39,3989,13
4,9788,13,3
3989,4,3,17
13,3989,17,1714
3,13,1714,3
17,3,3,1305
1714,17,1305,170
3,1714,170,38
1305,3,38,50
170,1305,50,12296
38,170,12296,12
50,38,12,38
12296,50,38,51772
12,12296,51772,1404
38,12,1404,14
51772,38,14,260
1404,51772,260,6
14,1404,6,2256
260,14,2256,11
6,260,11,14
2256,6,14,7218
11,2256,7218,3767
14,11,3767,6
7218,14,6,11984
3767,7218,11984,15
6,3767,15,6557
11984,6,6557,4623
15,11984,4623,4
6557,15,4,9664
4623,6557,9664,2789
4,4623,2789,11
9664,4,11,1214
2789,9664,1214,630
11,2789,630,3
1214,11,3,1949
630,1214,1949,28
3,630,28,98176
1949,3,98176,7817
28,1949,7817,4
98176,28,4,158
7817,98176,158,15
4,7817,15,1543
158,4,1543,1617
15,158,1617,2549
1543,15,2549,3109
1617,1543,3109,710
2549,1617,710,31
3109,2549,31,2849
710,3109,2849,4650
31,710,4650,75
2849,31,75,22
4650,2849,22,95437
75,4650,95437,14
22,75,14,317
95437,22,317,3
14,95437,3,23
317,14,23,275
3,317,275,776
23,3,776,382
275,23,382,1880
776,275,1880,211
382,776,211,42
1880,382,42,2206
211,1880,2206,3
42,211,3,2
2206,42,2,2
3,2206,2,2693
2,3,2693,1086
2,2,1086,75
2693,2,75,10513
1086,2693,10513,370
75,1086,370,9
10513,75,9,557
370,10513,557,1610
9,370,1610,44
557,9,44,4650
1610,557,4650,14
44,1610,14,243
4650,44,243,6
14,4650,6,2
243,14,2,5345
6,243,5345,27466
2,6,27466,4
5345,2,4,274
27466,5345,274,53
4,27466,53,9
274,4,9,88
53,274,88,5
9,53,5,22
88,9,22,128
5,88,128,66
22,5,66,6
128,22,6,11984
66,128,11984,7817
6,66,7817,23496
11984,6,23496,13
7817,11984,13,47
23496,7817,47,908
13,23496,908,465
47,13,465,5
908,47,5,6798
465,908,6798,15
5,465,15,4035
6798,5,4035,36
15,6798,36,80
4035,15,80,1279
36,4035,1279,81
80,36,81,56
1279,80,56,29
81,1279,29,7817
56,81,7817,28
29,56,28,53
7817,29,53,7
28,7817,7,64
53,28,64,416
7,53,416,3
64,7,3,144
416,64,144,95
3,416,95,366
144,3,366,24693
95,144,24693,703
366,95,703,163
24693,366,163,89
703,24693,89,3
163,703,3,96
89,163,96,339
3,89,339,8
96,3,8,50
339,96,50,307
8,339,307,86356
50,8,86356,2166
307,50,2166,7996
86356,307,7996,10768
2166,86356,10768,122
7996,2166,122,3341
10768,7996,3341,999
122,10768,999,4650
3341,122,4650,322
999,3341,322,9867
4650,999,9867,2551
322,4650,2551,351
9867,322,351,23
2551,9867,23,42
351,2551,42,173
23,351,173,122
42,23,122,7301
173,42,7301,13
122,173,13,47
7301,122,47,908
13,7301,908,5
47,13,5,90
908,47,90,148
5,908,148,7817
90,5,7817,28
148,90,28,11
7817,148,11,14
28,7817,14,4
11,28,4,528
14,11,528,5
4,14,5,42
528,4,42,15
5,528,15,64
42,5,64,1204
15,42,1204,2298
64,15,2298,31
1204,64,31,77
2298,1204,77,319
31,2298,319,22
77,31,22,2212
319,77,2212,16549
22,319,16549,7
2212,22,7,325
16549,2212,325,262
7,16549,262,11
325,7,11,77
262,325,77,25
11,262,25,7817
77,11,7817,28
25,77,28,4
7817,25,4,7
28,7817,7,1036
4,28,1036,89
7,4,89,9
1036,7,9,74836
89,1036,74836,702
9,89,702,9691
74836,9,9691,24462
702,74836,24462,653
9691,702,653,171
24462,9691,171,2400
653,24462,2400,864
171,653,864,23
2400,171,23,4798
864,2400,4798,1107
23,864,1107,8
4798,23,8,22
1107,4798,22,3071
8,1107,3071,121
22,8,121,21
3071,22,21,17
121,3071,17,34866
21,121,34866,9
17,21,9,536
34866,17,536,5
9,34866,5,496
536,9,496,11
5,536,11,84
496,5,84,322
11,496,322,53
84,11,53,7
322,84,7,6205
53,322,6205,434
7,53,434,24462
6205,7,24462,1235
434,6205,1235,3
24462,434,3,496
1235,24462,496,89
3,1235,89,15
496,3,15,2
89,496,2,3422
15,89,3422,2592
2,15,2592,118
3422,2,118,3994
2592,3422,3994,261
118,2592,261,549
3994,118,549,9
261,3994,9,42
549,261,42,44
9,549,44,29
42,9,29,532
44,42,532,11
29,44,11,14
532,29,14,533
11,532,533,7005
14,11,7005,24462
533,14,24462,28
7005,533,28,8
24462,7005,8,6327
28,24462,6327,121
8,28,121,18
6327,8,18,448
121,6327,448,4011
18,121,4011,2729
448,18,2729,9
4011,448,9,118
2729,4011,118,27291
9,2729,27291,9
118,9,9,42
27291,118,42,44
9,27291,44,7
42,9,7,44
44,42,44,5
7,44,5,57203
44,7,57203,839
5,44,839,1554
57203,5,1554,8846
839,57203,8846,6444
1554,839,6444,76852
8846,1554,76852,28
6444,8846,28,8
76852,6444,8,4650
28,76852,4650,297
8,28,297,1671
4650,8,1671,839
297,4650,839,22
1671,297,22,1204
839,1671,1204,1305
22,839,1305,4
1204,22,4,1431
1305,1204,1431,6
4,1305,6,1319
1431,4,1319,4
6,1431,4,11
1319,6,11,327
4,1319,327,17
11,4,17,92865
327,11,92865,115
17,327,115,21
92865,17,21,72
115,92865,72,1400
21,115,1400,351
72,21,351,79
1400,72,79,2388
351,1400,2388,9864
79,351,9864,11
2388,79,11,28
9864,2388,28,4
11,9864,4,140
28,11,140,766
4,28,766,2
140,4,2,286
766,140,286,412
2,766,412,68794
286,2,68794,159
412,286,159,379
68794,412,379,2947
159,68794,2947,11281
379,159,11281,8
2947,379,8,7
11281,2947,7,77
8,11281,77,346
7,8,346,42
77,7,42,5
346,77,5,130
42,346,130,80785
5,42,80785,804
130,5,804,14617
80785,130,14617,4650
804,80785,4650,829
14617,804,829,22
4650,14617,22,11984
829,4650,11984,9
22,829,9,99
11984,22,99,60
2401,2112,5695,1829
1341,2401,1829,175
5695,1341,175,32
1829,5695,32,479
175,1829,479,812
32,175,812,4
479,32,4,200
812,479,200,7441
4,812,7441,1717
200,4,1717,109
7441,200,109,1752
1717,7441,1752,3242
109,1717,3242,30
1752,109,30,18
3242,1752,18,1238
30,3242,1238,2513
18,30,2513,6
1238,18,6,264
2513,1238,264,153
6,2513,153,37
264,6,37,2
153,264,2,5069
37,153,5069,8
2,37,8,4696
5069,2,4696,175
8,5069,175,3950
4696,8,3950,32
175,4696,32,4
3950,175,4,4591
32,3950,4591,1018
4,32,1018,142
4591,4,142,6
1018,4591,6,75
142,1018,75,3950
6,142,3950,459
75,6,459,594
3950,75,594,37
459,3950,37,595
594,459,595,844
37,594,844,5
595,37,5,385
844,595,385,175
5,844,175,1018
385,5,1018,1199
175,385,1199,4599
1018,175,4599,32
1199,1018,32,479
4599,1199,479,4
32,4599,4,35
479,32,35,216
4,479,216,137
35,4,137,164
216,35,164,164
137,216,164,164
164,137,164,4
164,164,4,164
164,164,164,5069
4,164,5069,1292
164,4,1292,2989
5069,164,2989,6
1292,5069,6,1018
2989,1292,1018,118
6,2989,118,163
1018,6,163,3
118,1018,3,2645
163,118,2645,2
3,163,2,2401
2645,3,2401,7638
2,2645,7638,56
2401,2,56,6
7638,2401,6,13429
56,7638,13429,829
6,56,829,90
13429,6,90,14255
829,13429,14255,919
90,829,919,175
14255,90,175,491
919,14255,491,4599
175,919,4599,32
491,175,32,479
4599,491,479,4
32,4599,4,35
479,32,35,216
4,479,216,6813
35,4,6813,270
216,35,270,781
6813,216,781,3969
270,6813,3969,364
781,270,364,8
3969,781,8,2401
364,3969,2401,54
8,364,54,1652
2401,8,1652,9
54,2401,9,99
1652,54,99,60
9,1652,60,4757
99,9,4757,554
60,99,554,2770
4757,60,2770,175
554,4757,175,32
2770,554,32,479
175,2770,479,1018
32,175,1018,1199
479,32,1199,4599
1018,479,4599,3621
1199,1018,3621,4
4599,1199,4,32
3621,4599,32,347
4,3621,347,432
32,4,432,402
347,32,402,5745
432,347,5745,2401
402,432,2401,483
5745,402,483,15
2401,5745,15,2
483,2401,2,2287
15,483,2287,1753
2,15,1753,12
2287,2,12,4599
1753,2287,4599,54
12,1753,54,14
4599,12,14,392
54,4599,392,6
14,54,6,860
392,14,860,2296
6,392,2296,75
860,6,75,18084
2296,860,18084,1508
75,2296,1508,3611
18084,75,3611,24
1508,18084,24,22
3611,1508,22,423
24,3611,423,2
22,24,2,143
423,22,143,35
2,423,35,288
143,2,288,6496
35,143,6496,3
288,35,3,1837
6496,288,1837,5970
3,6496,5970,2
1837,3,2,423
5970,1837,423,3
2,5970,3,54
423,2,54,11
3,423,11,14
54,3,14,3044
11,54,3044,19
14,11,19,269
3044,14,269,32
19,3044,32,6
269,19,6,860
32,269,860,3878
6,32,3878,3621
860,6,3621,14
3878,860,14,3293
3621,3878,3293,19
14,3621,19,18084
3293,14,18084,14445
19,3293,14445,371
18084,19,371,1508
14445,18084,1508,522
371,14445,522,2
1508,371,2,16850
522,1508,16850,5
