440,135,11,14
29,440,14,445
11,29,445,2154
14,11,2154,2
445,14,2,2
2154,445,2,97
2,2154,97,71600
2,2,71600,521
97,2,521,843
71600,97,843,4
521,71600,4,159
843,521,159,4
4,843,4,3158
159,4,3158,1600
4,159,1600,2385
3158,4,2385,59
1600,3158,59,10
2385,1600,10,14
59,2385,14,490
10,59,490,9
14,10,9,1842
490,14,1842,374
9,490,374,3
1842,9,3,93
374,1842,93,38
3,374,38,58484
93,3,58484,1656
38,93,1656,5
58484,38,5,39
1656,58484,39,249
5,1656,249,60
39,5,60,336
249,39,336,14530
60,249,14530,24
336,60,24,4
14530,336,4,5127
24,14530,5127,352
4,24,352,5
5127,4,5,1026
352,5127,1026,8
5,352,8,1513
1026,5,1513,41486
8,1026,41486,14
1513,8,14,4952
41486,1513,4952,631
14,41486,631,3
4952,14,3,89
631,4952,89,37
3,631,37,1972
89,3,1972,1160
37,89,1160,5
1972,37,5,104
1160,1972,104,440
5,1160,440,1656
104,5,1656,28
440,104,28,33
1656,440,33,116
28,1656,116,11
33,28,11,14
116,33,14,2
11,116,2,534
14,11,534,272
2,14,272,6
534,2,6,22
272,534,22,794
6,272,794,1780
22,6,1780,24
794,22,24,413
1780,794,413,31
24,1780,31,7
413,24,7,21
31,413,21,14
7,31,14,3
21,7,3,18
14,21,18,220
3,14,220,4172
18,3,4172,9413
220,18,9413,11
4172,220,11,7
9413,4172,7,84
11,9413,84,164
7,11,164,23
84,7,23,117
164,84,117,5
23,164,5,2
117,23,2,8522
5,117,8522,220
2,5,220,63
8522,2,63,4
220,8522,4,1685
63,220,1685,89
4,63,89,4
1685,4,4,51
89,1685,51,97
4,89,97,13
51,4,13,247
97,51,247,14
13,97,14,2
247,13,2,4952
14,247,4952,509
2,14,509,9
4952,2,9,39053
509,4952,39053,27
9,509,27,573
39053,9,573,652
27,39053,652,20
573,27,20,153
652,573,153,615
20,652,615,3
153,20,3,96
615,153,96,7054
3,615,7054,6
96,3,6,2
7054,96,2,818
6,7054,818,8
2,6,8,13
818,2,13,47
8,818,47,831
13,8,831,9
47,13,9,70028
831,47,70028,7
9,831,7,13440
70028,9,13440,2880
7,70028,2880,27
13440,7,27,403
2880,13440,403,3
27,2880,3,107
403,27,107,4
3,403,4,390
107,3,390,29805
4,107,29805,26160
390,4,26160,383
29805,390,383,8
26160,29805,8,264
383,26160,264,199
8,383,199,53
264,8,53,18
199,264,18,1407
53,199,1407,2
18,53,2,2943
1407,18,2943,345
2,1407,345,9
2943,2,9,78
345,2943,78,32
9,345,32,29
78,9,29,27
32,78,27,118
29,32,118,41
27,29,41,2660
118,27,2660,6
41,118,6,1742
2660,41,1742,77
6,2660,77,248
1742,6,248,5856
77,1742,5856,906
248,77,906,56364
5856,248,56364,3
906,5856,3,45
56364,906,45,6
3,56364,6,8
45,3,8,35
6,45,35,286
8,6,286,10
35,8,10,245
286,35,245,1735
10,286,1735,3
245,10,3,137
1735,245,137,1805
3,1735,1805,3
137,3,3,1358
1805,137,1358,1306
3,1805,1306,53
1358,3,53,87
1306,1358,87,6
53,1306,6,76
87,53,76,107
6,87,107,1358
76,6,1358,77
107,76,77,248
1358,107,248,27
77,1358,27,484
248,77,484,56
27,248,56,338
484,27,338,222
56,484,222,29
338,56,29,11
222,338,11,1671
29,222,1671,89
11,29,89,15
1671,11,15,25
89,1671,25,90
15,89,90,5
25,15,5,95
90,25,95,531
5,90,531,904
95,5,904,114
531,95,114,31
904,531,31,16
114,904,16,1170
31,114,1170,3
16,31,3,89
1170,16,89,817
3,1170,817,53
89,3,53,11
817,89,11,28
53,817,28,25
11,53,25,10
28,11,10,34
25,28,34,17
10,25,17,4952
34,10,4952,3
17,34,3,137
4952,17,137,62
3,4952,62,11
137,3,11,671
62,137,671,8
11,62,8,20
671,11,20,153
515,141,854,5
770,515,5,852
854,770,852,13336
5,854,13336,814
852,5,814,763
13336,852,763,6303
814,13336,6303,2252
763,814,2252,37
6303,763,37,3986
2252,6303,3986,605
37,2252,605,1713
3986,37,1713,156
605,3986,156,2
1713,605,2,400
156,1713,400,198
2,156,198,563
400,2,563,36
198,400,36,21
563,198,21,2204
36,563,2204,8695
21,36,8695,2
2204,21,2,402
8695,2204,402,333
2,8695,333,31982
402,2,31982,92391
333,402,92391,6465
31982,333,6465,129
92391,31982,129,5
6465,92391,5,263
129,6465,263,178
5,129,178,8
263,5,8,26
178,263,26,55
8,178,55,443
26,8,443,2443
55,26,2443,36
443,55,36,1577
2443,443,1577,38
36,2443,38,854
1577,36,854,5
38,1577,5,852
854,38,852,86
5,854,86,19
852,5,19,3992
86,852,3992,141
19,86,141,2
3992,19,2,264
141,3992,264,1186
2,141,1186,1328
264,2,1328,56
1186,264,56,19
1328,1186,19,22878
56,1328,22878,456
19,56,456,9
22878,19,9,18650
456,22878,18650,3904
9,456,3904,277
18650,9,277,5531
3904,18650,5531,3788
277,3904,3788,411
5531,277,411,588
3788,5531,588,15
411,3788,15,20
588,411,20,173
15,588,173,5
20,15,5,384
173,20,384,2224
5,173,2224,12
384,5,12,38
2224,384,38,288
12,2224,288,5096
38,12,5096,755
288,38,755,44
5096,288,44,901
755,5096,901,38
44,755,38,554
901,44,554,743
38,901,743,41
554,38,41,26
743,554,26,178
41,743,178,26
26,41,26,147
178,26,147,3
26,178,3,972
147,26,972,141
3,147,141,3
972,3,3,247
141,972,247,15568
3,141,15568,9
247,3,9,482
15568,247,482,129
9,15568,129,5
482,9,5,411
129,482,411,15
5,129,15,762
411,5,762,935
15,411,935,488
762,15,488,20
935,762,20,107
488,935,107,43
20,488,43,331
107,20,331,3
43,107,3,1166
331,43,1166,2109
3,331,2109,79
1166,3,79,263
2109,1166,263,8935
79,2109,8935,158
263,79,158,763
8935,263,763,6303
158,8935,6303,2252
763,158,2252,37
6303,763,37,3986
2252,6303,3986,605
37,2252,605,1713
3986,37,1713,156
605,3986,156,2
1713,605,2,400
156,1713,400,198
2,156,198,563
400,2,563,36
198,400,36,21
563,198,21,2204
36,563,2204,8695
21,36,8695,2
2204,21,2,402
8695,2204,402,456
2,8695,456,437
402,2,437,23601
456,402,23601,90472
437,456,90472,134
23601,437,134,41419
90472,23601,41419,1186
134,90472,1186,14
41419,134,14,1535
1186,41419,1535,19
14,1186,19,520
1535,14,520,407
19,1535,407,15
520,19,15,45
407,520,45,24
15,407,24,818
45,15,818,20
24,45,20,7
818,24,7,4
20,818,4,5531
7,20,5531,3788
4,7,3788,2
5531,4,2,553
3788,5531,553,2252
2,3788,2252,455
553,2,455,2260
2252,553,2260,515
455,2252,515,4
2260,455,4,38
515,2260,38,3097
4,515,3097,3
38,4,3,1262
3097,38,1262,6
3,3097,6,20
1262,3,20,428
6,1262,428,55
20,6,55,17
428,20,17,2383
55,428,2383,102
17,55,102,1753
2383,17,1753,5
102,2383,5,2
1753,102,2,9444
5,1753,9444,877
2,5,877,6
9444,2,6,280
877,9444,280,935
6,877,935,5
280,6,5,684
935,280,684,1574
5,935,1574,35
684,5,35,932
1574,684,932,935
35,1574,935,5
932,35,5,263
935,932,263,13
5,935,13,3892
263,5,3892,19
13,263,19,129
3892,13,129,171
19,3892,171,268
129,19,268,128
171,129,128,66
268,171,66,2
128,268,2,433
66,128,433,877
2,66,877,170
433,2,170,462
877,433,462,727
170,877,727,5
462,170,5,263
727,462,263,3006
5,727,3006,2260
263,5,2260,515
3006,263,515,755
2260,3006,755,277
515,2260,277,8
755,515,8,400
277,755,400,45
8,277,45,18
400,8,18,2
45,400,2,131
18,45,131,6305
2,18,6305,2252
131,2,2252,455
6305,131,455,1193
2252,6305,1193,729
455,2252,729,5
1193,455,5,2260
729,1193,2260,515
5,729,515,122
2260,5,122,86
515,2260,86,129
122,515,129,5
86,122,5,411
129,86,411,178
5,129,178,8
411,5,8,10
178,411,10,115
8,178,115,41
10,8,41,685
115,10,685,65
41,115,65,2085
685,41,2085,129
65,685,129,5
2085,65,5,411
129,2085,411,178
5,129,178,2260
411,5,2260,515
178,411,515,7
2260,178,7,41
515,2260,41,6786
7,515,6786,65
41,7,65,4786
6786,41,4786,4
65,6786,4,129
4786,65,129,16
4,4786,16,5430
129,4,5430,3
16,129,3,113
5430,16,113,8
3,5430,8,10
113,3,10,611
8,113,611,161
10,8,161,685
611,10,685,4
161,611,4,2085
685,161,2085,2748
4,685,2748,798
2085,4,798,277
2748,2085,277,10
798,2748,10,831
277,798,831,3
10,277,3,3612
831,10,3612,104
3,831,104,2616
3612,3,2616,551
104,3612,551,8
2616,104,8,37
551,2616,37,129
8,551,129,5
37,8,5,4055
129,37,4055,684
5,129,684,5
4055,5,5,204
684,4055,204,3006
5,684,3006,6628
204,5,6628,515
3006,204,515,263
6628,3006,263,158
515,6628,158,495
263,515,495,2
158,263,2,7552
495,158,7552,5
2,495,5,3153
7552,2,3153,5
5,7552,5,105949
3153,5,105949,1013
5,3153,1013,3
105949,5,3,1011
1013,105949,1011,1186
3,1013,1186,284
1011,3,284,217
1186,1011,217,5
284,1186,5,45
217,284,45,31
5,217,31,1003
45,5,1003,1507
31,45,1507,5
1003,31,5,6628
1507,1003,6628,515
5,1507,515,3892
6628,5,3892,83
515,6628,83,24
3892,515,24,129
83,3892,129,6
24,83,6,301
129,24,301,4759
6,129,4759,5
301,6,5,95
4759,301,95,31
5,4759,31,50
95,5,50,3825
31,95,3825,2218
50,31,2218,443
3825,50,443,61
2218,3825,61,24
443,2218,24,129
61,443,129,29
24,61,29,263
129,24,263,50
29,129,50,80
263,29,80,41
50,263,41,7672
80,50,7672,5
41,80,5,2260
7672,41,2260,515
5,7672,515,6
2260,5,6,109
515,2260,109,129
6,515,129,50
109,6,50,1463
129,109,1463,8
50,129,8,10
1463,50,10,855
8,1463,855,161
10,8,161,685
855,10,685,4
161,855,4,2085
685,161,2085,129
4,685,129,1232
2085,4,1232,10
129,2085,10,4
1232,129,4,86
10,1232,86,129
4,10,129,768
86,4,768,10
129,86,10,74
768,129,74,3615
10,768,3615,66
74,10,66,286
3615,74,286,2252
66,3615,2252,160
286,66,160,3012
2252,286,3012,6
160,2252,6,217
3012,160,217,31
6,3012,31,1232
217,6,1232,6628
31,217,6628,515
1232,31,515,1658
6628,1232,1658,3
515,6628,3,2
1658,515,2,1804
3,1658,1804,762
2,3,762,5
1804,2,5,129
762,1804,129,122
5,762,122,95
129,5,95,2594
122,129,2594,10
95,122,10,443
2594,95,443,3
10,2594,3,129
443,10,129,129
3,443,129,2036
129,3,2036,3825
129,129,3825,184
2036,129,184,3
3825,2036,3,22878
184,3825,22878,860
3,184,860,1181
22878,3,1181,37
860,22878,37,169
1181,860,169,45
37,1181,45,16
169,37,16,1262
45,169,1262,6
16,45,6,204
1262,16,204,2260
6,1262,2260,1147
204,6,1147,535
2260,204,535,36
1147,2260,36,129
535,1147,129,5
36,535,5,4694
129,36,4694,1980
5,129,1980,684
4694,5,684,5
1980,4694,5,104
684,1980,104,169
5,684,169,45
104,5,45,129
169,104,129,16
45,169,16,1139
129,45,1139,3602
16,129,3602,24
1139,16,24,158
3602,1139,158,4727
24,3602,4727,122
158,24,122,1841
4727,158,1841,495
122,4727,495,2
1841,122,2,2840
495,1841,2840,5
2,495,5,38
2840,2,38,5339
5,2840,5339,203
38,5,203,1485
5339,38,1485,36
203,5339,36,18
1485,203,18,1385
36,1485,1385,14057
18,36,14057,3100
99,9,557,48
60,99,48,5
557,60,5,426
48,557,426,16
5,48,16,4170
426,5,4170,3
16,426,3,76
4170,16,76,446
3,4170,446,5
76,3,5,44738
446,76,44738,4
5,446,4,14509
44738,5,14509,11101
4,44738,11101,61
14509,4,61,172
11101,14509,172,5
61,11101,5,15850
172,61,15850,2841
5,172,2841,6
15850,5,6,890
2841,15850,890,473
6,2841,473,1986
890,6,1986,109
473,890,109,700
1986,473,700,1831
109,1986,1831,1142
700,109,1142,13
1831,700,13,3679
1142,1831,3679,459
13,1142,459,10
3679,13,10,2627
459,3679,2627,5
10,459,5,446
2627,10,446,450
5,2627,450,4465
446,5,4465,1276
450,446,1276,2294
4465,450,2294,55
1276,4465,55,1097
2294,1276,1097,6
55,2294,6,122
1097,55,122,165
6,1097,165,4482
122,6,4482,1130
165,122,1130,754
4482,165,754,160
1130,4482,160,805
754,1130,805,5
160,754,5,890
805,160,890,754
5,805,754,2327
890,5,2327,1637
754,890,1637,9
2327,754,9,500
1637,2327,500,39852
9,1637,39852,24
500,9,24,426
39852,500,426,16
24,39852,16,303
426,24,303,3
16,426,3,966
303,16,966,6
3,303,6,890
966,3,890,9
6,966,9,103
890,6,103,153
9,890,153,1096
103,9,1096,1986
153,103,1986,3
1096,153,3,6879
1986,1096,6879,61
3,1986,61,2
6879,3,2,39
61,6879,39,1804
2,61,1804,3570
39,2,3570,3
1804,39,3,1194
3570,1804,1194,450
3,3570,450,2020
1194,3,2020,2
450,1194,2,1285
2020,450,1285,68012
2,2020,68012,997
1285,2,997,1603
68012,1285,1603,12313
997,68012,12313,3836
1603,997,3836,8
12313,1603,8,18
3836,12313,18,106704
8,3836,106704,99
18,8,99,60
106704,18,60,557
99,106704,557,48
60,99,48,426
557,60,426,16
48,557,16,4170
426,48,4170,3
16,426,3,76
4170,16,76,446
3,4170,446,5
76,3,5,297
446,76,297,9954
5,446,9954,2
297,5,2,3370
9954,297,3370,1159
2,9954,1159,175
3370,2,175,2178
1159,3370,2178,4
175,1159,4,2392
2178,175,2392,426
4,2178,426,3
2392,4,3,93
426,2392,93,53
3,426,53,301
93,3,301,3777
53,93,3777,17189
301,53,17189,1169
3777,301,1169,809
17189,3777,809,12
1169,17189,12,4465
809,1169,4465,1276
12,809,1276,2294
4465,12,2294,1937
1276,4465,1937,6
2294,1276,6,2
1937,2294,2,6006
6,1937,6006,2196
2,6,2196,95
6006,2,95,809
2196,6006,809,18
95,2196,18,47
809,95,47,1603
18,809,1603,19
47,18,19,4
1603,47,4,1506
19,1603,1506,934
4,19,934,426
1506,4,426,18
934,1506,18,2222
426,934,2222,3
18,426,3,514
2222,18,514,450
3,2222,450,2020
514,3,2020,3
450,514,3,64
2020,450,64,41
3,2020,41,65
64,3,65,1304
41,64,1304,832
65,41,832,1304
1304,65,1304,2096
832,1304,2096,19
1304,832,19,332
2096,1304,332,133
19,2096,133,34
332,19,34,1024
133,332,1024,10
34,133,10,83
1024,34,83,2757
10,1024,2757,4
83,10,4,62
2757,83,62,136
4,2757,136,10
62,4,10,55
136,62,55,1000
10,136,1000,3
55,10,3,10834
1000,55,10834,2294
3,1000,2294,82
10834,3,82,168
2294,10834,168,642
82,2294,642,36
168,82,36,2
642,168,2,3039
36,642,3039,6
2,36,6,983
3039,2,983,497
6,3039,497,5
983,6,5,2294
497,983,2294,82
5,497,82,8
2294,5,8,5484
82,2294,5484,40
8,82,40,243
5484,8,243,108
40,5484,108,12
243,40,12,88525
108,243,88525,1559
12,108,1559,18
88525,12,18,2872
1559,88525,2872,5
18,1559,5,4
2872,18,4,6
5,2872,6,76
4,5,76,187
6,4,187,26
76,6,26,929
187,76,929,99
26,187,99,664
929,26,664,6
99,929,6,2
664,99,2,428
6,664,428,8
2,6,8,40
428,2,40,345
8,428,345,3
40,8,3,11021
345,40,11021,937
3,345,937,4
11021,3,4,15150
937,11021,15150,5
4,937,5,104
15150,4,104,315
5,15150,315,375
104,5,375,10164
315,104,10164,5352
375,315,5352,5
10164,375,5,4465
5352,10164,4465,7037
5,5352,7037,3245
4465,5,3245,2276
7037,4465,2276,6432
3245,7037,6432,24
2276,3245,24,3790
6432,2276,3790,3719
24,6432,3719,2131
3790,24,2131,16
3719,3790,16,8512
2131,3719,8512,23
16,2131,23,2
8512,16,2,446
23,8512,446,8
2,23,8,514
446,2,514,2020
8,446,2020,3
514,8,3,1304
2020,514,1304,28034
3,2020,28034,51
1304,3,51,25
28034,1304,25,1559
51,28034,1559,234
25,51,234,78259
1559,25,78259,65
234,1559,65,426
78259,234,426,18
65,78259,18,4141
426,65,4141,1368
18,426,1368,2998
4141,18,2998,1024
1368,4141,1024,1559
2998,1368,1559,3876
1024,2998,3876,184
1559,1024,184,3
3876,1559,3,34325
184,3876,34325,64911
3,184,64911,526
34325,3,526,269
64911,34325,269,5
526,64911,5,143
269,526,143,226
5,269,226,2701
143,5,2701,440
226,143,440,12
2701,226,12,754
440,2701,754,160
12,440,160,104
754,12,104,426
160,754,426,929
104,160,929,37
426,104,37,129
929,426,129,5
37,929,5,450
129,37,450,2294
5,129,2294,1559
450,5,1559,7993
2294,450,7993,6
1559,2294,6,3043
7993,1559,3043,332
6,7993,332,133
3043,6,133,303
332,3043,303,10
133,332,10,83
303,133,83,9901
10,303,9901,102
83,10,102,54
9901,83,54,10
102,9901,10,8618
54,102,8618,1418
10,54,1418,4
8618,10,4,76
1418,8618,76,1559
4,1418,1559,16
76,4,16,5410
1559,76,5410,12
16,1559,12,2730
5410,16,2730,554
12,5410,554,69465
2730,12,69465,13
554,2730,13,1098
69465,554,1098,3
13,69465,3,762
1098,13,762,983
3,1098,983,6
762,3,6,10
983,762,10,5300
6,983,5300,2294
10,6,2294,25
5300,10,25,8
2294,5300,8,26
25,2294,26,628
8,25,628,231
26,8,231,8
628,26,8,364
231,628,364,2
8,231,2,1098
364,8,1098,3
2,364,3,443
1098,2,443,336
3,1098,336,5
443,3,5,3893
336,443,3893,2448
5,336,2448,19
3893,5,19,4981
2448,3893,4981,4
19,2448,4,342
4981,19,342,333
4,4981,333,3
342,4,3,129
333,342,129,19
3,333,19,143
129,3,143,35
19,129,35,13
143,19,13,1098
35,143,1098,3
13,35,3,642
1098,13,642,2276
3,1098,2276,2294
642,3,2294,3
2276,642,3,23
2294,2276,23,275
3,2294,275,3
23,3,3,129
275,23,129,1044
3,275,1044,446
129,3,446,19
1044,129,19,57
446,1044,57,156
19,446,156,2
57,19,2,5067
156,57,5067,4
2,156,4,7444
5067,2,7444,91
4,5067,91,402
7444,4,402,2
91,7444,2,2162
402,91,2162,5574
2,402,5574,2
2162,2,2,38
5574,2162,38,9901
2,5574,9901,4
38,2,4,514
9901,38,514,177
