41106,1951,163,8
2797,41106,8,326
163,2797,326,21943
8,163,21943,232
326,8,232,3
21943,326,3,237
232,21943,237,2127
3,232,2127,6
237,3,6,2033
2127,237,2033,2255
6,2127,2255,228
2033,6,228,12
2255,2033,12,232
228,2255,232,128
12,228,128,153
232,12,153,3
128,232,3,2349
153,128,2349,360
3,153,360,777
2349,3,777,12
360,2349,12,85
777,360,85,44
12,777,44,9
85,12,9,98
44,85,98,527
9,44,527,5
98,9,5,1230
527,98,1230,4
5,527,4,509
1230,5,509,413
4,1230,413,5
509,4,5,5100
413,509,5100,258
5,413,258,129
5100,5,129,214
258,5100,214,163
129,258,163,739
214,129,739,44
163,214,44,231
739,163,231,23900
44,739,23900,470
231,44,470,484
23900,231,484,643
470,23900,643,4421
484,470,4421,5984
643,484,5984,4
4421,643,4,2692
5984,4421,2692,23
4,5984,23,2
2692,4,2,7769
23,2692,7769,809
2,23,809,1573
7769,2,1573,26
809,7769,26,23355
1573,809,23355,15
26,1573,15,1727
23355,26,1727,59
15,23355,59,3131
1727,15,3131,24
59,1727,24,42
3131,59,42,232
24,3131,232,12569
42,24,12569,2692
232,42,2692,4875
12569,232,4875,83
2692,12569,83,2
4875,2692,2,1751
83,4875,1751,169
2,83,169,5
1751,2,5,751
169,1751,751,16
5,169,16,4927
751,5,4927,4
16,751,4,16980
4927,16,16980,9
4,4927,9,2
16980,4,2,1929
9,16980,1929,2552
2,9,2552,579
1929,2,579,85
2552,1929,85,284
579,2552,284,12
85,579,12,355
284,85,355,4323
12,284,4323,63
355,12,63,1987
4323,355,1987,9589
63,4323,9589,510
1987,63,510,2
9589,1987,2,44
510,9589,44,1487
2,510,1487,719
44,2,719,61
1487,44,61,3
719,1487,3,355
61,719,355,3413
3,61,3413,5403
355,3,5403,231
3413,355,231,133
5403,3413,133,3
231,5403,3,1166
133,231,1166,6
3,133,6,71902
1166,3,71902,171
6,1166,171,20
71902,6,20,1130
171,71902,1130,1088
20,171,1088,9
1130,20,9,67
1088,1130,67,226
12,886,109,19
355,12,19,10491
109,355,10491,109
19,109,109,300
10491,19,300,24
109,10491,24,679
300,109,679,709
24,300,709,1213
679,24,1213,7
709,679,7,303
1213,709,303,3
7,1213,3,17884
303,7,17884,2
3,303,2,4032
17884,3,4032,272
2,17884,272,9
4032,2,9,470
272,4032,470,177
9,272,177,6
470,9,6,7405
177,470,7405,676
6,177,676,2
7405,6,2,25817
676,7405,25817,618
2,676,618,212
25817,2,212,6
618,25817,6,5089
212,618,5089,916
6,212,916,2892
5089,6,2892,1035
916,5089,1035,1465
2892,916,1465,25508
1035,2892,25508,27025
1465,1035,27025,3
25508,1465,3,439
27025,25508,439,9
3,27025,9,167
439,3,167,12
9,439,12,176
167,9,176,4
12,167,4,57
176,12,57,11359
4,176,11359,26
57,4,26,28
11359,57,28,365
26,11359,365,236
28,26,236,171
365,28,171,676
236,365,676,6
171,236,6,29000
676,171,29000,389
6,676,389,6
29000,6,6,500
389,29000,500,109
6,389,109,7
500,6,7,5129
109,500,5129,3813
7,109,3813,4
5129,7,4,14
3813,5129,14,260
4,3813,260,5129
14,4,5129,9674
260,14,9674,23
5129,260,23,60
9674,5129,60,5
23,9674,5,1783
60,23,1783,11
5,60,11,1532
1783,5,1532,11
11,1783,11,7
1532,11,7,84
11,1532,84,1139
7,11,1139,9674
84,7,9674,6
1139,84,6,42
9674,1139,42,2313
6,9674,2313,2
42,6,2,2
2313,42,2,284
2,2313,284,5
2,2,5,118
284,2,118,4574
5,284,4574,3767
118,5,3767,19
4574,118,19,176
3767,4574,176,22
19,3767,22,347
176,19,347,139
22,176,139,2
347,22,2,304
139,347,304,5453
2,139,5453,3991
304,2,3991,4
5453,304,4,1826
3991,5453,1826,8
4,3991,8,371
1826,4,371,1822
8,1826,1822,14
371,8,14,2458
1822,371,2458,79
14,1822,79,21532
2458,14,21532,60
79,2458,60,425
21532,79,425,4075
60,21532,4075,2789
425,60,2789,639
4075,425,639,28
2789,4075,28,11
639,2789,11,13
28,639,13,86
11,28,86,1355
13,11,1355,2
86,13,2,799
1355,86,799,4287
2,1355,4287,11359
799,2,11359,75
4287,799,75,118
11359,4287,118,1214
75,11359,1214,3767
118,75,3767,11
1214,118,11,28
3767,1214,28,11
11,3767,11,13
28,11,13,47
11,28,47,908
13,11,908,5
47,13,5,1172
908,47,1172,1367
5,908,1367,59
1172,5,59,11
1367,1172,11,14
59,1367,14,196
11,59,196,1237
14,11,1237,3
196,14,3,83
1237,196,83,2
3,1237,2,3299
83,3,3299,951
2,83,951,18221
3299,2,18221,1021
951,3299,1021,4
18221,951,4,1532
1021,18221,1532,267
4,1021,267,5
1532,4,5,3288
267,1532,3288,50
5,267,50,2836
3288,5,2836,6
50,3288,6,2
2836,50,2,795
6,2836,795,44
2,6,44,6
795,2,6,1001
44,795,1001,6
6,44,6,878
1001,6,878,217
6,1001,217,5
878,6,5,5474
217,878,5474,6
5,217,6,709
5474,5,709,1213
6,5474,1213,1123
709,6,1123,20
1213,709,20,66
1123,1213,66,1528
20,1123,1528,133
66,20,133,54
1528,66,54,13
133,1528,13,2
54,133,2,684
13,54,684,5
2,13,5,557
684,2,557,169
5,684,169,45
557,5,45,12
169,557,12,1562
45,169,1562,3
12,45,3,4385
1562,12,4385,10
3,1562,10,3387
4385,3,3387,896
10,4385,896,709
3387,10,709,1213
896,3387,1213,7
709,896,7,42
1213,709,42,5
7,1213,5,108
42,7,108,88
5,42,88,11031
108,5,11031,15895
88,108,15895,654
11031,88,654,128
15895,11031,128,66
654,15895,66,19
128,654,19,399
66,128,399,101
19,66,101,4159
399,19,4159,12289
101,399,12289,277
4159,101,277,8
12289,4159,8,5
277,12289,5,95
8,277,95,1628
5,8,1628,2
95,5,2,1451
1628,95,1451,3387
2,1628,3387,6
1451,2,6,709
3387,1451,709,1213
6,3387,1213,76
709,6,76,1161
1213,709,1161,3315
76,1213,3315,50
1161,76,50,1465
3315,1161,1465,3
50,3315,3,439
1465,50,439,9
3,1465,9,3986
439,3,3986,1532
9,439,1532,512
3986,9,512,122
1532,3986,122,2458
512,1532,2458,4
122,512,4,163
2458,122,163,8037
4,2458,8037,50
163,4,50,677
8037,163,677,25508
50,8037,25508,1822
677,50,1822,6997
25508,677,6997,187
1822,25508,187,3958
6997,1822,3958,62
187,6997,62,709
3958,187,709,874
62,3958,874,16
709,62,16,48
874,709,48,196
16,874,196,1681
48,16,1681,3
196,48,3,1073
1681,196,1073,88
3,1681,88,2492
1073,3,2492,45
88,1073,45,3
2492,88,3,106933
45,2492,106933,11544
3,45,11544,28
106933,3,28,12168
11544,106933,12168,65481
28,11544,65481,5
12168,28,5,12289
65481,12168,12289,709
5,65481,709,1213
12289,5,1213,349
709,12289,349,767
1213,709,767,211
349,1213,211,1886
767,349,1886,327
211,767,327,956
1886,211,956,2892
327,1886,2892,3
956,327,3,307
2892,956,307,25508
3,2892,25508,525
307,3,525,15
25508,307,15,7193
525,25508,7193,4
15,525,4,57
7193,15,57,31
4,7193,31,50
57,4,50,1465
31,57,1465,3
50,31,3,439
1465,50,439,9
3,1465,9,4038
439,3,4038,4321
9,439,4321,349
4038,9,349,919
4321,4038,919,175
349,4321,175,709
919,349,709,1213
175,919,1213,4
709,175,4,1550
1213,709,1550,13
4,1213,13,247
1550,4,247,2397
13,1550,2397,6
247,13,6,268
2397,247,268,66
6,2397,66,2
268,6,2,45
66,268,45,6
2,66,6,652
45,2,652,18
6,45,18,6130
652,6,6130,102
18,652,102,91
6130,18,91,5
102,6130,5,439
91,102,439,2729
5,91,2729,211
439,5,211,102
2729,439,102,2735
211,2729,2735,676
102,211,676,68
2735,102,68,4696
676,2735,4696,409
68,676,409,311
4696,68,311,389
409,4696,389,6
311,409,6,1001
389,311,1001,8006
6,389,8006,68431
1001,6,68431,3598
8006,1001,3598,414
68431,8006,414,311
3598,68431,311,389
414,3598,389,4
311,414,4,464
389,311,464,1802
4,389,1802,3593
464,4,3593,28
1802,464,28,709
3593,1802,709,1213
28,3593,1213,2256
709,28,2256,4
1213,709,4,250
2256,1213,250,50
4,2256,50,1390
250,4,1390,9
50,250,9,1161
1390,50,1161,3315
9,1390,3315,5
1161,9,5,48
3315,1161,48,2988
5,3315,2988,3387
48,5,3387,5823
2988,48,5823,4
3387,2988,4,50
5823,3387,50,56
4,5823,56,5
50,4,5,664
56,50,664,15
5,56,15,798
664,5,798,5
15,664,5,108
798,15,108,6
5,798,6,709
108,5,709,1213
6,108,1213,120
709,6,120,45
1213,709,45,16
120,1213,16,3909
45,120,3909,1465
16,45,1465,3
3909,16,3,439
1465,3909,439,75
3,1465,75,6819
439,3,6819,3784
75,439,3784,1725
6819,75,1725,30
3784,6819,30,18
1725,3784,18,388
30,1725,388,2
18,30,2,2987
388,18,2987,956
2,388,956,6
2987,2,6,217
956,2987,217,5
6,956,5,3387
217,6,3387,6
5,217,6,268
3387,5,268,103
6,3387,103,66
268,6,66,54
103,268,54,13
66,103,13,1407
54,66,1407,64
13,54,64,527
1407,13,527,5
64,1407,5,23435
527,64,23435,6
5,527,6,11
23435,5,11,134
6,23435,134,679
11,6,679,6
134,11,6,878
679,134,878,20
6,679,20,1003
878,6,1003,1740
20,878,1740,8
1003,20,8,709
1740,1003,709,1213
8,1740,1213,874
709,8,874,16
1213,709,16,1136
874,1213,1136,56
16,874,56,5
1136,16,5,664
56,1136,664,15
5,56,15,2
664,5,2,450
15,664,450,1420
2,15,1420,5
450,2,5,35
1420,450,35,1249
5,1420,1249,351
35,5,351,24
1249,35,24,439
351,1249,439,2729
24,351,2729,709
439,24,709,1213
2729,439,1213,874
709,2729,874,327
1213,709,327,117
874,1213,117,38
327,874,38,6657
117,327,6657,12
38,117,12,20
6657,38,20,6242
12,6657,6242,18391
20,12,18391,4
6242,20,4,13017
18391,6242,13017,729
4,18391,729,5
13017,4,5,3073
729,13017,3073,1019
5,729,1019,371
3073,5,371,1822
1019,3073,1822,14
371,1019,14,1454
1822,371,1454,3845
14,1822,3845,6
1454,14,6,1360
3845,1454,1360,9
6,3845,9,470
1360,6,470,177
9,1360,177,6
470,9,6,676
177,470,676,6
6,177,6,22
676,6,22,308
6,676,308,879
22,6,879,5
308,22,5,41272
879,308,41272,1011
5,879,1011,66
41272,5,66,59
1011,41272,59,11
66,1011,11,14
59,66,14,66
11,59,66,547
14,11,547,599
66,14,599,798
547,66,798,5
599,547,5,460
798,599,460,164
5,798,164,10491
11209,2,27,92721
138,11209,92721,127
27,138,127,185
92721,27,185,695
127,92721,695,12
185,127,12,540
695,185,540,2424
12,695,2424,3
540,12,3,1962
2424,540,1962,4
3,2424,4,895
1962,3,895,11
4,1962,11,228
895,4,228,1309
11,895,1309,6
228,11,6,2
1309,228,2,8646
6,1309,8646,1272
2,6,1272,3
8646,2,3,7375
1272,8646,7375,22
3,1272,22,17083
7375,3,17083,69
22,7375,69,70691
17083,22,70691,38811
69,17083,38811,405
70691,69,405,78
38811,70691,78,32
405,38811,32,2
78,405,2,11
32,78,11,17421
2,32,17421,167
11,2,167,12
17421,11,12,622
167,17421,622,24
12,167,24,49
622,12,49,1043
24,622,1043,1453
49,24,1453,290
1043,49,290,3
1453,1043,3,444
290,1453,444,401
3,290,401,4
444,3,4,49
401,444,49,238
4,401,238,188
49,4,188,2279
238,49,2279,58
188,238,58,1982
2279,188,1982,330
58,2279,330,29
1982,58,29,146
330,1982,146,334
29,330,334,315
146,29,315,3
334,146,3,9955
315,334,9955,39
3,315,39,104520
9955,3,104520,11
39,9955,11,608
104520,39,608,330
11,104520,330,19
608,11,19,12889
330,608,12889,2
19,330,2,151
12889,19,151,5
2,12889,5,225
151,2,225,6
5,151,6,2
225,5,2,310
6,225,310,724
2,6,724,3
310,2,3,10086
724,310,10086,1532
3,724,1532,1069
10086,3,1069,1137
1532,10086,1137,19
1069,1532,19,200
1137,1069,200,32
19,1137,32,126
200,19,126,6596
32,200,6596,22
126,32,22,895
6596,126,895,6254
22,6596,6254,12
895,22,12,49
6254,895,49,432
12,6254,432,125
49,12,125,62599
432,49,62599,138
125,432,138,7
62599,125,7,116
138,62599,116,33
7,138,33,16
116,7,16,79
33,116,79,273
16,33,273,8090
79,16,8090,1904
273,79,1904,350
8090,273,350,142
1904,8090,142,32
350,1904,32,476
142,350,476,3
32,142,3,93
476,32,93,351
3,476,351,24
93,3,24,112
351,93,112,69
24,351,69,4
112,24,4,62
69,112,62,58
4,69,58,16
62,4,16,24227
58,62,24227,107708
16,58,107708,33
24227,16,33,18
107708,24227,18,485
33,107708,485,24
18,33,24,138
485,18,138,72
24,485,72,84
138,24,84,7
72,138,7,21
84,72,21,560
7,84,560,7
21,7,7,353
560,21,353,2752
7,560,2752,3
353,7,3,319
2752,353,319,254
3,2752,254,20
319,3,20,29
254,319,29,11
20,254,11,244
29,20,244,6
11,29,6,4
244,11,4,1099
6,244,1099,738
4,6,738,11
1099,4,11,11126
738,1099,11126,135
11,738,135,1158
11126,11,1158,583
135,11126,583,198
1158,135,198,6275
583,1158,6275,167
198,583,167,5
6275,198,5,49
167,6275,49,83
5,167,83,3200
49,5,3200,27
83,49,27,5
3200,83,5,118
27,3200,118,6
5,27,6,3147
118,5,3147,5
6,118,5,1726
3147,6,1726,657
5,3147,657,29
1726,5,29,1492
657,1726,1492,7365
29,657,7365,19
1492,29,19,3384
7365,1492,3384,6847
19,7365,6847,74
3384,19,74,49
6847,3384,49,433
74,6847,433,6
49,74,6,30362
433,49,30362,5200
6,433,5200,2212
30362,6,2212,5
5200,30362,5,3636
2212,5200,3636,49
5,2212,49,61
3636,5,61,4965
49,3636,4965,3645
61,49,3645,23
4965,61,23,22
3645,4965,22,1691
23,3645,1691,1991
22,23,1991,52
1691,22,52,7
1991,1691,7,192
52,1991,192,7
7,52,7,353
192,7,353,110
7,192,110,3
353,7,3,10288
110,353,10288,130
3,110,130,702
10288,3,702,257
130,10288,257,3
702,130,3,93
257,702,93,2
3,257,2,722
93,3,722,1554
2,93,1554,3
722,2,3,234
1554,722,234,79
3,1554,79,112
234,3,112,743
79,234,743,82
112,79,82,53
743,112,53,13
82,743,13,208
53,82,208,47
13,53,47,25
208,13,25,90
47,208,90,659
25,47,659,4
90,25,4,25
659,90,25,136
4,659,136,4823
25,4,4823,11
136,25,11,99181
4823,136,99181,28
11,4823,28,10
99181,11,10,14
28,99181,14,14152
10,28,14152,201
14,10,201,8
14152,14,8,480
201,14152,480,15
8,201,15,3378
480,8,3378,5
15,480,5,27
3378,15,27,14
5,3378,14,21
27,5,21,6
14,27,6,496
21,14,496,5
6,21,5,141
496,6,141,6
5,496,6,133
141,5,133,8694
6,141,8694,190
133,6,190,27
8694,133,27,6633
190,8694,6633,87
27,190,87,33
6633,27,33,100
87,6633,100,17
33,87,17,6
100,33,6,37984
17,100,37984,295
6,17,295,1693
37984,6,1693,6
295,37984,6,2
1693,295,2,896
6,1693,896,659
2,6,659,4
896,2,4,84
659,896,84,11
4,659,11,7
84,4,7,4288
11,84,4288,659
7,11,659,12
4288,7,12,500
659,4288,500,306
12,659,306,5053
500,12,5053,3136
306,500,3136,453
5053,306,453,27
3136,5053,27,2
453,3136,2,32
27,453,32,2338
2,27,2338,3
32,2,3,1361
2338,32,1361,2112
3,2338,2112,444
1361,3,444,401
2112,1361,401,381
444,2112,381,26411
401,444,26411,58
381,401,58,29658
26411,381,29658,6520
58,26411,6520,80
29658,58,80,723
6520,29658,723,12
80,6520,12,2271
723,80,2271,23
12,723,23,197
2271,12,197,393
23,2271,393,2768
197,23,2768,727
393,197,727,2
2768,393,2,1168
727,2768,1168,60
2,727,60,206
1168,2,206,26
60,1168,26,50
206,60,50,10275
26,206,10275,89
50,26,89,29
10275,50,29,21
89,10275,21,1379
29,89,1379,3527
21,29,3527,194
1379,21,194,5
3527,1379,5,55826
194,3527,55826,532
5,194,532,5
55826,5,5,94
532,55826,94,518
5,532,518,12
94,5,12,695
518,94,695,82
12,518,82,261
695,12,261,5072
82,695,5072,435
261,82,435,82
5072,261,82,330
435,5072,330,10161
82,435,10161,79
330,82,79,4
10161,330,4,3406
79,10161,3406,124
4,79,124,5
3406,4,5,357
124,3406,357,175
5,124,175,103
357,5,103,287
175,357,287,9429
103,175,9429,5
287,103,5,12466
9429,287,12466,2
5,9429,2,5220
12466,5,5220,1948
2,12466,1948,98
5220,2,98,127
1948,5220,127,185
98,1948,185,6
127,98,6,264
185,127,264,80743
6,185,80743,3770
264,6,3770,3806
80743,264,3806,3
3770,80743,3,257
3806,3770,257,631
3,3806,631,173
257,3,173,37
631,257,37,617
173,631,617,71
37,173,71,433
617,37,433,4
71,617,4,147
433,71,147,3
4,433,3,96
147,4,96,157
3,147,157,306
96,3,306,285
157,96,285,27
306,157,27,14
285,306,14,1529
27,285,1529,14157
14,27,14157,79
1529,14,79,2
14157,1529,2,4229
79,14157,4229,917
2,79,917,15
4229,2,15,8192
917,4229,8192,11371
15,917,11371,1219
8192,15,1219,2296
11371,8192,2296,75
1219,11371,75,27
2296,1219,27,14
75,2296,14,331
27,75,331,3
14,27,3,16
331,14,16,644
3,331,644,2112
16,3,2112,339
644,16,339,54
2112,644,54,1692
339,2112,1692,89
54,339,89,6313
1692,54,6313,37
89,1692,37,7593
6313,89,7593,225
37,6313,225,261
7593,37,261,38
225,7593,38,3114
261,225,3114,159
38,261,159,738
3114,38,738,1014
159,3114,1014,883
738,159,883,2483
1014,738,2483,254
883,1014,254,11
2483,883,11,14
254,2483,14,6805
11,254,6805,19
14,11,19,10
6805,14,10,29
19,6805,29,8019
10,19,8019,198
29,10,198,2
8019,29,2,8276
198,8019,8276,968
2,198,968,358
8276,2,358,31757
968,8276,31757,825
358,968,825,8
31757,358,8,13
825,31757,13,326
8,825,326,1168
13,8,1168,5
326,13,5,58
1168,326,58,1004
5,1168,1004,3187
58,5,3187,24
1004,58,24,22
3187,1004,22,23908
24,3187,23908,18
22,24,18,306
23908,22,306,1036
18,23908,1036,9
306,18,9,225
1036,306,225,1601
9,1036,1601,13
225,9,13,41
1601,225,41,1036
13,1601,1036,9
41,13,9,225
1036,41,225,65
9,1036,65,7
225,9,7,25
65,225,25,27
7,65,27,5932
