10,25,314,31
247,10,31,28
314,247,28,51
31,314,51,125
28,31,125,16
51,28,16,7
125,51,7,21
16,125,21,3398
7,16,3398,536
21,7,536,1087
3398,21,1087,3313
536,3398,3313,833
1087,536,833,9
3313,1087,9,4671
833,3313,4671,982
9,833,982,2898
4671,9,2898,3
982,4671,3,67
2898,982,67,8663
3,2898,8663,648
67,3,648,9
8663,67,9,41
648,8663,41,829
9,648,829,30
41,9,30,833
829,41,833,3
30,829,3,96
833,30,96,507
3,833,507,8
96,3,8,64
507,96,64,300
8,507,300,7
64,8,7,6521
300,64,6521,2248
7,300,2248,2
6521,7,2,4671
2248,6521,4671,20
2,2248,20,123
4671,2,123,60
20,4671,60,4
123,20,4,315
60,123,315,25
4,60,25,982
315,4,982,17
25,315,17,1744
982,25,1744,375
17,982,375,112
1744,17,112,300
375,1744,300,477
112,375,477,1056
300,112,1056,109
477,300,109,2430
1056,477,2430,3
109,1056,3,2
2430,109,2,300
3,2430,300,16
2,3,16,4011
300,2,4011,164
16,300,164,16
4011,16,16,8062
164,4011,8062,482
16,164,482,54
8062,16,54,33
482,8062,33,55
54,482,55,91
33,54,91,6
55,33,6,112
91,55,112,12371
6,91,12371,1367
112,6,1367,284
12371,112,284,6
1367,12371,6,3290
284,1367,3290,1367
6,284,1367,7610
3290,6,7610,1367
1367,3290,1367,284
7610,1367,284,6
1367,7610,6,7610
284,1367,7610,1367
6,284,1367,33
7610,6,33,55
1367,7610,55,68
33,1367,68,1984
55,33,1984,103
68,55,103,8062
1984,68,8062,3525
103,1984,3525,15
8062,103,15,332
3525,8062,332,57
15,3525,57,9
332,15,9,482
57,332,482,3
9,57,3,93
482,9,93,11970
3,482,11970,12308
93,3,12308,1367
11970,93,1367,284
12308,11970,284,6
1367,12308,6,2453
284,1367,2453,1367
6,284,1367,571
2453,6,571,1367
1367,2453,1367,284
571,1367,284,6
1367,571,6,571
284,1367,571,1367
6,284,1367,2
571,6,2,1299
1367,571,1299,1367
2,1367,1367,284
1299,2,284,6
1367,1299,6,2
284,1367,2,1299
6,284,1299,1367
2,6,1367,9527
1299,2,9527,963
1367,1299,963,16
9527,1367,16,453
963,9527,453,3313
16,963,3313,2
453,16,2,2116
3313,453,2116,36
2,3313,36,2
2116,2,2,1365
36,2116,1365,5
2,36,5,1367
1365,2,1367,8
5,1365,8,147
1367,5,147,3
8,1367,3,17
147,8,17,1461
3,147,1461,284
17,3,284,6
1461,17,6,2
284,1461,2,2116
6,284,2116,36
2,6,36,2
2116,2,2,1365
36,2116,1365,5
2,36,5,1367
1365,2,1367,8
5,1365,8,147
1367,5,147,3
8,1367,3,17
147,8,17,1461
3,147,1461,2
17,3,2,7042
1461,17,7042,1421
2,1461,1421,5
7042,2,5,5039
1421,7042,5039,2
5,1421,2,1365
5039,5,1365,5
2,5039,5,1367
1365,2,1367,284
5,1365,284,6
1367,5,6,2
284,1367,2,7042
6,284,7042,1421
2,6,1421,5
7042,2,5,5039
1421,7042,5039,2
5,1421,2,1365
5039,5,1365,5
2,5039,5,1367
1365,2,1367,8
5,1365,8,55
1367,5,55,3854
8,1367,3854,363
55,8,363,368
3854,55,368,91
363,3854,91,104
368,363,104,4756
91,368,4756,6582
104,91,6582,26
4756,104,26,16
6582,4756,16,1389
26,6582,1389,3
16,26,3,248
1389,16,248,33
3,1389,33,392
248,3,392,4
33,248,4,663
392,33,663,1012
4,392,1012,6
663,4,6,2
1012,663,2,282
6,1012,282,107
2,6,107,26
282,2,26,55
107,282,55,3789
26,107,3789,6
55,26,6,7442
3789,55,7442,825
6,3789,825,734
7442,6,734,5
825,7442,5,2
734,825,2,300
5,734,300,41
2,5,41,946
300,2,946,4
41,300,4,128
946,41,128,29
4,946,29,21
128,4,21,275
29,128,275,284
21,29,284,6
275,21,6,320
284,275,320,5
6,284,5,112
320,6,112,1243
5,320,1243,64
112,5,64,147
1243,112,147,3
64,1243,3,91
147,64,91,20
3,147,20,722
91,3,722,1764
20,91,1764,6
722,20,6,175
1764,722,175,5128
6,1764,5128,109
175,6,109,33
5128,175,33,25
109,5128,25,21
33,109,21,147
25,33,147,10
21,25,10,2564
147,21,2564,72
10,147,72,863
2564,10,863,2
72,2564,2,33
863,72,33,73
2,863,73,4
33,2,4,112
73,33,112,5128
4,73,5128,34
112,4,34,17
5128,112,17,1321
34,5128,1321,244
17,34,244,5376
1321,17,5376,477
244,1321,477,3313
5376,244,3313,59
477,5376,59,33
3313,477,33,483
59,3313,483,10408
33,59,10408,1044
483,33,1044,1367
10408,483,1367,418
1044,10408,418,4
1367,1044,4,10
418,1367,10,34
4,418,34,62
10,4,62,33
34,10,33,62
62,34,62,112
33,62,112,300
62,33,300,34
112,62,34,234
300,112,234,73
34,300,73,126
234,34,126,33
73,234,33,117
126,73,117,10
33,126,10,52
117,33,52,33
10,117,33,84
52,10,84,113
33,52,113,8
84,33,8,20
113,84,20,7
8,113,7,196
20,8,196,5412
7,20,5412,140
196,7,140,72
5412,196,72,1233
140,5412,1233,825
72,140,825,898
1233,72,898,4
825,1233,4,863
898,825,863,2
4,898,2,33
863,4,33,73
2,863,73,7084
39,421,2,5376
4564,39,5376,466
2,4564,466,5
5376,2,5,4
466,5376,4,407
5,466,407,15
4,5,15,719
407,4,719,202
15,407,202,94
719,15,94,8
202,719,8,34
94,202,34,603
8,94,603,33177
34,8,33177,140
603,34,140,11
33177,603,11,2483
140,33177,2483,73
11,140,73,2
2483,11,2,334
73,2483,334,2003
2,73,2003,73
334,2,73,2
2003,334,2,5211
73,2003,5211,334
2,73,334,2021
5211,2,2021,7959
334,5211,7959,2003
2021,334,2003,4
7959,2021,4,8
2003,7959,8,255
4,2003,255,15
8,4,15,67
255,8,67,133
15,255,133,27
67,15,27,1757
133,67,1757,280
27,133,280,1662
1757,27,1662,4618
280,1757,4618,28
1662,280,28,3054
4618,1662,3054,740
28,4618,740,23
3054,28,23,118
740,3054,118,1602
23,740,1602,1817
118,23,1817,14
1602,118,14,340
1817,1602,340,1602
14,1817,1602,73162
340,14,73162,5972
1602,340,5972,4
73162,1602,4,7901
5972,73162,7901,7
4,5972,7,353
7901,4,353,2204
7,7901,2204,438
353,7,438,9
2204,353,9,63
438,2204,63,5
9,438,5,143
63,9,143,35
5,63,35,4
143,5,4,30
35,143,30,16
4,35,16,110
30,4,110,3
16,30,3,96
110,16,96,67
3,110,67,133
96,3,133,306
67,96,306,285
133,67,285,27
306,133,27,134
285,306,134,787
27,285,787,23
134,27,23,22
787,134,22,1260
23,787,1260,2275
22,23,2275,138
1260,22,138,27
2275,1260,27,510
138,2275,510,860
27,138,860,23
510,27,23,22
860,510,22,27
23,860,27,2841
22,23,2841,6
27,22,6,39
2841,27,39,249
6,2841,249,312
39,6,312,8
249,39,8,11
312,249,11,7
8,312,7,1279
11,8,1279,58
7,11,58,127
1279,7,127,499
58,1279,499,20
127,58,20,117
499,127,117,41
20,499,41,65
117,20,65,103
41,117,103,568
65,41,568,5
103,65,5,11620
568,103,11620,15
5,568,15,354
11620,5,354,5
15,11620,5,438
354,15,438,9
5,354,9,119
438,5,119,16039
9,438,16039,5972
119,9,5972,4
16039,119,4,7901
5972,16039,7901,7
4,5972,7,353
7901,4,353,2204
7,7901,2204,438
353,7,438,9
2204,353,9,63
438,2204,63,5
9,438,5,143
63,9,143,35
5,63,35,4
143,5,4,30
35,143,30,16
4,35,16,110
30,4,110,3
16,30,3,96
110,16,96,67
3,110,67,133
96,3,133,306
67,96,306,285
133,67,285,27
306,133,27,134
285,306,134,787
27,285,787,23
134,27,23,22
787,134,22,1260
23,787,1260,104
22,23,104,16
1260,22,16,48
104,1260,48,5
16,104,5,67
48,16,67,1030
5,48,1030,193
67,5,193,134
1030,67,134,1263
193,1030,1263,23
134,193,23,1556
1263,134,1556,393
23,1263,393,6
1556,23,6,1117
393,1556,1117,104
6,393,104,16
1117,6,16,31
104,1117,31,30
16,104,30,16
31,16,16,2
30,31,2,70
16,30,70,4
2,16,4,321
70,2,321,9
4,70,9,25
321,4,25,90
9,321,90,70
25,9,70,627
90,25,627,5
70,90,5,157
627,70,157,313
5,627,313,41
157,5,41,4
313,157,4,41
41,313,41,4065
4,41,4065,117
41,4,117,638
4065,41,638,193
117,4065,193,5
638,117,5,598
193,638,598,13
5,193,13,146
598,5,146,2
13,598,2,320
146,13,320,9
2,146,9,491
320,2,491,6
9,320,6,265
491,9,265,13255
6,491,13255,22
265,6,22,2075
13255,265,2075,2
22,13255,2,2
2075,22,2,222
2,2075,222,9005
2,2,9005,1095
222,2,1095,3
9005,222,3,123
1095,9005,123,12
3,1095,12,202
123,3,202,492
12,123,492,11
202,12,11,510
492,202,510,11
11,492,11,14
510,11,14,1279
11,510,1279,58
14,11,58,127
1279,14,127,499
58,1279,499,6
127,58,6,2
499,127,2,381
6,499,381,12
2,6,12,647
381,2,647,16
12,381,16,48
647,12,48,5
16,647,5,67
48,16,67,1030
5,48,1030,193
67,5,193,134
1030,67,134,1263
193,1030,1263,23
134,193,23,1556
1263,134,1556,393
23,1263,393,6
1556,23,6,1117
393,1556,1117,104
6,393,104,16
1117,6,16,31
104,1117,31,30
16,104,30,16
31,16,16,2
30,31,2,70
16,30,70,4
2,16,4,321
70,2,321,9
4,70,9,25
321,4,25,90
9,321,90,70
25,9,70,627
90,25,627,5
70,90,5,157
627,70,157,313
5,627,313,41
157,5,41,4
313,157,4,41
41,313,41,4065
4,41,4065,742
41,4,742,636
4065,41,636,256
742,4065,256,728
636,742,728,1443
256,636,1443,58
728,256,58,662
1443,728,662,878
58,1443,878,2
662,58,2,11
878,662,11,2925
2,878,2925,510
11,2,510,22
2925,11,22,119
510,2925,119,111
22,510,111,33595
119,22,33595,353
111,119,353,164
33595,111,164,3
353,33595,3,706
164,353,706,33
3,164,33,9
706,3,9,112
33,706,112,2510
9,33,2510,9
112,9,9,112
2510,112,112,144
9,2510,144,87
112,9,87,7
144,112,7,18
87,144,18,516
7,87,516,3
18,7,3,296
516,18,296,9
3,516,9,63
296,3,63,5
9,296,5,143
63,9,143,35
5,63,35,728
143,5,728,134
35,143,134,22
728,35,22,7194
134,728,7194,712
22,134,712,23
7194,22,23,742
712,7194,742,35
23,712,35,393
742,23,393,4123
35,742,4123,70
393,35,70,147
4123,393,147,2
70,4123,2,2885
147,70,2885,4
2,147,4,7
2885,2,7,14
4,2885,14,3
7,4,3,17
14,7,17,8
3,14,8,2885
17,3,2885,25
8,17,25,33
2885,8,33,55
25,2885,55,25
33,25,25,41
55,33,41,65
25,55,65,72
41,25,72,93
65,41,93,19
72,65,19,33
93,72,33,55
19,93,55,93
33,19,93,805
55,33,805,4
93,55,4,942
805,93,942,805
4,805,805,11
942,4,11,28
805,942,28,6
11,805,6,49
28,11,49,1260
6,28,1260,339
49,6,339,87
1260,49,87,59
339,1260,59,907
87,339,907,16
59,87,16,571
907,59,571,157
16,907,157,7
571,16,7,571
157,571,571,25
7,157,25,7
571,7,7,569
25,571,569,3135
7,25,3135,1295
569,7,1295,3
3135,569,3,2807
1295,3135,2807,112
3,1295,112,106
2807,3,106,87
112,2807,87,10
106,112,10,112
87,106,112,60
10,87,60,4
112,10,4,7
60,112,7,403
4,60,403,33
7,4,33,2548
403,7,2548,1166
33,403,1166,180
2548,33,180,12
1166,2548,12,20
180,1166,20,3545
12,180,3545,78
20,12,78,32
3545,20,32,1371
78,3545,1371,49
32,78,49,127
1371,32,127,1272
49,1371,1272,12
127,49,12,1063
1272,127,1063,168
12,1272,168,2
1063,12,2,339
168,1063,339,519
2,168,519,12
339,2,12,338
519,339,338,152
12,519,152,159
338,12,159,99
152,338,99,1220
159,152,1220,387
99,159,387,4
1220,99,4,269
387,1220,269,5
4,387,5,35
269,4,35,7
5,269,7,1050
35,5,1050,1158
7,35,1158,223
1050,7,223,451
1158,1050,451,135
223,1158,135,17948
451,223,17948,70
135,451,70,147
17948,135,147,2
70,17948,2,2885
147,70,2885,4
2,147,4,7
2885,2,7,14
4,2885,14,3
7,4,3,17
14,7,17,8
3,14,8,2885
17,3,2885,25
8,17,25,33
2885,8,33,55
25,2885,55,25
33,25,25,41
55,33,41,65
25,55,65,72
41,25,72,93
65,41,93,19
72,65,19,33
93,72,33,55
19,93,55,93
33,19,93,805
55,33,805,4
93,55,4,942
805,93,942,805
4,805,805,11
942,4,11,28
805,942,28,6
11,805,6,49
28,11,49,1260
6,28,1260,339
49,6,339,87
1260,49,87,59
339,1260,59,907
87,339,907,16
59,87,16,571
907,59,571,157
16,907,157,7
571,16,7,571
157,571,571,25
7,157,25,7
571,7,7,569
25,571,569,3135
7,25,3135,1295
569,7,1295,3
3135,569,3,2807
1295,3135,2807,112
3,1295,112,106
2807,3,106,87
112,2807,87,10
106,112,10,112
87,106,112,60
10,87,60,4
112,10,4,7
60,112,7,403
4,60,403,33
7,4,33,2548
403,7,2548,1166
33,403,1166,180
2548,33,180,12
1166,2548,12,20
180,1166,20,3545
12,180,3545,4
20,12,4,679
3545,20,679,24
4,3545,24,1384
679,4,1384,31
24,679,31,1551
1384,24,1551,15
31,1384,15,162
1551,31,162,510
15,1551,510,22
162,15,22,296
510,162,296,6
22,510,6,4
296,22,4,125
6,296,125,3
4,6,3,267
125,4,267,12
3,125,12,1063
267,3,1063,11
12,267,11,13
1063,12,13,28
11,1063,28,143
13,11,143,35
28,13,35,147
143,28,147,2
35,143,2,105
147,35,105,1408
2,147,1408,5
105,2,5,3309
1408,105,3309,70
5,1408,70,3
3309,5,3,123
70,3309,123,142
3,70,142,302
123,3,302,5
142,123,5,92
302,142,92,24
5,302,24,1143
92,5,1143,20
24,92,20,306
1143,24,306,226
20,1143,226,4
306,20,4,10
226,306,10,92
4,226,92,2994
10,4,2994,3
92,10,3,48
2994,92,48,5
3,2994,5,45
48,3,45,4
5,48,4,21
45,5,21,3
4,45,3,2
21,4,2,2651
3,21,2651,5
2,3,5,1143
2651,2,1143,38
5,2651,38,996
1143,5,996,1317
38,1143,1317,4
996,38,4,38
1317,996,38,2686
4,1317,2686,145
38,4,145,28
2686,38,28,23
145,2686,23,2
28,145,2,712
23,28,712,6
2,23,6,1384
712,2,1384,12
6,712,12,132
1384,6,132,117
12,1384,117,494
132,12,494,145
117,132,145,4
494,117,4,679
145,494,679,24
4,145,24,1384
679,4,1384,31
24,679,31,1551
1384,24,1551,15
31,1384,15,162
1551,31,162,510
15,1551,510,22
162,15,22,296
510,162,296,6
22,510,6,4
296,22,4,125
6,296,125,3
4,6,3,267
125,4,267,12
3,125,12,1063
267,3,1063,11
12,267,11,13
1063,12,13,28
11,1063,28,143
13,11,143,35
28,13,35,147
143,28,147,2
35,143,2,105
147,35,105,1408
2,147,1408,5
105,2,5,3309
1408,105,3309,70
5,1408,70,3
3309,5,3,123
70,3309,123,142
3,70,142,302
123,3,302,5
142,123,5,92
302,142,92,24
5,302,24,33604
92,5,33604,306
24,92,306,226
33604,24,226,4
306,33604,4,10
226,306,10,92
4,226,92,2994
10,4,2994,3
92,10,3,48
2994,92,48,5
3,2994,5,45
48,3,45,4
5,48,4,21
45,5,21,3
4,45,3,2
21,4,2,2651
3,21,2651,5
2,3,5,1143
2651,2,1143,38
5,2651,38,996
1143,5,996,1317
38,1143,1317,4
996,38,4,38
1317,996,38,2686
4,1317,2686,145
38,4,145,28
2686,38,28,23
145,2686,23,2
28,145,2,712
23,28,712,6
2,23,6,1384
712,2,1384,12
6,712,12,132
1384,6,132,62
12,1384,62,55
132,12,55,33
62,132,33,2483
55,62,2483,59
33,55,59,33
2483,33,33,44
59,2483,44,220
33,59,220,244
44,33,244,323
220,44,323,54
244,220,54,7
323,244,7,560
54,323,560,119
7,54,119,244
560,7,244,323
119,560,323,54
244,119,54,7
323,244,7,560
54,323,560,48
7,54,48,244
560,7,244,323
48,560,323,54
244,48,54,7
323,244,7,560
54,323,560,27
7,54,27,331
560,7,331,4
27,560,4,140
331,27,140,26
4,331,26,93
140,4,93,1758
26,140,1758,87
93,26,87,33
1758,93,33,28
87,1758,28,119
33,87,119,4
28,33,4,48
119,28,48,30
4,119,30,25
48,4,25,14
30,48,14,33
25,30,33,3
14,25,3,1526
33,14,1526,8
3,33,8,3054
1526,3,3054,69
8,1526,69,411
3054,8,411,466
69,3054,466,1921
411,69,1921,254
466,411,254,27
1921,466,27,1262
254,1921,1262,6
27,254,6,1114
1262,27,1114,381
6,1262,381,498
1114,6,498,3054
381,1114,3054,524
498,381,524,15
3054,498,15,95
524,3054,95,31
15,524,31,18
95,15,18,4125
31,95,4125,3
18,31,3,524
4125,18,524,61
3,4125,61,3
524,3,3,138
61,524,138,27
3,61,27,1114
138,3,1114,381
27,138,381,10
1114,27,10,628
381,1114,628,3462
10,381,3462,37
628,10,37,58
3462,628,58,97
37,3462,97,270
58,37,270,8
97,58,8,20
270,97,20,7
8,270,7,38
20,8,38,1158
7,20,1158,28
38,7,28,7615
1158,38,7615,1964
28,1158,1964,3054
7615,28,3054,1689
1964,7615,1689,69
3054,1964,69,1286
1689,3054,1286,1948
69,1689,1948,798
1286,69,798,5
1948,1286,5,58
798,1948,58,662
5,798,662,50
58,5,50,21
662,58,21,1918
50,662,1918,6
21,50,6,3447
1918,21,3447,6
6,1918,6,2
3447,6,2,237
6,3447,237,3
2,6,3,1932
237,2,1932,15
3,237,15,371
1932,3,371,27
15,1932,27,27
371,15,27,1274
27,371,1274,1512
27,27,1512,135
1274,27,135,127
1512,1274,127,2347
135,1512,2347,494
127,135,494,145
