6,4,10,13
268,6,13,828
10,268,828,47
13,10,47,1960
828,13,1960,3071
47,828,3071,3
1960,47,3,609
3071,1960,609,101401
3,3071,101401,43
609,3,43,213
101401,609,213,3
43,101401,3,14560
213,43,14560,4196
3,213,4196,1147
14560,3,1147,8361
4196,14560,8361,5255
1147,4196,5255,3
8361,1147,3,5952
5255,8361,5952,3147
3,5255,3147,5
5952,3,5,104
3147,5952,104,2644
5,3147,2644,996
104,5,996,2002
2644,104,2002,255
996,2644,255,9
2002,996,9,43
255,2002,43,698
9,255,698,7
43,9,7,691
698,43,691,2
7,698,2,60
691,7,60,801
2,691,801,19
60,2,19,5
801,60,5,1402
19,801,1402,698
5,19,698,8
1402,5,8,13
698,1402,13,207
8,698,207,1994
13,8,1994,5
207,13,5,21
1994,207,21,118
5,1994,118,1073
21,5,1073,3
118,21,3,34
1073,118,34,5
3,1073,5,197
34,3,197,23
5,34,23,2
197,5,2,35
23,197,35,446
2,23,446,30
35,2,30,55
446,35,55,2395
30,446,2395,20
55,30,20,1151
2395,55,1151,15
20,2395,15,6328
1151,20,6328,5
15,1151,5,1182
6328,15,1182,73
5,6328,73,16634
1182,5,16634,4
73,1182,4,528
16634,73,528,5
4,16634,5,6078
528,4,6078,32
5,528,32,18644
6078,5,18644,49
32,6078,49,80105
18644,32,80105,34
49,18644,34,1633
80105,49,1633,666
34,80105,666,3
1633,34,3,23448
666,1633,23448,748
3,666,748,5
23448,3,5,43
748,23448,43,12
5,748,12,2073
43,5,2073,767
12,43,767,6
2073,12,6,1723
767,2073,1723,3
6,767,3,9999
1723,6,9999,23501
3,1723,23501,2630
9999,3,2630,788
23501,9999,788,7
2630,23501,7,314
788,2630,314,3
7,788,3,1090
314,7,1090,4526
3,314,4526,24
1090,3,24,6529
4526,1090,6529,818
24,4526,818,692
6529,24,692,5
818,6529,5,2
692,818,2,844
5,692,844,80
2,5,80,122
844,2,122,118
80,844,118,1522
122,80,1522,5
118,122,5,98
1522,118,98,57
5,1522,57,418
98,5,418,5
57,98,5,108973
418,57,108973,108
5,418,108,7
108973,5,7,1598
108,108973,1598,3
7,108,3,505
1598,7,505,6
3,1598,6,2247
505,3,2247,475
6,505,475,613
2247,6,613,91
475,2247,91,3
613,475,3,539
91,613,539,7368
3,91,7368,997
539,3,997,41
7368,539,41,253
997,7368,253,7
41,997,7,913
253,41,913,4
7,253,4,15680
913,7,15680,411
4,913,411,19
15680,4,19,4526
411,15680,4526,619
19,411,619,19
4526,19,19,10
619,4526,10,1435
19,619,1435,88
10,19,88,253
1435,10,253,5260
88,1435,5260,2238
253,88,2238,4
5260,253,4,2278
2238,5260,2278,5
4,2238,5,1402
2278,4,1402,215
5,2278,215,6
1402,5,6,311
215,1402,311,389
6,215,389,3
311,6,3,431
389,311,431,834
3,389,834,714
431,3,714,15
834,431,15,4
714,834,4,1052
15,714,1052,4
4,15,4,263
1052,4,263,2064
4,1052,2064,1056
263,4,1056,3
2064,263,3,528
1056,2064,528,156
3,1056,156,2
528,3,2,5300
156,528,5300,1815
2,156,1815,385
5300,2,385,528
1815,5300,528,4
385,1815,4,414
528,385,414,2701
4,528,2701,16
414,4,16,48
2701,414,48,990
16,2701,990,86
48,16,86,148
990,48,148,2360
86,990,2360,118
148,86,118,2
2360,148,2,1234
118,2360,1234,316
2,118,316,24
1234,2,24,4526
316,1234,4526,20
24,316,20,6280
4526,24,6280,4
20,4526,4,447
6280,20,447,68
4,6280,68,522
447,4,522,2
68,447,2,2
522,68,2,8597
2,522,8597,3
2,2,3,197
8597,2,197,6837
3,8597,6837,6
197,3,6,1723
6837,197,1723,2080
6,6837,2080,2
1723,6,2,2
2080,1723,2,359
2,2080,359,5
2,2,5,2557
359,2,2557,21257
5,359,21257,1449
2557,5,1449,10
21257,2557,10,7
1449,21257,7,21
10,1449,21,239
7,10,239,28543
21,7,28543,3
239,21,3,137
28543,239,137,6
3,28543,6,2
137,3,2,475
6,137,475,711
2,6,711,5
475,2,5,32
711,475,32,1402
5,711,1402,925
32,5,925,2856
1402,32,2856,95
925,1402,95,5
2856,925,5,204
95,2856,204,250
5,95,250,278
204,5,278,386
250,204,386,4
278,250,4,928
386,278,928,80
4,386,80,2485
928,4,2485,6
80,928,6,311
2485,80,311,389
6,2485,389,794
311,6,794,102
389,311,102,14008
794,389,14008,834
102,794,834,6
14008,102,6,2
834,14008,2,1934
6,834,1934,5
2,6,5,20
1934,2,20,359
5,1934,359,15
20,5,15,48
359,20,48,8758
15,359,8758,1505
48,15,1505,175
8758,48,175,6995
1505,8758,6995,2617
175,1505,2617,6215
6995,175,6215,6998
2617,6995,6998,4
6215,2617,4,1589
6998,6215,1589,10
4,6998,10,7
1589,4,7,831
10,1589,831,3
7,10,3,1327
831,7,1327,2
3,831,2,2073
1327,3,2073,124
2,1327,124,29
2073,2,29,511
124,2073,511,1720
29,124,1720,5315
511,29,5315,5
1720,511,5,709
5315,1720,709,1213
5,5315,1213,4
709,5,4,3352
1213,709,3352,1056
4,1213,1056,3
3352,4,3,648
1056,3352,648,5
3,1056,5,26963
648,3,26963,3204
5,648,3204,6
26963,5,6,311
3204,26963,311,389
6,3204,389,4526
311,6,4526,54
389,311,54,445
4526,389,445,671
54,4526,671,12
445,54,12,382
671,445,382,1485
12,671,1485,4
382,12,4,149
1485,382,149,6
4,1485,6,1108
149,4,1108,13
6,149,13,260
1108,6,260,2757
13,1108,2757,5089
260,13,5089,6
2757,260,6,264
5089,2757,264,268
6,5089,268,10
264,6,10,1247
268,264,1247,108
10,268,108,9851
1247,10,9851,15
108,1247,15,1122
9851,108,1122,4
15,9851,4,4939
1122,15,4939,588
4,1122,588,72
4939,4,72,2
588,4939,2,10
72,588,10,7
2,72,7,15
10,2,15,1550
7,10,1550,1019
15,7,1019,126
1550,15,126,2319
1019,1550,2319,106
126,1019,106,424
2319,126,424,3
106,2319,3,611
424,106,611,312
3,424,312,5
611,3,5,1985
312,611,1985,4
5,312,4,10
1985,5,10,2964
4,1985,2964,554
10,4,554,535
2964,10,535,79
554,2964,79,5323
535,554,5323,5
79,535,5,539
5323,79,539,9
5,5323,9,84
539,5,84,709
9,539,709,347
84,9,347,469
709,84,469,3137
347,709,3137,43
469,347,43,767
3137,469,767,4
43,3137,4,444
767,43,444,401
4,767,401,1435
444,4,1435,29
401,444,29,15
1435,401,15,2
29,1435,2,39
15,29,39,16551
2,15,16551,3489
39,2,3489,2
16551,39,2,16634
3489,16551,16634,329
2,3489,329,43
16634,2,43,44
329,16634,44,1232
43,329,1232,19
44,43,19,2
1232,44,2,554
19,1232,554,535
2,19,535,73
554,2,73,1985
535,554,1985,10
73,535,10,7
1985,73,7,21
10,1985,21,7381
7,10,7381,8
21,7,8,2
7381,21,2,764
8,7381,764,15680
2,8,15680,317
764,2,317,4526
15680,764,4526,77
317,15680,77,8943
4526,317,8943,3
77,4526,3,224
8943,77,224,2
3,8943,2,2460
224,3,2460,2083
2,224,2083,3
2460,2,3,43
2083,2460,43,5754
3,2083,5754,19
43,3,19,3957
5754,43,3957,649
19,5754,649,2973
3957,19,2973,24
649,3957,24,670
2973,649,670,213
24,2973,213,3
670,24,3,39
213,670,39,89452
3,213,89452,20
39,3,20,1934
89452,39,1934,7
20,89452,7,271
1934,20,271,8
7,1934,8,13
271,7,13,47
8,271,47,1732
13,8,1732,37
47,13,37,4
1732,47,4,8
37,1732,8,17018
4,37,17018,43
8,4,43,698
17018,8,698,41
43,17018,41,65
698,43,65,476
41,698,476,765
65,41,765,2118
476,65,2118,5
765,476,5,31
2118,765,31,7
5,2118,7,612
31,5,612,235
7,31,235,63
612,7,63,601
235,612,601,769
63,235,769,5
601,63,5,43
769,601,43,34
5,769,34,1356
43,5,1356,3245
34,43,3245,3
1356,34,3,2312
3245,1356,2312,418
3,3245,418,4409
2312,3,4409,4526
418,2312,4526,3
4409,418,3,113
4526,4409,113,37
3,4526,37,10
113,3,10,475
37,113,475,4
10,37,4,62
475,10,62,3
4,475,3,224
62,4,224,15
3,62,15,70
224,3,70,14937
15,224,14937,25
70,15,25,239
14937,70,239,511
25,14937,511,65
239,25,65,2
511,239,2,215
65,511,215,8597
2,65,8597,10
215,2,10,234
8597,215,234,73
10,8597,73,18088
234,10,18088,1302
73,234,1302,34
18088,73,34,671
1302,18088,671,2
34,1302,2,1002
671,34,1002,564
2,671,564,102
1002,2,102,4
564,1002,4,1895
102,564,1895,43
4,102,43,215
1895,4,215,6280
43,1895,6280,6
215,43,6,2312
6280,215,2312,818
184,125,8460,141
3,184,141,54
8460,3,54,609
141,8460,609,92
54,141,92,4
609,54,4,195
92,609,195,5
4,92,5,238
195,4,238,92
5,195,92,100
238,5,100,4869
92,238,4869,19
100,92,19,907
4869,100,907,5
19,4869,5,944
907,19,944,5
5,907,5,430
944,5,430,167
5,944,167,10
430,5,10,7
167,430,7,25
10,167,25,253
7,10,253,8
25,7,8,709
253,25,709,1039
8,253,1039,17
709,8,17,630
1039,709,630,184
17,1039,184,3
630,17,3,755
184,630,755,2375
3,184,2375,5
755,3,5,8460
2375,755,8460,132
5,2375,132,434
8460,5,434,414
132,8460,414,2029
434,132,2029,613
414,434,613,75
2029,414,75,76
613,2029,76,92
75,613,92,447
76,75,447,26
92,76,26,34
447,92,34,862
26,447,862,707
34,26,707,1053
862,34,1053,3
707,862,3,3215
1053,707,3215,43
3,1053,43,158
3215,3,158,52
43,3215,52,43
158,43,43,25
52,158,25,25
43,52,25,7
25,43,7,10
25,25,10,451
7,25,451,8
10,7,8,709
451,10,709,1039
8,451,1039,7261
709,8,7261,2804
1039,709,2804,11124
7261,1039,11124,23700
2804,7261,23700,118
11124,2804,118,630
23700,11124,630,9
118,23700,9,595
630,118,595,4472
9,630,4472,6
595,9,6,343
4472,595,343,5
6,4472,5,1029
343,6,1029,1725
5,343,1725,7
1029,5,7,451
1725,1029,451,19
7,1725,19,1053
451,7,1053,5
19,451,5,8460
1053,19,8460,19
5,1053,19,8460
8460,5,8460,141
19,8460,141,907
8460,19,907,5
141,8460,5,944
907,141,944,77
5,907,77,91
944,5,91,92
77,944,92,4
91,77,4,20
92,91,20,34
4,92,34,345
20,4,345,3
34,20,3,2029
345,34,2029,6
3,345,6,414
2029,3,414,815
6,2029,815,6
414,6,6,500
815,414,500,1029
6,815,1029,143
500,6,143,35
1029,500,35,233
143,1029,233,1233
35,143,1233,63
233,35,63,71
1233,233,71,2235
63,1233,2235,4
71,63,4,22
2235,71,22,2540
4,2235,2540,4
22,4,4,893
2540,22,893,8460
4,2540,8460,141
893,4,141,279
8460,893,279,102
141,8460,102,3402
279,141,3402,5
102,279,5,834
3402,102,834,309
5,3402,309,20
834,5,20,141
309,834,141,146
20,309,146,23182
141,20,23182,815
146,141,815,41
23182,146,41,4653
815,23182,4653,43
41,815,43,5741
4653,41,5741,35
43,4653,35,1188
5741,43,1188,594
35,5741,594,3
1188,35,3,8460
594,1188,8460,1053
3,594,1053,21
8460,3,21,72
1053,8460,72,709
21,1053,709,1213
72,21,1213,1188
709,72,1188,594
1213,709,594,3
1188,1213,3,8460
594,1188,8460,43
3,594,43,5741
8460,3,5741,35
43,8460,35,68
5741,43,68,1188
35,5741,1188,594
68,35,594,37
1188,68,37,1414
594,1188,1414,43
37,594,43,41279
1414,37,41279,2196
43,1414,2196,15
41279,43,15,709
2196,41279,709,1213
15,2196,1213,4
709,15,4,331
1213,709,331,9
4,1213,9,3890
331,4,3890,1101
9,331,1101,4
3890,9,4,5844
1101,3890,5844,18
4,1101,18,1991
5844,4,1991,3
18,5844,3,862
1991,18,862,707
3,1991,707,141
862,3,141,54
707,862,54,345
141,707,345,3
54,141,3,2
345,54,2,952
3,345,952,5
2,3,5,2217
952,2,2217,2165
5,952,2165,102
2217,5,102,1076
2165,2217,1076,4
102,2165,4,10
1076,102,10,215
4,1076,215,4
10,4,4,3189
215,10,3189,767
4,215,767,256
3189,4,256,1495
767,3189,1495,143
256,767,143,35
1495,256,35,269
143,1495,269,5
35,143,5,35
269,35,35,822
5,269,822,22
35,5,22,10589
822,35,10589,4
22,822,4,228
10589,22,228,10
4,10589,10,2
228,4,2,1002
10,228,1002,692
2,10,692,2
1002,2,2,281
692,1002,281,44
2,692,44,404
281,2,404,1495
44,281,1495,4
404,44,4,14107
1495,404,14107,21156
4,1495,21156,1731
14107,4,1731,37
21156,14107,37,6462
1731,21156,6462,5
37,1731,5,8460
6462,37,8460,4
5,6462,4,1093
8460,5,1093,56
4,8460,56,1322
1093,4,1322,984
56,1093,984,12
1322,56,12,1889
984,1322,1889,5212
12,984,5212,5
1889,12,5,43
5212,1889,43,385
5,5212,385,11
43,5,11,28
385,43,28,53
11,385,53,16
28,11,16,107
53,28,107,3
16,53,3,1729
107,16,1729,255
3,107,255,122
1729,3,122,755
255,1729,755,596
122,255,596,8
755,122,8,10
596,755,10,7
8,596,7,86
10,8,86,451
7,10,451,3
86,7,3,1257
451,86,1257,1594
3,451,1594,5
1257,3,5,157
1594,1257,157,6
5,1594,6,5003
157,5,5003,19
6,157,19,7009
5003,6,7009,141
19,5003,141,80
7009,19,80,709
141,7009,709,624
80,141,624,1289
709,80,1289,837
624,709,837,5
1289,624,5,2029
837,1289,2029,6
5,837,6,414
2029,5,414,213
6,2029,213,184
414,6,184,3
213,414,3,3651
184,213,3651,37372
3,184,37372,4
3651,3,4,755
37372,3651,755,12
4,37372,12,3907
755,4,3907,2358
12,755,2358,18506
3907,12,18506,35
2358,3907,35,8460
18506,2358,8460,34
35,18506,34,434
8460,35,434,2029
34,8460,2029,23
434,34,23,414
2029,434,414,446
23,2029,446,128
414,23,128,1029
446,414,1029,846
128,446,846,637
1029,128,637,1289
846,1029,1289,57
637,846,57,426
1289,637,426,132
57,1289,132,68
426,57,68,14
132,426,14,3
68,132,3,862
14,68,862,707
3,14,707,1053
862,3,1053,4
707,862,4,1643
1053,707,1643,6722
4,1053,6722,20
1643,4,20,447
6722,1643,447,14
20,6722,14,4
447,20,4,1345
14,447,1345,1238
4,14,1238,750
1345,4,750,3
1238,1345,3,43
750,1238,43,92
3,750,92,68
43,3,68,1101
92,43,1101,5844
68,92,5844,4
1101,68,4,143
5844,1101,143,2892
4,5844,2892,1102
143,4,1102,1731
2892,143,1731,37
1102,2892,37,7896
1731,1102,7896,5
37,1731,5,20
7896,37,20,141
5,7896,141,2358
20,5,2358,18506
141,20,18506,35
2358,141,35,1185
18506,2358,1185,386
35,18506,386,2907
1185,35,2907,2256
386,1185,2256,4
2907,386,4,2181
2256,2907,2181,6130
4,2256,6130,102
2181,4,102,8460
6130,2181,8460,33202
102,6130,33202,815
8460,102,815,6
33202,8460,6,837
815,33202,837,5
6,815,5,8460
837,6,8460,9167
5,837,9167,36874
8460,5,36874,5986
9167,8460,5986,393
36874,9167,393,1051
5986,36874,1051,28
393,5986,28,52
1051,393,52,709
28,1051,709,1039
52,28,1039,115
709,52,115,21
1039,709,21,477
115,1039,477,6
21,115,6,39
477,21,39,249
6,477,249,212
39,6,212,3
249,39,3,17
212,249,17,14400
3,212,14400,2425
17,3,2425,34
14400,17,34,17
2425,14400,17,139
34,2425,139,102
17,34,102,709
139,17,709,1213
102,139,1213,5089
709,102,5089,4
1213,709,4,197
5089,1213,197,815
4,5089,815,877
197,4,877,74
815,197,74,268
877,815,268,258
74,877,258,66
268,74,66,613
258,268,613,15
66,258,15,71
613,66,71,648
15,613,648,12
71,15,12,278
648,71,278,8460
12,648,8460,62
278,12,62,709
8460,278,709,992
62,8460,992,8
709,62,8,71
992,709,71,723
8,992,723,22
71,8,22,142
723,71,142,3
22,723,3,10
142,22,10,767
3,142,767,6
10,3,6,311
767,10,311,389
6,767,389,11
311,6,11,453
389,311,453,5089
11,389,5089,5791
453,11,5791,1336
5089,453,1336,22
5791,5089,22,2278
1336,5791,2278,6
22,1336,6,122
2278,22,122,5
6,2278,5,50
122,6,50,24
5,122,24,709
50,5,709,1213
24,50,1213,23167
709,24,23167,32708
1213,709,32708,159
23167,1213,159,573
32708,23167,573,5
159,32708,5,709
573,159,709,625
5,573,625,68
709,5,68,300
625,709,300,157
68,625,157,14
300,68,14,3
157,300,3,3175
14,157,3175,22
3,14,22,88
3175,3,88,3137
22,3175,3137,542
88,22,542,74
3137,88,74,268
542,3137,268,66
74,542,66,8460
268,74,8460,141
66,268,141,115
8460,66,115,21
141,8460,21,2898
115,141,2898,3
21,115,3,709
2898,21,709,1213
3,2898,1213,10
709,3,10,40
1213,709,40,609
10,1213,609,907
40,10,907,5
609,40,5,944
907,609,944,5
5,907,5,1029
944,5,1029,430
5,944,430,167
1029,5,167,3
430,1029,3,91
167,430,91,5779
3,167,5779,5
91,3,5,167
294,41,17028,1293
37,294,1293,2
17028,37,2,7934
1293,17028,7934,1433
2,1293,1433,2
7934,2,2,2
1433,7934,2,39591
2,1433,39591,8463
2,2,8463,1395
39591,2,1395,651
8463,39591,651,12858
1395,8463,12858,37323
651,1395,37323,7
12858,651,7,84
37323,12858,84,361
7,37323,361,3
84,7,3,340
361,84,340,248
3,361,248,3490
340,3,3490,45
248,340,45,6
3490,248,6,20
45,3490,20,13528
6,45,13528,11
20,6,11,920
13528,20,920,206
11,13528,206,201
920,11,201,1395
206,920,1395,16
201,206,16,10502
1395,201,10502,474
16,1395,474,593
10502,16,593,1536
474,10502,1536,1081
593,474,1081,213
1536,593,213,24
1081,1536,24,7359
213,1081,7359,280
24,213,280,4534
7359,24,4534,2394
280,7359,2394,361
4534,280,361,5311
2394,4534,5311,1131
361,2394,1131,316
5311,361,316,164
1131,5311,164,1081
316,1131,1081,1395
164,316,1395,768
1081,164,768,3
1395,1081,3,163
768,1395,163,4932
3,768,4932,82
163,3,82,121
4932,163,121,38
82,4932,38,384
121,82,384,17
38,121,17,2584
384,38,2584,11225
17,384,11225,82
2584,17,82,1131
11225,2584,1131,9
82,11225,9,2247
1131,82,2247,5508
9,1131,5508,42
2247,9,42,5
5508,2247,5,911
42,5508,911,3776
5,42,3776,118
911,5,118,15393
3776,911,15393,6
118,3776,6,13619
15393,118,13619,882
6,15393,882,152
13619,6,152,270
882,13619,270,7
152,882,7,8
270,152,8,1395
