5,1067,7,18
3091,5,18,508
7,3091,508,2067
18,7,2067,2024
508,18,2024,9
2067,508,9,66
2024,2067,66,7
9,2024,7,245
66,9,245,73
7,66,73,89
245,7,89,131
73,245,131,136
89,73,136,331
131,89,331,229
136,131,229,11
331,136,11,1166
229,331,1166,32
11,229,32,2
1166,11,2,49
32,1166,49,438
2,32,438,2151
49,2,2151,12
438,49,12,2
2151,438,2,97
12,2151,97,2411
2,12,2411,1813
97,2,1813,145
2411,97,145,28
1813,2411,28,11
145,1813,11,165
28,145,165,8091
11,28,8091,130
165,11,130,1332
8091,165,1332,56
130,8091,56,3
1332,130,3,192
56,1332,192,135
3,56,135,499
192,3,499,8
135,192,8,120
499,135,120,7
8,499,7,353
120,8,353,101
7,120,101,84
353,7,84,51
101,353,51,505
84,101,505,3889
51,84,3889,30
505,51,30,34
3889,505,34,137
30,3889,137,145
34,30,145,28
137,34,28,29
145,137,29,101
28,145,101,84
29,28,84,130
101,29,130,744
84,101,744,7
130,84,7,12
744,130,12,817
7,744,817,499
12,7,499,764
817,12,764,372
499,817,372,303
764,499,303,5
372,764,5,289
303,372,289,949
5,303,949,1676
289,5,1676,19
949,289,19,731
1676,949,731,7
19,1676,7,541
731,19,541,61
7,731,61,860
541,7,860,29
61,541,29,145
860,61,145,13
29,860,13,1065
145,29,1065,136
13,145,136,5
1065,13,5,22
136,1065,22,769
5,136,769,12
22,5,12,138
769,22,138,27
12,769,27,6
138,12,6,264
27,138,264,44
6,27,44,8441
264,6,8441,2133
44,264,2133,58
8441,44,58,287
2133,8441,287,122
58,2133,122,1138
287,58,1138,4005
122,287,4005,32
1138,122,32,12
4005,1138,12,540
32,4005,540,44
12,32,44,75
540,12,75,2
44,540,2,35
75,44,35,216
2,75,216,2662
35,2,2662,257
216,35,257,181
2662,216,181,7445
257,2662,7445,1512
181,257,1512,32
7445,181,32,9
1512,7445,9,49
32,1512,49,91
9,32,91,5
49,9,5,2
91,49,2,432
5,91,432,125
2,5,125,783
432,2,783,145
125,432,145,285
783,125,285,329
145,783,329,139
285,145,139,659
329,285,659,11
139,329,11,326
659,139,326,2
11,659,2,1901
326,11,1901,8
2,326,8,11
1901,2,11,77
8,1901,77,17
11,8,17,990
77,11,990,3
17,77,3,704
990,17,704,32
3,990,32,74
704,3,74,49
32,704,49,125
74,32,125,12
49,74,12,200
125,49,200,8656
12,125,8656,9727
200,12,9727,62
8656,200,62,466
9727,8656,466,254
62,9727,254,10
466,62,10,13
254,466,13,59
10,254,59,331
13,10,331,52
59,13,52,460
331,59,460,13
52,331,13,317
460,52,317,2
13,460,2,334
317,13,334,1067
2,317,1067,24
334,2,24,22
1067,334,22,2335
24,1067,2335,3523
22,24,3523,3
2335,22,3,1512
3523,2335,1512,49
3,3523,49,12
1512,3,12,10
49,1512,10,1712
12,49,1712,6
10,12,6,128
1712,10,128,66
6,1712,66,185
128,6,185,29
66,128,29,12
185,66,12,966
29,185,966,310
12,29,310,331
966,12,331,37
310,966,37,181
331,310,181,145
37,331,145,28
181,37,28,8
145,181,8,104
28,145,104,16
8,28,16,418
104,8,418,8
16,104,8,7
418,16,7,18
8,418,18,3735
7,8,3735,351
18,7,351,24
3735,18,24,53
351,3735,53,7
24,351,7,2
53,24,2,428
7,53,428,45
2,7,45,34
428,2,34,1382
45,428,1382,38
34,45,38,1734
1382,34,1734,24
38,1382,24,2662
1734,38,2662,257
24,1734,257,181
2662,24,181,29
257,2662,29,285
181,257,285,33
29,181,33,116
285,29,116,7
33,285,7,113
116,33,113,70
7,116,70,45
113,7,45,16
70,113,16,2539
45,70,2539,5
16,45,5,8
2539,16,8,1105
5,2539,1105,5
8,5,5,356
1105,8,356,4
5,1105,4,7
356,5,7,113
4,356,113,152
7,4,152,4
113,7,4,94
152,113,94,18
4,152,18,295
94,4,295,3
18,94,3,358
295,18,358,37
3,295,37,206
358,3,206,311
37,358,311,674
206,37,674,7
311,206,7,6
674,311,6,877
7,674,877,4
6,7,4,206
877,6,206,30
4,877,30,18
206,4,18,989
30,206,989,446
18,30,446,5
989,18,5,935
446,989,935,4
5,446,4,1549
935,5,1549,2140
4,935,2140,12
1549,4,12,2130
2140,1549,2130,322
12,2140,322,226
2130,12,226,145
322,2130,145,30
226,322,30,72
145,226,72,2
30,145,2,664
72,30,664,606
2,72,606,254
664,2,254,32
606,664,32,125
254,606,125,139
32,254,139,4153
125,32,4153,2
139,125,2,490
4153,139,490,234
2,4153,234,29
490,2,29,165
234,490,165,3683
29,234,3683,865
165,29,865,5
3683,165,5,3580
865,3683,3580,49
5,865,49,9
3580,5,9,10
49,3580,10,84
9,49,84,33
10,9,33,415
84,10,415,101
33,84,101,2662
415,33,2662,257
101,415,257,72
2662,101,72,324
257,2662,324,56
72,257,56,15
324,72,15,2
56,324,2,181
15,56,181,10
2,15,10,14
181,2,14,21
10,181,21,2
14,10,2,201
21,14,201,181
2,21,181,9
201,2,9,269
181,201,269,32
9,181,32,8
269,9,8,7
32,269,7,271
8,32,271,8
7,8,8,70
271,7,70,45
8,271,45,162
70,8,162,4
45,70,4,374
162,45,374,16
4,162,16,110
374,4,110,3
16,374,3,18
110,16,18,3
3,110,3,123
18,3,123,2
3,18,2,490
123,3,490,234
2,123,234,23
490,2,23,11
234,490,11,28
23,234,28,29
11,23,29,9
28,11,9,180
29,28,180,101
9,29,101,84
180,9,84,7
101,180,7,218
84,101,218,3
7,84,3,744
218,7,744,12
3,218,12,62
744,3,62,30
12,744,30,55
62,12,55,4887
30,62,4887,2
55,30,2,9455
4887,55,9455,311
2,4887,311,674
9455,2,674,224
311,9455,224,15
674,311,15,2297
224,674,2297,1833
15,224,1833,283
2297,15,283,299
1833,2297,299,3
283,1833,3,48
299,283,48,5
3,299,5,67
48,3,67,45
5,48,45,2
67,5,2,2
45,67,2,101
1988,3062,204,16
102,1988,16,527
204,102,527,5
16,204,5,197
527,16,197,6415
5,527,6415,15
197,5,15,657
6415,197,657,817
15,6415,817,409
657,15,409,979
817,657,979,197
409,817,197,7
979,409,7,2655
197,979,2655,3
7,197,3,1778
2655,7,1778,10
3,2655,10,71226
1778,3,71226,1910
10,1778,1910,939
71226,10,939,23
1910,71226,23,1747
939,1910,1747,938
23,939,938,479
1747,23,479,71
938,1747,71,252
479,938,252,7
71,479,7,84
252,71,84,3200
7,252,3200,204
84,7,204,5
3200,84,5,16882
204,3200,16882,4
5,204,4,424
16882,5,424,3
4,16882,3,4247
424,4,4247,43
3,424,43,127
4247,3,127,85
43,4247,85,366
127,43,366,7
85,127,7,25
366,85,25,10864
7,366,10864,10
25,7,10,7
10864,25,7,2534
10,10864,2534,3080
7,10,3080,41
2534,7,41,3080
3080,2534,3080,7
41,3080,7,8
3080,41,8,43
7,3080,43,7
8,7,7,9535
43,8,9535,24
7,43,24,657
9535,7,657,3126
24,9535,3126,8242
657,24,8242,544
3126,657,544,20
8242,3126,20,153
544,8242,153,170
20,544,170,860
153,20,860,43
170,153,43,152
860,170,152,4
43,860,4,267
152,43,267,5
4,152,5,162
267,4,162,127
5,267,127,2164
162,5,2164,78
127,162,78,32
2164,127,32,18
78,2164,18,47
32,78,47,4288
18,32,4288,263
47,18,263,14008
4288,47,14008,3241
263,4288,3241,9
14008,263,9,1414
3241,14008,1414,79
9,3241,79,135
1414,9,135,97
79,1414,97,2554
135,79,2554,10
97,135,10,7
2554,97,7,606
10,2554,606,1532
7,10,1532,8
606,7,8,1589
1532,606,1589,7
8,1532,7,31347
1589,8,31347,424
7,1589,424,3
31347,7,3,748
424,31347,748,1179
3,424,1179,5
748,3,5,85
1179,748,85,19
5,1179,19,3404
85,5,3404,3312
19,85,3312,294
3404,19,294,12
3312,3404,12,32
294,3312,32,54
12,294,54,230
32,12,230,950
54,32,950,58
230,54,58,94
950,230,94,138
58,950,138,27
94,58,27,204
138,94,204,13
27,138,13,10422
204,27,10422,1336
13,204,1336,98
10422,13,98,1335
1336,10422,1335,3
98,1336,3,16882
1335,98,16882,496
3,1335,496,36
16882,3,36,424
496,16882,424,3
36,496,3,4247
424,36,4247,355
3,424,355,199
4247,3,199,84
355,4247,84,71
199,355,71,252
84,199,252,13
71,84,13,3457
252,71,3457,79
13,252,79,7729
3457,13,7729,19
79,3457,19,2195
7729,79,2195,3200
19,7729,3200,204
2195,19,204,4023
3200,2195,4023,43
204,3200,43,92
4023,204,92,2204
43,4023,2204,908
92,43,908,204
2204,92,204,5
908,2204,5,3062
204,908,3062,69
5,204,69,3
3062,5,3,5121
69,3062,5121,15
3,69,15,85
5121,3,85,2679
15,5121,2679,425
85,15,425,197
2679,85,197,259
425,2679,259,20
197,425,20,123
259,197,123,3681
20,259,3681,3
123,20,3,2
3681,123,2,668
3,3681,668,39
2,3,39,446
668,2,446,64
39,668,64,752
446,39,752,16
64,446,16,10587
752,64,10587,2
16,752,2,323
10587,16,323,5
2,10587,5,432
323,2,432,1177
5,323,1177,737
432,5,737,43
1177,432,43,92
737,1177,92,7
43,737,7,2204
92,43,2204,16148
7,92,16148,263
2204,7,263,35
16148,2204,35,9
263,16148,9,16882
35,263,16882,4
9,35,4,105
16882,9,105,11470
4,16882,11470,7213
105,4,7213,579
11470,105,579,759
7213,11470,759,1674
579,7213,1674,53
759,579,53,16
1674,759,16,251
53,1674,251,223
16,53,223,70
251,16,70,1004
223,251,1004,9
70,223,9,9106
1004,70,9106,61
9,1004,61,41
9106,9,41,288
61,9106,288,1084
41,61,1084,102
288,41,102,204
1084,288,204,122
102,1084,122,43
204,102,43,625
122,204,625,678
43,122,678,16
625,43,16,2520
678,625,2520,9
16,678,9,11052
2520,16,11052,6015
9,2520,6015,12
11052,9,12,263
6015,11052,263,92
12,6015,92,2874
263,12,2874,1726
92,263,1726,657
2874,92,657,1007
1726,2874,1007,6358
657,1726,6358,16323
1007,657,16323,952
6358,1007,952,43
16323,6358,43,366
952,16323,366,2
43,952,2,4023
366,43,4023,16437
2,366,16437,2679
4023,2,2679,11
16437,4023,11,383
2679,16437,383,8
11,2679,8,3753
383,11,3753,1447
8,383,1447,213
3753,8,213,18384
1447,3753,18384,889
213,1447,889,5
18384,213,5,3062
889,18384,3062,740
5,889,740,207
3062,5,207,44
740,3062,44,90
207,740,90,5
44,207,5,54
90,44,54,55
5,90,55,17
54,5,17,4017
55,54,4017,3
17,55,3,70
4017,17,70,3328
3,4017,3328,29
70,3,29,1589
3328,70,1589,115
29,3328,115,484
1589,29,484,231
115,1589,231,4
484,115,4,948
231,484,948,43
4,231,43,92
948,4,92,9
43,948,9,156
92,43,156,6015
9,92,6015,53
156,9,53,16
6015,156,16,363
53,6015,363,527
16,53,527,8
363,16,8,759
527,363,759,27557
8,527,27557,56
759,8,56,5
27557,759,5,197
56,27557,197,7
5,56,7,2
197,5,2,7273
7,197,7273,8090
2,7,8090,2
7273,2,2,15
8090,7273,15,1011
2,8090,1011,41923
15,2,41923,366
1011,15,366,19
41923,1011,19,162
366,41923,162,4
19,366,4,43
162,19,43,152
4,162,152,53
43,4,53,7
152,43,7,64
53,152,64,416
7,53,416,2442
64,7,2442,19
416,64,19,71
2442,416,71,252
19,2442,252,3
71,19,3,144
252,71,144,10
3,252,10,3772
144,3,3772,1674
10,144,1674,102
3772,10,102,263
1674,3772,263,92
102,1674,92,3181
263,102,3181,261
92,263,261,209
3181,92,209,115
261,3181,115,21
209,261,21,966
115,209,966,2
21,115,2,7204
966,21,7204,854
2,966,854,5
7204,2,5,2062
854,7204,2062,59
5,854,59,181
2062,5,181,1362
59,2062,1362,6
181,59,6,860
1362,181,860,82
6,1362,82,285
860,6,285,168
82,860,168,197
285,82,197,259
168,285,259,82
197,168,82,8
259,197,8,162
82,259,162,150
8,82,150,369
162,8,369,1054
150,162,1054,14
369,150,14,3051
1054,369,3051,19
14,1054,19,263
3051,14,263,406
19,3051,406,1674
263,19,1674,3524
406,263,3524,12
1674,406,12,291
3524,1674,291,19
12,3524,19,2
291,12,2,432
19,291,432,4267
2,19,4267,214
432,2,214,1199
4267,432,1199,19
214,4267,19,320
1199,214,320,5
19,1199,5,28067
320,19,28067,1199
5,320,1199,7
28067,5,7,2374
1199,28067,2374,19
7,1199,19,2549
2374,7,2549,3
19,2374,3,83156
2549,19,83156,9153
3,2549,9153,113
83156,3,113,2148
9153,83156,2148,2948
113,9153,2948,1133
2148,113,1133,285
2948,2148,285,64
1133,2948,64,13428
285,1133,13428,416
64,285,416,14
13428,64,14,2442
416,13428,2442,140
14,416,140,72
2442,14,72,357
140,2442,357,5
72,140,5,2
357,72,2,5720
5,357,5720,1177
2,5,1177,333
5720,2,333,142
1177,5720,142,140
333,1177,140,263
142,333,263,299
140,142,299,460
263,140,460,9
299,263,9,8
460,299,8,51
9,460,51,10
8,9,10,14
51,8,14,522
10,51,522,2
14,10,2,2
522,14,2,3179
2,522,3179,8090
2,2,8090,24
3179,2,24,239
8090,3179,239,41
24,8090,41,344
239,24,344,139
41,239,139,156
344,41,156,2
139,344,2,125
156,139,125,307
2,156,307,24
125,2,24,1054
307,125,1054,2554
24,307,2554,998
1054,24,998,8
2554,1054,8,97
998,2554,97,582
8,998,582,13
97,8,13,18769
582,97,18769,32
13,582,32,127
18769,13,127,499
32,18769,499,74
127,32,74,49
499,127,49,162
74,499,162,970
49,74,970,494
162,49,494,145
970,162,145,39403
494,970,39403,4023
145,494,4023,43
39403,145,43,923
4023,39403,923,2679
43,4023,2679,14
923,43,14,1341
2679,923,1341,2
14,2679,2,2
1341,14,2,1230
2,1341,1230,4
2,2,4,25
1230,2,25,197
4,1230,197,492
25,4,492,946
197,25,946,30
492,197,30,79
946,492,79,47122
30,946,47122,3089
79,30,3089,19
47122,79,19,15254
3089,47122,15254,204
19,3089,204,10
15254,19,10,14
204,15254,14,3864
10,204,3864,777
14,10,777,781
3864,14,781,296
777,3864,296,19
781,777,19,4224
296,781,4224,797
19,296,797,2591
4224,19,2591,1762
797,4224,1762,8
2591,797,8,307
1762,2591,307,4054
8,1762,4054,125
307,8,125,10
4054,307,10,13
125,4054,13,412
10,125,412,3
13,10,3,25
412,13,25,15
3,412,15,204
25,3,204,1762
15,25,1762,13
204,15,13,170
1762,204,170,2365
13,1762,2365,8
170,13,8,22
2365,170,22,333
8,2365,333,14
22,8,14,474
333,22,474,162
14,333,162,97
474,14,97,682
162,474,682,20
97,162,20,7
682,97,7,120
20,682,120,10
7,20,10,93
120,7,93,245
10,120,245,2487
93,10,2487,1762
245,93,1762,13
2487,245,13,2491
1762,2487,2491,3
13,1762,3,307
2491,13,307,41
3,2491,41,125
307,3,125,8
41,307,8,34
125,41,34,988
8,125,988,8
34,8,8,32
988,34,32,2
8,988,2,269
32,8,269,5
2,32,5,35
269,2,35,142
5,269,142,6
35,5,6,29871
142,35,29871,1931
6,142,1931,5
29871,6,5,537
1931,29871,537,4
5,1931,4,246
537,5,246,3
4,537,3,2547
246,4,2547,1083
3,246,1083,703
2547,3,703,6
1083,2547,6,1209
703,1083,1209,4
6,703,4,278
1209,6,278,9
4,1209,9,2466
278,4,2466,5
9,278,5,991
2466,9,991,160
5,2466,160,4173
991,5,4173,1762
160,991,1762,44
4173,160,44,8
1762,4173,8,125
44,1762,125,988
8,44,988,8
125,8,8,32
988,125,32,659
8,988,659,203
32,8,203,3476
659,32,3476,3
203,659,3,233
3476,203,233,59
3,3476,59,11
233,3,11,1336
59,233,1336,6
11,59,6,8
1336,11,8,11
6,1336,11,14
8,6,14,13
11,8,13,98
14,11,98,2278
13,14,2278,6
98,13,6,12528
2278,98,12528,1060
6,2278,1060,3
12528,6,3,2382
1060,12528,2382,1762
3,1060,1762,13
2382,3,13,28
1762,2382,28,8
13,1762,8,781
28,13,781,7
8,28,7,110
781,8,110,3
7,781,3,3304
110,7,3304,7052
3,110,7052,125
3304,3,125,12
7052,3304,12,32
125,7052,32,1532
12,125,1532,36698
32,12,36698,3
1532,32,3,430
36698,1532,430,20
3,36698,20,205
430,3,205,52
20,430,52,416
205,20,416,524
52,205,524,61
416,52,61,32
524,416,32,77
61,524,77,17
32,61,17,3215
77,32,3215,9
17,77,9,7353
3215,17,7353,2
9,3215,2,149
7353,9,149,2
2,7353,2,4679
149,2,4679,6
2,149,6,6153
4679,2,6153,4
6,4679,4,14790
6153,6,14790,158
4,6153,158,430
14790,4,430,2006
158,14790,2006,5
430,158,5,43
2006,430,43,3169
5,2006,3169,5
43,5,5,4
3169,43,4,70
5,3169,70,127
4,5,127,94
70,4,94,2
127,70,2,118
94,127,118,646
2,94,646,6
118,2,6,35
646,118,35,10668
6,646,10668,5
35,6,5,834
10668,35,834,122
5,10668,122,2177
834,5,2177,2
122,834,2,2
2177,122,2,172
2,2177,172,92
2,2,92,158
172,2,158,7
92,172,7,2
158,92,2,921
7,158,921,3243
2,7,3243,9
921,2,9,71
3243,921,71,252
9,3243,252,3
71,9,3,346
252,71,346,2
3,252,2,25292
346,3,25292,8090
2,346,8090,4500
25292,2,4500,759
8090,25292,759,496
4500,8090,496,19
759,4500,19,43
496,759,43,92
19,496,92,102
43,19,102,204
92,43,204,2
102,92,2,18728
204,102,18728,16882
2,204,16882,4
18728,2,4,5
16882,18728,5,424
4,16882,424,3
5,4,3,8712
424,5,8712,70
3,424,70,923
8712,3,923,20
70,8712,20,7
923,70,7,72
20,923,72,42
7,20,42,41
72,7,41,7749
42,72,7749,5
41,42,5,62
7749,41,62,7330
5,7749,7330,4
62,5,4,6771
7330,62,6771,43
4,7330,43,92
6771,4,92,13
43,6771,13,247
92,43,247,44
13,92,44,19
247,13,19,44
44,247,44,10
