35,660,50,21
158,35,21,774
50,158,774,3184
21,50,3184,3
774,21,3,25
3184,774,25,476
3,3184,476,37
25,3,37,10
476,25,10,4833
37,476,4833,582
10,37,582,5
4833,10,5,808
582,4833,808,481
5,582,481,6
808,5,6,42
481,808,42,125
6,481,125,8
42,6,8,57
125,42,57,35
8,125,35,158
57,8,158,1047
35,57,1047,8
158,35,8,76
1047,158,76,6
8,1047,6,4002
76,8,4002,16
6,76,16,470
4002,6,470,131
16,4002,131,2808
470,16,2808,139
131,470,139,5
2808,131,5,397
139,2808,397,3169
5,139,3169,3
397,5,3,345
3169,397,345,4
3,3169,4,424
345,3,424,3
4,345,3,484
424,4,484,10
3,424,10,79
484,3,79,2
10,484,2,105
79,10,105,65593
2,79,65593,10
105,2,10,2
65593,105,2,105
10,65593,105,3388
2,10,3388,84
105,2,84,46
3388,105,46,2
84,3388,2,149
46,84,149,10
2,46,10,121
149,2,121,17
10,149,17,7
121,10,7,380
17,121,380,241
7,17,241,47
380,7,47,4
241,380,4,1353
47,241,1353,5
4,47,5,15374
1353,4,15374,72
5,1353,72,37
15374,5,37,622
72,15374,622,137
37,72,137,164
622,37,164,36
137,622,36,164
164,137,164,21
36,164,21,87
164,36,87,94
21,164,94,121
87,21,121,123
94,87,123,98
121,94,98,2463
123,121,2463,3
98,123,3,948
2463,98,948,332
3,2463,332,57
948,3,57,9
332,948,9,476
57,332,476,110
9,57,110,732
476,9,732,2379
110,476,2379,6
732,110,6,133
2379,732,133,29
6,2379,29,87
133,6,87,612
29,133,612,158
87,29,158,147
612,87,147,3
158,612,3,96
147,158,96,655
3,147,655,4
96,3,4,69
655,96,69,420
4,655,420,4
69,4,4,924
420,69,924,3
4,420,3,93
924,4,93,81
3,924,81,12
93,3,12,433
81,93,433,254
12,81,254,62
433,12,62,26
254,433,26,100
62,254,100,16
26,62,16,1170
100,26,1170,139
16,100,139,101
1170,16,101,75
139,1170,75,2
101,139,2,4913
75,101,4913,7
2,75,7,325
4913,2,325,60
7,4913,60,3
325,7,3,358
60,325,358,37
3,60,37,51
358,3,51,92
37,358,92,121
51,37,121,25
92,51,25,3
121,92,3,1080
25,121,1080,9
3,25,9,1907
1080,3,1907,72
9,1080,72,2
1907,9,2,3201
72,1907,3201,5
2,72,5,2
3201,2,2,3324
5,3201,3324,176
2,5,176,643
3324,2,643,7
176,3324,7,325
643,176,325,60
7,643,60,3
325,7,3,358
60,325,358,37
3,60,37,176
358,3,176,1031
37,358,1031,10
176,37,10,59
1031,176,59,67
10,1031,67,769
59,10,769,93
67,59,93,1065
769,67,1065,12
93,769,12,2
1065,93,2,255
12,1065,255,4
2,12,4,53
255,2,53,2
4,255,2,280
53,4,280,924
2,53,924,3
280,2,3,96
924,280,96,92344
3,924,92344,51
96,3,51,30
92344,96,30,219
51,92344,219,1649
30,51,1649,84
219,30,84,7
1649,219,7,8
84,1649,8,162
7,84,162,774
8,7,774,63
162,8,63,71
774,162,71,4
63,774,4,95
71,63,95,438
4,71,438,9
95,4,9,22
438,95,22,97
9,438,97,127
22,9,127,499
97,22,499,16
127,97,16,3184
499,127,3184,3
16,499,3,358
3184,16,358,37
3,3184,37,4002
358,3,4002,71
37,358,71,1118
4002,37,1118,15
71,4002,15,4002
1118,71,4002,1600
15,1118,1600,873
4002,15,873,2
1600,4002,2,35
873,1600,35,5
2,873,5,1924
35,2,1924,8
5,35,8,34
1924,5,34,609
8,1924,609,227
34,8,227,715
609,34,715,3
227,609,3,2770
715,227,2770,53
3,715,53,4
2770,3,4,228
53,2770,228,771
4,53,771,10284
228,4,10284,4
771,228,4,14415
10284,771,14415,78
4,10284,78,32
14415,4,32,459
78,14415,459,10
32,78,10,6
459,32,6,540
10,459,540,185
6,10,185,59
540,6,59,331
185,540,331,51
59,185,51,139
331,59,139,11
51,331,11,2010
139,51,2010,13
11,139,13,47
2010,11,47,855
13,2010,855,61
47,13,61,29
855,47,29,13
61,855,13,254
29,61,254,30
13,29,30,380
254,13,380,13
30,254,13,2
380,30,2,312
13,380,312,6
2,13,6,143
312,2,143,35
6,312,35,5
143,6,5,157
35,143,157,120
5,35,120,684
157,5,684,54
120,157,54,7
684,120,7,1237
54,684,1237,6
7,54,6,90
1237,7,90,107
6,1237,107,4
90,6,4,408
107,90,408,1241
4,107,1241,70
408,4,70,13
1241,408,13,47
70,1241,47,2999
13,70,2999,4
47,13,4,16710
2999,47,16710,6
4,2999,6,345
16710,4,345,6238
6,16710,6238,538
345,6,538,4
6238,345,4,498
538,6238,498,5
4,538,5,8
498,4,8,35
5,498,35,4144
8,5,4144,2
35,8,2,286
4144,35,286,11
2,4144,11,7
286,2,7,245
11,286,245,299
7,11,299,11
245,7,11,13
299,245,13,1281
11,299,1281,9
13,11,9,248
1281,13,248,8
9,1281,8,11
248,9,11,1879
8,248,1879,23116
11,8,23116,7
1879,11,7,468
23116,1879,468,33
7,23116,33,51
468,7,51,52
33,468,52,1015
51,33,1015,6
52,51,6,2
1015,52,2,1419
6,1015,1419,3307
2,6,3307,5
1419,2,5,3238
3307,1419,3238,13
5,3307,13,47
3238,5,47,2999
13,3238,2999,6238
47,13,6238,538
2999,47,538,4
6238,2999,4,118
538,6238,118,13542
4,538,13542,6
118,4,6,10
13542,118,10,53
6,13542,53,9140
10,6,9140,47
53,10,47,297
9140,53,297,9
47,9140,9,22
297,47,22,177
9,297,177,494
22,9,494,145
177,22,145,228
494,177,228,9
145,494,9,4833
228,145,4833,3
9,228,3,94601
4833,9,94601,58
3,4833,58,10
94601,3,10,635
58,94601,635,17
10,58,17,2657
635,10,2657,52
17,635,52,26
2657,17,26,16
52,2657,16,1918
26,52,1918,6
16,26,6,2848
1918,16,2848,237
6,1918,237,4
2848,6,4,674
237,2848,674,139
4,237,139,771
674,4,771,459
139,674,459,4
771,139,4,1271
459,771,1271,239
4,459,239,26
1271,4,26,25
239,1271,25,313
26,239,313,3
25,26,3,14
313,25,14,3
3,313,3,358
14,3,358,1638
3,14,1638,37
358,3,37,10
1638,358,10,23
37,1638,23,48
10,37,48,1460
23,10,1460,931
48,23,931,14
1460,48,14,99
931,1460,99,3
14,931,3,276
99,14,276,98
3,99,98,4110
276,3,4110,300
98,276,300,4407
4110,98,4407,948
300,4110,948,12
4407,300,12,4002
948,4407,4002,612
12,948,612,158
4002,12,158,4
612,4002,4,227
158,612,227,92
4,158,92,10338
227,4,10338,16960
92,227,16960,498
10338,92,498,4833
16960,10338,4833,252
498,16960,252,5
4833,498,5,98
252,4833,98,2278
5,252,2278,1025
98,5,1025,305
2278,98,305,14
1025,2278,14,331
305,1025,331,37
14,305,37,10
331,14,10,12
37,331,12,473
10,37,473,4
12,10,4,28
473,12,28,11
4,473,11,77
28,4,77,44
11,28,44,136
77,11,136,170
44,77,170,8
136,44,8,21
170,136,21,4
8,170,4,139
21,8,139,8
4,21,8,101
139,4,101,84
8,139,84,30
101,8,30,380
84,101,380,47
30,84,47,1065
380,30,1065,12
47,380,12,24
1065,47,24,51
12,1065,51,7
24,12,7,55
51,24,55,468
7,51,468,11
55,7,11,13
468,55,13,28
11,468,28,476
13,11,476,37
28,13,37,10
476,28,10,170
37,476,170,138
10,37,138,27
170,10,27,14
138,170,14,68
27,138,68,3758
14,27,3758,3
68,14,3,1643
3758,68,1643,10
3,3758,10,3377
1643,3,3377,3
10,1643,3,2
3377,10,2,523
3,3377,523,194
2,3,194,12
523,2,12,298
194,523,298,19
12,194,19,254
298,12,254,2
19,298,2,148
254,19,148,73
2,254,73,8
148,2,8,121
73,148,121,505
8,73,505,29
121,8,29,285
505,121,285,7
29,505,7,25
285,29,25,14
7,285,14,3
25,7,3,300
14,25,300,12
3,14,12,8
300,3,8,256
12,300,256,728
8,12,728,28
256,8,28,7
728,256,7,113
28,728,113,498
7,28,498,13
113,7,13,317
498,113,317,150
13,498,150,1696
317,13,1696,6
150,317,6,4
1696,150,4,33
6,1696,33,116
4,6,116,7
33,4,7,507
116,33,507,11
7,116,11,34
507,7,34,1315
11,507,1315,20
34,11,20,6582
1315,34,6582,7
20,1315,7,18
6582,20,18,47
7,6582,47,458
18,7,458,3
47,18,3,346
458,47,346,98
3,458,98,300
346,3,300,24
98,346,24,827
300,98,827,189
24,300,189,1079
827,24,1079,891
189,827,891,866
1079,189,866,457
891,1079,457,2842
866,891,2842,1560
457,866,1560,1221
2842,457,1221,2071
1560,2842,2071,36
1221,1560,36,1987
2071,1221,1987,48026
36,2071,48026,53
1987,36,53,7
48026,1987,7,42
53,48026,42,58
7,53,58,94
42,7,94,31
58,42,31,146
94,58,146,2671
31,94,2671,1184
146,31,1184,37
2671,146,37,139
1184,2671,139,638
37,1184,638,193
139,37,193,10
638,139,10,7
193,638,7,2
10,193,2,1318
7,10,1318,23
2,7,23,207
1318,2,207,446
23,1318,446,5
207,23,5,92
446,207,92,2
5,446,2,1318
92,5,1318,5
2,92,5,312
1318,2,312,158
5,1318,158,2
312,5,2,1318
158,312,1318,5
2,158,5,826
1318,2,826,158
5,1318,158,4
826,5,4,471
158,826,471,4
4,158,4,225
471,4,225,5
4,471,5,1338
225,4,1338,18
5,225,18,47
1338,5,47,5102
18,1338,5102,193
47,18,193,28
5102,47,28,207
193,5102,207,70
28,193,70,7
207,28,7,3115
70,207,3115,3
7,70,3,18
3115,7,18,656
3,3115,656,3
18,3,3,1622
656,18,1622,538
3,656,538,4
1622,3,4,3
538,1622,3,48
4,538,48,397
3,4,397,31
48,3,31,18
397,48,18,47
31,397,47,6544
18,31,6544,19
47,18,19,92
6544,47,92,158
19,6544,158,19
92,19,19,38
158,92,38,7346
19,158,7346,19
38,19,19,38
7346,38,38,17148
19,7346,17148,10
38,19,10,9986
17148,38,9986,6
10,17148,6,1345
9986,10,1345,193
6,9986,193,1338
1345,6,1338,35
193,1345,35,437
1338,193,437,481
35,1338,481,12
437,35,12,49
481,437,49,558
12,481,558,1128
49,12,1128,8
558,49,8,69
1128,558,69,14
8,1128,14,1825
69,8,1825,4265
14,69,4265,538
1825,14,538,3
4265,1825,3,771
538,4265,771,6457
3,538,6457,456
771,3,456,6
6457,771,6,312
456,6457,312,54
6,456,54,666
312,6,666,3
54,312,3,1463
666,54,1463,225
3,666,225,21
1463,3,21,3
225,1463,3,18
21,225,18,44339
3,21,44339,7
18,3,7,22
44339,18,22,325
7,44339,325,3
22,7,3,1540
325,22,1540,139
3,325,139,6
1540,3,6,15
139,1540,15,22
6,139,22,2100
15,6,2100,3623
22,15,3623,5
2100,22,5,92
3623,2100,92,29
5,3623,29,10
92,5,10,7
29,92,7,2657
10,29,2657,8
7,10,8,798
2657,7,798,5
8,2657,5,22
798,8,22,58
5,798,58,1580
22,5,1580,7
58,22,7,245
1580,58,245,14
7,1580,14,3
245,7,3,358
14,245,358,37
3,14,37,10
358,3,10,52
37,358,52,4833
10,37,4833,50
52,10,50,2
4833,52,2,162
50,4833,162,33
2,50,33,55
162,2,55,17
33,162,17,507
55,33,507,26
17,55,26,100
507,17,100,17
26,507,17,4288
100,26,4288,89
17,100,89,29
4288,17,29,11
89,4288,11,7
29,89,7,26
11,29,26,16
7,11,16,110
26,7,110,3
16,26,3,44
110,16,44,8
3,110,8,20
44,3,20,1907
8,44,1907,1740
20,8,1740,8
1907,20,8,255
1740,1907,255,8
8,1740,8,1894
255,8,1894,1237
8,255,1237,4
1894,8,4,220
1237,1894,220,45
4,1237,45,16
220,4,16,398
45,220,398,186
16,45,186,769
398,16,769,19
186,398,19,92
769,186,92,23
19,769,23,48
92,19,48,446
23,92,446,65
48,23,65,255
446,48,255,8
65,446,8,1894
255,65,1894,1419
8,255,1419,4
1894,8,4,119
1419,1894,119,45
4,1419,45,87
119,4,87,88
45,119,88,5
87,45,5,81
88,87,81,25
5,88,25,113
81,5,113,8
25,81,8,340
113,25,340,560
8,113,560,26
340,8,26,16
560,340,16,110
26,560,110,3
16,26,3,44
110,16,44,8
3,110,8,20
44,3,20,62
8,44,62,8
20,8,8,30
62,20,30,147
8,62,147,2
30,8,2,372
147,30,372,1253
2,147,1253,6
372,2,6,1853
1253,372,1853,749
6,1253,749,6
1853,6,6,157
749,1853,157,87
6,749,87,26
157,6,26,25
87,157,25,245
26,87,245,178
25,26,178,8
245,25,8,60658
178,245,60658,95
8,178,95,16
60658,8,16,2100
95,60658,2100,139
16,95,139,8
2100,16,8,4424
139,2100,4424,6
8,139,6,4002
4424,8,4002,459
6,4424,459,4
4002,6,4,8
459,4002,8,51
4,459,51,94
8,4,94,1023
51,8,1023,3
94,51,3,17
1023,94,17,735
3,1023,735,12
17,3,12,26
735,17,26,25
12,735,25,80
26,12,80,18
25,26,18,3
80,25,3,596
18,80,596,12
3,18,12,31
596,3,31,2163
12,596,2163,7066
31,12,7066,336
2163,31,336,5
7066,2163,5,948
336,7066,948,3
5,336,3,596
948,5,596,8
3,948,8,30
596,3,30,18
8,596,18,2
30,8,2,150
18,30,150,255
2,18,255,8
150,2,8,633
255,150,633,769
8,255,769,70
633,8,70,770
769,633,770,5
70,769,5,658
770,70,658,3435
5,770,3435,276
658,5,276,133
3435,658,133,2999
276,3435,2999,538
133,276,538,213
2999,133,213,2
538,2999,2,1916
213,538,1916,5
2,213,5,4
1916,2,4,44
5,1916,44,8
4,5,8,6
44,4,6,235
8,44,235,903
6,8,903,5
235,6,5,568
903,235,568,30
5,903,30,34
568,5,34,147
30,568,147,3
34,30,3,3606
147,34,3606,889
3,147,889,5
3606,3,5,591
889,3606,591,5
5,889,5,670
591,5,670,714
5,591,714,80
670,5,80,79
714,670,79,1814
80,714,1814,6
79,80,6,316
1814,79,316,3
6,1814,3,611
316,6,611,213
3,316,213,61
611,3,61,3
213,611,3,120
61,213,120,10
3,61,10,121
120,3,121,33515
10,120,33515,84
121,10,84,8
33515,121,8,30
84,33515,30,219
8,84,219,2532
30,8,2532,12
219,30,12,194
2532,219,194,5
12,2532,5,2999
194,12,2999,538
5,194,538,94
2999,5,94,121
538,2999,121,44
94,538,44,51
121,94,51,26
44,121,26,137
51,44,137,2
26,51,2,67
137,26,67,1853
2,137,1853,2478
67,2,2478,62
1853,67,62,30
2478,1853,30,121
62,2478,121,16
30,62,16,81
121,30,81,62
16,121,62,136
81,16,136,30
62,81,30,1023
136,62,1023,3
30,136,3,1016
1023,30,1016,4
3,1023,4,62
1016,3,62,8
4,1016,8,1540
62,4,1540,6
8,62,6,15
1540,8,15,57
6,1540,57,148
15,6,148,26
57,15,26,100
148,57,100,73
26,148,73,3
100,26,3,1016
73,100,1016,246
3,73,246,12
51,640,134,390
11,51,390,6
134,11,6,4
390,134,4,407
6,390,407,2296
4,6,2296,126
407,4,126,185
2296,407,185,4564
126,2296,4564,27
185,126,27,13
4564,185,13,47
27,4564,47,314
13,27,314,37
47,13,37,206
314,47,206,11
37,314,11,7
206,37,7,14
11,206,14,3
7,11,3,2025
14,7,2025,6
3,14,6,421
2025,3,421,185
6,2025,185,1527
421,6,1527,5
185,421,5,2271
1527,185,2271,3281
5,1527,3281,1508
2271,5,1508,229
3281,2271,229,36
1508,3281,36,21
229,1508,21,11
36,229,11,245
21,36,245,1389
11,21,1389,10
245,11,10,1508
1389,245,1508,822
10,1389,822,60
1508,10,60,4
822,1508,4,285
60,822,285,206
4,60,206,11
285,4,11,14
206,285,14,101
11,206,101,3
14,11,3,1227
101,14,1227,2
3,101,2,3575
1227,3,3575,2578
2,1227,2578,15
3575,2,15,69646
2578,3575,69646,148
15,2578,148,37
69646,15,37,3281
148,69646,3281,1508
37,148,1508,11
3281,37,11,21
1508,3281,21,76
11,1508,76,2566
21,11,2566,521
76,21,521,8
2566,76,8,2
521,2566,2,677
8,521,677,1437
2,8,1437,146
677,2,146,37
1437,677,37,49
146,1437,49,11
37,146,11,465
49,37,465,10003
11,49,10003,6
465,11,6,183
10003,465,183,2009
6,10003,2009,1217
183,6,1217,5425
2009,183,5425,2
1217,2009,2,2090
5425,1217,2090,12
2,5425,12,421
2090,2,421,29
12,2090,29,11
421,12,11,55
29,421,55,17
11,29,17,2
55,11,2,1049
17,55,1049,15057
2,17,15057,46
1049,2,46,4
15057,1049,4,13702
46,15057,13702,46
4,46,46,1014
13702,4,1014,797
46,13702,797,12
1014,46,12,429
797,1014,429,11
12,797,11,6772
429,12,6772,51
11,429,51,230
6772,11,230,17
51,6772,17,88
230,51,88,7818
17,230,7818,2938
88,17,2938,3526
7818,88,3526,7
2938,7818,7,380
3526,2938,380,367
7,3526,367,388
380,7,388,6
367,380,6,98
388,367,98,185
6,388,185,7
98,6,7,380
185,98,380,2214
7,185,2214,10
380,7,10,14
2214,380,14,25
10,2214,25,16243
14,10,16243,4
25,14,4,6790
16243,25,6790,1566
4,16243,1566,8
6790,4,8,33
1566,6790,33,4644
8,1566,4644,206
33,8,206,10
4644,33,10,13
206,4644,13,208
10,206,208,47
13,10,47,42
208,13,42,50630
47,208,50630,551
42,47,551,1508
50630,42,1508,2352
551,50630,2352,2
1508,551,2,814
2352,1508,814,62
2,2352,62,12
814,2,12,1025
62,814,1025,305
12,62,305,4
1025,12,4,638
305,1025,638,193
4,305,193,1568
638,4,1568,4094
193,638,4094,17315
1568,193,17315,5
4094,1568,5,38
17315,4094,38,268
5,17315,268,144
38,5,144,5
268,38,5,2
144,268,2,1082
5,144,1082,3
2,5,3,2565
