3639,35,68,1336
19363,3639,1336,41660
68,19363,41660,1585
1336,68,1585,7
41660,1336,7,8
1585,41660,8,53
7,1585,53,7
8,7,7,64
53,8,64,2645
7,53,2645,19363
64,7,19363,1723
2645,64,1723,669
19363,2645,669,1052
1723,19363,1052,3777
669,1723,3777,3297
1052,669,3297,35
3777,1052,35,8
3297,3777,8,30
35,3297,30,18
8,35,18,739
30,8,739,8879
18,30,8879,321
739,18,321,4
8879,739,4,8
321,8879,8,64
4,321,64,1169
8,4,1169,829
64,8,829,12
1169,64,12,139
829,1169,139,156
12,829,156,2
139,12,2,217
156,139,217,5
2,156,5,5482
217,2,5482,18
5,217,18,47
5482,5,47,596
18,5482,596,20801
47,18,20801,217
596,47,217,4
20801,596,4,678
217,20801,678,1936
4,217,1936,164
678,4,164,4
1936,678,4,53
164,1936,53,16
4,164,16,72
53,4,72,6347
16,53,6347,250
72,16,250,1689
6347,72,1689,238
250,6347,238,624
1689,250,624,9
238,1689,9,605
624,238,605,4
9,624,4,414
605,9,414,1091
4,605,1091,8726
414,4,8726,27186
1091,414,27186,134
8726,1091,134,250
27186,8726,250,6375
134,27186,6375,310
250,134,310,101480
6375,250,101480,55
310,6375,55,21
101480,310,21,596
55,101480,596,3
21,55,3,2
596,21,2,2435
3,596,2435,224
2,3,224,26
2435,2,26,34
224,2435,34,319
26,224,319,250
34,26,250,12
319,34,12,1082
250,319,1082,10
12,250,10,12
1082,12,12,270
10,1082,270,11
12,10,11,28
270,12,28,184
11,270,184,3
28,11,3,1080
184,28,1080,1184
3,184,1184,2
1080,3,2,1082
1184,1080,1082,8
2,1184,8,13
1082,2,13,3279
8,1082,3279,250
13,8,250,4
3279,13,4,1052
250,3279,1052,45
4,250,45,24
1052,4,24,25
45,1052,25,136
24,45,136,5
25,24,5,108
136,25,108,434
5,136,434,25
108,5,25,136
434,108,136,7739
25,434,7739,9
136,25,9,1052
7739,136,1052,907
9,7739,907,4
1052,9,4,6908
907,1052,6908,25
4,907,25,90
6908,4,90,534
25,6908,534,1052
90,25,1052,5
534,90,5,262
1052,534,262,4
5,1052,4,2281
262,5,2281,26
4,262,26,60277
2281,4,60277,30
26,2281,30,12
60277,26,12,3
30,60277,3,3134
12,30,3134,593
3,12,593,924
3134,3,924,3
593,3134,3,1354
924,593,1354,2
3,924,2,224
1354,3,224,2
2,1354,2,13711
224,2,13711,4
2,224,4,1804
13711,2,1804,42
4,13711,42,11
1804,4,11,28
42,1804,28,30
11,42,30,121
28,11,121,21
30,28,21,81645
121,30,81645,63
21,121,63,68
81645,21,68,28
63,81645,28,6
68,63,6,22
28,68,22,22560
6,28,22560,519
22,6,519,8
22560,22,8,44
519,22560,44,4
8,519,4,153
44,8,153,805
4,44,805,34
153,4,34,17
805,153,17,1170
34,805,1170,9
17,34,9,1505
1170,17,1505,4
9,1170,4,1235
1505,9,1235,8
4,1505,8,122
1235,4,122,1505
8,1235,1505,18
122,8,18,146
1505,122,146,92330
18,1505,92330,94771
146,18,94771,5
92330,146,5,95
94771,92330,95,1670
5,94771,1670,6
95,5,6,1505
1670,95,1505,594
6,1670,594,217
1505,6,217,5
594,1505,5,5482
217,594,5482,250
5,217,250,55
5482,5,55,91
250,5482,91,3
55,250,3,5952
91,55,5952,103420
3,91,103420,250
5952,3,250,366
103420,5952,366,10
250,103420,10,342
366,250,342,348
10,366,348,7
342,10,7,1929
348,342,1929,6
7,348,6,1160
1929,7,1160,43
6,1929,43,7
1160,6,7,1024
43,1160,1024,3
7,43,3,4718
1024,7,4718,869
3,1024,869,5
4718,3,5,60
869,4718,60,6
5,869,6,54
60,5,54,250
6,60,250,40
54,6,40,17
250,54,17,458
40,250,458,3
17,40,3,981
458,17,981,16990
3,458,16990,1201
981,3,1201,9
16990,981,9,42
1201,16990,42,342
9,1201,342,537
42,9,537,2206
342,42,2206,3
537,342,3,2
2206,537,2,6683
3,2206,6683,60
2,3,60,3
6683,2,3,41
60,6683,41,65
3,60,65,2
41,3,2,66
65,41,66,4792
2,65,4792,217
66,2,217,5
4792,66,5,5482
217,4792,5482,40
5,217,40,17
5482,5,17,531
40,5482,531,3
17,40,3,156
531,17,156,2
3,531,2,19830
156,3,19830,4172
2,156,4172,54
19830,2,54,68
4172,19830,68,364
54,4172,364,1886
68,54,1886,1101
364,68,1101,1476
1886,364,1476,204
1101,1886,204,4
1476,1101,4,539
204,1476,539,16
4,204,16,68
539,4,68,1279
16,539,1279,3
68,16,3,2542
1279,68,2542,3698
3,1279,3698,74
2542,3,74,62
3698,2542,62,241
74,3698,241,2159
62,74,2159,40
241,62,40,469
2159,241,469,12
40,2159,12,250
469,40,250,342
12,469,342,348
250,12,348,126
342,250,126,26
348,342,26,16
126,348,16,3056
26,126,3056,11773
16,26,11773,43
3056,16,43,7
11773,3056,7,1279
43,11773,1279,3
7,43,3,319
1279,7,319,3253
3,1279,3253,5
319,3,5,2159
3253,319,2159,6
5,3253,6,236
2159,5,236,9
6,2159,9,66
236,6,66,184
9,236,184,3
66,9,3,2354
184,66,2354,181
3,184,181,29
2354,3,29,19363
181,2354,19363,134
29,181,134,111
19363,29,111,238
134,19363,238,1091
111,134,1091,369
238,111,369,8
1091,238,8,20782
369,1091,20782,5
8,369,5,588
20782,8,588,7
5,20782,7,165
588,5,165,118
7,588,118,1731
165,7,1731,19
118,165,19,83426
1731,118,83426,68
19,1731,68,1439
83426,19,1439,142
68,83426,142,12
1439,68,12,354
142,1439,354,8
12,142,8,48
354,12,48,5
8,354,5,833
48,8,833,12
5,48,12,250
833,5,250,40
12,833,40,3313
250,12,3313,3846
40,250,3846,23
3313,40,23,117
3846,3313,117,5
23,3846,5,20
117,23,20,40653
5,117,40653,30
20,5,30,16
40653,20,16,4715
30,40653,4715,4
16,30,4,51
4715,16,51,30
4,4715,30,16
51,4,16,1279
30,51,1279,3
16,30,3,1666
1279,16,1666,7
3,1279,7,2
1666,3,2,952
7,1666,952,5
2,7,5,7869
952,2,7869,4
5,952,4,2601
7869,5,2601,11
4,7869,11,1380
2601,4,1380,76
11,2601,76,34
1380,11,34,117
76,1380,117,75
34,76,75,2
117,34,2,241
75,117,241,1088
2,75,1088,5
241,2,5,60
1088,241,60,57
5,1088,57,34
60,5,34,218
57,60,218,752
34,57,752,65
218,34,65,8
752,218,8,4
65,752,4,165
8,65,165,57
4,8,57,34
165,4,34,17
57,165,17,10917
34,57,10917,6
17,34,6,89397
10917,17,89397,43
6,10917,43,158
89397,6,158,18
43,89397,18,28
158,43,28,43
18,158,43,7
28,18,7,400
43,28,400,455
7,43,455,2
400,7,2,6202
455,400,6202,60
2,455,60,65983
6202,2,65983,2
60,6202,2,3271
65983,60,3271,6
2,65983,6,8842
3271,2,8842,429
6,3271,429,12
8842,6,12,62
429,8842,62,4
12,429,4,59
62,12,59,1084
4,62,1084,102
59,4,102,250
1084,59,250,40
102,1084,40,17
250,102,17,3056
40,250,3056,56
17,40,56,43
3056,17,43,158
56,3056,158,28
43,56,28,26
158,43,26,7
28,158,7,913
26,28,913,8
7,26,8,250
913,7,250,40
8,913,40,1205
250,8,1205,2
40,250,2,21604
1205,40,21604,26
2,1205,26,453
21604,2,453,8
26,21604,8,2
453,26,2,3646
8,453,3646,869
2,8,869,5
3646,2,5,60
869,3646,60,6
5,869,6,54
60,5,54,250
6,60,250,40
54,6,40,18
250,54,18,1868
40,250,1868,2
18,40,2,241
1868,18,241,352
2,1868,352,5
241,2,5,4293
352,241,4293,40
5,352,40,18
4293,5,18,21637
40,4293,21637,126
18,40,126,601
21637,18,601,10096
126,21637,10096,5
601,126,5,1084
10096,601,1084,40
5,10096,40,17
1084,5,17,105031
40,1084,105031,18
17,40,18,247
105031,17,247,2
18,105031,2,531
247,18,531,177
2,247,177,5
531,2,5,185
177,531,185,6
5,177,6,197
185,5,197,74
6,185,74,71
197,6,71,252
74,197,252,1505
71,74,1505,15
252,71,15,250
1505,252,250,2
15,1505,2,58
250,15,58,4
2,250,4,76
58,2,76,135
4,58,135,232
76,4,232,5
135,76,5,233
232,135,233,18
5,232,18,8485
233,5,8485,3
18,233,3,224
8485,18,224,4
3,8485,4,1407
224,3,1407,334
4,224,334,8255
1407,4,8255,3
334,1407,3,3474
8255,334,3474,1084
3,8255,1084,3191
3474,3,3191,18
1084,3474,18,1937
3191,1084,1937,2
18,3191,2,531
1937,18,531,729
2,1937,729,5
531,2,5,3325
729,531,3325,12
5,729,12,37829
3325,5,37829,158
12,3325,158,12
37829,12,12,429
158,37829,429,1023
12,158,1023,3
429,12,3,14126
1023,429,14126,76
3,1023,76,5
14126,3,5,18021
76,14126,18021,158
5,76,158,28
18021,5,28,8
158,18021,8,1084
28,158,1084,2174
8,28,2174,40
1084,8,40,17
2174,1084,17,2116
40,2174,2116,3199
17,40,3199,99
2116,17,99,4
3199,2116,4,7653
99,3199,7653,394
4,99,394,6
7653,4,6,187
394,7653,187,250
6,394,250,1834
187,6,1834,10
250,187,10,1559
1834,250,1559,4
10,1834,4,17
1559,10,17,3627
4,1559,3627,12
17,4,12,8759
3627,17,8759,156
12,3627,156,2
8759,12,2,11484
156,8759,11484,19
2,156,19,700
11484,2,700,342
19,11484,342,45351
700,19,45351,158
342,700,158,28
45351,342,28,43
158,45351,43,40
28,158,40,17
43,28,17,1080
40,43,1080,3
17,40,3,317
1080,17,317,946
3,1080,946,15
317,3,15,2174
946,317,2174,52
15,946,52,250
2174,15,250,317
52,2174,317,946
250,52,946,15
317,250,15,4293
946,317,4293,4
15,946,4,8
4293,15,8,26
4,4293,26,697
8,4,697,3
26,8,3,96
697,26,96,507
3,697,507,53
96,3,53,14
507,96,14,851
53,507,851,2174
14,53,2174,261
851,14,261,196
2174,851,196,136
261,2174,136,2581
196,261,2581,87
136,196,87,52
2581,136,52,86
87,2581,86,2
52,87,2,334
86,52,334,50
2,86,50,398
334,2,398,42
50,334,42,61
398,50,61,725
42,398,725,250
61,42,250,230
725,61,230,488
250,725,488,53
230,250,53,7
488,230,7,64
53,488,64,105
7,53,105,685
64,7,685,6
105,64,6,2
685,105,2,10512
6,685,10512,158
2,6,158,68
10512,2,68,607
158,10512,607,2
68,158,2,30154
607,68,30154,3567
2,607,3567,8
30154,2,8,43
3567,30154,43,14
8,3567,14,3
43,8,3,11125
14,43,11125,6298
3,14,6298,36
11125,3,36,10096
6298,11125,10096,5
36,6298,5,700
10096,36,700,1084
5,10096,1084,54
700,5,54,16
1084,700,16,6
54,1084,6,1345
16,54,1345,3
6,16,3,95
1345,6,95,233
3,1345,233,13
95,3,13,2171
233,95,2171,42
13,233,42,359
2171,13,359,5
42,2171,5,30154
359,42,30154,1084
5,359,1084,40
30154,5,40,633
1084,30154,633,2
40,1084,2,700
633,40,700,214
2,633,214,1133
700,2,1133,106
214,700,106,29
1133,214,29,158
106,1133,158,1094
29,106,1094,10
158,29,10,230
1094,158,230,17
10,1094,17,451
230,10,451,3
17,230,3,243
451,17,243,2
3,451,2,3551
243,3,3551,6
2,243,6,236
3551,2,236,6
6,3551,6,54
236,6,54,2
6,236,2,601
54,6,601,106
2,54,106,40
601,2,40,17
106,601,17,30179
40,106,30179,43
17,40,43,4
30179,17,4,10
43,30179,10,566
4,43,566,1120
10,4,1120,508
566,10,508,5484
1120,566,5484,2
508,1120,2,16
5484,508,16,68
2,5484,68,7882
16,2,7882,147
68,16,147,9
7882,68,9,342
147,7882,342,2662
9,147,2662,3
342,9,3,17
2662,342,17,398
3,2662,398,601
17,3,601,656
398,17,656,3
601,398,3,1052
656,601,1052,2874
3,656,2874,25
1052,3,25,26
2874,1052,26,55
25,2874,55,1061
26,25,1061,250
55,26,250,469
1061,55,469,6
250,1061,6,4293
469,250,4293,15
6,469,15,461
4293,6,461,5
15,4293,5,35076
461,15,35076,16
5,461,16,1333
35076,5,1333,1191
16,35076,1191,139
1333,16,139,1495
1191,1333,1495,134
139,1191,134,2
1495,139,2,151
134,1495,151,5
2,134,5,523
151,2,523,429
5,151,429,29
523,5,29,30
429,523,30,16
29,429,16,395
30,29,395,92342
16,30,92342,13
395,16,13,1118
92342,395,1118,15
13,92342,15,1052
1118,13,1052,238
15,1118,238,624
1052,15,624,6040
238,1052,6040,7464
624,238,7464,5463
6040,624,5463,1214
7464,6040,1214,74
5463,7464,74,268
1214,5463,268,903
74,1214,903,153
268,74,153,6
903,268,6,4
153,903,4,315
6,153,315,3
4,6,3,2207
315,4,2207,104
3,315,104,3423
2207,3,3423,4
104,2207,4,57
3423,104,57,173
4,3423,173,5
57,4,5,5538
173,57,5538,8
5,173,8,524
5538,5,524,175
8,5538,175,81
524,8,81,4
175,524,4,2
81,175,2,224
106,111,3,2715
270,106,2715,1961
3,270,1961,299
2715,3,299,309
1961,2715,309,759
299,1961,759,315
309,299,315,19
759,309,19,7971
315,759,7971,1997
19,315,1997,3
7971,19,3,4904
1997,7971,4904,13199
3,1997,13199,705
4904,3,705,68
13199,4904,68,40
705,13199,40,1234
68,705,1234,1975
40,68,1975,3
1234,40,3,154
1975,1234,154,61
3,1975,61,15
154,3,15,2
61,154,2,3966
15,61,3966,9
2,15,9,1836
3966,2,1836,141
9,3966,141,46
1836,9,46,286
141,1836,286,10
46,141,10,115
286,46,115,420
10,286,420,2
115,10,2,5229
420,115,5229,12
2,420,12,98
5229,2,98,39
12,5229,39,1053
98,12,1053,36
39,98,36,51
1053,39,51,1952
36,1053,1952,10
51,36,10,132
1952,51,132,56024
10,1952,56024,70862
132,10,70862,705
56024,132,705,253
70862,56024,253,34
705,70862,34,17
253,705,17,3166
34,253,3166,6
17,34,6,265
3166,17,265,120
6,3166,120,202
265,6,202,13
120,265,13,2
202,120,2,2232
13,202,2232,408
2,13,408,63
2232,2,63,71
408,2232,71,13
63,408,13,1991
71,63,1991,3
13,71,3,2540
1991,13,2540,98
3,1991,98,1053
2540,3,1053,8
98,2540,8,5714
1053,98,5714,61
8,1053,61,22
5714,8,22,3118
61,5714,3118,44647
22,61,44647,693
3118,22,693,310
44647,3118,310,383
693,44647,383,111
310,693,111,13
383,310,13,106
111,383,106,41
13,111,41,65
106,13,65,60
41,106,60,6
65,41,6,268
60,65,268,103
6,60,103,66
268,6,66,3
103,268,3,2715
66,103,2715,141
3,66,141,51
2715,3,51,14
141,2715,14,382
51,141,382,37
14,51,37,270
382,14,270,106
37,382,106,3755
270,37,3755,1582
106,270,1582,1388
3755,106,1388,863
1582,3755,863,6
1388,1582,6,67
863,1388,67,10
6,863,10,48
67,6,48,356
10,67,356,2268
48,10,2268,51
356,48,51,96
2268,356,96,270
51,2268,270,2
96,51,2,6838
270,96,6838,7
2,270,7,8
6838,2,8,9
7,6838,9,99
8,7,99,60
9,8,60,111
99,9,111,58
60,99,58,240
111,60,240,3
58,111,3,106
240,58,106,12
3,240,12,229
106,3,229,3
12,106,3,340
229,12,340,123
3,229,123,283
340,3,283,1203
123,340,1203,351
283,123,351,24
1203,283,24,169
351,1203,169,5
24,351,5,70
169,24,70,31
5,169,31,84
70,5,84,18
31,70,18,74764
84,31,74764,106
18,84,106,324
74764,18,324,75
106,74764,75,71
324,106,71,1118
75,324,1118,15
71,75,15,70
1118,71,70,8
15,1118,8,119
70,15,119,111
8,70,111,28
119,8,28,481
111,119,481,63
28,111,63,750
481,28,750,37
63,481,37,62
750,63,62,26
37,750,26,5673
62,37,5673,24
26,62,24,20149
5673,26,20149,14
24,5673,14,928
20149,24,928,4355
14,20149,4355,3
928,14,3,17
4355,928,17,768
3,4355,768,3
17,3,3,1961
768,17,1961,299
3,768,299,309
1961,3,309,126
299,1961,126,10
309,299,10,14
126,309,14,4176
10,126,4176,29
14,10,29,84
4176,14,84,10
29,4176,10,7
84,29,7,118
10,84,118,4176
7,10,4176,4
118,7,4,10
4176,118,10,7
4,4176,7,400
10,4,400,71
7,10,71,28
400,7,28,23
71,400,23,80509
28,71,80509,2
23,28,2,3755
80509,23,3755,3040
2,80509,3040,16917
3755,2,16917,383
3040,3755,383,286
16917,3040,286,64
383,16917,64,42
286,383,42,913
64,286,913,270
42,64,270,106
913,42,106,3
270,913,3,959
106,270,959,141
3,106,141,104
959,3,104,139
141,959,139,16
104,141,16,344
139,104,344,3
16,139,3,90
344,16,90,31
3,344,31,106
90,3,106,9
31,90,9,58
106,31,58,94
9,106,94,6
58,9,6,85
94,58,85,4
6,94,4,913
85,6,913,69
4,85,69,627
913,4,627,3
69,913,3,17
627,69,17,5897
517,27,135,97
87,517,97,784
135,87,784,400
97,135,400,45
784,97,45,44
400,784,44,145
45,400,145,159
44,45,159,135
145,44,135,94
159,145,94,28
135,159,28,11
94,135,11,34
28,94,34,21
11,28,21,328
34,11,328,56
21,34,56,190
328,21,190,127
56,328,127,1272
190,56,1272,6
127,190,6,19
1272,127,19,9065
6,1272,9065,20217
19,6,20217,355
9065,19,355,109
20217,9065,109,1197
355,20217,1197,22
109,355,22,926
1197,109,926,3
22,1197,3,7148
926,22,7148,5
3,926,5,5061
7148,3,5061,18294
5,7148,18294,12
5061,5,12,135
18294,5061,135,97
12,18294,97,6
135,12,6,1665
97,135,1665,5
6,97,5,138
1665,6,138,27
5,1665,27,85
138,5,85,592
27,138,592,117
85,27,117,494
592,85,494,145
117,592,145,12
494,117,12,429
145,494,429,2920
12,145,2920,58
429,12,58,192
2920,429,192,3
58,2920,3,1318
192,58,1318,5
3,192,5,521
1318,3,521,698
5,1318,698,3
521,5,3,929
698,521,929,400
3,698,400,45
929,3,45,10
400,929,10,7
45,400,7,4
10,45,4,6412
7,10,6412,7
4,7,7,113
6412,4,113,3
7,6412,3,478
113,7,478,5
3,113,5,135
478,3,135,97
5,478,97,8
135,5,8,169
97,135,169,5
8,97,5,119
169,8,119,3309
5,169,3309,45
