263,8850,2,26
5393,263,26,317
2,5393,317,168
26,2,168,2333
317,26,2333,1545
168,317,1545,3485
2333,168,3485,50
1545,2333,50,15998
3485,1545,15998,19
50,3485,19,1811
15998,50,1811,2
19,15998,2,26
1811,19,26,893
2,1811,893,168
26,2,168,74
893,26,74,4108
168,893,4108,109
74,168,109,8211
4108,74,8211,5
109,4108,5,8028
8211,109,8028,10
5,8211,10,12
8028,5,12,2618
10,8028,2618,5
12,10,5,1802
2618,12,1802,464
5,2618,464,2138
1802,5,2138,409
464,1802,409,4108
2138,464,4108,5
409,2138,5,18250
4108,409,18250,24
5,4108,24,10020
18250,5,10020,1789
24,18250,1789,4
10020,24,4,11173
1789,10020,11173,5976
4,1789,5976,54
11173,4,54,68
5976,11173,68,1220
54,5976,1220,366
68,54,366,3
1220,68,3,1746
366,1220,1746,782
3,366,782,8028
1746,3,8028,7
782,1746,7,177
8028,782,177,5
7,8028,5,1989
177,7,1989,10
5,177,10,1006
1989,5,1006,1190
10,1989,1190,7
1006,10,7,2155
1190,1006,2155,4
7,1190,4,170
2155,7,170,23
4,2155,23,275
170,4,275,263
23,170,263,5393
275,23,5393,18
263,275,18,15314
5393,263,15314,53
18,5393,53,1006
15314,18,1006,28
53,15314,28,1684
1006,53,1684,5
28,1006,5,204
1684,28,204,86
5,1684,86,1706
204,5,1706,2949
86,204,2949,2611
1706,86,2611,3
2949,1706,3,818
2611,2949,818,115
3,2611,115,21
818,3,21,2348
115,818,2348,2184
21,115,2184,8
2348,21,8,1589
2184,2348,1589,7
8,2184,7,1279
1589,8,1279,2
7,1589,2,105
1279,7,105,1154
2,1279,1154,3
105,2,3,604
1154,105,604,771
3,1154,771,3300
604,3,3300,151
771,604,151,7
3300,771,7,146
151,3300,146,61
7,151,61,5
146,7,5,204
61,146,204,86
5,61,86,1706
204,5,1706,2949
86,204,2949,2911
1706,86,2911,4630
2949,1706,4630,2
2911,2949,2,149
4630,2911,149,2
2,4630,2,2
149,2,2,18641
2,149,18641,838
2,2,838,8205
18641,2,8205,103
838,18641,103,17797
8205,838,17797,5393
103,8205,5393,4
17797,103,4,378
5393,17797,378,144
4,5393,144,3485
378,4,3485,253
144,378,253,8582
3485,144,8582,19
253,3485,19,5284
8582,253,5284,1006
19,8582,1006,158
5284,19,158,28
1006,5284,28,3300
158,1006,3300,3237
28,158,3237,2
3300,28,2,2479
3237,3300,2479,3296
2,3237,3296,170
2479,2,170,117
3296,2479,117,5
170,3296,5,2049
117,170,2049,637
5,117,637,7
2049,5,7,2056
637,2049,2056,1168
7,637,1168,5
2056,7,5,1145
1168,2056,1145,3154
5,1168,3154,4
1145,5,4,2590
3154,1145,2590,4
4,3154,4,7
2590,4,7,761
4,2590,761,3
7,4,3,1166
761,7,1166,231
3,761,231,57
1166,3,57,263
231,1166,263,3485
57,231,3485,260
263,57,260,198
3485,263,198,604
260,3485,604,2138
198,260,2138,2981
604,198,2981,28
2138,604,28,29
2981,2138,29,2
28,2981,2,6216
29,28,6216,181
2,29,181,1789
6216,2,1789,7
181,6216,7,1451
1789,181,1451,837
7,1789,837,4
1451,7,4,1187
837,1451,1187,24
4,837,24,48
1187,4,48,15669
24,1187,15669,23
48,24,23,38
15669,48,38,335
23,15669,335,3
38,23,3,609
335,38,609,11825
3,335,11825,3
609,3,3,2861
11825,609,2861,1006
3,11825,1006,6803
2861,3,6803,5555
1006,2861,5555,7825
6803,1006,7825,1289
5555,6803,1289,12
7825,5555,12,298
1289,7825,298,8
12,1289,8,263
298,12,263,5393
8,298,5393,2611
263,8,2611,9
5393,263,9,278
2611,5393,278,77
9,2611,77,17
278,9,17,91
77,278,91,3
17,77,3,809
91,17,809,1092
3,91,1092,30
809,3,30,16
1092,809,16,1229
30,1092,1229,4
16,30,4,18
1229,16,18,1188
4,1229,1188,131
18,4,131,1003
1188,18,1003,19
131,1188,19,595
1003,131,595,91
19,1003,91,5
595,19,5,8
91,595,8,838
5,91,838,151
8,5,151,3
838,8,3,443
151,838,443,603
3,151,603,971
443,3,971,12
603,443,12,1092
971,603,1092,6
12,971,6,1575
1092,12,1575,7825
6,1092,7825,28
1575,6,28,1197
7825,1575,1197,8
28,7825,8,10
1197,28,10,14
8,1197,14,61
10,8,61,3
14,10,3,332
61,14,332,226
3,61,226,3
332,3,3,516
226,332,516,229
3,226,229,104
516,3,104,3485
229,516,3485,132
104,229,132,3496
3485,104,3496,2763
132,3485,2763,4
3496,132,4,12773
2763,3496,12773,23
4,2763,23,382
12773,4,382,2089
23,12773,2089,525
382,23,525,2646
2089,382,2646,3
525,2089,3,1268
2646,525,1268,4131
3,2646,4131,838
1268,3,838,151
4131,1268,151,132
838,4131,132,17
151,838,17,91
132,151,91,3
17,132,3,443
91,17,443,204
3,91,204,953
443,3,953,3
204,443,3,123
953,204,123,177
3,953,177,6
123,3,6,1669
177,123,1669,559
6,177,559,74
1669,6,74,278
559,1669,278,4
74,559,4,3
278,74,3,1754
4,278,1754,80
3,4,80,41
1754,3,41,603
80,1754,603,971
41,80,971,102
603,41,102,1575
971,603,1575,756
102,971,756,103943
1575,102,103943,159
756,1575,159,1032
103943,756,1032,624
159,103943,624,5
1032,159,5,4081
624,1032,4081,4
5,624,4,84
4081,5,84,1989
4,4081,1989,1102
84,4,1102,12
1989,84,12,2319
1102,1989,2319,358
12,1102,358,15
2319,12,15,1886
358,2319,1886,228
15,358,228,1789
1886,15,1789,335
228,1886,335,3
1789,228,3,609
335,1789,609,94419
3,335,94419,10807
609,3,10807,90678
94419,609,90678,1999
10807,94419,1999,6099
90678,10807,6099,71023
1999,90678,71023,5082
6099,1999,5082,2
71023,6099,2,159
5082,71023,159,3584
2,5082,3584,624
159,2,624,28
3584,159,28,10
624,3584,10,40
28,624,40,17
10,28,17,6568
40,10,6568,4007
17,40,4007,9
6568,17,9,2
4007,6568,2,1006
9,4007,1006,232
2,9,232,3
1006,2,3,12773
232,1006,12773,263
3,232,263,3485
12773,3,3485,1789
263,12773,1789,7
3485,263,7,2
1789,3485,2,232
7,1789,232,5
2,7,5,1006
232,2,1006,4
5,232,4,1006
1006,5,1006,7
4,1006,7,260
1006,4,260,1451
7,1006,1451,567
260,7,567,24
1451,260,24,204
567,1451,204,21
24,567,21,275
204,24,275,6
21,204,6,4225
275,21,4225,263
6,275,263,524
4225,6,524,908
263,4225,908,5
524,263,5,10920
908,524,10920,1687
5,908,1687,6
10920,5,6,1575
1687,10920,1575,4
6,1687,4,278
1575,6,278,4
4,1575,4,10
278,4,10,40
4,278,40,17
10,4,17,4007
40,10,4007,3
17,40,3,6555
4007,17,6555,81
3,4007,81,215
6555,3,215,2432
81,6555,2432,159
215,81,159,3682
2432,215,3682,1811
159,2432,1811,582
3682,159,582,3106
1811,3682,3106,652
582,1811,652,134
3106,582,134,1458
652,3106,1458,53
134,652,53,16
1458,134,16,1084
53,1458,1084,102
16,53,102,204
1084,16,204,4
102,1084,4,10
204,102,10,4
4,204,4,2416
10,4,2416,148
4,10,148,9
2416,4,9,2
148,2416,2,1006
9,148,1006,2081
2,9,2081,3
1006,2,3,25
2081,1006,25,884
3,2081,884,1789
25,3,1789,238
884,25,238,1828
1789,884,1828,134
238,1789,134,6216
1828,238,6216,1281
134,1828,1281,24
6216,134,24,263
1281,6216,263,1811
24,1281,1811,50
263,24,50,1050
1811,263,1050,12
50,1811,12,2
1050,50,2,187
12,1050,187,19
2,12,19,187
187,2,187,1631
19,187,1631,4086
187,19,4086,12
1631,187,12,4999
4086,1631,4999,5
12,4086,5,1642
4999,12,1642,1229
5,4999,1229,2
1642,5,2,1007
1229,1642,1007,28
2,1229,28,263
1007,2,263,1811
28,1007,1811,3485
263,28,3485,18
1811,263,18,47
3485,1811,47,395
18,3485,395,251
47,18,251,6
395,47,6,2909
251,395,2909,2089
6,251,2089,9
2909,6,9,66
2089,2909,66,29
9,2089,29,6
66,9,6,4
29,66,4,2877
6,29,2877,5901
4,6,5901,14
2877,4,14,1329
5901,2877,1329,443
14,5901,443,1889
1329,14,1889,1020
443,1329,1020,21
1889,443,21,3
1020,1889,3,248
21,1020,248,1589
3,21,1589,2909
248,3,2909,92
1589,248,92,28
2909,1589,28,10
92,2909,10,14
28,92,14,4480
10,28,4480,263
14,10,263,1281
4480,14,1281,1007
263,4480,1007,28
1281,263,28,759
1007,1281,759,4103
28,1007,4103,25644
759,28,25644,16
4103,759,16,118
25644,4103,118,5281
16,25644,5281,23
118,16,23,593
5281,118,593,60
23,5281,60,6
593,23,6,849
60,593,849,5
6,60,5,294
849,6,294,30
5,849,30,16
294,5,16,2730
30,294,2730,24
16,30,24,67
2730,16,67,767
24,2730,767,4
67,24,4,24
767,67,24,263
4,767,263,874
24,4,874,204
263,24,204,215
874,263,215,1134
204,874,1134,16
215,204,16,1181
1134,215,1181,332
16,1134,332,3
1181,16,3,611
332,1181,611,6
3,332,6,41
611,3,41,65
6,611,65,3
41,6,3,312
65,41,312,168
3,65,168,2
312,3,2,3556
168,312,3556,5
2,168,5,39333
3556,2,39333,1429
5,3556,1429,2131
39333,5,2131,4
1429,39333,4,2763
2131,1429,2763,4
4,2131,4,246
2763,4,246,757
4,2763,757,19
246,4,19,6071
757,246,6071,171
19,757,171,38
6071,19,38,60
171,6071,60,25688
38,171,25688,2
60,38,2,241
25688,60,241,2
2,25688,2,2909
241,2,2909,92
2,241,92,13
2909,2,13,3359
92,2909,3359,10
13,92,10,10
3359,13,10,7
10,3359,7,2
10,10,2,2790
7,10,2790,323
2,7,323,73
2790,2,73,98
323,2790,98,57
73,323,57,3485
98,73,3485,3683
57,98,3683,3
3485,57,3,123
3683,3485,123,12
3,3683,12,2763
123,3,2763,80
12,123,80,52
2763,12,52,10
80,2763,10,594
52,80,594,215
10,52,215,1642
594,10,1642,7
215,594,7,33
1642,215,33,2305
7,1642,2305,20
33,7,20,463
2305,33,463,803
20,2305,803,1426
463,20,1426,43
803,463,43,204
1426,803,204,1950
43,1426,1950,2224
204,43,2224,12
1950,204,12,112
2224,1950,112,1531
12,2224,1531,41
112,12,41,33
1531,112,33,276
41,1531,276,41
33,41,41,30
276,33,30,55
41,276,55,25
30,41,25,109
55,30,109,57
25,55,57,869
109,25,869,52
57,109,52,33
869,57,33,2010
52,869,2010,33
33,52,33,96
2010,33,96,2
33,2010,2,16465
96,33,16465,1977
2,96,1977,5
16465,2,5,36
1977,16465,36,41
5,1977,41,982
36,5,982,1134
41,36,1134,67
982,41,67,144
1134,982,144,1128
67,1134,1128,9
144,67,9,3774
1128,144,3774,1394
9,1128,1394,164
3774,9,164,9
1394,3774,9,67
164,1394,67,5350
9,164,5350,3510
67,9,3510,12
5350,67,12,583
1488,1993,2845,74
7,1488,74,1993
2845,7,1993,2139
74,2845,2139,6
1993,74,6,143
2139,1993,143,35
6,2139,35,9
143,6,9,99
35,143,99,60
9,35,60,6
99,9,6,66
60,99,66,75
6,60,75,103
66,6,103,426
75,66,426,2537
103,75,2537,1889
426,103,1889,815
2537,426,815,6
1889,2537,6,1258
815,1889,1258,29
6,815,29,21
1258,6,21,597
29,1258,597,7
21,29,7,5107
597,21,5107,3575
7,597,3575,2770
5107,7,2770,5
3575,5107,5,25466
2770,3575,25466,24
5,2770,24,2139
25466,5,2139,28976
24,25466,28976,50351
2139,24,50351,2347
28976,2139,2347,1025
50351,28976,1025,305
2347,50351,305,4
1025,2347,4,827
305,1025,827,189
4,305,189,31
827,4,31,161
189,827,161,251
31,189,251,1892
161,31,1892,7158
251,161,7158,2324
1892,251,2324,418
7158,1892,418,308
2324,7158,308,3414
418,2324,3414,128
308,418,128,473
3414,308,473,39
128,3414,39,664
473,128,664,6
39,473,6,15523
664,39,15523,94682
6,664,94682,34
15523,6,34,1062
94682,15523,1062,878
34,94682,878,109
1062,34,109,2
878,1062,2,71
109,878,71,12961
2,109,12961,473
71,2,473,44
12961,71,44,103
473,12961,103,3268
44,473,3268,2006
103,44,2006,5
3268,103,5,143
2006,3268,143,35
5,2006,35,50
143,5,50,458
35,143,458,3
50,35,3,22651
458,50,22651,63
3,458,63,71
22651,3,71,3
63,22651,3,1354
71,63,1354,1804
3,71,1804,3746
1354,3,3746,305
1804,1354,305,31
3746,1804,31,7
305,3746,7,5
31,305,5,1993
7,31,1993,3035
5,7,3035,35
1993,5,35,68
3035,1993,68,7512
35,3035,7512,700
68,35,700,214
7512,68,214,1133
700,7512,1133,1490
214,700,1490,5
1133,214,5,250
1490,1133,250,224
5,1490,224,54
250,5,54,721
224,250,721,128
54,224,128,105528
721,54,105528,343
128,721,343,23
105528,128,23,700
343,105528,700,197
23,343,197,4
700,23,4,5964
197,700,5964,549
4,197,549,64
5964,4,64,967
549,5964,967,8
64,549,8,30
967,64,30,18
8,967,18,2229
30,8,2229,88
18,30,88,1130
2229,18,1130,3056
88,2229,3056,5
1130,88,5,71
3056,1130,71,711
5,3056,711,6
71,5,6,54
711,71,54,63
6,711,63,7
54,6,7,3748
63,54,3748,87413
7,63,87413,5802
3748,7,5802,157
87413,3748,157,3096
5802,87413,3096,150
157,5802,150,214
3096,157,214,385
150,3096,385,3
214,150,3,7567
385,214,7567,61
3,385,61,3
7567,3,3,108
61,7567,108,88
3,61,88,9539
108,3,9539,991
88,108,991,305
9539,88,305,45683
991,9539,45683,2279
305,991,2279,7
45683,305,7,228
2279,45683,228,9
7,2279,9,6
228,7,6,815
9,228,815,239
6,9,239,4
815,6,4,746
239,815,746,20356
4,239,20356,311
746,4,311,3
20356,746,3,413
311,20356,413,53
3,311,53,358
413,3,358,5
53,413,5,2
358,53,2,35
5,358,35,1134
2,5,1134,19
35,2,19,67
1134,35,67,7634
19,1134,7634,63
67,19,63,189
7634,67,189,28
63,7634,28,59
189,63,59,11
28,189,11,510
59,28,510,22
11,59,22,1401
510,11,1401,29
22,510,29,30
1401,22,30,25
29,1401,25,147
30,29,147,2
25,30,2,15961
147,25,15961,4558
2,147,4558,3
15961,2,3,155
4558,15961,155,3
3,4558,3,5964
155,3,5964,6
3,155,6,144
5964,3,144,5
6,5964,5,2
144,6,2,784
5,144,784,1621
2,5,1621,30
784,2,30,147
1621,784,147,4
30,1621,4,70
147,30,70,63
4,147,63,3
70,4,3,155
63,70,155,3
3,63,3,5964
155,3,5964,6
3,155,6,4255
5964,3,4255,15
6,5964,15,2
4255,6,2,361
15,4255,361,1993
2,15,1993,45
361,2,45,4
1993,361,4,7
45,1993,7,569
4,45,569,990
7,4,990,3
569,7,3,17
990,569,17,8
3,990,8,91466
17,3,91466,1027
8,17,1027,345
91466,8,345,305
1027,91466,305,223
345,1027,223,7158
305,345,7158,58
223,305,58,19
7158,223,19,1657
58,7158,1657,4468
19,58,4468,6
1657,19,6,2
4468,1657,2,199
6,4468,199,758
2,6,758,878
199,2,878,5
758,199,5,1850
878,758,1850,114
5,878,114,6
1850,5,6,9775
114,1850,9775,826
6,114,826,189
9775,6,189,186
826,9775,186,305
189,826,305,6
186,189,6,7158
305,186,7158,202
6,305,202,106
7158,6,106,19
202,7158,19,1398
106,202,1398,173
19,106,173,3
1398,19,3,129
173,1398,129,638
3,173,638,193
129,3,193,650
638,129,650,810
193,638,810,14278
650,193,14278,24
810,650,24,1621
14278,810,1621,495
24,14278,495,129
1621,24,129,5
495,1621,5,144
129,495,144,6
5,129,6,90768
144,5,90768,2
6,144,2,904
90768,6,904,35
2,90768,35,7
904,2,7,4
35,904,4,344
7,35,344,177
4,7,177,5
344,4,5,98
177,344,98,127
5,177,127,94
98,5,94,906
127,98,906,106
94,127,106,9175
906,94,9175,4
106,906,4,7158
9175,106,7158,18
4,9175,18,241
7158,4,241,47
18,7158,47,2
241,18,2,921
47,241,921,151
2,47,151,474
921,2,474,410
151,921,410,613
474,151,613,6
410,474,6,9775
613,410,9775,826
6,613,826,2324
9775,6,2324,418
826,9775,418,7
2324,826,7,308
418,2324,308,3
7,418,3,1247
308,7,1247,684
3,308,684,5
1247,3,5,1993
684,1247,1993,3035
5,684,3035,620
1993,5,620,58913
3035,1993,58913,2291
620,3035,2291,1330
58913,620,1330,223
2291,58913,223,7158
1330,2291,7158,6
223,1330,6,199
7158,223,199,15
6,7158,15,22
199,6,22,2218
15,199,2218,11360
22,15,11360,2120
2218,22,2120,1861
11360,2218,1861,2
2120,11360,2,1457
1861,2120,1457,1420
2,1861,1420,7158
1457,2,7158,16
1420,1457,16,21
7158,1420,21,2
16,7158,2,768
21,16,768,3
2,21,3,7485
768,2,7485,2
3,768,2,26
7485,3,26,50
2,7485,50,6
26,2,6,88548
50,26,88548,2
6,50,2,543
88548,6,543,508
2,88548,508,9
543,2,9,867
508,543,867,6
9,508,6,4255
867,9,4255,6
6,867,6,144
4255,6,144,5
6,4255,5,506
144,6,506,4695
5,144,4695,13374
506,5,13374,43
4695,506,43,188
13374,4695,188,455
43,13374,455,1621
188,43,1621,7158
455,188,7158,5
1621,455,5,9775
7158,1621,9775,16
5,7158,16,998
9775,5,998,4518
16,9775,4518,6
998,16,6,38
4518,998,38,105
6,4518,105,26627
38,6,26627,2
105,38,2,199
26627,105,199,1535
2,26627,1535,6
199,2,6,647
1535,199,647,129
6,1535,129,5
647,6,5,7158
129,647,7158,1507
5,129,1507,5
7158,5,5,71
1507,7158,71,240
5,1507,240,3
71,5,3,7486
240,71,7486,815
3,240,815,15
7486,3,15,1621
815,7486,1621,129
15,815,129,6026
1621,15,6026,190
129,1621,190,199
6026,129,199,1535
190,6026,1535,6
199,190,6,2205
1535,199,2205,5
6,1535,5,19
2205,6,19,410
5,2205,410,414
19,5,414,393
410,19,393,2410
414,410,2410,277
393,414,277,8
2410,393,8,129
277,2410,129,5
8,277,5,7158
129,8,7158,6
5,129,6,9775
7158,5,9775,3667
6,7158,3667,1172
9775,6,1172,43
3667,9775,43,4695
1172,3667,4695,5
43,1172,5,58927
4695,43,58927,859
5,4695,859,382
58927,5,382,24
859,58927,24,88540
382,859,88540,1421
24,382,1421,5
88540,24,5,183
1421,88540,183,410
5,1421,410,414
183,5,414,393
410,183,393,199
414,410,199,129
393,414,129,5
199,393,5,7158
129,199,7158,411
5,129,411,6
7158,5,6,9775
411,7158,9775,3667
6,411,3667,1720
9775,6,1720,414
3667,9775,414,288
1720,3667,288,1020
414,1720,1020,12
288,414,12,1621
1020,288,1621,4
12,1020,4,129
1621,12,129,3667
4,1621,3667,454
129,4,454,64
3667,129,64,1889
454,3667,1889,815
64,454,815,15
1889,64,15,21588
