212,847,1837,847
9,212,847,5
1837,9,5,39
847,1837,39,249
5,847,249,143
39,5,143,35
249,39,35,847
143,249,847,212
35,143,212,5
847,35,5,922
212,847,922,9
5,212,9,373
922,5,373,3489
9,922,3489,143
373,9,143,35
3489,373,35,212
143,3489,212,5
35,143,5,922
212,35,922,9
5,212,9,7628
922,5,7628,3489
9,922,3489,143
7628,9,143,35
3489,7628,35,212
143,3489,212,5
35,143,5,922
212,35,922,9
5,212,9,667
922,5,667,3489
9,922,3489,143
667,9,143,35
3489,667,35,847
143,3489,847,212
35,143,212,5
847,35,5,922
212,847,922,9
5,212,9,24269
922,5,24269,3489
9,922,3489,4
24269,9,4,143
3489,24269,143,35
4,3489,35,847
143,4,847,212
35,143,212,5
847,35,5,922
212,847,922,9
5,212,9,2672
922,5,2672,3489
9,922,3489,11
2672,9,11,13
3489,2672,13,47
11,3489,47,4
13,11,4,1980
47,13,1980,232
4,47,232,5
1980,4,5,70
232,1980,70,1760
5,232,1760,1648
70,5,1648,39
1760,70,39,249
1648,1760,249,35
39,1648,35,1760
249,39,1760,1648
35,249,1648,39
1760,35,39,249
1648,1760,249,826
39,1648,826,1164
249,39,1164,1648
826,249,1648,70
1164,826,70,487
1648,1164,487,1164
70,1648,1164,1648
487,70,1648,1648
1164,487,1648,5
1648,1164,5,1760
1648,1648,1760,5
5,1648,5,312
1760,5,312,5
5,1760,5,39
312,5,39,249
5,312,249,30674
39,5,30674,11135
249,39,11135,7432
30674,249,7432,414
11135,30674,414,450
7432,11135,450,17127
414,7432,17127,456
450,414,456,28750
17127,450,28750,1648
456,17127,1648,5
28750,456,5,1725
1648,28750,1725,1164
5,1648,1164,5
1725,5,5,157
1164,1725,157,703
5,1164,703,4
157,5,4,1723
703,157,1723,770
4,703,770,11
1723,4,11,2402
770,1723,2402,2025
11,770,2025,6
2402,11,6,724
2025,2402,724,15
6,2025,15,111
724,6,111,5
15,724,5,1102
111,15,1102,43
5,111,43,265
1102,5,265,1592
43,1102,1592,1228
265,43,1228,456
1592,265,456,9
1228,1592,9,1747
456,1228,1747,4
9,456,4,414
1747,9,414,1210
4,1747,1210,10493
414,4,10493,4
1210,414,4,1133
10493,1210,1133,12
4,10493,12,238
1133,4,238,815
12,1133,815,21450
238,12,21450,6
815,238,6,197
21450,815,197,832
6,21450,832,9519
197,6,9519,3
832,197,3,3535
9519,832,3535,4
3,9519,4,238
3535,3,238,188
4,3535,188,6
238,4,6,413
188,238,413,1723
6,188,1723,2
413,6,2,149
1723,413,149,2
2,1723,2,9931
149,2,9931,3535
2,149,3535,1563
9931,2,1563,15
3535,9931,15,214
1563,3535,214,1154
15,1563,1154,414
214,15,414,7
1154,214,7,11
414,1154,11,522
7,414,522,12
11,7,12,2
522,11,2,39
12,522,39,249
2,12,249,369
39,2,369,12
249,39,12,35
369,249,35,1323
12,369,1323,5
35,12,5,487
1323,35,487,141
5,1323,141,6
487,5,6,725
141,487,725,5
6,141,5,39
725,6,39,249
5,725,249,35
39,5,35,265
249,39,265,11
35,249,11,522
265,35,522,12
11,265,12,979
522,11,979,5
12,522,5,437
979,12,437,4
5,979,4,3402
437,5,3402,5
4,437,5,23196
3402,4,23196,1288
5,3402,1288,42896
23196,5,42896,2
1288,23196,2,4310
42896,1288,4310,238
2,42896,238,188
4310,2,188,4775
238,4310,4775,979
188,238,979,4
4775,188,4,113
979,4775,113,2148
4,979,2148,2687
113,4,2687,6
2148,113,6,197
2687,2148,197,832
6,2687,832,2532
197,6,2532,12
832,197,12,1170
2532,832,1170,15092
12,2532,15092,139
1170,12,139,5
15092,1170,5,150
139,15092,150,214
5,139,214,441
150,5,441,4
214,150,4,288
441,214,288,815
4,441,815,175
288,4,175,43
815,288,43,4
175,815,4,1442
43,175,1442,6108
4,43,6108,4
1442,4,4,8598
6108,1442,8598,531
4,6108,531,188
8598,4,188,4918
531,8598,4918,6
188,531,6,43
4918,188,43,4
6,4918,4,1442
43,6,1442,12
4,43,12,139
1442,4,139,5
12,1442,5,677
139,12,677,385
5,139,385,4
677,5,4,4896
385,677,4896,2180
4,385,2180,5
4896,4,5,5466
2180,4896,5466,4
5,2180,4,3262
5466,5,3262,857
4,5466,857,168
3262,4,168,10684
857,3262,10684,5503
168,857,5503,33174
10684,168,33174,4
5503,10684,4,288
33174,5503,288,574
4,33174,574,11
288,4,11,522
574,288,522,2
11,574,2,23196
522,11,23196,105
2,522,105,297
23196,2,297,369
105,23196,369,42897
297,105,42897,9400
369,297,9400,9
42897,369,9,39
9400,42897,39,249
9,9400,249,120
39,9,120,11
249,39,11,6721
120,249,6721,43
11,120,43,238
6721,11,238,188
43,6721,188,12
238,43,12,139
188,238,139,5
12,188,5,594
139,12,594,3
5,139,3,1647
594,5,1647,70
3,594,70,543
1647,3,543,6
70,1647,6,143
543,70,143,35
6,543,35,1930
143,6,1930,2082
35,143,2082,144
1930,35,144,3
2082,1930,3,94
144,2082,94,9
3,144,9,227
94,3,227,35
9,94,35,4
227,9,4,556
35,227,556,266
4,35,266,31
556,4,31,1232
266,556,1232,139
31,266,139,8
1232,31,8,50
139,1232,50,344
8,139,344,3
50,8,3,1647
344,50,1647,70
3,344,70,543
1647,3,543,211
70,1647,211,654
543,70,654,144
211,543,144,4
654,211,4,3289
144,654,3289,455
4,144,455,1516
3289,4,1516,3011
455,3289,3011,5
1516,455,5,143
3011,1516,143,42074
5,3011,42074,342
143,5,342,2210
42074,143,2210,1727
342,42074,1727,4
2210,342,4,11354
1727,2210,11354,16930
4,1727,16930,309
11354,4,309,1355
16930,11354,1355,79
309,16930,79,141
1355,309,141,12
79,1355,12,318
141,79,318,109
12,141,109,75
318,12,75,41
109,318,41,65
75,109,65,258
41,75,258,66
65,41,66,5
258,65,5,4229
66,258,4229,2082
5,66,2082,4
4229,5,4,4998
2082,4229,4998,1505
4,2082,1505,644
4998,4,644,702
1505,4998,702,5503
644,1505,5503,14
702,644,14,1471
5503,702,1471,7800
14,5503,7800,17097
1471,14,17097,41409
7800,1471,41409,2609
17097,7800,2609,9
41409,17097,9,22
2609,41409,22,5175
9,2609,5175,427
22,9,427,3407
5175,22,3407,4
427,5175,4,1977
3407,427,1977,6
4,3407,6,22
1977,4,22,662
6,1977,662,9
22,6,9,1634
662,22,1634,1488
9,662,1488,5
1634,9,5,1442
1488,1634,1442,422
5,1488,422,2
1442,5,2,4
422,1442,4,25622
2,422,25622,19
4,2,19,39883
25622,4,39883,2626
19,25622,2626,770
39883,19,770,5
2626,39883,5,1442
770,2626,1442,4
5,770,4,2609
1442,5,2609,14168
4,1442,14168,12
2609,4,12,86
14168,2609,86,8416
12,14168,8416,25622
86,12,25622,231
8416,86,231,2760
25622,8416,2760,207
231,25622,207,66
2760,231,66,4
207,2760,4,9
66,207,9,395
4,66,395,1977
9,4,1977,6
395,9,6,6296
1977,395,6296,1442
6,1977,1442,515
6296,6,515,702
1442,6296,702,5503
515,1442,5503,14
702,515,14,68
5503,702,68,22260
14,5503,22260,19
68,14,19,3590
22260,68,3590,316
19,22260,316,5
3590,19,5,6267
316,3590,6267,5
5,316,5,279
6267,5,279,5
5,6267,5,1985
279,5,1985,2747
5,279,2747,398
1985,5,398,23616
2747,1985,23616,4
398,2747,4,15301
23616,398,15301,5
4,23616,5,1999
15301,4,1999,10684
5,15301,10684,5503
1999,5,5503,702
10684,1999,702,5503
5503,10684,5503,68
702,5503,68,522
5503,702,522,12
68,5503,12,890
522,68,890,724
12,522,724,127
890,12,127,3920
724,890,3920,5
127,724,5,846
3920,127,846,1648
5,3920,1648,5
846,5,5,1164
1648,846,1164,14799
5,1648,14799,2
1164,5,2,1264
14799,1164,1264,8049
2,14799,8049,703
1264,2,703,5
8049,1264,5,414
703,8049,414,141
5,703,141,1199
414,5,1199,15
141,414,15,2
1199,141,2,1527
15,1199,1527,6
2,15,6,88
1527,2,88,5
6,1527,5,108
88,6,108,426
5,88,426,11
108,5,11,7
426,108,7,68
11,426,68,2
7,11,2,232
68,7,232,5
2,68,5,1647
232,2,1647,70
5,232,70,1164
1647,5,1164,1648
70,1647,1648,5
1164,70,5,3160
1648,1164,3160,39
5,1648,39,249
3160,5,249,2
39,3160,2,149
249,39,149,2
2,249,2,3160
149,2,3160,369
2,149,369,12
3160,2,12,238
369,3160,238,815
12,369,815,54
238,12,54,7
815,238,7,2
54,815,2,432
7,54,432,528
2,7,528,8
432,2,8,1611
528,432,1611,238
8,528,238,188
1611,8,188,4
238,1611,4,414
188,238,414,1091
4,188,1091,3926
414,4,3926,175
1091,414,175,188
3926,1091,188,4918
175,3926,4918,1574
188,175,1574,4
4918,188,4,57
1574,4918,57,422
4,1574,422,446
57,4,446,1459
422,57,1459,4
446,422,4,369
1459,446,369,4252
4,1459,4252,702
369,4,702,5503
4252,369,5503,7
702,4252,7,68
5503,702,68,12
7,5503,12,4775
68,7,4775,1133
12,68,1133,9
4775,12,9,58
1133,4775,58,150
9,1133,150,1164
58,9,1164,1648
150,58,1648,702
1164,150,702,10684
1648,1164,10684,5503
702,1648,5503,7
10684,702,7,68
5503,10684,68,2
7,5503,2,232
68,7,232,5
2,68,5,2970
232,2,2970,847
5,232,847,702
2970,5,702,266
847,2970,266,441
702,847,441,702
266,702,702,2554
441,266,2554,9
702,441,9,39
2554,702,39,187
9,2554,187,4814
39,9,4814,3
187,39,3,2110
4814,187,2110,847
3,4814,847,702
2110,3,702,4
847,2110,4,2
702,847,2,232
4,702,232,5
2,4,5,1189
232,2,1189,39
5,232,39,249
1189,5,249,1997
39,1189,1997,5
249,39,5,3557
1997,249,3557,4047
5,1997,4047,10684
3557,5,10684,5503
4047,3557,5503,7
10684,4047,7,1835
5503,10684,1835,5
7,5503,5,1442
1835,7,1442,14807
5,1835,14807,369
1442,5,369,4009
14807,1442,4009,54
369,14807,54,7
4009,369,7,2
54,4009,2,8303
7,54,8303,658
2,7,658,101
8303,2,101,528
658,8303,528,3021
101,658,3021,3
528,101,3,794
3021,528,794,4
3,3021,4,19662
794,3,19662,1775
4,794,1775,2474
19662,4,2474,4
1775,19662,4,2638
2474,1775,2638,2599
4,2474,2599,455
2638,4,455,45
2599,2638,45,24
455,2599,24,1647
45,455,1647,26470
24,45,26470,10684
1647,24,10684,5503
26470,1647,5503,7
10684,26470,7,68
5503,10684,68,2
7,5503,2,21850
68,7,21850,371
2,68,371,5503
21850,2,5503,13
371,21850,13,939
5503,371,939,2
13,5503,2,414
939,13,414,141
2,939,141,755
414,2,755,2402
141,414,2402,12
755,141,12,372
2402,755,372,152
12,2402,152,1334
372,12,1334,348
152,372,348,1545
1334,152,1545,156
348,1334,156,2
1545,348,2,421
156,1545,421,39
2,156,39,390
421,2,390,212
39,421,212,1014
390,39,1014,4
212,390,4,1472
1014,212,1472,12
4,1014,12,156
1472,4,156,1334
12,1472,1334,348
156,12,348,2
1334,156,2,27297
348,1334,27297,6974
2,348,6974,1759
27297,2,1759,15
6974,27297,15,36971
1759,6974,36971,1964
15,1759,1964,421
36971,15,421,4
1964,36971,4,542
421,1964,542,7906
4,421,7906,15
542,4,15,256
7906,542,256,728
15,7906,728,244
256,15,244,24
728,256,24,390
244,728,390,15
24,244,15,38343
390,24,38343,5373
15,390,5373,244
38343,15,244,3920
5373,38343,3920,15
244,5373,15,6519
3920,244,6519,25359
15,3920,25359,3202
6519,15,3202,3318
25359,6519,3318,5801
3202,25359,5801,5372
3318,3202,5372,1302
5801,3318,1302,3824
5372,5801,3824,4538
1302,5372,4538,33373
3824,1302,33373,9
4538,3824,9,34862
33373,4538,34862,325
9,33373,325,441
34862,9,441,15
325,34862,15,37994
441,325,37994,13067
15,441,13067,279
37994,15,279,15
13067,37994,15,16118
279,13067,16118,25877
15,279,25877,4
16118,15,4,6080
25877,16118,6080,34956
4,25877,34956,62
6080,4,62,12
34956,6080,12,88
62,34956,88,7215
12,62,7215,4
88,12,4,5823
7215,88,5823,11755
4,7215,11755,5
5823,4,5,414
11755,5823,414,605
5,11755,605,139
414,5,139,4
605,414,4,187
139,605,187,33
4,139,33,55
187,4,55,790
33,187,790,90
55,33,90,5
790,55,5,104
90,790,104,1510
5,90,1510,164
104,5,164,11
1510,104,11,7
164,1510,7,68
11,164,68,1468
7,11,1468,6
68,7,6,7347
1468,68,7347,1416
6,1468,1416,172
7347,6,172,702
1416,7347,702,6
172,1416,6,143
702,172,143,35
6,702,35,5
143,6,5,157
35,143,157,6
5,35,6,4
157,5,4,172
6,157,172,487
4,6,487,1164
172,4,1164,6
487,172,6,143
1164,487,143,35
6,1164,35,5
143,6,5,157
35,143,157,6
5,35,6,8240
157,5,8240,22
6,157,22,6
8240,6,6,4057
22,8240,4057,5688
6,22,5688,6
4057,6,6,414
5688,4057,414,1091
6,5688,1091,35
414,6,35,4
1091,414,4,227
35,1091,227,618
4,35,618,441
227,4,441,5025
618,227,5025,14237
441,618,14237,6550
5025,441,6550,139
14237,5025,139,487
6550,14237,487,141
139,6550,141,238
487,139,238,1091
141,487,1091,4693
238,141,4693,141
1091,238,141,4
4693,1091,4,6104
141,4693,6104,2304
4,141,2304,1563
6104,4,1563,13
2304,6104,13,3364
1563,2304,3364,702
13,1563,702,5503
3364,13,5503,3
702,3364,3,1354
5503,702,1354,1154
3,5503,1154,9
1354,3,9,22
1154,1354,22,3071
9,1154,3071,6
22,9,6,2
3071,22,2,2290
6,3071,2290,5418
2,6,5418,4
2290,2,4,3041
5418,2290,3041,2624
4,5418,2624,9
3041,4,9,41
2624,3041,41,65
9,2624,65,66
41,9,66,371
65,41,371,5503
66,65,5503,7
371,66,7,9218
5503,371,9218,6
7,5503,6,1005
9218,7,1005,2333
6,9218,2333,18316
1005,6,18316,31852
2333,1005,31852,4
18316,2333,4,22847
31852,18316,22847,11
4,31852,11,13
22847,4,13,68
11,22847,68,1210
13,11,1210,263
68,13,263,3087
1210,68,3087,4
263,1210,4,7907
3087,263,7907,22
4,3087,22,17101
7907,4,17101,364
22,7907,364,356
17101,22,356,414
364,17101,414,1091
356,364,1091,4
414,356,4,6846
1091,414,6846,6
4,1091,6,22
6846,4,22,804
6,6846,804,60
22,6,60,11
804,22,11,2305
60,804,2305,5608
11,60,5608,4
2305,11,4,10817
5608,2305,10817,3282
109,318,353,22612
23,109,22612,2
353,23,2,5741
22612,353,5741,1488
2,22612,1488,23
5741,2,23,391
1488,5741,391,634
23,1488,634,18
391,23,18,47
634,391,47,16580
18,634,16580,3257
47,18,3257,30
16580,47,30,396
3257,16580,396,18
30,3257,18,8
396,30,8,699
18,396,699,118
8,18,118,30668
699,8,30668,56
118,699,56,6
30668,118,6,166
56,30668,166,73
6,56,73,8
166,6,8,45
73,166,45,230
8,73,230,113
45,8,113,26
230,45,26,340
113,230,340,18
26,113,18,101
340,26,101,51
18,340,51,34
101,18,34,33
51,101,33,25
34,51,25,261
33,34,261,574
25,33,574,1226
261,25,1226,3075
574,261,3075,7
1226,574,7,25
3075,1226,25,116
7,3075,116,37
25,7,37,62
116,25,62,57
37,116,57,488
62,37,488,29
57,62,29,6
488,57,6,130
29,488,130,634
6,29,634,30
130,6,30,219
634,130,219,859
30,634,859,239
219,30,239,24
859,219,24,560
239,859,560,574
24,239,574,33
560,24,33,147
574,560,147,3
33,574,3,10922
147,33,10922,16437
3,147,16437,282
10922,3,282,18
16437,10922,18,112
282,16437,112,3374
18,282,3374,147
112,18,147,3
3374,112,3,123
147,3374,123,2
3,147,2,704
123,3,704,282
2,123,282,93
704,2,93,112
282,704,112,3374
93,282,3374,1591
112,93,1591,4
3374,112,4,439
1591,3374,439,5059
4,1591,5059,4130
439,4,4130,33
5059,439,33,6
4130,5059,6,4
33,4130,4,56
6,33,56,4
4,6,4,33
56,4,33,219
4,56,219,1767
33,4,1767,19606
219,33,19606,5
1767,219,5,3108
19606,1767,3108,7
5,19606,7,149
3108,5,149,3783
7,3108,3783,112
149,7,112,217
3783,149,217,7
112,3783,7,73
217,112,73,7649
7,217,7649,6
73,7,6,2
7649,73,2,5345
6,7649,5345,30
2,6,30,389
5345,2,389,704
30,5345,704,4
389,30,4,5676
704,389,5676,67
4,704,67,5345
5676,4,5345,7
67,5676,7,67
5345,67,67,83
7,5345,83,634
67,7,634,3399
83,67,3399,820
634,83,820,705
3399,634,705,19
820,3399,19,17662
705,820,17662,11539
19,705,11539,15
17662,19,15,2
11539,17662,2,5424
15,11539,5424,8
2,15,8,55
5424,2,55,208
8,5424,208,17
55,8,17,30954
208,55,30954,10
17,208,10,5333
30954,17,5333,8
10,30954,8,53
5333,10,53,16
8,5333,16,95
53,8,95,8
16,53,8,830
95,16,830,15
8,95,15,2
830,8,2,8531
15,830,8531,1703
2,15,1703,4
8531,2,4,113
1703,8531,113,38
4,1703,38,704
113,4,704,25
38,113,25,11071
704,38,11071,8
25,704,8,8531
11071,25,8531,1703
8,11071,1703,345
8531,8,345,3
1703,8531,3,124
345,1703,124,30
3,345,30,219
124,3,219,88
30,124,88,1108
219,30,1108,7863
88,219,7863,7480
1108,88,7480,12
7863,1108,12,1473
7480,7863,1473,29
12,7480,29,33
1473,12,33,2741
29,1473,2741,130
33,29,130,5807
2741,33,5807,30
130,2741,30,219
5807,130,219,36524
30,5807,36524,3
219,30,3,124
36524,219,124,2
3,36524,2,5741
124,3,5741,1488
2,124,1488,26
5741,2,26,93
1488,5741,93,38
26,1488,38,102687
93,26,102687,6
38,93,6,2
102687,38,2,3949
6,102687,3949,74
2,6,74,2
3949,2,2,5741
74,3949,5741,1488
2,74,1488,16600
5741,2,16600,30
1488,5741,30,327
16600,1488,327,659
30,16600,659,3
327,30,3,67
659,327,67,397
3,659,397,4
67,3,4,21
397,67,21,468
4,397,468,81
21,4,81,67
468,21,67,560
81,468,560,352
67,81,352,30
560,67,30,327
352,560,327,789
30,352,789,81
327,30,81,24
789,327,24,3521
81,789,3521,5661
24,81,5661,5
3521,24,5,699
5661,3521,699,811
5,5661,811,4008
699,5,4008,622
811,699,622,78726
4008,811,78726,4
622,4008,4,93497
78726,622,93497,123
4,78726,123,76
93497,4,76,41
123,93497,41,41803
76,123,41803,4
41,76,4,31393
41803,41,31393,14588
4,41803,14588,2173
31393,4,2173,10
14588,31393,10,313
2173,14588,313,88
10,2173,88,804
313,10,804,12
88,313,12,76
804,88,76,8003
12,804,8003,717
76,12,717,196
8003,76,196,149
717,8003,149,7
196,717,7,295
149,196,295,3094
7,149,3094,93
295,7,93,1015
