5,1705,11,40
402,5,40,218
11,402,218,2153
40,11,2153,75
218,40,75,7
2153,218,7,274
75,2153,274,51
7,75,51,77
274,7,77,7
51,274,7,44
77,51,44,3
7,77,3,20
44,7,20,1978
3,44,1978,1848
20,3,1848,8
1978,20,8,11
1848,1978,11,13
8,1848,13,1633
11,8,1633,2607
13,11,2607,460
1633,13,460,7
2607,1633,7,13
460,2607,13,134
7,460,134,49
13,7,49,4
134,13,4,8
49,134,8,11
4,49,11,13
8,4,13,6
11,8,6,660
13,11,660,26083
6,13,26083,10
660,6,10,6
26083,660,6,2212
10,26083,2212,6
6,10,6,49
2212,6,49,83
6,2212,83,290
49,6,290,10
83,49,10,165
290,83,165,488
10,290,488,201
165,10,201,3
488,165,3,180
201,488,180,3
3,201,3,468
180,3,468,8
3,180,8,460
468,3,460,4
8,468,4,209
460,8,209,8
4,460,8,10
209,4,10,7361
8,209,7361,130
10,8,130,1978
7361,10,1978,3
130,7361,3,1526
1978,130,1526,10
3,1978,10,1335
1526,3,1335,3
10,1526,3,49
1335,10,49,83
3,1335,83,201
49,3,201,137
83,49,137,23
201,83,23,3234
137,201,3234,96
23,137,96,180
3234,23,180,14
96,3234,14,3
180,96,3,468
14,180,468,10
3,14,10,3
468,3,3,33
10,468,33,84
3,10,84,2620
33,3,2620,109
84,33,109,2
2620,84,2,241
109,2620,241,60
2,109,60,404
241,2,404,126
60,241,126,53
404,60,53,50
126,404,50,17303
53,126,17303,10
50,53,10,14
17303,50,14,21
10,17303,21,8152
14,10,8152,9
21,14,9,2
8152,21,2,272
9,8152,272,3
2,9,3,689
272,2,689,22
3,272,22,668
689,3,668,347
22,689,347,3
668,22,3,2
347,668,2,3616
3,347,3616,1081
2,3,1081,45
3616,2,45,86
1081,3616,86,13
45,1081,13,3760
86,45,3760,37
13,86,37,51
3760,13,51,77
37,3760,77,17
51,37,17,3155
77,51,3155,95
17,77,95,6720
3155,17,6720,4
95,3155,4,26
6720,95,26,91
4,6720,91,461
26,4,461,73
91,26,73,102624
461,91,102624,2782
73,461,2782,3
102624,73,3,607
2782,102624,607,51
3,2782,51,30
607,3,30,84
51,607,84,2041
30,51,2041,2
84,30,2,10425
2041,84,10425,2
2,2041,2,272
10425,2,272,31
2,10425,31,244
272,2,244,6
31,272,6,1185
244,31,1185,90
6,244,90,66
1185,6,66,404
90,1185,404,576
66,90,576,156
404,66,156,4469
576,404,4469,23
156,576,23,99
4469,156,99,435
23,4469,435,1444
99,23,1444,22
435,99,22,478
1444,435,478,347
22,1444,347,3
478,22,3,10
347,478,10,6
3,347,6,42
10,3,42,1915
6,10,1915,19125
42,6,19125,11
1915,42,11,2717
19125,1915,2717,401
11,19125,401,207
2717,11,207,44
401,2717,44,1144
207,401,1144,37
44,207,37,412
1144,44,412,1848
37,1144,1848,62
412,37,62,136
1848,412,136,11
62,1848,11,2941
136,62,2941,22
11,136,22,347
2941,11,347,6
22,2941,6,22
347,22,22,19905
6,347,19905,11
22,6,11,485
19905,22,485,45
11,19905,45,231
485,11,231,89
45,485,89,2251
231,45,2251,37
89,231,37,246
2251,89,246,6
37,2251,6,725
246,37,725,5
6,246,5,38
725,6,38,397
5,725,397,62
38,5,62,50
397,38,50,26
62,397,26,110
50,62,110,3
26,50,3,513
110,26,513,415
3,110,415,36
513,3,36,1132
415,513,1132,686
36,415,686,1329
1132,36,1329,6
686,1132,6,4160
1329,686,4160,5
6,1329,5,22
4160,6,22,83
5,4160,83,12225
22,5,12225,306
83,22,306,5944
12225,83,5944,9
306,12225,9,1474
5944,306,1474,5
9,5944,5,57
1474,9,57,20
5,1474,20,2121
57,5,2121,272
20,57,272,7617
2121,20,7617,168
272,2121,168,332
7617,272,332,2575
168,7617,2575,36
332,168,36,7016
2575,332,7016,1224
36,2575,1224,36
7016,36,36,7741
1224,7016,7741,444
36,1224,444,6
7741,36,6,111
444,7741,111,5
6,444,5,22
111,6,22,2713
5,111,2713,3
22,5,3,666
2713,22,666,3
3,2713,3,1024
666,3,1024,894
3,666,894,26
1024,3,26,2985
894,1024,2985,246
26,894,246,3
2985,26,3,36
246,2985,36,54
3,246,54,14348
36,3,14348,26
54,36,26,50
14348,54,50,4749
26,14348,4749,15
50,26,15,294
4749,50,294,11
15,4749,11,7900
294,15,7900,20
11,294,20,306
7900,11,306,272
20,7900,272,7
306,20,7,51
272,306,51,11
7,272,11,77
51,7,77,3
11,51,3,248
77,11,248,22
3,77,22,2713
248,3,2713,11
22,248,11,208
2713,22,208,134
11,2713,134,580
208,11,580,8
134,208,8,11
580,134,11,14
8,580,14,42
11,8,42,31
14,11,31,1714
42,14,1714,816
31,42,816,14348
1714,31,14348,29
816,1714,29,551
14348,816,551,274
29,14348,274,81
551,29,81,23
274,551,23,1224
81,274,1224,4
23,81,4,17341
1224,23,17341,351
4,1224,351,9
17341,4,9,89
351,17341,89,19336
9,351,19336,5
89,9,5,22
19336,89,22,347
5,19336,347,10
22,5,10,327
347,22,327,18
10,347,18,47
327,10,47,2
18,327,2,2174
47,18,2174,3
2,47,3,488
2174,2,488,816
3,2174,816,4
488,3,4,96
816,488,96,22
4,816,22,2122
96,4,2122,3932
22,96,3932,285
2122,22,285,394
3932,2122,394,11
285,3932,11,40
394,285,40,1400
11,394,1400,19
40,11,19,183
1400,40,183,308
19,1400,308,6
183,19,6,418
308,183,418,4
6,308,4,137
418,6,137,62
4,418,62,136
137,4,136,13752
62,137,13752,22
136,62,22,2713
13752,136,2713,50
22,13752,50,11
2713,22,11,68
50,2713,68,448
11,50,448,2174
68,11,2174,397
448,68,397,586
2174,448,586,327
397,2174,327,18
586,397,18,1047
327,586,1047,321
18,327,321,80
1047,18,80,59
321,1047,59,11
80,321,11,720
59,80,720,22
11,59,22,2713
720,11,2713,200
22,720,200,11
2713,22,11,7
200,2713,7,25
11,200,25,6
7,11,6,2
25,7,2,2624
6,25,2624,8
2,6,8,40
2624,2,40,21
8,2624,21,549
40,8,549,2
21,40,2,1455
549,21,1455,719
2,549,719,3
1455,2,3,89
719,1455,89,7
3,719,7,468
89,3,468,33
7,89,33,20
468,7,20,87
33,468,87,359
20,33,359,2121
87,20,2121,272
359,87,272,1296
2121,359,1296,61
272,2121,61,22
1296,272,22,4690
61,1296,4690,179
22,61,179,9
4690,22,9,74
179,4690,74,793
9,179,793,66
74,9,66,4
793,74,4,321
66,793,321,21
4,66,21,2
321,4,2,2753
21,321,2753,367
2,21,367,1588
2753,2,1588,31
367,2753,31,10
1588,367,10,14
31,1588,14,8
10,31,8,8668
14,10,8668,274
8,14,274,5768
8668,8,5768,2722
274,8668,2722,290
5768,274,290,7
2722,5768,7,2447
290,2722,2447,15
7,290,15,1983
2447,7,1983,4
15,2447,4,42
1983,15,42,44
4,1983,44,10
42,4,10,154
44,42,154,3
10,44,3,4
154,10,4,117
3,154,117,75
4,3,75,201
117,4,201,6661
75,117,6661,210
201,75,210,668
6661,201,668,879
210,6661,879,1296
668,210,1296,1379
879,668,1379,120
1296,879,120,16
1379,1296,16,2722
120,1379,2722,31
16,120,31,14
2722,16,14,377
31,2722,377,20
14,31,20,945
377,14,945,1528
20,377,1528,103
945,20,103,4
1528,945,4,103
103,1528,103,570
4,103,570,26
103,4,26,678
570,103,678,10
26,570,10,56
678,26,56,7
10,678,7,353
56,10,353,2043
7,56,2043,3
353,7,3,44
2043,353,44,8
3,2043,8,6
44,3,6,20
8,44,20,187
6,8,187,2107
20,6,2107,365
187,20,365,299
2107,187,299,5
365,2107,5,42
299,365,42,5
5,299,5,10
42,5,10,83
5,42,83,26
10,5,26,5723
83,10,5723,61
26,83,61,547
5723,26,547,272
61,5723,272,3644
547,61,3644,4
272,547,4,1326
3644,272,1326,2
4,3644,2,503
1326,4,503,26657
2,1326,26657,3
503,2,3,4403
26657,503,4403,120
3,26657,120,11
4403,3,11,84
120,4403,84,798
11,120,798,19
84,11,19,20
798,84,20,23562
19,798,23562,482
20,19,482,26
23562,20,26,2678
482,23562,2678,397
26,482,397,62
2678,26,62,2
397,2678,2,306
62,397,306,272
2,62,272,121
306,2,121,309
272,306,309,4
121,272,4,1397
309,121,1397,81
4,309,81,3
1397,4,3,25
81,1397,25,89
3,81,89,2070
25,3,2070,5
89,25,5,3686
2070,89,3686,89
5,2070,89,6
3686,5,6,4403
89,3686,4403,7
6,89,7,55
4403,6,55,86
7,4403,86,1327
55,7,1327,2680
86,55,2680,1047
1327,86,1047,19
2680,1327,19,20802
1047,2680,20802,6
19,1047,6,424
20802,19,424,3
6,20802,3,244
424,6,244,61
3,424,61,3
244,3,3,9714
61,244,9714,15
3,61,15,54
9714,3,54,26
15,9714,26,13
54,15,13,47
26,54,47,3871
13,26,3871,170
47,13,170,306
3871,47,306,272
170,3871,272,7
306,170,7,22
272,306,22,137
7,272,137,207
22,7,207,11872
137,22,11872,1207
207,137,1207,13
11872,207,13,9865
1207,11872,9865,26159
13,1207,26159,22
9865,13,22,460
26159,9865,460,15
22,26159,15,367
460,22,367,2
15,460,2,1067
367,15,1067,41
2,367,41,35448
1067,2,35448,29
41,1067,29,6347
35448,41,6347,26
29,35448,26,2725
6347,29,2725,6
26,6347,6,377
2725,26,377,25
6,2725,25,55
377,6,55,208
25,377,208,13424
55,25,13424,36
208,55,36,80
13424,208,80,1013
36,13424,1013,3
80,36,3,51
1013,80,51,42
3,1013,42,272
51,3,272,7
42,51,7,6
272,42,6,1426
7,272,1426,57
6,7,57,122
1426,6,122,21
57,1426,21,367
122,57,367,1279
21,122,1279,536
367,21,536,2954
1279,367,2954,36
536,1279,36,1673
2954,536,1673,2620
180,6844,5490,300
5,180,300,19
5490,5,19,125
300,5490,125,6844
19,300,6844,180
125,19,180,5
6844,125,5,39
180,6844,39,259
5,180,259,19
39,5,19,125
259,39,125,982
19,259,982,1928
125,19,1928,3
982,125,3,319
1928,982,319,5057
3,1928,5057,5083
319,3,5083,1599
5057,319,1599,61
5083,5057,61,4
1599,5083,4,438
61,1599,438,1386
4,61,1386,1928
438,4,1928,9
1386,438,9,4256
1928,1386,4256,1531
9,1928,1531,36
4256,9,36,2656
1531,4256,2656,9
36,1531,9,4309
2656,36,4309,1531
9,2656,1531,1995
4309,9,1995,1244
1531,4309,1244,93
1995,1531,93,48
1244,1995,48,39
93,1244,39,11548
48,93,11548,25942
39,48,25942,12
11548,39,12,672
25942,11548,672,2656
12,25942,2656,3
672,12,3,2268
2656,672,2268,880
3,2656,880,125
2268,3,125,1827
880,2268,1827,112
125,880,112,125
1827,125,125,16
112,1827,16,3
125,112,3,2656
16,125,2656,3
3,16,3,20
2656,3,20,2268
3,2656,2268,4
20,3,4,495
2268,20,495,7949
4,2268,7949,5
495,4,5,39
7949,495,39,259
5,7949,259,19
39,5,19,125
259,39,125,125
19,259,125,16
125,19,16,1765
125,125,1765,27352
16,125,27352,172
1765,16,172,259
11,2,3,5228
630,11,5228,24
3,630,24,2
5228,3,2,952
24,5228,952,5
2,24,5,4324
952,2,4324,805
5,952,805,5
4324,5,5,4
805,4324,4,344
5,805,344,289
4,5,289,949
344,4,949,235
289,344,235,153
949,289,153,6
235,949,6,1267
153,235,1267,58
6,153,58,127
1267,6,127,1158
58,1267,1158,138
127,58,138,27
1158,127,27,146
138,1158,146,2
27,138,2,1066
146,27,1066,1510
2,146,1510,6
1066,2,6,197
1510,1066,197,12
6,1510,12,429
197,6,429,4
12,197,4,2442
429,12,2442,491
4,429,491,2
2442,4,2,2133
491,2442,2133,195
2,491,195,5
2133,2,5,22
195,2133,22,20480
5,195,20480,1118
22,5,1118,15
20480,22,15,22
1118,20480,22,238
15,1118,238,188
22,15,188,871
238,22,871,8444
188,238,8444,15
871,188,15,58
8444,871,58,150
15,8444,150,369
58,15,369,802
150,58,802,5040
369,150,5040,3779
802,369,3779,4
5040,802,4,2342
3779,5040,2342,8
4,3779,8,11
2342,4,11,40
8,2342,40,611
11,8,611,9447
40,11,9447,3
611,40,3,5422
9447,611,5422,67489
3,9447,67489,845
5422,3,845,3
67489,5422,3,1825
845,67489,1825,97
3,845,97,570
1825,3,570,46
97,1825,46,4
570,97,4,10
46,570,10,34
4,46,34,505
10,4,505,27
34,10,27,481
505,34,481,12
27,505,12,672
481,27,672,2296
12,481,2296,75
672,12,75,22
2296,672,22,2044
75,2296,2044,38998
22,75,38998,331
2044,22,331,37
38998,2044,37,518
331,38998,518,171
37,331,171,4
518,37,4,407
171,518,407,15
4,171,15,421
407,4,421,39
15,407,39,27
421,15,27,228
39,421,228,97
27,39,97,158
228,27,158,131
97,228,131,201
158,97,201,45
131,158,45,103
201,131,103,44
45,201,44,544
103,45,544,27
44,103,27,13
544,44,13,1521
27,544,1521,351
13,27,351,24
1521,13,24,4
351,1521,4,544
24,351,544,97
4,24,97,3960
544,4,3960,1098
97,544,1098,4
3960,97,4,3340
1098,3960,3340,37
4,1098,37,118
3340,4,118,2154
37,3340,2154,131
118,37,131,2720
2154,118,2720,19
131,2154,19,36552
2720,131,36552,228
19,2720,228,429
36552,19,429,1688
228,36552,1688,2
429,228,2,7520
1688,429,7520,518
2,1688,518,4
7520,2,4,2
518,7520,2,2411
4,518,2411,518
2,4,518,184
2411,2,184,3
518,2411,3,2
184,518,2,3483
3,184,3483,5
2,3,5,29178
3483,2,29178,197
5,3483,197,1134
29178,5,1134,324
197,29178,324,2
1134,197,2,22
324,1134,22,315
2,324,315,3
22,2,3,1354
315,22,1354,499
3,315,499,18
1354,3,18,7166
499,1354,7166,961
18,499,961,16517
7166,18,16517,4
961,7166,4,202
16517,961,202,469
4,16517,469,6
202,4,6,71484
469,202,71484,163
6,469,163,6
71484,6,6,97
163,71484,97,16
6,163,16,13718
97,6,13718,10022
16,97,10022,3
13718,16,3,1287
10022,13718,1287,39
3,10022,39,249
1287,3,249,1143
39,1287,1143,6
249,39,6,298
1143,249,298,1267
6,1143,1267,289
298,6,289,54
1267,298,54,7
289,1267,7,5694
54,289,5694,61
7,54,61,2
5694,7,2,2
61,5694,2,2046
2,61,2046,532
2,2,532,6
2046,2,6,838
532,2046,838,9
6,532,9,202
838,6,202,22531
9,838,22531,27
202,9,27,861
22531,202,861,3
27,22531,3,970
861,27,970,117
3,861,117,638
970,3,638,193
117,970,193,5
638,117,5,598
193,638,598,40
5,193,40,443
598,5,443,4791
40,598,4791,5
443,40,5,2
4791,443,2,2746
5,4791,2746,440
2,5,440,6
2746,2,6,878
440,2746,878,54
6,440,54,27
878,6,27,1282
54,878,1282,403
27,54,403,77
1282,27,77,1292
403,1282,1292,2306
77,403,2306,89
1292,77,89,84043
2306,1292,84043,11
89,2306,11,689
84043,89,689,1267
11,84043,1267,11
689,11,11,40
1267,689,40,18
11,1267,18,3
40,11,3,1139
18,40,1139,296
3,18,296,1485
1139,3,1485,4
296,1139,4,7
1485,296,7,25
4,1485,25,113
7,4,113,8
25,7,8,110
113,25,110,3
8,113,3,505
110,8,505,28
3,110,28,6437
505,3,6437,9290
28,505,9290,437
6437,28,437,5
9290,6437,5,67
437,9290,67,1291
5,437,1291,1317
67,5,1317,4
1291,67,4,2068
1317,1291,2068,151
4,1317,151,11
2068,4,11,14
151,2068,14,1876
11,151,1876,3
14,11,3,51
1876,14,51,40
3,1876,40,17
51,3,17,1310
40,51,1310,3
17,40,3,93
1310,17,93,374
3,1310,374,816
93,3,816,3
374,93,3,192
816,374,192,499
3,816,499,12
192,3,12,99
499,192,99,50156
12,499,50156,264
99,12,264,44
50156,99,44,27
264,50156,27,939
44,264,939,3
27,44,3,17
939,27,17,3671
3,939,3671,1594
17,3,1594,102
3671,17,102,22
1594,3671,22,202
102,1594,202,895
22,102,895,11526
202,22,11526,374
895,202,374,1324
11526,895,1324,6
374,11526,6,199
1324,374,199,4
6,1324,4,2320
199,6,2320,3
4,199,3,1382
2320,4,1382,529
3,2320,529,787
1382,3,787,3
529,1382,3,22
787,529,22,1691
3,787,1691,29
22,3,29,39
1691,22,39,4531
29,1691,4531,46
39,29,46,211
4531,39,211,2
46,4531,2,5153
211,46,5153,496
2,211,496,102
5153,2,102,22
496,5153,22,69
102,496,69,1286
22,102,1286,9
69,22,9,96348
1286,69,96348,61
9,1286,61,2
96348,9,2,523
61,96348,523,4
2,61,4,27
523,2,27,304
4,523,304,20
27,4,20,153
304,27,153,8
20,304,8,225
153,20,225,31
8,153,31,495
225,8,495,713
31,225,713,915
495,31,915,121
713,495,121,17
915,713,17,4514
121,915,4514,46
17,121,46,1991
4514,17,1991,3
46,4514,3,5790
1991,46,5790,22
3,1991,22,81990
5790,3,81990,97
22,5790,97,68
81990,22,68,939
97,81990,939,3
68,97,3,17
939,68,17,15078
3,939,15078,820
17,3,820,4101
15078,17,4101,15
820,15078,15,27
4101,820,27,193
15,4101,193,4
27,15,4,667
193,27,667,1841
4,193,1841,127
667,4,127,94
1841,667,94,636
127,1841,636,256
94,127,256,728
636,94,728,5
256,636,5,742
728,256,742,48
5,728,48,1791
742,5,1791,351
48,742,351,20
1791,48,20,153
351,1791,153,24
20,351,24,38
153,20,38,1098
24,153,1098,3
38,24,3,144
1098,38,144,3628
3,1098,3628,202
144,3,202,22535
3628,144,22535,1267
202,3628,1267,199
22535,202,199,307
1267,22535,307,12
199,1267,12,442
307,199,442,1094
12,307,1094,1474
442,12,1474,14
1094,442,14,7858
1474,1094,7858,6
14,1474,6,8
7858,14,8,35
6,7858,35,9
8,6,9,7522
35,8,7522,1186
9,35,1186,19
7522,9,19,17273
1186,7522,17273,141
19,1186,141,391
17273,19,391,28
141,17273,28,8
391,141,8,193
28,391,193,13
8,28,13,956
193,8,956,3
13,193,3,129
956,13,129,144
3,956,144,223
129,3,223,253
144,129,253,114
223,144,114,61
253,223,61,173
114,253,173,170
61,114,170,1360
173,61,1360,46
170,173,46,362
