1317,996,768,17095
3,1317,17095,27
768,3,27,876
17095,768,876,117
27,17095,117,5
876,27,5,2
117,876,2,153
5,117,153,3021
2,5,3021,3
153,2,3,6664
3021,153,6664,97
3,3021,97,370
6664,3,370,285
97,6664,285,5579
370,97,5579,1807
285,370,1807,1741
5579,285,1741,758
1807,5579,758,6
1741,1807,6,150
758,1741,150,8213
6,758,8213,8
150,6,8,2374
8213,150,2374,193
8,8213,193,810
2374,8,810,3
193,2374,3,256
810,193,256,2096
3,810,2096,1884
256,3,1884,10144
2096,256,10144,3121
1884,2096,3121,13110
10144,1884,13110,17404
3121,10144,17404,4
13110,3121,4,1988
17404,13110,1988,8
4,17404,8,13
1988,4,13,64
8,1988,64,416
13,8,416,405
64,13,405,12619
416,64,12619,1657
405,416,1657,83
12619,405,83,12
1657,12619,12,3816
83,1657,3816,5
12,83,5,5702
3816,12,5702,193
5,3816,193,2
5702,5,2,3
193,5702,3,9058
2,193,9058,3128
3,2,3128,27
9058,3,27,1657
3128,9058,1657,83
27,3128,83,12
1657,27,12,3816
83,1657,3816,5
12,83,5,5702
3816,12,5702,193
5,3816,193,2
5702,5,2,3
193,5702,3,9058
2,193,9058,3128
3,2,3128,7
9058,3,7,25
3128,9058,25,116
7,3128,116,22
25,7,22,810
116,25,810,7
22,116,7,1118
810,22,1118,89
7,810,89,370
1118,7,370,27
89,1118,27,28
370,89,28,7
27,370,7,113
28,27,113,11
7,28,11,2
113,7,2,12648
11,113,12648,756
2,11,756,2
12648,2,2,12648
756,12648,12648,756
2,756,756,48
12648,2,48,7
756,12648,7,7
48,756,7,14
7,48,14,173
7,7,173,56
14,7,56,209
173,14,209,8
56,173,8,12
209,56,12,1104
8,209,1104,5
12,8,5,150
1104,12,150,8213
5,1104,8213,53
150,5,53,14
8213,150,14,2
53,8213,2,1245
14,53,1245,5
2,14,5,89
1245,2,89,4
5,1245,4,2698
89,5,2698,3121
4,89,3121,13110
2698,4,13110,17404
3121,2698,17404,454
13110,3121,454,5536
17404,13110,5536,84
454,17404,84,638
5536,454,638,208
84,5536,208,1336
638,84,1336,8
208,638,8,10
1336,208,10,14
8,1336,14,22
10,8,22,810
14,10,810,27
22,14,27,99
810,22,99,1094
27,810,1094,8
99,27,8,193
1094,99,193,810
8,1094,810,14
193,8,14,646
810,193,646,6
14,810,6,3128
646,14,3128,5
6,646,5,1884
3128,6,1884,736
5,3128,736,5
1884,5,5,1316
736,1884,1316,289
5,736,289,2344
1316,5,2344,7659
289,1316,7659,460
2344,289,460,193
7659,2344,193,767
460,7659,767,18
193,460,18,170
767,193,170,1214
18,767,1214,1093
170,18,1093,3
1214,170,3,8
1093,1214,8,762
3,1093,762,2083
8,3,2083,24
762,8,24,27
2083,762,27,2
24,2083,2,2
27,24,2,337
2,27,337,9
2,2,9,2704
337,2,2704,3
9,337,3,144
2704,9,144,58
3,2704,58,287
144,3,287,4
58,144,4,12
287,58,12,429
4,287,429,193
12,4,193,1664
429,12,1664,1146
193,429,1146,2
1664,193,2,11
1146,1664,11,2396
2,1146,2396,4
11,2,4,1758
2396,11,1758,1805
4,2396,1805,24
1758,4,24,232
1805,1758,232,5
24,1805,5,22
232,24,22,35
5,232,35,83
22,5,83,202
35,22,202,4172
83,35,4172,7
202,83,7,353
4172,202,353,21
7,4172,21,6
353,7,6,3895
21,353,3895,5
6,21,5,1017
3895,6,1017,45
5,3895,45,31
1017,5,31,167
45,1017,167,130
31,45,130,872
167,31,872,4
130,167,4,167
872,130,167,130
4,872,130,810
167,4,810,193
130,167,193,28
810,130,28,27
193,810,27,5895
28,193,5895,325
27,28,325,148
5895,27,148,193
325,5895,193,13
148,325,13,295
193,148,295,110
13,193,110,9
295,13,9,89
110,295,89,27
9,110,27,5895
89,9,5895,325
27,89,325,148
5895,27,148,193
325,5895,193,13
148,325,13,295
193,148,295,110
13,193,110,9
295,13,9,89
110,295,89,27
9,110,27,3540
89,9,3540,2
27,89,2,851
3540,27,851,2840
2,3540,2840,5
851,2,5,466
2840,851,466,343
5,2840,343,8376
466,5,8376,2
343,466,2,2
8376,343,2,1056
2,8376,1056,33
2,2,33,3
1056,2,3,440
33,1056,440,808
3,33,808,4
440,3,4,3424
808,440,3424,3
4,808,3,1996
3424,4,1996,22
3,3424,22,159
1996,3,159,289
22,1996,289,970
159,22,970,876
289,159,876,23
970,289,23,2044
876,970,2044,12
23,876,12,442
2044,23,442,193
12,2044,193,13
442,12,13,877
193,442,877,3
13,193,3,1064
877,13,1064,27
3,877,27,472
1064,3,472,2520
27,1064,2520,374
472,27,374,3
2520,472,3,106
374,2520,106,38
3,374,38,3693
106,3,3693,193
38,106,193,28
3693,38,28,8
193,3693,8,27
28,193,27,69
8,28,69,13
27,8,13,388
69,27,388,381
13,69,381,11165
388,13,11165,4
381,388,4,8
11165,381,8,11
4,11165,11,134
8,4,134,27
11,8,27,2054
134,11,2054,8
27,134,8,11
2054,27,11,40
8,2054,40,21
11,8,21,96
40,11,96,4
21,40,4,1490
96,21,1490,29
4,96,29,27
1490,4,27,939
29,1490,939,3
27,29,3,1794
939,27,1794,8
3,939,8,12
1794,3,12,466
8,1794,466,736
12,8,736,254
466,12,254,193
736,466,193,30
254,736,30,20406
193,254,20406,23
30,193,23,440
20406,30,440,25
23,20406,25,638
440,23,638,193
25,440,193,365
638,25,365,22
193,638,22,381
365,193,381,8
22,365,8,14
381,22,14,42
8,381,42,14
14,8,14,12
42,14,12,5921
14,42,5921,28
12,14,28,10567
5921,12,10567,140
28,5921,140,146
10567,28,146,2
140,10567,2,304
146,140,304,8
2,146,8,14
304,2,14,12
8,304,12,381
14,8,381,140
12,14,140,30
381,12,30,142
140,381,142,3
30,140,3,22
142,30,22,381
3,142,381,27
22,3,27,28
381,22,28,137
27,381,137,3
28,27,3,180
137,28,180,8
3,137,8,24894
180,3,24894,27
8,180,27,5899
24894,8,5899,28
27,24894,28,10
5899,27,10,14
28,5899,14,24894
10,28,24894,5
14,10,5,193
24894,14,193,3
5,24894,3,3552
193,5,3552,22
3,193,22,1098
3552,3,1098,3
22,3552,3,144
1098,22,144,58
3,1098,58,287
144,3,287,29
58,144,29,27
287,58,27,28
29,287,28,8
27,29,8,193
28,27,193,1085
8,28,1085,739
193,8,739,10
1085,193,10,15
739,1085,15,4
10,739,4,2
15,10,2,8
4,15,8,866
2,4,866,6
8,2,6,2213
866,8,2213,998
6,866,998,22869
2213,6,22869,1089
998,2213,1089,5
22869,998,5,22
1089,22869,22,872
5,1089,872,3801
22,5,3801,27
872,22,27,2
3801,872,2,14
27,3801,14,243
2,27,243,56
14,2,56,19
243,14,19,2
56,243,2,1317
19,56,1317,15
2,19,15,64
1317,2,64,158
15,1317,158,807
64,15,807,3
158,64,3,193
807,158,193,69
3,807,69,29
193,3,29,27
69,193,27,28
29,69,28,466
27,29,466,8
28,27,8,11
466,28,11,115
8,466,115,1132
11,8,1132,8
115,11,8,1780
1132,115,1780,2
8,1132,2,182
1780,8,182,5
2,1780,5,43
182,2,43,16
5,182,16,105
43,5,105,45
16,43,45,27
105,16,27,28
45,105,28,50
27,45,50,21
28,27,21,2912
50,28,2912,22
21,50,22,45
2912,21,45,16
22,2912,16,12
45,22,12,1317
16,45,1317,23
12,16,23,42
1317,12,42,173
23,1317,173,6
42,23,6,22
173,42,22,1184
6,173,1184,27
22,6,27,80
1184,22,80,1094
27,1184,1094,6612
80,27,6612,22
1094,80,22,83
6612,1094,83,1317
22,6612,1317,3
83,22,3,768
1317,83,768,193
3,1317,193,52
768,3,52,387
193,768,387,296
52,193,296,285
387,52,285,6
296,387,6,378
285,296,378,66
6,285,66,7
378,6,7,25
66,378,25,137
7,66,137,89
25,7,89,817
137,25,817,2433
89,137,2433,3034
817,89,3034,29
2433,817,29,52
3034,2433,52,11
29,3034,11,7
52,29,7,10
11,52,10,1695
7,11,1695,27
10,7,27,28
1695,10,28,782
27,1695,782,928
28,27,928,2102
782,28,2102,303
928,782,303,61
2102,928,61,2
303,2102,2,996
61,303,996,1317
2,61,1317,52
996,2,52,11
1317,996,11,516
52,1317,516,3
11,52,3,296
516,11,296,1738
3,516,1738,3
296,3,3,22
1738,296,22,438
3,1738,438,2151
22,3,2151,1316
438,22,1316,636
2151,438,636,1221
1316,2151,1221,1358
636,1316,1358,27
1221,636,27,331
1358,1221,331,16
27,1358,16,33
331,27,33,918
16,331,918,3
33,16,3,303
918,33,303,61
3,918,61,2
303,3,2,996
61,303,996,1317
2,61,1317,1221
996,2,1221,52
1317,996,52,33
1221,1317,33,16
52,1221,16,63
33,52,63,3
16,33,3,431
63,16,431,2031
30,125,116,8
48,30,8,67
116,48,67,150
8,116,150,92
67,8,92,46
150,67,46,42
92,150,42,17078
46,92,17078,6
42,46,6,197
17078,42,197,832
6,17078,832,46
197,6,46,7
832,197,7,228
46,832,228,227
7,46,227,92
228,7,92,357
227,228,357,227
92,227,227,2
357,92,2,149
227,357,149,2
2,227,2,10
149,2,10,3209
2,149,3209,6
10,2,6,57
3209,10,57,1200
6,3209,1200,7
57,6,7,68
1200,57,68,91
7,1200,91,3
68,7,3,607
91,68,607,856
3,91,856,57
607,3,57,150
856,607,150,92
57,856,92,156
150,57,156,2
92,150,2,1231
156,92,1231,4
2,156,4,357
1231,2,357,156
4,1231,156,2
357,4,2,3747
156,357,3747,4
2,156,4,12992
3747,2,12992,16
4,3747,16,7031
12992,4,7031,960
16,12992,960,3
7031,16,3,10
960,7031,10,29
3,960,29,51
10,3,51,115
29,10,115,461
51,29,461,227
115,51,227,242
461,115,242,357
227,461,357,154
242,227,154,24
357,242,24,3087
154,357,3087,36149
24,154,36149,1874
3087,24,1874,11587
36149,3087,11587,4
1874,36149,4,24314
11587,1874,24314,2
4,11587,2,729
24314,4,729,5
2,24314,5,92
729,2,92,8
5,729,8,52
92,5,52,21
8,92,21,6568
52,8,6568,6193
21,52,6193,19
6568,21,19,157
6193,6568,157,1835
19,6193,1835,14
157,19,14,828
1835,157,828,14581
14,1835,14581,19
828,14,19,81
14581,828,81,4
19,14581,4,2541
81,19,2541,3
4,81,3,4621
2541,4,4621,5
3,2541,5,2
4621,3,2,136
5,4621,136,1457
2,5,1457,1746
136,2,1746,65
1457,136,65,580
1746,1457,580,765
65,1746,765,13
580,65,13,367
765,580,367,1315
13,765,1315,2864
367,13,2864,320
1315,367,320,9
2864,1315,9,7202
320,2864,7202,5
9,320,5,1694
7202,9,1694,4
5,7202,4,12857
1694,5,12857,2
4,1694,2,227
12857,4,227,92
2,12857,92,7
227,2,7,13058
92,227,13058,4
7,92,4,90
13058,7,90,3419
4,13058,3419,4
90,4,4,545
3419,90,545,5
4,3419,5,105
545,4,105,3856
5,545,3856,178
105,5,178,13058
3856,105,13058,3
178,3856,3,17
13058,178,17,223
3,13058,223,1832
17,3,1832,5
223,17,5,48
1832,223,48,70
5,1832,70,1835
48,5,1835,100
70,48,100,1977
1835,70,1977,3
100,1835,3,2887
1977,100,2887,59
3,1977,59,1835
2887,3,1835,99
59,2887,99,517
1835,59,517,2980
99,1835,2980,24
517,99,24,1149
2980,517,1149,1624
24,2980,1624,26
1149,24,26,6858
1624,1149,6858,2
26,1624,2,799
6858,26,799,508
2,6858,508,2
799,2,2,463
508,799,463,5
2,508,5,14960
463,2,14960,157
5,463,157,99
14960,5,99,150
157,14960,150,1103
99,157,1103,159
150,99,159,8196
1103,150,8196,454
159,1103,454,2393
8196,159,2393,570
454,8196,570,6
2393,454,6,124
570,2393,124,9
6,570,9,2980
124,6,2980,640
9,124,640,118
2980,9,118,5091
640,2980,5091,1321
118,640,1321,84
5091,118,84,3442
1321,5091,3442,3
84,1321,3,392
3442,84,392,2
3,3442,2,33387
392,3,33387,150
2,392,150,92
33387,2,92,8
150,33387,8,40
92,150,40,143
8,92,143,81
40,8,81,6
143,40,6,2
81,143,2,3981
6,81,3981,14960
2,6,14960,46
3981,2,46,8
14960,3981,8,7
46,14960,7,2
8,46,2,637
7,8,637,5
2,7,5,1165
637,2,1165,679
5,637,679,35
1165,5,35,9588
679,1165,9588,3
35,679,3,2305
9588,35,2305,76
3,9588,76,5
2305,3,5,1255
76,2305,1255,5
5,76,5,105
1255,5,105,637
5,1255,637,122
105,5,122,3262
637,105,3262,88
122,637,88,5
3262,122,5,38
88,3262,38,2980
5,88,2980,341
38,5,341,157
2980,38,157,14
341,2980,14,21
157,341,21,99
14,157,99,156
21,14,156,14960
99,21,14960,133
156,99,133,5
14960,156,5,5189
133,14960,5189,13
5,133,13,3974
5189,5,3974,4
13,5189,4,218
3974,13,218,3
4,3974,3,830
218,4,830,2
3,218,2,2
830,3,2,3747
2,830,3747,223
2,2,223,1321
3747,2,1321,1515
223,3747,1515,19433
1321,223,19433,876
1515,1321,876,378
19433,1515,378,382
876,19433,382,1200
378,876,1200,4
382,378,4,9099
1200,382,9099,131
4,1200,131,382
9099,4,382,938
131,9099,938,9
382,131,9,363
938,382,363,4292
9,938,4292,126
363,9,126,70
4292,363,70,2996
126,4292,2996,4
70,126,4,1946
2996,70,1946,3293
4,2996,3293,462
1946,4,462,2
3293,1946,2,889
462,3293,889,66
2,462,66,75
889,2,75,143
66,889,143,35
75,66,35,4
143,75,4,12008
35,143,12008,5
4,35,5,103
12008,4,103,372
5,12008,372,2225
103,5,2225,151
372,103,151,876
2225,372,876,382
151,2225,382,1200
876,151,1200,2333
382,876,2333,4
1200,382,4,1005
2333,1200,1005,68
4,2333,68,2898
1005,4,2898,3
68,1005,3,682
2898,68,682,2
3,2898,2,2
682,3,2,14960
2,682,14960,9
2,2,9,2
14960,2,2,2784
9,14960,2784,5
2,9,5,337
2784,2,337,70
5,2784,70,1835
337,5,1835,324
70,337,324,3
1835,70,3,178
324,1835,178,8
3,324,8,2
178,3,2,41
8,178,41,4363
2,8,4363,3443
41,2,3443,65
4363,41,65,3981
3443,4363,3981,14960
65,3443,14960,14
3981,65,14,816
14960,3981,816,87
14,14960,87,5
816,14,5,20
87,816,20,1387
5,87,1387,440
20,5,440,5
1387,20,5,6
440,1387,6,1797
5,440,1797,14
6,5,14,5883
1797,6,5883,19
14,1797,19,1102
5883,14,1102,24
19,5883,24,5
1102,19,5,1774
24,1102,1774,35
5,24,35,3942
1774,5,3942,1374
35,1774,1374,7
3942,35,7,21
1374,3942,21,2025
7,1374,2025,75
21,7,75,557
2025,21,557,378
75,2025,378,205
557,75,205,5
378,557,5,1012
205,378,1012,4
5,205,4,1119
1012,5,1119,15614
4,1012,15614,185
1119,4,185,764
15614,1119,764,2645
185,15614,2645,5
764,185,5,2
2645,764,2,39
5,2645,39,43
2,5,43,1103
39,2,1103,8396
43,39,8396,2
1103,43,2,2038
8396,1103,2038,150
2,8396,150,92
2038,2,92,65
150,2038,65,463
92,150,463,5
65,92,5,14960
463,65,14960,13
5,463,13,18039
14960,5,18039,14
13,14960,14,1355
18039,13,1355,4
14,18039,4,4141
1355,14,4141,3
4,1355,3,92
4141,4,92,5
3,4141,5,35
92,3,35,9
5,92,9,10686
35,5,10686,20
9,35,20,478
10686,9,478,428
20,10686,428,211
478,20,211,10686
428,478,10686,13
211,428,13,47
10686,211,47,9338
13,10686,9338,19
47,13,19,1321
9338,47,1321,35
19,9338,35,26
1321,19,26,6
35,1321,6,660
26,35,660,392
6,26,392,2
660,6,2,150
392,660,150,92
2,392,92,8
150,2,8,6
92,150,6,88
8,92,88,1036
6,8,1036,14
88,6,14,9244
1036,88,9244,6
14,1036,6,1142
9244,14,1142,3
6,9244,3,35
1142,6,35,95
3,1142,95,191
35,3,191,374
95,35,374,3
191,95,3,150
374,191,150,92
3,374,92,8
150,3,8,35
92,150,35,596
8,92,596,3
35,8,3,11049
596,35,11049,156
3,596,156,2
11049,3,2,191
156,11049,191,3
2,156,3,729
191,2,729,5387
3,191,5387,15
729,3,15,238
5387,729,238,92
15,5387,92,50
238,15,50,2607
92,238,2607,3
50,92,3,18
2607,50,18,1440
3,2607,1440,15
18,3,15,35
1440,18,35,2
15,1440,2,149
35,15,149,375
2,35,375,374
149,2,374,3
375,149,3,2536
374,375,2536,3116
3,374,3116,227
2536,3,227,92
3116,2536,92,11587
227,3116,11587,4244
92,227,4244,19
11587,92,19,461
4244,11587,461,227
19,4244,227,14
461,19,14,223
227,461,223,5012
14,227,5012,679
223,14,679,35
5012,223,35,3
679,5012,3,374
35,679,374,76
3,35,76,5
374,3,5,38
76,374,38,191
5,76,191,3
38,5,3,4
191,38,4,21107
3,191,21107,813
4,3,813,1142
21107,4,1142,20
813,21107,20,11587
1142,813,11587,68
20,1142,68,2667
11587,20,2667,227
68,11587,227,92
2667,68,92,3
227,2667,3,1036
92,227,1036,1194
3,92,1194,12
1036,3,12,10
1194,1036,10,191
12,1194,191,1003
10,12,1003,11789
191,10,11789,56
1003,191,56,6
11789,1003,6,1103
56,11789,1103,4
6,56,4,3
1103,6,3,1704
4,1103,1704,9680
3,4,9680,3
1704,3,3,35
9680,1704,35,36
3,9680,36,3
35,3,3,45
36,35,45,46
3,36,46,2
45,3,2,1167
46,45,1167,96
2,46,96,4234
1167,2,4234,227
96,1167,227,92
4234,96,92,6
227,4234,6,57
92,227,57,357
6,92,357,830
57,6,830,1623
357,57,1623,19
830,357,19,1314
1623,830,1314,5
19,1623,5,35
1314,19,35,4
5,1314,4,10
35,5,10,191
4,35,191,16
10,4,16,5747
191,10,5747,24
16,191,24,38
5747,16,38,4
24,5747,4,21
38,24,21,2219
4,38,2219,20
21,4,20,14
2219,21,14,4
20,2219,4,469
14,20,469,6
4,14,6,4106
469,4,4106,1514
6,469,1514,15
4106,6,15,88
1514,4106,88,57
15,1514,57,150
88,15,150,92
57,88,92,10430
150,57,10430,35
92,150,35,2897
10430,92,2897,216
35,10430,216,39942
2897,35,39942,36
216,2897,36,57
39942,216,57,105
36,39942,105,101781
57,36,101781,16
