1039,112,194,2
6,1039,2,2
194,6,2,16915
2,194,16915,212
2,2,212,2167
16915,2,2167,4
212,16915,4,13
2167,212,13,89
4,2167,89,2836
13,4,2836,2970
89,13,2970,13
2836,89,13,101
2970,2836,101,3
13,2970,3,17
101,13,17,8775
3,101,8775,3
17,3,3,1397
8775,17,1397,4
3,8775,4,3
1397,3,3,2991
4,1397,2991,49
3,4,49,624
2991,3,624,3743
49,2991,3743,64
624,49,64,3772
3743,624,3772,1387
64,3743,1387,771
3772,64,771,2970
1387,3772,2970,5076
771,1387,5076,79
2970,771,79,2168
5076,2970,2168,428
79,5076,428,7
2168,79,7,1192
428,2168,1192,3
7,428,3,17
1192,7,17,1504
3,1192,1504,6
17,3,6,280
1504,17,280,461
6,1504,461,3
280,6,3,101
461,280,101,3
3,461,3,17
101,3,17,8775
3,101,8775,3
17,3,3,1397
8775,17,1397,4
3,8775,4,3
1397,3,3,2991
4,1397,2991,49
3,4,49,624
2991,3,624,46
49,2991,46,2235
624,49,2235,1714
46,624,1714,880
2235,46,880,518
1714,2235,518,15
880,1714,15,1032
518,880,1032,624
15,518,624,2970
1032,15,2970,68
624,1032,68,13
2970,624,13,856
68,2970,856,1804
13,68,1804,101
856,13,101,4
1804,856,4,2644
101,1804,2644,256
4,101,256,38254
2644,4,38254,2
256,2644,2,1164
38254,256,1164,31
2,38254,31,3198
1164,2,3198,4146
31,1164,4146,3
3198,31,3,18
4146,3198,18,829
3,4146,829,5
18,3,5,2970
829,18,2970,3114
5,829,3114,146
2970,5,146,166
3114,2970,166,420
146,3114,420,402
166,146,402,1950
420,166,1950,15
402,420,15,2
1950,402,2,590
15,1950,590,5
2,15,5,76
590,2,76,5
5,590,5,4930
76,5,4930,101
5,76,101,2970
4930,5,2970,165
101,4930,165,514
2970,101,514,71248
165,2970,71248,13
514,165,13,3
71248,514,3,735
13,71248,735,2
3,13,2,415
735,3,415,1881
2,735,1881,3
415,2,3,3590
1881,415,3590,6
3,1881,6,917
3590,3,917,9
6,3590,9,10
917,6,10,6499
9,917,6499,4
10,9,4,17055
6499,10,17055,10383
4,6499,10383,3149
17055,4,3149,5
10383,17055,5,48824
3149,10383,48824,327
5,3149,327,513
48824,5,513,19
327,48824,19,107
513,327,107,5
19,513,5,2
107,19,2,1881
5,107,1881,3688
2,5,3688,3590
1881,2,3590,251
3688,1881,251,20
3590,3688,20,88
251,3590,88,644
20,251,644,721
88,20,721,171
644,88,171,2615
721,644,2615,5
171,721,5,2970
2615,171,2970,6668
5,2615,6668,25
2970,5,25,10
6668,2970,10,2155
25,6668,2155,229
10,25,229,1881
2155,10,1881,13
229,2155,13,3
1881,229,3,17
13,1881,17,98
3,13,98,994
17,3,994,56408
98,17,56408,3590
994,98,3590,893
56408,994,893,746
3590,56408,746,76536
893,3590,76536,10489
746,893,10489,6
76536,746,6,6985
10489,76536,6985,15486
6,10489,15486,13
6985,6,13,3
15486,6985,3,420
13,15486,420,2
3,13,2,12440
420,3,12440,6
2,420,6,601
12440,2,601,33091
6,12440,33091,20
601,6,20,7
33091,601,7,2223
20,33091,2223,2218
7,20,2218,19
2223,7,19,209
2218,2223,209,10489
19,2218,10489,7
209,19,7,2
10489,209,2,96570
7,10489,96570,17274
2,7,17274,5
96570,2,5,45970
17274,96570,45970,83
5,17274,83,49377
45970,5,49377,3668
83,45970,3668,4
49377,83,4,7
3668,49377,7,633
4,3668,633,3
7,4,3,981
633,7,981,2
3,633,2,3131
981,3,3131,12
2,981,12,2
3131,2,2,5016
12,3131,5016,8238
2,12,8238,121
5016,2,121,3590
8238,5016,3590,862
121,8238,862,168
3590,121,168,3668
862,3590,3668,20
168,862,20,128
3668,168,128,721
20,3668,721,6
128,20,6,1705
721,128,1705,5
6,721,5,102863
1705,6,102863,10489
5,1705,10489,6
102863,5,6,1837
10489,102863,1837,5970
6,10489,5970,13
1837,6,13,3
5970,1837,3,981
13,5970,981,2
3,13,2,3131
981,3,3131,12
2,981,12,4
3131,2,4,2369
12,3131,2369,52584
4,12,52584,10603
2369,4,10603,90
52584,2369,90,10940
10603,52584,10940,327
90,10603,327,68
10940,90,68,513
327,10940,513,2
68,327,2,93257
513,68,93257,46
2,513,46,2
93257,2,2,359
46,93257,359,5
2,46,5,436
359,2,436,12
5,359,12,38
436,5,38,1767
12,436,1767,720
38,12,720,3
1767,38,3,10033
720,1767,10033,76
3,720,76,16
10033,3,16,1049
76,10033,1049,2221
16,76,2221,1705
1049,16,1705,5
2221,1049,5,49088
1705,2221,49088,10489
5,1705,10489,327
49088,5,327,303
10489,49088,303,56
327,10489,56,258
303,327,258,12080
56,303,12080,5
258,56,5,2089
12080,258,2089,12
5,12080,12,39
2089,5,39,66
12,2089,66,343
39,12,343,9
66,39,9,7734
343,66,7734,5
9,343,5,892
7734,9,892,8266
5,7734,8266,5
892,5,5,11211
8266,892,11211,9
5,8266,9,1664
11211,5,1664,892
9,11211,892,8266
1664,9,8266,522
892,1664,522,24
8266,892,24,3
522,8266,3,1705
24,522,1705,5
3,24,5,65942
1705,3,65942,327
5,1705,327,1843
65942,5,1843,46
327,65942,46,59
1843,327,59,633
46,1843,633,46
59,46,46,2
633,59,2,13895
46,633,13895,6
2,46,6,81681
13895,2,81681,312
6,13895,312,5
81681,6,5,28767
312,81681,28767,513
5,312,513,9
28767,5,9,10
513,28767,10,1174
9,513,1174,5
10,9,5,5199
1174,10,5199,778
5,1174,778,19
5199,5,19,1930
778,5199,1930,4
19,778,4,2454
1930,19,2454,18091
4,1930,18091,89734
2454,4,89734,107298
18091,2454,107298,327
89734,18091,327,420
107298,89734,420,2
327,107298,2,889
420,327,889,13757
2,420,13757,6888
889,2,6888,6
13757,889,6,1744
6888,13757,1744,3
6,6888,3,2498
1744,6,2498,31
3,1744,31,140
2498,3,140,117
31,2498,117,81
140,31,81,3
117,140,3,3106
81,117,3106,5
3,81,5,22367
3106,3,22367,46
5,3106,46,31
22367,5,31,140
46,22367,140,117
31,46,117,81
140,31,81,3
117,140,3,87488
81,117,87488,3149
3,81,3149,5
87488,3,5,79943
3149,87488,79943,13
5,3149,13,3
79943,5,3,735
13,79943,735,2
3,13,2,503
735,3,503,33142
2,735,33142,1488
503,2,1488,15
33142,503,15,2
1488,33142,2,65336
15,1488,65336,326
2,15,326,14477
65336,2,14477,12
326,65336,12,1206
14477,326,1206,4113
12,14477,4113,5
1206,12,5,838
4113,1206,838,5
5,4113,5,51569
838,5,51569,3149
5,838,3149,5
51569,5,5,32058
3149,51569,32058,13
5,3149,13,3
32058,5,3,735
13,32058,735,2
3,13,2,1005
735,3,1005,100732
2,735,100732,1488
1005,2,1488,126
100732,1005,126,7207
1488,100732,7207,12
126,1488,12,860
7207,126,860,46
12,7207,46,4113
860,12,4113,5
46,860,5,838
4113,46,838,5
5,4113,5,23320
1273,390,8047,1941
9,1273,1941,218
8047,9,218,1865
1941,8047,1865,12998
218,1941,12998,181
1865,218,181,37
12998,1865,37,1706
181,12998,1706,764
37,181,764,39297
1706,37,39297,10
764,1706,10,4344
39297,764,4344,117
10,39297,117,2646
4344,10,2646,24
117,4344,24,890
2646,117,890,3
24,2646,3,5810
890,24,5810,128
3,890,128,153
5810,3,153,76
128,5810,76,4863
153,128,4863,24
76,153,24,1129
4863,76,1129,211
24,4863,211,290
1129,24,290,3219
211,1129,3219,520
290,211,520,4193
3219,290,4193,4
520,3219,4,177
4193,520,177,5
4,4193,5,6776
177,4,6776,13
5,177,13,47
6776,5,47,94235
13,6776,94235,8063
47,13,8063,5
94235,47,5,399
8063,94235,399,469
5,8063,469,18
399,5,18,68
469,399,68,47
18,469,47,277
68,18,277,4
47,68,4,158
277,47,158,6
4,277,6,2558
158,4,2558,1035
6,158,1035,16
2558,6,16,424
1035,2558,424,3
16,1035,3,2041
424,16,2041,4
3,424,4,2642
2041,3,2642,81
4,2041,81,3
2642,4,3,944
81,2642,944,907
3,81,907,5
944,3,5,944
907,944,944,18
5,907,18,557
944,5,557,1135
18,944,1135,947
557,18,947,1033
1135,557,1033,2608
947,1135,2608,3
1033,947,3,248
2608,1033,248,15
3,2608,15,5753
248,3,5753,1786
15,248,1786,8047
5753,15,8047,823
1786,5753,823,802
8047,1786,802,8932
823,8047,8932,14107
802,823,14107,134
8932,802,134,390
14107,8932,390,12
134,14107,12,20840
390,134,20840,10
12,390,10,469
20840,12,469,196
10,20840,196,341
469,10,341,3
196,469,3,1024
341,196,1024,24
3,341,24,5818
1024,3,5818,469
24,1024,469,229
5818,24,229,36
469,5818,36,21
229,469,21,53
36,229,53,14
21,36,14,4
53,21,4,2793
14,53,2793,12
4,14,12,1941
2793,4,1941,4
12,2793,4,158
1941,12,158,23
4,1941,23,15277
158,4,15277,134
23,158,134,55963
15277,23,55963,28
134,15277,28,8
55963,134,8,152
28,55963,152,181
8,28,181,1862
152,8,1862,1704
181,152,1704,50
1862,181,50,48
1704,1862,48,88830
50,1704,88830,422
48,50,422,14748
88830,48,14748,984
422,88830,984,345
14748,422,345,3
984,14748,3,60469
345,984,60469,4
3,345,4,20
60469,3,20,7
4,60469,7,21
20,4,21,8829
7,20,8829,5
21,7,5,51
8829,21,51,434
5,8829,434,3867
51,5,3867,11
434,51,11,28
3867,434,28,329
11,3867,329,21
28,11,21,3190
329,28,3190,3
21,329,3,34650
3190,21,34650,531
3,3190,531,744
34650,3,744,5
531,34650,5,1273
744,531,1273,7
5,744,7,9
1273,5,9,1129
7,1273,1129,28685
9,7,28685,4
1129,9,4,1170
28685,1129,1170,220
4,28685,220,6008
1170,4,6008,54
220,1170,54,16
6008,220,16,761
54,6008,761,3
16,54,3,420
761,16,420,3096
3,761,3096,5001
420,3,5001,37
3096,420,37,51
5001,3096,51,721
37,5001,721,3
51,37,3,1706
721,51,1706,14107
3,721,14107,28
1706,3,28,8047
14107,1706,8047,13
28,14107,13,64
8047,28,64,294
13,8047,294,37
64,13,37,1880
294,64,1880,5
37,294,5,28685
1880,37,28685,4
5,1880,4,8
28685,5,8,5505
4,28685,5505,1273
8,4,1273,504
5505,8,504,14
1273,5505,14,2532
504,1273,2532,12
14,504,12,4
2532,14,4,418
12,2532,418,37
4,12,37,1849
418,4,1849,5
37,418,5,57389
1849,37,57389,910
5,1849,910,5
57389,5,5,3412
910,57389,3412,74
5,910,74,764
3412,5,764,532
74,3412,532,5
764,74,5,1941
532,764,1941,16
5,532,16,7713
1941,5,7713,181
16,1941,181,24
7713,16,24,3720
181,7713,3720,4
24,181,4,2558
3720,24,2558,27273
4,3720,27273,1941
2558,4,1941,14
27273,2558,14,23
1941,27273,23,2559
14,1941,2559,59
23,14,59,10
2559,23,10,182
59,2559,182,1765
10,59,1765,898
182,10,898,4131
1765,182,4131,341
898,1765,341,12
4131,898,12,132
341,4131,132,2296
12,341,2296,126
132,12,126,1706
2296,132,1706,14
126,2296,14,1637
1706,126,1637,3
14,1706,3,830
1637,14,830,3720
3,1637,3720,4684
830,3,4684,4
3720,830,4,1827
4684,3720,1827,2558
4,4684,2558,46221
1827,4,46221,3720
2558,1827,3720,441
46221,2558,441,624
3720,46221,624,17414
441,3720,17414,17200
624,441,17200,28
17414,624,28,8
17200,17414,8,993
28,17200,993,2406
8,28,2406,2558
993,8,2558,4684
2406,993,4684,1706
2558,2406,1706,13437
4684,2558,13437,1304
1706,4684,1304,274
13437,1706,274,4
1304,13437,4,140
274,1304,140,1304
4,274,1304,126
140,4,126,13298
1304,140,13298,93571
126,1304,93571,298
13298,126,298,37
93571,13298,37,7713
298,93571,7713,641
37,298,641,14107
7713,37,14107,28
641,7713,28,8
14107,641,8,4171
28,14107,4171,294
8,28,294,7
4171,8,7,110
294,4171,110,3
7,294,3,154
110,7,154,24
3,110,24,220
154,3,220,6008
24,154,6008,4
220,24,4,26
6008,220,26,18
4,6008,18,21
26,4,21,47
18,26,47,8893
21,18,8893,107561
47,21,107561,7
8893,47,7,400
107561,8893,400,102
7,107561,102,1436
400,7,1436,2
102,400,2,7
1436,102,7,3004
2,1436,3004,5
7,2,5,1273
3004,7,1273,418
5,3004,418,15
1273,5,15,504
418,1273,504,3843
15,418,3843,6
504,15,6,538
3843,504,538,2
6,3843,2,136
538,6,136,2
2,538,2,2559
136,2,2559,1037
2,136,1037,2558
2559,2,2558,4
1037,2559,4,1005
2558,1037,1005,42855
4,2558,42855,16
1005,4,16,400
42855,1005,400,6
16,42855,6,418
400,16,418,6
6,400,6,4
418,6,4,740
6,418,740,3
4,6,3,346
740,4,346,1941
3,740,1941,561
346,3,561,4
1941,346,4,12984
561,1941,12984,926
4,561,926,7968
12984,4,7968,126
926,12984,126,38
7968,926,38,20812
126,7968,20812,4463
38,126,4463,35831
20812,38,35831,1436
4463,20812,1436,16
35831,4463,16,61
1436,35831,61,102
16,1436,102,4380
61,16,4380,28
102,61,28,5877
4380,102,5877,1459
28,4380,1459,5557
5877,28,5557,1425
1459,5877,1425,52
5557,1459,52,26
1425,5557,26,25
52,1425,25,346
26,52,346,220
25,26,220,6008
346,25,6008,6
220,346,6,235
6008,220,235,44
6,6008,44,262
235,6,262,5
44,235,5,1340
262,44,1340,81
5,262,81,7
1340,5,7,110
81,1340,110,3
7,81,3,17
110,7,17,136
3,110,136,2092
17,3,2092,87
136,17,87,220
2092,136,220,6008
87,2092,6008,132
220,87,132,64
6008,220,64,752
132,6008,752,17
64,132,17,1172
752,64,1172,56
17,752,56,2
1172,17,2,30404
56,1172,30404,22743
2,56,22743,54
30404,2,54,34
22743,30404,34,248
54,22743,248,81
34,54,81,2041
248,34,2041,4065
81,248,4065,1102
2041,81,1102,5
4065,2041,5,4
1102,4065,4,528
5,1102,528,3540
4,5,3540,3
528,4,3,907
3540,528,907,5
3,3540,5,1005
907,3,1005,3194
5,907,3194,28
1005,5,28,2291
3194,1005,2291,16
28,3194,16,507
2291,28,507,26
16,2291,26,55
507,16,55,976
26,507,976,2558
55,26,2558,291
976,55,291,4
2558,976,4,14
291,2558,14,41
4,291,41,2278
14,4,2278,24
41,14,24,66001
2278,41,66001,67076
24,2278,67076,269
66001,24,269,257
67076,66001,257,5
269,67076,5,1005
257,269,1005,150
5,257,150,3747
1005,5,3747,5
150,1005,5,944
3747,150,944,5
5,3747,5,4424
944,5,4424,28
5,944,28,53
4424,5,53,34
28,4424,34,17
53,28,17,2
34,53,2,107
17,34,107,3
2,17,3,1562
107,2,1562,291
3,107,291,243
1562,3,243,6
291,1562,6,236
243,291,236,19
6,243,19,1005
236,6,1005,92
19,236,92,15
1005,19,15,4
92,1005,4,3044
15,92,3044,158
4,15,158,3
3044,4,3,1361
158,3044,1361,385
3,158,385,5
1361,3,5,907
385,1361,907,6
5,385,6,153
907,5,153,4
6,907,4,66
153,6,66,3
4,153,3,56476
66,4,56476,28
3,66,28,907
56476,3,907,16
28,56476,16,16106
907,28,16106,5
16,907,5,2485
16106,16,2485,6
5,16106,6,177
2485,5,177,91
6,2485,91,3
177,6,3,62
91,177,62,133
3,91,133,4052
62,3,4052,131
133,62,131,2720
4052,133,2720,15
131,4052,15,1005
2720,131,1005,874
15,2720,874,171
1005,15,171,291
874,1005,291,5
171,874,5,2806
291,171,2806,5
5,291,5,2
2806,5,2,2231
5,2806,2231,2056
2,5,2056,1165
2231,2,1165,1005
2056,2231,1005,4558
1165,2056,4558,470
1005,1165,470,198
4558,1005,198,24
470,4558,24,4040
198,470,4040,879
24,198,879,5
4040,24,5,2085
879,4040,2085,61208
5,879,61208,92
2085,5,92,4
61208,2085,4,5338
92,61208,5338,158
4,92,158,18
5338,4,18,627
158,5338,627,3
18,158,3,17
627,18,17,4322
3,627,4322,6
17,3,6,291
4322,17,291,79
6,4322,79,51
291,6,51,721
79,291,721,3
51,79,3,40777
721,51,40777,2558
3,721,2558,658
40777,3,658,5877
2558,40777,5877,1828
658,2558,1828,2612
5877,658,2612,369
1828,5877,369,7
2612,1828,7,118
369,2612,118,186
7,369,186,19
118,7,19,21256
186,118,21256,46898
19,186,46898,1436
21256,19,1436,68
46898,21256,68,6
1436,46898,6,496
68,1436,496,5
6,68,5,3392
496,6,3392,79
5,496,79,318
3392,5,318,2806
79,3392,2806,5
318,79,5,2
2806,318,2,263
5,2806,263,16205
2,5,16205,8001
263,2,8001,74
16205,263,74,7456
8001,16205,7456,8
74,8001,8,1907
7456,74,1907,54
8,7456,54,489
1907,8,489,48
54,1907,48,5149
489,54,5149,7
48,489,7,1801
5149,48,1801,178
7,5149,178,3
1801,7,3,17
178,1801,17,179
3,178,179,5
17,3,5,98259
179,17,98259,4798
5,179,4798,181
98259,5,181,5
4798,98259,5,291
181,4798,291,34
5,181,34,17
291,5,17,1131
34,291,1131,474
17,34,474,2
1131,17,2,205
474,1131,205,82209
2,474,82209,134
205,2,134,35
82209,205,35,152
134,82209,152,102343
35,134,102343,747
152,35,747,1005
102343,152,1005,5877
747,102343,5877,158
1005,747,158,1254
5877,1005,1254,8
158,5877,8,4
1254,158,4,8011
8,1254,8011,213
4,8,213,5149
8011,4,5149,1129
213,8011,1129,326
5149,213,326,519
1129,5149,519,37
326,1129,37,3008
519,326,3008,6
37,519,6,725
3008,37,725,5
6,3008,5,1706
725,6,1706,72
5,725,72,126
1706,5,126,10
72,1706,10,4029
126,72,4029,79
10,126,79,550
4029,10,550,341
79,4029,341,429
550,79,429,117
341,550,117,2646
429,341,2646,24
117,429,24,890
2646,117,890,3
24,2646,3,53068
890,24,53068,1856
3,890,1856,1298
53068,3,1298,1941
1856,53068,1941,561
1298,1856,561,8
1941,1298,8,390
561,1941,390,2561
8,561,2561,24
390,8,24,4
2561,390,4,2558
24,2561,2558,333
4,24,333,8
2558,4,8,2755
333,2558,2755,561
8,333,561,8327
2755,8,8327,168
561,2755,168,1706
8327,561,1706,1215
168,8327,1215,3059
1706,168,3059,4
1215,1706,4,1716
3059,1215,1716,213
4,3059,213,36
1716,4,36,44484
213,1716,44484,54
36,213,54,117
44484,36,117,519
54,44484,519,175
117,54,175,1129
519,117,1129,4
175,519,4,585
1129,175,585,2874
4,1129,2874,62
585,4,62,1129
2874,585,1129,8327
62,2874,8327,2544
1129,62,2544,519
8327,1129,519,75
2544,8327,75,10
519,2544,10,8591
75,519,8591,30574
10,75,30574,99
8591,10,99,103
30574,8591,103,519
99,30574,519,822
103,99,822,4656
519,103,4656,50
822,519,50,9437
4656,822,9437,29
50,4656,29,235
9437,50,235,519
29,9437,519,23
235,29,23,13090
519,235,13090,35
23,519,35,2
13090,23,2,691
35,13090,691,6
2,35,6,19522
691,2,19522,2575
6,691,2575,2931
19522,6,2931,4
2575,19522,4,326
2931,2575,326,56
4,2931,56,519
326,4,519,5
56,326,5,3008
519,56,3008,6
