284,535,17,4143
230,284,4143,273
17,230,273,46
4143,17,46,87
273,4143,87,2
46,273,2,1248
87,46,1248,1195
2,87,1195,230
1248,2,230,17
1195,1248,17,48
230,1195,48,10
17,230,10,123
48,17,123,3
10,48,3,2839
123,10,2839,136
3,123,136,5
2839,3,5,70
136,2839,70,402
5,136,402,3
70,5,3,484
402,70,484,351
3,402,351,24
484,3,24,8652
351,484,8652,788
24,351,788,8
8652,24,8,13
788,8652,13,1982
8,788,1982,67
13,8,67,770
1982,13,770,9
67,1982,9,25
770,67,25,90
9,770,90,66
25,9,66,53
90,25,53,2211
66,90,2211,3123
53,66,3123,9
2211,53,9,20
3123,2211,20,359
9,3123,359,5
20,9,5,965
359,20,965,1195
5,359,1195,3676
965,5,3676,770
1195,965,770,84
3676,1195,84,10431
770,3676,10431,6
84,770,6,67
10431,84,67,22900
6,10431,22900,3607
67,6,3607,7
22900,67,7,1362
3607,22900,1362,13937
7,3607,13937,10
1362,7,10,14
13937,1362,14,1138
10,13937,1138,392
14,10,392,19
1138,14,19,306
392,1138,306,24083
19,392,24083,5
306,19,5,965
24083,306,965,8
5,24083,8,365
965,5,365,236
8,965,236,171
365,8,171,108
236,365,108,124
171,236,124,293
108,171,293,15
124,108,15,660
293,124,660,8
15,293,8,500
660,15,500,9
8,660,9,41
500,8,41,65
9,500,65,2
41,9,2,1207
617,63,1413,3
71,617,3,3221
1413,71,3221,4168
3,1413,4168,12
3221,3,12,473
4168,3221,473,253
12,4168,253,34
473,12,34,10085
253,473,10085,136
34,253,136,6251
10085,34,6251,413
136,10085,413,12
6251,136,12,127
413,6251,127,69
12,413,69,1455
127,12,1455,120
69,127,120,450
1455,69,450,2020
120,1455,2020,7
450,120,7,761
2020,450,761,3
7,2020,3,1362
761,7,1362,2
3,761,2,2
1362,3,2,531
2,1362,531,37940
2,2,37940,1134
531,2,1134,3
37940,531,3,464
1134,37940,464,5222
3,1134,5222,818
464,3,818,99
5222,464,99,367
818,5222,367,9
99,818,9,2
367,99,2,1869
9,367,1869,63
2,9,63,6166
1869,2,6166,15
63,1869,15,2
6166,63,2,961
15,6166,961,166
2,15,166,2496
961,2,2496,8
166,961,8,1028
2496,166,1028,7
8,2496,7,8813
1028,8,8813,61
7,1028,61,4
8813,7,4,8
61,8813,8,399
4,61,399,18
8,4,18,271
399,8,271,3
18,399,3,25
271,18,25,15
3,271,15,10
11565,2300,82,12
339,11565,12,5347
82,339,5347,336
12,82,336,6
5347,12,6,842
336,5347,842,1967
6,336,1967,2571
842,6,2571,2300
1967,842,2300,13
2571,1967,13,321
2300,2571,321,285
13,2300,285,8390
321,13,8390,190
285,321,190,4499
8390,285,4499,339
190,8390,339,24
4499,190,24,22796
339,4499,22796,393
24,339,393,825
22796,24,825,5
393,22796,5,3359
825,393,3359,339
5,825,339,1187
3359,5,1187,5
339,3359,5,5347
1187,339,5347,3542
5,1187,3542,4665
5347,5,4665,5
3542,5347,5,38
4665,3542,38,655
5,4665,655,3
38,5,3,1300
655,38,1300,10
3,655,10,7
1300,3,7,182
10,1300,182,12
7,10,12,2300
182,7,2300,526
12,182,526,339
2300,12,339,1851
526,2300,1851,1682
339,526,1682,2150
1851,339,2150,5
1682,1851,5,105
2150,1682,105,4389
5,2150,4389,14
105,5,14,307
4389,105,307,128
14,4389,128,153
307,14,153,4
128,307,4,1468
153,128,1468,15209
4,153,15209,26406
1468,4,26406,26406
15209,1468,26406,7
26406,15209,7,2
26406,26406,2,444
7,26406,444,401
2,7,401,1269
444,2,1269,2766
401,444,2766,31
1269,401,31,920
2766,1269,920,1745
31,2766,1745,4691
920,31,4691,91
1745,920,91,19
4691,1745,19,3298
91,4691,3298,3
19,91,3,1730
3298,19,1730,83
3,3298,83,361
1730,3,361,381
83,1730,381,24
361,83,24,101
381,361,101,20
24,381,20,364
101,24,364,9631
20,101,9631,4869
364,20,4869,4
9631,364,4,4389
4869,9631,4389,142
4,4869,142,6
4389,4,6,1999
142,4389,1999,739
6,142,739,3
1999,6,3,809
739,1999,809,222
3,739,222,2441
809,3,2441,528
222,809,528,4625
2441,222,4625,151
528,2441,151,50
4625,528,50,5113
151,4625,5113,1973
50,151,1973,2581
5113,50,2581,59
1973,5113,59,424
2581,1973,424,3
59,2581,3,33025
424,59,33025,436
3,424,436,6094
33025,3,6094,2441
436,33025,2441,1190
6094,436,1190,20
2441,6094,20,14
1190,2441,14,4
20,1190,4,740
14,20,740,3
4,14,3,4822
740,4,4822,38
3,740,38,105
4822,3,105,2278
38,4822,2278,6
105,38,6,85
2278,105,85,1380
6,2278,1380,26406
85,6,26406,2
1380,85,2,135
26406,1380,135,1554
2,26406,1554,6
135,2,6,1267
1554,135,1267,1371
6,1554,1371,2
1267,6,2,2260
1371,1267,2260,69
2,1371,69,5
2260,2,5,554
69,2260,554,291
5,69,291,102
554,5,102,222
291,554,222,38
102,291,38,111
222,102,111,50
38,222,50,459
111,38,459,126
50,111,126,13417
459,50,13417,15
126,459,15,8729
13417,126,8729,18237
15,13417,18237,316
8729,15,316,3
18237,8729,3,319
316,18237,319,81
3,316,81,3478
319,3,3478,37
81,319,37,2456
3478,81,2456,337
37,3478,337,9
2456,37,9,48
337,2456,48,8
9,337,8,14
48,9,14,4890
8,48,4890,9
14,8,9,1017
4890,14,1017,58
9,4890,58,498
1017,9,498,1256
58,1017,1256,1542
498,58,1542,15209
1256,498,15209,26406
1542,1256,26406,2891
15209,1542,2891,80
26406,15209,80,41
2891,26406,41,482
80,2891,482,6
41,80,6,21812
482,41,21812,339
6,482,339,998
21812,6,998,5347
339,21812,5347,5
998,339,5,105
5347,998,105,895
5,5347,895,2300
105,5,2300,236
895,105,236,339
2300,895,339,79
236,2300,79,6372
339,236,6372,3089
79,339,3089,46
6372,79,46,54
3089,6372,54,7
46,3089,7,2
54,46,2,677
7,54,677,4784
2,7,4784,91
677,2,91,19
4784,677,19,391
91,4784,391,15230
19,91,15230,4
391,19,4,804
15230,391,804,3
4,15230,3,3820
804,4,3820,38
3,804,38,397
3820,3,397,24
38,3820,24,18688
397,38,18688,12696
24,397,12696,4
18688,24,4,5752
12696,18688,5752,825
4,12696,825,39622
5752,4,39622,181
825,5752,181,222
39622,825,222,1202
181,39622,1202,350
222,181,350,5065
1202,222,5065,22796
350,1202,22796,354
5065,350,354,9
22796,5065,9,91270
354,22796,91270,7
9,354,7,3
91270,9,3,276
7,91270,276,545
3,7,545,1099
276,3,1099,84357
545,276,84357,123
1099,545,123,12
84357,1099,12,352
123,84357,352,4902
12,123,4902,4
352,12,4,57
4902,352,57,139
4,4902,139,53
57,4,53,64
139,57,64,9672
53,139,9672,64
64,53,64,581
9672,64,581,36
64,9672,36,98
581,64,98,359
36,581,359,5
98,36,5,73205
359,98,73205,6
5,359,6,98
73205,5,98,5
6,73205,5,81
98,6,81,22796
5,98,22796,393
81,5,393,339
22796,81,339,211
393,22796,211,95
339,393,95,8
211,339,8,18
95,211,18,47
8,95,47,8390
18,8,8390,16
47,18,16,48
8390,47,48,3819
16,8390,3819,497
48,16,497,20
3819,48,20,549
497,3819,549,194
20,497,194,37
549,20,37,206
194,549,206,973
37,194,973,339
206,37,339,1467
973,206,1467,7
339,973,7,4407
1467,339,4407,2159
7,1467,2159,12
4407,7,12,81
2159,4407,81,23
12,2159,23,275
81,12,275,1385
23,81,1385,339
275,23,339,981
1385,275,981,19
339,1385,19,222
981,339,222,21
19,981,21,9
222,19,9,1710
21,222,1710,4499
9,21,4499,528
1710,9,528,8
4499,1710,8,7
528,4499,7,22796
8,528,22796,393
7,8,393,18
22796,7,18,47
393,22796,47,236
18,393,236,79
47,18,79,6372
236,47,6372,3089
79,236,3089,19
6372,79,19,2300
3089,6372,2300,53
19,3089,53,7
2300,19,7,2
53,2300,2,3778
7,53,3778,6689
2,7,6689,3
3778,2,3,172
6689,3778,172,5347
3,6689,5347,54
172,3,54,13
5347,172,13,33025
54,5347,33025,74
13,54,74,3118
33025,13,3118,25
74,33025,25,239
3118,74,239,3542
25,3118,3542,2300
239,25,2300,34
3542,239,34,93
2300,3542,93,10
34,2300,10,309
93,34,309,570
10,93,570,37
309,10,37,7655
570,309,7655,339
37,570,339,8
7655,37,8,1363
339,7655,1363,64
8,339,64,447
1363,8,447,3
64,1363,3,397
447,64,397,282
3,447,282,321
397,3,321,26
282,397,26,121
321,282,121,96
26,321,96,76
121,26,76,531
96,121,531,160
76,96,160,3
531,76,3,38
160,531,38,4850
3,160,4850,3
38,3,3,1090
4850,38,1090,20
3,4850,20,24
1090,3,24,1352
20,1090,1352,6
24,20,6,475
1352,24,475,2
6,1352,2,2300
475,6,2300,304
2,475,304,398
2300,2,398,3
304,2300,3,444
398,304,444,401
3,398,401,1269
444,3,1269,35
401,444,35,71882
1269,401,71882,2159
35,1269,2159,16
71882,35,16,516
2159,71882,516,19
16,2159,19,4
516,16,4,4850
19,516,4850,100
4,19,100,8
4850,4,8,1302
100,4850,1302,6
8,100,6,543
1302,8,543,14313
6,1302,14313,100
543,6,100,4
14313,543,4,2808
100,14313,2808,825
4,100,825,100
2808,4,100,1879
825,2808,1879,1055
100,825,1055,6297
1879,100,6297,4850
1055,1879,4850,6
6297,1055,6,4
4850,6297,4,740
6,4850,740,3
4,6,3,1194
740,4,1194,361
3,740,361,381
1194,3,381,4
361,1194,4,105
381,361,105,2278
4,381,2278,24
105,4,24,222
2278,105,222,2300
24,2278,2300,13
222,24,13,3822
2300,222,3822,2159
13,2300,2159,12
3822,13,12,1682
2159,3822,1682,2150
12,2159,2150,5
1682,12,5,105
2150,1682,105,4389
5,2150,4389,20
105,5,20,268
4389,105,268,1180
20,4389,1180,1056
268,20,1056,3
1180,268,3,444
1056,1180,444,401
3,1056,401,1269
444,3,1269,947
401,444,947,81
1269,401,81,2
947,1269,2,131
81,947,131,490
2,81,490,60
131,2,60,74
490,131,74,5347
60,490,5347,333
1672,1477,7,2
562,1672,2,159
7,562,159,2110
2,7,2110,3786
159,2,3786,722
2110,159,722,1554
3786,2110,1554,4
722,3786,4,2110
1554,722,2110,269
4,1554,269,5
2110,4,5,2589
269,2110,2589,9
5,269,9,772
2589,5,772,6
9,2589,6,1971
772,9,1971,252
6,772,252,737
1971,6,737,1188
252,1971,1188,6
737,252,6,20
1188,737,20,2805
6,1188,2805,16
20,6,16,17090
2805,20,17090,2
16,2805,2,30
17090,16,30,1827
2,17090,1827,148
30,2,148,828
1827,30,828,16
148,1827,16,615
828,148,615,41
16,828,41,1280
615,16,1280,9
41,615,9,78
1280,41,78,32
9,1280,32,65
78,9,65,26
32,78,26,939
65,32,939,776
26,65,776,205
939,26,205,11518
776,939,11518,125
205,776,125,1768
11518,205,1768,122
125,11518,122,21
1768,125,21,1126
122,1768,1126,7
21,122,7,9695
1126,21,9695,1707
7,1126,1707,111
9695,7,111,369
1707,9695,369,13
111,1707,13,47
369,111,47,1341
13,369,1341,2
47,13,2,41
1341,47,41,37
2,1341,37,356
41,2,356,65
37,41,65,2
356,37,2,718
65,356,718,5309
2,65,5309,5
718,2,5,214
5309,718,214,2245
5,5309,2245,823
214,5,823,63
2245,214,63,1140
823,2245,1140,927
63,823,927,13
1140,63,13,516
927,1140,516,21
13,927,21,3
516,13,3,567
21,516,567,49
3,21,49,6
567,3,6,41055
49,567,41055,140
6,49,140,132
41055,6,132,17
140,41055,17,2809
132,140,2809,60
17,132,60,9
2809,17,9,32
60,2809,32,30862
9,60,30862,3
32,9,3,123
30862,32,123,664
3,30862,664,3
123,3,3,6273
664,123,6273,595
3,664,595,1072
6273,3,1072,3
595,6273,3,49
1072,595,49,1401
3,1072,1401,24
49,3,24,57
1401,49,57,333
24,1401,333,5
57,24,5,1768
333,57,1768,32
5,333,32,479
1768,5,479,4
32,1768,4,876
479,32,876,1429
4,479,1429,2579
876,4,2579,19
1429,876,19,159
2579,1429,159,63
19,2579,63,32
159,19,32,156
63,159,156,664
32,63,664,147
156,32,147,3
664,156,3,364
147,664,364,851
3,147,851,2159
364,3,2159,12
851,364,12,31
2159,851,31,479
12,2159,479,34
31,12,34,1205
479,31,1205,1531
34,479,1531,24
1205,34,24,2
1531,1205,2,149
24,1531,149,2
2,24,2,12
149,2,12,120
2,149,120,159
12,2,159,63
120,12,63,34
159,120,34,628
63,159,628,9
34,63,9,82101
628,34,82101,104
9,628,104,664
82101,9,664,84
104,82101,84,7
664,104,7,774
84,664,774,344
7,84,344,9
774,7,9,78
344,774,78,32
9,344,32,87
78,9,87,42
32,78,42,418
87,32,418,120
42,87,120,49
418,42,49,199
120,418,199,217
49,120,217,469
199,49,469,5781
217,199,5781,7
469,217,7,229
5781,469,229,11
7,5781,11,7
229,7,7,2197
11,229,2197,2
7,11,2,1888
2197,7,1888,4
2,2197,4,5458
1888,2,5458,4
4,1888,4,2
5458,4,2,1740
4,5458,1740,19
2,4,19,2
1740,2,2,264
19,1740,264,197
2,19,197,259
264,2,259,463
197,264,463,53
259,197,53,469
463,259,469,152
53,463,152,385
469,53,385,6
152,469,6,2416
385,152,2416,869
6,385,869,5
2416,6,5,246
869,2416,246,32
5,869,32,18
246,5,18,459
32,246,459,9
18,32,9,38
459,18,38,105
9,459,105,4
38,9,4,11378
105,38,11378,44790
4,105,44790,7
11378,4,7,344
44790,11378,344,3
7,44790,3,610
344,7,610,8
3,344,8,139
610,3,139,1539
8,610,1539,32
139,8,32,479
1539,139,479,7
32,1539,7,21
479,32,21,229
7,479,229,479
21,7,479,7
229,21,7,36
479,229,36,14
7,479,14,2
36,7,2,13628
14,36,13628,9
2,14,9,713
13628,2,713,7552
9,13628,7552,4
713,9,4,10
7552,713,10,828
4,7552,828,7
10,4,7,21
828,10,21,37
7,828,37,229
21,7,229,479
37,21,479,115
229,37,115,1519
479,229,1519,2246
115,479,2246,179
1519,115,179,7
2246,1519,7,353
179,2246,353,21
7,179,21,1471
353,7,1471,5
21,353,5,718
1471,21,718,416
5,1471,416,8
718,5,8,159
416,718,159,7
8,416,7,187
159,8,187,7
7,159,7,353
187,7,353,1471
7,187,1471,5
353,7,5,90
1471,353,90,753
5,1471,753,8
90,5,8,479
753,90,479,13
8,753,13,9338
479,8,9338,6
13,479,6,418
9338,13,418,223
6,9338,223,57
418,6,57,5
223,418,5,450
57,223,450,283
5,57,283,4
450,5,4,288
283,450,288,974
4,283,974,774
288,4,774,6
974,288,6,236
774,974,236,120
6,774,120,397
236,6,397,4
120,236,4,38
397,120,38,1010
4,397,1010,16
38,4,16,4574
1010,38,4574,5826
16,1010,5826,601
4574,16,601,2546
5826,4574,2546,7
601,5826,7,353
2546,601,353,21
7,2546,21,1017
353,7,1017,2
21,353,2,94
1017,21,94,6
2,1017,6,85
94,2,85,23
6,94,23,20
85,6,20,173
23,85,173,7
20,23,7,7
173,20,7,1000
7,173,1000,3
7,7,3,2645
1000,7,2645,927
3,1000,927,578
2645,3,578,126
927,2645,126,11
578,927,11,516
126,578,516,21
11,126,21,3
516,11,3,4278
21,516,4278,139
3,21,139,7
4278,3,7,62
139,4278,62,23
7,139,23,2
62,7,2,60
23,62,60,59
2,23,59,70
60,2,70,18
59,60,18,11086
70,59,11086,247
18,70,247,5306
11086,18,5306,37
247,11086,37,92
5306,247,92,4
37,5306,4,120
92,37,120,246
4,92,246,6
120,4,6,356
246,120,356,7
6,246,7,260
356,6,260,56
7,356,56,5
260,7,5,302
56,260,302,25
5,56,25,30
302,5,30,1227
25,302,1227,1197
30,25,1197,3
1227,30,3,3145
1197,1227,3145,8
3,1197,8,67
3145,3,67,92
8,3145,92,7
67,8,7,9
92,67,9,1517
7,92,1517,4
9,7,4,62
1517,9,62,115
4,1517,115,20
62,4,20,94
115,62,94,1740
20,115,1740,3
94,20,3,4
1740,94,4,260
3,1740,260,996
4,3,996,3685
260,4,3685,166
996,260,166,8
3685,996,8,11
166,3685,11,1519
8,166,1519,7
11,8,7,4
1519,11,4,1888
7,1519,1888,417
4,7,417,1285
1888,4,1285,3
417,1888,3,4534
1285,417,4534,18265
3,1285,18265,1144
4534,3,1144,37
18265,4534,37,479
1144,18265,479,4
37,1144,4,876
479,37,876,1429
4,479,1429,30
876,4,30,16
1429,876,16,21
30,1429,21,2467
16,30,2467,12
21,16,12,2
2467,21,2,1622
12,2467,1622,500
2,12,500,194
1622,2,194,18
500,1622,18,260
194,500,260,47
18,194,47,459
260,18,459,37
47,260,37,62
459,47,62,479
37,459,479,1838
62,37,1838,122
479,62,122,78
1838,479,78,32
122,1838,32,522
78,122,522,2
32,78,2,269
522,32,269,5
2,522,5,35
269,2,35,1531
5,269,1531,6
35,5,6,889
1531,35,889,5
6,1531,5,589
889,6,589,4
5,889,4,1119
589,5,1119,169
4,589,169,5
1119,4,5,670
169,1119,670,50
5,169,50,2222
670,5,2222,19
50,670,19,479
2222,50,479,24
19,2222,24,238
479,19,238,92
24,479,92,4
238,24,4,57
92,238,57,59
4,92,59,26
57,4,26,13
59,57,13,139
26,59,139,118
13,26,118,1050
139,13,1050,19
118,139,19,35
1050,118,35,62279
19,1050,62279,30
35,19,30,16
62279,35,16,631
30,62279,631,37
16,30,37,2
631,16,2,479
37,631,479,296
2,37,296,19
479,2,19,269
296,479,269,5
19,296,5,35
269,19,35,1043
5,269,1043,6
35,5,6,161
1043,35,161,5
6,1043,5,104
161,6,104,2057
5,161,2057,1977
104,5,1977,3
2057,104,3,479
1977,2057,479,24
3,1977,24,95
479,3,95,140
24,479,140,454
95,24,454,402
140,95,402,126
454,140,126,216
402,454,216,4
126,402,4,479
216,126,479,377
4,216,377,402
479,4,402,15
377,479,15,35
402,377,35,216
15,402,216,1510
35,15,1510,5
216,35,5,2730
1510,216,2730,3667
5,1510,3667,1509
2730,5,1509,132
3667,2730,132,17
1509,3667,17,1003
132,1509,1003,91383
17,132,91383,55
1003,17,55,21
91383,1003,21,1227
55,91383,1227,454
21,55,454,3
1227,21,3,1406
454,1227,1406,3
3,454,3,194
