53,28,64,107
7,53,107,7
64,7,7,55
107,64,55,1902
7,107,1902,22
55,7,22,3541
1902,55,3541,12552
22,1902,12552,3973
3541,22,3973,3803
12552,3541,3803,48
3973,12552,48,7
3803,3973,7,18
48,3803,18,3
7,48,3,25
18,7,25,7
3,18,7,173
25,3,173,455
7,25,455,12552
173,7,12552,18555
455,173,18555,1508
12552,455,1508,5
18555,12552,5,421
1508,18555,421,44
5,1508,44,421
421,5,421,327
44,421,327,350
421,44,350,62
327,421,62,87
350,327,87,11
62,350,11,14
87,62,14,3
11,87,3,137
14,11,137,1576
3,14,1576,541
137,3,541,2434
1576,137,2434,56
541,1576,56,5
2434,541,5,27
56,2434,27,72
5,56,72,73
27,5,73,11
72,27,11,28
73,72,28,1576
11,73,1576,14
28,11,14,541
1576,28,541,56
14,1576,56,5
541,14,5,49
56,541,49,390
5,56,390,3432
49,5,3432,5295
390,49,5295,877
3432,390,877,3
5295,3432,3,300
877,5295,300,80
3,877,80,15878
300,3,15878,7
80,300,7,395
15878,80,395,2
7,15878,2,671
395,7,671,9
2,395,9,343
671,2,343,2272
9,671,2272,56
343,9,56,10
2272,343,10,2402
56,2272,2402,62
10,56,62,9084
2402,10,9084,8874
62,2402,8874,343
9084,62,343,156
8874,9084,156,2
343,8874,2,5734
156,343,5734,1324
2,156,1324,2709
5734,2,2709,6399
1324,5734,6399,4
2709,1324,4,21347
6399,2709,21347,161
4,6399,161,210
21347,4,210,596
161,21347,596,11313
210,161,11313,10024
596,210,10024,25443
11313,596,25443,3177
10024,11313,3177,5
25443,10024,5,704
3177,25443,704,14891
5,3177,14891,62
704,5,62,4524
14891,704,4524,4031
62,14891,4031,121
4524,62,121,1234
4031,4524,1234,343
121,4031,343,10024
1234,121,10024,25443
343,1234,25443,28
10024,343,28,7
25443,10024,7,40
28,25443,40,17
7,28,17,5897
40,7,5897,3
17,40,3,981
5897,17,981,343
3,5897,343,7
981,3,7,116
343,981,116,130
7,343,130,9771
116,7,9771,14891
130,116,14891,704
9771,130,704,4031
14891,9771,4031,7
704,14891,7,86
4031,704,86,2
7,4031,2,62
86,7,62,37
2,86,37,2
62,2,2,11082
37,62,11082,21
2,37,21,2
11082,2,2,280
21,11082,280,31690
2,21,31690,29
280,2,29,7
31690,280,7,113
29,31690,113,8
7,29,8,576
113,7,576,2866
8,113,2866,180
576,8,180,3
2866,576,3,981
180,2866,981,2
3,180,2,62
981,3,62,37
2,981,37,2
62,2,2,280
37,62,280,11082
2,37,11082,75
280,2,75,48
11082,280,48,86
75,11082,86,841
48,75,841,7
86,48,7,419
841,86,419,16
7,841,16,280
419,7,280,150
16,419,150,2692
280,16,2692,1648
150,280,1648,4832
2692,150,4832,13
1648,2692,13,596
4832,1648,596,3
13,4832,3,1403
596,13,1403,513
3,596,513,9
1403,3,9,4
513,1403,4,3402
9,513,3402,343
4,9,343,4832
3402,4,4832,63
343,3402,63,4991
4832,343,4991,38391
63,4832,38391,307
4991,63,307,579
38391,4991,579,304
307,38391,304,945
579,307,945,30
304,579,30,18
945,304,18,2082
30,945,2082,588
18,30,588,7
2082,18,7,121
588,2082,121,18
7,588,18,486
121,7,486,5
18,121,5,20
486,18,20,99
5,486,99,96
20,5,96,32868
99,20,32868,33232
13,204,124,97
228,13,97,51677
124,228,51677,350
97,124,350,124
51677,97,124,7
350,51677,7,21
124,350,21,110
7,124,110,3
21,7,3,972
110,21,972,56
3,110,56,75
972,3,75,1986
56,972,1986,109
75,56,109,1056
1986,75,1056,3
109,1986,3,14387
1056,109,14387,317
3,1056,317,4
14387,3,4,4449
317,14387,4449,19
4,317,19,81755
4449,4,81755,13286
19,4449,13286,13012
81755,19,13012,2900
13286,81755,2900,109
13012,13286,109,1411
2900,13012,1411,124
109,2900,124,13
1411,109,13,1123
124,1411,1123,1871
13,124,1871,12105
1123,13,12105,446
1871,1123,446,4
12105,1871,4,321
446,12105,321,2
4,446,2,350
321,4,350,124
2,321,124,7
350,2,7,21
124,350,21,37
7,124,37,3
21,7,3,972
37,21,972,56
3,37,56,2802
972,3,2802,126
56,972,126,36
2802,56,36,75
126,2802,75,355
36,126,355,43
75,36,43,127
355,75,127,35336
43,355,35336,32
127,43,32,1481
35336,127,1481,1115
32,35336,1115,2802
1481,32,2802,1232
1115,1481,1232,19
2802,1115,19,2
1232,2802,2,20340
19,1232,20340,113
2,19,113,97159
20340,2,97159,1703
113,20340,1703,2802
97159,113,2802,3
1703,97159,3,1149
2802,1703,1149,492
3,2802,492,4
1149,3,4,10
492,1149,10,955
4,492,955,152
10,4,152,11743
955,10,11743,14828
152,955,14828,18111
11743,152,18111,108302
14828,11743,108302,5
18111,14828,5,361
108302,18111,361,106910
5,108302,106910,16
361,5,16,13333
106910,361,13333,61
16,106910,61,11235
13333,16,11235,5
61,13333,5,204
11235,61,204,4
5,11235,4,108343
204,5,108343,3
4,204,3,3057
108343,4,3057,73031
3,108343,73031,321
3057,3,321,2
73031,3057,2,350
321,73031,350,124
2,321,124,7
350,2,7,21
124,350,21,37
7,124,37,3
21,7,3,972
37,21,972,56
3,37,56,2802
972,3,2802,126
56,972,126,36
2802,56,36,75
126,2802,75,355
36,126,355,43
75,36,43,127
355,75,127,85
43,355,85,25
127,43,25,90
85,127,90,5642
25,85,5642,5
90,25,5,623
5642,90,623,4
5,5642,4,15231
623,5,15231,6
4,623,6,209
15231,4,209,8719
6,15231,8719,64
209,6,64,41
8719,209,41,65
64,8719,65,2
41,64,2,51679
65,41,51679,483
2,65,483,15
51679,2,15,263
483,51679,263,3300
15,483,3300,1786
263,15,1786,163
3300,263,163,6
1786,3300,6,278
163,1786,278,186
6,163,186,19
278,6,19,2204
186,278,2204,4202
19,186,4202,108279
2204,19,108279,32620
4202,2204,32620,58822
108279,4202,58822,2911
32620,108279,2911,4630
58822,32620,4630,54
2911,58822,54,34
4630,2911,34,17
54,4630,17,6559
34,54,6559,6
17,34,6,1268
6559,17,1268,4131
6,6559,4131,23
1268,6,23,275
4131,1268,275,375
23,4131,375,1360
275,23,1360,1017
375,275,1017,559
1360,375,559,102
1017,1360,102,48
559,1017,48,6142
102,559,6142,5
48,102,5,46471
6142,48,46471,2911
5,6142,2911,4630
46471,5,4630,7
2911,46471,7,1403
4630,2911,1403,6170
7,4630,6170,15
1403,7,15,23509
6170,1403,23509,603
15,6170,603,441
23509,15,441,6785
603,23509,6785,4
441,603,4,17797
6785,441,17797,3267
4,6785,3267,213
17797,4,213,2802
3267,17797,2802,4
213,3267,4,55
2802,213,55,1361
4,2802,1361,682
55,4,682,102
1361,55,102,2
682,1361,2,1424
102,682,1424,4938
2,102,4938,5
1424,2,5,447
4938,1424,447,1948
5,4938,1948,1006
447,5,1006,103864
1948,447,103864,1006
1006,1948,1006,7
103864,1006,7,6854
1006,103864,6854,15
7,1006,15,3972
6854,7,3972,8
15,6854,8,32259
3972,15,32259,5
8,3972,5,1837
32259,8,1837,65324
5,32259,65324,525
1837,5,525,15
65324,1837,15,4225
525,65324,4225,4299
15,525,4299,7
4225,15,7,12
4299,4225,12,107
7,4299,107,3
12,7,3,4131
107,12,4131,732
3,107,732,3085
4131,3,3085,86
732,4131,86,177
3085,732,177,5
86,3085,5,1837
177,86,1837,4299
5,177,4299,4
1837,5,4,4225
4299,1837,4225,4299
4,4299,4299,1642
4225,4,1642,16
4299,4225,16,21
1642,4299,21,110
16,1642,110,2379
21,16,2379,910
110,21,910,5
2379,110,5,323
910,2379,323,7
5,910,7,8
323,5,8,59
7,323,59,4228
8,7,4228,5
59,8,5,20
4228,59,20,263
5,4228,263,3300
20,5,3300,1786
263,20,1786,163
3300,263,163,16
1786,3300,16,4506
163,1786,4506,15
16,163,15,1148
4506,16,1148,213
15,4506,213,260
1148,15,260,2792
213,1148,2792,6
260,213,6,278
2792,260,278,204
6,2792,204,7
278,6,7,84
204,278,84,326
7,204,326,5114
84,7,5114,41808
326,84,41808,9433
5114,326,9433,5
41808,5114,5,43
9433,41808,43,4666
5,9433,4666,4299
43,5,4299,3
4666,43,3,172
4299,4666,172,10
3,4299,10,198
172,3,198,2
10,172,2,20
198,10,20,2413
2,198,2413,215
20,2,215,1312
2413,20,1312,96
215,2413,96,314
1312,215,314,204
96,1312,204,13
314,96,13,108229
204,314,108229,146
13,204,146,38
108229,13,38,83
146,108229,83,2689
38,146,2689,1464
83,38,1464,74
2689,83,74,23405
1464,2689,23405,4
74,1464,4,2
23405,74,2,43
4,23405,43,2689
2,4,2689,1464
43,2,1464,26617
2689,43,26617,1611
1464,2689,1611,19
26617,1464,19,78
1611,26617,78,32
19,1611,32,19159
78,19,19159,84
32,78,84,1523
19159,32,1523,3
84,19159,3,44653
1523,84,44653,121
3,1523,121,17
44653,3,17,41
121,44653,41,65
17,121,65,362
41,17,362,3
65,41,3,243
362,65,243,79
3,362,79,2050
243,3,2050,22125
79,243,22125,31561
2050,79,31561,79
22125,2050,79,2862
31561,22125,2862,837
79,31561,837,9694
2862,79,9694,19
837,2862,19,1543
9694,837,1543,4
19,9694,4,10
1543,19,10,20340
4,1543,20340,103680
10,4,103680,3
20340,10,3,10
103680,20340,10,2862
3,103680,2862,124
10,3,124,175
2862,10,175,1543
124,2862,1543,4
175,124,4,1654
1543,175,1654,6
4,1543,6,604
1654,4,604,124
6,1654,124,8708
604,6,8708,120
124,604,120,1543
8708,124,1543,142
120,8708,142,7530
1543,120,7530,3673
142,1543,3673,31
7530,142,31,16
3673,7530,16,21
31,3673,21,2350
16,31,2350,6
21,16,6,950
2350,21,950,5
6,2350,5,991
950,6,991,160
5,950,160,6
991,5,6,4936
160,991,4936,122
6,160,122,1654
4936,6,1654,142
122,4936,142,606
1654,122,606,26682
142,1654,26682,5
606,142,5,15597
26682,606,15597,2
5,26682,2,6
15597,5,6,23556
2,15597,23556,3553
6,2,3553,6723
23556,6,6723,108346
3553,23556,108346,7108
6723,3553,7108,71
108346,6723,71,252
7108,108346,252,258
71,7108,258,10399
252,71,10399,391
258,252,391,5
10399,258,5,238
391,10399,238,188
5,391,188,70
238,5,70,447
188,238,447,18
70,188,18,7582
447,70,7582,41
18,447,41,16165
7582,18,16165,65
41,7582,65,83385
16165,41,83385,76827
65,16165,76827,3643
83385,65,3643,5240
76827,83385,5240,6
3643,76827,6,39
5240,3643,39,1614
6,5240,1614,5
39,6,5,2869
1614,39,2869,59358
5,1614,59358,573
2869,5,573,3287
59358,2869,3287,1971
573,59358,1971,2
3287,573,2,5607
1971,3287,5607,2810
2,1971,2810,13
5607,2,13,1991
2810,5607,1991,44044
13,2810,44044,2
1991,13,2,6
44044,1991,6,108338
2,44044,108338,971
6,2,971,102
108338,6,102,604
971,108338,604,916
102,971,916,839
604,102,839,1212
916,604,1212,163
839,916,163,3
1212,839,3,44059
163,1212,44059,41542
3,163,41542,75
44059,3,75,1543
41542,44059,1543,682
75,41542,682,1558
1543,75,1558,76241
682,1543,76241,4291
1558,682,4291,63
76241,1558,63,71
4291,76241,71,365
63,4291,365,76
71,63,76,60
365,71,60,198
76,365,198,5395
60,76,5395,22
198,60,22,1244
5395,198,1244,4
22,5395,4,6
1244,22,6,117
4,1244,117,11
6,4,11,1521
117,6,1521,40003
11,117,40003,10
1521,11,10,34
40003,1521,34,17
10,40003,17,61
34,10,61,9
17,34,9,1878
61,17,1878,612
9,61,612,2802
1878,9,2802,19
612,1878,19,668
2802,612,668,43
19,2802,43,492
668,19,492,5289
43,668,5289,78
492,43,78,32
5289,492,32,3
78,5289,3,96
32,78,96,15054
3,32,15054,335
96,3,335,11
15054,96,11,15580
335,15054,15580,17
11,335,17,458
15580,11,458,3
17,15580,3,155
458,17,155,9
3,458,9,2
155,3,2,2689
9,155,2689,1464
2,9,1464,2802
2689,2,2802,87
1464,2689,87,204
2802,1464,204,7
87,2802,7,260
204,87,260,377
7,204,377,10
260,7,10,4
377,260,4,52
10,377,52,11
4,10,11,516
52,4,516,3
11,52,3,44059
516,11,44059,41542
3,516,41542,1589
44059,3,1589,260
41542,44059,260,17585
1589,41542,17585,880
260,1589,880,13365
17585,260,13365,441
880,17585,441,1828
13365,880,1828,1007
441,13365,1007,38795
1828,441,38795,9460
1007,1828,9460,10934
38795,1007,10934,53
9460,38795,53,34
10934,9460,34,2289
53,10934,2289,17
34,53,17,44044
2289,34,44044,9
17,2289,9,5494
44044,17,5494,2
9,44044,2,108277
5494,9,108277,350
2,5494,350,105078
108277,2,105078,26466
350,108277,26466,10344
105078,350,10344,25
26466,105078,25,65171
10344,26466,65171,5
25,10344,5,376
65171,25,376,1157
5,65171,1157,9
376,5,9,682
1157,376,682,2
9,1157,2,32260
682,9,32260,342
2,682,342,5104
32260,2,5104,54
342,32260,54,78
5104,342,78,32
54,5104,32,1403
78,54,1403,144
32,78,144,138
1403,32,138,27
144,1403,27,115
138,144,115,21
27,138,21,4
115,27,4,9
21,115,9,8
4,21,8,6341
9,4,6341,68
8,9,68,5163
6341,8,5163,52
68,6341,52,30
5163,68,30,609
52,5163,609,593
30,52,593,5425
609,30,5425,3
593,609,3,2270
5425,593,2270,155
3,5425,155,342
2270,3,342,140
155,2270,140,30
342,155,30,327
140,342,327,803
30,140,803,323
327,30,323,5
803,327,5,9151
323,803,9151,213
5,323,213,2802
9151,5,2802,54
213,9151,54,1646
2802,213,1646,224
54,2802,224,204
1646,54,204,603
224,1646,603,905
204,224,905,1589
603,204,1589,15580
905,603,15580,1857
1589,905,1857,10
15580,1589,10,12
1857,15580,12,433
10,1857,433,87
12,10,87,8
433,12,8,40
87,433,40,7386
8,87,7386,2
40,8,2,4162
7386,40,4162,1060
2,7386,1060,20620
4162,2,20620,43
1060,4162,43,12111
20620,1060,12111,333
43,20620,333,15
12111,43,15,349
333,12111,349,1335
15,333,1335,3
349,15,3,2072
1335,349,2072,5
3,1335,5,2239
2072,3,2239,29
5,2072,29,23
2239,5,23,183
29,2239,183,60
23,29,60,768
183,23,768,3
60,183,3,1411
768,60,1411,124
3,768,124,2
1411,3,2,108250
124,1411,108250,2
2,124,2,1310
108250,2,1310,5274
2,108250,5274,8542
1310,2,8542,143
5274,1310,143,35
8542,5274,35,13
143,8542,13,182
35,143,182,1060
13,35,1060,237
182,13,237,20043
1060,182,20043,6
237,1060,6,1814
20043,237,1814,5
6,20043,5,670
1814,6,670,5
5,1814,5,8921
670,5,8921,4
5,670,4,2960
8921,5,2960,124
4,8921,124,6
2960,4,6,1319
124,2960,1319,386
6,124,386,278
1319,6,278,1209
386,1319,1209,4
278,386,4,84
1209,278,84,7
4,1209,7,64
84,4,64,752
7,84,752,2
64,7,2,450
752,64,450,191
2,752,191,2
450,2,2,10
191,450,10,55
2,191,55,21
10,2,21,1361
55,10,1361,682
21,55,682,15
1361,21,15,10
682,1361,10,8855
15,682,8855,1148
10,15,1148,18937
8855,10,18937,2079
1148,8855,2079,4
18937,1148,4,15616
2079,18937,15616,778
4,2079,778,292
15616,4,292,3917
778,15616,3917,441
292,778,441,213
3917,292,213,102
441,3917,102,263
213,441,263,9738
102,213,9738,80
263,102,80,2
9738,263,2,263
80,9738,263,18
2,80,18,6802
263,2,6802,38
18,263,38,4684
6802,18,4684,263
38,6802,263,132
4684,38,132,17
263,4684,17,2
132,263,2,136
17,132,136,2
2,17,2,378
136,2,378,1207
2,136,1207,805
378,2,805,5
1207,378,5,103663
805,1207,103663,6
5,805,6,1037
103663,5,1037,9107
6,103663,9107,5
1037,6,5,2260
9107,1037,2260,124
5,9107,124,1678
2260,5,1678,1543
124,2260,1543,116
1678,124,116,4
1543,1678,4,263
116,1543,263,441
4,116,441,1828
263,4,1828,68
441,263,68,116
1828,441,116,8
68,1828,8,6
116,68,6,343
8,116,343,40072
6,8,40072,18970
343,6,18970,1371
40072,343,1371,2
18970,40072,2,342
1371,18970,342,12251
2,1371,12251,971
342,2,971,102
12251,342,102,204
971,12251,204,263
102,971,263,684
204,102,684,40
263,204,40,17
684,263,17,2703
40,684,2703,19
17,40,19,38
2703,17,38,3795
19,2703,3795,1148
38,19,1148,213
3795,38,213,2802
1148,3795,2802,2
213,1148,2,149
2802,213,149,2
2,2802,2,342
149,2,342,1198
2,149,1198,5755
342,2,5755,6
1198,342,6,372
5755,1198,372,1163
6,5755,1163,1259
372,6,1259,12
1163,372,12,263
1259,1163,263,1334
12,1259,1334,18
263,12,18,21
1334,263,21,47
18,1334,47,2905
21,18,2905,684
47,21,684,40
2905,47,40,116
684,2905,116,120
40,684,120,3
116,40,3,155
120,116,155,6
3,120,6,2802
155,3,2802,6140
6,155,6140,5289
2802,6,5289,343
6140,2802,343,5
5289,6140,5,342
343,5289,342,124
5,343,124,1414
342,5,1414,87334
124,342,87334,3
1414,124,3,2
87334,1414,2,18247
3,87334,18247,1307
2,3,1307,5
18247,2,5,43
1307,18247,43,342
5,1307,342,18199
43,5,18199,484
342,43,484,48
18199,342,48,104
484,18199,104,107193
48,484,107193,1006
104,48,1006,124
107193,104,124,868
1006,107193,868,6
124,1006,6,1268
868,124,1268,730
6,868,730,79
1268,6,79,2
730,1268,2,4797
79,730,4797,5
2,79,5,7071
4797,2,7071,1391
5,4797,1391,101385
7071,5,101385,62
1391,7071,62,7
101385,1391,7,1589
62,101385,1589,240
7,62,240,9
1589,7,9,10
240,1589,10,48
9,240,48,184
10,9,184,3
48,10,3,43
184,48,43,12111
3,184,12111,333
43,3,333,44062
12111,43,44062,365
333,12111,365,56
44062,333,56,462
365,44062,462,48
56,365,48,215
462,56,215,779
48,462,779,24
215,48,24,38
779,215,38,35
24,779,35,227
38,24,227,779
35,38,779,79108
227,35,79108,652
779,227,652,79
79108,779,79,1144
652,79108,1144,8
79,652,8,204
1144,79,204,77
8,1144,77,21
204,8,21,2301
77,204,2301,2
21,77,2,989
2301,21,989,215
2,2301,215,4778
989,2,4778,4
215,989,4,53
4778,215,53,14
4,4778,14,412
53,4,412,3
14,53,3,623
412,14,623,24
3,412,24,204
623,3,204,2
24,623,2,26
204,24,26,50
2,204,50,2673
26,2,2673,2
50,26,2,2
2673,50,2,108
2,2673,108,11389
2,2,11389,215
108,2,215,779
11389,108,779,14
215,11389,14,235
779,215,235,3
14,779,3,412
235,14,412,25
3,235,25,53
412,3,53,14
25,412,14,412
53,25,412,3
14,53,3,1891
412,14,1891,37
3,412,37,2
1891,3,2,239
37,1891,239,2
2,37,2,1654
239,2,1654,14
2,239,14,1229
1654,2,1229,52
14,1654,52,657
1229,14,657,822
52,1229,822,1525
657,52,1525,22
822,657,22,9014
1525,822,9014,215
22,1525,215,4778
9014,22,4778,652
215,9014,652,77
