10,1309,3285,2
73,10,2,7962
3285,73,7962,79
2,3285,79,2
7962,2,2,14154
79,7962,14154,456
2,79,456,15
14154,2,15,64
456,14154,64,6667
15,456,6667,8068
64,15,8068,2511
6667,64,2511,4
8068,6667,4,1224
2511,8068,1224,3397
4,2511,3397,15
1224,4,15,8
3397,1224,8,2
15,3397,2,18763
8,15,18763,270
2,8,270,3022
18763,2,3022,5
270,18763,5,2260
3022,270,2260,5
5,3022,5,699
2260,5,699,1731
5,2260,1731,759
699,5,759,974
1731,699,974,6
759,1731,6,4343
974,759,4343,512
6,974,512,347
4343,6,347,7841
512,4343,7841,336
347,512,336,20
638,387,7,84
193,638,84,1158
7,193,1158,6
84,7,6,58
1158,84,58,237
6,1158,237,9
58,6,9,119
237,58,119,24814
9,237,24814,52
119,9,52,33
24814,119,33,178
52,24814,178,882
33,52,882,152
178,33,152,4
882,178,4,105
152,882,105,2134
4,152,2134,1025
105,4,1025,305
2134,105,305,517
1025,2134,517,452
305,1025,452,53993
517,305,53993,164
452,517,164,3
53993,452,3,93
164,53993,93,3
3,164,3,70
93,3,70,8262
3,93,8262,82
70,3,82,2
8262,70,2,20312
82,8262,20312,9
2,82,9,57121
20312,2,57121,234
9,20312,234,23
57121,9,23,298
234,57121,298,39
23,234,39,1203
298,23,1203,26
39,298,26,6734
1203,39,6734,387
26,1203,387,193
6734,26,193,4
387,6734,4,15961
193,387,15961,387
4,193,387,41900
15961,4,41900,8
387,15961,8,1530
41900,387,1530,193
8,41900,193,132
1530,8,132,18
193,1530,18,517
132,193,517,29
18,132,29,305
517,18,305,7
29,517,7,41
305,29,41,8208
7,305,8208,4
41,7,4,321
8208,41,321,217
4,8208,217,6
321,4,6,452
217,321,452,468
6,217,468,2
452,6,2,131
468,452,131,382
2,468,382,42559
131,2,42559,56
382,131,56,5
42559,382,5,258
56,42559,258,1690
5,56,1690,114
258,5,114,2288
1690,258,2288,193
114,1690,193,25
2288,114,25,7
193,2288,7,378
25,193,378,56
7,25,56,5
378,7,5,793
56,378,793,131
5,56,131,222
793,5,222,23297
131,793,23297,129
222,131,129,5
23297,222,5,534
129,23297,534,114
5,129,114,109
534,5,109,3
114,534,3,884
109,114,884,26
3,109,26,7
884,3,7,106
26,884,106,9
7,26,9,305
106,7,305,26
9,106,26,68
305,9,68,106
26,305,106,9
68,26,9,19556
106,68,19556,114
9,106,114,1283
19556,9,1283,548
114,19556,548,2
1283,114,2,1357
548,1283,1357,699
2,548,699,387
1357,2,387,193
699,1357,193,13
387,699,13,47
193,387,47,2
13,193,2,272
47,13,272,5
2,47,5,22
272,2,22,357
5,272,357,2
22,5,2,1291
357,22,1291,222
2,357,222,4
1291,2,4,8
222,1291,8,7
4,222,7,271
8,4,271,492
7,8,492,55
271,7,55,21
492,271,21,99844
55,492,99844,30
21,55,30,16
99844,21,16,1649
30,99844,1649,7
16,30,7,1690
1649,16,1690,31
7,1649,31,18
1690,7,18,47
31,1690,47,12223
18,31,12223,6
47,18,6,105
12223,47,105,428
6,12223,428,8
105,6,8,16
428,105,16,1738
8,428,1738,56
16,8,56,28
1738,16,28,3639
56,1738,3639,12241
28,56,12241,63
3639,28,63,5
12241,3639,5,347
63,12241,347,654
5,63,654,1133
347,5,1133,10
654,347,10,271
1133,654,271,30
10,1133,30,18
271,10,18,388
30,271,388,6
18,30,6,2
388,18,2,217
6,388,217,5
2,6,5,107481
217,2,107481,31
5,217,31,13
107481,5,13,1064
31,107481,1064,193
13,31,193,134
1064,13,134,180
193,1064,180,114
134,193,114,16
180,134,16,21
114,180,21,1918
16,114,1918,6
21,16,6,2
1918,21,2,1248
6,1918,1248,94
2,6,94,26
1248,2,26,25
94,1248,25,14
26,94,14,480
25,26,480,6
14,25,6,81228
480,14,81228,412
6,480,412,6
81228,6,6,311
412,81228,311,5
6,412,5,1295
311,6,1295,29
5,311,29,6777
1295,5,6777,8332
29,1295,8332,4
6777,29,4,550
8332,6777,550,2199
4,8332,2199,12241
550,4,12241,45993
2199,550,45993,142
12241,2199,142,12
45993,12241,12,284
142,45993,284,6
12,142,6,452
284,12,452,12241
6,284,12241,28
452,6,28,53
12241,452,53,121
28,12241,121,17
53,28,17,42
121,53,42,6968
17,121,6968,9
42,17,9,23298
6968,42,23298,21
9,6968,21,1795
23298,9,1795,3
21,23298,3,2134
1795,21,2134,36
3,1795,36,199
2134,3,199,82
36,2134,82,29
199,36,29,106
82,199,106,112
29,82,112,734
106,29,734,11
112,106,11,28
734,112,28,10
11,734,10,14
28,11,14,734
10,28,734,114
14,10,114,4
734,14,4,766
114,734,766,5
4,114,5,95
766,4,95,114
5,766,114,8
95,5,8,243
114,95,243,638
8,114,638,193
243,8,193,74
638,243,74,100090
193,638,100090,21
74,193,21,8
100090,74,8,2134
21,100090,2134,4
8,21,4,2143
2134,8,2143,1114
4,2134,1114,387
2143,4,387,193
1114,2143,193,26
387,1114,26,116
193,387,116,11
26,193,11,396
116,26,396,17
11,116,17,2013
396,11,2013,4
17,396,4,8
2013,17,8,13
4,2013,13,81
8,4,81,98184
13,8,98184,16459
81,13,16459,7
98184,81,7,350
16459,98184,350,5
7,16459,5,421
350,7,421,39
5,350,39,2805
421,5,2805,485
39,421,485,12
2805,39,12,889
485,2805,889,5
12,485,5,1202
889,12,1202,1489
5,889,1489,22
1202,5,22,759
1489,1202,759,563
22,1489,563,7
759,22,7,155
563,759,155,186
7,563,186,157
155,7,157,280
186,155,280,1030
157,186,1030,24
280,157,24,725
1030,280,725,368
24,1030,368,5
725,24,5,167
368,725,167,12
5,368,12,1349
167,5,1349,734
12,167,734,663
1349,12,663,3
734,1349,3,12
663,734,12,672
3,663,672,18968
12,3,18968,4
672,12,4,346
18968,672,346,89
4,18968,89,12
346,4,12,558
2313,3433,11483,7
1875,2313,7,72
11483,1875,72,2
7,11483,2,1087
72,7,1087,30
2,72,30,16
1087,2,16,926
30,1087,926,5
16,30,5,1804
926,16,1804,70
5,926,70,226
1804,5,226,67
70,1804,67,934
226,70,934,7
67,226,7,412
934,67,412,186
7,934,186,65
412,7,65,3
186,412,3,2380
65,186,2380,2
3,65,2,601
2380,3,601,3498
2,2380,3498,152
601,2,152,703
3498,601,703,3
152,3498,3,628
703,152,628,61
3,703,61,9
628,3,9,67
61,628,67,45
9,61,45,171
67,9,171,20
45,67,20,831
171,45,831,60
20,171,60,9
831,20,9,67
60,831,67,133
9,60,133,177
67,9,177,5
133,67,5,8
177,133,8,242
5,177,242,760
8,5,760,1182
242,8,1182,54
760,242,54,16
1182,760,16,12213
54,1182,12213,4
16,54,4,6
12213,16,6,280
4,12213,280,108
6,4,108,53
280,6,53,271
108,280,271,37
53,108,37,2
271,53,2,986
37,271,986,1269
2,37,1269,8
986,2,8,835
1269,986,835,25845
8,1269,25845,54
835,8,54,5430
25845,835,5430,45
54,25845,45,3
5430,54,3,123
45,5430,123,10
3,45,10,41
123,3,41,1638
10,123,1638,4
41,10,4,87
1638,41,87,39
4,1638,39,1482
87,4,1482,7
39,87,7,25
1482,39,25,1487
7,1482,1487,76
25,7,76,5
1487,25,5,88
76,1487,88,344
5,76,344,3066
88,5,3066,4
344,88,4,1497
3066,344,1497,2964
4,3066,2964,1544
1497,4,1544,848
2964,1497,848,168
1544,2964,168,3536
848,1544,3536,4
168,848,4,25
3536,168,25,93
4,3536,93,769
25,4,769,26
93,25,26,1743
769,93,1743,9
26,769,9,8
1743,26,8,337
9,1743,337,30
8,9,30,219
337,8,219,2043
30,337,2043,3
219,30,3,510
2043,219,510,2446
3,2043,2446,5
510,3,5,12349
2446,510,12349,6755
5,2446,6755,2
12349,5,2,1785
6755,12349,1785,1269
2,6755,1269,4536
1785,2,4536,325
1269,1785,325,1201
4536,1269,1201,24
325,4536,24,67
1201,325,67,32033
24,1201,32033,20
67,24,20,34
32033,67,34,1603
20,32033,1603,67
34,20,67,9597
1603,34,9597,23490
67,1603,23490,4
9597,67,4,1061
23490,9597,1061,8
4,23490,8,294
1061,4,294,4
8,1061,4,1312
294,8,1312,33
4,294,33,245
1312,4,245,25
33,1312,25,14
245,33,14,3
25,245,3,1902
14,25,1902,34
3,14,34,93
1902,3,93,6
34,1902,6,725
93,34,725,5
6,93,5,33
725,6,33,2
5,725,2,946
33,5,946,2
2,33,2,451
946,2,451,301
2,946,301,30
451,2,30,147
301,451,147,112
30,301,112,248
147,30,248,9
112,147,9,43
248,112,43,3
9,248,3,9132
43,9,9132,20
3,43,20,4297
9132,3,4297,39
20,9132,39,1294
4297,20,1294,30
39,4297,30,147
1294,39,147,1416
30,1294,1416,2317
147,30,2317,3
1416,147,3,1104
2317,1416,1104,1785
3,2317,1785,2437
1104,3,2437,2700
1785,1104,2700,56
2437,1785,56,729
2700,2437,729,1044
56,2700,1044,3
729,56,3,6431
1044,729,6431,495
3,1044,495,2
6431,3,2,2094
495,6431,2094,3558
2,495,3558,5
2094,2,5,12349
3558,2094,12349,6755
5,3558,6755,4
12349,5,4,59
6755,12349,59,30
4,6755,30,18
59,4,18,217
30,59,217,5
18,30,5,1310
217,18,1310,12839
5,217,12839,10
1310,5,10,34
12839,1310,34,155
10,12839,155,3
34,10,3,1785
155,34,1785,4
3,155,4,112
1785,3,112,3239
4,1785,3239,986
112,4,986,3558
3239,112,3558,34
986,3239,34,1642
3558,986,1642,995
34,3558,995,3
1642,34,3,33
995,1642,33,4086
3,995,4086,12
33,3,12,3729
4086,33,3729,33
12,4086,33,1386
3729,12,1386,33
33,3729,33,34
1386,33,34,495
33,1386,495,1373
34,33,1373,986
495,34,986,4198
1373,495,4198,420
986,1373,420,362
4198,986,362,1875
420,4198,1875,144
362,420,144,543
1875,362,543,315
144,1875,315,30
543,144,30,1397
315,543,1397,33
30,315,33,3
1397,30,3,862
33,1397,862,104
3,33,104,231
862,3,231,82
104,862,82,26
231,104,26,522
82,231,522,2
26,82,2,4
522,26,4,3665
2,522,3665,2722
4,2,2722,9
3665,4,9,542
2722,3665,542,4
9,2722,4,347
542,9,347,122
4,542,122,23
347,4,23,183
122,347,183,60
23,122,60,1426
183,23,1426,3
60,183,3,858
1426,60,858,67
3,1426,67,543
858,3,543,12349
67,858,12349,6755
543,67,6755,7
12349,543,7,16625
6755,12349,16625,7640
7,6755,7640,2
16625,7,2,149
7640,16625,149,2
2,7640,2,4541
149,2,4541,921
2,149,921,29
4541,2,29,20
921,4541,20,7
29,921,7,72
20,29,72,2
7,20,2,427
72,7,427,30
2,72,30,16
427,2,16,1930
30,427,1930,12349
16,30,12349,6755
1930,16,6755,7
12349,1930,7,2
6755,12349,2,7517
7,6755,7517,7340
2,7,7340,5
7517,2,5,112
7340,7517,112,1253
5,7340,1253,6
112,5,6,43
1253,112,43,4
6,1253,4,6
43,6,6,67
4,43,67,133
6,4,133,2
67,6,2,10112
133,67,10112,7
2,133,7,42
10112,2,42,5
7,10112,5,88
42,7,88,1566
5,42,1566,107
88,5,107,33
1566,88,33,55
107,1566,55,248
33,107,248,43
55,33,43,858
248,55,858,67
43,248,67,152
858,43,152,703
67,858,703,1899
152,67,1899,67
703,152,67,748
1899,703,748,4
67,1899,4,858
748,67,858,359
4,748,359,5
858,4,5,578
359,858,578,30
5,359,30,34
578,5,34,147
30,578,147,3
34,30,3,123
147,34,123,142
3,147,142,67
123,3,67,133
142,123,133,4
67,142,4,1061
133,67,1061,67
4,133,67,397
1061,4,397,18
67,1061,18,2
397,67,2,13973
18,397,13973,157
2,18,157,30
13973,2,30,1415
157,13973,1415,12
30,157,12,112
1415,30,112,144
12,1415,144,112
112,12,112,8827
144,112,8827,2088
112,144,2088,23855
8827,112,23855,1301
2088,8827,1301,5
23855,2088,5,11483
1301,23855,11483,12349
5,1301,12349,6755
11483,5,6755,14977
12349,11483,14977,260
6755,12349,260,2317
14977,6755,2317,165
260,14977,165,3
2317,260,3,155
7647,7110,7,6191
100,7647,6191,5
7,100,5,1829
6191,7,1829,15
5,6191,15,67
1829,5,67,735
15,1829,735,2669
67,15,2669,109
735,67,109,7597
2669,735,7597,3713
109,2669,3713,109
7597,109,109,2877
3713,7597,2877,8
109,3713,8,32
2877,109,32,7
8,2877,7,2611
32,8,2611,455
7,32,455,2
2611,7,2,2593
455,2611,2593,192
2,455,192,230
2593,2,230,835
192,2593,835,8
230,192,8,7
835,230,7,10767
8,835,10767,66
7,8,66,367
10767,7,367,3
66,10767,3,106
367,66,106,1425
3,367,1425,101
106,3,101,64
1425,106,64,44
101,1425,44,162
64,101,162,3320
44,64,3320,34
162,44,34,208
3320,162,208,1857
34,3320,1857,10
208,34,10,2
1857,208,2,201
10,1857,201,60
2,10,60,3
201,2,3,155
60,201,155,1425
3,60,1425,863
155,3,863,1256
1425,155,1256,80355
863,1425,80355,152
1256,863,152,6799
80355,1256,6799,9
152,80355,9,1425
6799,152,1425,97
9,6799,97,23
1425,9,23,1228
97,1425,1228,26
23,97,26,14
1228,23,14,2
26,1228,2,662
14,26,662,4925
2,14,4925,1504
662,2,1504,3
4925,662,3,103
1504,4925,103,675
3,1504,675,5
103,3,5,124
675,103,124,4
5,675,4,444
124,5,444,401
4,124,401,3
444,4,3,610
401,444,610,51
3,401,51,30
610,3,30,380
51,610,380,182
30,51,182,203
380,30,203,7110
182,380,7110,7647
203,182,7647,1013
7110,203,1013,14989
7647,7110,14989,11197
1013,7647,11197,185
14989,1013,185,15
11197,14989,15,1425
185,11197,1425,287
15,185,287,3395
1425,15,3395,2761
287,1425,2761,9309
3395,287,9309,2761
2761,3395,2761,1823
9309,2761,1823,139
2761,9309,139,8
1823,2761,8,50
139,1823,50,536
8,139,536,4364
50,8,4364,12
536,50,12,20916
4364,536,20916,36
12,4364,36,3994
20916,12,3994,24
36,20916,24,2082
3994,36,2082,51211
24,3994,51211,11
2082,24,11,1178
51211,2082,1178,1154
11,51211,1154,46
1178,11,46,613
1154,1178,613,1425
46,1154,1425,39
613,46,39,224
1425,613,224,1055
39,1425,1055,354
224,39,354,359
1055,224,359,1108
354,1055,1108,19
359,354,19,494
1108,359,494,145
19,1108,145,6
494,19,6,22
145,494,22,251
6,145,251,9
22,6,9,105
251,22,105,1408
9,251,1408,16
105,9,16,1646
1408,105,1646,8390
16,1408,8390,6
1646,16,6,185
8390,1646,185,16190
6,8390,16190,5
185,6,5,47058
16190,185,47058,6
5,16190,6,500
47058,5,500,1242
6,47058,1242,7
500,6,7,42
1242,500,42,5
7,1242,5,26555
42,7,26555,337
5,42,337,9
26555,5,9,4983
337,26555,4983,5
9,337,5,101
4983,9,101,904
5,4983,904,6
101,5,6,161
904,101,161,372
6,904,372,675
161,6,675,10
372,161,10,920
675,372,920,7910
10,675,7910,5
920,10,5,273
7910,920,273,1055
5,7910,1055,354
273,5,354,73
1055,273,73,8223
354,1055,8223,39
73,354,39,224
8223,73,224,4
39,8223,4,14455
224,39,14455,306
4,224,306,770
14455,4,770,1425
306,14455,1425,39
770,306,39,224
1425,770,224,7
39,1425,7,2
224,39,2,1641
7,224,1641,5
2,7,5,62
1641,2,62,30
5,1641,30,55
62,5,55,1577
30,62,1577,244
55,30,244,5
1577,55,5,169
244,1577,169,5
5,244,5,45
169,5,45,4
5,169,4,2262
45,5,2262,1473
4,45,1473,24
2262,4,24,754
1473,2262,754,2029
24,1473,2029,270
754,24,270,162
2029,754,162,276
270,2029,276,43
162,270,43,64
276,162,64,156
43,276,156,1641
64,43,1641,48
156,64,48,26
1641,156,26,380
48,1641,380,1266
26,48,1266,7
380,26,7,3882
1266,380,3882,683
7,1266,683,354
3882,7,354,8
683,3882,8,6955
354,683,6955,3
8,354,3,17
6955,8,17,1055
3,6955,1055,29
17,3,29,16
1055,17,16,5545
29,1055,5545,887
16,29,887,1910
5545,16,1910,31222
887,5545,31222,4
1910,887,4,2850
31222,1910,2850,73
4,31222,73,160
2850,4,160,30
73,2850,30,55
160,73,55,178
30,160,178,6
55,30,6,1641
178,55,1641,78
6,178,78,32
1641,6,32,8800
78,1641,8800,7
32,78,7,7
8800,32,7,21
7,8800,21,27
7,7,27,7110
21,7,7110,7647
27,21,7647,7
7110,27,7,6191
7647,7110,6191,5
7,7647,5,1829
6191,7,1829,15
5,6191,15,2669
1829,5,2669,5
15,1829,5,1242
2669,15,1242,754
5,2669,754,160
1242,5,160,13641
754,1242,13641,955
160,754,955,3090
13641,160,3090,4
955,13641,4,288
3090,955,288,2140
4,3090,2140,83070
288,4,83070,35
2140,288,35,2960
83070,2140,2960,124
35,83070,124,104
2960,35,104,2669
124,2960,2669,627
104,124,627,4
2669,104,4,1675
627,2669,1675,5
4,627,5,10524
1675,4,10524,2368
5,1675,2368,5
10524,5,5,290
2368,10524,290,1720
5,2368,1720,520
290,5,520,836
1720,290,836,6607
520,1720,6607,101
836,520,101,4
6607,836,4,574
101,6607,574,8466
4,101,8466,12175
574,4,12175,4
8466,574,4,338
12175,8466,338,3769
4,12175,3769,837
338,4,837,26
3769,338,26,1363
837,3769,1363,55
26,837,55,17
1363,26,17,1013
55,1363,1013,15
17,55,15,691
1013,17,691,5
15,1013,5,5230
691,15,5230,35
5,691,35,4
5230,5,4,1411
35,5230,1411,124
4,35,124,342
1411,4,342,6520
124,1411,6520,171
342,124,171,1242
205,793,587,212
75,205,212,893
587,75,893,2
212,587,2,5080
893,212,5080,187
2,893,187,12
5080,2,12,980
187,5080,980,680
12,187,680,2
980,12,2,3270
680,980,3270,102
2,680,102,992
3270,2,992,7
102,3270,7,4257
992,102,4257,409
7,992,409,58292
4257,7,58292,35
409,4257,35,16
58292,409,16,1612
35,58292,1612,39
16,35,39,200
1612,16,200,8
39,1612,8,40
200,39,40,789
8,200,789,751
40,8,751,24
789,40,24,447
751,789,447,5
24,751,5,605
447,24,605,297
5,447,297,87
605,5,87,26
297,605,26,2172
87,297,2172,3
26,87,3,980
2172,26,980,680
3,2172,680,12
980,3,12,665
680,980,665,28840
12,680,28840,5694
665,12,5694,61
28840,665,61,3
5694,28840,3,17
61,5694,17,2
3,61,2,4001
17,3,4001,185
2,17,185,2
4001,2,2,980
