3,110,2,567
17,3,567,29
2,17,29,30
567,2,30,34
29,567,34,18
30,29,18,4439
34,30,4439,974
18,34,974,154
4439,18,154,75
974,4439,75,467
154,974,467,1261
75,154,1261,307
467,75,307,2
1261,467,2,15973
307,1261,15973,339
2,307,339,5
15973,2,5,1377
339,15973,1377,5
5,339,5,2
1377,5,2,6931
5,1377,6931,603
2,5,603,163
6931,2,163,2828
603,6931,2828,19
163,603,19,3790
2828,163,3790,89
19,2828,89,2666
3790,19,2666,3550
89,3790,3550,68
2666,89,68,28
3550,2666,28,8
68,3550,8,43
28,68,43,121
8,28,121,317
43,8,317,946
121,43,946,3
317,121,3,6376
946,317,6376,215
3,946,215,28
6376,3,28,3
215,6376,3,2907
28,215,2907,54
3,28,54,13
2907,3,13,2302
54,2907,2302,2
13,54,2,15488
2302,13,15488,69
2,2302,69,102
15488,2,102,1261
69,15488,1261,211
102,69,211,2
1261,102,2,952
211,1261,952,5
2,211,5,603
952,2,603,971
5,952,971,6
603,5,6,107838
971,603,107838,1750
6,971,1750,14
107838,6,14,2
1750,107838,2,2100
14,1750,2100,3113
2,14,3113,5
2100,2,5,215
3113,2100,215,297
5,3113,297,102
215,5,102,1261
297,215,1261,31
102,297,31,18
1261,102,18,8121
31,1261,8121,1607
18,31,1607,4990
8121,18,4990,5
1607,8121,5,386
4990,1607,386,4
5,4990,4,278
386,5,278,65
4,386,65,162
278,4,162,18
65,278,18,47
162,65,47,1095
18,162,1095,3
47,18,3,803
1095,47,803,71
3,1095,71,13
803,3,13,28
71,803,28,11
13,71,11,115
28,13,115,21
11,28,21,2570
115,11,2570,3
21,115,3,18
2570,21,18,43
3,2570,43,1486
18,3,1486,12
43,18,12,585
1486,43,585,6
12,1486,6,1669
585,12,1669,564
6,585,564,122
1669,6,122,90
564,1669,90,58
122,564,58,178
90,122,178,8
58,90,8,1244
178,58,1244,1023
8,178,1023,3
1244,8,3,17
1023,1244,17,1131
3,1023,1131,3
17,3,3,81258
1131,17,81258,5
3,1131,5,35
81258,3,35,256
5,81258,256,1495
35,5,1495,13
256,35,13,3967
1495,256,3967,8
13,1495,8,98
3967,13,98,39
8,3967,39,3113
98,8,3113,121
39,98,121,21
3113,39,21,1194
121,3113,1194,43
21,121,43,215
1194,21,215,297
43,1194,297,3
215,43,3,72
297,215,72,386
3,297,386,4
72,3,4,278
386,72,278,36
4,386,36,1090
278,4,1090,63
36,278,63,24
1090,36,24,7023
63,1090,7023,585
24,63,585,925
7023,24,925,52
585,7023,52,11
925,585,11,394
52,925,394,313
11,52,313,81
394,11,81,1310
313,394,1310,1495
81,313,1495,68
1310,81,68,28
1495,1310,28,8
68,1495,8,52
28,68,52,39
8,28,39,3113
52,8,3113,13
39,52,13,2
3113,39,2,60
13,3113,60,1194
2,13,1194,53
60,2,53,121
1194,60,121,17
53,1194,17,2
121,53,2,1952
17,121,1952,9
2,17,9,10
1952,2,10,3
9,1952,3,17
10,9,17,94852
3,10,94852,1822
17,3,1822,7146
94852,17,7146,3715
1822,94852,3715,4039
7146,1822,4039,232
3715,7146,232,5
4039,3715,5,111
232,4039,111,625
5,232,625,1975
111,5,1975,13
625,111,13,260
1975,625,260,1872
13,1975,1872,1053
260,13,1053,511
1872,260,511,65
1053,1872,65,1427
511,1053,1427,9
65,511,9,71
1427,65,71,1421
9,1427,1421,22
71,9,22,200
1421,71,200,40
22,1421,40,2293
200,22,2293,91
40,200,91,5
2293,40,5,163
91,2293,163,102
5,91,102,293
163,5,293,6
102,163,6,386
293,102,386,4
6,293,4,278
386,6,278,9
4,386,9,258
278,4,258,66
9,278,66,29
258,9,29,4886
66,258,4886,91
29,66,91,5
4886,29,5,585
91,4886,585,163
5,91,163,6
585,5,6,2
163,585,2,1669
6,163,1669,1431
2,6,1431,6
1669,2,6,536
1431,1669,536,226
6,1431,226,11
536,6,11,13
226,536,13,28
11,226,28,52
13,11,52,63
28,13,63,394
52,28,394,516
63,52,516,3
394,63,3,4056
516,394,4056,585
3,516,585,925
4056,3,925,11
585,4056,11,77
925,585,77,766
11,925,766,3
77,11,3,233
766,77,233,3
3,766,3,706
233,3,706,9
3,233,9,39
706,3,39,49249
9,706,49249,7
39,9,7,130
49249,39,130,403
7,49249,403,8
130,7,8,252
403,130,252,34
8,403,34,17
252,8,17,1095
34,252,1095,3
17,34,3,1205
1095,17,1205,344
3,1095,344,1194
1205,3,1194,6
344,1205,6,2
1194,344,2,39
6,1194,39,3113
2,6,3113,2
39,2,2,149
3113,39,149,2
2,3113,2,8527
149,2,8527,36
2,149,36,2715
8527,2,2715,5
36,8527,5,547
2715,36,547,2
5,2715,2,20
547,5,20,34
2,547,34,17
20,2,17,1310
34,20,1310,3
17,34,3,1061
1310,17,1061,571
3,1310,571,2082
1061,3,2082,144
571,1061,144,4
2082,571,4,966
144,2082,966,934
4,144,934,63
966,4,63,303
934,966,303,128
63,934,128,1308
303,63,1308,5
128,303,5,20659
1308,128,20659,4
5,1308,4,5713
20659,5,5713,1847
4,20659,1847,3113
5713,4,3113,7146
1847,5713,7146,28
3113,1847,28,6
7146,3113,6,2
28,7146,2,304
6,28,304,429
2,6,429,501
304,2,501,6227
429,304,6227,9
501,429,9,3113
6227,501,3113,9
9,6227,9,91
3113,9,91,5
9,3113,5,215
91,9,215,65627
5,91,65627,39
215,5,39,3645
65627,215,3645,14582
39,65627,14582,6739
3645,39,6739,29496
14582,3645,29496,4
6739,14582,4,693
29496,6739,693,310
4,29496,310,1000
693,4,1000,3
310,693,3,20
1000,310,20,181
106,265,3,314
442,106,314,1082
3,442,1082,3
314,3,3,715
1082,314,715,2187
3,1082,2187,75
715,3,75,58
2187,715,58,596
75,2187,596,3
58,75,3,3787
596,58,3787,487
3,596,487,2159
3787,3,2159,24
487,3787,24,200
2159,487,200,29
24,2159,29,10
200,24,10,34
29,200,34,17
10,29,17,3527
34,10,3527,3
17,34,3,93
3527,17,93,10
3,3527,10,168
93,3,168,111
10,93,111,120
168,10,120,232
111,168,232,847
120,111,847,16
232,120,16,41
847,232,41,70555
16,847,70555,194
41,16,194,265
70555,41,265,408
194,70555,408,195
265,194,195,2488
408,265,2488,1325
195,408,1325,651
2488,195,651,5
1325,2488,5,1854
651,1325,1854,27467
5,651,27467,59
1854,5,59,10
27467,1854,10,324
59,27467,324,3
10,59,3,1009
324,10,1009,216
3,324,216,5
1009,3,5,1860
216,1009,1860,35226
5,216,35226,4380
1860,5,4380,3806
35226,1860,3806,455
4380,35226,455,2
3806,4380,2,2187
455,3806,2187,2631
2,455,2631,466
2187,2,466,330
2631,2187,330,4
466,2631,4,162
330,466,162,1214
4,330,1214,4227
162,4,4227,185
1214,162,185,12
4227,1214,12,2
185,4227,2,1009
12,185,1009,200
2,12,200,87
1009,2,87,10
200,1009,10,2522
87,200,2522,487
10,87,487,5374
2522,10,5374,3214
487,2522,3214,265
5374,487,265,195
3214,5374,195,726
265,3214,726,162
195,265,162,51
726,195,51,26
162,726,26,697
51,162,697,12
26,51,12,442
697,26,442,2
12,697,2,1622
442,12,1622,1009
2,442,1009,200
1622,2,200,5126
1009,1622,5126,2527
200,1009,2527,705
5126,200,705,3
2527,5126,3,1365
705,2527,1365,63
3,705,63,71
1365,3,71,526
63,1365,526,487
71,63,487,297
526,71,297,12
487,526,12,487
297,487,487,6
12,297,6,355
487,12,355,8
6,487,8,34
355,6,34,17
8,355,17,533
34,8,533,61
17,34,61,62244
533,17,62244,111
61,533,111,681
62244,61,681,256
111,62244,256,975
681,111,975,651
256,681,651,5
975,256,5,742
651,975,742,68
5,651,68,17902
742,5,17902,4
68,742,4,611
17902,68,611,1622
4,17902,1622,200
611,4,200,82
1622,611,82,761
200,1622,761,3
82,200,3,862
761,82,862,265
3,761,265,15
862,3,15,2
265,862,2,571
15,265,571,2082
2,15,2082,106
571,2,106,82
2082,571,82,3
106,2082,3,1616
82,106,1616,156
3,82,156,2
1616,3,2,317
156,1616,317,40
2,156,40,243
317,2,243,89
40,317,89,23
243,40,23,25
89,243,25,15
23,89,15,90
25,23,90,6
15,25,6,22
90,15,22,1339
6,90,1339,4
22,6,4,1679
1339,22,1679,6206
4,1339,6206,2
1679,4,2,567
6206,1679,567,3
2,6206,3,22
567,2,22,38439
3,567,38439,153
22,3,153,5
38439,22,5,1151
153,38439,1151,74
5,153,74,2187
1151,5,2187,1009
74,1151,1009,18
2187,74,18,1407
1009,2187,1407,58
18,1009,58,302
1407,18,302,5
58,1407,5,161
302,58,161,1997
5,302,1997,115
161,5,115,2350
1997,161,2350,242
115,1997,242,6840
2350,115,6840,7406
242,2350,7406,9
6840,242,9,202
7406,6840,202,80
9,7406,80,59
202,9,59,103
80,202,103,195
59,80,195,596
103,59,596,12
195,103,12,188
596,195,188,82
12,596,82,2
188,12,2,26
82,188,26,25
2,82,25,6
26,2,6,20
25,26,20,187
6,25,187,82
20,6,82,26
187,20,26,179
82,187,179,203
26,82,203,131
179,26,131,382
203,179,382,999
131,203,999,15
382,131,15,332
999,382,332,1997
15,999,1997,454
332,15,454,10
1997,332,10,83
454,1997,83,105
10,454,105,754
83,10,754,4
105,83,4,107
754,105,107,5
4,754,5,377
107,4,377,98991
5,107,98991,195
377,5,195,1325
98991,377,1325,9
195,98991,9,1430
1325,195,1430,322
9,1325,322,2244
1430,9,2244,567
322,1430,567,5
2244,322,5,4953
567,2244,4953,82
5,567,82,265
4953,5,265,4227
82,4953,4227,1771
265,82,1771,8
4227,265,8,633
1771,4227,633,106
8,1771,106,3
633,8,3,2754
106,633,2754,15
3,106,15,58
2754,3,58,1174
15,2754,1174,389
58,15,389,11
1174,58,11,147
389,1174,147,23
11,389,23,275
147,11,275,776
23,147,776,162
275,23,162,3
776,275,3,862
162,776,862,98
3,162,98,1534
862,3,1534,1053
98,862,1053,4
1534,98,4,3243
1053,1534,3243,9
4,1053,9,23
3243,4,23,275
9,3243,275,2
23,9,2,25437
275,23,25437,2082
2,275,2082,48226
25437,2,48226,68
2082,25437,68,13
48226,2082,13,387
68,48226,387,61
13,68,61,9
387,13,9,2000
61,387,2000,6
9,61,6,82
2000,9,82,363
6,2000,363,5
82,6,5,81
363,82,81,24
5,363,24,1668
81,5,1668,35
24,81,35,8
1668,24,8,1397
35,1668,1397,105
8,35,105,6178
1397,8,6178,88
105,1397,88,202
6178,105,202,111
88,6178,111,389
202,88,389,12
111,202,12,57
389,111,57,435
12,389,435,16
57,12,16,1354
435,57,1354,6
16,435,6,19823
1354,16,19823,847
6,1354,847,4
19823,6,4,415
847,19823,415,35
4,847,35,8
415,4,8,1611
35,415,1611,95864
8,35,95864,13
1611,8,13,22
95864,1611,22,83
13,95864,83,567
22,13,567,454
83,22,454,517
567,83,517,2
454,567,2,408
517,454,408,4
2,517,4,2
408,2,2,1708
4,408,1708,42
2,4,42,65
1708,2,65,11
42,1708,11,761
65,42,761,11
11,65,11,165
761,11,165,13
11,761,13,2
165,11,2,567
13,165,567,6
2,13,6,1174
567,2,1174,10
6,567,10,4
1174,6,4,1174
10,1174,1174,10
4,10,10,242
1174,4,242,998
10,1174,998,11
242,10,11,55
998,242,55,3436
11,998,3436,4
55,11,4,1930
3436,55,1930,76
4,3436,76,1250
1930,4,1250,9
76,1930,9,387
1250,76,387,31
9,1250,31,16
387,9,16,61
31,387,61,6
16,31,6,742
61,16,742,6
6,61,6,1331
742,6,1331,6
6,742,6,39
1331,6,39,632
6,1331,632,44
39,6,44,10341
632,39,10341,13915
44,632,13915,2
10341,44,2,1440
13915,10341,1440,2950
2,13915,2950,23
1440,2,23,70
2950,1440,70,3020
23,2950,3020,1288
70,23,1288,6
3020,70,6,104757
1288,3020,104757,58
6,1288,58,12
104757,6,12,57
58,104757,57,435
12,58,435,1982
57,12,1982,6
435,57,6,35
1982,435,35,156
6,1982,156,2
35,6,2,3728
156,35,3728,2733
2,156,2733,3027
3728,2,3027,2711
2733,3728,2711,4
3027,2733,4,598
2711,3027,598,371
4,2711,371,13915
598,4,13915,173
371,598,173,56
13915,371,56,104
173,13915,104,626
56,173,626,111
104,56,111,847
626,104,847,16
111,626,16,586
847,111,586,15130
16,847,15130,4949
586,16,4949,54394
15130,586,54394,55
4949,15130,55,485
54394,4949,485,841
55,54394,841,59
485,55,59,631
841,485,631,15
59,841,15,58
631,59,58,24
15,631,24,104
58,15,104,103
24,58,103,108
104,24,108,58
103,104,58,117
108,103,117,963
58,108,963,4963
117,58,4963,7
963,117,7,61
4963,963,61,9
7,4963,9,2000
61,7,2000,6
9,61,6,2047
2000,9,2047,54
6,2000,54,71
2047,6,71,1529
54,2047,1529,517
71,54,517,6
1529,71,6,4
517,1529,4,11
6,517,11,14
4,6,14,4
11,4,4,341
14,11,341,267
4,14,267,5
341,4,5,2
267,341,2,1622
5,267,1622,200
2,5,200,3
1622,2,3,1403
200,1622,1403,715
3,200,715,2187
1403,3,2187,261
715,1403,261,487
2187,715,487,7370
261,2187,7370,11
487,261,11,697
7370,487,697,412
11,7370,412,3
697,11,3,154
412,697,154,175
3,412,175,22
154,3,22,35
175,154,35,4
22,175,4,66440
35,22,66440,4963
4,35,4963,2385
66440,4,2385,3807
4963,66440,3807,168
2385,4963,168,1503
3807,2385,1503,87805
168,3807,87805,1922
1503,168,1922,54
87805,1503,54,7
1922,87805,7,2
54,1922,2,508
7,54,508,595
2,7,595,430
508,2,430,809
595,508,809,616
430,595,616,7
809,430,7,7
616,809,7,93
7,616,93,4
7,7,4,59375
93,7,59375,24
4,93,24,45
59375,4,45,7
24,59375,7,929
45,24,929,387
7,45,387,4963
929,7,4963,44
387,929,44,6
4963,387,6,2
44,4963,2,2287
6,44,2287,407
2,6,407,6
2287,2,6,265
407,2287,265,4648
6,407,4648,12
265,6,12,107
4648,265,107,3
12,4648,3,22
107,12,22,266
3,107,266,1503
22,3,1503,115
266,22,115,179
1503,266,179,1520
115,1503,1520,43
179,115,43,215
1520,179,215,789
43,1520,789,143
215,43,143,35
789,215,35,30
143,789,30,295
35,143,295,3094
30,35,3094,18
295,30,18,71384
3094,295,71384,44
18,3094,44,11
71384,18,11,630
44,71384,630,3
11,44,3,17
630,11,17,2176
3,630,2176,4442
17,3,4442,926
2176,17,926,6
4442,2176,6,9864
926,4442,9864,12
6,926,12,2187
9864,6,2187,1009
12,9864,1009,4
2187,12,4,52
1009,2187,52,67
4,1009,67,97
52,4,97,3905
67,52,3905,14
97,67,14,3
3905,97,3,180
14,3905,180,200
3,14,200,61
180,3,61,140
200,180,140,3
61,200,3,44
140,61,44,8
3,140,8,97
44,3,97,3905
8,44,3905,14
97,8,14,732
3905,97,732,4
14,3905,4,30
732,14,30,121
4,732,121,72
30,4,72,862
121,30,862,1622
72,121,1622,71382
862,72,71382,72
1622,862,72,2
71382,1622,2,21812
72,71382,21812,1400
2,72,1400,351
21812,2,351,12
1400,21812,12,111
351,1400,111,210
12,351,210,5
111,12,5,1592
210,111,1592,964
5,210,964,256
1592,5,256,11619
964,1592,11619,651
256,964,651,5
11619,256,5,2711
651,11619,2711,514
5,651,514,2142
2711,5,2142,384
514,2711,384,2
2142,514,2,1761
384,2142,1761,97
2,384,97,1954
1761,2,1954,11
97,1761,11,322
1954,97,322,64
11,1954,64,135
322,11,135,895
64,322,895,6
135,64,6,22
895,135,22,2000
6,895,2000,1272
22,6,1272,5
2000,22,5,29
1272,2000,29,11
5,1272,11,7
29,5,7,322
11,29,322,2
7,11,2,1548
322,7,1548,17380
2,322,17380,2
1548,2,2,14252
17380,1548,14252,5
2,17380,5,523
14252,2,523,2332
5,14252,2332,11619
523,5,11619,28
2332,523,28,2
11619,2332,2,595
28,11619,595,2187
2,28,2187,2631
595,2,2631,7
2187,595,7,21
2631,2187,21,154
7,2631,154,61
21,7,61,23
154,21,23,2
61,154,2,349
23,61,349,202
2,23,202,111
349,2,111,724
202,349,724,442
111,202,442,736
724,111,736,280
442,724,280,194
736,442,194,11
280,736,11,218
194,280,218,7
11,194,7,63
218,11,63,355
7,218,355,526
63,7,526,297
355,63,297,8
526,355,8,40
297,526,40,3820
8,297,3820,169
40,8,169,5
3820,40,5,2161
169,3820,2161,602
5,169,602,24
2161,5,24,2497
602,2161,2497,8
24,602,8,526
2497,24,526,6534
8,2497,6534,4
526,8,4,4042
6534,526,4042,11
4,6534,11,4
4042,4,4,57
11,4042,57,58
4,11,58,44
57,4,44,6
58,57,6,1001
44,58,1001,111
6,44,111,202
1001,6,202,893
111,1001,893,2
202,111,2,2187
893,202,2187,1009
2,893,1009,200
2187,2,200,8
1009,2187,8,68
200,1009,68,2937
8,200,2937,1009
68,8,1009,9
2937,68,9,8
1009,2937,8,10679
9,1009,10679,86
8,9,86,1555
10679,8,1555,30
86,10679,30,18
1555,86,18,6
30,1555,6,233
18,30,233,3
6,18,3,1365
233,6,1365,4
3,233,4,4042
1365,3,4042,309
4,1365,309,8
4042,4,8,40
309,4042,40,4574
8,309,4574,1072
40,8,1072,70
4574,40,70,9
1072,4574,9,1207
70,1072,1207,3
9,70,3,154
1207,9,154,7
3,1207,7,3
154,3,3,8594
7,154,8594,1009
3,7,1009,5
8594,3,5,8
1009,8594,8,131
5,1009,131,526
8,5,526,297
131,8,297,4
526,131,4,8
297,526,8,51
4,297,51,67
8,4,67,200
51,8,200,115
67,51,115,4
200,67,4,8
115,200,8,51
4,115,51,30
8,4,30,2570
51,8,2570,3
30,51,3,25
2570,30,25,11
3,2570,11,11933
25,3,11933,331
11,25,331,51
11933,11,51,22
331,11933,22,5112
51,331,5112,113
22,51,113,121
5112,22,121,17
113,5112,17,42
121,113,42,37
17,121,37,1009
42,17,1009,139
37,42,139,11
1009,37,11,28
139,1009,28,30
11,139,30,25
28,11,25,93
30,28,93,2
25,30,2,182
93,25,182,5
2,93,5,251
182,2,251,87
5,182,87,26
251,5,26,116
87,251,116,130
26,87,130,423
