54,10,206,11
7,54,11,13
206,7,13,22
11,206,22,221
13,11,221,3602
22,13,3602,24
221,22,24,10
3602,221,10,2843
24,3602,2843,18364
10,24,18364,5
2843,10,5,49
18364,2843,49,9802
5,18364,9802,5
49,5,5,158
9802,49,158,125
5,9802,125,682
158,5,682,46
125,158,46,49
682,125,49,4107
46,682,4107,5
49,46,5,43
4107,49,43,92
5,4107,92,294
43,5,294,49
92,43,49,1494
294,92,1494,5
49,294,5,80
1494,49,80,84195
5,1494,84195,294
80,5,294,49
84195,80,49,1779
294,84195,1779,5
49,294,5,416
1779,49,416,19
5,1779,19,2683
416,5,2683,49
19,416,49,92
2683,19,92,125
49,2683,125,62737
92,49,62737,46
125,92,46,53
62737,125,53,16
46,62737,16,363
53,46,363,141
16,53,141,11
363,16,11,1558
141,363,1558,54
11,141,54,18
1558,11,18,412
54,1558,412,3
18,54,3,25
412,18,25,15
3,412,15,5411
25,3,5411,294
15,25,294,29
5411,15,29,161
294,5411,161,221
29,294,221,4
161,29,4,39
221,161,39,100
4,221,100,152
39,4,152,23
100,39,23,275
152,100,275,375
23,152,375,530
275,23,530,16617
375,275,16617,12
530,375,12,318
16617,530,318,50
12,16617,50,4005
318,12,4005,81
50,318,81,4
4005,50,4,26
81,4005,26,165
4,81,165,25
26,4,25,1233
165,26,1233,332
25,165,332,42
1233,25,42,5
332,1233,5,81
42,332,81,164
5,42,164,16
81,5,16,776
164,81,776,5
16,164,5,95
776,16,95,141
5,776,141,26
95,5,26,607
141,95,607,51
26,141,51,1601
607,26,1601,1336
51,607,1336,8
1601,51,8,11
1336,1601,11,7
8,1336,7,4
11,8,4,4011
7,11,4011,1465
4,7,1465,203
4011,4,203,48
1465,4011,48,5
203,1465,5,81
48,203,81,52
5,48,52,221
81,5,221,50
52,81,50,3
221,52,3,2208
50,221,2208,563
3,50,563,23
2208,3,23,49
563,2208,49,40
23,563,40,17
49,23,17,66
40,49,66,2791
17,40,2791,5
66,17,5,49
2791,66,49,203
5,2791,203,81
49,5,81,40
203,49,40,17
81,203,17,2
40,81,2,18470
17,40,18470,29
2,17,29,48
18470,2,48,5
29,18470,5,104
48,29,104,141
5,48,141,16
104,5,16,118
141,104,118,551
16,141,551,1233
118,16,1233,25
551,118,25,194
1233,551,194,164
25,1233,164,16
194,25,16,206
164,194,206,7
16,164,7,221
206,16,221,4005
7,206,4005,95
221,7,95,618
4005,221,618,141
95,4005,141,54
618,95,54,11
141,618,11,1003
54,141,1003,7
11,54,7,1834
1003,11,1834,206
7,1003,206,16
1834,7,16,157
206,1834,157,39
16,206,39,100
157,16,100,152
39,157,152,4005
100,39,4005,221
152,100,221,4005
4005,152,4005,104
221,4005,104,141
242,115,155,231
30,242,231,4170
155,30,4170,1114
231,155,1114,512
4170,231,512,597
1114,4170,597,2
512,1114,2,334
597,512,334,1067
2,597,1067,1116
334,2,1116,24
1067,334,24,3639
1116,1067,3639,2609
24,1116,2609,817
3639,24,817,14891
2609,3639,14891,11344
817,2609,11344,3995
14891,817,3995,93291
11344,14891,93291,58
3995,11344,58,230
93291,3995,230,21
58,93291,21,17
230,58,17,2175
21,230,2175,5
17,21,5,995
2175,17,995,10320
5,2175,10320,38
995,5,38,4217
10320,995,4217,5
38,10320,5,138
4217,38,138,27
5,4217,27,29
138,5,29,53
27,138,53,7
29,27,7,828
53,29,828,2
7,53,2,7941
828,7,7941,8
2,828,8,248
7941,2,248,81
8,7941,81,8618
248,8,8618,47456
81,248,47456,58
8618,81,58,18
47456,8618,18,1126
58,47456,1126,525
18,58,525,13098
1126,18,13098,15
525,1126,15,27
13098,525,27,52
15,13098,52,26
27,15,26,144
52,27,144,2133
26,52,2133,127
144,26,127,287
2133,144,287,23
127,2133,23,48
287,127,48,76
23,287,76,5
48,23,5,95
76,48,95,1004
5,76,1004,16
95,5,16,84
1004,95,84,4480
16,1004,4480,8
84,16,8,105
4480,84,105,93279
8,4480,93279,2
105,8,2,26
93279,105,26,1983
2,93279,1983,51
26,2,51,27
1983,26,27,230
51,1983,230,44
27,51,44,83737
230,27,83737,9297
44,230,9297,62
83737,44,62,90
9297,83737,90,41
62,9297,41,60
90,62,60,26
41,90,26,18
60,41,18,3
26,60,3,4027
18,26,4027,27
3,18,27,1184
4027,3,1184,26
27,4027,26,706
1184,27,706,586
26,1184,586,52
706,26,52,26
586,706,26,285
52,586,285,18
26,52,18,3
285,26,3,14153
18,285,14153,1512
3,18,1512,27
14153,3,27,300
1512,14153,300,37
27,1512,37,2
300,27,2,741
37,300,741,36
2,37,36,225
741,2,225,36
36,741,36,449
225,36,449,321
36,225,321,13338
449,36,13338,3642
321,449,3642,3
13338,321,3,89
3642,13338,89,6
3,3642,6,235
89,3,235,52272
6,89,52272,27
235,6,27,116
52272,235,116,51
27,52272,51,659
116,27,659,6
51,116,6,22
659,51,22,910
6,659,910,59
22,6,59,10
910,22,10,154
59,910,154,3
10,59,3,237
154,10,237,6093
3,154,6093,4
237,3,4,1251
6093,237,1251,29
4,6093,29,76
1251,4,76,5
29,1251,5,22
76,29,22,300
5,76,300,276
22,5,276,45
300,22,45,3935
276,300,3935,4
45,276,4,714
3935,45,714,96
4,3935,96,81
714,4,81,113
96,714,113,5
81,96,5,13844
113,81,13844,6
5,113,6,3995
13844,5,3995,11036
6,13844,11036,3614
3995,6,3614,64
11036,3995,64,27
3614,11036,27,115
64,3614,115,155
27,64,155,231
115,27,231,4170
155,115,4170,1114
231,155,1114,512
4170,231,512,29
1114,4170,29,22
512,1114,22,300
29,512,300,828
22,29,828,1173
300,22,1173,2
828,300,2,334
1173,828,334,1067
2,1173,1067,1116
334,2,1116,3
1067,334,3,76
1116,1067,76,4
3,1116,4,2
76,3,2,25279
4,76,25279,1067
2,4,1067,1116
25279,2,1116,3
1067,25279,3,40250
1116,1067,40250,328
3,1116,328,369
40250,3,369,802
328,40250,802,9097
369,328,9097,1688
802,369,1688,5519
9097,802,5519,44
1688,9097,44,11
5519,1688,11,106
44,5519,106,9
11,44,9,27
106,11,27,29
9,106,29,11
27,9,11,2
29,27,2,8
11,29,8,27
2,11,27,147
8,2,147,3
27,8,3,3946
147,27,3946,22
3,147,22,1246
3946,3,1246,4
22,3946,4,52
1246,22,52,27
4,1246,27,319
52,4,319,10
27,52,10,20921
319,27,20921,434
10,319,434,2
20921,10,2,182
434,20921,182,5
2,434,5,43
182,2,43,3
5,182,3,113
43,5,113,1688
3,43,1688,95006
113,3,95006,58
1688,113,58,724
95006,1688,724,802
58,95006,802,256
724,58,256,15496
802,724,15496,413
256,802,413,1393
15496,256,1393,28
413,15496,28,27
1393,413,27,110
28,1393,110,3
27,28,3,18
110,27,18,3
3,110,3,5464
18,3,5464,174
3,18,174,20
5464,3,20,7
174,5464,7,21
20,174,21,400
7,20,400,9
21,7,9,29028
400,21,29028,13
9,400,13,47
29028,9,47,4
13,29028,4,9840
47,13,9840,85
4,47,85,66
9840,4,66,87
85,9840,87,10
66,85,10,3491
87,66,3491,105
10,87,105,3609
3491,10,3609,12
105,3491,12,38
3609,105,38,2313
12,3609,2313,29
38,12,29,105
2313,38,105,1035
29,2313,1035,165
105,29,165,830
1035,105,830,4
165,1035,4,7
830,165,7,102878
4,830,102878,55
7,4,55,21
102878,7,21,1214
55,102878,1214,346
21,55,346,586
1214,21,586,34992
346,1214,34992,15
586,346,15,172
34992,586,172,5
15,34992,5,38
172,15,38,1813
5,172,1813,7272
38,5,7272,27
1813,38,27,5134
7272,1813,5134,1200
27,7272,1200,321
5134,27,321,2245
1200,5134,2245,3
321,1200,3,8633
2245,321,8633,8
3,2245,8,417
8633,3,417,4
8,8633,4,38
417,8,38,2809
4,417,2809,105
38,4,105,1035
2809,38,1035,7
105,2809,7,36355
1035,105,36355,4
7,1035,4,76
36355,7,76,5
4,36355,5,58
76,4,58,77
5,76,77,137
58,5,137,38
77,58,38,83
137,77,83,1630
38,137,1630,4672
83,38,4672,52
1630,83,52,26
4672,1630,26,16
52,4672,16,2374
26,52,2374,196
16,26,196,1867
2374,16,1867,3
196,2374,3,9331
1867,196,9331,21
3,1867,21,110
9331,3,110,3
21,9331,3,17
110,21,17,7987
3,110,7987,79
17,3,79,631
7987,17,631,37
79,7987,37,27
631,79,27,6130
37,631,6130,265
27,37,265,408
6130,27,408,6225
265,6130,6225,256
408,265,256,7564
6225,408,7564,5519
256,6225,5519,59
7564,256,59,331
5519,7564,331,37
59,5519,37,27
331,59,27,384
37,331,384,8
27,37,8,227
384,27,227,741
8,384,741,9975
227,8,9975,5816
741,227,5816,7
9975,741,7,6191
5816,9975,6191,5
7,5816,5,2636
6191,7,2636,23531
5,6191,23531,2
2636,5,2,1644
23531,2636,1644,2359
2,23531,2359,27
1644,2,27,393
2359,1644,393,87
27,2359,87,11
393,27,11,7
87,393,7,80931
11,87,80931,634
7,11,634,8
80931,7,8,5816
634,80931,5816,14
8,634,14,1284
5816,8,1284,6
14,5816,6,1316
1284,14,1316,3
6,1284,3,1348
1316,6,1348,88194
3,1316,88194,44
1348,3,44,58
88194,1348,58,121
44,88194,121,744
58,44,744,472
121,58,472,12
744,121,12,188
472,744,188,4
12,472,4,139
188,12,139,29
4,188,29,666
139,4,666,2
29,139,2,26
666,29,26,230
2,666,230,202
26,2,202,431
230,26,431,2
202,230,2,921
431,202,921,105
2,431,105,39
921,2,39,6145
105,921,6145,8
39,105,8,2340
6145,39,2340,12
8,6145,12,2532
2340,8,2532,12
12,2340,12,27
2532,12,27,4
12,2532,4,22
27,12,22,7773
4,27,7773,23
22,4,23,265
7773,22,265,58
23,7773,58,792
265,23,792,310
58,265,310,724
792,58,724,298
310,792,298,1921
724,310,1921,72
298,724,72,620
1921,298,620,265
72,1921,265,1997
620,72,1997,265
265,620,265,408
1997,265,408,195
265,1997,195,2488
408,265,2488,1325
195,408,1325,957
2488,195,957,37
1325,2488,37,240
957,1325,240,3
37,957,3,2749
240,37,2749,2
3,240,2,441
2749,3,441,200
2,2749,200,20
441,2,20,153
200,441,153,54
20,200,54,7
153,20,7,28919
54,153,28919,195
7,54,195,1936
28919,7,1936,4971
195,28919,4971,4
1936,195,4,694
4971,1936,694,705
4,4971,705,7564
694,4,7564,140
705,694,140,957
7564,705,957,37
140,7564,37,441
957,140,441,4
37,957,4,464
441,37,464,1926
4,441,1926,15496
464,4,15496,1461
1926,464,1461,250
15496,1926,250,342
1461,15496,342,224
250,1461,224,4
342,250,4,293
224,342,293,117
4,224,117,256
293,4,256,15689
117,293,15689,96749
256,117,96749,1731
15689,256,1731,515
96749,15689,515,4
1731,96749,4,262
515,1731,262,84854
4,515,84854,140
262,4,140,523
84854,262,523,1233
140,84854,1233,792
523,140,792,19373
1233,523,19373,4
792,1233,4,331
19373,792,331,378
4,19373,378,7712
331,4,7712,194
378,331,194,37
7712,378,37,9331
194,7712,9331,110
37,194,110,3
9331,37,3,329
110,9331,329,33
3,110,33,48
329,3,48,666
33,329,666,42
48,33,42,41
666,48,41,60
42,666,60,27380
41,42,27380,4
60,41,4,13045
27380,60,13045,1325
4,27380,1325,3
13045,4,3,310
1325,13045,310,57855
3,1325,57855,797
310,3,797,583
57855,310,583,2
797,57855,2,2672
583,797,2672,72081
2,583,72081,72021
2672,2,72021,23
72081,2672,23,1325
72021,72081,1325,37
23,72021,37,27
1325,23,27,17162
37,1325,17162,25751
27,37,25751,202
17162,27,202,1022
25751,17162,1022,4
202,25751,4,953
1022,202,953,5
4,1022,5,233
953,4,233,3
5,953,3,77726
233,5,77726,7
3,233,7,110
77726,3,110,3
7,77726,3,6879
110,7,6879,10
3,110,10,61
6879,3,61,15
10,6879,15,20
61,10,20,37298
15,61,37298,1325
20,15,1325,31
37298,20,31,723
1325,37298,723,22
31,1325,22,4206
723,31,4206,12
22,723,12,27
4206,22,27,10
12,4206,10,60
27,12,60,3
10,27,3,3196
60,10,3196,1996
3,60,1996,1193
3196,3,1193,45
1996,3196,45,8
1193,1996,8,33
45,1193,33,2959
8,45,2959,15
33,8,15,36
2959,33,36,1193
15,2959,1193,1290
36,15,1290,151
1193,36,151,6
1290,1193,6,133
151,1290,133,4
6,151,4,93
133,6,93,12
4,133,12,519
93,4,519,11
12,93,11,13
519,12,13,4
11,519,4,924
13,11,924,3
4,13,3,25
924,4,25,8
3,924,8,20
25,3,20,85
8,25,85,7
20,8,7,15017
85,20,15017,106304
7,85,106304,48
15017,7,48,4772
106304,15017,4772,3
48,106304,3,485
4772,48,485,51
3,4772,51,11
485,3,11,230
51,485,230,44
11,51,44,235
230,11,235,28
44,230,28,1854
235,44,1854,95245
28,235,95245,681
1854,28,681,457
95245,1854,457,688
681,95245,688,5581
457,681,5581,7
688,457,7,4535
5581,688,4535,136
7,5581,136,282
4535,7,282,59
136,4535,59,11
282,136,11,957
59,282,957,298
11,59,298,6
957,11,6,11687
298,957,11687,197
6,298,197,23
11687,6,23,4
197,11687,4,343
23,197,343,3833
4,23,3833,56
343,4,56,202
3833,343,202,21129
56,3833,21129,90006
202,56,90006,99
21129,202,99,194
90006,21129,194,1065
99,90006,1065,12
194,99,12,27
1065,194,27,2962
12,1065,2962,681
27,12,681,3
2962,27,3,3841
681,2962,3841,1184
3,681,1184,37
3841,3,37,5816
1184,3841,5816,2
37,1184,2,6291
5816,37,6291,2391
2,5816,2391,5
6291,2,5,2
2391,6291,2,1116
5,2391,1116,56609
2,5,56609,58
1116,2,58,1004
56609,1116,1004,704
58,56609,704,3254
1004,58,3254,15
704,1004,15,27
3254,704,27,544
15,3254,544,6
27,15,6,1180
544,27,1180,963
6,544,963,4963
1180,6,4963,3354
963,1180,3354,322
4963,963,322,714
3354,4963,714,82364
322,3354,82364,2000
714,322,2000,69
82364,714,69,5
2000,82364,5,98
69,2000,98,202
5,69,202,387
98,5,387,20
202,98,20,64214
387,202,64214,20
20,387,20,153
64214,20,153,1658
20,64214,1658,22
153,20,22,144
1658,153,144,9
22,1658,9,27
144,22,27,11
9,144,11,28
27,9,28,6811
11,27,6811,94
28,11,94,4
6811,28,4,1143
94,6811,1143,2275
4,94,2275,13
1143,4,13,21
2275,1143,21,1740
13,2275,1740,3378
21,13,3378,1310
1740,21,1310,3
3378,1740,3,17
1310,3378,17,91636
3,1310,91636,68
17,3,68,28
91636,17,28,11
68,91636,11,40
28,68,40,144
11,28,144,78
40,11,78,32
144,40,32,9
78,144,9,63
32,78,63,59
9,32,59,331
63,9,331,31
59,63,31,11
331,59,11,230
31,331,230,142
11,31,142,4963
230,11,4963,2254
142,230,2254,28
4963,142,28,64
2254,4963,64,42
28,2254,42,126
64,28,126,946
42,64,946,1197
126,42,1197,11
946,126,11,40
1197,946,40,12873
11,1197,12873,562
40,11,562,89446
12873,40,89446,140
562,12873,140,758
89446,562,758,2
140,89446,2,304
758,140,304,8
2,758,8,784
304,2,784,3
8,304,3,14304
784,8,14304,4697
3,784,4697,12
14304,3,12,5816
4697,14304,5816,300
12,4697,300,117
5816,12,117,2515
300,5816,2515,8806
117,300,8806,6210
2515,117,6210,115
8806,2515,115,144
6210,8806,144,27
115,6210,27,39
144,115,39,304
27,144,304,19075
39,27,19075,61846
304,39,61846,7
19075,304,7,2
61846,19075,2,39
7,61846,39,446
2,7,446,8806
39,2,8806,28
446,39,28,11
8806,446,11,147
28,8806,147,3
11,28,3,95397
147,11,95397,523
3,147,523,331
95397,3,331,8806
523,95397,8806,229
331,523,229,11
8806,331,11,486
229,8806,486,27
11,229,27,13
486,11,13,5997
27,486,5997,2717
13,27,2717,142
5997,13,142,5816
2717,5997,5816,94788
142,2717,94788,48
5816,142,48,775
94788,5816,775,58
48,94788,58,16
775,48,16,458
58,775,458,36
16,58,36,1095
458,16,1095,3
36,458,3,468
1095,36,468,27
3,1095,27,3
468,3,3,123
27,468,123,2
3,27,2,69935
123,3,69935,3121
2,123,3121,21070
69935,2,21070,12791
3121,69935,12791,44
21070,3121,44,27
12791,21070,27,40
44,12791,40,23092
27,44,23092,32
40,27,32,6
23092,40,6,22
32,23092,22,847
6,32,847,12
22,6,12,1268
847,22,1268,241
12,847,241,1374
1268,12,1374,21070
241,1268,21070,14
1374,241,14,523
21070,1374,523,3
14,21070,3,744
523,14,744,12
3,523,12,139
744,3,139,4
12,744,4,21
139,12,21,27
4,139,27,43756
21,4,43756,2
27,21,2,11668
43756,27,11668,9
2,43756,9,98
11668,2,98,127
9,11668,127,69
98,9,69,4
127,98,4,95
69,127,95,579
4,69,579,10
95,4,10,31
579,95,31,7
10,579,7,21
31,10,21,377
7,31,377,2
21,7,2,1037
377,21,1037,7
2,377,7,821
1037,2,821,12
7,1037,12,4110
821,7,4110,139
12,821,139,653
4110,12,653,108031
139,4110,108031,10
653,139,10,14
108031,653,14,21070
10,108031,21070,31
14,10,31,277
21070,14,277,491
31,21070,491,34992
277,31,34992,6
491,277,6,2
34992,491,2,390
6,34992,390,407
2,6,407,37
390,2,37,22
407,390,22,83
37,407,83,357
22,37,357,55003
83,22,55003,55
357,83,55,1529
55003,357,1529,653
55,55003,653,8
1529,55,8,63
653,1529,63,5
8,653,5,143
63,8,143,35
5,63,35,7
143,5,7,2
35,143,2,1116
7,35,1116,15
2,7,15,22
1116,2,22,648
15,1116,648,4
22,15,4,1246
648,22,1246,11
4,648,11,11933
1246,4,11933,3871
11,1246,3871,19
11933,11,19,523
3871,11933,523,6
19,3871,6,2
523,19,2,775
6,523,775,8626
2,6,8626,235
775,2,235,44
8626,775,44,21070
235,8626,21070,697
44,235,697,3
21070,44,3,11833
697,21070,11833,3
3,697,3,4110
11833,3,4110,29394
3,11833,29394,2
4110,3,2,182
29394,4110,182,41
2,29394,41,3
182,2,3,20
41,182,20,127
3,41,127,237
20,3,237,140
127,20,140,72
237,127,72,8004
140,237,8004,51
72,140,51,88
8004,72,88,5134
51,8004,5134,148
88,51,148,5
5134,88,5,44
148,5134,44,14
5,148,14,28
44,5,28,21070
14,44,21070,21118
28,14,21118,562
21070,28,562,12242
21118,21070,12242,11056
