1328,11,5,662
25980,1328,662,2335
5,25980,2335,3952
662,5,3952,11
2335,662,11,28
3952,2335,28,3589
11,3952,3589,4578
28,11,4578,180
3589,28,180,7671
4578,3589,7671,19
180,4578,19,1060
7671,180,1060,4
19,7671,4,12373
1060,19,12373,180
4,1060,180,83
12373,4,83,7
180,12373,7,462
83,180,462,1915
7,83,1915,3
462,7,3,585
1915,462,585,29
3,1915,29,14
585,3,14,458
29,585,458,3
14,29,3,1500
458,14,1500,130
3,458,130,33357
1500,3,33357,3983
130,1500,3983,662
33357,130,662,3952
3983,33357,3952,254
662,3983,254,3589
3952,662,3589,13
254,3952,13,245
3589,254,245,72
13,3589,72,8019
245,13,8019,268
72,245,268,49
8019,72,49,4
268,8019,4,8
49,268,8,11
4,49,11,7
8,4,7,154
11,8,154,2379
7,11,2379,349
154,7,349,3
2379,154,3,10110
349,2379,10110,3
3,349,3,585
10110,3,585,11
3,10110,11,44
585,3,44,85724
11,585,85724,234
44,11,234,23
85724,44,23,130
234,85724,130,1060
23,234,1060,27
130,23,27,2068
1060,130,2068,28
27,1060,28,662
2068,27,662,13
28,2068,13,4578
662,28,4578,22
13,662,22,1060
4578,13,1060,2
22,4578,2,149
1060,22,149,6
2,1060,6,4
149,2,4,315
6,149,315,3
4,6,3,93
315,4,93,22
3,315,22,769
93,3,769,4
22,93,4,706
769,22,706,2
4,769,2,194
706,4,194,75
2,706,75,22
194,2,22,39
75,194,39,724
22,75,724,13
39,22,13,260
724,39,260,61880
13,724,61880,52
260,13,52,11
61880,260,11,310
52,61880,310,496
11,52,496,102
310,11,102,49
496,310,49,27
102,496,27,28
49,102,28,7
27,49,7,25
28,27,25,116
7,28,116,928
25,7,928,7
116,25,7,121
928,116,121,101
7,928,101,434
121,7,434,33
101,121,33,116
434,101,116,51
33,434,51,11
116,33,11,14
51,116,14,5256
11,51,5256,80495
14,11,80495,60
5256,14,60,11
80495,5256,11,441
60,80495,441,3589
11,60,3589,254
441,11,254,11
3589,441,11,40
254,3589,40,583
11,254,583,22
40,11,22,69
583,40,69,1286
22,583,1286,27
69,22,27,68
1286,69,68,8869
27,1286,8869,3
68,27,3,2
8869,68,2,2228
3,8869,2228,79060
2,3,79060,2
2228,2,2,3137
79060,2228,3137,417
2,79060,417,7
3137,2,7,569
417,3137,569,110
7,417,110,3
569,7,3,17
110,569,17,3137
3,110,3137,9
17,3,9,133
3137,17,133,7
9,3137,7,569
133,9,569,110
7,133,110,3
569,7,3,17
110,569,17,3137
3,110,3137,9
17,3,9,1267
3137,17,1267,27
9,3137,27,2068
1267,9,2068,68
27,1267,68,900
2068,27,900,3
68,2068,3,142
900,68,142,83
3,900,83,24
142,3,24,2
83,142,2,431
24,83,431,59
2,24,59,3318
431,2,3318,331
59,431,331,89
3318,59,89,37
331,3318,37,431
89,331,431,15
37,89,15,193
431,37,193,8
15,431,8,646
193,15,646,161
8,193,161,5
646,8,5,38
161,646,38,106480
5,161,106480,10
38,5,10,21
106480,38,21,27
10,106480,27,411
21,10,411,912
27,21,912,8
411,27,8,1144
912,411,1144,7
8,912,7,255
1144,8,255,5
7,1144,5,20
255,7,20,133
5,255,133,7
20,5,7,7
133,20,7,483
7,133,483,42319
7,7,42319,8
483,7,8,27
42319,483,27,948
8,42319,948,193
27,8,193,12
948,27,12,672
193,948,672,11
12,193,11,1289
672,12,1289,193
11,672,193,3
1289,11,3,17
193,1289,17,3132
3,193,3132,36
17,3,36,11
3132,17,11,3214
36,3132,3214,6075
11,36,6075,12
3214,11,12,22
6075,3214,22,872
12,6075,872,140
22,12,140,27
872,22,27,8894
140,872,8894,4
27,140,4,9570
8894,27,9570,806
4,8894,806,5
9570,4,5,5895
806,9570,5895,193
5,806,193,2856
5895,5,2856,2
193,5895,2,41
2856,193,41,18203
2,2856,18203,1089
41,2,1089,5
18203,41,5,3801
1089,18203,3801,23157
5,1089,23157,64
3801,5,64,416
23157,3801,416,996
64,23157,996,1317
416,64,1317,2685
996,416,2685,19
1317,996,19,58
2685,1317,58,1584
19,2685,1584,8274
58,19,8274,13845
1584,58,13845,2915
8274,1584,2915,15
13845,8274,15,193
2915,13845,193,377
15,2915,377,25
193,15,25,40
377,193,40,18
25,377,18,47
40,25,47,713
18,40,713,29
47,18,29,27
713,47,27,28
29,713,28,103
27,29,103,50
28,27,50,6
103,28,6,16776
50,103,16776,48
6,50,48,183
16776,6,183,254
48,16776,254,8
183,48,8,11
254,183,11,40
8,254,40,17
11,8,17,1095
40,11,1095,3
17,40,3,325
1095,17,325,193
3,1095,193,481
325,3,481,8742
193,325,8742,27
481,193,27,13
8742,481,13,3
27,8742,3,1406
13,27,1406,6
3,13,6,38247
1406,3,38247,25
6,1406,25,329
38247,6,329,148
25,38247,148,155
329,25,155,25
148,329,25,1529
155,148,1529,27
25,155,27,21114
1529,25,21114,1070
27,1529,1070,50
21114,27,50,12
1070,21114,12,728
50,1070,728,2611
12,50,2611,79
728,12,79,879
2611,728,879,1040
79,2611,1040,3
879,79,3,137
1040,879,137,229
3,1040,229,11
137,3,11,40
229,137,40,155
11,229,155,75
40,11,75,18062
155,40,18062,172
75,155,172,1584
18062,75,1584,256
172,18062,256,5095
1584,172,5095,13
256,1584,13,704
5095,256,704,142
13,5095,142,490
704,13,490,12
142,704,12,672
490,142,672,254
12,490,254,193
672,12,193,15
254,672,15,542
193,254,542,433
15,193,433,1641
542,15,1641,600
433,542,600,516
1641,433,516,3
600,1641,3,659
516,600,659,37
3,516,37,25095
659,3,25095,2486
37,659,2486,27
25095,37,27,101
2486,25095,101,12
27,2486,12,148
101,27,148,2308
12,101,2308,97879
148,12,97879,59
2308,148,59,728
97879,2308,728,295
59,97879,295,12
728,59,12,185
295,728,185,695
12,295,695,22
185,12,22,3218
695,185,3218,19576
22,695,19576,7575
3218,22,7575,14
19576,3218,14,12
7575,19576,12,2725
14,7575,2725,6
12,14,6,1514
2725,12,1514,3
6,2725,3,27
1514,6,27,1538
3,1514,1538,544
27,3,544,6
1538,27,6,330
544,1538,330,728
6,544,728,7
330,6,7,6256
728,330,6256,3
7,728,3,1512
6256,7,1512,22
3,6256,22,808
1512,3,808,10561
22,1512,10561,41977
808,22,41977,5095
10561,808,5095,1475
41977,10561,1475,11
5095,41977,11,28
1475,5095,28,1119
11,1475,1119,11
28,11,11,93
1119,28,93,2
11,1119,2,334
93,11,334,101509
2,93,101509,4
334,2,4,7
101509,334,7,25
4,101509,25,73
7,4,73,8
25,7,8,3010
73,25,3010,4
8,73,4,7
3010,8,7,34
4,3010,34,18
7,4,18,2
34,7,2,357
18,34,357,15
2,18,15,89
357,2,89,37
15,357,37,4065
89,15,4065,9
37,89,9,1187
4065,37,1187,24
9,4065,24,193
1187,9,193,728
24,1187,728,28
193,24,28,8
728,193,8,3010
28,728,3010,7
8,28,7,55
3010,8,55,123
7,3010,123,7191
55,7,7191,2
123,55,2,532
7191,123,532,8
2,7191,8,295
532,2,295,42
8,532,42,5
295,8,5,14471
42,295,14471,3792
5,42,3792,24
14471,5,24,1263
3792,14471,1263,48
24,3792,48,330
1263,24,330,728
48,1263,728,653
330,48,653,8
728,330,8,69
653,728,69,3130
8,653,3130,520
69,8,520,532
3130,69,532,18
520,3130,18,303
532,520,303,2
18,532,2,572
303,18,572,482
2,303,482,9
572,2,9,34279
482,572,34279,10636
9,482,10636,1825
34279,9,1825,6
10636,34279,6,5224
1825,10636,5224,9317
6,1825,9317,332
5224,6,332,57
9317,5224,57,1044
332,9317,1044,4331
57,332,4331,4
1044,57,4,6477
4331,1044,6477,6
4,4331,6,7481
6477,4,7481,7
6,6477,7,39
7481,6,39,356
7,7481,356,30
39,7,30,48
356,39,48,147
30,356,147,3
48,30,3,524
147,48,524,102
3,147,102,10
524,3,10,67
102,524,67,397
10,102,397,16
67,10,16,1685
397,67,1685,20
16,397,20,7
1685,16,7,157
20,1685,157,11
7,20,11,28
157,7,28,7
11,157,7,569
28,11,569,21
7,28,21,110
569,7,110,3
21,569,3,155
110,21,155,83
3,110,83,53
155,3,53,7
83,155,7,77
53,83,77,2414
7,53,2414,61
77,7,61,29
2414,77,29,7
61,2414,7,403
29,61,403,84502
7,29,84502,9712
403,7,9712,1244
84502,403,1244,3
9712,84502,3,192
1244,9712,192,74
3,1244,74,225
192,3,225,22
74,192,22,39363
225,74,39363,18
22,225,18,2323
39363,22,2323,61
18,39363,61,3528
2323,18,3528,19
61,2323,19,571
3528,61,571,225
19,3528,225,130
571,19,130,2625
225,571,2625,7
130,225,7,480
2625,130,480,8
7,2625,8,7
480,7,7,5597
8,480,5597,16067
7,8,16067,11
5597,7,11,28
16067,5597,28,59
11,16067,59,2
28,11,2,8307
59,28,8307,331
2,59,331,51
8307,2,51,11
331,8307,11,14
51,331,14,110
11,51,110,3
14,11,3,25
110,14,25,3
3,110,3,1463
25,3,1463,225
3,25,225,3
1463,3,3,144
225,1463,144,15125
3,225,15125,14
144,3,14,2
15125,144,2,2479
14,15125,2479,3479
2,14,3479,520
2479,2,520,532
3479,2479,532,9
520,3479,9,2
532,520,2,94
9,532,94,31
2,9,31,1065
94,2,1065,41
31,94,41,12
1065,31,12,5355
41,1065,5355,22
12,41,22,31211
5355,12,31211,3361
22,5355,3361,4
31211,22,4,188
3361,31211,188,92717
4,3361,92717,28
188,4,28,22
92717,188,22,1010
28,92717,1010,810
22,28,810,14
1010,22,14,2
810,1010,2,8146
14,810,8146,4
2,14,4,11
8146,2,11,7
4,8146,7,113
11,4,113,225
7,11,225,121
113,7,121,17
225,113,17,2820
121,225,2820,4156
17,121,4156,11
2820,17,11,146
4156,2820,146,49
11,4156,49,107
146,11,107,3
49,146,3,3480
107,49,3480,393
3,107,393,4
3480,3,4,773
393,3480,773,9
4,393,9,1239
773,4,1239,12
9,773,12,107
1239,9,107,2704
12,1239,2704,3
107,12,3,1346
2704,107,1346,62
3,2704,62,3
1346,3,3,1105
62,1346,1105,25
3,62,25,8
1105,3,8,11
25,1105,11,40
8,25,40,18
11,8,18,76
40,11,76,272
18,40,272,172
76,18,172,49
272,76,49,4
172,272,4,44
49,172,44,20997
4,49,20997,40
44,4,40,33
20997,44,33,1105
40,20997,1105,20
33,40,20,9
1105,33,9,16199
20,1105,16199,28
9,20,28,11
16199,9,11,697
28,16199,697,3
11,28,3,17
697,11,17,458
3,697,458,3
17,3,3,661
458,17,661,15
3,458,15,2
661,3,2,1622
15,661,1622,3693
2,15,3693,234
1622,2,234,7
3693,1622,7,40
234,3693,40,552
7,234,552,3
40,7,3,248
552,40,248,33
3,552,33,56
248,3,56,29
33,248,29,7
56,33,7,25
29,56,25,116
7,29,116,62
25,7,62,3
116,25,3,1105
62,116,1105,7
3,62,7,2179
1105,3,2179,33
7,1105,33,415
2179,7,415,110
33,2179,110,3
415,33,3,18
110,415,18,3
3,110,3,91
18,3,91,180
3,18,180,2
91,3,2,2
180,91,2,1447
2,180,1447,13324
2,2,13324,73754
1447,2,73754,68
13324,1447,68,1093
73754,13324,1093,3
68,73754,3,22
1093,68,22,872
3,1093,872,5895
22,3,5895,2
872,22,2,2506
5895,872,2506,2818
2,5895,2818,526
2506,2,526,4
2818,2506,4,28
526,2818,28,11
4,526,11,47
28,4,47,3528
11,28,3528,19
47,11,19,571
3528,47,571,225
19,3528,225,22
571,19,22,478
225,571,478,290
22,225,290,4
478,22,4,8
290,478,8,11
4,290,11,178
8,4,178,207
11,8,207,139
178,11,139,7
207,178,7,2
139,207,2,225
7,139,225,9253
2,7,9253,598
225,2,598,387
9253,225,387,5868
598,9253,5868,61
387,598,61,22
5868,387,22,661
61,5868,661,19
22,61,19,2272
661,22,2272,3
19,661,3,22
2272,19,22,103
3,2272,103,27258
22,3,27258,14
103,22,14,3
27258,103,3,96
14,27258,96,507
3,14,507,8
96,3,8,26
507,96,26,18
8,507,18,2
26,8,2,108
18,26,108,8
2,18,8,26
108,2,26,55
8,108,55,244
26,8,244,6
55,26,6,120
244,55,120,26
6,244,26,18
120,6,18,924
26,120,924,3
18,26,3,25
924,18,25,476
3,924,476,11
25,3,11,6674
476,25,6674,365
11,476,365,27
6674,11,27,76
365,6674,76,60
27,365,60,3
76,27,3,661
60,76,661,59
3,60,59,11
661,3,11,14
59,661,14,331
11,59,331,37
14,11,37,128
331,14,128,60
37,331,60,11
128,37,11,2483
60,128,2483,9
11,60,9,47950
2483,11,47950,5725
9,2483,5725,11
47950,9,11,28
5725,47950,28,2
11,5725,2,1263
28,11,1263,77222
2,28,77222,945
1263,2,945,324
77222,1263,324,61
945,77222,61,15
324,945,15,2
61,324,2,411
15,61,411,7
2,15,7,2483
411,2,2483,3
7,411,3,130
2483,7,130,1010
3,2483,1010,66
130,3,66,404
1010,130,404,9
66,1010,9,501
404,66,501,7899
9,404,7899,1200
501,9,1200,7
7899,501,7,2483
1200,7899,2483,3
7,1200,3,130
2483,7,130,872
3,2483,872,9
130,3,9,21
872,130,21,118
9,872,118,127
21,9,127,12
118,21,12,2811
127,118,2811,11
12,127,11,445
2811,12,445,254
11,2811,254,7267
445,11,7267,17
254,445,17,41
7267,254,41,40999
17,7267,40999,1955
41,17,1955,37
40999,41,37,2924
1955,40999,2924,4531
37,1955,4531,2274
2924,37,2274,22
4531,2924,22,335
2274,4531,335,3
22,2274,3,14135
335,22,14135,1184
3,335,1184,5
14135,3,5,22
1184,14135,22,267
5,1184,267,8251
22,5,8251,193
267,22,193,1184
8251,267,1184,11
193,8251,11,28
1184,193,28,8
11,1184,8,10
28,11,10,14
8,28,14,72
10,8,72,2
14,10,2,3125
72,14,3125,29
2,72,29,8
3125,2,8,7
29,3125,7,179
8,29,179,56
7,8,56,196
179,7,196,43580
56,179,43580,911
196,56,911,255
43580,196,255,16
911,43580,16,3125
255,911,3125,4
16,255,4,11832
3125,16,11832,7
4,3125,7,25
11832,4,25,93
7,11832,93,6
25,7,6,2
93,25,2,255
6,93,255,15
2,6,15,51
255,2,51,7
15,255,7,44
51,15,44,10
7,51,10,59
44,7,59,7
10,44,7,3125
59,10,3125,271
7,59,271,7
3125,7,7,113
271,3125,113,7
7,271,7,569
113,7,569,3105
7,113,3105,1033
569,7,1033,17
3105,569,17,3132
1033,3105,3132,11
17,1033,11,45743
3132,17,45743,1094
11,3132,1094,8
45743,11,8,27
1094,45743,27,77
8,1094,77,1346
27,8,1346,24
77,27,24,1456
1346,77,1456,4
24,1346,4,21
1456,24,21,11832
4,1456,11832,98988
21,4,98988,27
11832,21,27,28
98988,11832,28,7
27,98988,7,116
28,27,116,8
7,28,8,7
116,7,7,596
8,116,596,8
7,8,8,7
596,7,7,596
17,308,18206,112
160,17,112,101
18206,160,101,1045
112,18206,1045,5
101,112,5,32
1045,101,32,69
5,1045,69,1719
32,5,1719,7
69,32,7,4
1719,69,4,1980
7,1719,1980,238
4,7,238,406
1980,4,406,12
238,1980,12,709
406,238,709,6885
12,406,6885,6451
709,12,6451,1045
6885,709,1045,5
6451,6885,5,32
1045,6451,32,69
5,1045,69,1719
32,5,1719,7
69,32,7,4
1719,69,4,1980
7,1719,1980,238
4,7,238,406
1980,4,406,12
238,1980,12,709
406,238,709,6885
12,406,6885,6451
709,12,6451,7864
6885,709,7864,10791
6451,6885,10791,318
7864,6451,318,109
10791,7864,109,549
318,10791,549,2
109,318,2,300
549,109,300,3639
2,549,3639,885
300,2,885,46
3639,300,46,1045
885,3639,1045,5
46,885,5,30307
1045,46,30307,78
5,1045,78,32
30307,5,32,69
78,30307,69,1719
32,78,1719,256
69,32,256,885
1719,69,885,650
256,1719,650,1057
885,256,1057,781
650,885,781,13
1057,650,13,47
781,1057,47,3596
13,781,3596,46
47,13,46,7
3596,47,7,21
46,3596,21,86
7,46,86,2
21,7,2,921
86,21,921,135
2,86,135,97
921,2,97,2686
135,921,2686,29
97,135,29,2
2686,97,2,1850
29,2686,1850,238
2,29,238,406
1850,2,406,2730
238,1850,2730,2
406,238,2,10566
2730,406,10566,4309
2,2730,4309,6851
10566,2,6851,24
4309,10566,24,7078
6851,4309,7078,92
24,6851,92,5
7078,24,5,709
92,7078,709,1213
5,92,1213,64
709,5,64,46
1213,709,46,2
64,1213,2,42448
46,64,42448,1807
2,46,1807,6765
42448,2,6765,2
1807,42448,2,10
6765,1807,10,230
2,6765,230,1173
10,2,1173,46
230,10,46,8
1173,230,8,1934
46,1173,1934,7
8,46,7,2947
1934,8,2947,699
7,1934,699,6
2947,7,6,256
699,2947,256,4
6,699,4,3639
256,6,3639,885
4,256,885,3116
3639,4,3116,885
885,3639,885,151
3116,885,151,4
885,3116,4,18
151,885,18,91
4,151,91,38
18,4,38,19345
91,18,19345,40515
38,91,40515,1190
19345,38,1190,3
40515,19345,3,3726
1190,40515,3726,4
3,1190,4,748
3726,3,748,92
4,3726,92,648
748,4,648,46
92,748,46,122
648,92,122,23
46,648,23,1193
122,46,1193,60
23,122,60,4960
1193,23,4960,1174
60,1193,1174,423
4960,60,423,5
1174,4960,5,191
423,1174,191,46
5,423,46,54
191,5,54,13
46,191,13,392
54,46,392,2
13,54,2,217
392,13,217,5
2,392,5,9015
217,2,9015,844
5,217,844,5
9015,5,5,385
844,9015,385,184
5,844,184,3
385,5,3,647
184,385,647,3416
3,184,3416,146
647,3,146,6
3416,647,6,5666
146,3416,5666,15
6,146,15,238
5666,6,238,406
15,5666,406,3376
238,15,3376,309
406,238,309,5
3376,406,5,3639
309,3376,3639,885
5,309,885,7
3639,5,7,4
885,3639,4,1980
7,885,1980,238
4,7,238,406
1980,4,406,5
238,1980,5,709
406,238,709,92
5,406,92,15
709,5,15,456
92,709,456,9
15,92,9,1210
456,15,1210,4
9,456,4,152
1210,9,152,1091
4,1210,1091,23
152,4,23,709
1091,152,709,3682
23,1091,3682,212
709,23,212,4
3682,709,4,309
212,3682,309,2
4,212,2,4
309,4,4,379
