103747,8462,4,824
797,103747,824,70323
4,797,70323,83562
824,4,83562,1824
70323,824,1824,3713
83562,70323,3713,7
1824,83562,7,6033
3713,1824,6033,6
7,3713,6,30
6033,7,30,18
6,6033,18,182
30,6,182,67
18,30,67,3781
182,18,3781,67
67,182,67,352
3781,67,352,236
67,3781,236,30
352,67,30,2166
236,352,2166,13423
30,236,13423,693
2166,30,693,310
13423,2166,310,1000
693,13423,1000,3
310,693,3,20
1000,310,20,181
269,441,1971,91
3287,269,91,22
1971,3287,22,520
91,1971,520,125
22,91,125,641
520,22,641,3
125,520,3,1754
641,125,1754,76
3,641,76,5
1754,3,5,22
76,1754,22,1604
5,76,1604,6323
22,5,6323,171
1604,22,171,22
6323,1604,22,99
171,6323,99,205
22,171,205,12
99,22,12,262
205,99,262,544
12,205,544,20
262,12,20,66
544,262,66,1543
20,544,1543,2011
66,20,2011,500
1543,66,500,105781
2011,1543,105781,91
500,2011,91,5
105781,500,5,520
91,105781,520,641
5,91,641,14
520,5,14,99
641,520,99,425
14,641,425,19
99,14,19,39
425,99,39,249
19,425,249,60
39,19,60,54
249,39,54,28
60,249,28,8
54,60,8,11
28,54,11,13
8,28,13,47
11,8,47,3871
13,11,3871,37
47,13,37,22
3871,47,22,125
37,3871,125,3895
22,37,3895,19
125,22,19,119
3895,125,119,111
19,3895,111,582
119,19,582,5
111,119,5,808
582,111,808,9204
5,582,9204,10319
808,5,10319,20
9204,808,20,268
10319,9204,268,132
20,10319,132,258
268,20,258,205
132,268,205,75
258,132,75,1971
205,258,1971,365
75,205,365,266
1971,75,266,2
365,1971,2,441
266,365,441,60069
2,266,60069,1007
441,2,1007,2088
60069,441,2088,4028
1007,60069,4028,307
2088,1007,307,2
4028,2088,2,304
307,4028,304,254
2,307,254,8
304,2,8,1971
254,304,1971,178
8,254,178,22
1971,8,22,91
178,1971,91,5
22,178,5,520
91,22,520,125
5,91,125,9
520,5,9,7127
125,520,7127,402
9,125,402,14
7127,9,14,2
402,7127,2,1437
14,402,1437,4028
2,14,4028,877
1437,2,877,3
4028,1437,3,44
877,4028,44,229
3,877,229,10
44,3,10,14
229,44,14,2
10,229,2,1713
14,10,1713,5
2,14,5,1543
1713,2,1543,125
5,1713,125,648
1543,5,648,4028
125,1543,4028,68
648,125,68,28
4028,648,28,1971
68,4028,1971,1593
28,68,1593,1031
1971,28,1031,29
1593,1971,29,4028
1031,1593,4028,7
29,1031,7,21
4028,29,21,44
7,4028,44,105932
21,7,105932,68
44,21,68,1235
105932,44,1235,317
68,105932,317,14
1235,68,14,2
317,1235,2,1437
14,317,1437,6
2,14,6,4
1437,2,4,407
6,1437,407,15
4,6,15,2130
407,4,2130,20
15,407,20,736
2130,15,736,12
20,2130,12,429
736,20,429,11
12,736,11,28
429,12,28,11
11,429,11,4836
28,11,4836,91
11,28,91,22
4836,11,22,6433
91,4836,6433,3
22,91,3,117
6433,22,117,519
3,6433,519,3
117,3,3,2247
519,117,2247,808
3,519,808,29
2247,3,29,1751
808,2247,1751,64
29,808,64,1068
1751,29,1068,294
64,1751,294,14
1068,64,14,74010
294,1068,74010,60
14,294,60,425
74010,14,425,8
60,74010,8,1971
425,60,1971,14
8,425,14,4814
1971,8,4814,2
14,1971,2,92
4814,14,92,125
2,4814,125,641
92,2,641,59
125,92,59,11
641,125,11,1718
59,641,1718,22
11,59,22,266
1718,11,266,6
22,1718,6,1360
266,22,1360,29
6,266,29,218
1360,6,218,3
29,1360,3,1754
218,29,1754,88
3,218,88,5
1754,3,5,22
88,1754,22,402
5,88,402,12
22,5,12,22
402,22,22,432
12,402,432,641
22,12,641,465
432,22,465,1172
641,432,1172,519
465,641,519,880
1172,465,880,22
519,1172,22,6433
880,519,6433,36
22,880,36,12608
6433,22,12608,184
36,6433,184,3
12608,36,3,986
184,12608,986,2
3,184,2,159
986,3,159,619
2,986,619,3
159,2,3,1971
619,159,1971,28
3,619,28,8
1971,3,8,22
28,1971,22,3078
8,28,3078,91
22,8,91,22
3078,22,22,520
91,3078,520,641
22,91,641,25
520,22,25,465
641,520,465,171
25,641,171,8
465,25,8,1088
171,465,1088,8
8,171,8,2001
1088,8,2001,3976
8,1088,3976,11
2001,8,11,40
3976,2001,40,17
11,3976,17,68386
40,11,68386,188
17,40,188,170
68386,17,170,13
188,68386,13,47
170,188,47,3
13,170,3,1760
47,13,1760,48
3,47,48,909
1760,3,909,24
48,1760,24,3842
909,48,3842,92
24,909,92,402
3842,24,402,12
92,3842,12,520
402,92,520,125
12,402,125,128
520,12,128,66
125,520,66,2
128,125,2,141
66,128,141,1355
2,66,1355,19
141,2,19,63
1355,141,63,71
19,1355,71,6585
63,19,6585,227
71,63,227,158
6585,71,158,24
227,6585,24,2730
158,227,2730,36
24,158,36,1172
2730,24,1172,125
36,2730,125,24
1172,36,24,520
125,1172,520,641
24,125,641,1520
520,24,1520,519
641,520,519,50
1520,641,50,536
519,1520,536,4198
50,519,4198,36
536,50,36,6500
4198,536,6500,79
36,4198,79,92
6500,36,92,641
79,6500,641,474
92,79,474,44
641,92,44,10
474,641,10,14
44,474,14,21
10,44,21,1019
14,10,1019,314
21,14,314,229
1019,21,229,1971
314,1019,1971,1219
229,314,1219,8
1971,229,8,74364
1219,1971,74364,60
8,1219,60,181
74364,8,181,154
60,74364,154,6
181,60,6,3495
154,181,3495,5
6,154,5,4
3495,6,4,221
5,3495,221,291
4,5,291,79
221,4,79,229
291,221,229,78
79,291,78,32
229,79,32,10032
78,229,10032,1068
32,78,1068,294
10032,32,294,19
1068,10032,19,501
294,1068,501,2
19,294,2,432
501,19,432,641
2,501,641,9
432,2,9,48
641,432,48,49
9,641,49,125
48,9,125,122
49,48,122,269
125,49,269,5
122,125,5,35
269,122,35,184
5,269,184,3
35,5,3,60
184,35,60,1971
3,184,1971,218
60,3,218,3
1971,60,3,91
218,1971,91,22
3,218,22,520
91,3,520,125
22,91,125,23
520,22,23,275
125,520,275,103
23,125,103,205
275,23,205,75
103,275,75,32
205,103,32,1031
75,205,1031,50
32,75,50,1254
1031,32,1254,6
50,1031,6,25330
1254,50,25330,60
6,1254,60,28
25330,6,28,125
60,25330,125,10
28,60,10,495
125,28,495,203
10,125,203,574
495,10,574,5
203,495,5,294
574,203,294,309
5,574,309,50
294,5,50,917
309,294,917,175
50,309,175,1971
917,50,1971,4
175,917,4,1728
1971,175,1728,16976
4,1971,16976,31
1728,4,31,14
16976,1728,14,22
31,16976,22,582
14,31,582,5
22,14,5,808
582,22,808,23
5,582,23,60
808,5,60,4
23,808,4,7
60,23,7,84
4,60,84,2080
7,4,2080,269
84,7,269,5
2080,84,5,27212
269,2080,27212,125
5,269,125,50
27212,5,50,12
125,27212,12,2
50,125,2,2784
12,50,2784,5
2,12,5,7127
2784,2,7127,1597
5,2784,1597,60
7127,5,60,28
1597,7127,28,211
60,1597,211,1800
28,60,1800,518
211,28,518,4
1800,211,4,39
518,1800,39,152
4,518,152,1510
39,4,1510,6
152,39,6,42
1510,152,42,156
6,1510,156,125
42,6,125,1971
156,42,1971,1731
125,156,1731,62
1971,125,62,11
1731,1971,11,13
62,1731,13,6521
11,62,6521,236
13,11,236,2
6521,13,2,383
236,6521,383,708
2,236,708,6
383,2,6,2
708,383,2,2659
6,708,2659,3153
2,6,3153,60
2659,2,60,425
3153,2659,425,156
60,3153,156,3153
425,60,3153,16
156,425,16,2459
3153,156,2459,91
16,3153,91,3
2459,16,3,1546
91,2459,1546,1068
3,91,1068,85331
1546,3,85331,28
1068,1546,28,1971
85331,1068,1971,115
28,85331,115,21
1971,28,21,91
115,1971,91,22
21,115,22,520
91,21,520,125
22,91,125,36
520,22,36,158
125,520,158,125
36,125,125,9
158,36,9,1068
125,158,1068,1201
9,125,1201,269
1068,9,269,13
1201,1068,13,2
269,1201,2,1354
13,269,1354,1215
2,13,1215,504
1354,2,504,8
1215,1354,8,1917
504,1215,1917,22
8,504,22,1068
1917,8,1068,294
22,1917,294,4
1068,22,4,420
294,1068,420,10
4,294,10,3
420,4,3,89
10,420,89,2
3,10,2,83325
89,3,83325,123
2,89,123,22
83325,2,22,5041
123,83325,5041,15
22,123,15,2238
5041,22,2238,3
15,5041,3,1068
2238,15,1068,1201
3,2238,1201,131
1068,3,131,1638
1201,1068,1638,4028
131,1201,4028,1757
1638,131,1757,693
4028,1638,693,310
1757,4028,310,1000
693,1757,1000,3
310,693,3,20
1000,310,20,11418
3,1000,11418,9
20,3,9,41
11418,20,41,24
9,11418,24,39
41,9,39,249
24,41,249,60
10,286,2,52
477,10,52,3441
2,477,3441,5
52,2,5,2682
3441,52,2682,4959
5,3441,4959,6604
2682,5,6604,18
4959,2682,18,47
6604,4959,47,3874
18,6604,3874,5956
47,18,5956,100
3874,47,100,863
5956,3874,863,881
100,5956,881,53
863,100,53,7
881,863,7,201
53,881,201,337
7,53,337,3
201,7,3,178
337,201,178,8
3,337,8,10
178,3,10,2899
8,178,2899,953
10,8,953,3
2899,10,3,5464
953,2899,5464,4
3,953,4,2769
5464,3,2769,6
4,5464,6,322
2769,4,322,5
6,2769,5,3669
322,6,3669,28288
5,322,28288,2346
3669,5,2346,13
28288,3669,13,1123
2346,28288,1123,2
13,2346,2,1414
1123,13,1414,173
2,1123,173,100
1414,2,100,6
173,1414,6,575
100,173,575,7955
6,100,7955,15375
575,6,15375,14322
7955,575,14322,5
15375,7955,5,3918
14322,15375,3918,86847
5,14322,86847,179
3918,5,179,5
86847,3918,5,2964
179,86847,2964,6765
5,179,6765,892
2964,5,892,21385
6765,2964,21385,7955
892,6765,7955,20563
21385,892,20563,363
7955,21385,363,2523
20563,7955,2523,8
363,20563,8,40
2523,363,40,394
8,2523,394,729
40,8,729,6102
394,40,6102,9
729,394,9,22
6102,729,22,12932
9,6102,12932,5569
22,9,5569,21
12932,22,21,86
5569,12932,86,7
21,5569,7,325
86,21,325,5
7,86,5,2682
325,7,2682,405
5,325,405,43
2682,5,43,29
405,2682,29,1375
43,405,1375,5
29,43,5,10
1375,29,10,132
5,1375,132,659
10,5,659,72
132,10,72,45565
659,132,45565,22
72,659,22,563
45565,72,563,18535
22,45565,18535,1408
563,22,1408,21385
18535,563,21385,8792
1408,18535,8792,2
21385,1408,2,7955
8792,21385,7955,243
2,8792,243,10
7955,2,10,2
243,7955,2,39
10,243,39,359
2,10,359,5
39,2,5,943
359,39,943,27720
5,359,27720,770
943,5,770,54
27720,943,54,34
770,27720,34,17
54,770,17,1343
34,54,1343,3918
17,34,3918,1183
1343,17,1183,6
3918,1343,6,98
1183,3918,98,2222
6,1183,2222,448
98,6,448,5
2222,98,5,357
448,2222,357,135
5,448,135,4677
357,5,4677,5
135,357,5,20
4677,135,20,39
5,4677,39,770
20,5,770,34
39,20,34,17
770,39,17,45
34,770,45,31
17,34,31,1646
45,17,1646,302
31,45,302,242
1646,31,242,5
302,1646,5,92660
242,302,92660,280
5,242,280,194
92660,5,194,7955
280,92660,7955,2
194,280,2,7
7955,194,7,21
2,7955,21,229
7,2,229,45
21,7,45,31
229,21,31,2934
45,229,2934,38
31,45,38,1486
2934,31,1486,12
38,2934,12,43
1486,38,43,171
12,1486,171,235
43,12,235,7438
171,43,7438,66
235,171,66,16
7438,235,16,3
66,7438,3,17
16,66,17,228
3,16,228,1286
17,3,1286,5157
228,17,5157,36
1286,228,36,629
5157,1286,629,194
36,5157,194,7
629,36,7,229
194,629,229,2682
7,194,2682,84
229,7,84,1633
2682,229,1633,6201
84,2682,6201,7
1633,84,7,3
6201,1633,3,276
7,6201,276,107
3,7,107,3
276,3,3,3090
107,276,3090,36
3,107,36,3
3090,3,3,560
36,3090,560,61581
3,36,61581,7955
560,3,7955,14
61581,560,14,5147
7955,61581,5147,5
14,7955,5,21385
5147,14,21385,4992
5,5147,4992,4
21385,5,4,5
4992,21385,5,22
4,4992,22,41
5,4,41,1169
22,5,1169,3124
41,22,3124,11
1169,41,11,596
3124,1169,596,8
11,3124,8,919
596,11,919,175
8,596,175,2682
919,8,2682,4
175,919,4,923
2682,175,923,13
4,2682,13,445
923,4,445,47
13,923,47,4
445,13,4,445
47,445,445,34
4,47,34,17
445,4,17,2
34,445,2,10062
17,34,10062,40101
2,17,40101,859
10062,2,859,7438
40101,10062,7438,66
859,40101,66,268
7438,859,268,7955
66,7438,7955,383
268,66,383,257
7955,268,257,4518
383,7955,4518,13
257,383,13,462
4518,257,462,828
13,4518,828,47
462,13,47,455
828,462,455,85903
47,828,85903,3
455,47,3,5352
85903,455,5352,5
3,85903,5,105
5352,3,105,4
5,5352,4,288
105,5,288,191
4,105,191,6
288,4,6,435
191,288,435,5
6,191,5,281
435,6,281,4
5,435,4,4768
281,5,4768,3761
4,281,3761,5
4768,4,5,17488
3761,4768,17488,102
5,3761,102,27720
17488,5,27720,35
102,17488,35,7955
27720,102,7955,14
35,27720,14,239
7955,35,239,24
14,7955,24,3301
239,14,3301,37
24,239,37,475
3301,24,475,46
37,3301,46,29
475,37,29,11
46,475,11,14
29,46,14,859
11,29,859,856
14,11,856,8
859,14,8,288
856,859,288,1190
8,856,1190,2587
288,8,2587,40
1190,288,40,1409
2587,1190,1409,276
40,2587,276,105271
1409,40,105271,343
276,1409,343,4
105271,276,4,1201
343,105271,1201,2057
4,343,2057,5
1201,4,5,136
2057,1201,136,5
5,2057,5,108
136,5,108,684
5,136,684,18
108,5,18,3148
684,108,3148,718
18,684,718,5309
3148,18,5309,5
718,3148,5,183
5309,718,183,194
5,5309,194,7955
183,5,7955,14
194,183,14,1612
7955,194,1612,80
14,7955,80,568
1612,14,568,404
80,1612,404,4
568,80,4,286
404,568,286,10
4,404,10,477
286,4,477,2
10,286,2,52
477,10,52,3441
2,477,3441,5
52,2,5,2682
3441,52,2682,4959
5,3441,4959,6604
2682,5,6604,18
4959,2682,18,47
6604,4959,47,3874
18,6604,3874,5956
47,18,5956,53
3874,47,53,7
5956,3874,7,201
53,5956,201,337
7,53,337,3
201,7,3,178
337,201,178,8
3,337,8,10
178,3,10,2899
8,178,2899,953
10,8,953,3
2899,10,3,5464
953,2899,5464,4
3,953,4,2769
5464,3,2769,6
4,5464,6,322
2769,4,322,5
6,2769,5,3669
322,6,3669,28288
5,322,28288,2346
3669,5,2346,13
28288,3669,13,1123
2346,28288,1123,2
13,2346,2,1414
1123,13,1414,90439
2,1123,90439,7598
1414,2,7598,74
90439,1414,74,8147
7598,90439,8147,935
74,7598,935,4
8147,74,4,10416
935,8147,10416,3830
4,935,3830,855
10416,4,855,37
3830,10416,37,19
855,3830,19,4350
37,855,4350,5255
19,37,5255,13
4350,19,13,6
5255,4350,6,154
13,5255,154,3
6,13,3,2
154,6,2,573
3,154,573,6
2,3,6,2781
573,2,2781,3797
6,573,3797,138
2781,6,138,27
3797,2781,27,2319
138,3797,2319,4
27,138,4,691
2319,27,691,5
4,2319,5,5068
691,4,5068,675
5,691,675,6
5068,5,6,730
675,5068,730,18
6,675,18,90
730,6,90,2800
18,730,2800,1274
90,18,1274,2412
2800,90,2412,49191
1274,2800,49191,680
2412,1274,680,175
49191,2412,175,521
680,49191,521,923
175,680,923,4
521,175,4,450
923,521,450,2682
4,923,2682,4
450,4,4,3343
2682,450,3343,42
4,2682,42,331
3343,4,331,1656
42,3343,1656,3432
331,42,3432,2
1656,331,2,4744
3432,1656,4744,2922
2,3432,2922,6
4744,2,6,42
2922,4744,42,5
6,2922,5,108
42,6,108,719
5,42,719,402
108,5,402,986
719,108,986,554
402,719,554,60
986,402,60,20
554,986,20,14
60,554,14,64
20,60,64,5989
14,20,5989,11769
64,14,11769,3432
5989,64,3432,7
11769,5989,7,5117
3432,11769,5117,1229
7,3432,1229,8
5117,7,8,1653
1229,5117,1653,5
8,1229,5,5255
1653,8,5255,18
5,1653,18,2323
5255,5,2323,11581
18,5255,11581,8
2323,18,8,26
11581,2323,26,18
8,11581,18,533
26,8,533,9
18,26,9,1916
533,18,1916,2
9,533,2,903
1916,9,903,8
2,1916,8,14
903,2,14,86
8,903,86,26301
14,8,26301,12989
86,14,12989,3
26301,86,3,870
12989,26301,870,15
3,12989,15,11
870,3,11,68
15,870,68,1686
11,15,1686,6966
68,11,6966,8
1686,68,8,26
6966,1686,26,18
8,6966,18,7789
26,8,7789,594
18,26,594,5
7789,18,5,78672
594,7789,78672,1533
5,594,1533,8
78672,5,8,52
1533,78672,52,3799
8,1533,3799,5
52,8,5,67
3799,52,67,135
5,3799,135,105
67,5,105,213
135,67,213,7
105,135,7,3
213,105,3,17
7,213,17,3371
3,7,3371,288
17,3,288,188
3371,17,188,327
288,3371,327,17
188,288,17,86904
327,188,86904,455
17,327,455,2813
86904,17,2813,385
455,86904,385,5
2813,455,5,90
385,2813,90,21
5,385,21,281
90,5,281,6
21,90,6,99
281,21,99,236
6,281,236,40
99,6,40,17
236,99,17,5677
40,236,5677,3
17,40,3,894
5677,17,894,629
3,5677,629,16
894,3,16,44579
629,894,44579,48
16,629,48,232
44579,16,232,5
48,44579,5,16833
232,48,16833,336
5,232,336,3432
16833,5,3432,3097
336,16833,3097,3
3432,336,3,1262
3097,3432,1262,15
3,3097,15,104
1262,3,104,9396
15,1262,9396,3112
104,15,3112,301
9396,104,301,962
3112,9396,962,90
301,3112,90,1459
962,301,1459,18
90,962,18,1157
1459,90,1157,38
18,1459,38,4206
1157,18,4206,21
38,1157,21,9
4206,38,9,2245
21,4206,2245,1182
9,21,1182,36
2245,9,36,648
1182,2245,648,29
36,1182,29,9
648,36,9,166
29,648,166,12785
9,29,12785,4368
166,9,4368,29702
12785,166,29702,8030
4368,12785,8030,5
29702,4368,5,146
8030,29702,146,2
5,8030,2,2
146,5,2,9903
2,146,9903,49
2,2,49,8
9903,2,8,52
49,9903,52,274
8,49,274,3
52,8,3,10
274,52,10,83
3,274,83,1771
10,3,1771,7
83,10,7,507
1771,83,507,3
7,1771,3,9567
507,7,9567,6
3,507,6,2
9567,3,2,991
6,9567,991,5
2,6,5,54538
991,2,54538,60
5,991,60,873
54538,5,873,238
60,54538,238,188
873,60,188,892
238,873,892,23138
188,238,23138,12968
892,188,12968,2630
23138,892,2630,5
12968,23138,5,2600
