803,21,434,5
288,803,5,20
434,288,20,12131
5,434,12131,29
20,5,29,383
12131,20,383,8
29,12131,8,10
383,29,10,14
8,383,14,20
10,8,20,11410
14,10,11410,8
20,14,8,918
11410,20,918,2188
8,11410,2188,13144
918,8,13144,3
2188,918,3,131
13144,2188,131,946
3,13144,946,346
131,3,346,2583
946,131,2583,4
346,946,4,2524
2583,346,2524,1500
4,2583,1500,38
2524,4,38,217
1500,2524,217,687
38,1500,687,8601
217,38,8601,5
687,217,5,102119
8601,687,102119,146
5,8601,146,5
102119,5,5,45
146,102119,45,3
5,146,3,1163
45,5,1163,918
3,45,918,9
1163,3,9,4743
918,1163,4743,5
9,918,5,4
4743,9,4,71974
5,4743,71974,131
4,5,131,1529
71974,4,1529,5663
131,71974,5663,3
1529,131,3,26489
5663,1529,26489,20
3,5663,20,14
26489,3,14,1138
20,26489,1138,2
14,20,2,1237
1138,14,1237,687
2,1138,687,5
1237,2,5,45
687,1237,45,86
5,687,86,644
45,5,644,24339
86,45,24339,31
644,86,31,796
24339,644,796,6
31,24339,6,18893
796,31,18893,27824
6,796,27824,76
18893,6,76,359
27824,18893,359,5
76,27824,5,57
359,76,57,2482
5,359,2482,151
57,5,151,5
2482,57,5,45
151,2482,45,3212
5,151,3212,26
45,5,26,1047
3212,45,1047,2
26,3212,2,359
1047,26,359,5
2,1047,5,11937
359,2,11937,455
5,359,455,20
11937,5,20,151
455,11937,151,1200
20,455,1200,716
151,20,716,38
1200,151,38,1046
716,1200,1046,14990
38,716,14990,5
1046,38,5,43
14990,1046,43,1582
5,14990,1582,57
43,5,57,2005
1582,43,2005,4
57,1582,4,1320
2005,57,1320,939
4,2005,939,2470
1320,4,2470,284
939,1320,284,5
2470,939,5,54
284,2470,54,14
5,284,14,6328
54,5,6328,5
14,54,5,354
6328,14,354,1078
5,6328,1078,7
354,5,7,21
1078,354,21,204
7,1078,204,99
21,7,99,3
204,21,3,107865
99,204,107865,20
3,99,20,6
107865,3,6,2
20,107865,2,5823
6,20,5823,1804
2,6,1804,179
5823,2,179,14
1804,5823,14,9078
179,1804,9078,68122
14,179,68122,31
9078,14,31,126
68122,9078,126,739
31,68122,739,3
126,31,3,863
739,126,863,22
3,739,22,352
863,3,352,5
22,863,5,102111
352,22,102111,64
5,352,64,42
102111,5,42,121
64,102111,121,17
42,64,17,7017
121,42,7017,19
17,121,19,1851
7017,17,1851,5
19,7017,5,20
1851,19,20,563
5,1851,563,10
20,5,10,1046
563,20,1046,29654
10,563,29654,14
1046,10,14,8
29654,1046,8,1078
14,29654,1078,7
8,14,7,21
1078,8,21,204
7,1078,204,4
21,7,4,8
204,21,8,103
4,204,103,18
8,4,18,445
103,8,445,47
18,103,47,14098
445,18,14098,367
47,445,367,170
14098,47,170,60
367,14098,60,5
170,367,5,22819
60,170,22819,15402
5,60,15402,312
22819,5,312,192
15402,22819,192,171
312,15402,171,373
192,312,373,727
171,192,727,5
373,171,5,1242
727,373,1242,146
5,727,146,5
1242,5,5,8300
146,1242,8300,6365
5,146,6365,79
8300,5,79,1163
6365,8300,1163,38
79,6365,38,397
1163,79,397,30
38,1163,30,3
397,38,3,391
30,397,391,4
3,30,4,645
391,3,645,716
4,391,716,639
645,4,639,4
716,645,4,658
639,716,658,4907
4,639,4907,4
658,4,4,90
4907,658,90,80
4,4907,80,1881
90,4,1881,875
80,90,875,61
1881,80,61,338
875,1881,338,6195
61,875,6195,5
338,61,5,1624
6195,338,1624,29
5,6195,29,1424
1624,5,1424,408
29,1624,408,5
1424,29,5,81
408,1424,81,6
5,408,6,38
81,5,38,99
6,81,99,4
38,6,4,23
99,38,23,275
4,99,275,373
23,4,373,1207
275,23,1207,716
373,275,716,18893
1207,373,18893,39
716,1207,39,4
18893,716,4,39
39,18893,39,146
4,39,146,5
39,4,5,8300
146,39,8300,324
5,146,324,3
8300,5,3,1603
324,8300,1603,81
3,324,81,7072
1603,3,7072,259
81,1603,259,5
7072,81,5,1624
259,7072,1624,773
5,259,773,1695
1624,5,1695,375
773,1624,375,1624
1695,773,1624,682
375,1695,682,4083
1624,375,4083,3
682,1624,3,830
4083,682,830,1748
3,4083,1748,90
830,3,90,5
1748,830,5,35
90,1748,35,1182
5,90,1182,211
35,5,211,5828
1182,35,5828,42
211,1182,42,3577
5828,211,3577,1651
42,5828,1651,1670
3577,42,1670,14
1651,3577,14,946
1670,1651,946,2447
14,1670,2447,15
946,14,15,3905
2447,946,3905,1222
15,2447,1222,1864
3905,15,1864,4
1222,3905,4,270
1864,1222,270,2188
4,1864,2188,8300
270,4,8300,206
2188,270,206,26
8300,2188,26,244
206,8300,244,25
26,206,25,2720
244,26,2720,4
25,244,4,31
2720,25,31,7
4,2720,7,3
31,4,3,948
7,31,948,12051
3,7,12051,66
948,3,66,394
12051,948,394,267
66,12051,267,5
394,66,5,39
267,394,39,1741
5,267,1741,946
39,5,946,277
1741,39,277,661
946,1741,661,3
277,946,3,48
661,277,48,593
3,661,593,139
48,3,139,5
593,48,5,770
139,593,770,4
5,139,4,855
770,5,855,133
4,770,133,3
855,4,3,4843
133,855,4843,5652
3,133,5652,5
4843,3,5,3643
5652,4843,3643,658
5,5652,658,10405
3643,5,10405,4
658,3643,4,41
10405,658,41,5
4,10405,5,183
41,4,183,4843
5,41,4843,6
183,5,6,652
4843,183,652,7
6,4843,7,21
652,6,21,609
7,652,609,255
21,7,255,3
609,21,3,4717
255,609,4717,12
3,255,12,9
4717,3,9,568
12,4717,568,4
9,12,4,14
568,9,14,946
4,568,946,2207
14,4,2207,174
946,14,174,80
2207,946,80,470
174,2207,470,79
80,174,79,641
470,80,641,341
79,470,341,5187
641,79,5187,19178
341,641,19178,5
5187,341,5,428
19178,5187,428,5
5,19178,5,26489
428,5,26489,571
5,428,571,2119
26489,5,2119,3
571,26489,3,20
2119,571,20,428
3,2119,428,6
20,3,6,1163
428,20,1163,14
6,428,14,3469
1163,6,3469,2328
14,1163,2328,4579
3469,14,4579,96568
2328,3469,96568,4
4579,2328,4,1496
96568,4579,1496,428
4,96568,428,5
1496,4,5,25004
428,1496,25004,1000
5,428,1000,3
25004,5,3,3283
1000,25004,3283,578
3,1000,578,5
3283,3,5,1147
578,3283,1147,163
5,578,163,4
1147,5,4,10
163,1147,10,13833
4,163,13833,12848
10,4,12848,54
13833,10,54,14
12848,13833,14,451
54,12848,451,86
14,54,86,12
451,14,12,1631
86,451,1631,5
12,86,5,263
1631,12,263,1200
5,1631,1200,3826
263,5,3826,6
1200,263,6,100
3826,1200,100,255
6,3826,255,5
100,6,5,95361
255,100,95361,2188
5,255,2188,545
95361,5,545,6
2188,95361,6,2049
545,2188,2049,4283
6,545,4283,165
2049,6,165,3974
4283,2049,3974,20
165,4283,20,14
3974,165,14,3990
20,3974,3990,25
14,20,25,6
3990,14,6,2188
25,3990,2188,1200
6,25,1200,14
2188,6,14,945
1200,2188,945,243
14,1200,243,12
945,14,12,142
243,945,142,16771
12,243,16771,6
142,12,6,391
16771,142,391,5
6,16771,5,2188
391,6,2188,2049
5,391,2049,2035
2188,5,2035,1790
2049,2188,1790,23
2035,2049,23,60
1790,2035,60,10
23,1790,10,14
60,23,14,1919
10,60,1919,6
14,10,6,2188
1919,14,2188,312
6,1919,312,907
2188,6,907,6
312,2188,6,54
907,312,54,804
6,907,804,13
54,6,13,274
804,54,274,9
13,804,9,312
274,13,312,24
9,274,24,9667
312,9,9667,3
24,312,3,628
9667,24,628,6
3,9667,6,2188
628,3,2188,36
6,628,36,43215
2188,6,43215,6
36,2188,6,1268
43215,36,1268,1078
6,43215,1078,29
1268,6,29,23
1078,1268,23,179
29,1078,179,4
23,29,4,6
179,23,6,391
4,179,391,397
6,4,397,2166
391,6,2166,61
397,391,61,4
2166,397,4,4337
61,2166,4337,6
4,61,6,263
4337,4,263,1722
6,4337,1722,397
263,6,397,5
1722,263,5,804
397,1722,804,31
5,397,31,317
804,5,317,3
31,804,3,312
317,31,312,4579
3,317,4579,317
312,3,317,12
4579,312,12,3
317,4579,3,7012
12,317,7012,6
3,12,6,263
7012,3,263,4
6,7012,4,10
263,6,10,723
4,263,723,56
10,4,56,8
723,10,8,7072
56,723,7072,259
8,56,259,5
7072,8,5,5187
259,7072,5187,773
5,259,773,912
5187,5,912,73
773,5187,73,263
912,773,263,1624
73,912,1624,7
263,73,7,66
1624,263,66,126
7,1624,126,59
66,7,59,38818
126,66,38818,10424
59,126,10424,50
38818,59,50,946
10424,38818,946,146
50,10424,146,79
946,50,79,263
146,946,263,6
79,146,6,1163
263,79,1163,29
6,263,29,352
1163,6,352,30
29,1163,30,83
352,29,83,190
30,352,190,96365
83,30,96365,740
190,83,740,1462
96365,190,1462,5
740,96365,5,5187
1462,740,5187,73
5,1462,73,1462
5187,5,1462,5
73,5187,5,263
1462,73,263,1624
5,1462,1624,1266
263,5,1266,2
1624,263,2,373
1266,1624,373,600
2,1266,600,3
373,2,3,9616
600,373,9616,5
3,600,5,354
9616,3,354,5
5,9616,5,1078
354,5,1078,7
5,354,7,21
1078,5,21,204
7,1078,204,26
21,7,26,241
204,21,241,4
26,204,4,3222
241,26,3222,943
4,241,943,88707
3222,4,88707,240
943,3222,240,4
88707,943,4,2
240,88707,2,850
4,240,850,2
2,4,2,4129
850,2,4129,7291
2,850,7291,1915
4129,2,1915,99
7291,4129,99,1564
1915,7291,1564,5
99,1915,5,1659
1564,99,1659,324
5,1564,324,3
1659,5,3,1078
324,1659,1078,24
3,324,24,652
1078,3,652,53
24,1078,53,7
652,24,7,64
53,652,64,173
7,53,173,6
64,7,6,8355
173,64,8355,6
6,173,6,829
8355,6,829,12
6,8355,12,42123
829,6,42123,5
12,829,5,179
42123,12,179,5
5,42123,5,20
179,5,20,4
5,179,4,48
20,5,48,57
4,20,57,6862
48,4,6862,151
57,48,151,29
6862,57,29,38
151,6862,38,2220
29,151,2220,19
38,29,19,50
2220,38,50,4435
19,2220,4435,22800
50,19,22800,391
4435,50,391,4
22800,4435,4,875
391,22800,875,842
4,391,842,6
875,4,6,1078
842,875,1078,716
6,842,716,462
1078,6,462,1623
716,1078,1623,621
462,716,621,6
1623,462,6,2188
621,1623,2188,1200
6,621,1200,263
2188,6,263,938
1200,2188,938,4
263,1200,4,1200
938,263,1200,50
4,938,50,2106
1200,4,2106,198
50,1200,198,5
2106,50,5,1014
198,2106,1014,4
5,198,4,1202
1014,5,1202,263
4,1014,263,876
1202,4,876,1785
263,1202,1785,14
876,263,14,21
1785,876,21,86
14,1785,86,4502
21,14,4502,29
86,21,29,465
4502,86,465,7503
29,4502,7503,10
465,29,10,40
7503,465,40,313
10,7503,313,73
40,10,73,20
313,40,20,14
73,313,14,128
20,73,128,5775
14,20,5775,6
128,14,6,8972
5775,128,8972,29
6,5775,29,20
8972,6,20,60
29,8972,60,2188
20,29,2188,4551
60,20,4551,13144
2188,60,13144,608
4551,2188,608,3
13144,4551,3,48
608,13144,48,41
3,608,41,1680
48,3,1680,1042
41,48,1042,8
1680,41,8,874
1042,1680,874,431
8,1042,431,9
874,8,9,10371
431,874,10371,5
9,431,5,2188
10371,9,2188,3280
5,10371,3280,87
2188,5,87,48
3280,2188,48,14
87,3280,14,182
48,87,182,25
14,48,25,51
182,14,51,224
25,182,224,51
51,25,51,25
224,51,25,104
51,224,104,1145
25,51,1145,9
104,25,9,2188
1145,104,2188,1200
9,1145,1200,899
2188,9,899,270
1200,2188,270,1242
899,1200,1242,102
270,899,102,26489
1242,270,26489,173
102,1242,173,7
26489,102,7,8
173,26489,8,51
7,173,51,13
8,7,13,1214
51,8,1214,721
13,51,721,6
1214,13,6,352
721,1214,352,5
6,721,5,1078
352,6,1078,721
5,352,721,285
1078,5,285,15
721,1078,15,332
285,721,332,2375
15,285,2375,66
332,15,66,10
2375,332,10,1746
66,2375,1746,608
10,66,608,3
1746,10,3,488
608,1746,488,179
3,608,179,5
488,3,5,1624
179,488,1624,7072
5,179,7072,259
1624,5,259,29
7072,1624,29,120
259,7072,120,7
29,259,7,20
120,29,20,154
7,120,154,24
20,7,24,261
154,20,261,4
24,154,4,2101
261,24,2101,1624
4,261,1624,207
2101,4,207,977
1624,2101,977,6
207,1624,6,1078
977,207,1078,495
6,977,495,38
1078,6,38,99
495,1078,99,3299
38,495,3299,951
99,38,951,6
3299,99,6,5161
951,3299,5161,391
6,951,391,4
5161,6,4,140
391,5161,140,38
4,391,38,8658
140,4,8658,270
38,140,270,10
8658,38,10,7
270,8658,7,1041
10,270,1041,3
7,10,3,1327
1041,7,1327,2
3,1041,2,545
1327,3,545,6
2,1327,6,391
545,2,391,261
6,545,261,6291
391,6,6291,36
261,391,36,22554
6291,261,22554,29
36,6291,29,26
22554,36,26,208
29,22554,208,1966
26,29,1966,38
208,26,38,8658
1966,208,8658,3299
38,1966,3299,951
8658,38,951,14
3299,8658,14,2
951,3299,2,2575
14,951,2575,3
2,14,3,2
2575,2,2,1457
3,2575,1457,108
2,3,108,108
1457,2,108,5
108,1457,5,338
108,108,338,15294
5,108,15294,4
338,5,4,10
15294,338,10,72
4,15294,72,25
10,4,25,721
72,10,721,8
25,72,8,53
721,25,53,50
8,721,50,64
53,8,64,973
50,53,973,102118
64,50,102118,338
973,64,338,703
102118,973,703,29
338,102118,29,53
703,338,53,50
29,703,50,41924
53,29,41924,42
50,53,42,72
41924,50,72,73
42,41924,73,53
72,42,53,50
73,72,50,12042
53,73,12042,42
50,53,42,17779
12042,50,17779,9358
42,12042,9358,175
17779,42,175,45
9358,17779,45,5
175,9358,5,1078
45,175,1078,4
5,45,4,204
1078,5,204,1596
4,1078,1596,10
204,4,10,564
1596,204,564,164
10,1596,164,2
564,10,2,977
164,564,977,6
2,164,6,5161
977,2,5161,391
6,977,391,115
5161,6,115,116
391,5161,116,238
115,391,238,1200
116,115,1200,29
238,116,29,263
1200,238,263,7
29,1200,7,13747
263,29,13747,4
7,263,4,462
13747,7,462,1553
4,13747,1553,9
462,4,9,89
1553,462,89,231
9,1553,231,5
89,9,5,2188
231,89,2188,397
5,231,397,16
2188,5,16,12
397,2188,12,31947
16,397,31947,54
12,16,54,7
31947,12,7,19
54,31947,19,4
7,54,4,529
19,7,529,6
4,19,6,263
529,4,263,1271
6,529,1271,10
263,6,10,484
1271,263,484,56
10,1271,56,8
484,10,8,6
56,484,6,90
8,56,90,8693
6,8,8693,2188
90,6,2188,1163
8693,90,1163,54
2188,8693,54,12647
1163,2188,12647,121
54,1163,121,18
12647,54,18,241
121,12647,241,170
18,121,170,47
241,18,47,945
170,241,945,102117
47,170,102117,397
945,47,397,957
102117,945,957,2188
397,102117,2188,6
957,397,6,5161
2188,957,5161,391
6,2188,391,86
5161,6,86,3
391,5161,3,628
86,391,628,43215
3,86,43215,6
628,3,6,311
43215,628,311,391
6,43215,391,4
311,6,4,140
391,311,140,6
4,391,6,3785
140,4,3785,3534
6,140,3534,3
3785,6,3,2
3534,3785,2,851
3,3534,851,1304
2,3,1304,620
851,2,620,5
1304,851,5,38
620,1304,38,907
5,620,907,716
38,5,716,96537
907,38,96537,7
716,907,7,1210
96537,716,1210,20
7,96537,20,2738
1210,7,2738,6
20,1210,6,130
2738,20,130,83
6,2738,83,397
130,6,397,4
83,130,4,38
397,83,38,542
4,397,542,4
38,4,4,2291
542,38,2291,174
4,542,174,53
2291,4,53,16
174,2291,16,2699
53,174,2699,29
16,53,29,1855
2699,16,1855,281
29,2699,281,397
1855,29,397,385
281,1855,385,123
397,281,123,38
385,397,38,3737
123,385,3737,4
38,123,4,20
3737,38,20,7
4,3737,7,206
20,4,206,1353
7,20,1353,5
206,7,5,896
1353,206,896,26489
5,1353,26489,16
896,5,16,6
26489,896,6,2895
16,26489,2895,270
6,16,270,26
2895,6,26,137
270,2895,137,8
26,270,8,26
137,26,26,16
8,137,16,1444
26,8,1444,4
16,26,4,4
1444,16,4,55
4,1444,55,21
4,4,21,800
55,4,800,476
21,55,476,6
800,21,6,766
476,800,766,26
6,476,26,1042
766,6,1042,4
26,766,4,1042
1042,26,1042,1825
4,1042,1825,743
1042,4,743,3
1825,1042,3,8081
743,1825,8081,4
3,743,4,140
8081,3,140,165
4,8081,165,689
140,4,689,174
165,140,174,1359
689,165,1359,1271
174,689,1271,294
1359,174,294,1408
1271,1359,1408,13
294,1271,13,1498
1408,294,1498,1932
13,1408,1932,5
1498,13,5,1642
1932,1498,1642,5
5,1932,5,1078
1642,5,1078,7
5,1642,7,21
1078,5,21,204
7,1078,204,2328
21,7,2328,16
204,21,16,131
2328,204,131,946
16,2328,946,96569
131,16,96569,4
946,131,4,53
96569,946,53,7
4,96569,7,64
53,4,64,600
7,53,600,5
64,7,5,3683
600,64,3683,20
5,600,20,428
3683,5,428,80
20,3683,80,45
428,20,45,1249
80,428,1249,24
45,80,24,2136
1249,45,2136,8797
24,1249,8797,2576
2136,24,2576,5
8797,2136,5,2079
2576,8797,2079,16
5,2576,16,23013
2079,5,23013,61
16,2079,61,2824
23013,16,2824,397
61,23013,397,24
2824,61,24,1163
397,2824,1163,18
24,397,18,1593
1163,24,1593,110
18,1163,110,142
1593,18,142,3
110,1593,3,2136
142,110,2136,4
3,142,4,6571
2136,3,6571,4693
4,2136,4693,4
6571,4,4,938
4693,6571,938,5
4,4693,5,38
938,4,38,5804
5,938,5804,5
38,5,5,894
5804,38,894,53
5,5804,53,16
894,5,16,1216
53,894,1216,274
16,53,274,2666
1216,16,2666,26
274,1216,26,18
2666,274,18,64
26,2666,64,42
18,26,42,3
64,18,3,155
42,64,155,3
3,42,3,1236
155,3,1236,7
3,155,7,3000
1236,3,3000,2188
7,1236,2188,397
3000,7,397,395
2188,3000,395,81
397,2188,81,1138
395,397,1138,2386
81,395,2386,29
1138,81,29,68
2386,1138,68,263
29,2386,263,4500
68,29,4500,206
263,68,206,270
4500,263,270,156
206,4500,156,3406
270,206,3406,4743
156,270,4743,2
3406,156,2,19299
4743,3406,19299,19299
2,4743,19299,658
19299,2,658,16857
19299,19299,16857,4
658,19299,4,10
16857,658,10,759
4,16857,759,17147
10,4,17147,6
759,10,6,150
17147,759,150,16857
6,17147,16857,18
150,6,18,47
16857,150,47,1284
