5,89898,662,1948
4053,5,1948,20851
662,4053,20851,237
1948,662,237,12
20851,1948,12,135
237,20851,135,210
12,237,210,27
135,12,27,1027
210,135,1027,165
27,210,165,147
1027,27,147,129
165,1027,129,5
147,165,5,48
129,147,48,1841
5,129,1841,374
48,5,374,3
1841,48,3,192
374,1841,192,499
3,374,499,29
192,3,29,11
499,192,11,13
29,499,13,86
11,29,86,517
13,11,517,408
86,13,408,5
517,86,5,374
408,517,374,6
5,408,6,566
374,5,566,5
6,374,5,35
566,6,35,25
5,566,25,64405
35,5,64405,21
25,35,21,3
64405,25,3,44
21,64405,44,580
3,21,580,765
44,3,765,12
580,44,12,202
765,580,202,210
12,765,210,13
202,12,13,2
210,202,2,282
13,210,282,600
2,13,600,5
282,2,5,817
600,282,817,2
5,600,2,408
817,5,408,46
2,817,46,193
408,2,193,147
46,408,147,129
193,46,129,5
147,193,5,48
129,147,48,1841
5,129,1841,374
48,5,374,305
1841,48,305,129
374,1841,129,4
305,374,4,728
129,305,728,7792
4,129,7792,94
728,4,94,403
7792,728,403,3
94,7792,3,483
403,94,483,13333
3,403,13333,61
483,3,61,41
13333,483,41,11725
61,13333,11725,192
41,61,192,2
11725,41,2,949
192,11725,949,328
2,192,328,160
949,2,160,12
328,949,12,647
160,328,647,8
12,160,8,59
647,12,59,35
8,647,35,55
59,8,55,1306
35,59,1306,301
55,35,301,26
1306,55,26,14
301,1306,14,3
26,301,3,2609
14,26,2609,374
3,14,374,76
2609,3,76,35
374,2609,35,73
76,374,73,410
35,76,410,742
73,35,742,1613
410,73,1613,4
742,410,4,39
1613,742,39,1369
4,1613,1369,16
39,4,16,1653
1369,39,1653,123
16,1369,123,48
1653,16,48,57
123,1653,57,16
48,123,16,41
57,48,41,5075
16,57,5075,48
41,16,48,5
5075,41,5,8
48,5075,8,7
5,48,7,3
8,5,3,44
7,8,44,53
3,7,53,77
44,3,77,17
53,44,17,76
77,53,76,36360
17,77,36360,284
76,17,284,3730
36360,76,3730,4
284,36360,4,5700
3730,284,5700,805
4,3730,805,8
5700,4,8,77
805,5700,77,107
8,805,107,237
77,8,237,6
107,77,6,2
237,107,2,1497
6,237,1497,2518
2,6,2518,74341
1497,2,74341,1003
2518,1497,1003,23
74341,2518,23,20
1003,74341,20,173
23,1003,173,27
20,23,27,7
173,20,7,6
27,173,6,1399
7,27,1399,389
6,7,389,11
1399,6,11,13
389,1399,13,2593
11,389,2593,144
13,11,144,15
2593,13,15,22
144,2593,22,9720
15,144,9720,292
22,15,292,8
9720,22,8,34
292,9720,34,93
8,292,93,89
34,8,89,2
93,34,2,182
89,93,182,5
2,89,5,374
182,2,374,126
5,182,126,860
374,5,860,59
126,374,59,949
860,126,949,16
59,860,16,1409
949,59,1409,74
16,949,74,194
1409,16,194,8
74,1409,8,165
194,74,165,469
8,194,469,9
165,8,9,89
469,165,89,7
9,469,7,34
89,9,34,11
7,89,11,1627
34,7,1627,22
11,34,22,103328
1627,11,103328,949
22,1627,949,11
103328,22,11,13
949,103328,13,932
11,949,932,129
13,11,129,5
932,13,5,106
129,932,106,11
5,129,11,7016
106,5,7016,129
11,106,129,6
7016,11,6,566
129,7016,566,35
6,129,35,25
566,6,25,239
35,566,239,4
25,35,4,129
239,25,129,6
4,239,6,72
129,4,72,42
6,129,42,39
72,6,39,632
42,72,632,8
39,42,8,206
632,39,206,11
8,632,11,47
206,8,47,1525
11,206,1525,791
47,11,791,9
1525,47,9,94
791,1525,94,73
9,791,73,305
94,9,305,3
73,94,3,93
305,73,93,56
3,305,56,5
93,3,5,12263
56,93,12263,1741
5,56,1741,5
12263,5,5,492
1741,12263,492,15781
5,1741,15781,405
492,5,405,2
15781,492,2,795
405,15781,795,94
2,405,94,3
795,2,3,1297
94,795,1297,27
3,94,27,230
1297,3,230,21
27,1297,21,514
230,27,514,560
21,230,560,29
514,21,29,51
560,514,51,230
29,560,230,17
51,29,17,560
230,51,560,7
17,230,7,27
560,17,27,147
7,560,147,662
27,7,662,3
147,27,3,6623
662,147,6623,3
3,662,3,93
6623,3,93,2
3,6623,2,408
93,3,408,126
2,93,126,57548
408,2,57548,90
126,408,90,35
57548,126,35,106
90,57548,106,378
35,90,378,3897
106,35,3897,5551
378,106,5551,1338
3897,378,1338,4
5551,3897,4,3728
1338,5551,3728,48
4,1338,48,378
3728,4,378,106
48,3728,106,12
378,48,12,202
106,378,202,210
12,106,210,29
202,12,29,72
210,202,72,1338
29,210,1338,4
72,29,4,3728
1338,72,3728,106
4,1338,106,12
3728,4,12,135
106,3728,135,72079
12,106,72079,25
135,12,25,199
72079,135,199,349
25,72079,349,1171
199,25,1171,303
349,199,303,3728
1171,349,3728,1171
303,1171,1171,303
3728,303,303,1338
1171,3728,1338,46
303,1171,46,88
1338,303,88,199
46,1338,199,349
88,46,349,23
199,88,23,1171
349,199,1171,303
23,349,303,29
1171,23,29,76
303,1171,76,4084
29,303,4084,16
76,29,16,6
4084,76,6,813
16,4084,813,1171
6,16,1171,303
813,6,303,5551
1171,813,5551,353
303,1171,353,303
5551,303,303,69113
353,5551,69113,90
303,353,90,374
69113,303,374,16
90,69113,16,23
374,90,23,123
16,374,123,1984
23,16,1984,52
123,23,52,135
1984,123,135,2337
52,1984,2337,16
135,52,16,73103
2337,135,73103,180
16,2337,180,51
73103,16,51,721
180,73103,721,12
51,180,12,996
721,51,996,298
12,721,298,27
996,12,27,517
298,996,517,273
27,298,273,3637
517,27,3637,61
273,517,61,2946
3637,273,2946,6
61,3637,6,2733
2946,61,2733,2032
6,2946,2032,2123
2733,6,2123,2170
2032,2733,2170,3500
2123,2032,3500,1384
2170,2123,1384,4
3500,2170,4,1117
1384,3500,1117,193
4,1384,193,517
1117,4,517,22
193,1117,22,308
517,193,308,35
22,517,35,5
308,22,5,598
35,308,598,4
5,35,4,68
598,5,68,3027
4,598,3027,4
68,4,4,3221
3027,68,3221,1025
4,3027,1025,305
3221,4,305,12032
1025,3221,12032,56
305,1025,56,22
12032,305,22,99
56,12032,99,592
22,56,592,46
99,22,46,6
592,99,6,3227
46,592,3227,1551
6,46,1551,8
3227,6,8,14
1551,3227,14,362
8,1551,362,3
14,8,3,1833
362,14,1833,8
3,362,8,161
1833,3,161,387
8,1833,387,40
161,8,40,17
387,161,17,6
40,387,6,237
17,40,237,375
6,17,375,23
237,6,23,275
375,237,275,647
23,375,647,59
275,23,59,41
647,275,41,35
59,647,35,247
41,59,247,5528
35,41,5528,211
247,35,211,305
5528,247,305,9279
211,5528,9279,308
305,211,308,35
9279,305,35,5
308,9279,5,65413
35,308,65413,162
5,35,162,32
65413,5,32,517
162,65413,517,2733
32,162,2733,2032
517,32,2032,2123
2733,517,2123,2170
2032,2733,2170,3500
2123,2032,3500,598
2170,2123,598,4
3500,2170,4,1117
598,3500,1117,145
4,598,145,517
1117,4,517,1742
145,1117,1742,3227
517,145,3227,3027
1742,517,3027,4
3227,1742,4,22
3027,3227,22,308
4,3027,308,35
22,4,35,5
308,22,5,43300
35,308,43300,476
5,35,476,505
43300,5,505,75
476,43300,75,996
505,476,996,298
75,505,298,811
996,75,811,12
298,996,12,135
811,298,135,210
12,811,210,145
135,12,145,517
210,135,517,1551
145,210,1551,6
517,145,6,3138
1551,517,3138,3086
6,1551,3086,4
3138,6,4,4753
3086,3138,4753,32
4,3086,32,517
4753,4,517,19
32,4753,19,2
517,32,2,1002
19,517,1002,1381
2,19,1381,6
1002,2,6,2711
1381,1002,2711,30853
6,1381,30853,202
2711,6,202,210
30853,2711,210,193
202,30853,193,517
210,202,517,88
193,210,88,374
517,193,374,56
88,517,56,5
374,88,5,20
56,374,20,268
5,56,268,1180
20,5,1180,15
268,20,15,192
1180,268,192,6
15,1180,6,3086
192,15,3086,4
6,192,4,3138
3086,6,3138,12
4,3086,12,747
3138,4,747,27
12,3138,27,2352
747,12,2352,198
27,747,198,2688
2352,27,2688,2946
198,2352,2946,6
2688,198,6,2711
2946,2688,2711,4
6,2946,4,1854
2711,6,1854,305
4,2711,305,517
1854,4,517,58
305,1854,58,289
517,305,289,6
58,517,6,3574
289,58,3574,4362
6,289,4362,12
3574,6,12,540
4362,3574,540,19
12,4362,19,41
540,12,41,65
19,540,65,129
41,19,129,5
65,41,5,106
129,65,106,947
5,129,947,89
106,5,89,48
947,106,48,374
89,947,374,54
48,89,54,19
374,48,19,107
54,374,107,7
19,54,7,2
107,19,2,90
7,107,90,374
2,7,374,2
90,2,2,6
374,90,6,39
2,374,39,68650
6,2,68650,7
39,6,7,593
68650,39,593,374
7,68650,374,1415
593,7,1415,12
374,593,12,202
1415,374,202,210
12,1415,210,27
202,12,27,13
210,202,13,374
27,210,374,6
13,27,6,373
374,13,373,236
6,374,236,7
373,6,7,193
236,373,193,15
7,236,15,305
193,7,305,13
15,193,13,4
305,15,4,728
13,305,728,1062
4,13,1062,58
728,4,58,147
1062,728,147,374
58,1062,374,3
147,58,3,93
374,147,93,20361
3,374,20361,135
93,3,135,210
20361,93,210,32
135,20361,32,345
210,135,345,15
32,210,15,1098
345,32,1098,374
15,345,374,3
1098,15,3,9
374,1098,9,145
3,374,145,15
9,3,15,2337
145,9,2337,10531
15,145,10531,6
2337,15,6,9
10531,2337,9,32
6,10531,32,49
9,6,49,896
32,9,896,7850
49,32,7850,3
896,49,3,3
7850,896,3,145
3,7850,145,15
3,3,15,72
145,3,72,2337
6157,308,3279,1146
1494,6157,1146,207
3279,1494,207,176
1146,3279,176,2202
207,1146,2202,6
176,207,6,157
2202,176,157,784
6,2202,784,3
157,6,3,966
784,157,966,1699
3,784,1699,854
966,3,854,9
1699,966,9,91
854,1699,91,5
9,854,5,163
91,9,163,3279
5,91,3279,1146
163,5,1146,207
3279,163,207,176
1146,3279,176,2202
207,1146,2202,6
176,207,6,157
2202,176,157,784
6,2202,784,3
157,6,3,966
784,157,966,1699
3,784,1699,854
966,3,854,9
1699,966,9,91
854,1699,91,5
9,854,5,163
91,9,163,3513
5,91,3513,17760
163,5,17760,860
3513,163,860,884
17760,3513,884,300
860,17760,300,98418
884,860,98418,46
300,884,46,6
98418,300,6,2
46,98418,2,9633
6,46,9633,4979
2,6,4979,5
9633,2,5,593
4979,9633,593,35
5,4979,35,5
593,5,5,3756
35,593,3756,6
5,35,6,143
3756,5,143,35
6,3756,35,2
143,6,2,181
35,143,181,139
2,35,139,19
181,2,19,3598
139,181,3598,414
19,139,414,1076
3598,19,1076,35
414,3598,35,8
1076,414,8,48
35,1076,48,43
8,35,43,35
48,8,35,784
43,48,784,3
35,43,3,966
784,35,966,414
3,784,414,854
966,3,854,12
414,966,12,91
854,414,91,5
12,854,5,2460
91,12,2460,163
5,91,163,19
2460,5,19,141
163,2460,141,772
19,163,772,379
141,19,379,3126
772,141,3126,181
379,772,181,1220
3126,379,1220,5057
181,3126,5057,209
1220,181,209,8
5057,1220,8,43
209,5057,43,176
8,209,176,16
43,8,16,936
176,43,936,261
16,176,261,98
936,16,98,3292
261,936,3292,2601
98,261,2601,3
3292,98,3,1036
2601,3292,1036,36
3,2601,36,3329
1036,3,3329,399
36,1036,399,290
3329,36,290,6
399,3329,6,4
290,399,4,407
6,290,407,15
4,6,15,2978
407,4,2978,3598
15,407,3598,1076
2978,15,1076,526
3598,2978,526,437
1076,3598,437,2310
526,1076,2310,17073
437,526,17073,28
2310,437,28,181
17073,2310,181,1340
28,17073,1340,1254
181,28,1254,2
1340,181,2,3117
1254,1340,3117,899
2,1254,899,5
3117,2,5,1803
899,3117,1803,1036
5,899,1036,9
1803,5,9,11527
1036,1803,11527,5
9,1036,5,399
11527,9,399,290
5,11527,290,122
399,5,122,141
290,399,141,772
122,290,772,6
141,122,6,143
772,141,143,35
6,772,35,7
143,6,7,398
35,143,398,1142
7,35,1142,3
398,7,3,91
1142,398,91,3800
3,1142,3800,163
91,3,163,53
3800,91,53,7
163,3800,7,64
53,163,64,1770
7,53,1770,2601
64,7,2601,3
1770,64,3,1036
2601,1770,1036,4
3,2601,4,3329
1036,3,3329,399
4,1036,399,290
3329,4,290,10
399,3329,10,3117
290,399,3117,8
10,290,8,122
3117,10,122,30
8,3117,30,276
122,8,276,141
30,122,141,772
276,30,772,20
141,276,20,2416
772,141,2416,191
20,772,191,25
2416,20,25,90
191,2416,90,35
25,191,35,536
90,25,536,18
35,90,18,64
536,35,64,1323
18,536,1323,12
64,18,12,38
1323,64,38,563
12,1323,563,36
38,12,36,412
563,38,412,8
36,563,8,9406
412,36,9406,15
8,412,15,414
9406,8,414,854
15,9406,854,17073
414,15,17073,28
854,414,28,15
17073,854,15,264
28,17073,264,676
15,28,676,6
264,15,6,2012
676,264,2012,4
6,676,4,2033
2012,6,2033,74
4,2012,74,176
2033,4,176,936
74,2033,936,53
176,74,53,13
936,176,13,47
53,936,47,4
13,53,4,16955
47,13,16955,3939
4,47,3939,118
16955,4,118,6257
3939,16955,6257,12
118,3939,12,938
6257,118,938,5
12,6257,5,3756
938,12,3756,3598
5,938,3598,3764
3756,5,3764,332
3598,3756,332,5
3764,3598,5,43
332,3764,43,35
5,332,35,4215
43,5,4215,1539
35,43,1539,91
4215,35,91,5
1539,4215,5,3800
91,1539,3800,163
5,91,163,26
3800,5,26,140
163,3800,140,1013
26,163,1013,81
140,26,81,102
1013,140,102,143
81,1013,143,226
102,81,226,2222
143,102,2222,1291
226,143,1291,5
2222,226,5,86
1291,2222,86,501
5,1291,501,3800
86,5,3800,163
501,86,163,6
3800,501,6,316
163,3800,316,3
6,163,3,789
316,6,789,290
3,316,290,6
789,3,6,14725
290,789,14725,1430
6,290,1430,75
14725,6,75,99
1430,14725,99,2719
75,1430,2719,3
99,75,3,6299
2719,99,6299,186
3,2719,186,1552
6299,3,1552,242
186,6299,242,700
1552,186,700,3510
242,1552,3510,155
700,242,155,12
3510,700,12,3
155,3510,3,35
12,155,35,8
3,12,8,379
35,3,379,121
8,35,121,2041
379,8,2041,586
121,379,586,4
2041,121,4,276
586,2041,276,2
4,586,2,314
276,4,314,1259
2,276,1259,5
314,2,5,210
1259,314,210,3
5,1259,3,91
210,5,91,2460
3,210,2460,163
91,3,163,181
2460,91,181,277
163,2460,277,8
181,163,8,1216
277,181,1216,5
8,277,5,35
1216,8,35,1118
5,1216,1118,104
35,5,104,414
1118,35,414,854
104,1118,854,9
414,104,9,501
854,414,501,3800
9,854,3800,163
501,9,163,3597
3800,501,3597,1216
163,3800,1216,5
3597,163,5,141
1216,3597,141,2610
5,1216,2610,2469
141,5,2469,8
2610,141,8,3800
2469,2610,3800,163
8,2469,163,132
3800,8,132,86
163,3800,86,17
132,163,17,91
86,132,91,2
17,86,2,2
91,17,2,128
2,91,128,4040
2,2,4040,15
128,2,15,3986
4040,128,3986,242
15,4040,242,4
3986,15,4,186
242,3986,186,4786
4,242,4786,242
186,4,242,3
4786,186,3,17
242,4786,17,630
3,242,630,99
17,3,99,1424
630,17,1424,408
99,630,408,5
1424,99,5,141
408,1424,141,25
5,408,25,21
141,5,21,633
25,141,633,379
21,25,379,3
633,21,3,276
379,633,276,2
3,379,2,1259
276,3,1259,5
2,276,5,38
1259,2,38,210
5,1259,210,3
38,5,3,91
210,38,91,2345
3,210,2345,43
91,3,43,1387
2345,91,1387,854
43,2345,854,7
1387,43,7,186
854,1387,186,10108
7,854,10108,2
186,7,2,303
10108,186,303,19
2,10108,19,2
303,2,2,587
19,303,587,212
2,19,212,187
587,2,187,98077
212,587,98077,1582
187,212,1582,4238
98077,187,4238,212
1582,98077,212,621
4238,1582,621,8
212,4238,8,4
621,212,4,379
8,621,379,132
4,8,132,91
379,4,91,2460
132,379,2460,163
91,132,163,3
2460,91,3,1090
163,2460,1090,2
3,163,2,1211
1090,3,1211,24
2,1090,24,10513
1211,2,10513,52
24,1211,52,379
10513,24,379,13
52,10513,13,6205
379,52,6205,434
13,379,434,3
6205,13,3,178
434,6205,178,8
3,434,8,1211
178,3,1211,1363
8,178,1363,2
1211,8,2,851
1363,1211,851,447
2,1363,447,5
851,2,5,439
447,851,439,36
5,447,36,718
439,5,718,1677
36,439,1677,4542
718,36,4542,3
1677,718,3,379
4542,1677,379,36
3,4542,36,57
379,3,57,80
36,379,80,25
57,36,25,43
80,57,43,35
25,80,35,784
43,25,784,3
35,43,3,966
784,35,966,8
3,784,8,1387
966,3,1387,854
8,966,854,472
1387,8,472,3099
854,1387,3099,3
472,854,3,91
3099,472,91,1581
3,3099,1581,4845
91,3,4845,1200
1581,91,1200,6
4845,1581,6,38
1200,4845,38,4215
6,1200,4215,54
38,6,54,55
4215,38,55,17
54,4215,17,3399
55,54,3399,3
17,55,3,609
3399,17,609,9
3,3399,9,163
609,3,163,91
9,609,91,149
163,9,149,820
91,163,820,2222
149,91,2222,854
820,149,854,9
2222,820,9,482
854,2222,482,464
9,854,464,1393
482,9,1393,609
464,482,609,9
1393,464,9,2460
609,1393,2460,163
9,609,163,102
2460,9,102,4
163,2460,4,626
102,163,626,31
4,102,31,13
626,4,13,1285
31,626,1285,36
13,31,36,2338
1285,13,2338,3
36,1285,3,2495
2338,36,2495,2
3,2338,2,4783
2495,3,4783,2359
2,2495,2359,581
4783,2,581,261
2359,4783,261,367
581,2359,367,5614
261,581,5614,51
367,261,51,446
5614,367,446,5
51,5614,5,581
446,51,581,40
5,446,40,2425
581,5,2425,3800
40,581,3800,163
2425,40,163,1610
3800,2425,1610,35
163,3800,35,18
1610,163,18,1428
35,1610,1428,64
18,35,64,4215
1428,18,4215,12
64,1428,12,563
4215,64,563,1539
12,4215,1539,379
563,12,379,91
1539,563,91,5
379,1539,5,3800
91,379,3800,163
5,91,163,82
3800,5,82,1979
163,3800,1979,2170
82,163,2170,1338
1979,82,1338,742
2170,1979,742,413
1338,2170,413,673
742,1338,673,1117
413,742,1117,652
