423,97,25,7621
16,423,7621,8
25,16,8,26
7621,25,26,2233
8,7621,2233,226
26,8,226,5096
2233,26,5096,184
226,2233,184,3
5096,226,3,2
184,5096,2,2517
3,184,2517,654
2,3,654,456
2517,2,456,763
654,2517,763,41
456,654,41,65
763,456,65,6744
41,763,6744,5
65,41,5,58
6744,65,58,4
5,6744,4,7367
58,5,7367,679
4,58,679,129
7367,4,129,28
679,7367,28,183
129,679,183,104
28,129,104,96
183,28,96,61
104,183,61,853
96,104,853,5
61,96,5,289
853,61,289,26640
5,853,26640,2349
289,5,2349,2088
26640,289,2088,12083
2349,26640,12083,383
2088,2349,383,6
12083,2088,6,2
383,12083,2,1104
6,383,1104,460
2,6,460,904
1104,2,904,114
460,1104,114,16
904,460,16,9455
114,904,9455,80
16,114,80,873
9455,16,873,679
80,9455,679,793
873,80,793,3
679,873,3,106
793,679,106,9
3,793,9,42
106,3,42,210
9,106,210,2524
42,9,2524,4
210,42,4,90
2524,210,90,16
4,2524,16,360
90,4,360,102
16,90,102,2
360,16,2,97
102,360,97,511
2,102,511,65
97,2,65,9
511,97,9,74700
65,511,74700,18
9,65,18,1596
74700,9,1596,38
18,74700,38,177
1596,18,177,6
38,1596,6,5750
177,38,5750,11120
6,177,11120,9
5750,6,9,57
11120,5750,57,97
9,11120,97,114
57,9,114,18
97,57,18,68
114,97,68,12712
18,114,12712,586
68,18,586,525
12712,68,525,1177
586,12712,1177,368
525,586,368,6
1177,525,6,264
368,1177,264,66
6,368,66,82
264,6,82,1874
66,264,1874,53
82,66,53,16
1874,82,16,281
53,1874,281,222
16,53,222,162
281,16,162,36
222,281,36,521
162,222,521,58
36,162,58,32963
521,36,32963,284
58,521,284,7
32963,58,7,2
284,32963,2,105
7,284,105,213
2,7,213,8
105,2,8,13
213,105,13,334
8,213,334,677
13,8,677,585
334,13,585,2021
677,334,2021,675
585,677,675,132
2021,585,132,149
675,2021,149,96
132,675,96,1566
149,132,1566,4621
96,149,4621,48
1566,96,48,29
4621,1566,29,1523
48,4621,1523,371
29,48,371,27806
1523,29,27806,5
371,1523,5,2309
27806,371,2309,9899
5,27806,9899,877
2309,5,877,5
9899,2309,5,675
877,9899,675,68
5,877,68,96
675,5,96,107
68,675,107,845
96,68,845,2156
107,96,2156,52
845,107,52,21
2156,845,21,1041
52,2156,1041,10
21,52,10,154
1041,21,154,83
10,1041,83,3
154,10,3,51
83,154,51,114
3,83,114,14
51,3,14,4
114,51,4,1154
14,114,1154,3
4,14,3,1190
1154,4,1190,2587
3,1154,2587,7
1190,3,7,1003
2587,1190,1003,21
7,2587,21,606
1003,7,606,90478
21,1003,90478,7
606,21,7,2
90478,606,2,4556
7,90478,4556,12
2,7,12,274
4556,2,274,4
12,4556,4,101
274,12,101,3
4,274,3,693
101,4,693,2691
3,101,2691,15
693,3,15,6114
2691,693,6114,45
15,2691,45,3
6114,15,3,173
45,6114,173,5
3,45,5,2830
173,3,2830,4482
5,173,4482,95
2830,5,95,31
4482,2830,31,2167
95,4482,2167,2517
31,95,2517,763
2167,31,763,277
2517,2167,277,21
763,2517,21,4143
277,763,4143,20
21,277,20,4556
4143,21,4556,7
20,4143,7,68
4556,20,68,7671
7,4556,7671,35771
68,7,35771,15
7671,68,15,961
35771,7671,961,446
15,35771,446,5
961,15,5,1177
446,961,1177,9152
5,446,9152,6
1177,5,6,161
9152,1177,161,105
6,9152,105,675
161,6,675,95
105,161,95,15
675,105,15,1680
95,675,1680,1322
15,95,1322,384
1680,15,384,5
1322,1680,5,57
384,1322,57,210
5,384,210,16
57,5,16,41
210,57,41,253
16,210,253,3
41,16,3,17
253,41,17,95
3,253,95,31
17,3,31,1153
95,17,1153,56
31,95,56,12989
1153,31,12989,43336
56,1153,43336,1180
12989,56,1180,8
43336,12989,8,1159
1180,43336,1159,14
8,1180,14,21
1159,8,21,51672
14,1159,51672,36
21,14,36,31144
51672,21,31144,29
36,51672,29,2
31144,36,2,1503
29,31144,1503,401
12,886,109,19
318,12,19,109
109,318,109,6742
19,109,6742,69036
109,19,69036,758
6742,109,758,12
69036,6742,12,1547
758,69036,1547,109
12,758,109,19
1547,12,19,18984
109,1547,18984,152
19,109,152,3090
18984,19,3090,296
152,18984,296,67
3090,152,67,770
296,3090,770,15
67,296,15,255
770,67,255,82
15,770,82,1805
255,15,1805,82
82,255,82,1154
1805,82,1154,52
82,1805,52,476
1154,82,476,104
52,1154,104,2280
476,52,2280,18
104,476,18,1956
2280,104,1956,820
18,2280,820,2
1956,18,2,2260
820,1956,2260,5
2,820,5,2
2260,2,2,967
5,2260,967,8
2,5,8,7110
967,2,7110,213
8,967,213,7
7110,8,7,4
213,7110,4,4205
7,213,4205,4
4,7,4,668
4205,4,668,6408
4,4205,6408,7
668,4,7,42
6408,668,42,1002
7,6408,1002,8299
42,7,8299,955
1002,42,955,5892
8299,1002,5892,887
955,8299,887,14
5892,955,14,445
887,5892,445,1389
14,887,1389,3
445,14,3,1546
1389,445,1546,432
3,1389,432,283
1546,3,283,299
432,1546,299,213
283,432,213,4
299,283,4,9567
213,299,9567,6
4,213,6,4626
9567,4,4626,92
6,9567,92,296
4626,6,296,2035
92,4626,2035,2394
296,92,2394,10
2035,296,10,14
2394,2035,14,1448
10,2394,1448,8
14,10,8,107
1448,14,107,174
8,1448,174,4
107,8,4,10
174,107,10,400
4,174,400,336
10,4,336,20
390,197,587,212
1610,390,212,279
587,1610,279,34
212,587,34,1362
279,212,1362,473
34,279,473,24
1362,34,24,405
473,1362,405,2
24,473,2,241
405,24,241,415
2,405,415,23280
241,2,23280,7291
415,241,7291,4
23280,415,4,123
7291,23280,123,38
4,7291,38,4814
123,4,4814,389
38,123,389,12
4814,38,12,4611
389,4814,4611,3
12,389,3,870
4611,12,870,2
3,4611,2,39
870,3,39,461
2,870,461,29
39,2,29,88
461,39,88,45
29,461,45,34
88,29,34,165
45,88,165,17
34,45,17,1144
165,34,1144,5
17,165,5,1804
1144,17,1804,1160
5,1144,1160,5
1804,5,5,187
1160,1804,187,516
5,1160,516,128
187,5,128,461
516,187,461,4
128,516,4,209
461,128,209,8
4,461,8,9
209,4,9,99
8,209,99,60
9,8,60,274
99,9,274,210
60,99,210,5
274,60,5,1208
210,274,1208,212
5,210,212,517
1208,5,517,41
212,1208,41,187
517,212,187,65
41,517,65,10383
187,41,10383,279
65,187,279,5
10383,65,5,43
279,10383,43,587
5,279,587,212
43,5,212,10
587,43,10,9
212,587,9,38
10,212,38,158
9,10,158,3706
38,9,3706,12
158,38,12,318
3706,158,318,109
12,3706,109,6
318,12,6,104780
109,318,104780,10
6,109,10,2
104780,6,2,12936
10,104780,12936,36
2,10,36,13
12936,2,13,587
36,12936,587,212
13,36,212,1126
587,13,1126,78002
212,587,78002,212
1126,212,212,1282
78002,1126,1282,18
212,78002,18,68
1282,212,68,2325
18,1282,2325,2881
68,18,2881,5
2325,68,5,553
2881,2325,553,143
5,2881,143,1582
553,5,1582,6176
143,553,6176,335
1582,143,335,54
6176,1582,54,1893
335,6176,1893,14315
54,335,14315,9
1893,54,9,69
14315,1893,69,4298
9,14315,4298,1724
69,9,1724,620
4298,69,620,151
1724,4298,151,3
620,1724,3,1016
151,620,1016,433
3,151,433,869
1016,3,869,18568
433,1016,18568,28
869,433,28,992
18568,869,992,726
28,18568,726,1143
992,28,1143,2
726,992,2,10233
1143,726,10233,101
2,1143,101,3
10233,2,3,1536
101,10233,1536,70
3,101,70,61559
1536,3,61559,212
70,1536,212,1282
61559,70,1282,18
212,61559,18,68
1282,212,68,2325
18,1282,2325,2881
68,18,2881,5
2325,68,5,553
2881,2325,553,143
5,2881,143,1582
553,5,1582,6176
143,553,6176,335
1582,143,335,54
6176,1582,54,1893
335,6176,1893,14315
54,335,14315,9
1893,54,9,69
14315,1893,69,4298
9,14315,4298,1724
69,9,1724,620
4298,69,620,151
1724,4298,151,3
620,1724,3,1016
151,620,1016,433
3,151,433,869
1016,3,869,18568
433,1016,18568,28
869,433,28,992
18568,869,992,726
28,18568,726,1143
992,28,1143,2
726,992,2,10233
1143,726,10233,101
2,1143,101,3
10233,2,3,1536
101,10233,1536,70
3,101,70,61553
1536,3,61553,44
70,1536,44,212
61553,70,212,5644
44,61553,5644,7
212,44,7,177
5644,212,177,5
7,5644,5,255
177,7,255,2158
5,177,2158,8
255,5,8,88
2158,255,88,279
8,2158,279,18
88,8,18,47
279,88,47,119
18,279,119,471
47,18,471,24
119,47,24,2644
471,119,2644,1753
24,471,1753,10
2644,24,10,4
1753,2644,4,139
10,1753,139,26
4,10,26,653
139,4,653,8
26,139,8,55
653,26,55,1119
8,653,1119,345
55,8,345,3
1119,55,3,25804
345,1119,25804,1200
3,345,1200,2
25804,3,2,6
1200,25804,6,2
2,1200,2,915
6,2,915,992
2,6,992,8
915,2,8,28
992,915,28,76
8,992,76,225
28,8,225,154
76,28,154,3
225,76,3,3284
154,225,3284,38
3,154,38,655
3284,3,655,3
38,3284,3,16616
655,38,16616,6508
3,655,6508,290
16616,3,290,26
6508,16616,26,370
290,6508,370,392
26,290,392,4
370,26,4,103587
392,370,103587,44
4,392,44,212
103587,4,212,5644
44,103587,5644,7
212,44,7,177
5644,212,177,5
7,5644,5,255
177,7,255,2158
5,177,2158,8
255,5,8,88
2158,255,88,279
8,2158,279,18
88,8,18,47
279,88,47,119
18,279,119,471
47,18,471,24
119,47,24,2644
471,119,2644,1753
24,471,1753,10
2644,24,10,4
1753,2644,4,139
10,1753,139,26
4,10,26,653
139,4,653,8
26,139,8,55
653,26,55,1119
8,653,1119,345
55,8,345,3
1119,55,3,25804
345,1119,25804,1200
3,345,1200,2
25804,3,2,6
1200,25804,6,2
2,1200,2,915
6,2,915,992
2,6,992,8
915,2,8,28
992,915,28,76
8,992,76,225
28,8,225,154
76,28,154,3
225,76,3,3284
154,225,3284,38
3,154,38,655
3284,3,655,3
38,3284,3,16616
655,38,16616,6508
3,655,6508,290
16616,3,290,26
6508,16616,26,370
290,6508,370,392
26,290,392,4
370,26,4,103588
392,370,103588,2950
4,392,2950,156
103588,4,156,2
2950,103588,2,6165
156,2950,6165,39578
2,156,39578,5
6165,2,5,1548
39578,6165,1548,166
5,39578,166,385
1548,5,385,141
166,1548,141,1199
385,166,1199,1288
141,385,1288,9
1199,141,9,279
1288,1199,279,1361
9,1288,1361,212
279,9,212,254
1361,279,254,1513
212,1361,1513,1582
254,212,1582,979
1513,254,979,5
1582,1513,5,842
979,1582,842,54
5,979,54,186
842,5,186,3
54,842,3,391
186,54,391,21626
3,186,21626,211
391,3,211,6
21626,391,6,334
211,21626,334,1342
6,211,1342,2032
334,6,2032,6
1342,334,6,109
2032,1342,109,62
6,2032,62,8
109,6,8,212
62,109,212,7
8,62,7,465
212,8,465,282
7,212,282,65
465,7,65,57
282,465,57,5809
65,282,5809,5
57,65,5,92
5809,57,92,4
5,5809,4,770
92,5,770,6
4,92,6,66858
770,4,66858,2950
6,770,2950,156
66858,6,156,2
2950,66858,2,6165
156,2950,6165,39578
2,156,39578,5
6165,2,5,1548
39578,6165,1548,166
5,39578,166,385
1548,5,385,141
166,1548,141,1199
385,166,1199,1288
141,385,1288,9
1199,141,9,279
1288,1199,279,1361
9,1288,1361,212
279,9,212,254
1361,279,254,1513
212,1361,1513,1582
254,212,1582,979
1513,254,979,5
1582,1513,5,842
979,1582,842,54
5,979,54,186
842,5,186,3
54,842,3,391
186,54,391,21626
3,186,21626,211
391,3,211,6
21626,391,6,334
211,21626,334,1342
6,211,1342,2032
334,6,2032,6
1342,334,6,109
2032,1342,109,62
6,2032,62,8
109,6,8,212
62,109,212,7
8,62,7,465
212,8,465,282
7,212,282,65
465,7,65,57
282,465,57,5809
65,282,5809,5
57,65,5,92
5809,57,92,4
5,5809,4,770
92,5,770,6
4,92,6,21884
770,4,21884,212
6,770,212,13
21884,6,13,47
212,21884,47,12
13,212,12,732
47,13,732,210
12,47,210,5
732,12,5,352
210,732,352,2115
5,210,2115,60
352,5,60,44
2115,352,44,824
60,2115,824,7597
44,60,7597,18568
824,44,18568,5
7597,824,5,456
18568,7597,456,9
5,18568,9,70
456,5,70,1418
9,456,1418,10
70,9,10,139
1418,70,139,335
10,1418,335,8
139,10,8,10606
335,139,10606,1697
8,335,1697,787
10606,8,787,9200
1697,10606,9200,1507
787,1697,1507,163
9200,787,163,14012
1507,9200,14012,5
163,1507,5,2
14012,163,2,565
5,14012,565,102
2,5,102,49
565,2,49,34
102,565,34,4
49,102,4,163
34,49,163,22205
4,34,22205,553
163,4,553,79
22205,163,79,13149
553,22205,13149,1085
79,553,1085,171
13149,79,171,108
1085,13149,108,124
171,1085,124,13781
108,171,13781,212
124,108,212,13
13781,124,13,47
212,13781,47,12
13,212,12,732
47,13,732,210
12,47,210,5
732,12,5,352
210,732,352,2115
5,210,2115,60
352,5,60,44
2115,352,44,824
60,2115,824,7597
44,60,7597,18568
824,44,18568,5
7597,824,5,456
18568,7597,456,9
5,18568,9,70
456,5,70,1418
9,456,1418,10
70,9,10,139
1418,70,139,335
10,1418,335,8
139,10,8,10606
335,139,10606,1697
8,335,1697,787
10606,8,787,9200
1697,10606,9200,1507
787,1697,1507,163
9200,787,163,14012
1507,9200,14012,5
163,1507,5,2
14012,163,2,565
5,14012,565,102
2,5,102,49
565,2,49,34
102,565,34,4
49,102,4,163
34,49,163,22205
4,34,22205,553
163,4,553,79
22205,163,79,13149
553,22205,13149,1085
79,553,1085,171
13149,79,171,108
1085,13149,108,124
171,1085,124,72428
108,171,72428,173
124,108,173,3
72428,124,3,2
173,72428,2,992
3,173,992,8
2,3,8,1498
992,2,1498,83
8,992,83,2
1498,8,2,227
83,1498,227,141
2,83,141,4377
227,2,4377,977
141,227,977,1147
4377,141,1147,54
977,4377,54,274
1147,977,274,1031
54,1147,1031,6
274,54,6,236
1031,274,236,9
6,1031,9,190
236,6,190,103
9,236,103,568
190,9,568,212
103,190,212,28
568,103,28,141
212,568,141,14
28,212,14,11831
141,28,11831,3
14,141,3,1103
11831,14,1103,87
3,11831,87,10
1103,3,10,1834
87,1103,1834,35
10,87,35,101
1834,10,101,23
35,1834,23,60
101,35,60,169
23,101,169,5
60,23,5,397
169,60,397,773
5,169,773,6
397,5,6,1130
773,397,1130,2516
6,773,2516,10161
1130,6,10161,14758
2516,1130,14758,4
10161,2516,4,20757
14758,10161,20757,3372
4,14758,3372,156
20757,4,156,2
3372,20757,2,20
156,3372,20,42
2,156,42,6
20,2,6,1384
42,20,1384,6
6,42,6,173
1384,6,173,3
6,1384,3,2
173,6,2,992
3,173,992,8
2,3,8,1498
992,2,1498,83
8,992,83,2
1498,8,2,227
83,1498,227,141
2,83,141,4377
227,2,4377,977
141,227,977,1147
4377,141,1147,54
977,4377,54,274
1147,977,274,1031
54,1147,1031,6
274,54,6,236
1031,274,236,9
6,1031,9,190
236,6,190,103
9,236,103,568
190,9,568,212
103,190,212,28
568,103,28,141
212,568,141,14
28,212,14,11831
141,28,11831,3
14,141,3,1103
11831,14,1103,87
3,11831,87,10
1103,3,10,1834
87,1103,1834,35
10,87,35,101
1834,10,101,23
35,1834,23,60
101,35,60,169
23,101,169,5
60,23,5,397
169,60,397,773
5,169,773,6
397,5,6,1130
773,397,1130,2516
6,773,2516,10161
1130,6,10161,14758
2516,1130,14758,4
10161,2516,4,20757
14758,10161,20757,3372
4,14758,3372,156
20757,4,156,2
3372,20757,2,20
156,3372,20,42
2,156,42,6
20,2,6,1384
42,20,1384,6
6,42,6,372
1384,6,372,992
6,1384,992,5390
372,6,5390,887
992,372,887,2353
5390,992,2353,13
887,5390,13,10
2353,887,10,1126
13,2353,1126,57
10,13,57,107
1126,10,107,169
57,1126,169,77
107,57,77,18
169,107,18,182
77,169,182,38
18,77,38,283
182,18,283,299
38,182,299,436
283,38,436,1223
299,283,1223,76
436,299,76,605
1223,436,605,2950
76,1223,2950,44
605,76,44,212
2950,605,212,2211
44,2950,2211,1431
212,44,1431,13
2211,212,13,47
1431,2211,47,3
13,1431,3,1365
47,13,1365,160
3,47,160,21
1365,3,21,6567
160,1365,6567,10
21,160,10,19
6567,21,19,2095
10,6567,2095,1190
19,10,1190,2587
2095,19,2587,4
1190,2095,4,992
2587,1190,992,6
4,2587,6,950
992,4,950,5
6,992,5,1549
950,6,1549,191
5,950,191,4
1549,5,4,92011
191,1549,92011,372
4,191,372,992
92011,4,992,5390
372,92011,5390,887
992,372,887,2353
5390,992,2353,13
887,5390,13,10
2353,887,10,1126
13,2353,1126,57
10,13,57,107
1126,10,107,169
57,1126,169,77
107,57,77,18
169,107,18,182
77,169,182,38
18,77,38,283
182,18,283,299
38,182,299,436
283,38,436,1223
299,283,1223,76
436,299,76,605
1223,436,605,2950
76,1223,2950,44
605,76,44,212
2950,605,212,2211
44,2950,2211,1431
212,44,1431,13
2211,212,13,47
1431,2211,47,3
13,1431,3,1365
47,13,1365,160
3,47,160,21
1365,3,21,6567
160,1365,6567,10
21,160,10,19
6567,21,19,2095
10,6567,2095,1190
19,10,1190,2587
2095,19,2587,4
1190,2095,4,992
2587,1190,992,6
4,2587,6,950
992,4,950,5
6,992,5,1549
950,6,1549,191
5,950,191,4
1549,5,4,41085
191,1549,41085,587
4,191,587,212
41085,4,212,328
587,41085,328,8
212,587,8,1470
328,212,1470,680
8,328,680,7
1470,8,7,605
680,1470,605,2825
7,680,2825,2
605,7,2,335
2825,605,335,8
2,2825,8,6551
335,2,6551,1894
8,335,1894,244
6551,8,244,5
1894,6551,5,169
244,1894,169,5
5,244,5,70
169,5,70,76
5,169,76,605
70,5,605,2950
76,70,2950,137
605,76,137,212
2950,605,212,578
137,2950,578,12
212,137,12,980
578,212,980,101
12,578,101,139
980,12,139,2
101,980,2,2062
139,101,2062,8
2,139,8,10
2062,2,10,7
8,2062,7,2
10,8,2,163
7,10,163,9
2,7,9,160
163,2,160,29
9,163,29,57
160,9,57,44
29,160,44,212
57,29,212,564
44,57,564,7
212,44,7,1138
564,212,1138,86687
