10,16504,142,3
1340,10,3,49971
142,1340,49971,20
3,142,20,2335
49971,3,2335,291
20,49971,291,6092
2335,20,6092,2
291,2335,2,1357
6092,291,1357,1198
2,6092,1198,7
1357,2,7,333
1198,1357,333,5
7,1198,5,837
333,7,837,373
5,333,373,5140
837,5,5140,1561
373,837,1561,82
5140,373,82,2
1561,5140,2,503
82,1561,503,2487
2,82,2487,20438
503,2,20438,7462
2487,503,7462,18145
20438,2487,18145,1115
7462,20438,1115,82
18145,7462,82,40
1115,18145,40,17
82,1115,17,326
40,82,326,6
17,40,6,3
326,17,3,13779
6,326,13779,10
3,6,10,29
13779,3,29,15
10,13779,15,57
29,10,57,41
15,29,41,2223
57,15,2223,447
41,57,447,4
2223,41,4,3251
447,2223,3251,5140
4,447,5140,40
3251,4,40,483
5140,3251,483,10
40,5140,10,1431
483,40,1431,1218
10,483,1218,15
1431,10,15,81486
1218,1431,81486,537
15,1218,537,94148
81486,15,94148,2692
537,81486,2692,4
94148,537,4,7443
2692,94148,7443,11717
4,2692,11717,15
7443,4,15,2
11717,7443,2,7048
15,11717,7048,8706
2,15,8706,2
7048,2,2,3551
8706,7048,3551,4
2,8706,4,2
3551,2,2,1106
4,3551,1106,6352
2,4,6352,3251
1106,2,3251,55
6352,1106,55,704
3251,6352,704,10
55,3251,10,809
704,55,809,24
10,704,24,2
809,10,2,241
24,809,241,2613
2,24,2613,23386
241,2,23386,28
2613,241,28,556
23386,2613,556,176
28,23386,176,163
556,28,163,6
176,556,6,4526
163,176,4526,14
6,163,14,425
4526,6,425,3
14,4526,3,17
425,14,17,223
3,425,223,5940
17,3,5940,9
223,17,9,258
5940,223,258,5140
9,5940,5140,54
258,9,54,16
5140,258,16,786
54,5140,786,23
16,54,23,169
786,16,169,9143
23,786,9143,6389
169,23,6389,9
9143,169,9,303
6389,9143,303,19
9,6389,19,3566
303,9,3566,704
19,303,704,5140
3566,19,5140,151
704,3566,151,31
5140,704,31,16
151,5140,16,292
31,151,292,6
16,31,6,1837
292,16,1837,312
6,292,312,5
1837,6,5,68869
312,1837,68869,2055
5,312,2055,24
68869,5,24,13480
2055,68869,13480,559
24,2055,559,26
13480,24,26,55
559,13480,55,68
26,559,68,17
55,26,17,2541
68,55,2541,6
17,68,6,583
2541,17,583,794
6,2541,794,166
583,6,166,214
794,583,214,21837
166,794,21837,4
214,166,4,4647
21837,214,4647,733
4,21837,733,1517
4647,4,1517,1286
733,4647,1286,8969
1517,733,8969,62419
1286,1517,62419,28
8969,1286,28,184
62419,8969,184,3
28,62419,3,23386
184,28,23386,52
3,184,52,30
23386,3,30,18
52,23386,18,1410
30,52,1410,476
18,30,476,37
1410,18,37,11130
476,1410,11130,315
37,476,315,874
11130,37,874,803
315,11130,803,6710
874,315,6710,3237
803,874,3237,3
6710,803,3,17
3237,6710,17,418
3,3237,418,5
17,3,5,166
418,17,166,1636
5,418,1636,30
166,5,30,50
1636,166,50,398
30,1636,398,3094
50,30,3094,292
398,50,292,12
3094,398,12,156
292,3094,156,1938
12,292,1938,4
156,12,4,18
1938,156,18,170
4,1938,170,2343
18,4,2343,10
170,18,10,11700
2343,170,11700,564
10,2343,564,6
11700,10,6,1922
564,11700,1922,4
6,564,4,12704
1922,6,12704,23
4,1922,23,57
12704,4,57,166
23,12704,166,3911
57,23,3911,52
166,57,52,874
3911,166,874,18
52,3911,18,38
874,52,38,107
18,874,107,539
38,18,539,13
107,38,13,1126
539,107,1126,3
13,539,3,235
1126,13,235,446
3,1126,446,15
235,3,15,2
446,235,2,5140
15,446,5140,3094
2,15,3094,5
5140,2,5,1026
3094,5140,1026,228
5,3094,228,32901
1026,5,32901,8
228,1026,8,7
32901,228,7,6170
8,32901,6170,15
7,8,15,51
6170,7,51,7
15,6170,7,1615
51,15,1615,2
7,51,2,96856
1615,7,96856,1771
2,1615,1771,8
96856,2,8,7
1771,96856,7,118
8,1771,118,65190
7,8,65190,1013
118,7,1013,3
65190,118,3,2
1013,65190,2,53974
3,1013,53974,806
2,3,806,1223
53974,2,1223,10
806,53974,10,14
1223,806,14,99
10,1223,99,1872
14,10,1872,23
99,14,23,2
1872,99,2,3231
23,1872,3231,62
2,23,62,544
3231,2,544,6
62,3231,6,66
544,62,66,4
6,544,4,14
66,6,14,5032
4,66,5032,3
14,4,3,18
5032,14,18,47
3,5032,47,1448
18,3,1448,9
47,18,9,676
1448,47,676,5459
9,1448,5459,9
676,9,9,84
5459,676,84,10
9,5459,10,99
84,9,99,262
10,84,262,7
99,10,7,3
262,99,3,3425
7,262,3425,539
3,7,539,36970
3425,3,36970,1922
539,3425,1922,88
36970,539,88,5531
1922,36970,5531,301
88,1922,301,7
5531,88,7,8
301,5531,8,10
7,301,10,7
8,7,7,807
10,8,807,3
7,10,3,42
807,7,42,5
3,807,5,88
42,3,88,921
5,42,921,17683
88,5,17683,12
921,88,12,1473
17683,921,1473,142
12,17683,142,117
1473,12,117,5
142,1473,5,20
117,142,20,4582
5,117,4582,214
20,5,214,5140
4582,20,5140,7
214,4582,7,3634
5140,214,3634,22154
7,5140,22154,3
3634,7,3,539
22154,3634,539,17683
3,22154,17683,120
539,3,120,10
17683,539,10,13
120,17683,13,656
10,120,656,3
13,10,3,3465
656,13,3465,427
3,656,427,32901
3465,3,32901,1754
427,3465,1754,3425
32901,427,3425,1283
1754,32901,1283,447
3425,1754,447,4
1283,3425,4,13
447,1283,13,1373
4,447,1373,1792
13,4,1792,8
1373,13,8,91
1792,1373,91,6705
8,1792,6705,2954
91,8,2954,104
6705,91,104,3465
2954,6705,3465,427
104,2954,427,276
3465,104,276,5140
427,3465,5140,89422
276,427,89422,6550
5140,276,6550,191
89422,5140,191,149
6550,89422,149,820
191,6550,820,12702
149,191,12702,6550
820,149,6550,4228
12702,820,4228,6
6550,12702,6,5140
4228,6550,5140,17683
6,4228,17683,1335
5140,6,1335,7
17683,5140,7,53
1335,17683,53,3
7,1335,3,4148
53,7,4148,4582
3,53,4582,2726
4148,3,2726,4228
4582,4148,4228,4
2726,4582,4,37318
4228,2726,37318,12591
4,4228,12591,5
37318,4,5,104
12591,37318,104,1771
5,12591,1771,28
104,5,28,19004
1771,104,19004,288
28,1771,288,4
19004,28,4,214
288,19004,214,937
4,288,937,6
214,4,6,2
937,214,2,181
6,937,181,307
2,6,307,298
181,2,298,8
307,181,8,2759
298,307,2759,539
8,298,539,7698
2759,8,7698,213
539,2759,213,974
7698,539,974,315
213,7698,315,884
974,213,884,333
315,974,333,20
884,315,20,1243
333,884,1243,3
20,333,3,3465
1243,20,3465,427
3,1243,427,7
3465,3,7,2
427,3465,2,39
7,427,39,1420
2,7,1420,6
39,2,6,5140
1420,39,5140,5056
6,1420,5056,625
5140,6,625,8
5056,5140,8,68
625,5056,68,13
8,625,13,47
68,8,47,2206
13,68,2206,3
47,13,3,2
2206,47,2,6149
3,2206,6149,9
2,3,9,5140
6149,2,5140,82
9,6149,82,1615
5140,9,1615,4
82,5140,4,1236
1615,82,1236,3465
4,1615,3465,1332
1236,4,1332,168
3465,1236,168,96108
1332,3465,96108,294
168,1332,294,2473
96108,168,2473,26
294,96108,26,55
2473,294,55,3055
26,2473,3055,61
55,26,61,38
3055,55,38,2726
61,3055,2726,428
38,61,428,174
2726,38,174,27277
428,2726,27277,482
174,428,482,18
27277,174,18,364
482,27277,364,5140
18,482,5140,8
364,18,8,55
5140,364,55,1346
8,5140,1346,3
55,8,3,4028
1346,55,4028,4
3,1346,4,5140
4028,3,5140,8
4,4028,8,55
5140,4,55,1346
8,5140,1346,1786
55,8,1786,646
1346,55,646,6
1786,1346,6,27669
646,1786,27669,301
6,646,301,59
27669,6,59,2541
301,27669,2541,3
59,301,3,3756
2541,59,3756,148
3,2541,148,247
3756,3,247,136
148,3756,136,41
247,148,41,14293
136,247,14293,3501
41,136,3501,45
14293,41,45,50
3501,14293,50,2104
45,3501,2104,6
50,45,6,43
2104,50,43,9
6,2104,9,482
43,6,482,59
9,43,59,2
482,9,2,5140
59,482,5140,6
2,59,6,3868
5140,2,3868,14
6,5140,14,91
3868,6,91,3
14,3868,3,1843
91,14,1843,2
3,91,2,4592
1843,3,4592,5
2,1843,5,2487
4592,2,2487,3
5,4592,3,2
2487,5,2,43
3,2487,43,553
2,3,553,894
43,2,894,176
553,43,176,819
894,553,819,2
176,894,2,4018
819,176,4018,447
2,819,447,5051
4018,2,5051,5
447,4018,5,2247
5051,447,2247,3387
5,5051,3387,23
2247,5,23,275
3387,2247,275,6
23,3387,6,8
275,23,8,187
6,275,187,2
8,6,2,399
187,8,399,146
2,187,146,335
399,2,335,29
146,399,29,10
335,146,10,7
29,335,7,118
10,29,118,2197
7,10,2197,2
118,7,2,2
2197,118,2,20789
2,2197,20789,525
2,2,525,1082
20789,2,1082,3
525,20789,3,2528
1082,525,2528,91
3,1082,91,5
2528,3,5,2795
91,2528,2795,5140
5,91,5140,136
2795,5,136,2
5140,2795,2,30
136,5140,30,18
2,136,18,388
30,2,388,15
18,30,15,91
388,18,91,5
15,388,5,2147
91,15,2147,1012
5,91,1012,14
2147,5,14,370
1012,2147,370,1504
14,1012,1504,3
370,14,3,2799
1504,370,2799,82
3,1504,82,7162
2799,3,7162,362
82,2799,362,82
7162,82,82,29
362,7162,29,53
82,362,53,13
29,82,13,47
53,29,47,2
13,53,2,961
47,13,961,926
2,47,926,5
961,2,5,95
926,961,95,31
5,926,31,16
95,5,16,2520
31,95,2520,9135
16,31,9135,1432
2520,16,1432,176
9135,2520,176,2147
1432,9135,2147,2
176,1432,2,256
2147,176,256,11894
2,2147,11894,481
256,2,481,10
11894,256,10,230
481,11894,230,17
10,481,17,2906
230,10,2906,5851
17,230,5851,1450
2906,17,1450,7
5851,2906,7,1678
1450,5851,1678,12
7,1450,12,760
1678,7,760,2
12,1678,2,2147
760,12,2147,8
2,760,8,7
2147,2,7,6170
8,2147,6170,15
7,8,15,2
6170,7,2,12324
15,6170,12324,419
2,15,419,184
12324,2,184,3
419,12324,3,2
184,419,2,264
3,184,264,181
2,3,181,19
264,2,19,444
181,264,444,401
19,181,401,1269
444,19,1269,21
401,444,21,86
1269,401,86,34
21,1269,34,2147
86,21,2147,17
34,86,17,6170
2147,34,6170,15
17,2147,15,5851
6170,17,5851,29
15,6170,29,53
5851,15,53,7
29,5851,7,68
53,29,68,358
7,53,358,5
68,7,5,81
358,68,81,118
5,358,118,7698
81,5,7698,1874
118,81,1874,8
7698,118,8,4
1874,7698,4,1441
8,1874,1441,399
4,8,399,635
1441,4,635,2350
399,1441,2350,17
635,399,17,816
2350,635,816,3
17,2350,3,3492
816,17,3492,2147
3,816,2147,20
3492,3,20,7
2147,3492,7,340
20,2147,340,260
7,20,260,118
340,7,118,42
260,340,42,6
118,260,6,1442
42,118,1442,99
6,42,99,133
1442,6,133,3
99,1442,3,18
133,99,18,1507
3,133,1507,91
18,3,91,5
1507,18,5,2147
91,1507,2147,4996
5,91,4996,15
2147,5,15,22544
4996,2147,22544,537
15,4996,537,4
22544,15,4,72
537,22544,72,20
4,537,20,153
72,4,153,1149
20,72,1149,7659
153,20,7659,700
1149,153,700,13
7659,1149,13,2
700,7659,2,1468
13,700,1468,3115
2,13,3115,1726
1468,2,1726,657
3115,1468,657,204
1726,3115,204,7
657,1726,7,2489
204,657,2489,4
7,204,4,839
2489,7,839,5
4,2489,5,5140
839,4,5140,4
5,839,4,2147
5140,5,2147,3
4,5140,3,123
2147,4,123,12
3,2147,12,10
123,3,10,2006
12,123,2006,1689
10,12,1689,1171
2006,10,1171,6358
1689,2006,6358,41833
1171,1689,41833,1857
6358,1171,1857,398
41833,6358,398,1131
1857,41833,1131,209
398,1857,209,20
1131,398,20,1851
209,1131,1851,64
20,209,64,752
1851,20,752,313
64,1851,313,25
752,64,25,3538
313,752,3538,12040
25,313,12040,1003
3538,25,1003,30
12040,3538,30,16
1003,12040,16,2406
30,1003,2406,2
16,30,2,1497
2406,16,1497,1130
2,2406,1130,12010
1497,2,12010,5
1130,1497,5,3049
12010,1130,3049,11058
5,12010,11058,5056
3049,5,5056,625
11058,3049,625,525
5056,11058,525,15
625,5056,15,105
525,625,105,34
15,525,34,3
105,15,3,218
34,105,218,1724
3,34,1724,5140
218,3,5140,41
1724,218,41,4
5140,1724,4,41
41,5140,41,9161
4,41,9161,2
41,4,2,26
9161,41,26,1518
2,9161,1518,56
26,2,56,1349
1518,26,1349,4987
56,1518,4987,5
1349,56,5,215
4987,1349,215,4
5,4987,4,176
215,5,176,76
4,215,76,755
176,4,755,653
76,176,653,8
755,76,8,10063
653,755,10063,5
8,653,5,11058
10063,8,11058,34
5,10063,34,4822
11058,5,4822,90
34,11058,90,5
4822,34,5,1494
90,4822,1494,30
5,90,30,18
1494,5,18,388
30,1494,388,24
18,30,24,67
388,18,67,215
24,388,215,4
67,24,4,176
215,67,176,29
4,215,29,7
176,4,7,8
29,176,8,1420
7,29,1420,30
8,7,30,16
1420,8,16,340
30,1420,340,1649
16,30,1649,36
340,16,36,34
1649,340,34,8011
36,1649,8011,213
34,36,213,5
8011,34,5,1311
213,8011,1311,302
5,213,302,4583
1311,5,4583,345
302,1311,345,3
4583,302,3,80
345,4583,80,1189
3,345,1189,73861
80,3,73861,5459
1189,80,5459,4
73861,1189,4,936
5459,73861,936,6739
4,5459,6739,652
936,4,652,863
6739,936,863,9
652,6739,9,32404
863,652,32404,20
9,863,20,463
32404,9,463,132
20,32404,132,17
463,20,17,12780
132,463,12780,6
17,132,6,177
12780,17,177,36
6,12780,36,6
177,6,6,601
36,177,601,15
6,36,15,824
601,6,824,6156
15,601,6156,4
824,15,4,333
6156,824,333,1243
300,63,2,4428
3018,300,4428,3270
2,3018,3270,3195
4428,2,3195,19
3270,4428,19,1347
3195,3270,1347,304
19,3195,304,12
1347,19,12,473
304,1347,473,8
12,304,8,2
473,12,2,1240
8,473,1240,35
2,8,35,40
1240,2,40,21
35,1240,21,17
40,35,17,1868
21,40,1868,12
17,21,12,22
1868,17,22,790
12,1868,790,1156
22,12,1156,1032
790,22,1032,624
1156,790,624,13
1032,1156,13,170
624,1032,170,1974
13,624,1974,8
170,13,8,11
1974,170,11,469
8,1974,469,555
11,8,555,3
469,11,3,2
555,469,2,5925
3,555,5925,1154
2,3,1154,203
5925,2,203,131
1154,5925,131,1169
203,1154,1169,7369
131,203,7369,999
1169,131,999,29
7369,1169,29,1072
999,7369,1072,477
29,999,477,3
1072,29,3,18
477,1072,18,47
3,477,47,42
18,3,42,15
47,18,15,119
42,47,119,111
15,42,111,2017
119,15,2017,86
111,119,86,88
2017,111,88,30651
86,2017,30651,5
88,86,5,74158
30651,88,74158,3
5,30651,3,4835
74158,5,4835,10
3,74158,10,66347
4835,3,66347,1337
10,4835,1337,8
66347,10,8,8
1337,66347,8,359
8,1337,359,5
8,8,5,1246
359,8,1246,14
5,359,14,2902
1246,5,2902,3
14,1246,3,51
2902,14,51,7
3,2902,7,325
51,3,325,5
7,51,5,546
325,7,546,2153
5,325,2153,8
546,5,8,782
2153,546,782,546
8,2153,546,14
782,8,14,3293
546,782,3293,292
14,546,292,12
3293,14,12,1804
292,3293,1804,1048
12,292,1048,1860
1804,12,1860,4
1048,1804,4,147
1860,1048,147,3
4,1860,3,18
147,4,18,2
3,147,2,1048
18,3,1048,1860
2,18,1860,1156
1048,2,1156,923
1860,1048,923,13
1156,1860,13,47
923,1156,47,4210
13,923,4210,12
47,13,12,1663
4210,47,1663,6
12,4210,6,133
1663,12,133,118
6,1663,118,2154
133,6,2154,2748
118,133,2748,4
2154,118,4,2636
2748,2154,2636,28
4,2748,28,71
2636,4,71,4
28,2636,4,7
71,28,7,113
4,71,113,8
7,4,8,8
113,7,8,7
8,113,7,51
8,8,51,325
7,8,325,37
51,7,37,1156
325,51,1156,923
37,325,923,52
1156,37,52,8
923,1156,8,7
52,923,7,182
8,52,182,140
7,8,140,7
182,7,7,113
140,182,113,8
7,140,8,21
113,7,21,86
8,113,86,115
21,8,115,10
86,21,10,276
115,86,276,3487
10,115,3487,3
276,10,3,1780
3487,276,1780,31
3,3487,31,25
1780,3,25,178
31,1780,178,6
25,31,6,2
178,25,2,1048
6,178,1048,35
2,6,35,29
1048,2,29,10
35,1048,10,68
29,35,68,7
10,29,7,113
68,10,113,483
7,68,483,3
113,7,3,6607
483,113,6607,1874
3,483,1874,5
6607,3,5,923
1874,6607,923,6
5,1874,6,16864
923,5,16864,22
6,923,22,99
16864,6,99,166
22,16864,166,300
99,22,300,12
166,99,12,298
300,166,298,85
12,300,85,6
298,12,6,546
85,298,546,71
6,85,71,6699
546,6,6699,10578
71,546,10578,14
6699,71,14,888
10578,6699,888,9
14,10578,9,1347
888,14,1347,85
9,888,85,44
1347,9,44,1259
85,1347,1259,37
44,85,37,916
1259,44,916,1156
37,1259,1156,114
916,37,114,110
1156,916,110,3
114,1156,3,199
110,114,199,6
3,110,6,96381
199,3,96381,11
6,199,11,1098
96381,6,1098,3
11,96381,3,319
1098,11,319,400
3,1098,400,15
319,3,15,1156
400,319,1156,92
15,400,92,12
1156,15,12,215
92,1156,215,4
12,92,4,625
215,12,625,559
4,215,559,71
625,4,71,877
559,625,877,3
71,559,3,44
877,71,44,229
3,877,229,143
44,3,143,35
229,44,35,40
143,229,40,218
35,143,218,3
40,35,3,1365
218,40,1365,1240
3,218,1240,315
1365,3,315,3
1240,1365,3,1354
315,1240,1354,12300
3,315,12300,168
1354,3,168,143
12300,1354,143,226
168,12300,226,6
143,168,6,2
226,143,2,951
6,226,951,1110
2,6,1110,103
951,2,103,13
1110,951,13,12
103,1110,12,429
13,103,429,11
12,13,11,28
429,12,28,11
11,429,11,1337
28,11,1337,3
11,28,3,1347
1337,11,1347,8
3,1337,8,10
1347,3,10,7
8,1347,7,110
10,8,110,3
7,10,3,17
110,7,17,490
3,110,490,3
17,3,3,346
490,17,346,2
3,490,2,1082
346,3,1082,120
2,346,120,45
1082,2,45,16
120,1082,16,1638
45,120,1638,3410
16,45,3410,8
1638,16,8,1505
3410,1638,1505,16
8,3410,16,40824
1505,8,40824,123
16,1505,123,89
40824,16,89,23
123,40824,23,22
89,123,22,357
23,89,357,59
22,23,59,11
357,22,11,28
59,357,28,8
11,59,8,10
28,11,10,40
8,28,40,505
10,8,505,171
40,10,171,22
505,40,22,1032
171,505,1032,30004
