5,2523,1648,161
5145,5,161,5
1648,5145,5,54
161,1648,54,16
5,161,16,1232
54,5,1232,19
16,54,19,1387
1232,16,1387,4
19,1232,4,414
1387,19,414,141
4,1387,141,6
414,4,6,143
141,414,143,2892
6,141,2892,106
143,6,106,3
2892,143,3,549
106,2892,549,414
3,106,414,543
549,3,543,15
414,549,15,38
543,414,38,2319
15,543,2319,106
38,15,106,67
2319,38,67,21402
106,2319,21402,2971
67,106,2971,7
21402,67,7,37
2971,21402,37,731
7,2971,731,3120
37,7,3120,414
731,37,414,543
3120,731,543,33
414,3120,33,18
543,414,18,2
33,543,2,273
18,33,273,335
2,18,335,3
273,2,3,96
335,273,96,3
3,335,3,2
96,3,2,3
3,96,3,21402
2,3,21402,1969
3,2,1969,4
21402,3,4,2690
1969,21402,2690,1164
4,1969,1164,13
2690,4,13,1443
1164,2690,1443,578
13,1164,578,4
1443,13,4,1057
578,1443,1057,2690
4,578,2690,9941
1057,4,9941,309
2690,1057,309,54
9941,2690,54,13
309,9941,13,2925
54,309,2925,2194
13,54,2194,35
2925,13,35,5
2194,2925,5,731
35,2194,731,3221
5,35,3221,197
731,5,197,3897
3221,731,3897,4
197,3221,4,1378
3897,197,1378,3
4,3897,3,12026
1378,4,12026,15
3,1378,15,81
12026,3,81,4
15,12026,4,729
81,15,729,2
4,81,2,39
729,4,39,226
2,729,226,570
39,2,570,309
226,39,309,14
570,226,14,1057
309,570,1057,19
14,309,19,1164
1057,14,1164,4152
19,1057,4152,14661
1164,19,14661,4
4152,1164,4,1799
14661,4152,1799,751
4,14661,751,42644
1799,4,42644,31
751,1799,31,28
42644,751,28,8
31,42644,8,18675
28,31,18675,734
8,28,734,16
18675,8,16,64
734,18675,64,752
16,734,752,734
64,16,734,621
752,64,621,19
734,752,19,798
621,734,798,5
19,621,5,143
798,19,143,35
5,798,35,4
143,5,4,8
35,143,8,3120
4,35,3120,15
8,4,15,104
3120,8,104,57
15,3120,57,35
104,15,35,3
57,104,3,392
35,57,392,2
3,35,2,39
392,3,39,226
2,392,226,7
39,2,7,2
226,39,2,3945
7,226,3945,107
2,7,107,3
3945,2,3,155
107,3945,155,845
3,107,845,301
155,3,301,72
845,155,72,509
301,845,509,75
72,301,75,309
509,72,309,14
75,509,14,1057
309,75,1057,26
14,309,26,4683
1057,14,4683,10
26,1057,10,91
4683,26,91,3
10,4683,3,869
91,10,869,5
3,91,5,581
869,3,581,26
5,869,26,796
581,5,796,6
26,581,6,401
796,26,401,231
6,796,231,108
401,6,108,42644
231,401,42644,28
108,231,28,8
42644,108,8,26
28,42644,26,50
8,28,50,2730
26,8,2730,439
50,26,439,447
2730,50,447,4
439,2730,4,8
447,439,8,38
4,447,38,578
8,4,578,7
38,8,7,21
578,38,21,37
7,578,37,1311
21,7,1311,4038
37,21,4038,25
1311,37,25,10
4038,1311,10,14
25,4038,14,325
10,25,325,3
14,10,3,3787
325,14,3787,10
3,325,10,23
3787,3,23,20
10,3787,20,60
23,10,60,286
20,23,286,2690
60,20,2690,13
286,60,13,3199
2690,286,3199,38
13,2690,38,9941
3199,13,9941,69
38,3199,69,9
9941,38,9,84
69,9941,84,731
9,69,731,69
84,9,69,7
731,84,7,961
69,731,961,2038
7,69,2038,15
961,7,15,598
2038,961,598,876
15,2038,876,5
598,15,5,9941
876,598,9941,72
5,876,72,205
9941,5,205,404
72,9941,404,30
205,72,30,84
404,205,84,18
30,404,18,88
84,30,88,7507
18,84,7507,35
88,18,35,6
7507,88,6,43
35,7507,43,876
6,35,876,5
43,6,5,9941
876,43,9941,2
5,876,2,149
9941,5,149,2118
2,9941,2118,5
149,2,5,42
2118,149,42,105
5,2118,105,2120
42,5,2120,10
105,42,10,7
2120,105,7,314
10,2120,314,3
7,10,3,137
314,7,137,8
3,314,8,45
137,3,45,16
8,137,16,961
45,8,961,13996
16,45,13996,4
961,16,4,8
13996,961,8,271
4,13996,271,7
8,4,7,110
271,8,110,3
7,271,3,18
110,7,18,3
3,110,3,276
18,3,276,4
3,18,4,276
276,3,276,850
4,276,850,62
276,4,62,25
850,276,25,33
62,850,33,137
25,62,137,20
33,25,20,1568
137,33,1568,56
20,137,56,34
1568,20,34,731
56,1568,731,17
34,56,17,458
731,34,458,3
17,731,3,12026
458,17,12026,4
3,458,4,34
12026,3,34,57
4,12026,57,35
34,4,35,1166
57,34,1166,81
35,57,81,34
1166,35,34,43
81,1166,43,233
34,81,233,609
43,34,609,271
233,43,271,73
609,233,73,20
271,609,20,3
73,271,3,505
20,73,505,34
3,20,34,1408
505,3,1408,17
34,505,17,284
599,99,2,736
7,599,736,3271
2,7,3271,24
736,2,24,966
3271,736,966,310
24,3271,310,4
966,24,4,1472
310,966,1472,105
4,310,105,1882
1472,4,1882,12
105,1472,12,44
1882,105,44,88
12,1882,88,344
44,12,344,105
88,44,105,1030
344,88,1030,4
105,344,4,206
1030,105,206,26
4,1030,26,80154
206,4,80154,3246
26,206,3246,149
80154,26,149,50
3246,80154,50,945
149,3246,945,164
50,149,164,78
945,50,78,32
164,945,32,4
78,164,4,138
32,78,138,27
4,32,27,1904
138,4,1904,2550
27,138,2550,198
1904,27,198,6
2550,1904,6,38
198,2550,38,99
6,198,99,127
38,6,127,185
99,38,185,23
127,99,23,10895
185,127,10895,393
23,185,393,395
10895,23,395,10
393,10895,10,4078
395,393,4078,88
10,395,88,6487
4078,10,6487,330
88,4078,330,25
6487,88,25,239
330,6487,239,5
25,330,5,85
239,25,85,123
5,239,123,16
85,5,16,2454
123,85,2454,15
16,123,15,264
2454,16,264,199
15,2454,199,998
264,15,998,150
199,264,150,237
998,199,237,1573
150,998,1573,24
237,150,24,2
1573,237,2,20080
24,1573,20080,345
2,24,345,9
20080,2,9,32
345,20080,32,6
9,345,6,16242
32,9,16242,3
6,32,3,2
16242,6,2,35058
3,16242,35058,807
2,3,807,6
35058,2,6,2356
807,35058,2356,53
6,807,53,16
2356,6,16,566
53,2356,566,9327
16,53,9327,50
566,16,50,1685
9327,566,1685,2611
50,9327,2611,79
1685,50,79,59659
2611,1685,59659,138
79,2611,138,27
59659,79,27,62
138,59659,62,61
27,138,61,75
62,27,75,8484
61,62,8484,89
75,61,89,74
8484,75,74,128
89,8484,128,205
74,89,205,211
128,74,211,171
205,128,171,202
211,205,202,185
171,211,185,1614
202,171,1614,50
185,202,50,1049
1614,185,1049,2084
50,1614,2084,31
1049,50,31,27
2084,1049,27,7
31,2084,7,11
27,31,11,1895
7,27,1895,5767
11,7,5767,15
1895,11,15,12880
5767,1895,12880,4
15,5767,4,18670
12880,15,18670,704
4,12880,704,4
18670,4,4,9718
704,18670,9718,12
4,704,12,188
9718,4,188,29
12,9718,29,53
188,12,53,1307
29,188,1307,8
53,29,8,2
1307,53,2,382
8,1307,382,27
2,8,27,77
382,2,77,62
27,382,62,61
77,27,61,1904
62,77,1904,29
61,62,29,52
1904,61,52,30
29,1904,30,50
52,29,50,6
30,52,6,1609
50,30,1609,2756
6,50,2756,30
1609,6,30,325
2756,1609,325,1892
30,2756,1892,12
325,30,12,27
1892,325,27,30
12,1892,30,116
27,12,116,998
30,27,998,61
116,30,61,72
998,116,72,137
61,998,137,27
72,61,27,17032
137,72,17032,3749
27,137,3749,1475
17032,27,1475,24
3749,17032,24,74
1475,3749,74,105501
24,1475,105501,78
74,24,78,32
105501,74,32,154
78,105501,154,3
32,78,3,671
154,32,671,1404
3,154,1404,30
671,3,30,821
1404,671,821,757
30,1404,757,128
821,30,128,1038
757,821,1038,66
128,757,66,1685
1038,128,1685,32
66,1038,32,23
1685,66,23,127
32,1685,127,185
23,32,185,4
127,23,4,11
185,127,11,201
4,185,201,1062
11,4,1062,11
201,11,11,2
1062,201,2,159
11,1062,159,1164
2,11,1164,32
159,2,32,14
1164,159,14,23
32,1164,23,49
14,32,49,1428
23,14,1428,325
49,23,325,128
1428,49,128,318
325,1428,318,6
128,325,6,8
318,128,8,99
6,318,99,135
8,6,135,185
99,8,185,120
135,99,120,11
185,135,11,866
120,185,866,2005
11,120,2005,231
866,11,231,494
2005,866,494,145
231,2005,145,4
494,231,4,49
145,494,49,57
4,145,57,895
49,4,895,29
57,49,29,32
895,57,32,68
29,895,68,13
32,29,13,13
68,32,13,76
13,68,76,10416
13,13,10416,1538
76,13,1538,113
10416,76,113,5
1538,10416,5,8
113,1538,8,135
5,113,135,185
8,5,185,6
135,8,6,452
185,135,452,101
6,185,101,75
452,6,75,890
101,452,890,430
75,101,430,167
890,75,167,4
430,890,4,53
167,430,53,14
4,167,14,49
53,4,49,12546
14,53,12546,4105
49,14,4105,532
12546,49,532,59
4105,12546,59,2067
532,4105,2067,20718
59,532,20718,331
2067,59,331,49
20718,2067,49,37
331,20718,37,1399
49,331,1399,1314
37,49,1314,9
1399,37,9,2161
1314,1399,2161,602
9,1314,602,6
2161,9,6,1547
602,2161,1547,115
6,602,115,27
1547,6,27,4535
115,1547,4535,6
27,115,6,22
4535,27,22,99
6,4535,99,6361
22,6,6361,185
99,22,185,8
6361,99,8,101
185,6361,101,1904
8,185,1904,34
101,8,34,17
1904,101,17,99
34,1904,99,60
17,34,60,8
99,17,8,27
60,99,27,13
8,60,13,367
27,8,367,185
13,27,185,4
367,13,4,895
185,367,895,6361
4,185,6361,962
895,4,962,11
6361,895,11,5854
962,6361,5854,4
11,962,4,1119
5854,11,1119,551
4,5854,551,1920
1119,4,1920,171
551,1119,171,202
1920,551,202,185
171,1920,185,1614
202,171,1614,15
185,202,15,2
1614,185,2,90
15,1614,90,2
2,15,2,1038
90,2,1038,3
2,90,3,57
1038,2,57,58
3,1038,58,12
57,3,12,695
58,57,695,25
12,58,25,80
695,12,80,286
25,695,286,11
80,25,11,14
286,80,14,445
11,286,445,6
14,11,6,3939
445,14,3939,11
6,445,11,86
3939,6,86,13
11,3939,13,3
86,11,3,628
13,86,628,985
3,13,985,6
628,3,6,2
985,628,2,11466
6,985,11466,185
2,6,185,1904
11466,2,1904,34
185,11466,34,17
1904,185,17,37467
34,1904,37467,115
17,34,115,32
37467,17,32,4535
115,37467,4535,6
32,115,6,1451
4535,32,1451,198
6,4535,198,102
1451,6,102,2470
198,1451,2470,11135
102,198,11135,1873
2470,102,1873,6
11135,2470,6,22
1873,11135,22,5376
6,1873,5376,5
22,6,5,1904
5376,22,1904,185
5,5376,185,2948
1904,5,2948,892
185,1904,892,35936
2948,185,35936,2849
892,2948,2849,2505
35936,892,2505,12894
2849,35936,12894,5971
2505,2849,5971,36540
12894,2505,36540,6
5971,12894,6,90
36540,5971,90,107
6,36540,107,1538
90,6,1538,5
107,90,5,138
1538,107,138,27
5,1538,27,2654
138,5,2654,180
27,138,180,5
2654,27,5,1873
180,2654,1873,54891
5,180,54891,4
1873,5,4,38
54891,1873,38,4352
4,54891,4352,5043
38,4,5043,36540
4352,38,36540,28
5043,4352,28,6
36540,5043,6,316
28,36540,316,3
6,28,3,10279
316,6,10279,970
3,316,970,1873
10279,3,1873,1279
970,10279,1279,3
1873,970,3,691
1279,1873,691,6
3,1279,6,4352
691,3,4352,8627
6,691,8627,2863
4352,6,2863,6539
8627,4352,6539,2725
2863,8627,2725,20736
6539,2863,20736,22280
2725,6539,22280,585
20736,2725,585,7648
22280,20736,7648,5809
585,22280,5809,3285
7648,585,3285,1342
5809,7648,1342,41
3285,5809,41,7995
1342,3285,7995,4
41,1342,4,37555
7995,41,37555,2725
4,7995,2725,4124
37555,4,4124,626
2725,37555,626,7
4124,2725,7,253
626,4124,253,3
7,626,3,691
253,7,691,6
3,253,6,8627
691,3,8627,4
6,691,4,752
8627,6,752,11
4,8627,11,7
752,4,7,253
11,752,253,3
7,11,3,1500
253,7,1500,8
3,253,8,423
1500,3,423,62
8,1500,62,32
423,8,32,1406
62,423,1406,77
32,62,77,17
1406,32,17,42
77,1406,42,5
17,77,5,88
42,17,88,344
5,42,344,177
88,5,177,3
344,88,3,1904
177,344,1904,35134
3,177,35134,505
1904,3,505,6
35134,1904,6,99
505,35134,99,985
6,505,985,2
99,6,2,2143
985,99,2143,3210
2,985,3210,67366
2143,2,67366,2383
3210,2143,2383,352
67366,3210,352,13
2383,67366,13,1407
352,2383,1407,8
13,352,8,88
1407,13,88,7201
8,1407,7201,532
88,8,532,5
7201,88,5,2
532,7201,2,185
5,532,185,2459
2,5,2459,505
185,2,505,341
2459,185,341,8
505,2459,8,59
341,505,59,1109
8,341,1109,2640
59,8,2640,99
1109,59,99,24886
2640,1109,24886,1491
99,2640,1491,690
24886,99,690,4875
1491,24886,4875,63
690,1491,63,71
4875,690,71,12
63,4875,12,22
71,63,22,4787
12,71,4787,4
22,12,4,1025
4787,22,1025,305
4,4787,305,544
1025,4,544,20
305,1025,20,66
544,305,66,12551
20,544,12551,6
66,20,6,4982
12551,66,4982,183
6,12551,183,631
4982,6,631,173
183,4982,173,46
631,183,46,74
173,631,74,4
46,173,4,74
74,46,74,4
4,74,4,74
74,4,74,10
4,74,10,59
74,4,59,2640
10,74,2640,630
59,10,630,7992
2640,59,7992,3
630,2640,3,3175
7992,630,3175,575
3,7992,575,978
3175,3,978,189
575,3175,189,905
978,575,905,1477
189,978,1477,1909
905,189,1909,14
1477,905,14,99
1909,1477,99,1693
14,1909,1693,9867
99,14,9867,351
1693,99,351,4369
9867,1693,4369,15
351,9867,15,2
4369,351,2,28913
15,4369,28913,171
2,15,171,2271
28913,2,2271,4873
171,28913,4873,4
2271,171,4,6099
4873,2271,6099,9
4,4873,9,6
6099,4,6,146
9,6099,146,16065
6,9,16065,2767
146,6,2767,8
16065,146,8,53
2767,16065,53,7
8,2767,7,64
53,8,64,2049
7,53,2049,5507
64,7,5507,5
2049,64,5,1268
5507,2049,1268,62974
5,5507,62974,185
1268,5,185,245
62974,1268,245,80172
185,62974,80172,4952
245,185,4952,194
80172,245,194,67
4952,80172,67,1580
194,4952,1580,453
67,194,453,34293
1580,67,34293,706
453,1580,706,4
34293,453,4,22
706,34293,22,661
4,706,661,21
22,4,21,245
661,22,245,615
21,661,615,23
245,21,23,20567
615,245,20567,1472
23,615,1472,12196
20567,23,12196,401
1472,20567,401,1269
12196,1472,1269,127
401,12196,127,199
1269,401,199,4
127,1269,4,764
199,127,764,85
4,199,85,284
764,4,284,170
85,764,170,53
284,85,53,7
170,284,7,86
53,170,86,42
7,53,42,69
86,7,69,120
42,86,120,185
69,42,185,132
120,69,132,18
185,120,18,146
132,185,146,2
18,132,2,718
146,18,718,841
2,146,841,46
718,2,46,6
841,718,6,207
46,841,207,57
6,46,57,187
207,6,187,94
57,207,94,8
187,57,8,186
94,187,186,110
8,94,110,79
186,8,79,185
110,186,185,2882
79,110,2882,61
185,79,61,817
2882,185,817,12
61,2882,12,85
817,61,85,44
12,817,44,4
85,12,4,3
44,85,3,17
4,44,17,1372
3,4,1372,37
17,3,37,162
1372,17,162,1109
37,1372,1109,2640
162,37,2640,340
1109,162,340,7
2640,1109,7,93
340,2640,93,41
7,340,41,106
93,7,106,65
41,93,65,58
106,41,58,575
65,106,575,978
58,65,978,189
575,58,189,29
978,575,29,182
189,978,182,906
29,189,906,645
182,29,645,25
906,182,25,5091
645,906,5091,46
25,645,46,120
5091,25,120,973
46,5091,973,106
120,46,106,7
973,120,7,1229
106,973,1229,46
7,106,46,217
1229,7,217,898
46,1229,898,62
217,46,62,2
898,217,2,1960
62,898,1960,9
2,62,9,94
1960,2,94,8
9,1960,8,186
94,9,186,6
8,94,6,199
186,8,199,110
6,186,110,79
199,6,79,185
110,199,185,1088
79,110,1088,517
185,79,517,85
1088,185,85,12
517,1088,12,57
85,517,57,435
12,85,435,5
57,12,5,114
435,57,114,6
5,435,6,67
114,5,67,39
6,114,39,16242
67,6,16242,199
39,67,199,28
16242,39,28,8
199,16242,8,185
28,199,185,34
8,28,34,17
185,8,17,536
34,185,536,1581
17,34,1581,344
536,17,344,36
1581,536,36,859
344,1581,859,344
36,344,344,6
859,36,6,3844
344,859,3844,38
6,344,38,106
3844,6,106,68
38,3844,68,25
106,38,25,17
68,106,17,1066
25,68,1066,52
17,25,52,2694
1066,17,2694,106
52,1066,106,6
2694,52,6,199
106,2694,199,483
6,106,483,3
199,6,3,1639
483,199,1639,75
3,483,75,1904
1639,3,1904,4
75,1639,4,62
1904,75,62,8
4,1904,8,106
62,4,106,93
8,62,93,3900
106,8,3900,6
93,106,6,13940
3900,93,13940,199
6,3900,199,34
13940,6,34,17
199,13940,17,344
34,199,344,3
17,34,3,105129
344,17,105129,3311
3,344,3311,24253
105129,3,24253,4
3311,105129,4,27403
24253,3311,27403,27211
4,24253,27211,11441
27403,4,11441,61
27211,27403,61,1904
11441,27211,1904,185
61,11441,185,201
1904,61,201,39
185,1904,39,9
201,185,9,27
39,201,27,58
9,39,58,44
27,9,44,7
58,27,7,8
44,58,8,2226
7,44,2226,9
8,7,9,22
2226,8,22,1538
9,2226,1538,16
22,9,16,37
1538,22,37,23
16,1538,23,1342
37,16,1342,1932
23,37,1932,122
1342,23,122,11
1932,1342,11,47
122,1932,47,41
11,122,41,2
47,11,2,41
41,47,41,3278
2,41,3278,6591
41,2,6591,6
3278,41,6,264
6591,3278,264,153
6,6591,153,11
264,6,11,1151
153,264,1151,3
11,153,3,942
1151,11,942,12
3,1151,12,519
942,3,519,4
12,942,4,661
519,12,661,4110
4,519,4110,188
661,4,188,194
4110,661,194,11
188,4110,11,68
194,188,68,13
11,194,13,208
68,11,208,322
13,68,322,3973
208,13,3973,3939
322,208,3939,5
3973,322,5,2
3939,3973,2,6361
5,3939,6361,185
2,5,185,22
6361,2,22,69
185,6361,69,615
22,185,615,3
69,22,3,3440
615,69,3440,22
3,615,22,8339
3440,3,8339,806
22,3440,806,366
8339,22,366,11
806,8339,11,18081
366,806,18081,3218
11,366,3218,185
18081,11,185,4449
3218,18081,4449,32
185,3218,32,1404
4449,185,1404,322
