376,20,108,2270
87,376,2270,84
108,87,84,4126
2270,108,4126,6
84,2270,6,1449
4126,84,1449,52
6,4126,52,11
1449,6,11,85361
32,78,6,904
1645,32,904,5
6,1645,5,695
904,6,695,170
5,904,170,353
695,5,353,9
170,695,9,1054
353,170,1054,381
9,353,381,1797
1054,9,1797,46
381,1054,46,254
1797,381,254,11
46,1797,11,1452
254,46,1452,509
11,254,509,126
1452,11,126,98
509,1452,98,5
126,509,5,232
98,126,232,5
5,98,5,1870
232,5,1870,2414
5,232,2414,333
1870,5,333,1298
2414,1870,1298,429
333,2414,429,8
1298,333,8,127
429,1298,127,287
8,429,287,78
127,8,78,32
287,127,32,13
78,287,13,47
32,78,47,1645
13,32,1645,6
47,13,6,904
1645,47,904,5
6,1645,5,149
904,6,149,6250
5,904,6250,456
149,5,456,695
6250,149,695,170
456,6250,170,776
695,456,776,17409
170,695,17409,20
776,170,20,736
17409,776,736,3
20,17409,3,1843
736,20,1843,49
3,736,49,381
1843,3,381,23
49,1843,23,135
381,49,135,150
23,381,150,440
135,23,440,5356
150,135,5356,19412
440,150,19412,2037
5356,440,2037,8720
19412,5356,8720,1827
2037,19412,1827,4666
8720,2037,4666,44
1827,8720,44,5
4666,1827,5,4570
44,4666,4570,14167
5,44,14167,75
4570,5,75,1444
14167,4570,1444,3888
75,14167,3888,259
1444,75,259,197
3888,1444,197,46
259,3888,46,254
197,259,254,11
46,197,11,13
254,46,13,2323
11,254,2323,1136
13,11,1136,1229
2323,13,1229,37
1136,2323,37,49
1229,1136,49,1043
37,1229,1043,1698
49,37,1698,4
1043,49,4,1677
1698,1043,1677,5096
4,1698,5096,170
1677,4,170,128
5096,1677,128,466
170,5096,466,891
128,170,891,8720
466,128,8720,872
891,466,872,5
8720,891,5,4647
872,8720,4647,269
5,872,269,2037
4647,5,2037,8720
269,4647,8720,134
2037,269,134,523
8720,2037,523,429
134,8720,429,8
523,134,8,14286
429,523,14286,19412
8,429,19412,2765
14286,8,2765,232
19412,14286,232,13
2765,19412,13,2229
232,2765,2229,4666
13,232,4666,44
2229,13,44,5
4666,2229,5,2
44,4666,2,4088
5,44,4088,4570
2,5,4570,14167
4088,2,14167,75
4570,4088,75,118
14167,4570,118,893
75,14167,893,74
118,75,74,9
893,118,9,135
74,893,135,823
9,74,823,127
135,9,127,259
823,135,259,1054
127,823,1054,381
259,127,381,7
1054,259,7,353
381,1054,353,2043
7,381,2043,3
353,7,3,44
2043,353,44,7
3,2043,7,2717
44,3,2717,6
7,44,6,12
2717,7,12,200
6,2717,200,4
12,6,4,78
200,12,78,454
4,200,454,1453
78,4,1453,100
454,78,100,2
1453,454,2,542
100,1453,542,5
2,100,5,32
542,2,32,347
5,542,347,607
32,5,607,2
347,32,2,78
607,347,78,31
2,607,31,157
78,2,157,208
31,78,208,93
157,31,93,3
208,157,3,137
93,208,137,42
3,93,42,11
137,3,11,796
42,137,796,454
11,42,454,1453
796,11,1453,27
454,796,27,1650
1453,454,1650,4
27,1453,4,2539
1650,27,2539,5
4,1650,5,882
2539,4,882,152
5,2539,152,445
882,5,445,424
152,882,424,3
445,152,3,243
424,445,243,22
3,424,22,357
243,3,357,79
22,243,79,76
357,22,76,1026
79,357,1026,5
76,79,5,1976
1026,76,1976,39
5,1026,39,249
1976,5,249,46
39,1976,46,7882
249,39,7882,8
46,249,8,1031
7882,46,1031,14
8,7882,14,72
1031,8,72,41
14,1031,41,416
72,14,416,5
41,72,5,797
416,41,797,100
5,416,100,2137
797,5,2137,102
100,797,102,89
2137,100,89,58
102,2137,58,127
89,102,127,287
58,89,287,138
127,58,138,27
287,127,27,35
138,287,35,429
27,138,429,8
35,27,8,11
429,35,11,14
8,429,14,1650
11,8,1650,4
14,11,4,2539
1650,14,2539,5
4,1650,5,882
2539,4,882,152
5,2539,152,445
882,5,445,2719
152,882,2719,3
445,152,3,236
2719,445,236,22
3,2719,22,357
236,3,357,79
22,236,79,76
357,22,76,359
79,357,359,5
76,79,5,1976
359,76,1976,31
5,359,31,876
1976,5,876,23
31,1976,23,1054
876,31,1054,44
23,876,44,164
1054,23,164,7
44,1054,7,2
164,44,2,2098
7,164,2098,3
2,7,3,372
2098,2,372,681
3,2098,681,31
372,3,31,34
681,372,34,17
31,681,17,3059
34,31,3059,4192
17,34,4192,12
3059,17,12,764
4192,3059,764,330
12,4192,330,5
764,12,5,135
330,764,135,150
5,330,150,440
135,5,440,2667
150,135,2667,19805
440,150,19805,11707
2667,440,11707,4118
19805,2667,4118,6427
11707,19805,6427,19
4118,11707,19,51
6427,4118,51,22
19,6427,22,5829
51,19,5829,4280
22,51,4280,1045
5829,22,1045,230
4280,5829,230,17
1045,4280,17,377
230,1045,377,56
17,230,56,12
377,17,12,1054
56,377,1054,1616
12,56,1616,1797
1054,12,1797,46
1616,1054,46,2655
1797,1616,2655,3
46,1797,3,361
2655,46,361,491
3,2655,491,24
361,3,24,7671
491,361,7671,2882
24,491,2882,3244
7671,24,3244,5
2882,7671,5,6556
3244,2882,6556,6006
5,3244,6006,22
6556,5,22,5800
6006,6556,5800,4
22,6006,4,9613
5800,22,9613,570
4,5800,570,13567
9613,4,13567,4
570,9613,4,19805
13567,570,19805,598
4,13567,598,2332
19805,4,2332,11707
598,19805,11707,4118
2332,598,4118,14
11707,2332,14,1454
4118,11707,1454,6427
14,4118,6427,19
1454,14,19,51
6427,1454,51,22
19,6427,22,5829
51,19,5829,4280
22,51,4280,1045
5829,22,1045,269
4280,5829,269,5
1045,4280,5,2093
269,1045,2093,4
5,269,4,2744
2093,5,2744,974
4,2093,974,2591
2744,4,2591,4118
974,2744,4118,230
2591,974,230,17
4118,2591,17,56
230,4118,56,377
17,230,377,12
56,17,12,1616
377,56,1616,5
12,377,5,1054
1616,12,1054,429
5,1616,429,71
1054,5,71,78
429,1054,78,34
71,429,34,431
78,71,431,3
34,78,3,789
431,34,789,130
3,431,130,2341
789,3,2341,80
130,789,80,1519
2341,130,1519,21711
80,2341,21711,177
1519,80,177,100
21711,1519,100,1797
177,21711,1797,46
100,177,46,7882
1797,100,7882,159
46,1797,159,269
7882,46,269,5
159,7882,5,35
269,159,35,9405
5,269,9405,4
35,5,4,14010
9405,35,14010,171
4,9405,171,22
14010,4,22,135
171,14010,135,150
22,171,150,440
135,22,440,16
150,135,16,442
440,150,442,330
16,440,330,63
442,16,63,617
330,442,617,71
63,330,71,1673
617,63,1673,78
71,617,78,32
1673,71,32,2
78,1673,2,480
32,78,480,31
2,32,31,40
480,2,40,179
31,480,179,9830
40,31,9830,3
179,40,3,1361
9830,179,1361,4
3,9830,4,1108
1361,3,1108,2341
4,1361,2341,11
1108,4,11,13
2341,1108,13,1326
11,2341,1326,80
13,11,80,1519
1326,13,1519,11831
80,1326,11831,177
1519,80,177,2067
11831,1519,2067,2024
177,11831,2024,1003
2067,177,1003,11079
2024,2067,11079,56
1003,2024,56,6
11079,1003,6,311
56,11079,311,5
6,56,5,6484
311,6,6484,823
5,311,823,127
6484,5,127,3741
823,6484,3741,381
127,823,381,1797
3741,127,1797,46
381,3741,46,3341
1797,381,3341,234
46,1797,234,5
3341,46,5,896
234,3341,896,14403
5,234,14403,12
896,5,12,22
14403,896,22,322
12,14403,322,4
22,12,4,2158
322,22,2158,62
4,322,62,11
2158,4,11,1296
62,2158,1296,16322
11,62,16322,83
1296,11,83,23
16322,1296,23,22
83,16322,22,790
23,83,790,2
22,23,2,381
790,22,381,8133
2,790,8133,333
381,2,333,23
8133,381,23,135
333,8133,135,150
23,333,150,440
135,23,440,28
150,135,28,8
440,150,8,1117
28,440,1117,387
8,28,387,2067
1117,8,2067,2024
387,1117,2024,1003
2067,387,1003,608
2024,2067,608,11079
1003,2024,11079,56
608,1003,56,25798
11079,608,25798,168
56,11079,168,6484
25798,56,6484,823
168,25798,823,127
6484,168,127,3741
823,6484,3741,16
127,823,16,442
3741,127,442,330
16,3741,330,4334
442,16,4334,18690
330,442,18690,2067
4334,330,2067,2024
18690,4334,2024,409
2067,18690,409,149
2024,2067,149,6250
409,2024,6250,456
149,409,456,1797
6250,149,1797,46
456,6250,46,2158
1797,456,2158,8
46,1797,8,823
2158,46,823,127
8,2158,127,287
823,8,287,13
127,823,13,47
287,127,47,1371
13,287,1371,557
47,13,557,2559
1371,47,2559,79
557,1371,79,603
2559,557,603,171
79,2559,171,22
603,79,22,4864
171,603,4864,79
22,171,79,135
4864,22,135,150
79,4864,150,440
135,79,440,442
150,135,442,330
440,150,330,333
442,440,333,425
330,442,425,8
333,330,8,4334
425,333,4334,23
8,425,23,142
4334,8,142,5
23,4334,5,149
142,23,149,6250
5,142,6250,456
149,5,456,13
6250,149,13,6573
456,6250,6573,20453
13,456,20453,2067
6573,13,2067,2024
20453,6573,2024,409
2067,20453,409,3869
2024,2067,3869,1172
409,2024,1172,89
3869,409,89,7430
1172,3869,7430,3
89,1172,3,695
7430,89,695,363
3,7430,363,1168
695,3,1168,2559
363,695,2559,820
1168,363,820,10224
2559,1168,10224,1565
820,2559,1565,2060
10224,820,2060,927
1565,10224,927,15430
2060,1565,15430,1054
927,2060,1054,15
15430,927,15,460
1054,15430,460,5
15,1054,5,100
460,15,100,1376
5,460,1376,1018
100,5,1018,20960
1376,100,20960,1414
1018,1376,1414,490
20960,1018,490,1342
1414,20960,1342,2837
490,1414,2837,3254
1342,490,3254,1797
2837,1342,1797,46
3254,2837,46,12052
1797,3254,12052,2
46,1797,2,529
12052,46,529,2840
2,12052,2840,5
529,2,5,22
2840,529,22,381
5,2840,381,3
22,5,3,11381
381,22,11381,31473
3,381,31473,21158
11381,3,21158,15403
31473,11381,15403,823
21158,31473,823,63
15403,21158,63,1140
823,15403,1140,927
63,823,927,15430
1140,63,15430,135
927,1140,135,150
15430,927,150,440
135,15430,440,442
150,135,442,330
440,150,330,15
442,440,15,14662
330,442,14662,460
15,330,460,5
14662,15,5,2851
460,14662,2851,1018
5,460,1018,20960
2851,5,20960,1414
1018,2851,1414,490
20960,1018,490,1342
1414,20960,1342,2837
490,1414,2837,3254
1342,490,3254,6
2837,1342,6,500
3640,308,3640,52
356,3640,52,78
3640,356,78,32
52,3640,32,7
78,52,7,496
32,78,496,15
7,32,15,4351
496,7,4351,5
15,496,5,279
4351,15,279,11
5,4351,11,77
279,5,77,155
11,279,155,3
77,11,3,1086
155,77,1086,9
3,155,9,66
1086,3,66,52
9,1086,52,78
66,9,78,32
52,66,32,7
78,52,7,496
32,78,496,15
7,32,15,4351
496,7,4351,5
15,496,5,279
4351,15,279,11
5,4351,11,77
279,5,77,155
11,279,155,3
77,11,3,1086
155,77,1086,9
3,155,9,66
1086,3,66,336
9,1086,336,969
66,9,969,4833
336,66,4833,6
969,336,6,108
4833,969,108,5
6,4833,5,356
108,6,356,4232
5,108,4232,7
356,5,7,465
4232,356,465,901
7,4232,901,65
465,7,65,1774
901,465,1774,512
65,901,512,10
1774,65,10,14
512,1774,14,22
10,512,22,564
14,10,564,6
22,14,6,3786
564,22,3786,4232
6,564,4232,8
3786,6,8,365
4232,3786,365,83
8,4232,83,1477
365,8,1477,1909
83,365,1909,4
1477,83,4,84
1909,1477,84,78
4,1909,78,32
84,4,32,4232
78,84,4232,5
32,78,5,49
4232,32,49,125
5,4232,125,954
49,5,954,77
125,49,77,117
954,125,117,49
77,954,49,3
117,77,3,1086
49,117,1086,9
3,49,9,2
1086,3,2,131
9,1086,131,131
2,9,131,241
131,2,241,60
131,131,60,59
241,131,59,39
60,241,39,1558
59,60,1558,8
39,59,8,221
1558,39,221,13
8,1558,13,3575
221,8,3575,10
13,221,10,291
3575,13,291,79
10,3575,79,78
291,10,78,32
79,291,32,125
78,79,125,10
32,78,10,326
125,32,326,16029
10,125,16029,1075
326,10,1075,105
16029,326,105,108
1075,16029,108,29
105,1075,29,20
108,105,20,60
29,108,60,231
20,29,231,30
60,20,30,16
231,60,16,72
30,231,72,631
16,30,631,37
72,16,37,4
631,72,4,291
37,631,291,79
4,37,79,5215
291,4,5215,5
79,291,5,1068
5215,79,1068,799
5,5215,799,7
1068,5,7,18
799,1068,18,485
7,799,485,580
18,7,580,631
485,18,631,37
580,485,37,20
631,580,20,29
37,631,29,52
20,37,52,221
29,20,221,3875
52,29,3875,8
221,52,8,78
3875,221,78,32
8,3875,32,7133
78,8,7133,1748
32,78,1748,36
7133,32,36,6014
1748,7133,6014,98
36,1748,98,125
6014,36,125,8
98,6014,8,121
125,98,121,18
8,125,18,47
121,8,47,723
18,121,723,74
47,18,74,3
723,47,3,221
74,723,221,171
3,74,171,1774
221,3,1774,291
171,221,291,11
1774,171,11,77
291,1774,77,17
11,291,17,496
77,11,496,15
17,77,15,4351
496,17,4351,5
15,496,5,279
4351,15,279,8
5,4351,8,40
279,5,40,1019
8,279,1019,117
40,8,117,49
1019,40,49,105
117,1019,105,1433
49,117,1433,4
105,49,4,52
1433,105,52,11
4,1433,11,14
52,4,14,277
11,52,277,2357
14,11,2357,10
277,14,10,77
2357,277,77,117
10,2357,117,49
77,10,49,3
117,77,3,1086
49,117,1086,9
3,49,9,798
1086,3,798,5
9,1086,5,49
798,9,49,290
5,798,290,7
49,5,7,18
290,49,18,21
7,290,21,388
18,7,388,2
21,18,2,795
388,21,795,39
2,388,39,181
795,2,181,1526
39,795,1526,2116
181,39,2116,4351
1526,181,4351,5
2116,1526,5,279
4351,2116,279,321
5,4351,321,29
279,5,29,7
321,279,7,353
29,321,353,1463
7,29,1463,8
353,7,8,53
1463,353,53,7
8,1463,7,2
53,8,2,131
7,53,131,201
2,7,201,600
131,2,600,8
201,131,8,20
600,201,20,7
8,600,7,120
20,8,120,20
7,20,20,954
120,7,954,7
20,120,7,2611
954,20,2611,579
7,954,579,7
2611,7,7,2457
579,2611,2457,177
7,579,177,5
2457,7,5,227
177,2457,227,4215
5,177,4215,8
227,5,8,224
4215,227,224,15
8,4215,15,4351
224,8,4351,5
15,224,5,279
4351,15,279,174
5,4351,174,3164
279,5,3164,7333
174,279,7333,3946
3164,174,3946,1546
7333,3164,1546,15284
3946,7333,15284,7561
1546,3946,7561,1104
15284,1546,1104,61
7561,15284,61,13052
1104,7561,13052,36
61,1104,36,96
13052,61,96,2
36,13052,2,1176
96,36,1176,3102
2,96,3102,6
1176,2,6,98
3102,1176,98,433
6,3102,433,799
98,6,799,36
433,98,36,7517
799,433,7517,2172
36,799,2172,15
7517,36,15,210
2172,7517,210,3
15,2172,3,7050
210,15,7050,11358
3,210,11358,36
7050,3,36,748
11358,7050,748,291
36,11358,291,36
748,36,36,2864
291,748,2864,252
36,291,252,5
2864,36,5,98
252,2864,98,323
5,252,323,474
98,5,474,4874
323,98,4874,5
474,323,5,98
4874,474,98,216
5,4874,216,36
98,5,36,710
216,98,710,5
36,216,5,143
710,36,143,35
5,710,35,36
143,5,36,98
35,143,98,187
36,35,187,1057
98,36,1057,203
187,98,203,1851
1057,187,1851,36
203,1057,36,6
1851,203,6,815
36,1851,815,3
6,36,3,36
815,6,36,18008
3,815,18008,5
36,3,5,98
18008,36,98,156
5,18008,156,323
98,5,323,36
156,98,36,187
323,156,187,1040
36,323,1040,17
187,36,17,1695
1040,187,1695,203
17,1040,203,20
1695,17,20,1851
203,1695,1851,5967
20,203,5967,21
1851,20,21,41
5967,1851,41,65
21,5967,65,66
41,21,66,36
65,41,36,161
66,65,161,52
36,66,52,78
161,36,78,32
52,161,32,7
78,52,7,326
32,78,326,3
7,32,3,1086
326,7,1086,9
3,326,9,66
1086,3,66,8
9,1086,8,40
66,9,40,1615
8,66,1615,17
40,8,17,9
1615,40,9,798
17,1615,798,5
9,17,5,49
798,9,49,290
5,798,290,7
49,5,7,18
290,49,18,2
7,290,2,1329
18,7,1329,8
2,18,8,221
1329,2,221,7
8,1329,7,110
221,8,110,3
7,221,3,346
110,7,346,2
3,110,2,306
346,3,306,224
2,346,224,5
306,2,5,416
224,306,416,5
5,224,5,4351
416,5,4351,5
5,416,5,279
4351,5,279,6
5,4351,6,1772
279,5,1772,1396
6,279,1396,125
1772,6,125,29
1396,1772,29,1965
125,1396,1965,53
29,125,53,7
1965,29,7,21
53,1965,21,253
7,53,253,3
21,7,3,17
253,21,17,2
3,253,2,1469
17,3,1469,3
2,17,3,20
1469,2,20,323
3,1469,323,126
20,3,126,355
323,20,355,87
126,323,87,184
355,126,184,3
87,355,3,444
184,87,444,401
3,184,401,1269
444,3,1269,53
401,444,53,16
1269,401,16,3129
53,1269,3129,125
16,53,125,3
3129,16,3,1273
125,3129,1273,168
3,125,168,174
1273,3,174,2
168,1273,2,227
174,168,227,406
2,174,406,1080
227,2,1080,3
406,227,3,18042
1080,406,18042,1737
3,1080,1737,125
18042,3,125,3
1737,18042,3,137
125,1737,137,62
3,125,62,90
137,3,90,960
62,137,960,3
90,62,3,2
960,90,2,1847
3,960,1847,2109
2,3,2109,5
1847,2,5,78
2109,1847,78,32
5,2109,32,125
78,5,125,91
32,78,91,1066
125,32,1066,2546
91,125,2546,8
1066,91,8,1436
2546,1066,1436,50
8,2546,50,3732
1436,8,3732,595
50,1436,595,39
3732,50,39,416
595,3732,416,1220
39,595,1220,5057
416,39,5057,760
1220,416,760,1629
5057,1220,1629,958
760,5057,958,1787
1629,760,1787,4
958,1629,4,279
1787,958,279,216
4,1787,216,74
279,4,74,62
216,279,62,3
74,216,3,1773
62,74,1773,135
3,62,135,127
1773,3,127,287
135,1773,287,5647
127,135,5647,277
287,127,277,12
5647,287,12,2573
277,5647,2573,91
12,277,91,19
2573,12,19,159
91,2573,159,964
19,91,964,1806
159,19,1806,1392
964,159,1392,4
1806,964,4,22
1392,1806,22,6019
4,1392,6019,872
22,4,872,1772
6019,22,1772,1396
872,6019,1396,2
1772,872,2,349
1396,1772,349,32
2,1396,32,619
349,2,619,835
32,349,835,53
619,32,53,132
835,619,132,17
53,835,17,589
132,53,589,5
17,132,5,125
589,17,125,326
5,589,326,3
125,5,3,36
326,125,36,24
3,326,24,432
36,3,432,783
24,36,783,8
432,24,8,371
783,432,371,32
8,783,32,91
371,8,91,122
32,371,122,11
91,32,11,14
