2,13,34446,953
200,2,953,3
34446,200,3,628
953,34446,628,12
3,953,12,1373
628,3,1373,139
12,628,139,15
1373,12,15,18212
139,1373,18212,29
15,139,29,15
18212,15,15,2
29,18212,2,9772
15,29,9772,5162
2,15,5162,6
9772,2,6,236
5162,9772,236,5
6,5162,5,2
236,6,2,2917
5,236,2917,93766
2,5,93766,7
2917,2,7,3791
93766,2917,3791,491
7,93766,491,2
3791,7,2,576
491,3791,576,1866
2,491,1866,6
576,2,6,2
1866,576,2,58
6,1866,58,662
2,6,662,4134
58,2,4134,15
662,58,15,2387
4134,662,2387,24166
15,4134,24166,2164
2387,15,2164,24
24166,2387,24,636
2164,24166,636,1256
24,2164,1256,1542
636,24,1542,5
1256,636,5,1267
1542,1256,1267,3
5,1542,3,117
1267,5,117,638
3,1267,638,193
117,3,193,5
638,117,5,598
193,638,598,194
5,193,194,7
598,5,7,229
194,598,229,22
7,194,22,16592
229,7,16592,2409
22,229,2409,11855
16592,22,11855,997
2409,16592,997,34
11855,2409,34,18
997,11855,18,922
34,997,922,820
18,34,820,2384
922,18,2384,5
820,922,5,492
2384,820,492,67479
5,2384,67479,11
492,5,11,1942
67479,492,1942,53
11,67479,53,64
1942,11,64,194
53,1942,194,37
64,53,37,8
194,64,8,28
37,194,28,2494
8,37,2494,6267
28,8,6267,2
2494,28,2,2686
6267,2494,2686,31
2,6267,31,2214
2686,2,2214,189
31,2686,189,628
2214,31,628,6
189,2214,6,10885
628,189,10885,4
6,628,4,44075
10885,6,44075,832
4,10885,832,33
44075,4,33,55
832,44075,55,1132
33,832,1132,8
55,33,8,46
1132,55,46,29
8,1132,29,55
46,8,55,33
29,46,33,1132
55,29,1132,9918
33,55,9918,115
1132,33,115,11
9918,1132,11,18
115,9918,18,9918
11,115,9918,3
18,11,3,106375
9918,18,106375,483
3,9918,483,22
106375,3,22,854
483,106375,854,3738
22,483,3738,381
854,22,381,15
3738,854,15,2
381,3738,2,2290
15,381,2290,64
2,15,64,3
2290,2,3,22
64,2290,22,347
3,64,347,352
22,3,352,6
347,22,6,9917
352,347,9917,3283
6,352,3283,452
9917,6,452,11
3283,9917,11,1872
452,3283,1872,491
11,452,491,2
1872,11,2,575
491,1872,575,616
2,491,616,4
575,2,4,978
616,575,978,1045
4,616,1045,29
978,4,29,946
1045,978,946,243
29,1045,243,2613
946,29,2613,175
243,946,175,491
2613,243,491,4
175,2613,4,159
491,175,159,91457
4,491,91457,5
159,4,5,130
91457,159,130,1437
5,91457,1437,7
130,5,7,146
1437,130,146,6
7,1437,6,130
146,7,130,290
6,146,290,16
130,6,16,130
290,130,130,83
16,290,83,377
130,16,377,26
83,130,26,18
377,83,18,412
26,377,412,3
18,26,3,25
412,18,25,15
3,412,15,130
25,3,130,347
15,25,347,7
130,15,7,18
347,130,18,2
7,347,2,306
18,7,306,347
2,18,347,29
306,2,29,7
347,306,7,380
29,347,380,47
7,29,47,12
380,7,12,130
47,380,130,83
12,47,83,3545
130,12,3545,11
83,130,11,11933
3545,83,11933,11
11,3545,11,146
11933,11,146,22
11,11933,22,99
146,11,99,172
22,146,172,12
99,22,12,3482
172,99,3482,6
12,172,6,1609
3482,12,1609,2756
6,3482,2756,2
1609,6,2,272
2756,1609,272,331
2,2756,331,189
272,2,189,62
331,272,62,11
189,331,11,40
62,189,40,17
11,62,17,2
40,11,2,382
17,40,382,63
2,17,63,65
382,2,65,22
63,382,22,810
65,63,810,4
22,65,4,1045
810,22,1045,50
4,810,50,11
1045,4,11,19604
50,1045,19604,19
11,50,19,1738
19604,11,1738,194
19,19604,194,231
1738,19,231,23
194,1738,23,58794
231,194,58794,18
23,231,18,1045
58794,23,1045,4
18,58794,4,3005
1045,18,3005,11
4,1045,11,331
3005,4,331,79598
11,3005,79598,33
331,11,33,912
79598,331,912,183
33,79598,183,189
912,33,189,46417
183,912,46417,189
189,183,189,1510
46417,189,1510,128
189,46417,128,37
1510,189,37,4
128,1510,4,509
37,128,509,11
4,37,11,1363
509,4,1363,9
11,509,9,2
1363,11,2,281
9,1363,281,1245
2,9,1245,4
281,2,4,3978
1245,281,3978,435
4,1245,435,126
3978,4,126,947
435,3978,947,37
126,435,37,80
947,126,80,985
37,947,985,5
80,37,5,12133
985,80,12133,1184
5,985,1184,140
12133,5,140,11
1184,12133,11,662
140,1184,662,194
11,140,194,9
662,11,9,23
194,662,23,275
9,194,275,985
23,9,985,12
275,23,12,487
985,275,487,694
12,985,694,188
487,12,188,677
694,487,677,853
188,694,853,842
677,188,842,854
853,677,854,11525
842,853,11525,654
854,842,654,36
11525,854,36,150
654,11525,150,35139
36,654,35139,3248
150,36,3248,429
35139,150,429,3
3248,35139,3,2123
429,3248,2123,35
3,429,35,1592
2123,3,1592,6
35,2123,6,5100
1592,35,5100,9
6,1592,9,2
5100,6,2,2287
9,5100,2287,172
2,9,172,54
2287,2,54,6166
172,2287,6166,15
54,172,15,2
6166,54,2,1134
15,6166,1134,19
2,15,19,66952
1134,2,66952,8882
19,1134,8882,29767
66952,19,29767,31
8882,66952,31,14
29767,8882,14,118
31,29767,118,5897
14,31,5897,9
118,14,9,22
5897,118,22,4690
9,5897,4690,65871
22,9,65871,1955
4690,22,1955,8
65871,4690,8,11
1955,65871,11,324
8,1955,324,87
11,8,87,7
324,11,7,485
87,324,485,29767
7,87,29767,14
485,7,14,3105
29767,485,3105,1033
14,29767,1033,17
3105,14,17,164
1033,3105,164,1089
17,1033,1089,5
164,17,5,189
1089,164,189,4
5,1089,4,29767
189,5,29767,5244
4,189,5244,1801
29767,4,1801,12
5244,29767,12,101571
1801,5244,101571,171
12,1801,171,343
101571,12,343,20
171,101571,20,205
343,171,205,189
20,343,189,20211
205,20,20211,37
189,205,37,475
20211,189,475,2272
37,20211,2272,3
475,37,3,40572
2272,475,40572,38894
3,2272,38894,12
40572,3,12,22
38894,40572,22,5800
12,38894,5800,189
22,12,189,28
5800,22,28,88
189,5800,88,70
28,189,70,34
88,28,34,850
70,88,850,17
34,70,17,2149
850,34,2149,156
17,850,156,1771
2149,17,1771,3
156,2149,3,1562
1771,156,1562,38
3,1771,38,283
1562,3,283,493
38,1562,493,641
283,38,641,4
493,283,4,3515
641,493,3515,2087
4,641,2087,46
3515,4,46,177
2087,3515,177,5
46,2087,5,2
177,46,2,5520
5,177,5520,1408
2,5,1408,2
5520,2,2,11
1408,5520,11,243
2,1408,243,10
11,2,10,6
243,11,6,161
10,243,161,39
6,10,39,632
161,6,632,4
39,161,4,413
632,39,413,53810
4,632,53810,7
413,4,7,2
53810,413,2,281
7,53810,281,6348
2,7,6348,17574
281,2,17574,65
6348,281,65,22
17574,6348,22,1045
65,17574,1045,11
22,65,11,13
1045,22,13,2
11,1045,2,849
13,11,849,24835
2,13,24835,6
849,2,6,22
24835,849,22,4059
6,24835,4059,271
22,6,271,11
4059,22,11,2011
271,4059,2011,11
11,271,11,400
2011,11,400,3
11,2011,3,1817
400,11,1817,11
3,400,11,13
1817,3,13,182
11,1817,182,41
13,11,41,65
182,13,65,4592
41,182,4592,6
65,41,6,268
4592,65,268,281
6,4592,281,205
268,6,205,2
281,268,2,11
205,281,11,1080
2,205,1080,9
11,2,9,761
1080,11,761,69
9,1080,69,1263
761,9,1263,232
69,761,232,4691
1263,69,4691,44
232,1263,44,8
4691,232,8,11
44,4691,11,136
8,44,136,17574
11,8,17574,65
136,11,65,26
17574,136,26,63587
65,17574,63587,631
26,65,631,15
63587,26,15,114
631,63587,114,11
15,631,11,251
114,15,251,471
11,114,471,1045
251,11,1045,44
471,251,44,11
1045,471,11,48
44,1045,48,6
11,44,6,12
48,11,12,22
6,48,22,423
12,6,423,4
22,12,4,2513
423,22,2513,3879
4,423,3879,148
2513,4,148,3235
3879,2513,3235,11
148,3879,11,801
3235,148,801,56
11,3235,56,5
801,11,5,22
56,801,22,107
5,56,107,3
22,5,3,1056
107,22,1056,1348
3,107,1348,15565
1056,3,15565,23
1348,1056,23,2740
15565,1348,2740,4
23,15565,4,628
2740,23,628,3
4,2740,3,81
628,4,81,6
3,628,6,22
81,3,22,9218
6,81,9218,2909
22,6,2909,11
9218,22,11,91
2909,9218,91,5909
11,2909,5909,3223
91,11,3223,156
5909,91,156,2
3223,5909,2,3420
156,3223,3420,54961
2,156,54961,4
3420,2,4,3420
54961,3420,3420,20792
4,54961,20792,4
3420,4,4,7292
20792,3420,7292,43858
4,20792,43858,4
7292,4,4,686
43858,7292,686,431
4,43858,431,6
686,4,6,31988
431,686,31988,68
6,431,68,13
31988,6,13,2
68,31988,2,5456
13,68,5456,28123
2,13,28123,448
5456,2,448,5017
28123,5456,5017,46
448,28123,46,25
5017,448,25,5456
46,5017,5456,10
25,46,10,465
5456,25,465,10526
10,5456,10526,946
465,10,946,53
10526,465,53,16
946,10526,16,76
53,946,76,45
16,53,45,8
76,16,8,18
45,76,18,47
8,45,47,3993
18,8,3993,3
47,18,3,706
3993,47,706,2
3,3993,2,194
706,3,194,142
2,706,142,53
194,2,53,11
142,194,11,134
53,142,134,1609
11,53,1609,2756
134,11,2756,787
1609,134,787,7
2756,1609,7,25
787,2756,25,14
7,787,14,81
25,7,81,3
14,25,3,25
81,14,25,42238
3,81,42238,20
25,3,20,341
42238,25,341,695
20,42238,695,88
341,20,88,5
695,341,5,189
88,695,189,166
5,88,166,1510
189,5,1510,16
166,189,16,10564
1510,166,10564,4525
16,1510,4525,6
10564,16,6,1925
4525,10564,1925,8752
6,4525,8752,543
1925,6,543,456
8752,1925,456,4
543,8752,4,2740
456,543,2740,53
4,456,53,16
2740,4,16,64
53,2740,64,69
16,53,69,18739
64,16,18739,64
69,64,64,9385
18739,69,9385,3282
64,18739,3282,64
9385,64,64,3973
3282,9385,3973,3989
64,3282,3989,4
3973,64,4,131
3989,3973,131,334
4,3989,334,808
131,4,808,1119
334,131,1119,11
808,334,11,998
1119,808,998,61
11,1119,61,2
998,11,2,1676
61,998,1676,309
2,61,309,23
1676,2,23,2031
309,1676,2031,765
23,309,765,343
2031,23,343,156
765,2031,156,2
343,765,2,2
156,343,2,1997
2,156,1997,5
2,2,5,3557
1997,2,3557,38996
5,1997,38996,3807
3557,5,3807,1363
38996,3557,1363,364
3807,38996,364,3297
1363,3807,3297,29602
364,1363,29602,23762
3297,364,23762,471
29602,3297,471,53
23762,29602,53,2600
471,23762,2600,43287
53,471,43287,31
2600,53,31,773
43287,2600,773,9
31,43287,9,189
773,31,189,842
9,773,842,479
189,9,479,4
842,189,4,2803
479,842,2803,89
4,479,89,12
2803,4,12,188
89,2803,188,323
12,89,323,16826
188,12,16826,25206
323,188,25206,7
16826,323,7,616
25206,16826,616,756
7,25206,756,31
616,7,31,370
756,616,370,773
31,756,773,9
370,31,9,189
773,370,189,810
9,773,810,4
189,9,4,7
810,189,7,123
4,810,123,15
7,4,15,470
123,7,470,1089
15,123,1089,12
470,15,12,5196
1089,470,5196,5
12,1089,5,267
5196,12,267,2067
5,5196,2067,2838
267,5,2838,189
2067,267,189,1215
2838,2067,1215,74386
189,2838,74386,7
1215,189,7,66137
74386,1215,66137,322
7,74386,322,6
66137,7,6,87895
322,66137,87895,3807
6,322,3807,10195
87895,6,10195,18
3807,87895,18,364
10195,3807,364,25167
18,10195,25167,7553
364,18,7553,22
25167,364,22,310
7553,25167,310,269
22,7553,269,31
310,22,31,621
269,310,621,2
31,269,2,707
621,31,707,262
2,621,262,59
707,2,59,11
262,707,11,14
59,262,14,498
11,59,498,2081
14,11,2081,13560
498,14,13560,2
2081,498,2,1927
13560,2081,1927,24099
2,13560,24099,123
1927,2,123,15
24099,1927,15,4841
123,24099,4841,172
15,123,172,2001
4841,15,2001,4
172,4841,4,812
2001,172,812,4
4,2001,4,562
812,4,562,22265
4,812,22265,22
562,4,22,69
22265,562,69,79585
22,22265,79585,332
69,22,332,35
79585,69,35,151
332,79585,151,4797
35,332,4797,79
151,35,79,2
4797,151,2,2604
79,4797,2604,6874
2,79,6874,4
2604,2,4,189
6874,2604,189,10
4,6874,10,6
189,4,6,725
10,189,725,87935
6,10,87935,389
725,6,389,46
87935,725,46,208
389,87935,208,6
46,389,6,142
208,46,142,11
6,208,11,12680
142,6,12680,12
11,142,12,102278
12680,11,102278,8938
12,12680,8938,2
102278,12,2,177
8938,102278,177,5
2,8938,5,2
177,2,2,4560
5,177,4560,20471
2,5,20471,2979
4560,2,2979,8
20471,4560,8,1389
2979,20471,1389,3033
8,2979,3033,13367
1389,8,13367,24
3033,1389,24,6057
13367,3033,6057,1079
24,13367,1079,9825
6057,24,9825,111
1079,6057,111,12
9825,1079,12,691
111,9825,691,24
12,111,24,44075
691,12,44075,3
24,691,3,20314
44075,24,20314,3141
3,44075,3141,12
20314,3,12,298
3141,20314,298,330
12,3141,330,36
298,12,36,2352
330,298,2352,11027
36,330,11027,15
2352,36,15,64
11027,2352,64,14159
15,11027,14159,11952
64,15,11952,171
14159,64,171,2
11952,14159,2,264
171,11952,264,172
2,171,172,6
264,2,6,32018
172,264,32018,74112
6,172,74112,48
32018,6,48,114
74112,32018,114,31
48,74112,31,62
114,48,62,61
31,114,61,3
62,31,3,137
61,62,137,189
3,61,189,44
137,3,44,26
189,137,26,16
44,189,16,22917
26,44,22917,2279
16,26,2279,375
22917,16,375,26
2279,22917,26,137
375,2279,137,57
26,375,57,14906
137,26,14906,14
57,137,14,3
14906,57,3,116
14,14906,116,41
3,14,41,37
116,3,37,89
41,116,89,5065
37,41,5065,34137
89,37,34137,5
5065,89,5,82797
34137,5065,82797,73644
5,34137,73644,832
82797,5,832,28
73644,82797,28,75
832,73644,75,189
28,832,189,1134
75,28,1134,3
189,75,3,20314
1134,189,20314,3141
3,1134,3141,34137
20314,3,34137,28
3141,20314,28,8
34137,3141,8,75
28,34137,75,71
8,28,71,133
75,8,133,147
71,75,147,3
133,71,3,25
147,133,25,2
3,147,2,282
25,3,282,262
2,25,262,5392
282,2,5392,235
262,282,235,63
5392,262,63,2090
235,5392,2090,4
63,235,4,22
2090,63,22,1045
4,2090,1045,55
22,4,55,296
1045,22,296,9
55,1045,9,266
296,55,266,46
9,296,46,2270
266,9,2270,7
46,266,7,113
2270,46,113,8
7,2270,8,177
113,7,177,5
8,113,5,51
177,8,51,273
5,177,273,255
51,5,255,75111
273,51,75111,872
255,273,872,7695
75111,255,7695,819
872,75111,819,517
7695,872,517,74
819,7695,74,19
517,819,19,189
74,517,189,9
19,74,9,2
189,19,2,1357
9,189,1357,337
2,9,337,11
1357,2,11,1397
337,1357,1397,45
11,337,45,3
1397,11,3,125
45,1397,125,89
3,45,89,194
125,3,194,3
89,125,3,22
194,89,22,520
3,194,520,16
22,3,16,75311
520,22,75311,73
16,520,73,8
75311,16,8,87
73,75311,87,7
8,73,7,113
87,8,113,52
7,87,52,7
113,7,7,5009
52,113,5009,63
7,52,63,71
5009,7,71,7
63,5009,7,40
71,63,40,93
7,71,93,4
40,7,4,661
93,40,661,11
4,93,11,1723
661,4,1723,22
11,661,22,1636
1723,11,1636,218
22,1723,218,189
1636,22,189,313
218,1636,313,1136
189,218,1136,1463
313,189,1463,8
1136,313,8,11
1463,1136,11,55
8,1463,55,11772
11,8,11772,57
55,11,57,6
11772,55,6,36029
57,11772,36029,47
6,57,47,2
36029,6,2,3131
47,36029,3131,11
2,47,11,134
3131,2,134,523
11,3131,523,500
134,11,500,42
523,134,42,44
500,523,44,6
42,500,6,3047
44,42,3047,72
6,44,72,9
3047,6,9,433
72,3047,433,7
9,72,7,21
433,9,21,2
7,433,2,94
21,7,94,46
2,21,46,29
94,2,29,2
46,94,2,7
29,46,7,380
2,29,380,1126
7,2,1126,37
380,7,37,2983
1126,380,2983,3
37,1126,3,45
2983,37,45,4
3,2983,4,1107
45,3,1107,38
4,45,38,194
1107,4,194,10
38,1107,10,47
194,38,47,715
10,194,715,1519
47,10,1519,10
715,47,10,13
1519,715,13,47
10,1519,47,14442
2,59,587,212
2152,2,212,128
587,2152,128,860
212,587,860,16961
128,212,16961,76
860,128,76,840
16961,860,840,24
76,16961,24,1930
840,76,1930,1434
24,840,1434,909
1930,24,909,15
1434,1930,15,76
909,1434,76,6598
15,909,6598,1203
76,15,1203,87
6598,76,87,5
1203,6598,5,2415
87,1203,2415,100
5,87,100,665
2415,5,665,4037
100,2415,4037,279
665,100,279,6057
4037,665,6057,6584
279,4037,6584,6100
6057,279,6100,4636
6584,6057,4636,46507
6100,6584,46507,335
4636,6100,335,6
46507,4636,6,5404
335,46507,5404,1582
6,335,1582,11276
5404,6,11276,3726
1582,5404,3726,14
11276,1582,14,42
3726,11276,42,5
14,3726,5,6558
42,14,6558,3578
5,42,3578,6100
6558,5,6100,481
3578,6558,481,212
6100,3578,212,7
481,6100,7,623
212,481,623,13
7,212,13,5335
623,7,5335,79
13,623,79,2
5335,13,2,25435
79,5335,25435,19
2,79,19,10
25435,2,10,37586
19,25435,37586,1569
10,19,1569,5
37586,10,5,665
1569,37586,665,574
5,1569,574,5658
665,5,5658,309
574,665,309,95670
5658,574,95670,1259
309,5658,1259,230
95670,309,230,321
1259,95670,321,17
230,1259,17,988
321,230,988,101
17,321,101,21932
988,17,21932,33754
101,988,33754,823
21932,101,823,63
33754,21932,63,9
823,33754,9,283
63,823,283,4
9,63,4,6214
283,9,6214,101
4,283,101,23
6214,4,23,150
101,6214,150,225
23,101,225,141
150,23,141,456
225,150,456,28
141,225,28,11276
456,141,11276,3726
28,456,3726,335
11276,28,335,1250
3726,11276,1250,5
335,3726,5,665
1250,335,665,4037
5,1250,4037,170
665,5,170,13
4037,665,13,47
170,4037,47,1461
13,170,1461,19
47,13,19,2
1461,47,2,16310
19,1461,16310,545
2,19,545,31
16310,2,31,8485
545,16310,8485,3
31,545,3,2
8485,31,2,4932
3,8485,4932,2469
2,3,2469,4
4932,2,4,13
2469,4932,13,47
4,2469,47,459
13,4,459,2
47,13,2,2
459,47,2,441
2,459,441,6
2,2,6,2
441,2,2,977
6,441,977,1147
2,6,1147,21395
977,2,21395,6
1147,977,6,51
21395,1147,51,90
6,21395,90,913
51,6,913,3
90,51,3,17
913,90,17,235
3,913,235,372
17,3,372,930
235,17,930,5
