149,2,22,3378
2,149,3378,8
22,2,8,7
3378,22,7,110
8,3378,110,3
7,8,3,345
110,7,345,81
3,110,81,3
345,3,3,234
81,345,234,23
3,81,23,57
234,3,57,34041
23,234,34041,10
57,23,10,77
34041,57,77,17
10,34041,17,187
77,10,187,8
17,77,8,27
187,17,27,1184
8,187,1184,77
27,8,77,2688
1184,27,2688,51
77,1184,51,90
2688,77,90,1459
51,2688,1459,260
90,51,260,113
1459,90,113,7
260,1459,7,2
113,260,2,1878
7,113,1878,6448
2,7,6448,1082
1878,2,1082,455
6448,1878,455,202
1082,6448,202,499
455,1082,499,8
202,455,8,115
499,202,115,2350
8,499,2350,7719
115,8,7719,3
2350,115,3,4
7719,2350,4,341
3,7719,341,830
4,3,830,9
341,4,9,738
830,341,738,62
9,830,62,97224
738,9,97224,84
62,738,84,1618
97224,62,1618,4819
84,97224,4819,313
1618,84,313,3
4819,1618,3,549
313,4819,549,27
3,313,27,120
549,3,120,11
27,549,11,88
120,27,88,73
11,120,73,3
88,11,3,17
73,88,17,6
3,73,6,311
17,3,311,5
6,17,5,2
311,6,2,6460
5,311,6460,3074
2,5,3074,5
6460,2,5,6131
3074,6460,6131,2448
5,3074,2448,19
6131,5,19,491
2448,6131,491,37
19,2448,37,491
491,19,491,122
37,491,122,470
491,37,470,350
122,491,350,23
470,122,23,152
350,470,152,4
23,350,4,58
152,23,58,105
4,152,105,492
58,4,492,10
105,58,10,359
492,105,359,5
10,492,5,1456
359,10,1456,8
5,359,8,726
1456,5,726,22
8,1456,22,127
726,8,127,296
22,726,296,2
127,22,2,1487
296,127,1487,483
2,296,483,223
1487,2,223,2
483,1487,2,856
223,483,856,1808
2,223,1808,5
856,2,5,58
1808,856,58,1606
5,1808,1606,6
58,5,6,99
1606,58,99,236
4294,181,108,4158
1713,4294,4158,417
108,1713,417,13
4158,108,13,3008
417,4158,3008,9
13,417,9,66
3008,13,66,340
9,3008,340,7
66,9,7,113
340,66,113,7
7,340,7,1062
113,7,1062,2
7,113,2,281
1062,7,281,5
2,1062,5,104
281,2,104,45
5,281,45,74
104,5,74,66
45,104,66,31
74,45,31,13
66,74,13,704
31,66,704,851
13,31,851,6838
704,13,6838,13
851,704,13,13
6838,851,13,23
13,6838,23,275
13,13,275,76
23,13,76,572
275,23,572,3895
76,275,3895,156
572,76,156,2
3895,572,2,3851
156,3895,3851,36
2,156,36,2999
3851,2,2999,29
36,3851,29,584
2999,36,584,21
29,2999,21,3
584,29,3,6807
21,584,6807,2179
3,21,2179,10
6807,3,10,2224
2179,6807,2224,12
10,2179,12,89371
2224,10,89371,4158
12,2224,4158,417
89371,12,417,484
4158,89371,484,2992
417,4158,2992,47140
484,417,47140,91439
2992,484,91439,3574
47140,2992,3574,4362
91439,47140,4362,46
3574,91439,46,108
4362,3574,108,4158
46,4362,4158,417
108,46,417,2303
4158,108,2303,22
417,4158,22,4024
2303,417,4024,473
22,2303,473,2017
4024,22,2017,2235
473,4024,2235,12
2017,473,12,2111
2235,2017,2111,852
12,2235,852,23
2111,12,23,2
852,2111,2,97
23,852,97,120
2,23,120,11
97,2,11,14
120,97,14,35639
11,120,35639,19
14,11,19,2
35639,14,2,4165
19,35639,4165,3574
2,19,3574,6863
4165,2,6863,73418
3574,4165,73418,22419
6863,3574,22419,3363
73418,6863,3363,42551
22419,73418,42551,31
3363,22419,31,14
42551,3363,14,2
31,42551,2,616
14,31,616,59
2,14,59,143
616,2,143,35
59,616,35,1940
143,59,1940,3574
35,143,3574,4362
1940,35,4362,24
3574,1940,24,1789
4362,3574,1789,6
24,4362,6,2920
1789,24,2920,22
6,1789,22,241
2920,6,241,290
22,2920,290,3
241,22,3,2
290,241,2,2111
3,290,2111,2979
2,3,2979,4
2111,2,4,4482
2979,2111,4482,32700
4,2979,32700,208
4482,4,208,1072
32700,4482,1072,130
208,32700,130,616
1072,208,616,15
130,1072,15,12152
616,130,12152,28
15,616,28,22419
12152,15,22419,31
28,12152,31,3196
22419,28,3196,2
31,22419,2,3851
3196,31,3851,3895
2,3196,3895,59
3851,2,59,11
3895,3851,11,14
59,3895,14,14
11,59,14,873
14,11,873,108
14,14,108,4158
873,14,4158,417
108,873,417,19
4158,108,19,24649
417,4158,24649,563
19,417,563,5
24649,19,5,433
563,24649,433,128
5,563,128,17752
433,5,17752,208
128,433,208,486
17752,128,486,7
208,17752,7,40
486,208,40,128
7,486,128,25
40,7,25,241
128,40,241,11
25,128,11,2312
241,25,2312,9367
11,241,9367,1328
2312,11,1328,89
9367,2312,89,3
1328,9367,3,4
89,1328,4,9091
3,89,9091,8302
4,3,8302,120
9091,4,120,347
8302,9091,347,542
120,8302,542,4
347,120,4,1600
542,347,1600,2373
4,542,2373,9
1600,4,9,97
2373,1600,97,22
9,2373,22,10865
97,9,10865,12734
22,97,12734,16103
10865,22,16103,23949
12734,10865,23949,34985
16103,12734,34985,2
23949,16103,2,4024
34985,23949,4024,3614
2,34985,3614,303
4024,2,303,3
3614,4024,3,20207
303,3614,20207,82646
3,303,82646,488
20207,3,488,1681
82646,20207,1681,28
488,82646,28,105927
1681,488,105927,22419
28,1681,22419,31
105927,28,31,13
22419,105927,13,4663
31,22419,4663,1107
13,31,1107,4
4663,13,4,13
1107,4663,13,47
4,1107,47,3813
13,4,3813,9
47,13,9,378
3813,47,378,66
9,3813,66,11
378,9,11,244
66,378,244,15
11,66,15,2
244,11,2,13242
15,244,13242,6
2,15,6,10645
13242,2,10645,7010
6,13242,7010,879
10645,6,879,5
7010,10645,5,71391
879,7010,71391,14
5,879,14,6554
71391,5,6554,79
14,71391,79,43
6554,14,43,839
79,6554,839,6
43,79,6,171
839,43,171,128
6,839,128,205
171,6,205,5
128,171,5,99
205,128,99,108
5,205,108,124
99,5,124,11
108,99,11,14
124,108,14,165
11,124,165,6
14,11,6,1563
165,14,1563,59
6,165,59,124
1563,6,124,448
59,1563,448,6
124,59,6,355
448,124,355,5
6,448,5,8
355,6,8,9596
5,355,9596,2
8,5,2,534
9596,8,534,272
2,9596,272,22419
534,2,22419,28
272,534,28,11
22419,272,11,773
28,22419,773,9
11,28,9,3315
773,11,3315,43
9,773,43,2
3315,9,2,44
43,3315,44,2299
2,43,2299,2199
44,2,2199,5767
2299,44,5767,15
2199,2299,15,5525
5767,2199,5525,16782
15,5767,16782,3
5525,15,3,6550
16782,5525,6550,54230
3,16782,54230,1600
6550,3,1600,5
54230,6550,5,71390
1600,54230,71390,2157
5,1600,2157,18120
71390,5,18120,28
2157,71390,28,2
18120,2157,2,5452
28,18120,5452,9
2,28,9,3664
5452,2,3664,40
9,5452,40,17
3664,9,17,320
40,3664,320,9
17,40,9,22419
320,17,22419,6
9,320,6,15131
22419,9,15131,5
6,22419,5,2
15131,6,2,272
5,15131,272,31
2,5,31,1388
272,2,1388,2111
31,272,2111,13
1388,31,13,64
2111,1388,64,372
13,2111,372,823
64,13,823,4
372,64,4,31
823,372,31,13
4,823,13,243
31,4,243,20
13,31,20,1374
243,13,1374,12
20,243,12,108
1374,20,108,96891
12,1374,96891,13
108,12,13,1283
96891,108,1283,190
13,96891,190,3574
1283,13,3574,6863
190,1283,6863,2
3574,190,2,118
6863,3574,118,108
2,6863,108,4158
118,2,4158,417
108,118,417,93587
4158,108,93587,31592
417,4158,31592,72205
93587,417,72205,2907
31592,93587,2907,210
72205,31592,210,132
2907,72205,132,109
210,2907,109,75
132,210,75,2
109,132,2,8379
75,109,8379,15
2,75,15,7505
8379,2,7505,11
15,8379,11,14
7505,15,14,306
11,7505,306,308
14,11,308,5162
306,14,5162,10112
308,306,10112,224
5162,308,224,164
10112,5162,164,3068
224,10112,3068,7288
164,224,7288,5650
884,355,6373,3239
4204,884,3239,109
6373,4204,109,407
3239,6373,407,4
109,3239,4,8326
407,109,8326,19
4,407,19,37980
8326,4,37980,8368
19,8326,8368,1672
37980,19,1672,11948
8368,37980,11948,109
1672,8368,109,19679
11948,1672,19679,14603
109,11948,14603,1284
19679,109,1284,6
14603,19679,6,6
1284,14603,6,76707
6,1284,76707,14552
6,6,14552,818
76707,6,818,7
14552,76707,7,2
818,14552,2,41873
7,818,41873,35
2,7,35,393
41873,2,393,2277
35,41873,2277,15
393,35,15,2
2277,393,2,5177
15,2277,5177,6
2,15,6,352
5177,2,352,4
6,5177,4,3856
352,6,3856,6
4,352,6,11
3856,4,11,3293
6,3856,3293,456
11,6,456,9
3293,11,9,2188
456,3293,2188,1210
9,456,1210,5
2188,9,5,1423
1210,2188,1423,227
5,1210,227,393
1423,5,393,5
227,1423,5,204
393,227,204,6
5,393,6,26213
204,5,26213,24
6,204,24,11
26213,6,11,14
24,26213,14,2996
11,24,2996,573
14,11,573,5
2996,14,5,220
573,2996,220,59178
5,573,59178,456
220,5,456,5
59178,220,5,263
456,59178,263,1288
5,456,1288,9
263,5,9,1747
1288,263,1747,1210
9,1288,1210,4
1747,9,4,9611
1210,1747,9611,1288
4,1210,1288,5
9611,4,5,127
1288,9611,127,252
5,1288,252,5
127,5,5,204
252,127,204,6
5,252,6,860
204,5,860,14603
6,204,14603,2685
860,6,2685,492
14603,860,492,5
2685,14603,5,1102
492,2685,1102,266
5,492,266,5
1102,5,5,14552
266,1102,14552,45
5,266,45,1790
14552,5,1790,6
45,14552,6,26213
1790,45,26213,11
6,1790,11,13
26213,6,13,2830
11,26213,2830,2025
13,11,2025,6
2830,13,6,2246
2025,2830,2246,28
6,2025,28,315
2246,6,315,6
28,2246,6,8116
315,28,8116,4
6,315,4,13
8116,6,13,47
4,8116,47,2
13,4,2,2428
47,13,2428,2635
2,47,2635,3
2428,2,3,1193
2635,2428,1193,8116
3,2635,8116,152
1193,3,152,156
8116,1193,156,2
152,8116,2,79092
156,152,79092,21500
2,156,21500,152
79092,2,152,151
21500,79092,151,14603
152,21500,14603,13
151,152,13,2830
14603,151,2830,1000
13,14603,1000,3
2830,13,3,4204
1000,2830,4204,6373
3,1000,6373,170
4204,3,170,860
6373,4204,860,109
170,6373,109,4204
860,170,4204,6373
109,860,6373,722
4204,109,722,1301
6373,4204,1301,37980
722,6373,37980,8368
1301,722,8368,651
37980,1301,651,14603
8368,37980,14603,9
651,8368,9,557
14603,651,557,727
9,14603,727,2
557,9,2,66
727,557,66,260
2,727,260,33
66,2,33,18
260,66,18,2402
33,260,2402,4141
18,33,4141,112
2402,18,112,2805
4141,2402,2805,12
112,4141,12,450
2805,112,450,343
12,2805,343,3
450,12,3,4204
343,450,4204,6373
3,343,6373,33
4204,3,33,380
6373,4204,380,2185
33,6373,2185,2
380,33,2,217
2185,380,217,5
2,2185,5,1597
217,2,1597,4478
5,217,4478,24
1597,5,24,846
4478,1597,846,356
24,4478,356,4
846,24,4,124
356,846,124,6
4,356,6,8116
124,4,8116,3
6,124,3,1307
8116,6,1307,5
3,8116,5,2
1307,3,2,667
5,1307,667,108
2,5,108,124
667,2,124,1414
108,667,1414,56
124,108,56,74
1414,124,74,278
56,1414,278,4
74,56,4,475
278,74,475,5
4,278,5,1078
475,4,1078,4
5,475,4,2188
1078,5,2188,3963
4,1078,3963,126
2188,4,126,30
3963,2188,30,870
126,3963,870,2848
30,126,2848,2
870,30,2,217
2848,870,217,5
2,2848,5,960
217,2,960,194
5,217,194,51
960,5,51,40
194,960,40,33
51,194,33,73
40,51,73,3
33,40,3,44
73,33,44,3
3,73,3,112
44,3,112,1875
3,44,1875,23
112,3,23,4204
1875,112,4204,6373
23,1875,6373,651
4204,23,651,19679
6373,4204,19679,14603
651,6373,14603,884
19679,651,884,7
14603,19679,7,803
884,14603,803,2479
7,884,2479,4
803,7,4,2409
2479,803,2409,3837
4,2479,3837,2070
2409,4,2070,3
3837,2409,3,16
2070,3837,16,33
3,2070,33,2313
16,3,2313,1875
33,16,1875,5
2313,33,5,3866
1875,2313,3866,9611
5,1875,9611,777
3866,5,777,4204
9611,3866,4204,6373
777,9611,6373,3
4204,777,3,17
6373,4204,17,76
3,6373,76,359
17,3,359,5
76,17,5,4412
359,76,4412,9
5,359,9,130
4412,5,130,475
9,4412,475,1977
130,9,1977,7
475,130,7,137
1977,475,137,20
7,1977,20,21
137,7,21,2
20,137,2,2
21,20,2,101
2,21,101,29
2,2,29,2
101,2,2,2
29,101,2,2412
2,29,2412,2490
2,2,2490,5
2412,2,5,824
2490,2412,824,126
5,2490,126,22
824,5,22,1875
126,824,1875,30
22,126,30,244
1875,22,244,6
30,1875,6,382
244,30,382,426
6,244,426,628
382,6,628,382
426,382,382,1200
628,426,1200,4
382,628,4,336
1200,382,336,382
4,1200,382,4478
336,4,4478,24
382,336,24,41
4478,382,41,36
24,4478,36,186
41,24,186,707
36,41,707,3
186,36,3,13142
707,186,13142,2142
3,707,2142,4992
13142,3,4992,4
2142,13142,4,105
4992,2142,105,737
4,4992,737,3826
105,4,3826,3
737,105,3,76
3826,737,76,2145
3,3826,2145,30
76,3,30,16
2145,76,16,48
30,2145,48,6114
16,30,6114,677
48,16,677,12519
6114,48,12519,9
677,6114,9,48
12519,677,48,5
9,12519,5,43
48,9,43,7
5,48,7,571
43,5,571,1252
7,43,1252,8
571,7,8,108
1252,571,108,7
8,1252,7,15281
108,8,15281,4
7,108,4,55
15281,7,55,21
4,15281,21,17
55,4,17,1257
21,55,1257,3
17,21,3,86
1257,17,86,42
3,1257,42,1817
86,3,1817,3905
42,86,3905,352
1817,42,352,5
3905,1817,5,5841
352,3905,5841,13
5,352,13,388
5841,5,388,4
13,5841,4,34
388,13,34,584
4,388,584,165
34,4,165,137
584,34,137,41
165,584,41,65
137,165,65,2
41,137,2,281
65,41,281,740
2,65,740,23
281,2,23,3029
740,281,3029,4
23,740,4,1651
3029,23,1651,4
4,3029,4,105
1651,4,105,6839
4,1651,6839,2023
105,4,2023,5
6839,105,5,70
2023,6839,70,39
5,2023,39,108
70,5,108,316
39,70,316,8
108,39,8,366
316,108,366,19036
8,316,19036,4
366,8,4,46801
19036,366,46801,7
4,19036,7,412
46801,4,412,1774
7,46801,1774,4
412,7,4,21
1774,412,21,80
4,1774,80,7281
21,4,7281,2
80,21,2,2
7281,80,2,3419
2,7281,3419,5
2,2,5,105
3419,2,105,9039
5,3419,9039,3885
105,5,3885,4779
9039,105,4779,6
3885,9039,6,10
4779,3885,10,26433
6,4779,26433,4
10,6,4,76328
26433,10,76328,9134
4,26433,9134,68
76328,4,68,1019
9134,76328,1019,154
68,9134,154,3
1019,68,3,634
154,1019,634,54
3,154,54,68
634,3,68,897
54,634,897,9
68,54,9,682
897,68,682,564
9,897,564,5
682,9,5,1172
564,682,1172,108
5,564,108,352
1172,5,352,29
108,1172,29,1675
352,108,1675,5
29,352,5,70
1675,29,70,5507
5,1675,5507,74
70,5,74,108
5507,70,108,5878
74,5507,5878,10
108,74,10,13063
5878,108,13063,4
10,5878,4,7
13063,10,7,928
4,13063,928,41
7,4,41,4959
928,7,4959,65
41,928,65,90
4959,41,90,5
65,4959,5,43
90,65,43,913
5,90,913,7
43,5,7,137
913,43,137,130
7,913,130,83
137,7,83,520
130,137,520,1431
83,130,1431,2
520,83,2,4
1431,520,4,824
2,1431,824,23
4,2,23,4204
824,4,4204,6373
23,824,6373,3
4204,23,3,248
6373,4204,248,1080
3,6373,1080,20
248,3,20,13063
1080,248,13063,54
20,1080,54,2224
13063,20,2224,12
54,13063,12,315
2224,54,315,5
12,2224,5,207
315,12,207,42
5,315,42,5
207,5,5,43
42,207,43,5138
5,42,5138,1834
43,5,1834,1291
5138,43,1291,5
1834,5138,5,150
1291,1834,150,3829
5,1291,3829,472
150,5,472,5
3829,150,5,354
472,3829,354,5
5,472,5,42
354,5,42,226
5,354,226,450
42,5,450,5507
226,42,5507,5138
450,226,5138,19365
5507,450,19365,6594
5138,5507,6594,100
19365,5138,100,5
6594,19365,5,108
100,6594,108,938
5,100,938,472
108,5,472,5
938,108,5,4
472,938,4,1937
5,472,1937,4
4,5,4,9568
1937,4,9568,521
4,1937,521,91009
9568,4,91009,4
521,9568,4,16626
91009,521,16626,2593
4,91009,2593,1493
16626,4,1493,1291
2593,16626,1291,472
1493,2593,472,5
1291,1493,5,6626
472,1291,6626,41148
5,472,41148,20
6626,5,20,7
41148,6626,7,2
20,41148,2,2608
7,20,2608,348
2,7,348,54
2608,2,54,7
348,2608,7,336
54,348,336,19
7,54,19,408
336,7,408,5
19,336,5,2107
408,19,2107,88
5,408,88,5
2107,5,5,2107
88,2107,2107,7
5,88,7,768
2107,5,768,3
7,2107,3,4069
768,7,4069,93052
3,768,93052,5
4069,3,5,70
93052,4069,70,8111
5,93052,8111,36
70,5,36,511
8111,70,511,2023
36,8111,2023,5
511,36,5,17428
2023,511,17428,12397
5,2023,12397,7
17428,5,7,768
12397,17428,768,3
7,12397,3,408
768,7,408,5
3,768,5,2107
408,3,2107,343
5,408,343,6
2107,5,6,159
343,2107,159,1078
6,343,1078,4
159,6,4,8116
1078,159,8116,18
4,1078,18,247
8116,4,247,76
18,8116,76,5
247,18,5,1664
76,247,1664,173
5,76,173,4908
1664,5,4908,332
173,1664,332,5
4908,173,5,67
332,4908,67,1493
5,332,1493,423
67,5,423,45
1493,67,45,24
423,1493,24,382
45,423,382,426
24,45,426,4
382,24,4,15
426,382,15,2594
4,426,2594,105
15,4,105,384
2594,15,384,24
105,2594,24,20871
384,105,20871,3
24,384,3,42920
20871,24,42920,18
3,20871,18,1188
42920,3,1188,144
18,42920,144,9
1188,18,9,45
144,1188,45,5
9,144,5,8116
45,9,8116,4
5,45,4,7
8116,5,7,353
4,8116,353,131
7,4,131,5071
353,7,5071,3
131,353,3,4204
5071,131,4204,6373
3,5071,6373,9
4204,3,9,3156
6373,4204,3156,11076
9,6373,11076,3
3156,9,3,735
11076,3156,735,699
3,11076,699,5
735,3,5,104
699,735,104,343
5,699,343,7
104,5,7,380
343,104,380,13
7,343,13,924
380,7,924,3
13,380,3,2054
924,13,2054,2383
3,924,2383,5470
2054,3,5470,343
2383,2054,343,6
5470,2383,6,8116
343,5470,8116,4
6,343,4,7
8116,6,7,55
4,8116,55,44
7,4,44,8
55,7,8,8116
44,55,8116,100
8,44,100,2939
8116,8,2939,7
100,8116,7,165
2939,100,165,239
7,2939,239,24
165,7,24,6802
239,165,6802,570
24,239,570,30
6802,24,30,16
570,6802,16,4381
30,570,4381,3
16,30,3,2
4381,16,2,41
3,4381,41,72
2,3,72,1099
41,2,1099,21
72,41,21,86
1099,72,86,9
