42,2,116,33
7,42,33,4
116,7,4,112
33,116,112,872
4,33,872,25
112,4,25,798
872,112,798,2436
25,872,2436,8
798,25,8,169
2436,798,169,5
8,2436,5,745
169,8,745,2238
5,169,2238,112
745,5,112,12
2238,745,12,2
112,2238,2,2
12,112,2,3023
2,12,3023,2
2,2,2,43590
3023,2,43590,11014
2,3023,11014,24
43590,2,24,563
11014,43590,563,5
24,11014,5,59805
563,24,59805,112
5,563,112,12
59805,5,12,320
112,59805,320,78540
12,112,78540,9
320,12,9,63164
78540,320,63164,12
9,78540,12,146
63164,9,146,2470
12,63164,2470,2993
146,12,2993,9
2470,146,9,22
2993,2470,22,133
9,2993,133,2
22,9,2,133
133,22,133,8
2,133,8,14
133,2,14,39
8,133,39,3
14,8,3,33
39,14,33,4
3,39,4,112
33,3,112,347
4,33,347,4
112,4,4,42
347,112,42,54
4,347,54,33
42,4,33,2195
54,42,2195,1818
33,54,1818,4
2195,33,4,828
1818,2195,828,78961
4,1818,78961,33
828,4,33,4
78961,828,4,112
33,78961,112,347
4,33,347,1452
112,4,1452,3
347,112,3,157
1452,347,157,24
3,1452,24,2256
157,3,2256,33
24,157,33,9603
2256,24,9603,79
33,2256,79,67
9603,33,67,133
79,9603,133,33
67,79,33,2697
133,67,2697,70
33,133,70,107
2697,33,107,1410
70,2697,1410,67
107,70,67,352
1410,107,352,4
67,1410,4,1350
352,67,1350,33
4,352,33,80
1350,4,80,3486
33,1350,3486,2
80,33,2,3147
3486,80,3147,1103
2,3486,1103,525
3147,2,525,107
1103,3147,107,201
525,1103,201,9
107,525,9,33
201,107,33,74336
9,201,74336,53
33,9,53,16
74336,33,16,90
53,74336,90,449
16,53,449,6
90,16,6,157
449,90,157,31
6,449,31,21
157,6,21,86
31,157,86,18
21,31,18,64
86,21,64,478
18,86,478,3
64,18,3,9603
478,64,9603,29
3,478,29,2010
9603,3,2010,3
29,9603,3,244
2010,29,244,203
3,2010,203,8232
244,3,8232,22290
203,244,22290,7
8232,203,7,3460
22290,8232,3460,3
7,22290,3,70
3460,7,70,53
3,3460,53,7
70,3,7,86
53,70,86,42
7,53,42,141
86,7,141,5
42,86,5,778
141,42,778,8
5,141,8,7
778,5,7,43
8,778,43,57446
7,8,57446,33
43,7,33,149
57446,43,149,116
33,57446,116,371
149,33,371,2675
116,149,2675,30
371,116,30,244
2675,371,244,6
30,2675,6,1311
244,30,1311,60
6,244,60,1130
1311,6,1130,60
60,1311,60,449
1130,60,449,29829
60,1130,29829,24
449,60,24,293
29829,449,293,4
24,29829,4,57
293,24,57,1277
4,293,1277,4393
57,4,4393,151
1277,57,151,16
4393,1277,16,12
151,4393,12,2
16,151,2,1377
12,16,1377,4
2,12,4,1083
1377,2,1083,735
4,1377,735,409
1083,4,409,67212
735,1083,67212,1251
409,735,1251,5
67212,409,5,857
1251,67212,857,1599
5,1251,1599,7
857,5,7,476
1599,857,476,29
7,1599,29,8
476,7,8,6
29,476,6,8
8,29,8,7
6,8,7,2
8,6,2,209
7,8,209,8
2,7,8,7
209,2,7,1298
8,209,1298,207
7,8,207,60
1298,7,60,2
207,1298,2,449
60,207,449,2963
2,60,2963,1198
449,2,1198,17884
2963,449,17884,4
1198,2963,4,2458
17884,1198,2458,2525
4,17884,2525,471
2458,4,471,225
2525,2458,225,4
471,2525,4,397
225,471,397,20
4,225,20,115
397,4,115,21
20,397,21,242
115,20,242,8
21,115,8,207
242,21,207,449
8,242,449,7
207,8,7,2
449,207,2,430
7,449,430,29
2,7,29,88
430,2,88,430
29,430,430,1999
88,29,1999,16
430,88,16,962
1999,430,962,30113
16,1999,30113,449
962,16,449,430
30113,962,430,167
449,30113,167,13
430,449,13,247
167,430,247,527
13,167,527,5
247,13,5,99557
527,247,99557,5
5,527,5,51
99557,5,51,11616
5,99557,11616,11751
51,5,11751,3298
11616,51,3298,6505
11751,11616,6505,617
3298,11751,617,71
6505,3298,71,4
617,6505,4,22
71,617,22,37613
4,71,37613,1580
22,4,1580,256
37613,22,256,1495
1580,37613,1495,6501
256,1580,6501,3295
1495,256,3295,4
6501,1495,4,5191
3295,6501,5191,3962
4,3295,3962,35
5191,4,35,143
3962,5191,143,35
35,3962,35,4
143,35,4,652
35,143,652,16
4,35,16,23
652,4,23,124
16,652,124,15
23,16,15,1277
124,23,1277,1599
15,124,1599,10
1277,15,10,7
1599,1277,7,262
10,1599,262,5
7,10,5,63
262,7,63,5
5,262,5,143
63,5,143,35
5,63,35,3
143,5,3,789
35,143,789,22
3,35,22,226
789,3,226,24
22,789,24,48
226,22,48,2006
24,226,2006,238
48,24,238,4
2006,48,4,1432
238,2006,1432,1965
4,238,1965,371
1432,4,371,71
1965,1432,71,41848
371,1965,41848,1599
71,371,1599,4
41848,71,4,900
1599,41848,900,3
4,1599,3,1205
900,4,1205,738
3,900,738,54
1205,3,54,13
738,1205,13,2989
54,738,2989,6
13,54,6,439
2989,13,439,5
6,2989,5,589
439,6,589,5
5,439,5,2525
589,5,2525,45
5,589,45,409
2525,5,409,106842
45,2525,106842,73
409,45,73,293
106842,409,293,4
73,106842,4,1109
293,73,1109,2144
4,293,2144,18
1109,4,18,42
2144,1109,42,934
18,2144,934,1135
42,18,1135,1779
934,42,1779,5
1135,934,5,18445
1779,1135,18445,938
5,1779,938,67
18445,5,67,1251
938,18445,1251,4
67,938,4,67
1251,67,67,107
4,1251,107,5
67,4,5,78144
107,67,78144,70
5,107,70,18
78144,5,18,907
70,78144,907,8
18,70,8,18
907,18,18,47
8,907,47,164
18,8,164,9
47,18,9,568
164,47,568,80
9,164,80,4292
568,9,4292,90
80,568,90,907
4292,80,907,73
90,4292,73,2516
907,90,2516,18
73,907,18,2291
2516,73,2291,31
18,2516,31,2393
2291,18,2393,6
31,2291,6,658
2393,31,658,124
6,2393,124,21042
658,6,21042,9869
124,658,9869,1926
21042,124,1926,2378
9869,21042,2378,4
1926,9869,4,4655
2378,1926,4655,3074
4,2378,3074,76
4655,4,76,907
3074,4655,907,18
76,3074,18,2291
907,76,2291,31
18,907,31,2393
2291,18,2393,6
31,2291,6,70
2393,31,70,95621
6,2393,95621,25
70,6,25,240
95621,70,240,12
25,95621,12,3176
240,25,3176,67
12,240,67,133
3176,12,133,17
67,3176,17,21729
133,67,21729,19
17,133,19,449
21729,17,449,12163
19,21729,12163,30
449,19,30,16
12163,449,16,70
30,12163,70,1999
16,30,1999,4
70,16,4,21
1999,70,21,4019
4,1999,4019,2035
21,4,2035,846
4019,21,846,7255
2035,4019,7255,30
846,2035,30,34
7255,846,34,25
30,7255,25,51
34,30,51,7
25,34,7,1310
51,25,1310,3
7,51,3,789
1310,7,789,143
3,1310,143,35
789,3,35,122
143,789,122,90
35,143,90,162
122,35,162,4
90,122,4,521
162,90,521,137
4,162,137,108
521,4,108,168
137,521,168,1881
108,137,1881,9929
168,108,9929,12080
1881,168,12080,222
9929,1881,222,610
12080,9929,610,8
222,12080,8,53
610,222,53,7
8,610,7,201
53,8,201,4
7,53,4,1309
201,7,1309,6
4,201,6,20
1309,4,20,108
6,1309,108,1309
20,6,1309,327
108,20,327,17
1309,108,17,1748
327,1309,1748,126
17,327,126,10
1748,17,10,1546
126,1748,1546,103621
10,126,103621,705
1546,10,705,9861
103621,1546,9861,705
705,103621,705,327
9861,705,327,17
705,9861,17,533
327,705,533,3
17,327,3,789
533,17,789,20
3,533,20,133
789,3,133,24
20,789,24,95
133,20,95,8
24,133,8,2010
95,24,2010,3
8,95,3,12911
2010,8,12911,43
3,2010,43,4
12911,3,4,67
43,12911,67,107
4,43,107,5
67,4,5,78148
107,67,78148,27
5,107,27,240
78148,5,240,3
27,78148,3,3834
240,27,3834,3721
3,240,3721,487
3834,3,487,24
3721,3834,24,449
487,3721,449,426
24,487,426,8
449,24,8,16
426,449,16,508
8,426,508,3
16,8,3,536
508,16,536,144
3,508,144,834
536,3,834,36
144,536,36,5257
834,144,5257,430
36,834,430,151
5257,36,151,7
430,5257,7,21
151,430,21,86
7,151,86,4974
21,7,4974,29
86,21,29,962
4974,86,962,10
29,4974,10,7
962,29,7,1387
10,962,1387,10
7,10,10,7
1387,7,7,1387
10,1387,1387,2490
7,10,2490,5
1387,7,5,63
2490,1387,63,5
5,2490,5,143
63,5,143,35
5,63,35,3
143,5,3,789
35,143,789,20
3,35,20,83063
789,3,83063,7
20,789,7,551
83063,20,551,64
7,83063,64,107
551,7,107,3
64,551,3,3219
107,64,3219,889
3,107,889,5
3219,3,5,589
889,3219,589,5
5,889,5,449
589,5,449,1059
5,589,1059,24
449,5,24,124
1059,449,124,1464
24,1059,1464,73
124,24,73,278
1464,124,278,386
73,1464,386,4
278,73,4,45102
386,278,45102,7
4,386,7,118
45102,4,118,1748
7,45102,1748,87
118,7,87,4802
1748,118,4802,195
87,1748,195,73
4802,87,73,5191
195,4802,5191,3962
73,195,3962,18
5191,73,18,1893
3962,5191,1893,3317
18,3962,3317,1224
1893,18,1224,3
3317,1893,3,2
1224,3317,2,4030
3,1224,4030,5
2,3,5,74
4030,2,74,42
5,4030,42,169
74,5,169,2161
42,74,2161,449
169,42,449,6393
2161,169,6393,15
449,2161,15,412
6393,449,412,41
15,6393,41,65
412,15,65,2
41,412,2,572
65,41,572,2252
2,65,2252,4
572,2,4,2
2252,572,2,69091
4,2252,69091,5
2,4,5,75458
69091,2,75458,33
5,69091,33,113
75458,5,113,70
33,75458,70,16
113,33,16,2386
70,113,2386,122
16,70,122,274
2386,16,274,244
122,2386,244,6
274,122,6,2
244,274,2,1605
6,244,1605,108
2,6,108,101
1605,2,101,115
108,1605,115,21
101,108,21,371
115,101,371,27
21,115,27,610
371,21,610,447
27,371,447,3
610,27,3,22
447,610,22,226
3,447,226,4
22,3,4,447
226,22,447,1999
4,226,1999,7
447,4,7,21
1999,447,21,24
7,1999,24,6775
21,7,6775,18522
24,21,18522,320
6775,24,320,9614
18522,6775,9614,4
320,18522,4,14454
9614,320,14454,447
4,9614,447,1999
14454,4,1999,7
447,14454,7,24
1999,447,24,1277
7,1999,1277,72457
24,7,72457,6
1277,24,6,155
72457,1277,155,320
6,72457,320,16
155,6,16,43
320,155,43,487
16,320,487,874
43,16,874,1192
487,43,1192,3
874,487,3,116
1192,874,116,560
3,1192,560,1994
116,3,1994,5
560,116,5,2
1994,560,2,604
5,1994,604,272
2,5,272,10
604,2,10,7
272,604,7,1523
10,272,1523,33
7,10,33,116
1523,7,116,10
33,1523,10,7
116,33,7,72886
10,116,72886,6
7,10,6,155
72886,7,155,320
6,72886,320,16
155,6,16,43
320,155,43,487
16,320,487,874
43,16,874,1192
487,43,1192,3
874,487,3,116
1192,874,116,560
3,1192,560,1994
116,3,1994,5
560,116,5,889
1994,560,889,5
5,1994,5,589
889,5,589,5
5,889,5,604
589,5,604,1059
5,589,1059,4
604,5,4,589
1059,604,589,5
4,1059,5,57
589,4,57,20909
5,589,20909,449
57,5,449,31
20909,57,31,2010
449,20909,2010,3
31,449,3,1452
2010,31,1452,12
3,2010,12,67
1452,3,67,70737
12,1452,70737,7
67,12,7,1523
70737,67,1523,33
7,70737,33,116
1523,7,116,10
33,1523,10,7
116,33,7,72894
10,116,72894,33
7,10,33,112
72894,7,112,872
33,72894,872,449
112,33,449,108
872,112,108,4
449,872,4,169
108,449,169,5
4,108,5,162
169,4,162,16
5,169,16,2592
162,5,2592,19
16,162,19,371
2592,16,371,27
19,2592,27,4479
371,19,4479,384
27,371,384,5
4479,27,5,108
384,4479,108,7
5,384,7,37857
108,5,37857,33
7,108,33,112
37857,7,112,872
33,37857,872,4
112,33,4,12
872,112,12,40
4,872,40,18
12,4,18,47
40,12,47,4758
18,40,4758,24
47,18,24,28310
4758,47,28310,24
24,4758,24,2256
28310,24,2256,3
24,28310,3,157
2256,24,157,203
3,2256,203,371
157,3,371,27
203,157,27,9861
371,203,9861,240
27,371,240,7
9861,27,7,4915
240,9861,4915,214
7,240,214,5
4915,7,5,20
214,4915,20,306
5,214,306,778
20,5,778,19045
306,20,19045,112
778,306,112,478
19045,778,478,4
112,19045,4,478
478,112,478,5
4,478,5,57
478,4,57,31
5,478,31,2010
57,5,2010,3
31,57,3,154
2010,31,154,164
3,2010,164,84
154,3,84,143
164,154,143,35
84,164,35,5
143,84,5,157
35,143,157,13
5,35,13,64
157,5,64,2601
13,157,2601,3
64,13,3,555
2601,64,555,10
3,2601,10,1224
555,3,1224,6
10,555,6,316
1224,10,316,3
6,1224,3,10058
316,6,10058,4091
3,316,4091,4
10058,3,4,521
4091,10058,521,6
4,4091,6,67
521,4,67,67622
6,521,67622,3554
67,6,3554,98
67622,67,98,57
3554,67622,57,376
98,3554,376,29
57,98,29,371
376,57,371,27
29,376,27,40
371,29,40,17
27,371,17,2
40,27,2,434
17,40,434,9
2,17,9,606
434,2,606,9951
9,434,9951,244
606,9,244,5
9951,606,5,70
244,9951,70,207
5,244,207,44
70,5,44,8
207,70,8,1999
44,207,1999,7
8,44,7,102256
1999,8,102256,1511
7,1999,1511,371
102256,7,371,27
1511,102256,27,6
371,1511,6,725
27,371,725,5
6,27,5,2
725,6,2,3180
5,725,3180,1263
2,5,1263,321
3180,2,321,33
1263,3180,33,396
321,1263,396,610
33,321,610,209
396,33,209,8
610,396,8,11
209,610,11,1361
8,209,1361,491
11,8,491,102
1361,11,102,167
491,1361,167,24
102,491,24,33
167,102,33,78
24,167,78,32
33,24,32,4
78,33,4,274
32,78,274,51
4,32,51,765
274,4,765,7
51,274,7,42
765,51,42,3
7,765,3,25
42,7,25,74479
3,42,74479,327
25,3,327,244
74479,25,244,6
327,74479,6,2
244,327,2,108
6,244,108,5
2,6,5,738
108,2,738,21
5,108,21,2
738,5,2,108
21,738,108,5
2,21,5,3816
108,2,3816,7574
5,108,7574,4
3816,5,4,5820
7574,3816,5820,162
4,7574,162,11292
5820,4,11292,207
162,5820,207,4417
11292,162,4417,44
207,11292,44,5
4417,207,5,38
44,4417,38,78535
5,44,78535,1599
38,5,1599,7
78535,38,7,1809
1599,78535,1809,5
7,1599,5,597
1809,7,597,12
5,1809,12,20
597,5,20,1473
12,597,1473,31
20,12,31,178
1473,20,178,6
31,1473,6,574
178,31,574,4
6,178,4,279
574,6,279,375
4,574,375,10
279,4,10,7
375,279,7,1748
10,375,1748,20
7,10,20,226
1748,7,226,327
20,1748,327,789
226,20,789,682
327,226,682,24
789,327,24,2006
682,789,2006,161
24,682,161,238
2006,24,238,4
161,2006,4,86059
238,161,86059,42041
4,238,42041,7
86059,4,7,1835
42041,86059,1835,5
7,42041,5,43
1835,7,43,441
5,1835,441,790
43,5,790,11
441,43,11,7
790,441,7,2
11,790,2,159
7,11,159,43
2,7,43,839
159,2,839,625
43,159,625,379
839,43,379,4
625,839,4,745
379,625,745,5
4,379,5,2358
745,4,2358,124
5,745,124,120
2358,5,120,11
124,2358,11,522
120,124,522,15
11,120,15,13330
522,11,13330,14205
15,522,14205,5151
13330,15,5151,1883
14205,13330,1883,17431
5151,14205,17431,371
1883,5151,371,42041
17431,1883,42041,14
371,17431,14,2
42041,371,2,4381
14,42041,4381,1799
2,14,1799,9
4381,2,9,363
1799,4381,363,66
9,1799,66,23
363,9,23,66355
66,363,66355,3293
23,66,3293,19
66355,23,19,500
3293,66355,500,8574
19,3293,8574,562
500,19,562,68402
6,1021,3770,2937
1613,6,2937,656
3770,1613,656,3
2937,3770,3,58
656,2937,58,127
3,656,127,94
58,3,94,138
127,58,138,27
94,127,27,712
138,94,712,747
27,138,747,736
712,27,736,6
747,712,6,1613
736,747,1613,5433
6,736,5433,198
1613,6,198,2
5433,1613,2,601
198,5433,601,44
2,198,44,5
601,2,5,69
44,601,69,343
5,44,343,6
69,5,6,614
343,69,614,35
6,343,35,54
614,6,54,514
35,614,514,531
54,35,531,1225
514,54,1225,10727
531,514,10727,1021
1225,531,1021,2937
10727,1225,2937,2
1021,10727,2,3848
2937,1021,3848,719
2,2937,719,3
3848,2,3,27
719,3848,27,9091
3,719,9091,712
27,3,712,6
9091,27,6,13074
712,9091,13074,1228
6,712,1228,1613
13074,6,1613,746
1228,13074,746,24135
1613,1228,24135,126
746,1613,126,2498
24135,746,2498,5746
126,24135,5746,1300
2498,126,1300,81
5746,2498,81,4
1300,5746,4,17617
81,1300,17617,38
4,81,38,103890
17617,4,103890,21
38,17617,21,110
103890,38,110,3
21,103890,3,329
110,21,329,4203
3,110,4203,5262
329,3,5262,20
4203,329,20,2069
5262,4203,2069,4
20,5262,4,20
2069,20,20,2498
4,2069,2498,84
20,4,84,30
2498,20,30,219
84,2498,219,110
30,84,110,3
219,30,3,18
110,219,18,2
3,110,2,2141
18,3,2141,2141
2,18,2141,712
2141,2,712,9
2141,2141,9,138
712,2141,138,27
9,712,27,28
138,9,28,13214
27,138,13214,826
28,27,826,2498
13214,28,2498,1140
826,13214,1140,13519
2498,826,13519,31
1140,2498,31,186
13519,1140,186,315
31,13519,315,3
186,31,3,1300
315,186,1300,4203
3,315,4203,4
1300,3,4,31
4203,1300,31,13
4,4203,13,1064
31,4,1064,202
13,31,202,66301
1064,13,66301,13
202,1064,13,241
66301,202,241,47
13,66301,47,21935
241,13,21935,9
47,241,9,40860
21935,47,40860,713
9,21935,713,487
40860,9,487,185
713,40860,185,15
487,713,15,1737
185,487,1737,311
15,185,311,5
1737,15,5,614
311,1737,614,15
5,311,15,1231
614,5,1231,4
15,614,4,41
1231,15,41,614
4,1231,614,4620
41,4,4620,65
614,41,65,98
4620,614,98,57
65,4620,57,97565
98,65,97565,129
57,98,129,5
97565,57,5,1613
129,97565,1613,684
5,129,684,7
1613,5,7,1348
684,1613,1348,4
7,684,4,6
1348,7,6,35
4,1348,35,893
6,4,893,42
35,6,42,5
893,35,5,14710
42,893,14710,9363
5,42,9363,141
14710,5,141,6
9363,14710,6,70
141,9363,70,37138
6,141,37138,136
70,6,136,512
37138,70,512,4
136,37138,4,717
512,136,717,2375
