1064,1813,10,21
286,1064,21,68146
10,286,68146,44
21,10,44,34
68146,21,34,253
44,68146,253,514
34,44,514,107
253,34,107,29
514,253,29,2465
107,514,2465,5091
29,107,5091,26
2465,29,26,18
5091,2465,18,38
26,5091,38,83
18,26,83,106
38,18,106,11
83,38,11,46192
106,83,46192,2
11,106,2,232
46192,11,232,5
2,46192,5,2
232,2,2,6934
5,232,6934,1813
2,5,1813,40
6934,2,40,17
1813,6934,17,7721
40,1813,7721,2479
17,40,2479,286
7721,17,286,21
2479,7721,21,1871
286,2479,1871,20
21,286,20,721
1871,21,721,6
20,1871,6,59
721,20,59,135
6,721,135,287
59,6,287,575
135,59,575,11734
287,135,11734,438
575,287,438,2151
11734,575,2151,117
438,11734,117,2128
2151,438,2128,35059
117,2151,35059,4683
2128,117,4683,24
35059,2128,24,237
4683,35059,237,6
24,4683,6,878
237,24,878,75
6,237,75,10
878,6,10,14
75,878,14,1254
10,75,1254,11
14,10,11,13
1254,14,13,11472
11,1254,11472,4616
13,11,4616,2346
11472,13,2346,1509
4616,11472,1509,9
2346,4616,9,1698
1509,2346,1698,283
9,1509,283,74900
1698,9,74900,14
283,1698,14,1603
74900,283,1603,6
14,74900,6,1206
1603,14,1206,19
6,1603,19,19267
1206,6,19267,71117
19,1206,71117,2
19267,19,2,39
71117,19267,39,823
2,71117,823,127
39,2,127,287
823,39,287,80337
127,823,80337,1813
287,127,1813,30
80337,287,30,12
1813,80337,12,3
30,1813,3,689
12,30,689,237
3,12,237,6
689,3,6,2
237,689,2,3348
6,237,3348,3
2,6,3,3722
3348,2,3722,63
3,3348,63,1477
3722,3,1477,83947
63,3722,83947,21951
1477,63,21951,31
83947,1477,31,296
21951,83947,296,85
31,21951,85,141
296,31,141,2268
85,296,2268,134
141,85,134,4868
2268,141,4868,8
134,2268,8,743
4868,134,743,77
8,4868,77,247
743,8,247,2193
77,743,2193,41
247,77,41,2223
2193,247,2223,52
41,2193,52,10
2223,41,10,50
52,2223,50,3
10,52,3,671
50,10,671,56
3,50,56,394
671,3,394,6
56,671,6,33957
394,56,33957,41
6,394,41,2223
33957,6,2223,255
41,33957,255,40
2223,41,40,5401
255,2223,5401,52
40,255,52,785
5401,40,785,18
52,5401,18,260
785,52,260,47
18,785,47,2739
260,18,2739,4
47,260,4,45
2739,47,45,40
4,2739,40,18
45,4,18,739
40,45,739,360
18,40,360,53
739,18,53,906
360,739,906,645
53,360,645,40
906,53,40,154
645,906,154,79
40,645,79,671
154,40,671,4
79,154,4,6492
671,79,6492,24
4,671,24,97
6492,4,97,40
24,6492,40,17
97,24,17,761
40,97,761,3
17,40,3,106
761,17,106,9
3,761,9,3966
106,3,3966,287
9,106,287,21951
3966,9,21951,1757
287,3966,1757,99
21951,287,99,4728
1757,21951,4728,785
99,1757,785,50
4728,99,50,12161
785,4728,12161,56
50,785,56,6
12161,50,6,2202
56,12161,2202,6
6,56,6,464
2202,6,464,673
6,2202,673,4
464,6,4,90
673,464,90,57
4,673,57,35
90,4,35,34
57,90,34,850
35,57,850,663
34,35,663,19
850,34,19,13865
663,850,13865,2872
19,663,2872,9
13865,19,9,161
2872,13865,161,675
9,2872,675,3
161,9,3,14209
675,161,14209,94
3,675,94,9
14209,3,9,257
94,14209,257,85
9,94,85,34
257,9,34,18
85,257,18,893
34,85,893,6
18,34,6,207
893,18,207,35
6,893,35,82
207,6,82,1874
35,207,1874,1644
82,35,1644,230
1874,82,230,18
1644,1874,18,3
230,1644,3,17
18,230,17,1057
3,18,1057,3
17,3,3,666
1057,17,666,4
3,1057,4,93
666,3,93,2
4,666,2,3966
93,4,3966,12
2,93,12,21271
3966,2,21271,1054
12,3966,1054,7
21271,12,7,21
1054,21271,21,1406
7,1054,1406,3
21,7,3,2
1406,21,2,1281
3,1406,1281,9
2,3,9,300
1281,2,300,24
9,1281,24,65958
300,9,65958,7
24,300,7,99
65958,24,99,60
7,65958,60,20
99,7,20,85
60,99,85,1482
20,60,1482,53
85,20,53,13
1482,85,13,47
53,1482,47,358
13,53,358,5
47,13,5,2
358,47,2,94
5,358,94,3780
2,5,3780,56
94,2,56,6
3780,94,6,1206
56,3780,1206,171
6,56,171,2
1206,6,2,774
171,1206,774,4105
2,171,4105,8123
774,2,8123,5
4105,774,5,199
8123,4105,199,217
5,8123,217,9
199,5,9,27
217,199,27,76
9,217,76,202
27,9,202,158
76,27,158,50
202,76,50,1454
158,202,1454,1612
50,158,1612,9927
1454,50,9927,240
1612,1454,240,6
9927,1612,6,187
240,9927,187,58
6,240,58,287
187,6,287,1658
58,187,1658,87201
287,58,87201,9030
1658,287,9030,7
87201,1658,7,2
9030,87201,2,356
7,9030,356,523
2,7,523,4
356,2,4,6275
523,356,6275,737
4,523,737,1799
6275,4,1799,9
737,6275,9,4868
1799,737,4868,11
9,1799,11,55
4868,9,55,17
11,4868,17,1123
55,11,1123,164
17,55,164,36
1123,17,36,12
164,1123,12,672
36,164,672,32299
363,390,16,550
3154,363,550,23
16,3154,23,275
550,16,275,42
23,550,42,1532
275,23,1532,3251
42,275,3251,7
1532,42,7,165
3251,1532,165,12
7,3251,12,78810
165,7,78810,2
12,165,2,531
78810,12,531,194
2,78810,194,6639
531,2,6639,2
194,531,2,1436
6639,194,1436,237
2,6639,237,3
1436,2,3,1034
237,1436,1034,570
3,237,570,829
1034,3,829,37
570,1034,37,3251
829,570,3251,405
37,829,405,298
3251,37,298,2460
405,3251,2460,1687
298,405,1687,6
2460,298,6,4081
1687,2460,4081,1035
6,1687,1035,50
4081,6,50,104
1035,4081,104,471
50,1035,471,2080
104,50,2080,1074
471,104,1074,36
2080,471,36,50
1074,2080,50,57
36,1074,57,232
50,36,232,5
57,50,5,2
232,57,2,1083
5,232,1083,1620
2,5,1620,1017
1083,2,1017,98699
1620,1083,98699,1783
1017,1620,1783,4
98699,1017,4,6709
1783,98699,6709,1312
4,1783,1312,16
6709,4,16,76
1312,6709,76,5
16,1312,5,1555
76,16,1555,1436
5,76,1436,16
1555,5,16,501
1436,1555,501,3
16,1436,3,93
501,16,93,3
3,501,3,1932
93,3,1932,5
3,93,5,31
1932,3,31,14
5,1932,14,405
31,5,405,167
14,31,167,6
405,14,6,2555
167,405,2555,54
6,167,54,489
2555,6,489,45
54,2555,45,4
489,54,4,2481
45,489,2481,87043
4,45,87043,5
2481,4,5,3154
87043,2481,3154,50
5,87043,50,1045
3154,5,1045,4
50,3154,4,42
1045,50,42,5
4,1045,5,3154
42,4,3154,23
5,42,23,1922
3154,5,1922,477
23,3154,477,3
1922,23,3,17
477,1922,17,2
3,477,2,272
17,3,272,874
2,17,874,320
272,2,320,2
874,272,2,2
320,874,2,1211
2,320,1211,6
2,2,6,890
1211,2,890,1083
6,1211,1083,23661
890,6,23661,291
1083,890,291,7
23661,1083,7,239
291,23661,239,24
7,291,24,2673
239,7,2673,15
24,239,15,23
2673,24,23,275
15,2673,275,42
23,15,42,1211
275,23,1211,12
42,275,12,296
1211,42,296,123
12,1211,123,16
296,12,16,422
123,296,422,3445
16,123,3445,3535
422,16,3535,158
3445,422,158,457
3535,3445,457,2264
158,3535,2264,99424
457,158,99424,28
2264,457,28,105815
99424,2264,105815,16
28,99424,16,165
105815,28,165,2
16,105815,2,217
165,16,217,5
2,165,5,45
217,2,45,1679
5,217,1679,646
45,5,646,6
1679,45,6,167
646,1679,167,165
6,646,165,6
167,6,6,67
165,167,67,133
6,165,133,31
67,6,31,165
133,67,165,1363
31,133,1363,2
165,31,2,447
1363,165,447,11
2,1363,11,23507
447,2,23507,2
11,447,2,234
23507,11,234,23
2,23507,23,759
234,2,759,974
23,234,974,6
759,23,6,291
974,759,291,4
6,974,4,194
291,6,194,26
4,291,26,93471
194,4,93471,227
26,194,227,1554
93471,26,1554,15941
227,93471,15941,2264
1554,227,2264,10942
15941,1554,10942,1628
2264,15941,1628,7911
10942,2264,7911,3363
1628,10942,3363,8949
7911,1628,8949,2
3363,7911,2,42
8949,3363,42,5
2,8949,5,103
42,2,103,1863
5,42,1863,3154
103,5,3154,23
1863,103,23,2555
3154,1863,2555,1922
23,3154,1922,4
2555,23,4,22
1922,2555,22,1045
4,1922,1045,10013
22,4,10013,3363
1045,22,3363,8949
10013,1045,8949,2
3363,10013,2,272
8949,3363,272,405
2,8949,405,2
272,2,2,2460
405,272,2460,1863
2,405,1863,3131
2460,2,3131,37
1863,2460,37,4
3131,1863,4,509
37,3131,509,394
4,37,394,12
509,4,12,2
394,509,2,1733
12,394,1733,746
2,12,746,11729
1733,2,11729,5773
746,1733,5773,97641
11729,746,97641,7
5773,11729,7,99
97641,5773,99,60
7,97641,60,26
99,7,26,821
60,99,821,154
26,60,154,409
821,26,409,874
154,821,874,93294
409,154,93294,3363
874,409,3363,8949
93294,874,8949,14
3363,93294,14,4498
8949,3363,4498,19
14,8949,19,1185
4498,14,1185,3
19,4498,3,5844
1185,19,5844,128
3,1185,128,66
5844,3,66,2
128,5844,2,669
66,128,669,2121
2,66,2121,158
669,2,158,134
2121,669,134,390
158,2121,390,2121
134,158,2121,711
390,134,711,266
2121,390,266,28
711,2121,28,874
266,711,874,53
28,266,53,1692
874,28,1692,89
53,874,89,6
1692,53,6,878
89,1692,878,4
6,89,4,10869
878,6,10869,89
4,878,89,3
10869,4,3,3445
89,10869,3445,49228
3,89,49228,874
3445,3,874,2121
49228,3445,2121,158
874,49228,158,28
2121,874,28,411
158,2121,411,850
28,158,850,75
411,28,75,254
850,411,254,11
75,850,11,13
254,75,13,2
11,254,2,618
13,11,618,433
2,13,433,29
618,2,29,64
433,618,64,508
29,433,508,807
64,29,807,3
508,64,3,98243
807,508,98243,103
3,807,103,8986
98243,3,8986,1863
103,98243,1863,3154
8986,103,3154,13
1863,8986,13,4094
3154,1863,4094,618
13,3154,618,433
4094,13,433,11
618,4094,11,28
433,618,28,29
11,433,29,50
28,11,50,21
29,28,21,2374
50,29,2374,3
21,50,3,98219
2374,21,98219,3363
3,2374,3363,8949
98219,3,8949,13
3363,98219,13,47
8949,3363,47,1465
13,8949,1465,6
47,13,6,318
1465,47,318,19
6,1465,19,2
318,6,2,2555
19,318,2555,618
2,19,618,212
2555,2,212,3
618,2555,3,1610
212,618,1610,66
3,212,66,405
1610,3,405,1760
66,1610,1760,9
405,66,9,1766
1760,405,1766,583
9,1760,583,12
1766,9,12,176
583,1766,176,379
12,583,379,15
176,12,15,2
379,176,2,13183
15,379,13183,171
2,15,171,2
13183,2,2,6759
171,13183,6759,184
2,171,184,3
6759,2,3,3445
184,6759,3445,166
3,184,166,6892
3445,3,6892,17568
166,3445,17568,4
6892,166,4,390
17568,6892,390,2404
4,17568,2404,96418
390,4,96418,13
2404,390,13,139
96418,2404,139,2
13,96418,2,415
139,13,415,1466
2,139,1466,9
415,2,9,10013
1466,415,10013,3363
9,1466,3363,8949
10013,9,8949,5722
3363,10013,5722,3154
8949,3363,3154,8
5722,8949,8,383
3154,5722,383,3445
8,3154,3445,874
383,8,874,697
3445,383,697,89
874,3445,89,6
697,874,6,1335
89,697,1335,15
6,89,15,834
1335,6,834,29
15,1335,29,10
834,15,10,14
29,834,14,314
10,29,314,59
14,10,59,8
314,14,8,1466
59,314,1466,14
8,59,14,139
1466,8,139,36
14,1466,36,206
139,14,206,3445
36,139,3445,874
206,36,874,84
3445,206,84,44
874,3445,44,11
84,874,11,13
44,84,13,64
11,44,64,807
13,11,807,3
64,13,3,98237
807,64,98237,3
3,807,3,803
98237,3,803,52
3,98237,52,26
803,3,26,50
52,803,50,260
26,52,260,12
50,26,12,874
260,50,874,3831
12,260,3831,62
874,12,62,7
3831,874,7,1045
62,3831,1045,1315
7,62,1315,3
1045,7,3,4095
1315,1045,4095,168
3,1315,168,3536
4095,3,3536,4
168,4095,4,1518
3536,168,1518,56
4,3536,56,2460
1518,4,2460,48960
56,1518,48960,806
2460,56,806,998
48960,2460,998,258
806,48960,258,471
998,806,471,1333
258,998,1333,11726
471,258,11726,10186
1333,471,10186,168
11726,1333,168,1922
10186,11726,1922,18
168,10186,18,1596
1922,168,1596,4
18,1922,4,344
1596,18,344,564
4,1596,564,2
344,4,2,874
564,344,874,179
2,564,179,3
874,2,3,13294
179,874,13294,103103
3,179,103103,44
13294,3,44,3154
103103,13294,3154,7911
44,103103,7911,3363
3154,44,3363,8949
7911,3154,8949,7
3363,7911,7,272
8949,3363,272,6
7,8949,6,311
272,7,311,20318
6,272,20318,13818
311,6,13818,4
20318,311,4,293
13818,20318,293,21337
4,13818,21337,7
293,4,7,272
21337,293,272,12
7,21337,12,274
272,7,274,6
12,272,6,1245
274,12,1245,2
6,274,2,3445
1245,6,3445,3535
2,1245,3535,158
3445,2,158,134
3535,3445,134,390
158,3535,390,457
134,158,457,58820
390,134,58820,178
457,390,178,161
58820,457,161,50
178,58820,50,489
161,178,489,6
50,161,6,1922
489,50,1922,3131
6,489,3131,29
1922,6,29,874
3131,1922,874,16
29,3131,16,615
874,29,615,9
16,874,9,667
615,16,667,272
9,615,272,6
667,9,6,1089
272,667,1089,2869
6,272,2869,12
1089,6,12,101
2869,1089,101,4
12,2869,4,2149
101,12,2149,25251
4,101,25251,5000
2149,4,5000,4
25251,2149,4,2
5000,25251,2,69011
4,5000,69011,3821
2,4,3821,624
69011,2,624,28
3821,69011,28,8
624,3821,8,272
28,624,272,236
8,28,236,2
272,8,2,1198
236,272,1198,23
2,236,23,1922
1198,2,1922,4
23,1198,4,77679
1922,23,77679,103
4,1922,103,2487
77679,4,2487,30
103,77679,30,198
2487,103,198,474
30,2487,474,373
198,30,373,5
474,198,5,332
373,474,332,57
5,373,57,2296
332,5,2296,126
57,332,126,353
2296,57,353,20
126,2296,20,667
353,126,667,1198
20,353,1198,607
667,20,607,2
1198,667,2,16012
607,1198,16012,19
2,607,19,2264
16012,2,2264,10942
19,16012,10942,7
2264,19,7,21
10942,2264,21,472
7,10942,472,118
21,7,118,7434
472,21,7434,19
118,472,19,874
7434,118,874,394
19,7434,394,6
874,19,6,2
394,874,2,2013
6,394,2013,63699
2,6,63699,3
2013,2,3,803
63699,2013,803,120
3,63699,120,7
803,3,7,272
120,803,272,6
7,120,6,25251
272,7,25251,5000
6,272,5000,155
25251,6,155,7
5000,25251,7,580
155,5000,580,1426
7,155,1426,89
580,7,89,2365
1426,580,2365,56
89,1426,56,24
2365,89,24,874
56,2365,874,4
24,56,4,77
874,24,77,11
4,874,11,17
77,4,17,6278
11,77,6278,190
17,11,190,33159
6278,17,33159,45
190,6278,45,50
33159,190,50,1480
45,33159,1480,6
50,45,6,2555
1480,50,2555,6
6,1480,6,1335
2555,6,1335,15
6,2555,15,167
1335,6,167,42
15,1335,42,6
167,15,6,14210
42,167,14210,4
6,42,4,57
14210,6,57,6
4,14210,6,14355
57,4,14355,2264
6,57,2264,10942
14355,6,10942,16636
2264,14355,16636,14
10942,2264,14,307
16636,10942,307,394
14,16636,394,8
307,14,8,44
394,307,44,184
8,394,184,3
44,8,3,92199
184,44,92199,417
3,184,417,14
92199,3,14,3845
417,92199,3845,442
14,417,442,184
3845,14,184,3
442,3845,3,3445
184,442,3445,166
3,184,166,6892
3445,3,6892,96409
166,3445,96409,2456
6892,166,2456,158
96409,6892,158,28
2456,96409,28,324
158,2456,324,75
28,158,75,2
324,28,2,2618
75,324,2618,24
2,75,24,2
2618,2,2,5920
24,2618,5920,1399
2,24,1399,186
5920,2,186,81
1399,5920,81,3
186,1399,3,4549
81,186,4549,2555
3,81,2555,418
4549,3,418,5
2555,4549,5,54303
418,2555,54303,1399
5,418,1399,1283
54303,5,1283,471
1399,54303,471,1407
1283,1399,1407,6
471,1283,6,1640
1407,471,1640,2889
6,1407,2889,4
1640,6,4,134
2889,1640,134,874
4,2889,874,11
134,4,11,2106
874,134,2106,471
11,874,471,3
2106,11,3,1922
471,2106,1922,126
3,471,126,167
1922,3,167,176
126,1922,176,459
167,126,459,418
176,167,418,120
459,176,120,1399
418,459,1399,134
120,418,134,81
1399,120,81,11
134,1399,11,2602
81,134,2602,61
11,81,61,20229
2602,11,20229,442
61,2602,442,26
20229,61,26,146
442,20229,146,190
26,442,190,851
146,26,851,346
190,146,346,7911
851,190,7911,3363
346,851,3363,8949
7911,346,8949,106222
3363,7911,106222,277
8949,3363,277,1922
106222,8949,1922,3154
277,106222,3154,34
1922,277,34,12
3154,1922,12,2
34,3154,2,1447
12,34,1447,6
2,12,6,2
1447,2,2,5231
6,1447,5231,55
2,6,55,6
5231,2,6,14210
55,5231,14210,2264
6,55,2264,10942
14210,6,10942,1757
2264,14210,1757,34
10942,2264,34,1337
1757,10942,1337,8949
34,1757,8949,147
1337,34,147,3
8949,1337,3,3355
147,8949,3355,4
3,147,4,64
3355,3,64,752
4,3355,752,488
64,4,488,45019
752,64,45019,3
488,752,3,803
45019,488,803,31
3,45019,31,16
803,3,16,45
31,803,45,31
16,31,31,50
45,16,50,1480
31,45,1480,4
50,31,4,51
1480,50,51,14
4,1480,14,38
51,4,38,1532
14,51,1532,564
38,14,564,6
1532,38,6,8369
564,1532,8369,759
6,564,759,1335
8369,6,1335,13818
759,8369,13818,2
1335,759,2,1211
13818,1335,1211,6
2,13818,6,890
1211,2,890,167
6,1211,167,31
890,6,31,874
167,890,874,84
31,167,84,44
874,31,44,26
84,874,26,178
44,84,178,14
26,44,14,42
178,26,42,5
14,178,5,2555
42,14,2555,1922
5,42,1922,51810
2555,5,51810,178
1922,2555,178,6152
51810,1922,6152,253
178,51810,253,943
6152,178,943,3
253,6152,3,17
943,253,17,177
3,943,177,5
17,3,5,4
177,17,4,167
5,177,167,5029
4,5,5029,19
167,4,19,183
5029,167,183,293
19,5029,293,1620
183,19,1620,8
293,183,8,1328
1620,293,1328,56
8,1620,56,298
1328,8,298,167
56,1328,167,2
298,56,2,669
167,298,669,3445
2,167,3445,3535
669,2,3535,158
3445,669,158,134
3535,3445,134,58821
158,3535,58821,2555
134,158,2555,3251
58821,134,3251,253
2555,58821,253,4646
3251,2555,4646,38
253,3251,38,240
4646,253,240,59
38,4646,59,176
240,38,176,1588
59,240,1588,6152
176,59,6152,16020
1588,176,16020,1436
6152,1588,1436,33480
16020,6152,33480,42
1436,16020,42,5
33480,1436,5,3249
42,33480,3249,120
5,42,120,11
3249,5,11,22
120,3249,22,126
11,120,126,22
22,11,22,1692
126,22,1692,2687
22,126,2687,6
1692,22,6,1423
