2392,6,450,1022
39,2392,1022,8
450,39,8,63
1022,450,63,71
8,1022,71,13
63,8,13,630
71,63,630,3
13,71,3,3390
630,13,3390,261
3,630,261,5076
3390,3,5076,36
261,3390,36,1727
5076,261,1727,5
36,5076,5,233
1727,36,233,7045
5,1727,7045,42
233,5,42,5
7045,233,5,95
42,7045,95,1483
5,42,1483,646
95,5,646,6
1483,95,6,20
646,1483,20,450
6,646,450,1022
20,6,1022,2
450,20,2,30
1022,450,30,383
2,1022,383,23
30,2,23,60
383,30,60,14
23,383,14,256
60,23,256,885
14,60,885,802
256,14,802,5
885,256,5,78
802,885,78,32
5,802,32,127
78,5,127,69
32,78,69,31
127,32,31,1274
69,127,1274,522
31,69,522,2
1274,31,2,8202
522,1274,8202,3
2,522,3,71
8202,2,71,885
3,8202,885,125
71,3,125,16
885,71,16,23
125,885,23,456
16,125,456,5
23,16,5,781
456,23,781,2546
5,456,2546,37
781,5,37,559
2546,781,559,5
37,2546,5,32
559,37,32,69
5,559,69,32
32,5,32,479
69,32,479,4
32,69,4,135
479,32,135,97
4,479,97,885
135,4,885,1835
97,135,1835,5
885,97,5,575
1835,885,575,12224
5,1835,12224,456
575,5,456,9
12224,575,9,70
456,12224,70,1418
9,456,1418,4
70,9,4,2
1418,70,2,232
4,1418,232,5
2,4,5,6493
232,2,6493,14031
5,232,14031,1579
6493,5,1579,30
14031,6493,30,3
1579,14031,3,179
30,1579,179,9
3,30,9,71
179,3,71,2
9,179,2,2
71,9,2,669
2,71,669,188
2,2,188,2858
669,2,2858,12
188,669,12,754
2858,188,754,160
12,2858,160,2
754,12,2,521
160,754,521,1763
2,160,1763,11
521,2,11,13
1763,521,13,47
11,1763,47,2
13,11,2,1051
47,13,1051,23
2,47,23,6916
1051,2,6916,141
23,1051,141,391
6916,23,391,42
141,6916,42,5
391,141,5,2112
42,391,2112,125
5,42,125,62
2112,5,62,885
125,2112,885,254
62,125,254,8
885,62,8,11
254,885,11,7410
8,254,7410,179
11,8,179,5
7410,11,5,1890
179,7410,1890,2295
5,179,2295,12
1890,5,12,754
2295,1890,754,160
12,2295,160,4
754,12,4,8
160,754,8,48
4,160,48,130
8,4,130,6265
48,8,6265,542
130,48,542,44
6265,130,44,1890
542,6265,1890,7
44,542,7,280
1890,44,280,224
7,1890,224,885
280,7,885,14
224,280,14,2602
885,224,2602,19
14,885,19,700
2602,14,700,6803
19,2602,6803,1018
700,19,1018,10598
6803,700,10598,3
1018,6803,3,17
10598,1018,17,2
3,10598,2,232
17,3,232,5
2,17,5,6104
232,2,6104,1975
5,232,1975,5
6104,5,5,8416
1975,6104,8416,417
5,1975,417,1678
8416,5,1678,475
417,8416,475,5
1678,417,5,2760
475,1678,2760,20
5,475,20,1515
2760,5,1515,422
20,2760,422,446
1515,20,446,1975
422,1515,1975,12
446,422,12,974
1975,446,974,1022
12,1975,1022,307
974,12,307,4
1022,974,4,181
307,1022,181,1851
4,307,1851,2
181,4,2,39
1851,181,39,450
2,1851,450,2064
39,2,2064,7888
450,39,7888,2297
2064,450,2297,4
7888,2064,4,4365
2297,7888,4365,3919
4,2297,3919,168
4365,4,168,3484
3919,4365,3484,974
168,3919,974,6
3484,168,6,10581
974,3484,10581,461
6,974,461,920
10581,6,920,3065
461,10581,3065,3308
920,461,3308,824
3065,920,824,5
3308,3065,5,42125
824,3308,42125,1324
5,824,1324,11864
42125,5,11864,2078
1324,42125,2078,5
11864,1324,5,450
2078,11864,450,5184
5,2078,5184,3484
450,5,3484,974
5184,450,974,7
3484,5184,7,2
974,3484,2,3966
7,974,3966,288
2,7,288,213
3966,2,213,9
288,3966,9,2682
213,288,2682,4
9,213,4,361
2682,9,361,3020
4,2682,3020,10
361,4,10,7
3020,361,7,2
10,3020,2,213
7,10,213,292
2,7,292,12
213,2,12,1071
292,213,1071,9606
12,292,9606,4
1071,12,4,8333
9606,1071,8333,511
4,9606,511,65
8333,4,65,12
511,8333,12,1931
65,511,1931,4
12,65,4,1042
1931,12,1042,4
4,1931,4,361
1042,4,361,288
4,1042,288,535
361,4,535,163
288,361,163,6
535,288,6,20
163,535,20,1976
6,163,1976,3308
20,6,3308,653
1976,20,653,8
3308,1976,8,372
653,3308,372,4243
8,653,4243,5
372,8,5,2398
4243,372,2398,5
5,4243,5,1236
2398,5,1236,1450
5,2398,1450,9
1236,5,9,4814
1450,1236,4814,320
9,1450,320,4
4814,9,4,217
320,4814,217,17121
4,320,17121,7
217,4,7,21
17121,217,21,2247
7,17121,2247,147
21,7,147,19
2247,21,19,700
147,2247,700,36
19,147,36,76
700,19,76,426
36,700,426,3
76,36,3,9643
426,76,9643,1087
3,426,1087,29
9643,3,29,3
1087,9643,3,2448
29,1087,2448,2443
3,29,2443,9
2448,3,9,450
2443,2448,450,1370
9,2443,1370,17121
450,9,17121,34
1370,450,34,25
17121,1370,25,20
34,17121,20,11
25,34,11,653
20,25,653,168
11,20,168,2103
653,11,2103,5
168,653,5,1515
2103,168,1515,1236
5,2103,1236,5
1515,5,5,148
1236,1515,148,20051
5,1236,20051,1243
148,5,1243,175
20051,148,175,1236
1243,20051,1236,4
175,1243,4,703
1236,175,703,2544
4,1236,2544,1771
703,4,1771,4
2544,703,4,5354
1771,2544,5354,1383
4,1771,1383,15
5354,4,15,5700
1383,5354,5700,1823
15,1383,1823,20051
5700,15,20051,16
1823,5700,16,1335
20051,1823,1335,175
16,20051,175,18376
1335,16,18376,2172
175,1335,2172,4
18376,175,4,399
2172,18376,399,8
4,2172,8,2224
399,4,2224,993
8,399,993,81
2224,8,81,11
993,2224,11,383
81,993,383,3
11,81,3,4166
383,11,4166,20
3,383,20,17121
4166,3,17121,13
20,4166,13,3469
17121,20,3469,2
13,17121,2,39
3469,13,39,5700
2,3469,5700,22566
39,2,22566,213
5700,39,213,228
22566,5700,228,607
213,22566,607,2
228,213,2,3096
607,228,3096,2427
2,607,2427,5
3096,2,5,1236
2427,3096,1236,6
5,2427,6,461
1236,5,461,5
6,1236,5,663
461,6,663,246
5,461,246,100
663,5,100,20051
246,663,20051,7
100,246,7,761
20051,100,761,3
7,20051,3,2448
761,7,2448,4021
3,761,4021,5
2448,3,5,1814
4021,2448,1814,19
5,4021,19,4
1814,5,4,7
19,1814,7,961
4,19,961,23
7,4,23,2
961,7,2,497
23,961,497,5
2,23,5,23
497,2,23,275
5,497,275,129
23,5,129,1161
275,23,1161,66
129,275,66,3308
1161,129,3308,653
66,1161,653,6
3308,66,6,57
653,3308,57,357
6,653,357,10
57,6,10,7
357,57,7,2
10,357,2,1002
7,10,1002,535
2,7,535,4
1002,2,4,246
535,1002,246,7
4,535,7,2845
246,4,2845,2434
7,246,2434,52
2845,7,52,700
2434,2845,700,55
52,2434,55,678
700,52,678,56
55,700,56,2
678,55,2,107
56,678,107,3
2,56,3,436
107,2,436,20
3,107,20,535
436,3,535,4
20,436,4,26
535,20,26,34
4,535,34,10
26,4,10,34
34,26,34,420
10,34,420,2
34,10,2,12363
420,34,12363,5
2,420,5,935
12363,2,935,4
5,12363,4,714
935,5,714,362
4,935,362,3
714,4,3,96
362,714,96,10
3,362,10,19622
96,3,19622,11
10,96,11,2
19622,10,2,233
11,19622,233,208
2,11,208,2607
233,2,2607,20
208,233,20,59
2607,208,59,26
20,2607,26,12720
59,20,12720,329
26,59,329,71
12720,26,71,1845
329,12720,1845,3
71,329,3,7092
1845,71,7092,67
3,1845,67,2190
7092,3,2190,15
67,7092,15,17121
2190,67,17121,301
15,2190,301,71
17121,15,71,4
301,17121,4,22
71,301,22,2560
4,71,2560,7738
22,4,7738,2607
2560,22,2607,10
7738,2560,10,3092
2607,7738,3092,149
10,2607,149,54
3092,10,54,96
149,3092,96,4823
54,149,4823,4
96,54,4,12320
4823,96,12320,5
4,4823,5,10
12320,4,10,80
5,12320,80,901
10,5,901,203
80,10,203,1104
901,80,1104,5
203,901,5,3484
1104,203,3484,974
5,1104,974,3308
3484,5,3308,3572
974,3484,3572,1236
3308,974,1236,34
3572,3308,34,17
1236,3572,17,91
34,1236,91,3
17,34,3,6408
91,17,6408,2
3,91,2,989
6408,3,989,2554
2,6408,2554,12
989,2,12,399
2554,989,399,1717
12,2554,1717,6
399,12,6,316
1717,399,316,3
6,1717,3,2349
316,6,2349,4
3,316,4,302
2349,3,302,226
4,2349,226,100
302,4,100,4
226,302,4,45
100,226,45,100
4,100,100,656
45,4,656,3
100,45,3,1071
656,100,1071,10
3,656,10,34
1071,3,34,3274
10,1071,3274,2470
34,10,2470,2035
3274,34,2035,302
2470,3274,302,4
2035,2470,4,2
302,2035,2,729
4,302,729,5
2,4,5,2094
729,2,2094,4305
5,729,4305,24
2094,5,24,54
4305,2094,54,11
24,4305,11,2991
54,24,2991,53
11,54,53,132
2991,11,132,17
53,2991,17,64
132,53,64,766
17,132,766,5060
64,17,5060,9059
766,64,9059,5060
5060,766,5060,9059
9059,5060,9059,7
5060,9059,7,437
9059,5060,437,5
7,9059,5,2265
437,7,2265,456
5,437,456,9
2265,5,9,2612
456,2265,2612,2571
9,456,2571,4
2612,9,4,55
2571,2612,55,17
4,2571,17,4051
55,4,4051,23
17,55,23,21488
4051,17,21488,384
23,4051,384,1135
21488,23,1135,3250
384,21488,3250,24
1135,384,24,5060
3250,1135,5060,9059
264,6,2,2
66,264,2,150
2,66,150,1110
2,2,1110,37
150,2,37,1217
1110,150,1217,15146
37,1110,15146,6
1217,37,6,70
15146,1217,70,3756
6,15146,3756,13
70,6,13,4174
3756,70,4174,61
13,3756,61,2
4174,13,2,9426
61,4174,9426,23186
2,61,23186,13
9426,2,13,68
23186,9426,68,1362
13,23186,1362,2
68,13,2,2087
1362,68,2087,5
2,1362,5,707
2087,2,707,15146
5,2087,15146,6
707,5,6,62
15146,707,62,3278
6,15146,3278,7
62,6,7,18565
3278,62,18565,56
7,3278,56,6
18565,7,6,391
56,18565,391,220
6,56,220,545
391,6,545,146
220,391,146,61
545,220,61,72
146,545,72,129
61,146,129,5
72,61,5,545
129,72,545,6
5,129,6,166
545,5,166,391
6,545,391,2608
166,6,2608,19
391,166,19,39
2608,391,39,249
19,2608,249,60
39,19,60,6
249,39,6,29
60,249,29,26
6,60,26,6390
29,6,6390,9
26,29,9,129
6390,26,129,5
9,6390,5,95
129,9,95,3199
5,129,3199,370
95,5,370,4
3199,95,4,129
370,3199,129,5
4,370,5,95
129,4,95,6333
5,129,6333,46
95,5,46,5818
6333,95,5818,227
46,6333,227,561
5818,46,561,60
227,5818,60,68
561,227,68,383
60,561,383,8
68,60,8,2825
383,68,2825,41
8,383,41,65
2825,8,65,129
41,2825,129,5
65,41,5,545
129,65,545,646
5,129,646,6
545,5,6,1783
646,545,1783,36
6,646,36,12282
1783,6,12282,3
36,1783,3,212
12282,36,212,16
3,12282,16,220
212,3,220,36
16,212,36,1348
220,16,1348,80
36,220,80,220
1348,36,220,40978
80,1348,40978,50
220,80,50,21
40978,220,21,6094
50,40978,6094,26
21,50,26,146
6094,21,146,61
26,6094,61,183
146,26,183,129
61,146,129,5
183,61,5,545
129,183,545,684
5,129,684,29
545,5,29,3274
684,545,3274,727
29,684,727,5
3274,29,5,48
727,3274,48,103122
5,727,103122,597
48,5,597,24
103122,48,24,60
597,103122,60,3
24,597,3,6575
60,24,6575,13
3,60,13,383
6575,3,383,16926
13,6575,16926,5
383,13,5,1191
16926,383,1191,32248
5,16926,32248,648
1191,5,648,6
32248,1191,6,391
648,32248,391,13
6,648,13,186
391,6,186,3
13,391,3,11590
186,13,11590,5
3,186,5,51
11590,3,51,13
5,11590,13,1274
51,5,1274,47
13,51,47,2197
1274,13,2197,2
47,1274,2,2735
2197,47,2735,13769
2,2197,13769,139
2735,2,139,32248
13769,2735,32248,465
139,13769,465,2171
32248,139,2171,8
465,32248,8,545
2171,465,545,17
8,2171,17,3199
545,8,3199,46
17,545,46,80
3199,17,80,2206
46,3199,2206,3
80,46,3,141
2206,80,141,772
3,2206,772,4
141,3,4,1480
772,141,1480,46
4,772,46,9
1480,4,9,2735
46,1480,2735,13392
9,46,13392,375
2735,9,375,2
13392,2735,2,328
375,13392,328,160
2,375,160,861
328,2,861,2198
160,328,2198,545
861,160,545,3909
2198,861,3909,495
545,2198,495,4421
3909,545,4421,6298
495,3909,6298,9
4421,495,9,2704
6298,4421,2704,3
9,6298,3,123
2704,9,123,198
3,2704,198,38
123,3,38,3924
198,123,3924,20
38,198,20,1915
3924,38,1915,203
20,3924,203,2
1915,20,2,4425
203,1915,4425,5
2,203,5,1713
4425,2,1713,228
5,4425,228,11109
1713,5,11109,6088
228,1713,6088,122
11109,228,122,2
6088,11109,2,410
122,6088,410,847
2,122,847,4666
410,2,4666,1247
847,410,1247,6
4666,847,6,133
1247,4666,133,303
6,1247,303,2
133,6,2,35
303,133,35,433
2,303,433,9
35,2,9,545
433,35,545,1783
9,433,1783,6
545,9,6,2
1783,545,2,4874
6,1783,4874,6
2,6,6,2691
4874,2,2691,12
6,4874,12,496
2691,6,496,5
12,2691,5,9099
496,12,9099,503
5,496,503,869
9099,5,869,5
503,9099,5,2796
869,503,2796,4
5,869,4,4927
2796,5,4927,13094
4,2796,13094,6575
4927,4,6575,13
13094,4927,13,228
6575,13094,228,20
13,6575,20,2738
228,13,2738,27792
20,228,27792,89826
2738,20,89826,2
27792,2738,2,39
89826,27792,39,986
2,89826,986,6
39,2,6,406
986,39,406,123
6,986,123,2
406,6,2,1702
123,406,1702,234
2,123,234,23
1702,2,23,62
234,1702,62,237
23,234,237,4
62,23,4,674
237,62,674,1894
4,237,1894,391
674,4,391,847
1894,674,847,100
391,1894,100,2757
847,391,2757,3
100,847,3,3073
2757,100,3073,29
3,2757,29,68
3073,3,68,2759
29,3073,2759,190
68,29,190,344
2759,68,344,2040
190,2759,2040,5
344,190,5,391
2040,344,391,3278
5,2040,3278,76
391,5,76,8088
3278,391,8088,1015
76,3278,1015,511
8088,76,511,65
1015,8088,65,118
511,1015,118,4514
65,511,4514,16
118,65,16,39024
4514,118,39024,46
16,4514,46,8
39024,16,8,7
46,39024,7,1409
8,46,1409,398
7,8,398,4789
1409,7,4789,10715
398,1409,10715,3553
4789,398,3553,4921
10715,4789,4921,2
3553,10715,2,2
4921,3553,2,284
2,4921,284,5
2,2,5,10472
284,2,10472,255
5,284,255,2
10472,5,2,255
255,10472,255,1456
2,255,1456,156
255,2,156,2
1456,255,2,73010
156,1456,73010,29114
2,156,29114,4
73010,2,4,6088
29114,73010,6088,5
4,29114,5,1866
6088,4,1866,1142
5,6088,1142,18
1866,5,18,495
1142,1866,495,443
18,1142,443,769
495,18,769,170
443,495,170,763
769,443,763,383
170,769,383,391
763,170,391,18
383,763,18,1136
391,383,1136,1023
18,391,1023,1509
1136,18,1509,4
1023,1136,4,146
1509,1023,146,722
4,1509,722,1952
146,4,1952,9
722,146,9,8088
1952,722,8088,545
9,1952,545,168
8088,9,168,13857
545,8088,13857,1952
168,545,1952,6
13857,168,6,35
1952,13857,35,4
6,1952,4,227
35,6,227,77734
4,35,77734,763
227,4,763,562
77734,227,562,569
763,77734,569,12269
562,763,12269,5
569,562,5,1331
12269,569,1331,35
5,12269,35,393
1331,5,393,216
35,1331,216,5
393,35,5,17375
216,393,17375,4
5,216,4,24160
17375,5,24160,91
4,17375,91,561
24160,4,561,24
91,24160,24,74
561,91,74,391
24,561,391,6
74,24,6,847
391,74,847,3
6,391,3,2759
847,6,2759,1420
3,847,1420,6
2759,3,6,62
1420,2759,62,391
6,1420,391,100
62,6,100,1217
391,62,1217,4
100,391,4,10041
1217,100,10041,5644
4,1217,5644,6721
10041,4,6721,62
5644,10041,62,26
6721,5644,26,4737
62,6721,4737,15
26,62,15,29966
4737,26,29966,101258
15,4737,101258,57
29966,15,57,148
101258,29966,148,11
57,101258,11,277
148,57,277,31401
11,148,31401,33
277,11,33,219
31401,277,219,2
33,31401,2,220
219,33,220,545
2,219,545,36
220,2,36,33
545,220,33,219
36,545,219,1237
33,36,1237,33
219,33,33,219
1237,219,219,239
33,1237,239,41
219,33,41,253
239,219,253,3
41,239,3,17
253,41,17,4514
3,253,4514,65
17,3,65,1266
4514,17,1266,10472
65,4514,10472,1509
1266,65,1509,59
10472,1266,59,33
1509,10472,33,81010
59,1509,81010,14
33,59,14,2
81010,33,2,571
14,81010,571,8577
2,14,8577,175
571,2,175,1398
8577,571,1398,5
175,8577,5,220
1398,175,220,545
5,1398,545,6
220,5,6,2
545,220,2,391
6,545,391,4
2,6,4,497
391,2,497,5
4,391,5,11033
497,4,11033,3278
5,497,3278,4
11033,5,4,4
3278,11033,4,20045
4,3278,20045,919
4,4,919,175
20045,4,175,1398
919,20045,1398,5
175,919,5,220
1398,175,220,545
5,1398,545,4
220,5,4,497
545,220,497,5
4,545,5,10472
497,4,10472,1509
5,497,1509,391
10472,5,391,15
1509,10472,15,41
391,1509,41,220
15,391,220,545
41,15,545,2291
220,41,2291,3
545,220,3,57
2291,545,57,391
3,2291,391,6
57,3,6,847
391,57,847,13
6,391,13,875
847,6,875,497
13,847,497,5
875,13,5,6298
497,875,6298,36
5,497,36,7892
6298,5,7892,4
36,6298,4,176
7892,36,176,12282
4,7892,12282,36
176,4,36,1783
12282,176,1783,65
36,12282,65,57
1783,36,57,73573
65,1783,73573,391
57,65,391,763
73573,57,763,383
391,73573,383,4
763,391,4,68
383,763,68,13
4,383,13,4931
68,4,4931,1058
13,68,1058,497
4931,13,497,5
1058,4931,5,5201
497,1058,5201,6
5,497,6,13857
5201,5,13857,4
6,5201,4,722
13857,6,722,842
4,13857,842,348
722,4,348,545
842,722,545,6
348,842,6,41
545,348,41,39967
6,545,39967,5826
41,6,5826,847
39967,41,847,16
5826,39967,16,68
847,5826,68,239
16,847,239,41
68,16,41,253
239,68,253,3
41,239,3,322
253,41,322,9194
3,253,9194,3073
322,3,3073,65
9194,322,65,1015
3073,9194,1015,6
65,3073,6,41
1015,65,41,7403
6,1015,7403,418
41,6,418,6
7403,41,6,177
418,7403,177,12269
6,418,12269,113
177,6,113,87
12269,177,87,9194
113,12269,9194,3073
87,113,3073,7
9194,87,7,5242
3073,9194,5242,65
7,3073,65,13857
5242,7,13857,1509
65,5242,1509,4
13857,65,4,104
1509,13857,104,847
4,1509,847,16
104,4,16,465
