1163,5598,852,6
4,1163,6,2260
852,4,2260,115
6,852,115,6608
2260,6,6608,81
115,2260,81,24
6608,115,24,4170
81,6608,4170,8608
24,81,8608,398
4170,24,398,8
8608,4170,8,80
398,8608,80,52
8,398,52,1693
80,8,1693,2859
52,80,2859,4
1693,52,4,4498
2859,1693,4498,26
4,2859,26,850
4498,4,850,17
26,4498,17,142
850,26,142,1062
17,850,1062,7058
142,17,7058,3158
1062,142,3158,16174
7058,1062,16174,713
3158,7058,713,2482
16174,3158,2482,4498
713,16174,4498,566
2482,713,566,60
4498,2482,60,31
566,4498,31,3107
60,566,3107,7059
31,60,7059,18926
3107,31,18926,36
7059,3107,36,6004
18926,7059,6004,67092
36,18926,67092,66716
6004,36,66716,190
67092,6004,190,65215
66716,67092,65215,18147
190,66716,18147,31
65215,190,31,72
18147,65215,72,20
31,18147,20,205
72,31,205,739
20,72,739,2
205,20,2,169
739,205,169,583
2,739,583,6
169,2,6,16942
583,169,16942,150
6,583,150,1840
16942,6,1840,11
150,16942,11,13
1840,150,13,72
11,1840,72,47
13,11,47,307
72,13,307,24
47,72,24,76233
307,47,76233,826
24,307,826,1962
76233,24,1962,29
826,76233,29,77
1962,826,77,21
29,1962,21,17
77,29,17,4498
21,77,4498,87
17,21,87,5
4498,17,5,731
87,4498,731,8470
5,87,8470,5598
731,5,5598,312
8470,731,312,141
5598,8470,141,54
312,5598,54,4886
141,312,4886,2
54,141,2,2498
4886,54,2498,24
2,4886,24,13614
2498,2,13614,227
24,2498,227,406
13614,24,406,551
227,13614,551,4982
406,227,4982,5893
551,406,5893,347
4982,551,347,734
5893,4982,734,665
347,5893,665,5900
734,347,5900,115
665,734,115,16
5900,665,16,255
115,5900,255,5
16,115,5,713
255,16,713,487
5,255,487,53
713,5,53,16
487,713,16,156
53,487,156,713
16,53,713,602
156,16,602,2
713,156,2,7
602,713,7,116
2,602,116,24
7,2,24,74
116,7,74,16111
24,116,16111,66
74,24,66,5
16111,74,5,520
66,16111,520,576
5,66,576,852
520,5,852,6
576,520,6,4
852,576,4,11707
6,852,11707,3711
4,6,3711,42
11707,4,42,5
3711,11707,5,1247
42,3711,1247,5352
5,42,5352,5
1247,5,5,713
5352,1247,713,2482
5,5352,2482,6
713,5,6,133
2482,713,133,7
6,2482,7,2166
133,6,2166,61
7,133,61,15
2166,7,15,25400
61,2166,25400,26
15,61,26,219
25400,15,219,232
26,25400,232,5
219,26,5,130
232,219,130,2247
5,232,2247,347
130,5,347,26
2247,130,26,219
347,2247,219,130
26,347,130,542
219,26,542,545
130,219,545,4
542,130,4,1580
545,542,1580,26
4,545,26,219
1580,4,219,68
26,1580,68,944
219,26,944,5
68,219,5,512
944,68,512,4
5,944,4,3347
512,5,3347,434
4,512,434,19
3347,4,19,67
434,3347,67,12746
19,434,12746,614
67,19,614,76
12746,67,76,713
614,12746,713,25
76,614,25,2552
713,76,2552,79
25,713,79,104
2552,25,104,1026
79,2552,1026,5
104,79,5,602
1026,104,602,29
5,1026,29,90
602,5,90,25
29,602,25,21
90,29,21,2
25,90,2,7222
21,25,7222,5392
2,21,5392,428
7222,2,428,230
5392,7222,230,1026
428,5392,1026,56
230,428,56,12359
1026,230,12359,24
56,1026,24,54307
12359,56,54307,29
24,12359,29,189
54307,24,189,1618
29,54307,1618,4
189,29,4,2854
1618,189,2854,18
4,1618,18,21
2854,4,21,1178
18,2854,1178,2
21,18,2,17745
1178,21,17745,7222
2,1178,7222,3567
17745,2,3567,9
7222,17745,9,4908
3567,7222,4908,31
9,3567,31,121
4908,9,121,942
31,4908,942,4
121,31,4,31
942,121,31,121
4,942,121,155
31,4,155,8
121,31,8,242
155,121,242,15
8,155,15,98
242,8,98,729
15,242,729,5
98,15,5,3598
729,98,3598,2565
5,729,2565,34
3598,5,34,253
2565,3598,253,17
34,2565,17,1916
253,34,1916,13791
17,253,13791,15
1916,17,15,86
13791,1916,86,88
15,13791,88,7162
86,15,7162,6809
88,86,6809,22098
7162,88,22098,56
6809,7162,56,52
22098,6809,52,98
56,22098,98,16
52,56,16,2386
98,52,2386,362
16,98,362,3
2386,16,3,2553
362,2386,2553,9
3,362,9,2565
2553,3,2565,511
9,2553,511,65
2565,9,65,2320
511,2565,2320,3
65,511,3,244
2320,65,244,6
3,2320,6,2260
244,3,2260,29
6,244,29,48
2260,6,48,95
29,2260,95,2357
48,29,2357,5
95,48,5,8524
2357,95,8524,22022
5,2357,22022,36
8524,5,36,35270
22022,8524,35270,2626
36,22022,2626,213
35270,36,213,15
2626,35270,15,2531
213,2626,2531,7
15,213,7,34
2531,15,34,97773
7,2531,97773,140
34,7,140,611
97773,34,611,38
140,97773,38,2904
611,140,2904,907
38,611,907,203
2904,38,203,1952
907,2904,1952,5
203,907,5,3927
1952,203,3927,487
5,1952,487,309
3927,5,309,54
487,3927,54,11238
309,487,11238,347
54,309,347,15449
11238,54,15449,15
347,11238,15,64
15449,347,64,1194
15,15449,1194,12
64,15,12,2291
1194,64,2291,5
12,1194,5,43
2291,12,43,553
5,2291,553,2748
43,5,2748,16492
553,43,16492,7
2748,553,7,2854
16492,2748,2854,1825
7,16492,1825,61
2854,7,61,2284
1825,2854,2284,1196
61,1825,1196,555
2284,61,555,614
1196,2284,614,161
555,1196,161,107
614,555,107,8
161,614,8,912
107,161,912,51
8,107,51,11
912,8,11,7
51,912,7,6
11,51,6,59
7,11,59,11
6,7,11,1355
59,6,1355,72899
11,59,72899,309
1355,11,309,54
72899,1355,54,1916
309,72899,1916,3598
54,309,3598,3
1916,54,3,169
3598,1916,169,5
3,3598,5,713
169,3,713,602
5,169,602,15
713,5,15,627
602,713,627,5
15,602,5,614
627,15,614,772
5,627,772,8
614,5,8,208
772,614,208,12661
8,772,12661,2854
208,8,2854,115
12661,208,115,1526
2854,12661,1526,8
115,2854,8,2
1526,115,2,2
8,1526,2,284
2,8,284,217
2,2,217,5
284,2,5,713
217,284,713,602
5,217,602,443
713,5,443,24
602,713,24,37
443,602,37,169
24,443,169,3
37,24,3,169
169,37,169,1694
3,169,1694,270
169,3,270,771
1694,169,771,1567
270,1694,1567,2169
771,270,2169,7
1567,771,7,1354
2169,1567,1354,614
7,2169,614,99
1354,7,99,140
614,1354,140,678
99,614,678,56
140,99,56,51
678,140,51,3
56,678,3,25
51,56,25,15
3,51,15,169
25,3,169,10
15,25,10,40
169,15,40,17
10,169,17,4301
40,10,4301,10959
17,40,10959,3
4301,17,3,3125
10959,4301,3125,1196
3,10959,1196,1437
3125,3,1437,255
1196,3125,255,15
1437,1196,15,629
255,1437,629,4
15,255,4,2134
629,15,2134,73
4,629,73,2854
2134,4,2854,7
73,2134,7,26
2854,73,26,25
7,2854,25,244
26,7,244,15
25,26,15,1359
244,25,1359,5
15,244,5,13791
1359,15,13791,3176
5,1359,3176,6
13791,5,6,45
3176,13791,45,24
6,3176,24,131
45,6,131,382
24,45,382,938
131,24,938,4
382,131,4,41
938,382,41,45
4,938,45,73
41,4,73,2854
45,41,2854,25
73,45,25,244
2854,73,244,814
25,2854,814,15
244,25,15,3347
814,244,3347,4
15,814,4,512
3347,15,512,8
4,3347,8,284
512,4,284,26
8,512,26,219
284,8,219,21
26,284,21,1471
219,26,1471,5
21,219,5,3276
1471,21,3276,1072
5,1471,1072,3
3276,5,3,2368
1072,3276,2368,5
3,1072,5,290
2368,3,290,713
5,2368,713,487
290,5,487,1421
713,290,1421,5
487,713,5,1933
1421,487,1933,2575
5,1421,2575,156
1933,5,156,2
2575,1933,2,1736
156,2575,1736,261
2,156,261,93304
1736,2,93304,350
261,1736,350,438
93304,261,438,361
350,93304,361,283
438,350,283,4
361,438,4,1565
283,361,1565,825
4,283,825,1233
1565,4,1233,760
825,1565,760,825
1233,825,825,8241
760,1233,8241,198
825,760,198,7178
8241,825,7178,4
198,8241,4,900
7178,198,900,6470
4,7178,6470,2434
900,4,2434,9664
6470,900,9664,3810
2434,6470,3810,2595
9664,2434,2595,24
3810,9664,24,6959
2595,3810,6959,4
24,2595,4,401
6959,24,401,849
4,6959,849,4
401,4,4,5198
849,401,5198,5709
4,849,5709,98568
5198,4,98568,8
5709,5198,8,12
98568,5709,12,172
8,98568,172,5
12,8,5,2595
172,12,2595,708
5,172,708,22022
2595,5,22022,2299
708,2595,2299,261
22022,708,261,1121
2299,22022,1121,66681
261,2299,66681,4
1121,261,4,1829
66681,1121,1829,717
4,66681,717,4
1829,4,4,52
717,1829,52,371
4,717,371,2854
52,4,2854,113
371,52,113,7
2854,371,7,72
113,2854,72,2
7,113,2,10336
72,7,10336,36
2,72,36,14771
10336,2,14771,36
36,10336,36,1116
14771,36,1116,7
36,14771,7,16
1116,36,16,89
7,1116,89,3
16,7,3,1134
89,16,1134,4
3,89,4,11707
1134,3,11707,3711
4,1134,3711,282
11707,4,282,321
3711,11707,321,329
282,3711,329,89
321,282,89,611
329,321,611,22
89,329,22,872
611,89,872,4
22,611,4,397
872,22,397,3
4,872,3,244
397,4,244,53
3,397,53,9
244,3,9,2
53,244,2,205
9,53,205,154
2,9,154,4
205,2,4,3482
154,205,3482,2
4,154,2,1572
3482,4,1572,1924
2,3482,1924,968
1572,2,968,2
1924,1572,2,338
968,1924,338,214
2,968,214,5312
338,2,5312,266
214,338,266,2
5312,214,2,166
266,5312,166,391
2,266,391,2
166,2,2,826
391,166,826,1962
2,391,1962,4
826,2,4,140
1962,826,140,17722
4,1962,17722,29789
140,4,29789,37
17722,140,37,104
29789,17722,104,8628
37,29789,8628,3185
104,37,3185,35944
8628,104,35944,45
3185,8628,45,10
35944,3185,10,40
45,35944,40,123
10,45,123,72
40,10,72,2
123,40,2,153
72,123,153,9
2,72,9,371
153,2,371,2854
9,153,2854,3
371,9,3,2380
2854,371,2380,2
3,2854,2,8804
2380,3,8804,9
2,2380,9,2
8804,2,2,65200
9,8804,65200,422
2,9,422,444
65200,2,444,231
422,65200,231,22
444,422,22,111
231,444,111,4
22,231,4,1132
111,22,1132,378
4,111,378,36
1132,4,36,566
378,1132,566,5512
36,378,5512,5734
566,36,5734,4
5512,566,4,2
5734,5512,2,7744
4,5734,7744,140
2,4,140,285
7744,2,285,11
140,7744,11,40
285,140,40,128
11,285,128,8
40,11,8,241
128,40,241,474
8,128,474,2
241,8,2,44
474,241,44,11
2,474,11,100
44,2,100,11592
11,44,11592,142
100,11,142,3
11592,100,3,22
142,11592,22,2141
3,142,2141,119
22,3,119,1354
2141,22,1354,3639
119,2141,3639,2114
1354,119,2114,120
3639,1354,120,11
2114,3639,11,115
120,2114,115,18
11,120,18,3
115,11,3,513
18,115,513,577
3,18,577,5
513,3,5,22
577,513,22,1493
5,577,1493,22805
22,5,22805,4
1493,22,4,8
22805,1493,8,4957
4,22805,4957,7
8,4,7,120
4957,8,120,27
7,4957,27,324
120,7,324,24
27,120,24,6
324,27,6,2896
24,324,2896,5
6,24,5,169
2896,6,169,5
5,2896,5,104560
169,5,104560,14526
5,169,14526,18
104560,5,18,1351
14526,104560,1351,25
18,14526,25,16073
1351,18,16073,8
25,1351,8,26
16073,25,26,234
8,16073,234,2
26,8,2,182
234,26,182,73
2,234,73,93899
182,2,93899,222
73,182,222,629
93899,73,629,4
222,93899,4,2134
629,222,2134,299
4,629,299,41
2134,4,41,37
299,2134,37,38
41,299,38,2644
37,41,2644,1190
38,37,1190,4
2644,38,4,10371
1190,2644,10371,5
4,1190,5,1291
10371,4,1291,65
5,10371,65,26
1291,5,26,25
65,1291,25,37
26,65,37,2626
25,26,2626,4
37,25,4,385
2626,37,385,5
4,2626,5,38
385,4,38,97
5,385,97,114
38,5,114,4
97,38,4,25
114,97,25,26
4,114,26,40
25,4,40,511
26,25,511,137
40,26,137,2
511,40,2,31898
137,511,31898,89294
2,137,89294,1536
31898,2,1536,22412
89294,31898,22412,247
1536,89294,247,71
22412,1536,71,4
247,22412,4,218
71,247,218,1055
4,71,1055,1779
218,4,1779,5
1055,218,5,1387
1779,1055,1387,316
5,1779,316,65
1387,5,65,137
316,1387,137,612
65,316,612,287
137,65,287,5
612,137,5,38
287,612,38,83
5,287,83,97
38,5,97,51
83,38,51,1026
97,83,1026,5
51,97,5,1291
1026,51,1291,7
5,1026,7,8
881,2637,69,5
127,881,5,340
69,127,340,110
5,69,110,236
340,5,236,867
110,340,867,6
236,110,6,725
867,236,725,5
6,867,5,273
725,6,273,787
5,725,787,4
273,5,4,631
787,273,631,218
4,787,218,1249
631,4,1249,24
218,631,24,2324
1249,218,2324,12
24,1249,12,442
2324,24,442,3
12,2324,3,1609
442,12,1609,2756
3,442,2756,107543
1609,3,107543,1609
2756,1609,1609,2756
107543,2756,2756,18870
1609,107543,18870,641
2756,1609,641,5
18870,2756,5,22
641,18870,22,1510
5,641,1510,126
22,5,126,2
1510,22,2,422
126,1510,422,694
2,126,694,787
422,2,787,15
694,422,15,22
787,694,22,2162
15,787,2162,8064
22,15,8064,5
2162,22,5,3687
8064,2162,3687,3
5,8064,3,319
3687,5,319,92
3,3687,92,56
319,3,56,5
92,319,5,9629
56,92,9629,4
5,56,4,90246
9629,5,90246,134
4,9629,134,8009
90246,4,8009,8
134,90246,8,9767
8009,134,9767,7
8,8009,7,37
9767,8,37,655
7,9767,655,2158
37,7,2158,11
655,37,11,92265
2158,655,92265,680
11,2158,680,4
92265,11,4,178
680,92265,178,915
4,680,915,121
178,4,121,17
915,178,17,335
121,915,335,5
17,121,5,3042
335,17,3042,225
5,335,225,11
3042,5,11,228
225,3042,228,439
11,225,439,2729
228,11,2729,4785
439,228,4785,166
2729,439,166,188
4785,2729,188,4
166,4785,4,950
188,166,950,8092
4,188,8092,2796
950,4,2796,6
8092,950,6,1378
2796,8092,1378,33
6,2796,33,18
1378,6,18,600
33,1378,600,3
18,33,3,25
600,18,25,10
3,600,10,4
25,3,4,33
10,25,33,415
4,10,415,110
33,4,110,3
415,33,3,25
110,415,25,10
3,110,10,881
25,3,881,28
10,25,28,5
881,10,5,355
28,881,355,2971
5,28,2971,8
355,5,8,77
2971,355,77,5839
8,2971,5839,13976
77,8,13976,2796
5839,77,2796,9
13976,5839,9,1821
2796,13976,1821,74
9,2796,74,406
1821,9,406,5
74,1821,5,469
406,74,469,2347
5,406,2347,37
469,5,37,2677
2347,469,2677,1579
37,2347,1579,12
2677,37,12,127
1579,2677,127,185
12,1579,185,129
127,12,129,6
185,127,6,566
129,185,566,199
6,129,199,3835
566,6,3835,80
199,566,80,52
3835,199,52,714
80,3835,714,21
52,80,21,19
714,52,19,99
21,714,99,86291
19,21,86291,459
99,19,459,1307
86291,99,1307,8
459,86291,8,80
1307,459,80,52
8,1307,52,26
80,8,26,396
52,80,396,1097
26,52,1097,987
396,26,987,8759
1097,396,8759,19
987,1097,19,99
8759,987,99,185
19,8759,185,500
99,19,500,9
185,99,9,2202
500,185,2202,8
9,500,8,52
2202,9,52,987
8,2202,987,218
52,8,218,26
987,52,26,77
218,987,77,1097
26,218,1097,7573
77,26,7573,9
1097,77,9,2
7573,1097,2,394
9,7573,394,185
2,9,185,128
394,2,128,127
185,394,127,185
128,185,185,7
127,128,7,500
185,127,500,9
7,185,9,1547
500,7,1547,23
9,500,23,31782
1547,9,31782,902
23,1547,902,3
31782,23,3,3331
902,31782,3331,2796
3,902,2796,73
3331,3,73,4262
2796,3331,4262,1007
73,2796,1007,1140
4262,73,1140,27540
1007,4262,27540,31
1140,1007,31,866
27540,1140,866,1378
31,27540,1378,69
866,31,69,9
1378,866,9,1491
69,1378,1491,690
9,69,690,127
1491,9,127,1272
690,1491,1272,378
127,690,378,66
1272,127,66,404
378,1272,404,28
66,378,28,429
404,66,429,8
28,404,8,11
429,28,11,1017
8,429,1017,881
11,8,881,4
1017,11,4,4371
881,1017,4371,4
4,881,4,383
4371,4,383,5
4,4371,5,58
383,4,58,8
5,383,8,11
58,5,11,2214
8,58,2214,76
11,8,76,201
2214,11,201,45
76,2214,45,2061
201,76,2061,275
45,201,275,8208
2061,45,8208,417
275,2061,417,6
8208,275,6,79683
417,8208,79683,10822
6,417,10822,3
79683,6,3,3792
10822,79683,3792,8
3,10822,8,2227
3792,3,2227,3361
8,3792,3361,11
2227,8,11,4
3361,2227,4,881
11,3361,881,1740
4,11,1740,6
881,4,6,38
1740,881,38,6713
6,1740,6713,2451
38,6,2451,7
6713,38,7,72
2451,6713,72,51
7,2451,51,816
72,7,816,6
51,72,6,197
816,51,197,832
6,816,832,881
197,6,881,1404
832,197,1404,1098
881,832,1098,8
1404,881,8,52
1098,1404,52,612
8,1098,612,11
52,8,11,40
612,52,40,735
11,612,735,233
40,11,233,15
735,40,15,2
233,735,2,1449
15,233,1449,779
2,15,779,474
1449,2,474,99
779,1449,99,44
474,779,44,5
99,474,5,470
44,99,470,119
5,44,119,70956
470,5,70956,81727
119,470,81727,105
70956,119,105,1459
81727,70956,1459,4
105,81727,4,7252
1459,105,7252,113
4,1459,113,881
7252,4,881,77
113,7252,77,1529
881,113,1529,1657
77,881,1657,22
1529,77,22,129
1657,1529,129,24
22,1657,24,114
129,22,114,18
24,129,18,1407
114,24,1407,6
18,114,6,268
1407,18,268,85
6,1407,85,8
268,6,8,26
85,268,26,34
8,85,34,144
26,8,144,94
34,26,94,31
144,34,31,25
94,144,25,21
31,94,21,929
25,31,929,103
21,25,103,372
929,21,372,105
103,929,105,675
372,103,675,72
105,372,72,378
675,105,378,66
72,675,66,404
378,72,404,1548
66,378,1548,94
404,66,94,4
1548,404,4,11588
94,1548,11588,495
4,94,495,129
11588,4,129,5
495,11588,5,106
129,495,106,6
5,129,6,4964
106,5,4964,265
6,106,265,237
4964,6,237,76
265,4964,76,105
237,265,105,1459
76,237,1459,5032
105,76,5032,22
1459,105,22,571
5032,1459,571,998
22,5032,998,4593
571,22,4593,58
998,571,58,18141
4593,998,18141,94564
58,4593,94564,24
18141,58,24,2870
94564,18141,2870,3722
24,94564,3722,117
2870,24,117,3725
3722,2870,3725,31388
117,3722,31388,2
3725,117,2,61648
31388,3725,61648,52
2,31388,52,11
61648,2,11,1123
52,61648,1123,169
11,52,169,6
1123,11,6,1234
169,1123,1234,69
6,169,69,1531
1234,6,1531,11
69,1234,11,296
1531,69,296,692
