37,89,10852,300
22,37,300,37
10852,22,37,225
300,10852,225,27
37,300,27,14
225,37,14,2104
27,225,2104,4
14,27,4,394
2104,14,394,28
4,2104,28,12
394,4,12,390
28,394,390,8
12,28,8,1508
390,12,1508,13
8,390,13,1576
1508,8,1576,541
13,1508,541,56
1576,13,56,5
541,1576,5,49
56,541,49,1070
5,56,1070,1576
49,5,1576,541
1070,49,541,56
1576,1070,56,5
541,1576,5,49
56,541,49,5286
5,56,5286,15
49,5,15,49
5286,49,49,1758
15,5286,1758,93165
49,15,93165,298
1758,49,298,1571
93165,1758,1571,27
298,93165,27,1657
1571,298,1657,83
27,1571,83,59
1657,27,59,876
83,1657,876,3
59,83,3,523
876,59,523,6
3,876,6,452
523,3,452,8251
6,523,8251,1508
452,6,1508,2
8251,452,2,2
1508,8251,2,26334
2,1508,26334,523
2,2,523,31
26334,2,31,7
523,26334,7,3034
31,523,3034,21
7,31,21,201
3034,7,201,23
21,3034,23,51
201,21,51,11
23,201,11,85346
51,23,85346,39
11,51,39,13
85346,11,13,1521
39,85346,1521,83
13,39,83,12
1521,13,12,3637
83,1521,3637,1508
12,83,1508,285
3637,12,285,2
1508,3637,2,42
285,1508,42,5
2,285,5,10
42,2,10,2271
5,42,2271,2856
10,5,2856,5480
2271,10,5480,4462
2856,2271,4462,4
5480,2856,4,1079
4462,5480,1079,3075
4,4462,3075,4
1079,4,4,544
3075,1079,544,298
4,3075,298,703
544,4,703,4545
298,544,4545,27
703,298,27,9
4545,703,9,424
27,4545,424,3
9,27,3,4900
424,9,4900,10
3,424,10,79
4900,3,79,1972
10,4900,1972,81792
79,10,81792,1410
1972,79,1410,24
81792,1972,24,2
1410,81792,2,696
24,1410,696,142
2,24,142,1545
696,2,1545,8
142,696,8,6887
1545,142,6887,4
8,1545,4,657
6887,8,657,161
4,6887,161,2570
657,4,2570,3
161,657,3,2243
2570,161,2243,138
3,2570,138,27
2243,3,27,5664
138,2243,5664,59
27,138,59,26
5664,27,26,966
59,5664,966,15
26,59,15,89
966,26,89,52
15,966,52,11
89,15,11,247
52,89,247,63
11,52,63,46
247,11,46,2
63,247,2,7078
46,63,7078,333
2,46,333,468
7078,2,468,43
333,7078,43,8
468,333,8,27
43,468,27,13
8,43,13,22
27,8,22,83
13,27,83,696
22,13,696,240
83,22,240,3
696,83,3,1603
240,696,1603,2765
3,240,2765,15
1603,3,15,22
2765,1603,22,672
15,2765,672,2583
22,15,2583,3
672,22,3,137
2583,672,137,52
3,2583,52,11
137,3,11,121
52,137,121,80
11,52,80,155
121,11,155,3
80,121,3,95
155,80,95,518
3,155,518,2
95,3,2,421
518,95,421,39
2,518,39,1007
421,2,1007,28
39,421,28,6
1007,39,6,2
28,1007,2,42086
6,28,42086,16493
2,6,16493,304
42086,2,304,819
16493,42086,819,3
304,16493,3,1195
819,304,1195,27
3,819,27,3
1195,3,3,663
27,1195,663,168
3,27,168,12
663,3,12,22
168,663,22,447
12,168,447,3
22,12,3,21
447,22,21,2025
3,447,2025,6
21,3,6,15833
2025,21,15833,11720
6,2025,11720,5
15833,6,5,4328
11720,15833,4328,185
5,11720,185,27
4328,5,27,69
185,4328,69,28
27,185,28,11
69,27,11,40
28,69,40,472
11,28,472,350
40,11,350,4
472,40,4,343
350,472,343,6
4,350,6,452
343,4,452,3
6,343,3,459
452,6,459,246
3,452,246,9
459,3,9,745
246,459,745,4
9,246,4,2481
745,9,2481,3661
4,745,3661,31
2481,4,31,18
3661,2481,18,47
31,3661,47,2154
18,31,2154,25
47,18,25,10268
2154,47,10268,19
25,2154,19,67
10268,25,67,48
19,10268,48,358
67,19,358,64
48,67,64,297
358,48,297,629
64,358,629,73
297,64,73,438
629,297,438,9
73,629,9,266
438,73,266,2
9,438,2,4
266,9,4,1581
2,266,1581,1516
4,2,1516,417
1581,4,417,20
1516,1581,20,123
417,1516,123,4125
20,417,4125,4
123,20,4,10
4125,123,10,7
4,4125,7,359
10,4,359,5645
7,10,5645,67
359,7,67,133
5645,359,133,147
67,5645,147,6
133,67,6,316
147,133,316,3
6,147,3,96
316,6,96,157
3,316,157,306
96,3,306,45228
157,96,45228,39
306,157,39,350
45228,306,350,142
39,45228,142,6
350,39,6,2
142,350,2,304
6,142,304,500
2,6,500,298
304,2,298,1571
500,304,1571,254
298,500,254,10
1571,298,10,14
254,1571,14,27
10,254,27,69
14,10,69,31
27,14,31,13
69,27,13,1991
31,69,1991,76192
13,31,76192,21
1991,13,21,507
76192,1991,507,62
21,76192,62,6724
507,21,6724,16
62,507,16,110
6724,62,110,3
16,6724,3,488
110,16,488,37
3,110,37,89
488,3,89,2869
37,488,2869,351
89,37,351,24
2869,89,24,81
351,2869,81,23
24,351,23,128
81,24,128,985
23,81,985,29
128,23,29,10
985,128,10,121
29,985,121,17
10,29,17,314
121,10,314,3
17,121,3,70
314,17,70,166
3,314,166,19
70,3,19,84
166,70,84,8
19,166,8,20
84,19,20,7
8,84,7,4676
20,8,4676,6
7,20,6,42
4676,7,42,148
6,4676,148,82
42,6,82,3281
148,42,3281,1508
82,148,1508,894
3281,82,894,11
1508,3281,11,13
894,1508,13,9346
11,894,9346,1511
13,11,1511,170
9346,13,170,1206
1511,9346,1206,4
170,1511,4,13
1206,170,13,84
4,1206,84,757
13,4,757,378
84,13,378,44
757,84,44,2768
378,757,2768,17
44,378,17,1300
2768,44,1300,24
17,2768,24,185
1300,17,185,695
24,1300,695,2
185,24,2,421
695,185,421,39
2,695,39,3593
421,2,3593,28
39,421,28,53659
3593,39,53659,3
28,3593,3,629
53659,28,629,15529
3,53659,15529,37
629,3,37,2
15529,629,2,185
37,15529,185,2271
2,37,2271,1834
185,2,1834,48
2271,185,48,6355
1834,2271,6355,854
48,1834,854,2
6355,48,2,25
854,6355,25,447
2,854,447,211
25,2,211,42
447,25,42,7470
211,447,7470,19
42,211,19,27
7470,42,27,69
19,7470,69,1286
27,19,1286,5884
69,27,5884,3589
1286,69,3589,455
5884,1286,455,3281
3589,5884,3281,1508
455,3589,1508,6
3281,455,6,2
1508,3281,2,251
6,1508,251,12
2,6,12,747
251,2,747,15
12,251,15,2
747,12,2,421
15,747,421,39
2,15,39,526
421,2,526,3589
39,421,3589,35
526,39,35,8
3589,526,8,3281
35,3589,3281,13
8,35,13,2
3281,8,2,4105
13,3281,4105,903
2,13,903,5
4105,2,5,44
903,4105,44,75
5,903,75,8
44,5,8,128
75,44,128,185
8,75,185,4
128,8,4,11
185,128,11,40
4,185,40,1114
11,4,1114,3
40,11,3,18
1114,40,18,49
3,1114,49,155
18,3,155,168
49,18,168,8
155,49,8,285
168,155,285,3589
8,168,3589,14
285,8,14,1289
3589,285,1289,21
14,3589,21,3
1289,14,3,446
21,1289,446,98
3,21,98,41
446,3,41,447
98,446,447,29
41,98,29,11
447,41,11,218
29,447,218,3
11,29,3,25
218,11,25,25
3,218,25,30
25,3,30,396
25,25,396,276
30,25,276,6
396,30,6,3
276,396,3,31385
6,276,31385,455
3,6,455,98
31385,3,98,5
455,31385,5,67
98,455,67,909
5,98,909,27
67,5,27,7
909,67,7,165
27,909,165,1905
7,27,1905,23
165,7,23,429
1905,165,429,330
23,1905,330,185
429,23,185,4
330,429,4,34
185,330,34,17
4,185,17,2154
34,4,2154,2636
17,34,2636,72
2154,17,72,2
2636,2154,2,11
72,2636,11,13
2,72,13,47
11,2,47,171
13,11,171,22
47,13,22,1510
171,47,1510,12
22,171,12,421
1510,22,421,39
12,1510,39,421
421,12,421,402
39,421,402,29
421,39,29,11
402,421,11,396
29,402,396,4581
11,29,4581,2271
396,11,2271,36
4581,396,36,93149
2271,4581,93149,6
36,2271,6,44
93149,36,44,27
6,93149,27,886
44,6,886,4
27,44,4,4708
886,27,4708,339
4,886,339,791
4708,4,791,1508
339,4708,1508,3532
791,339,3532,12
1508,791,12,672
3532,1508,672,11
12,3532,11,331
672,12,331,2583
11,672,2583,3
331,11,3,106
2583,331,106,12
3,2583,12,229
106,3,229,11
12,106,11,121
229,12,121,35125
11,229,35125,3151
121,11,3151,40
35125,121,40,160
3151,35125,160,1449
40,3151,1449,5
160,40,5,185
1449,160,185,4
5,1449,4,276
185,5,276,22
4,185,22,970
276,4,970,361
22,276,361,350
970,22,350,3
361,970,3,167
350,361,167,31627
3,350,31627,27
167,3,27,198
31627,167,198,695
27,31627,695,9
198,27,9,1171
695,198,1171,303
9,695,303,185
1171,9,185,8
303,1171,8,242
185,303,242,10
8,185,10,598
242,8,598,117
10,242,117,638
598,10,638,193
117,598,193,31
638,117,31,34
193,638,34,17
31,193,17,456
34,31,456,695
17,34,695,1219
456,17,1219,19
695,456,19,410
1219,695,410,117
19,1219,117,1025
410,19,1025,305
117,410,305,4178
1025,117,4178,1460
305,1025,1460,931
4178,305,931,159
1460,4178,159,410
931,1460,410,636
159,931,636,827
410,159,827,189
636,410,189,39
827,636,39,1369
189,827,1369,636
39,189,636,1079
1369,39,1079,891
636,1369,891,742
1079,636,742,636
891,1079,636,256
742,891,256,728
636,742,728,4
256,636,4,1854
728,256,1854,117
4,728,117,866
1854,4,866,457
117,1854,457,31
866,117,31,14
457,866,14,1296
31,457,1296,198
14,31,198,1046
1296,14,1046,695
198,1296,695,23
1046,198,23,128
695,1046,128,59607
23,695,59607,1171
128,23,1171,303
59607,128,303,544
1171,59607,544,8337
303,1171,8337,185
544,303,185,34
8337,544,34,1468
185,8337,1468,159
34,185,159,6622
1468,34,6622,1887
159,1468,1887,2842
6622,159,2842,1560
1887,6622,1560,159
2842,1887,159,2032
1560,2842,2032,636
159,1560,636,1221
2032,159,1221,2071
636,2032,2071,159
1221,636,159,1331
2071,1221,1331,117
159,2071,117,1987
1331,159,1987,3069
117,1331,3069,4
1987,117,4,159
3069,1987,159,1117
4,3069,1117,636
159,4,636,1697
1117,159,1697,11261
636,1117,11261,46
1697,636,46,31
11261,1697,31,13
46,11261,13,47
31,46,47,12
13,31,12,2
47,13,2,185
12,47,185,695
2,12,695,170
185,2,170,49109
695,185,49109,139
170,695,139,22
49109,170,22,83
139,49109,83,185
22,139,185,567
83,22,567,3
185,83,3,22
567,185,22,1046
3,567,1046,452
22,3,452,970
1046,22,970,46
452,1046,46,2
970,452,2,6361
46,970,6361,185
2,46,185,235
6361,2,235,473
185,6361,473,44
235,185,44,5
473,235,5,452
44,473,452,53999
5,44,53999,58
452,5,58,289
53999,452,289,114
58,53999,114,101
289,58,101,3
114,289,3,137
101,114,137,2
3,101,2,1372
137,3,1372,4
2,137,4,20548
1372,2,20548,185
4,1372,185,21
20548,4,21,551
185,20548,551,2307
21,185,2307,193
551,21,193,28
2307,551,28,12
193,2307,12,963
28,193,963,10946
12,28,10946,1202
963,12,1202,62
10946,963,62,184
1202,10946,184,3
62,1202,3,2143
1022,1682,4661,4
405,1022,4,555
4661,405,555,614
4,4661,614,109
555,4,109,19
614,555,19,8016
109,614,8016,1964
19,109,1964,59
8016,19,59,45
1964,8016,45,8910
59,1964,8910,15
45,59,15,1556
8910,45,1556,578
15,8910,578,4324
1556,15,4324,1939
578,1556,1939,8336
4324,578,8336,209
1939,4324,209,5
8336,1939,5,1807
209,8336,1807,5
5,209,5,4661
1807,5,4661,26
5,1807,26,793
4661,5,793,3
26,4661,3,234
793,26,234,9
3,793,9,1041
234,3,1041,661
9,234,661,3
1041,9,3,610
661,1041,610,51
3,661,51,10
610,3,10,7
51,610,7,4
10,51,4,206
7,10,206,10
4,7,10,830
206,4,830,88
10,206,88,45
830,10,45,270
88,830,270,18
45,88,18,47
270,45,47,9187
18,270,9187,3
47,18,3,2395
9187,47,2395,343
3,9187,343,24
2395,3,24,2
343,2395,2,16210
24,343,16210,7976
2,24,7976,5
16210,2,5,16269
7976,16210,16269,10687
5,7976,10687,46
16269,5,46,26
10687,16269,26,6569
46,10687,6569,1718
26,46,1718,8
6569,26,8,10581
1718,6569,10581,2015
8,1718,2015,7
10581,8,7,584
2015,10581,584,101
7,2015,101,42
584,7,42,6
101,584,6,209
42,101,209,20
6,42,20,7
209,6,7,21
20,209,21,51
7,20,51,16269
21,7,16269,10687
51,21,10687,35
16269,51,35,472
10687,16269,472,3
35,10687,3,6144
472,35,6144,10
3,472,10,35
6144,3,35,8
10,6144,8,10581
35,10,10581,2015
8,35,2015,398
10581,8,398,416
2015,10581,416,23
398,2015,23,435
416,398,435,7
23,416,7,584
435,23,584,101
7,435,101,2015
584,7,2015,10
101,584,10,13
2015,101,13,47
10,2015,47,149
13,10,149,508
47,13,508,4
149,47,4,4068
508,149,4068,9
4,508,9,568
4068,4,568,8
9,4068,8,1195
568,9,1195,9
8,568,9,4661
1195,8,4661,7
9,1195,7,2
4661,9,2,4905
7,4661,4905,4
2,7,4,1065
4905,2,1065,315
4,4905,315,12
1065,4,12,177
315,1065,177,5
12,315,5,2
177,12,2,1595
5,177,1595,698
2,5,698,414
1595,2,414,7033
698,1595,7033,813
414,698,813,2819
7033,414,2819,105
813,7033,105,195
2819,813,195,4
105,2819,4,2115
195,105,2115,232
4,195,232,5
2115,4,5,3239
232,2115,3239,113
5,232,113,2148
3239,5,2148,26
113,3239,26,465
2148,113,465,2195
26,2148,2195,1857
465,26,1857,38
2195,465,38,934
1857,2195,934,9
38,1857,9,896
934,38,896,5255
9,934,5255,6
896,9,6,38
5255,896,38,83
6,5255,83,2563
38,6,2563,714
83,38,714,3410
2563,83,3410,8
714,2563,8,13412
3410,714,13412,24070
8,3410,24070,40
13412,8,40,208
24070,13412,208,599
40,24070,599,81
208,40,81,2433
599,208,2433,10812
81,599,10812,15406
2433,81,15406,5026
10812,2433,5026,3
15406,10812,3,200
5026,15406,200,32
3,5026,32,4
200,3,4,232
32,200,232,5
4,32,5,1133
232,4,1133,12
5,232,12,238
1133,5,238,815
12,1133,815,7
238,12,7,465
815,238,465,1299
7,815,1299,15
465,7,15,555
1299,465,555,4191
15,1299,4191,3
555,15,3,257
4191,555,257,2706
3,4191,2706,191
257,3,191,5
2706,257,5,554
191,2706,554,2682
5,191,2682,13
554,5,13,2
2682,554,2,10233
13,2682,10233,2265
2,13,2265,412
10233,2,412,186
2265,10233,186,65
412,2265,65,3
186,412,3,392
65,186,392,2
3,65,2,108
392,3,108,213
2,392,213,5
108,2,5,554
213,108,554,302
5,213,302,6
554,5,6,432
302,554,432,435
6,302,435,458
432,6,458,3
435,432,3,1982
458,435,1982,105
3,458,105,213
1982,3,213,5
105,1982,5,332
213,105,332,133
5,213,133,4
332,5,4,515
133,332,515,5
4,133,5,108
515,4,108,2
5,515,2,2
108,5,2,668
2,108,668,20
2,2,20,213
668,2,213,14
20,668,14,3
213,20,3,17
14,213,17,2013
3,14,2013,6
17,3,6,2
2013,17,2,28545
6,2013,28545,3797
2,6,3797,19
28545,2,19,813
3797,28545,813,493
19,3797,493,5
813,19,5,108
493,813,108,2080
5,493,2080,6
108,5,6,4231
2080,108,4231,19
6,2080,19,696
4231,6,696,588
19,4231,588,1452
696,19,1452,23
588,696,23,6
1452,588,6,3669
23,1452,3669,518
6,23,518,4
3669,6,4,724
518,3669,724,15656
4,518,15656,5
724,4,5,213
15656,724,213,14
5,15656,14,3
213,5,3,17
14,213,17,493
3,14,493,9
17,3,9,414
493,17,414,2462
9,493,2462,6
414,9,6,27327
2462,414,27327,5189
6,2462,5189,2
27327,6,2,432
5189,27327,432,493
2,5189,493,2714
432,2,2714,4
493,432,4,2013
2714,493,2013,19
4,2714,19,108
2013,4,108,813
19,2013,813,493
108,19,493,54
813,108,54,50
493,813,50,586
54,493,586,432
50,54,432,1450
586,50,1450,332
432,586,332,813
1450,432,813,493
332,1450,493,174
813,332,174,1023
493,813,1023,3
174,493,3,1982
1023,174,1982,10
3,1023,10,92
1982,3,92,19
10,1982,19,10
92,10,10,953
19,92,953,3
10,19,3,302
953,10,302,2589
3,953,2589,1846
302,3,1846,3
2589,302,3,3399
1846,2589,3399,238
3,1846,238,917
3399,3,917,3
238,3399,3,748
917,238,748,446
3,917,446,5
748,3,5,288
446,748,288,1777
5,446,1777,6
288,5,6,133
1777,288,133,4
6,1777,4,3
133,6,3,748
4,133,748,8976
3,4,8976,629
748,3,629,19
8976,748,19,3615
629,8976,3615,288
19,629,288,4412
3615,19,4412,6
288,3615,6,402
4412,288,402,108
6,4412,108,82
402,6,82,10812
108,402,10812,15406
82,108,15406,3306
10812,82,3306,4
15406,10812,4,403
3306,15406,403,45
4,3306,45,405
403,4,405,315
45,403,315,3
405,45,3,3101
315,405,3101,4661
3,315,4661,16
3101,3,16,807
4661,3101,807,570
16,4661,570,19
807,16,19,2
570,807,2,994
19,570,994,2023
2,19,2023,714
994,2,714,80
2023,994,80,2
714,2023,2,18066
80,714,18066,1251
2,80,1251,6
18066,2,6,54
1251,18066,54,26
6,1251,26,7300
54,6,7300,2
26,54,2,108
7300,26,108,316
2,7300,316,2
108,2,2,607
316,108,607,6
2,316,6,20534
607,2,20534,1790
6,607,1790,26
20534,6,26,178
1790,20534,178,8
26,1790,8,26
178,26,26,16
8,178,16,2331
26,8,2331,536
16,26,536,19
2331,16,19,2939
536,2331,2939,6172
19,536,6172,36
2939,19,36,5548
6172,2939,5548,3
36,6172,3,328
5548,36,328,2
3,5548,2,6129
328,3,6129,1039
2,328,1039,74
6129,2,74,798
1039,6129,798,5
74,1039,5,43
798,74,43,26
5,798,26,178
43,5,178,8
26,43,8,26
178,26,26,16
8,178,16,21015
26,8,21015,4
16,26,4,88
21015,16,88,2175
4,21015,2175,8
88,4,8,2107
2175,88,2107,13
8,2175,13,3
2107,8,3,800
13,2107,800,4
3,13,4,8
800,3,8,168
4,800,168,10528
8,4,10528,242
168,8,242,26
10528,168,26,55
242,10528,55,392
26,242,392,2029
55,26,2029,4
392,55,4,316
2029,392,316,56
4,2029,56,5
316,4,5,4454
56,316,4454,603
5,56,603,4
