592,3126,441,7
9,592,7,569
441,9,569,88865
7,441,88865,43
569,7,43,702
88865,569,702,6
43,88865,6,2690
702,43,2690,5937
6,702,5937,1672
2690,6,1672,1226
5937,2690,1226,28
1672,5937,28,6
1226,1672,6,2
28,1226,2,304
6,28,304,8
2,6,8,22
304,2,22,266
8,304,266,196
22,8,196,19
266,22,19,10
196,266,10,335
19,196,335,3
10,19,3,3215
335,10,3215,80
3,335,80,60328
3215,3,60328,1680
80,3215,1680,178
60328,80,178,8
1680,60328,8,20
178,1680,20,187
8,178,187,816
20,8,816,3
187,20,3,17
816,187,17,855
3,816,855,126
17,3,126,2
855,17,2,212
126,855,212,1525
2,126,1525,630
212,2,630,4
1525,212,4,516
630,1525,516,19
4,630,19,2
516,4,2,2316
19,516,2316,304
2,19,304,28
2316,2,28,59
304,2316,59,2316
28,304,2316,485
59,28,485,460
2316,59,460,7
485,2316,7,913
460,485,913,183
7,460,183,284
913,7,284,2690
183,913,2690,187
284,183,187,14
2690,284,14,6
187,2690,6,2
14,187,2,448
6,14,448,4
2,6,4,3448
448,2,3448,3910
4,448,3910,4074
3448,4,4074,175
3910,3448,175,227
4074,3910,227,158
175,4074,158,15
227,175,15,8761
158,227,8761,4
15,158,4,57
8761,15,57,874
4,8761,874,4
57,4,4,3949
874,57,3949,103
4,874,103,66
3949,4,66,404
103,3949,404,6
66,103,6,1378
404,66,1378,12978
6,404,12978,7535
1378,6,7535,4
12978,1378,4,688
7535,12978,688,3949
4,7535,3949,16
688,4,16,48
3949,688,48,1637
16,3949,1637,3
48,16,3,155
1637,48,155,12
3,1637,12,1725
155,3,1725,9
12,155,9,8
1725,12,8,4074
9,1725,4074,341
8,9,341,235
4074,8,235,13451
341,4074,13451,21
235,341,21,314
13451,235,314,51
21,13451,51,1179
314,21,1179,5
51,314,5,1378
1179,51,1378,1725
5,1179,1725,34
1378,5,34,17
1725,1378,17,227
34,1725,227,702
17,34,702,18
227,17,18,28
702,227,28,26
18,702,26,25
28,18,25,488
26,28,488,73
25,26,73,1179
488,25,1179,6
73,488,6,2690
1179,73,2690,34
6,1179,34,18
2690,6,18,98
34,2690,98,660
18,34,660,5592
98,18,5592,12
660,98,12,1378
5592,660,1378,100699
12,5592,100699,441
1378,12,441,702
100699,1378,702,646
441,100699,646,6
702,441,6,1378
646,702,1378,1725
6,646,1725,16
1378,6,16,25
1725,1378,25,507
16,1725,507,3714
25,16,3714,1228
507,25,1228,4
3714,507,4,702
1228,3714,702,9
4,1228,9,7535
702,4,7535,3949
9,702,3949,44
7535,9,44,2690
3949,7535,2690,9356
44,3949,9356,4941
2690,44,4941,149
9356,2690,149,9
4941,9356,9,22
149,4941,22,3071
9,149,3071,4
22,9,4,57
3071,22,57,4493
4,3071,4493,48
57,4,48,5
4493,57,5,894
48,4493,894,16
5,48,16,1451
894,5,1451,4783
16,894,4783,537
1451,16,537,1807
4783,1451,1807,4
537,4783,4,57
1807,537,57,496
4,1807,496,4218
57,4,4218,26144
496,57,26144,2316
4218,496,2316,485
26144,4218,485,668
2316,26144,668,460
485,2316,460,11
668,485,11,134
460,668,134,693
11,460,693,310
134,11,310,7
693,134,7,913
310,693,913,183
7,310,183,284
913,7,284,333
2,549,8170,5156
3612,2,5156,82
8170,3612,82,2303
5156,8170,2303,824
82,5156,824,2230
2303,82,2230,24682
824,2303,24682,920
2230,824,920,206
24682,2230,206,14148
920,24682,14148,3974
206,920,3974,24682
14148,206,24682,5276
3974,14148,5276,6
24682,3974,6,3736
5276,24682,3736,2359
6,5276,2359,2369
3736,6,2369,2887
2359,3736,2887,1152
2369,2359,1152,6524
2887,2369,6524,36
1152,2887,36,80542
6524,1152,80542,7133
36,6524,7133,35
80542,36,35,5
7133,80542,5,2634
35,7133,2634,2369
5,35,2369,3776
2634,5,3776,4
2369,2634,4,48880
3776,2369,48880,561
4,3776,561,24
48880,4,24,268
561,48880,268,174
24,561,174,2096
268,24,2096,333
174,268,333,9007
2096,174,9007,1583
333,2096,1583,1014
14224,24,10324,840
3,14224,840,8
10324,3,8,726
840,10324,726,273
8,840,273,4733
726,8,4733,3
273,726,3,440
4733,273,440,8
3,4733,8,2061
440,3,2061,1491
8,440,1491,690
2061,8,690,16
1491,2061,16,8839
690,1491,8839,20
16,690,20,66
8839,16,66,779
20,8839,779,9
66,20,9,878
779,66,878,8977
9,779,8977,5
878,9,5,138
8977,878,138,101070
5,8977,101070,5
138,5,5,157
101070,138,157,1247
5,101070,1247,1450
157,5,1450,54
1247,157,54,1521
1450,1247,1521,58
54,1450,58,150
1521,54,150,440
58,1521,440,8
150,58,8,2061
440,150,2061,1491
8,440,1491,690
2061,8,690,6
1491,2061,6,16
690,1491,16,17257
6,690,17257,351
16,6,351,24
17257,16,24,12745
351,17257,12745,13624
24,351,13624,203
12745,24,203,1020
13624,12745,1020,24
203,13624,24,2068
1020,203,2068,3289
24,1020,3289,151
2068,24,151,1450
3289,2068,1450,8
151,3289,8,18
1450,151,18,4321
8,1450,4321,21
18,8,21,6256
4321,18,6256,3
21,4321,3,1639
6256,21,1639,169
3,6256,169,12
1639,3,12,150
169,1639,150,440
12,169,440,16
150,12,16,4792
440,150,4792,38
16,440,38,1977
4792,16,1977,4
38,4792,4,13578
1977,38,13578,142
4,1977,142,38
13578,4,38,44788
142,13578,44788,9
38,142,9,482
44788,38,482,1000
9,44788,1000,3
482,9,3,440
1000,482,440,6
3,1000,6,29
440,3,29,7
6,440,7,3012
29,6,3012,2664
7,29,2664,83
3012,7,83,869
2664,3012,869,10
83,2664,10,7
869,83,7,947
10,869,947,20
7,10,20,66
947,7,66,1450
20,947,1450,726
66,20,726,3
1450,66,3,161
726,1450,161,675
3,726,675,100
161,3,100,440
675,161,440,20
100,675,20,60
440,100,60,231
20,440,231,2
60,20,2,733
231,60,733,1007
2,231,1007,134
733,2,134,814
1007,733,814,1297
134,1007,1297,8330
814,134,8330,8
1297,814,8,1977
8330,1297,1977,365
8,8330,365,236
1977,8,236,6
365,1977,6,14224
236,365,14224,13
6,236,13,1337
14224,6,1337,3
13,14224,3,2068
1337,13,2068,151
3,1337,151,8
2068,3,8,10
151,2068,10,34
8,151,34,21
10,8,21,276
34,10,276,98
21,34,98,30077
276,21,30077,10324
98,276,10324,54
30077,98,54,1000
10324,30077,1000,169
54,10324,169,6
1000,54,6,1481
169,1000,1481,4
6,169,4,427
1481,6,427,3
4,1481,3,58
427,4,58,150
3,427,150,440
58,3,440,6
150,58,6,28
440,150,28,6
6,440,6,2
28,6,2,310
6,28,310,307
2,6,307,72
310,2,72,44
307,310,44,404
72,307,404,8
44,72,8,10
404,44,10,516
8,404,516,128
10,8,128,848
516,10,848,3
128,516,3,420
848,128,420,2
3,848,2,2784
420,3,2784,5
2,420,5,10324
2784,2,10324,1383
5,2784,1383,1294
10324,5,1294,4
1383,10324,4,427
1294,1383,427,472
4,1294,472,5
427,4,5,395
472,427,395,2
5,472,2,1481
395,5,1481,1531
2,395,1531,52
1481,2,52,10
1531,1481,10,7
52,1531,7,962
10,52,962,96
7,10,96,8
962,7,8,335
96,962,335,128
8,96,128,848
335,8,848,10
128,335,10,243
848,128,243,198
10,848,198,1260
243,10,1260,375
198,243,375,72
1260,198,72,128
375,1260,128,153
72,375,153,75
128,72,75,4
153,128,4,2068
75,153,2068,902
4,75,902,13
2068,4,13,608
902,2068,608,9800
13,902,9800,10
608,13,10,96635
9800,608,96635,14224
10,9800,14224,4
96635,10,4,10324
14224,96635,10324,18
4,14224,18,596
10324,4,596,3
18,10324,3,117
596,18,117,1481
3,596,1481,1531
117,3,1531,3
1481,117,3,105
1531,1481,105,440
3,1531,440,8
105,3,8,1611
440,105,1611,1114
8,440,1114,4
1611,8,4,3768
1114,1611,3768,4
4,1114,4,30
3768,4,30,7410
4,3768,7410,38
30,4,38,335
7410,30,335,3
38,7410,3,25
335,38,25,25
3,335,25,28
25,3,28,35949
25,25,35949,25138
28,25,25138,526
35949,28,526,437
25138,35949,437,5
526,25138,5,449
437,526,449,1353
5,437,1353,54
449,5,54,7
1353,449,7,177
54,1353,177,5
7,54,5,902
177,7,902,30
5,177,30,403
902,5,403,8
30,902,8,57
403,30,57,840
8,403,840,34
57,8,34,123
840,57,123,38
34,840,38,345
123,34,345,4
38,123,4,117
345,38,117,2
4,345,2,571
117,4,571,519
2,117,519,102
571,2,102,69029
519,571,69029,76
102,519,76,5
69029,102,5,157
76,69029,157,1247
5,76,1247,1383
157,5,1383,840
1247,157,840,16
1383,1247,16,5941
840,1383,5941,601
16,840,601,504
5941,16,504,805
601,5941,805,3531
504,601,3531,54
805,504,54,420
3531,805,420,169
54,3531,169,6
420,54,6,34
169,420,34,17
6,169,17,4
34,6,4,158
17,34,158,1215
4,17,1215,3178
158,4,3178,9
1215,158,9,878
3178,1215,878,440
9,3178,440,1967
878,9,1967,34
440,878,34,522
1967,440,522,2
34,1967,2,158
522,34,158,17245
2,522,17245,3178
158,2,3178,6
17245,158,6,1578
3178,17245,1578,4
6,3178,4,558
1578,6,558,34
4,1578,34,144
558,4,144,161
34,558,161,58
144,34,58,4
161,144,4,135
58,161,135,57553
4,58,57553,5
135,4,5,58
57553,135,58,440
5,57553,440,911
58,5,911,3402
440,58,3402,7
911,440,7,1406
3402,911,1406,3
7,3402,3,1281
1406,7,1281,9
3,1406,9,300
1281,3,300,24
9,1281,24,814
300,9,814,1297
24,300,1297,211
814,24,211,70
1297,814,70,7794
211,1297,7794,1288
70,211,1288,410
7794,70,410,191
1288,7794,191,4
410,1288,4,849
191,410,849,4
4,191,4,7618
849,4,7618,1656
4,849,1656,54
7618,4,54,50
1656,7618,50,1390
54,1656,1390,9
50,54,9,1984
1390,50,1984,169
9,1390,169,6
1984,9,6,1977
169,1984,1977,128
6,169,128,59122
1977,6,59122,8732
128,1977,8732,1000
59122,128,1000,169
8732,59122,169,3
1000,8732,3,440
169,1000,440,395
3,169,395,89
440,3,89,1247
395,440,1247,626
89,395,626,812
1247,89,812,29
626,1247,29,2
812,626,2,1007
29,812,1007,7
2,29,7,1406
1007,2,1406,3
7,1007,3,2
1406,7,2,194
3,1406,194,37
2,3,37,20
194,2,20,66
37,194,66,440
20,37,440,3931
66,20,3931,1154
440,66,1154,2563
3931,440,2563,296
1154,3931,296,19
2563,1154,19,7033
296,2563,7033,1226
19,296,1226,2873
7033,19,2873,726
1226,7033,726,1247
2873,1226,1247,955
726,2873,955,1531
1247,726,1531,128
955,1247,128,1482
1531,955,1482,23
128,1531,23,169
1482,128,169,29
23,1482,29,2873
169,23,2873,13
29,169,13,412
2873,29,412,3
13,2873,3,44
412,13,44,75
3,412,75,814
44,3,814,1297
75,44,1297,228
814,75,228,22
1297,814,22,266
228,1297,266,1379
22,228,1379,52
266,22,52,11
1379,266,11,40
52,1379,40,41728
11,52,41728,20
40,11,20,107422
41728,40,107422,2
20,41728,2,6
107422,20,6,187
2,107422,187,5
6,2,5,4846
187,6,4846,840
5,187,840,28
4846,5,28,26
840,4846,26,13
28,840,13,21
26,28,21,321
13,26,321,146
21,13,146,61
321,21,61,38
146,321,38,634
61,146,634,37
38,61,37,229
634,38,229,26
37,634,26,40
229,37,40,3402
26,229,3402,440
40,26,440,186
3402,40,186,65
440,3402,65,258
186,440,258,205
65,186,205,126
258,65,126,28431
205,258,28431,11768
126,205,11768,619
28431,126,619,1450
11768,28431,1450,3593
619,11768,3593,1974
1450,619,1974,3
3593,1450,3,814
1974,3593,814,1297
3,1974,1297,8
814,3,8,440
1297,814,440,7
8,1297,7,245
440,8,245,37
7,440,37,1017
245,7,1017,312
37,245,312,5
1017,37,5,1578
312,1017,1578,36
5,312,36,135
1578,5,135,428
36,1578,428,36
135,36,36,555
428,135,555,105
36,428,105,3926
555,36,3926,1977
105,555,1977,16
3926,105,16,4
1977,3926,4,1490
16,1977,1490,26
4,16,26,28
1490,4,28,4
26,1490,4,6
28,26,6,98
4,28,98,187
6,4,187,1450
98,6,1450,1928
187,98,1928,183
1450,187,183,869
1928,1450,869,3
183,1928,3,161
869,183,161,40501
3,869,40501,16
161,3,16,12745
40501,161,12745,2
16,40501,2,97
12745,16,97,9
2,12745,9,27
97,2,27,28
9,97,28,30978
27,9,30978,12293
28,27,12293,526
30978,28,526,437
12293,30978,437,5
526,12293,5,1897
437,526,1897,5
5,437,5,160
1897,5,160,190
5,1897,190,151
160,5,151,2520
190,160,2520,1450
151,190,1450,21
2520,151,21,3
1450,2520,3,1000
21,1450,1000,3
3,21,3,343
1000,3,343,449
3,1000,449,1015
343,3,1015,118
449,343,118,8188
1015,449,8188,1499
118,1015,1499,1015
8188,118,1015,118
1499,8188,118,7395
1015,1499,7395,23
118,1015,23,15
7395,118,15,447
23,7395,447,5
15,23,5,2497
447,15,2497,23
5,447,23,8874
2497,5,8874,343
23,2497,343,174
8874,23,174,104
343,8874,104,1450
174,343,1450,16
104,174,16,2400
1450,104,2400,38
16,1450,38,1070
2400,16,1070,2400
38,2400,2400,38
1070,38,38,2313
2400,1070,2313,2400
38,2400,2400,38
2313,38,38,3754
2400,2313,3754,4
38,2400,4,5963
3754,38,5963,74
4,3754,74,38
5963,4,38,104878
74,5963,104878,77
38,74,77,17
104878,38,17,10872
77,104878,10872,9
17,77,9,1279
10872,17,1279,3
9,10872,3,2613
1279,9,2613,586
3,1279,586,24
2613,3,24,1578
586,2613,1578,440
24,586,440,80
1578,24,80,719
440,1578,719,58
80,440,58,16
719,80,16,110
58,719,110,6194
16,58,6194,343
110,16,343,378
6194,110,378,5
343,6194,5,268
378,343,268,566
5,378,566,202
268,5,202,127
566,268,127,287
202,566,287,46
127,202,46,1491
287,127,1491,690
46,287,690,256
1491,46,256,1618
690,1491,1618,575
256,690,575,978
1618,256,978,189
575,1618,189,4
978,575,4,575
189,978,575,3561
4,189,3561,189
575,4,189,46
3561,575,46,16
189,3561,16,3467
46,189,3467,3
16,46,3,49007
3467,16,49007,1578
3,3467,1578,350
49007,3,350,369
1578,49007,369,54
350,1578,54,2265
369,350,2265,3
54,369,3,459
2265,54,459,169
3,2265,169,9
459,3,9,58
169,459,58,440
9,169,440,13
58,9,13,2
440,58,2,1855
13,440,1855,762
2,13,762,205
1855,2,205,5
762,1855,5,1749
205,762,1749,46
5,205,46,56233
1749,5,56233,15
46,1749,15,2
56233,46,2,1088
15,56233,1088,5
2,15,5,1368
1088,2,1368,4603
5,1088,4603,74
1368,5,74,31
4603,1368,31,58
74,4603,58,287
31,74,287,230
58,31,230,17
287,58,17,36
230,287,36,229
17,230,229,287
36,17,287,40
229,36,40,80
287,229,80,17
40,287,17,516
80,40,516,19
17,80,19,878
1672,2873,7,1208
80290,1672,1208,832
7,80290,832,17411
1208,7,17411,14717
832,1208,14717,1719
17411,832,1719,6
14717,17411,6,141
1719,14717,141,4
6,1719,4,2
141,6,2,1051
4,141,1051,5
2,4,5,141
1051,2,141,288
5,1051,288,4
141,5,4,105
288,141,105,1008
4,288,1008,23
105,4,23,393
1008,105,393,5
23,1008,5,1423
393,23,1423,731
5,393,731,11
1423,5,11,7
731,1423,7,824
11,731,824,5
7,11,5,1372
824,7,1372,21
5,824,21,3748
1372,5,3748,62
21,1372,62,3
3748,21,3,96
62,3748,96,436
3,62,436,213
96,3,213,282
436,96,282,4
213,436,4,8252
282,213,8252,737
4,282,737,1188
8252,4,1188,6
737,8252,6,20
1188,737,20,2805
6,1188,2805,16
20,6,16,3518
2805,20,3518,95
16,2805,95,5
3518,16,5,33209
95,3518,33209,484
5,95,484,56
33209,5,56,8
484,33209,8,151
56,484,151,9
8,56,9,894
151,8,894,148
9,151,148,448
894,9,448,149
148,894,149,13
448,148,13,2193
149,448,2193,41
13,149,41,1280
2193,13,1280,17524
41,2193,17524,5
1280,41,5,668
17524,1280,668,1091
5,17524,1091,24
668,5,24,10
1091,668,10,1096
24,1091,1096,6459
10,24,6459,5
1096,10,5,10
6459,1096,10,7
5,6459,7,1357
10,5,1357,3
7,10,3,610
1357,7,610,1681
3,1357,1681,1172
610,3,1172,323
1681,610,323,80
1172,1681,80,4
323,1172,4,9848
80,323,9848,576
4,80,576,55
9848,4,55,345
576,9848,345,3
55,576,3,1681
345,55,1681,5842
3,345,5842,6
1681,3,6,12571
5842,1681,12571,52
6,5842,52,10
12571,6,10,117
52,12571,117,105716
10,52,105716,196
117,10,196,15
105716,117,15,97730
196,105716,97730,72
15,196,72,44
97730,15,44,8
72,97730,8,59
44,72,59,10
8,44,10,154
59,8,154,3
10,59,3,1111
154,10,1111,9
3,154,9,932
1111,3,932,70
9,1111,70,1781
932,9,1781,505
70,932,505,1634
1781,70,1634,21512
505,1781,21512,6937
1634,505,6937,438
21512,1634,438,6851
6937,21512,6851,3
438,6937,3,97759
6851,438,97759,6851
3,6851,6851,29
97759,3,29,264
6851,97759,264,2616
29,6851,2616,835
264,29,835,8
2616,264,8,56
835,2616,56,5
8,835,5,70
56,8,70,2135
5,56,2135,93
70,5,93,2
2135,70,2,12285
93,2135,12285,59
2,93,59,26
12285,2,26,1057
59,12285,1057,38
26,59,38,1111
1057,26,1111,4
38,1057,4,932
1111,38,932,869
4,1111,869,7
932,4,7,349
869,932,349,3
7,869,3,109
349,7,109,8
3,349,8,513
109,3,513,9
8,109,9,2
513,8,2,182
9,513,182,5
2,9,5,1781
182,2,1781,3
5,182,3,96
1781,5,96,201
3,1781,201,39
96,3,39,80
201,96,80,282
39,201,282,436
80,39,436,3416
282,80,3416,13
436,282,13,1968
3416,436,1968,511
13,3416,511,1357
1968,13,1357,9
511,1968,9,88
1357,511,88,45
9,1357,45,15
88,9,15,1193
45,88,1193,3213
15,45,3213,4
1193,15,4,427
3213,1193,427,3178
4,3213,3178,2017
427,4,2017,3
3178,427,3,25
2017,3178,25,9812
3,2017,9812,7210
25,3,7210,9
9812,25,9,361
7210,9812,361,64
9,7210,64,3416
361,9,3416,9031
64,361,9031,4
3416,64,4,2
9031,3416,2,833
4,9031,833,3
2,4,3,1486
833,2,1486,51
3,833,51,21
1486,3,21,3
51,1486,3,78268
21,51,78268,209
3,21,209,5
78268,3,5,323
209,78268,323,7
5,209,7,53
323,5,53,7
7,323,7,2117
53,7,2117,21
7,53,21,3
2117,7,3,73
21,2117,73,59
