1754,38,86,19101
397,1754,19101,488
86,397,488,5213
19101,86,5213,3
488,19101,3,1937
5213,488,1937,3280
3,5213,3280,4
1937,3,4,2
3280,1937,2,14510
4,3280,14510,337
2,4,337,12
14510,2,12,38
337,14510,38,7752
12,337,7752,397
38,12,397,5499
7752,38,5499,1359
397,7752,1359,397
5499,397,397,9513
1359,5499,9513,8676
397,1359,8676,6
9513,397,6,38
8676,9513,38,7188
6,8676,7188,5395
38,6,5395,5
7188,38,5,1449
5395,7188,1449,6
5,5395,6,947
1449,5,947,6
6,1449,6,3
947,6,3,95
6,947,95,7752
3,6,7752,36
95,3,36,21
7752,95,21,19861
36,7752,19861,25
21,36,25,21
19861,21,21,2247
25,19861,2247,8176
21,25,8176,82
2247,21,82,23
8176,2247,23,48
82,8176,48,4
23,82,4,98
48,23,98,577
4,48,577,82
98,4,82,115
577,98,115,21
82,577,21,8206
115,82,8206,57
21,115,57,2843
8206,21,2843,9
57,8206,9,1866
2843,57,1866,80
9,2843,80,2
1866,9,2,977
80,1866,977,9319
2,80,9319,1722
977,2,1722,128
9319,977,128,64
1722,9319,64,41
128,1722,41,65
64,128,65,793
41,64,793,985
65,41,985,36
793,65,36,25
985,793,25,9319
36,985,9319,5
25,36,5,27
9319,25,27,114
5,9319,114,13
27,5,13,500
114,27,500,205
13,114,205,8
500,13,8,8124
205,500,8124,82
8,205,82,2433
8124,8,2433,33
82,8124,33,642
2433,82,642,10
33,2433,10,10159
642,33,10159,76
10,642,76,27
10159,10,27,267
76,10159,267,336
27,76,336,22
267,27,22,11794
336,267,11794,384
22,336,384,5
11794,22,5,108
384,11794,108,82
5,384,82,80
108,5,80,52
82,108,52,9409
80,82,9409,19
52,80,19,22
9409,52,22,83
19,9409,83,520
22,19,520,352
83,22,352,329
520,83,329,44
352,520,44,3
329,352,3,129
44,329,129,5
3,44,5,1606
129,3,1606,2
5,129,2,1457
1606,5,1457,6441
2,1606,6441,14
1457,2,14,2815
6441,1457,2815,19
14,6441,19,107502
2815,14,107502,58
19,2815,58,31
107502,19,31,16415
58,107502,16415,3806
31,58,3806,10
16415,31,10,3
3806,16415,3,78
10,3806,78,4
3,10,4,162
78,3,162,3
4,78,3,156
162,4,156,2
3,162,2,1304
156,3,1304,8
2,156,8,38
1304,2,38,20775
8,1304,20775,23
38,8,23,5220
20775,38,5220,13269
23,20775,13269,38
5220,23,38,6859
13269,5220,6859,8
38,13269,8,27
6859,38,27,14
8,6859,14,4766
27,8,4766,9
14,27,9,266
4766,14,266,962
9,4766,962,90
266,9,90,584
962,266,584,761
90,962,761,89
584,90,89,3
761,584,3,689
89,761,689,4
3,89,4,1541
689,3,1541,1047
4,689,1047,361
1541,4,361,3
1047,1541,3,155
361,1047,155,525
3,361,525,9
155,3,9,715
525,155,715,5
9,525,5,10
715,9,10,8
5,715,8,549
10,5,549,1737
8,10,1737,3
549,8,3,129
1737,549,129,5
3,1737,5,1606
129,3,1606,31
5,129,31,236
1606,5,236,38
31,1606,38,2582
236,31,2582,19847
38,236,19847,898
2582,38,898,38
19847,2582,38,5041
898,19847,5041,2
38,898,2,553
5041,38,553,4
2,5041,4,898
553,2,898,5096
4,553,5096,5
898,4,5,1790
5096,898,1790,8
5,5096,8,7
1790,5,7,841
8,1790,841,175
7,8,175,557
841,7,557,129
175,841,129,11
557,175,11,495
129,557,495,4
11,129,4,51
495,11,51,2
4,495,2,2129
51,4,2129,4360
2,51,4360,40
2129,2,40,929
4360,2129,929,26
40,4360,26,3274
929,40,3274,490
26,929,490,853
3274,26,853,5
490,3274,5,16875
853,490,16875,7193
5,853,7193,51
16875,5,51,37
7193,16875,37,95
51,7193,95,31
37,51,31,77
95,37,77,21
31,95,21,524
77,31,524,78
21,77,78,31
524,21,31,1047
78,524,1047,4
31,78,4,17172
1047,31,17172,7752
4,1047,7752,3
17172,4,3,2334
7752,17172,2334,8
3,7752,8,1329
2334,3,1329,2053
8,2334,2053,90
1329,8,90,1244
2053,1329,1244,50
90,2053,50,555
1244,90,555,3
50,1244,3,81
555,50,81,11921
3,555,11921,106
81,3,106,9
11921,81,9,42
106,11921,42,5
9,106,5,2735
42,9,2735,94
5,42,94,155
2735,5,155,3
94,2735,3,9717
155,94,9717,4
3,155,4,15044
9717,3,15044,12218
4,9717,12218,12
15044,4,12,4
12218,15044,4,35424
12,12218,35424,10105
4,12,10105,93
35424,4,93,8146
10105,35424,8146,3008
93,10105,3008,76
8146,93,76,6774
3008,8146,6774,1306
76,3008,1306,2
6774,76,2,431
1306,6774,431,15
2,1306,15,42
431,2,42,5224
15,431,5224,98
42,15,98,5
5224,42,5,104
98,5224,104,929
5,98,929,41
104,5,41,19861
929,104,19861,1456
41,929,1456,65
19861,41,65,360
1456,19861,360,9
65,1456,9,138
360,65,138,27
9,360,27,19
138,9,19,2834
27,138,2834,6
19,27,6,1101
2834,19,1101,59
6,2834,59,7465
1101,6,7465,8657
59,1101,8657,186
7465,59,186,1016
8657,7465,1016,82
186,8657,82,94
1016,186,94,5
82,1016,5,1116
94,82,1116,5068
5,94,5068,97
1116,5,97,725
5068,1116,725,150
97,5068,150,82
725,97,82,10542
150,725,10542,146
82,150,146,10
10542,82,10,79
146,10542,79,373
10,146,373,1701
79,10,1701,5
373,79,5,38
1701,373,38,127
5,1701,127,85
38,5,85,11
127,38,11,4
85,127,4,22
11,85,22,97
4,11,97,50
22,4,50,2257
97,22,2257,19
50,97,19,129
2257,50,129,5
19,2257,5,1606
129,19,1606,6
5,129,6,57
1606,5,57,357
6,1606,357,1005
57,6,1005,1691
357,57,1691,570
1005,357,570,3
1691,1005,3,2403
570,1691,2403,186
3,570,186,1016
2403,3,1016,8
186,2403,8,7
1016,186,7,51
8,1016,51,2
7,8,2,8279
51,7,8279,25920
2,51,25920,115
8279,2,115,4
25920,8279,4,186
115,25920,186,1016
4,115,1016,7
186,4,7,3713
1016,186,3713,5340
7,1016,5340,2
3713,7,2,35007
5340,3713,35007,969
2,5340,969,19390
35007,2,19390,7
969,35007,7,2
19390,969,2,1051
7,19390,1051,5
2,7,5,414
1051,2,414,1091
5,1051,1091,23
414,5,23,393
1091,414,393,5
23,1091,5,7086
390,197,316,3
6,390,3,2066
316,6,2066,2
3,316,2,127
2066,3,127,1272
2,2066,1272,410
127,2,410,117
1272,127,117,1025
410,1272,1025,305
117,410,305,13
1025,117,13,596
305,1025,596,21
13,305,21,3
596,13,3,296
21,596,296,9
3,21,9,2000
296,3,2000,1293
9,296,1293,162
2000,9,162,15
1293,2000,15,2
162,1293,2,350
15,162,350,23
2,15,23,11051
350,2,11051,389
23,350,389,4
11051,23,4,15
389,11051,15,10
4,389,10,1720
15,4,1720,38
10,15,38,600
1720,10,600,5
38,1720,5,12276
600,38,12276,19639
5,600,19639,10
12276,5,10,64
19639,12276,64,1041
10,19639,1041,6095
64,10,6095,613
1041,64,613,2
6095,1041,2,410
613,6095,410,162
2,613,162,132
410,2,132,18
162,410,18,2
132,162,2,289
18,132,289,255
2,18,255,805
289,2,805,5
255,289,5,98678
805,255,98678,4
5,805,4,35
98678,5,35,162
4,98678,162,137
35,4,137,964
162,35,964,3065
137,162,3065,3228
964,137,3228,2
3065,964,2,16896
3228,3065,16896,4050
2,3228,4050,162
16896,2,162,15
4050,16896,15,2
162,4050,2,1956
15,162,1956,953
2,15,953,3
1956,2,3,17023
953,1956,17023,2
3,953,2,38
17023,3,38,325
2,17023,325,350
38,2,350,23
325,38,23,2
350,325,2,192
23,350,192,135
2,23,135,9685
192,2,9685,69
135,192,69,369
9685,135,369,20
69,9685,20,153
369,69,153,1064
20,369,1064,3228
153,20,3228,6
1064,153,6,4
3228,1064,4,315
6,3228,315,3
4,6,3,12620
315,4,12620,57
3,315,57,24
12620,3,24,5367
57,12620,5367,79
24,57,79,30850
5367,24,30850,8
79,5367,8,13
30850,79,13,4502
8,30850,4502,521
13,8,521,9005
4502,13,9005,964
521,4502,964,4420
9005,521,4420,10557
964,9005,10557,24
4420,964,24,237
10557,4420,237,52
24,10557,52,476
237,24,476,10
52,237,10,146
476,52,146,89
10,476,89,41
146,10,41,3184
89,146,3184,3
41,89,3,56814
3184,41,56814,135
3,3184,135,114
56814,3,114,1386
135,56814,1386,67
114,135,67,97
1386,114,97,287
67,1386,287,21
97,67,21,10654
287,97,10654,97
21,287,97,4941
10654,21,4941,10923
97,10654,10923,56215
4941,97,56215,6
10923,4941,6,2
56215,10923,2,16222
6,56215,16222,968
2,6,968,6
16222,2,6,197
968,16222,197,10557
6,968,10557,28
197,6,28,6
10557,197,6,2
28,10557,2,304
6,28,304,2296
2,6,2296,75
304,2,75,3002
2296,304,3002,510
75,2296,510,10
3002,75,10,21681
510,3002,21681,2
10,510,2,1684
21681,10,1684,8
2,21681,8,260
1684,2,260,13
8,1684,13,162
260,8,162,106947
13,260,106947,40
162,13,40,828
106947,162,828,17
40,106947,17,282
828,40,282,3
17,828,3,21
282,17,21,18
3,282,18,89
21,3,89,6
18,21,6,237
89,18,237,28
6,89,28,410
237,6,410,135
28,237,135,1584
410,28,1584,2501
135,410,2501,19449
1584,135,19449,2
2501,1584,2,3228
19449,2501,3228,267
2,19449,267,793
3228,2,793,3
267,3228,3,1026
793,267,1026,5
3,793,5,3139
1026,3,3139,12
5,1026,12,13140
3139,5,13140,4
12,3139,4,17162
13140,12,17162,4
4,13140,4,7
17162,4,7,569
4,17162,569,21
7,4,21,507
569,7,507,8
21,569,8,359
507,21,359,5
8,507,5,289
359,8,289,54
5,359,54,7
289,5,7,2111
54,289,2111,9
7,54,9,8524
2111,7,8524,113
9,2111,113,10
8524,9,10,2
113,8524,2,9642
10,113,9642,35
2,10,35,7
9642,2,7,113
35,9642,113,11
7,35,11,7
113,7,7,21
11,113,21,8208
7,11,8208,6
21,7,6,2
8208,21,2,257
6,8208,257,4
2,6,4,7
257,2,7,113
4,257,113,11
7,4,11,13
113,7,13,953
11,113,953,3
13,11,3,392
953,13,392,2
3,953,2,1049
392,3,1049,3393
2,392,3393,289
1049,2,289,52
3393,1049,52,11
289,3393,11,296
52,289,296,11
11,52,11,4046
296,11,4046,10557
11,296,10557,13
4046,11,13,2
10557,4046,2,382
13,10557,382,1741
2,13,1741,12
382,2,12,51
1741,382,51,10
12,1741,10,123
51,12,123,3
10,51,3,192
123,10,192,6
3,123,6,410
192,3,410,11
6,192,11,178
410,6,178,53
11,410,53,16
178,11,16,64
53,178,64,41
16,53,41,904
64,16,904,114
41,64,114,6
904,41,6,35
114,904,35,4
6,114,4,25
35,6,25,162
4,35,162,327
25,4,327,800
162,25,800,2
327,162,2,314
800,327,314,1514
2,800,1514,15
314,2,15,58
1514,314,58,3
15,1514,3,484
58,15,484,56
3,58,56,1704
484,3,1704,16666
56,484,16666,114
1704,56,114,4
16666,1704,4,5426
114,16666,5426,61637
4,114,61637,2524
5426,4,2524,1845
61637,5426,1845,81
2524,61637,81,19
1845,2524,19,395
81,1845,395,10
19,81,10,313
395,19,313,73
10,395,73,50
313,10,50,58
73,313,58,849
50,73,849,11
58,50,11,28
849,58,28,10
11,849,10,21
28,11,21,817
10,28,817,4956
21,10,4956,3
817,21,3,3638
4956,817,3638,33
3,4956,33,415
3638,3,415,2
33,3638,2,58
415,33,58,4
2,415,4,403
58,2,403,76
4,58,76,58
403,4,58,106
76,403,106,9
58,76,9,33
106,58,33,10
9,106,10,21
33,9,21,817
10,33,817,4956
21,10,4956,3
817,21,3,17
4956,817,17,43672
3,4956,43672,12
17,3,12,29396
43672,17,29396,11
12,43672,11,877
29396,12,877,3
11,29396,3,1643
877,11,1643,3228
3,877,3228,19
1643,3,19,320
3228,1643,320,11
19,3228,11,1664
320,19,1664,2031
11,320,2031,765
1664,11,765,6
2031,1664,6,237
765,2031,237,31
6,765,31,230
237,6,230,18
31,237,18,88474
230,31,88474,106
18,230,106,2
88474,18,2,8349
106,88474,8349,6633
2,106,6633,23
8349,2,23,2387
6633,8349,2387,232
23,6633,232,31
2387,23,31,14
232,2387,14,2
31,232,2,1850
14,31,1850,58
2,14,58,61
1850,2,61,168
58,1850,168,286
61,58,286,11
168,61,11,366
286,168,366,11
11,286,11,1521
366,11,1521,256
11,366,256,1495
1521,11,1495,6
256,1521,6,127
1495,256,127,23898
6,1495,23898,177
127,6,177,5
23898,127,5,51
177,23898,51,398
5,177,398,2332
51,5,2332,337
398,51,337,9
2332,398,9,156
337,2332,156,571
9,337,571,385
156,9,385,6
571,156,6,2
385,571,2,296
6,385,296,4
2,6,4,3228
296,2,3228,267
4,296,267,337
3228,4,337,9
267,3228,9,594
337,267,594,10557
9,337,10557,13
594,9,13,2
10557,594,2,136
13,10557,136,6237
2,13,6237,922
136,2,922,223
6237,136,223,135
922,6237,135,289
223,922,289,114
135,223,114,65
289,135,65,3228
114,289,3228,31
65,114,31,146
3228,65,146,2
31,3228,2,173
146,31,173,5
2,146,5,1414
173,2,1414,15
5,173,15,22
1414,5,22,97
15,1414,97,12
22,15,12,531
97,22,531,139
12,97,139,73
531,12,73,4036
139,531,4036,5998
73,139,5998,1150
4036,73,1150,122
5998,4036,122,10
1150,5998,10,3228
122,1150,3228,3097
10,122,3097,3
3228,10,3,1816
3097,3228,1816,4
3,3097,4,4050
1816,3,4050,2812
4,1816,2812,8
4050,4,8,13
2812,4050,13,162
8,2812,162,10802
13,8,10802,12
162,13,12,22
10802,162,22,600
12,10802,600,3887
22,12,3887,95
600,22,95,77
3887,600,77,68
95,3887,68,17
77,95,17,4242
68,77,4242,6
17,68,6,2
4242,17,2,135
6,4242,135,289
2,6,289,52
135,2,52,10557
289,135,10557,50
52,289,50,3
10557,52,3,163
50,10557,163,25049
3,50,25049,40
163,3,40,17
25049,163,17,131
40,25049,131,1066
17,40,1066,52
131,17,52,7
1066,131,7,367
52,1066,367,182
7,52,182,2
367,7,2,289
182,367,289,6
2,182,6,130
289,2,130,290
6,289,290,10557
130,6,10557,5535
290,130,5535,67
10557,290,67,114
5535,10557,114,34
67,5535,34,16868
114,67,16868,74
34,114,74,350
16868,34,350,1683
74,16868,1683,3
350,74,3,106
1683,350,106,9
3,1683,9,22425
106,3,22425,2332
9,106,2332,7
22425,9,7,260
2332,22425,260,21762
7,2332,21762,491
260,7,491,2
21762,260,2,7908
491,21762,7908,3
2,491,3,521
7908,2,521,7267
3,7908,7267,117
521,3,117,2597
7267,521,2597,1422
117,7267,1422,31
2597,117,31,2352
1422,2597,2352,56
31,1422,56,2
2352,31,2,831
56,2352,831,192
2,56,192,6
831,2,6,42
192,831,42,5
6,192,5,88
42,6,88,2598
5,42,2598,68905
88,5,68905,265
2598,88,265,237
68905,2598,237,962
265,68905,962,10557
237,265,10557,28
962,237,28,11
10557,962,11,13
28,10557,13,90
11,28,90,1012
13,11,1012,15
90,13,15,49
1012,90,49,4
15,1012,4,49
49,15,49,69
4,49,69,808
49,4,808,37
69,49,37,20
808,69,20,46994
37,808,46994,7
20,37,7,113
46994,20,113,30
7,46994,30,55
113,7,55,8345
30,113,8345,49
55,30,49,1330
8345,55,1330,21
49,8345,21,86
1330,49,86,6
21,1330,6,1749
86,21,1749,29
6,86,29,6
1749,6,6,2454
29,1749,2454,3083
6,29,3083,839
2454,6,839,11
3083,2454,11,243
839,3083,243,570
11,839,570,11
243,11,11,4046
570,243,4046,1684
11,570,1684,5
4046,11,5,2
1684,4046,2,82794
5,1684,82794,10231
2,5,10231,77
82794,2,77,96
10231,82794,96,148
77,10231,148,831
96,77,831,9
148,96,9,162
831,148,162,2
9,831,2,2118
162,9,2118,5
2,162,5,1179
2118,2,1179,10
5,2118,10,253
1179,5,253,3
10,1179,3,247
253,10,247,2
3,253,2,3608
247,3,3608,520
2,247,520,64876
3608,2,64876,7
520,3608,7,21
64876,520,21,42
7,64876,42,3
21,7,3,25434
42,21,25434,357
3,42,357,11
25434,3,11,370
357,25434,370,1013
11,357,1013,1761
370,11,1761,97
1013,370,97,578
1761,1013,578,3
97,1761,3,9060
578,97,9060,4
3,578,4,866
9060,3,866,2
4,9060,2,69
866,4,69,2
2,866,2,6
69,2,6,791
2,69,791,202
6,2,202,3098
791,6,3098,4
202,791,4,7529
3098,202,7529,2693
4,3098,2693,14136
7529,4,14136,162
2693,7529,162,5147
14136,2693,5147,5
162,14136,5,10557
5147,162,10557,5074
5,5147,5074,97
10557,5,97,600
5074,10557,600,6
97,5074,6,35
600,97,35,16
6,600,16,260
35,6,260,2853
16,35,2853,8
260,16,8,25292
2853,260,25292,829
8,2853,829,5
25292,8,5,22
829,25292,22,7478
5,829,7478,9370
22,5,9370,54
7478,22,54,364
9370,7478,364,1988
54,9370,1988,5
364,54,5,1494
1988,364,1494,51243
5,1988,51243,4
1494,5,4,6792
51243,1494,6792,34
4,51243,34,1113
6792,4,1113,1189
34,6792,1189,1466
1113,34,1466,52
1189,1113,52,10
1466,1189,10,314
52,1466,314,11
10,52,11,718
314,10,718,37
11,314,37,5367
718,11,5367,73440
37,718,73440,7171
5367,37,7171,178
73440,5367,178,370
7171,73440,370,1055
178,7171,1055,16
370,178,16,41
1055,370,41,1632
16,1055,1632,15
41,16,15,22
1632,41,22,520
15,1632,520,139
22,15,139,26
520,22,26,2548
139,520,2548,194
26,139,194,38
2548,26,38,144
194,2548,144,9
38,194,9,22
144,38,22,90545
9,144,90545,2
22,9,2,8963
90545,22,8963,1071
2,90545,1071,10685
8963,2,10685,9252
1071,8963,9252,431
10685,1071,431,168
9252,10685,168,117
431,9252,117,5
168,431,5,1206
117,168,1206,59
5,117,59,410
1206,5,410,514
59,1206,514,10
410,59,10,289
514,410,289,549
10,514,549,3628
289,10,3628,287
549,289,287,334
3628,549,334,60
287,3628,60,72
334,287,72,1610
60,334,1610,153
72,60,153,3
1610,72,3,18859
153,1610,18859,8594
3,153,8594,69
18859,3,69,800
8594,18859,800,4
69,8594,4,1817
800,69,1817,98
4,800,98,1322
1817,4,1322,167
98,1817,167,8
1322,98,8,2867
167,1322,2867,171
8,167,171,289
2867,8,289,10
171,2867,10,2548
289,171,2548,17
10,289,17,2
2548,10,2,8631
17,2548,8631,2598
