314,326,341,12
1901,314,12,8
341,1901,8,26
12,341,26,697
8,12,697,267
26,8,267,3
697,26,3,142
267,697,142,2478
3,267,2478,1076
142,3,1076,54
2478,142,54,13
1076,2478,13,1910
54,1076,1910,3116
13,54,3116,3
1910,13,3,144
3116,1910,144,71
3,3116,71,2000
144,3,2000,640
71,144,640,22
2000,71,22,4037
640,2000,4037,3
22,640,3,996
4037,22,996,40405
3,4037,40405,4
996,3,4,1063
40405,996,1063,2401
4,40405,2401,11598
1063,4,11598,2420
2401,1063,2420,56
11598,2401,56,107
2420,11598,107,8
56,2420,8,996
107,56,996,1317
8,107,1317,4
996,8,4,69
1317,996,69,77
4,1317,77,2465
69,4,2465,6624
77,69,6624,2158
2465,77,2158,8
6624,2465,8,69
2158,6624,69,77
8,2158,77,336
69,8,336,320
77,69,320,5
336,77,5,5278
320,336,5278,812
5,320,812,15
5278,5,15,2478
812,5278,2478,46
15,812,46,211
2478,15,211,62
46,2478,62,136
211,46,136,26
62,211,26,230
136,62,230,17
26,136,17,1095
230,26,1095,3
17,230,3,276
1095,17,276,69
3,1095,69,158
276,3,158,77
69,276,77,21
158,69,21,3955
77,158,3955,468
21,77,468,996
3955,21,996,1317
468,3955,1317,62
996,468,62,136
1317,996,136,3
62,1317,3,706
136,62,706,9
3,136,9,11
706,3,11,1751
9,706,1751,29
11,9,29,26
1751,11,26,77
29,1751,77,44
26,29,44,271
77,26,271,73
44,77,73,812
271,44,812,2
73,271,2,179
812,73,179,6
2,812,6,554
179,2,554,427
6,179,427,4
554,6,4,13
427,554,13,47
4,427,47,2
13,4,2,1927
47,13,1927,2635
2,47,2635,7
1927,2,7,113
2635,1927,113,11
7,2635,11,100
113,7,100,17
11,113,17,1095
100,11,1095,3
17,100,3,25
1095,17,25,776
3,1095,776,678
25,3,678,9
776,25,9,2478
678,776,2478,11
9,678,11,32158
2478,9,32158,68
11,2478,68,295
32158,11,295,2
68,32158,2,1486
295,68,1486,24
2,295,24,190
1486,2,190,996
24,1486,996,1317
190,24,1317,1817
996,190,1817,433
1317,996,433,186
1817,1317,186,19
433,1817,19,49
186,433,49,2081
19,186,2081,562
49,19,562,4943
2081,49,4943,54
562,2081,54,2915
4943,562,2915,995
54,4943,995,15
2915,54,15,69
995,2915,69,12
15,995,12,941
69,15,941,654
12,69,654,470
941,12,470,1255
654,941,1255,5
470,654,5,4
1255,470,4,5489
5,1255,5489,1448
4,5,1448,9
5489,4,9,51607
1448,5489,51607,812
9,1448,812,382
51607,9,382,151
812,51607,151,50
382,812,50,465
151,382,465,2442
50,151,2442,2
465,50,2,1034
2442,465,1034,5
2,2442,5,2
1034,2,2,3838
5,1034,3838,60267
2,5,60267,44
3838,2,44,126
60267,3838,126,32
44,60267,32,2204
126,44,2204,4177
32,126,4177,6
2204,32,6,237
4177,2204,237,1270
6,4177,1270,2819
237,6,2819,5259
1270,237,5259,6996
2819,1270,6996,295
5259,2819,295,4
6996,5259,4,125
295,6996,125,24
4,295,24,2
125,4,2,197
24,125,197,2240
2,24,2240,400
197,2,400,9
2240,197,9,2478
400,2240,2478,1076
9,400,1076,297
2478,9,297,31
1076,2478,31,1872
297,1076,1872,491
31,297,491,2
1872,31,2,1435
491,1872,1435,437
2,491,437,9
1435,2,9,78
437,1435,78,32
9,437,32,10736
78,9,10736,184
32,78,184,2
10736,32,2,519
184,10736,519,6996
2,184,6996,6500
519,2,6500,3
6996,519,3,885
6500,6996,885,103
3,6500,103,205
885,3,205,394
103,885,394,6996
205,103,6996,726
394,205,726,2478
6996,394,2478,81357
726,6996,81357,14
2478,726,14,6554
81357,2478,6554,3
14,81357,3,3731
6554,14,3731,372
3,6554,372,812
3731,3,812,3
372,3731,3,144
812,372,144,161
3,812,161,69
144,3,69,4
161,144,4,2478
69,161,2478,2
4,69,2,11
2478,4,11,3248
2,2478,3248,231
11,2,231,133
3248,11,133,125
231,3248,125,62
133,231,62,75
125,133,75,2
62,125,2,1413
75,62,1413,3
2,75,3,4
1413,2,4,3158
3,1413,3158,6
4,3,6,1258
3158,4,1258,885
6,3158,885,425
1258,6,425,142
885,1258,142,8
425,885,8,6996
142,425,6996,14
8,142,14,1095
6996,8,1095,3
14,6996,3,276
1095,14,276,4011
3,1095,4011,1977
276,3,1977,3
4011,276,3,2
1977,4011,2,1617
3,1977,1617,1749
2,3,1749,369
1617,2,369,175
1749,1617,175,32
369,1749,32,69
175,369,69,4
32,175,4,135
69,32,135,20480
4,69,20480,7
135,4,7,68
20480,135,68,1080
7,20480,1080,3
68,7,3,1657
1080,68,1657,83
3,1080,83,12
1657,3,12,22
83,1657,22,2478
12,83,2478,144
22,12,144,2
2478,22,2,149
144,2478,149,885
2,144,885,44975
149,2,44975,256
885,149,256,411
44975,885,411,150
256,44975,150,1435
411,256,1435,437
150,411,437,5065
1435,150,5065,17982
437,1435,17982,92860
5065,437,92860,22
17982,5065,22,519
92860,17982,519,15
22,92860,15,4271
519,22,4271,54341
15,519,54341,125
4271,15,125,62
54341,4271,62,8
125,54341,8,32
62,125,32,619
8,62,619,50
32,8,50,7746
619,32,7746,1065
50,619,1065,12
7746,50,12,9071
1065,7746,9071,61
12,1065,61,144
9071,12,144,5
61,9071,5,1147
144,61,1147,637
5,144,637,46
1147,5,46,2
637,1147,2,333
46,637,333,5
2,46,5,1481
333,2,1481,4
5,333,4,585
1481,5,585,925
4,1481,925,46
585,4,46,4
925,585,4,465
46,925,465,19195
4,46,19195,74
465,4,74,62
19195,465,62,3
74,19195,3,319
62,74,319,81
3,62,81,12
319,3,12,979
81,319,979,1865
12,81,1865,3619
979,12,3619,105
1865,979,105,22085
3619,1865,22085,1063
105,3619,1063,75
22085,105,75,4328
1063,22085,4328,2
75,1063,2,2191
4328,75,2191,5
2,4328,5,372
2191,2,372,521
5,2191,521,812
372,5,812,669
521,372,669,188
812,521,188,871
669,812,871,4374
188,669,4374,11776
871,188,11776,383
4374,871,383,8
11776,4374,8,2
383,11776,2,217
8,383,217,5
2,8,5,67
217,2,67,542
5,217,542,46
67,5,46,211
542,67,211,427
46,542,427,909
211,46,909,414
427,211,414,637
909,427,637,46
414,909,46,697
637,414,697,32
46,637,32,3
697,46,3,142
32,697,142,1635
3,32,1635,1147
142,3,1147,431
1635,142,431,9
1147,1635,9,69
431,1147,69,3
9,431,3,459
69,9,459,1699
3,69,1699,104705
459,3,104705,30
1699,459,30,25
104705,1699,25,271
30,104705,271,3362
25,30,3362,3
271,25,3,144
3362,271,144,315
3,3362,315,261
144,3,261,541
315,144,541,56
261,315,56,9
541,261,9,2
56,541,2,217
9,56,217,11
2,9,11,46427
217,2,46427,205
11,217,205,394
46427,11,394,32
205,46427,32,7900
394,205,7900,1002
32,394,1002,3792
7900,32,3792,59
1002,7900,59,11
3792,1002,11,228
59,3792,228,6
11,59,6,3
228,11,3,2
6,228,2,440
3,6,440,5
2,3,5,21777
440,2,21777,639
5,440,639,1222
21777,5,1222,81
639,21777,81,1056
1222,639,1056,33
81,1222,33,9
1056,81,9,6119
33,1056,6119,6
9,33,6,401
6119,9,401,3
6,6119,3,93
401,6,93,8
3,401,8,852
93,3,852,965
8,93,965,46
852,8,46,3683
965,852,3683,865
46,965,865,5
3683,46,5,4497
865,3683,4497,2
5,865,2,1169
4497,5,1169,678
2,4497,678,9
1169,2,9,1699
678,1169,1699,104707
9,678,104707,63
1699,9,63,3703
104707,1699,3703,13188
63,104707,13188,3172
3703,63,3172,10148
13188,3703,10148,198
3172,13188,198,2
10148,3172,2,383
198,10148,383,3
2,198,3,885
383,2,885,15
3,383,15,1073
885,3,1073,368
15,885,368,10
1073,15,10,43763
368,1073,43763,1492
10,368,1492,231
43763,10,231,695
1492,43763,695,4
231,1492,4,88
695,231,88,1487
4,695,1487,686
88,4,686,195
1487,88,195,13
686,1487,13,2551
195,686,2551,8329
13,195,8329,83
2551,13,83,38
8329,2551,38,322
83,8329,322,11
38,83,11,481
322,38,481,1197
11,322,1197,8
481,11,8,2630
1197,481,2630,6
8,1197,6,968
2630,8,968,14
6,2630,14,11
968,6,11,12
14,968,12,67
11,14,67,72089
12,11,72089,411
67,12,411,1396
72089,67,1396,59
411,72089,59,2
1396,411,2,2001
59,1396,2001,6500
2,59,6500,49
2001,2,49,383
6500,2001,383,403
49,6500,403,33
383,49,33,336
403,383,336,15
33,403,15,71104
336,33,71104,158
15,336,158,28
71104,15,28,3172
158,71104,3172,125
28,158,125,14
3172,28,14,1876
125,3172,1876,3
14,125,3,144
1876,14,144,32
3,1876,32,13
144,3,13,1407
32,144,1407,9
13,32,9,400
1407,13,400,907
9,1407,907,12
400,9,12,2
907,400,2,2784
12,907,2784,5
2,12,5,139
2784,2,139,1197
5,2784,1197,8
139,5,8,232
1197,139,232,5
8,1197,5,637
232,8,637,18
5,232,18,1047
637,5,1047,80
18,637,80,41
1047,18,41,4573
80,1047,4573,19
41,80,19,49
4573,41,49,1401
19,4573,1401,2
49,19,2,85
1401,49,85,13
2,1401,13,2511
85,2,2511,55893
13,85,55893,848
2511,13,848,5
55893,2511,5,28240
848,55893,28240,1064
5,848,1064,32
28240,5,32,31
1064,28240,31,13
32,1064,13,170
31,32,170,1188
13,31,1188,144
170,13,144,9
1188,170,9,2
144,1188,2,1699
9,144,1699,965
2,9,965,637
1699,2,637,1928
965,1699,1928,3712
637,965,3712,169
1928,637,169,3
3712,1928,3,2478
169,3712,2478,4
3,169,4,7
2478,3,7,749
4,2478,749,793
7,4,793,5
749,7,5,169
793,749,169,12
5,793,12,4
169,5,4,679
12,169,679,662
4,12,662,315
679,4,315,3
662,679,3,484
315,662,484,56
3,315,56,114
484,3,114,6
56,484,6,2370
114,56,2370,97589
6,114,97589,626
2370,6,626,1017
97589,2370,1017,32
626,97589,32,68
1017,626,68,2513
32,1017,2513,4811
68,32,4811,6
2513,68,6,15
4811,2513,15,1281
6,4811,1281,4
15,6,4,2235
1281,15,2235,125
4,1281,125,71071
2235,4,71071,2173
125,2235,2173,3079
71071,125,3079,14
2173,71071,14,7130
3079,2173,7130,2
14,3079,2,9335
7130,14,9335,29349
2,7130,29349,553
9335,2,553,31
29349,9335,31,9250
553,29349,9250,354
31,553,354,37
9250,31,37,62
354,9250,62,3
37,354,3,922
62,37,922,3
3,62,3,1499
922,3,1499,4
3,922,4,1048
1499,3,1048,43394
4,1499,43394,27
1048,4,27,607
43394,1048,607,1501
27,43394,1501,602
607,27,602,2
1501,607,2,3522
602,1501,3522,4
2,602,4,717
3522,2,717,5307
4,3522,5307,6
717,4,6,22
5307,717,22,381
6,5307,381,3076
22,6,3076,22
381,22,22,296
3076,381,296,9
22,3076,9,63
296,22,63,7130
9,296,7130,7361
63,9,7361,69
7130,63,69,3
7361,7130,3,1406
69,7361,1406,41
3,69,41,6335
1406,3,6335,11
41,1406,11,956
6335,41,956,32
11,6335,32,619
956,11,619,3
32,956,3,251
619,32,251,117
3,619,117,494
251,3,494,145
117,251,145,5865
494,117,5865,12
145,494,12,209
5865,145,209,8
12,5865,8,11
209,12,11,13
8,209,13,996
11,8,996,1317
13,11,1317,1791
996,13,1791,73
1317,996,73,32
1791,1317,32,4
73,1791,4,11
32,73,11,1397
4,32,1397,159
11,4,159,269
1397,11,269,5
159,1397,5,35
269,159,35,3
5,269,3,12117
35,5,12117,1313
3,35,1313,24
12117,3,24,71
1313,12117,71,12
24,1313,12,74218
71,24,74218,55
12,71,55,1529
74218,12,1529,17
55,74218,17,42
1529,55,42,635
17,1529,635,3580
42,17,3580,63
635,42,63,11
3580,635,11,481
63,3580,481,6
11,63,6,860
481,11,860,1197
6,481,1197,8
860,6,8,11
1197,860,11,121
8,1197,121,628
11,8,628,1680
121,11,1680,102
628,121,102,6478
1680,628,6478,4
102,1680,4,4942
6478,102,4942,13338
4,6478,13338,43
4942,4,43,1559
13338,4942,1559,3
43,13338,3,546
1559,43,546,214
3,1559,214,476
546,3,476,765
214,546,765,112
476,214,112,654
765,476,654,468
112,765,468,33
654,112,33,1048
468,654,1048,543
33,468,543,7
1048,33,7,2808
543,1048,2808,100178
7,543,100178,7
2808,7,7,21
100178,2808,21,2
7,100178,2,3246
21,7,3246,36
2,21,36,731
3246,2,731,20073
36,3246,20073,7
731,36,7,2
20073,731,2,410
7,20073,410,42
2,7,42,11
410,2,11,453
42,410,453,40762
11,42,40762,78582
453,11,78582,62
40762,453,62,7
78582,40762,7,55
62,78582,55,248
7,62,248,19925
55,7,19925,235
248,55,235,66
19925,248,66,59
235,19925,59,32
66,235,32,2649
59,66,2649,49
32,59,49,374
2649,32,374,345
49,2649,345,74
374,49,74,145
345,374,145,6
74,345,6,647
145,74,647,1225
6,145,1225,7130
647,6,7130,326
1225,647,326,885
7130,1225,885,4401
326,7130,4401,4
885,326,4,1396
4401,885,1396,2
4,4401,2,17196
1396,4,17196,80380
2,1396,80380,4
17196,2,4,7
80380,17196,7,16
4,80380,16,25
7,4,25,131
16,7,131,1681
25,16,1681,5516
131,25,5516,4
1681,131,4,615
5516,1681,615,845
4,5516,845,3
615,4,3,218
845,615,218,1330
3,845,1330,11
218,3,11,481
1330,218,481,9510
11,1330,9510,4
481,11,4,65839
9510,481,65839,33
4,9510,33,9
65839,4,9,395
33,65839,395,10
9,33,10,451
395,9,451,4401
10,395,4401,41639
451,10,41639,7
4401,451,7,42
41639,4401,42,8
7,41639,8,146
42,7,146,10
8,42,10,505
146,8,505,15
10,146,15,33
505,10,33,756
15,505,756,4
33,15,4,112
756,33,112,504
4,756,504,19
112,4,19,49
504,112,49,210
19,504,210,7130
49,19,7130,2430
210,49,2430,1056
7130,210,1056,33
2430,7130,33,9
1056,2430,9,254
33,1056,254,51
9,33,51,33
254,9,33,28
51,254,28,37
33,51,37,43
28,33,43,29
37,28,29,30
43,37,30,219
29,43,219,72
30,29,72,12
219,30,12,89287
72,219,89287,4
12,72,4,544
89287,12,544,1421
4,89287,1421,5
544,4,5,20
1421,544,20,460
5,1421,460,15885
20,5,15885,2206
460,20,2206,3
15885,460,3,500
2206,15885,500,872
3,2206,872,5
500,3,5,29691
872,500,29691,1835
5,872,1835,3714
29691,5,3714,5053
1835,29691,5053,5053
3714,1835,5053,872
5053,3714,872,7
5053,5053,7,2666
55,33,12680,16846
1132,55,16846,6499
12680,1132,6499,9902
16846,12680,9902,2796
6499,16846,2796,4
9902,6499,4,80
2796,9902,80,780
4,2796,780,24
80,4,24,14749
780,80,14749,1115
24,780,1115,25
14749,24,25,353
1115,14749,353,15362
25,1115,15362,678
353,25,678,206
15362,353,206,21
678,15362,21,52745
206,678,52745,176
21,206,176,216
52745,21,216,745
176,52745,745,31
216,176,31,84
745,216,84,296
31,745,296,22
84,31,22,83
296,84,83,3487
22,296,3487,2940
83,22,2940,4
3487,83,4,9138
2940,3487,9138,402
4,2940,402,15362
9138,4,15362,5
402,9138,5,12794
15362,402,12794,862
5,15362,862,13
12794,5,13,103
862,12794,103,5
13,862,5,22
103,13,22,31161
5,103,31161,14749
22,5,14749,1115
31161,22,1115,23
14749,31161,23,22
1115,14749,22,556
23,1115,556,419
22,23,419,1793
556,22,1793,1115
419,556,1115,54
1793,419,54,1852
1115,1793,1852,557
54,1115,557,207
1852,54,207,11184
557,1852,11184,5
207,557,5,3045
11184,207,3045,24
5,11184,24,3
3045,5,3,16
24,3045,16,377
3,24,377,2
16,3,2,23854
377,16,23854,402
2,377,402,4
23854,2,4,15362
402,23854,15362,28
4,402,28,57
15362,4,57,1793
28,15362,1793,14
57,28,14,22
1793,57,22,29799
14,1793,29799,18
22,14,18,1793
29799,22,1793,6196
18,29799,6196,61
1793,18,61,23
6196,1793,23,130
61,6196,130,1224
23,61,1224,3687
130,23,3687,81
1224,130,81,15362
3687,1224,15362,134
81,3687,134,4868
15362,81,4868,7
134,15362,7,18
4868,134,18,566
7,4868,566,1793
18,7,1793,17989
566,18,17989,23
1793,566,23,1067
17989,1793,1067,3687
23,17989,3687,104
1067,23,104,79242
3687,1067,79242,31
104,3687,31,83
79242,104,83,2072
31,79242,2072,10160
83,31,10160,5300
2072,83,5300,2
10160,2072,2,1314
5300,10160,1314,3566
2,5300,3566,5
1314,2,5,3487
3566,1314,3487,28
5,3566,28,11
3487,5,11,295
28,3487,295,354
11,28,354,103
295,11,103,66
354,295,66,404
103,354,404,59
66,103,59,3045
404,66,3045,4341
59,404,4341,231
3045,59,231,226
4341,3045,226,274
231,4341,274,232
226,231,232,5
274,226,5,13543
232,274,13543,3711
5,232,3711,2692
13543,5,2692,5984
3711,13543,5984,1793
2692,3711,1793,2160
5984,2692,2160,3
1793,5984,3,1132
2160,1793,1132,84295
3,2160,84295,1701
1132,3,1701,3595
84295,1132,3595,23
1701,84295,23,88
3595,1701,88,643
23,3595,643,93612
88,23,93612,15362
643,88,15362,331
93612,643,331,556
15362,93612,556,702
331,15362,702,9691
556,331,9691,80021
702,556,80021,52
9691,702,52,156
80021,9691,156,2
52,80021,2,1115
156,52,1115,40
2,156,40,17
1115,2,17,605
40,1115,605,134
17,40,134,156
605,17,156,2
134,605,2,1771
156,134,1771,77
2,156,77,17
1771,2,17,1838
77,1771,1838,12145
17,77,12145,15362
1838,17,15362,2913
12145,1838,2913,2
15362,12145,2,14749
2913,15362,14749,1115
2,2913,1115,4
14749,2,4,13
1115,14749,13,76
4,1115,76,8283
13,4,8283,146
76,13,146,3
8283,76,3,10
146,8283,10,1724
3,146,1724,10
10,3,10,3
1724,10,3,1205
10,1724,1205,1457
3,10,1457,200
1205,3,200,4
1457,1205,4,1223
200,1457,1223,708
4,200,708,4
1223,4,4,3
708,1223,3,29053
4,708,29053,4
3,4,4,9250
29053,3,9250,3153
4,29053,3153,5
9250,4,5,4421
3153,9250,4421,19506
5,3153,19506,5984
4421,5,5984,27684
19506,4421,27684,11
5984,19506,11,678
27684,5984,678,11
11,27684,11,757
678,11,757,37
11,678,37,12
757,11,12,99
37,757,99,14749
12,37,14749,1115
99,12,1115,11
14749,99,11,84
1115,14749,84,13
11,1115,13,103
84,11,103,5
13,84,5,81
103,13,81,23
5,103,23,1793
81,5,1793,4
23,81,4,2
1793,23,2,667
4,1793,667,990
2,4,990,3
667,2,3,17
990,667,17,62347
3,990,62347,1115
17,3,1115,1852
62347,17,1852,161
1115,62347,161,4826
1852,1115,4826,4
161,1852,4,2692
4826,161,2692,3487
4,4826,3487,54
