139,1769,16,261
30,139,261,4211
16,30,4211,12
261,16,12,210
4211,261,210,5
12,4211,5,8424
210,12,8424,174
5,210,174,4
8424,5,4,5
174,8424,5,1888
4,174,1888,2422
5,4,2422,1669
1888,5,1669,511
2422,1888,511,65
1669,2422,65,11585
511,1669,11585,286
65,511,286,76
11585,65,76,1211
286,11585,1211,5733
76,286,5733,5
1211,76,5,21648
5733,1211,21648,22
5,5733,22,1042
21648,5,1042,9
22,21648,9,8424
1042,22,8424,551
9,1042,551,303
8424,9,303,89
551,8424,89,102
303,551,102,22412
89,303,22412,20
102,89,20,7
22412,102,7,2
20,22412,2,10
7,20,10,121
2,7,121,17
10,2,17,22
121,10,22,13777
17,121,13777,35429
22,17,35429,4
13777,22,4,14908
35429,13777,14908,40
4,35429,40,17
14908,4,17,2
40,14908,2,14694
17,40,14694,9
2,17,9,25632
14694,2,25632,84
9,14694,84,41214
25632,9,41214,586
84,25632,586,61
41214,84,61,2
586,41214,2,58
61,586,58,18556
2,61,18556,6
58,2,6,10
18556,58,10,88
6,18556,88,11357
10,6,11357,1733
88,10,1733,38
11357,88,38,5223
1733,11357,5223,7719
38,1733,7719,3
5223,38,3,14985
7719,5223,14985,8415
3,7719,8415,4
14985,3,4,2862
8415,14985,2862,89569
4,8415,89569,156
2862,4,156,1144
89569,2862,1144,1090
156,89569,1090,2843
1144,156,2843,5
1090,1144,5,1277
2843,1090,1277,37761
5,2843,37761,2244
1277,5,2244,926
37761,1277,926,4
2244,37761,4,1061
926,2244,1061,8
4,926,8,629
1061,4,629,12
8,1061,12,101
629,8,101,29
12,629,29,68
101,12,68,12
29,101,12,1602
68,29,1602,1817
12,68,1817,274
1602,12,274,469
1817,1602,469,23106
274,1817,23106,3
469,274,3,38
23106,469,38,5136
3,23106,5136,40242
38,3,40242,2
5136,38,2,2072
40242,5136,2072,5
2,40242,5,18040
2072,2,18040,5733
5,2072,5733,5487
18040,5,5487,5651
5733,18040,5651,474
5487,5733,474,22
5651,5487,22,83
474,5651,83,578
22,474,578,11
83,22,11,18798
578,83,18798,7491
11,578,7491,4
18798,11,4,19928
7491,18798,19928,3
4,7491,3,1774
19928,4,1774,1291
3,19928,1291,2
1774,3,2,147
1291,1774,147,10783
2,1291,10783,10703
147,2,10703,5
10783,147,5,22
10703,10783,22,384
5,10703,384,7
22,5,7,21
384,22,21,4587
7,384,4587,586
21,7,586,3
4587,21,3,10703
586,4587,10703,82356
3,586,82356,4
10703,3,4,11
82356,10703,11,465
4,82356,465,11892
11,4,11892,6461
465,11,6461,24
11892,465,24,5651
6461,11892,5651,6
24,6461,6,950
5651,24,950,5
6,5651,5,4180
950,6,4180,1277
5,950,1277,36
4180,5,36,6461
1277,4180,6461,3594
36,1277,3594,59
6461,36,59,2406
3594,6461,2406,166
59,3594,166,5573
2406,59,5573,11
166,2406,11,14
5573,166,14,3758
11,5573,3758,3
14,11,3,1205
3758,14,1205,222
3,3758,222,3879
1205,3,3879,11391
222,1205,11391,3
3879,222,3,251
11391,3879,251,491
3,11391,491,4
251,3,4,22152
491,251,22152,11
4,491,11,370
22152,4,370,481
11,22152,481,8
370,11,8,4582
481,370,4582,8988
8,481,8988,3
4582,8,3,2153
8988,4582,2153,4
3,8988,4,3356
2153,3,3356,55
4,2153,55,2769
3356,4,2769,79
55,3356,79,2422
2769,55,2422,29748
79,2769,29748,4
2422,79,4,1493
29748,2422,1493,19714
4,29748,19714,2
1493,4,2,59
19714,1493,59,222
2,19714,222,551
59,2,551,877
222,59,877,3
551,222,3,234
877,551,234,61
3,877,61,24
234,3,24,7491
61,234,7491,87
24,61,87,315
7491,24,315,3
87,7491,3,459
315,87,459,38
3,315,38,573
459,3,573,4
38,459,4,6134
573,38,6134,7
4,573,7,196
6134,4,196,306
7,6134,306,25
196,7,25,11
306,196,11,768
25,306,768,124
11,25,124,12
768,11,12,717
124,768,717,10
12,124,10,3130
717,12,3130,554
10,717,554,4
3130,10,4,399
554,3130,399,577
4,554,577,4
399,4,4,1232
577,399,1232,7064
4,577,7064,5
1232,4,5,6927
7064,1232,6927,2782
5,7064,2782,286
6927,5,286,1548
2782,6927,1548,1461
286,2782,1461,89
1548,286,89,2
1461,1548,2,2
89,1461,2,359
2,89,359,5
2,2,5,3023
359,2,3023,11
5,359,11,2257
3023,5,2257,38
11,3023,38,478
2257,11,478,3
38,2257,3,15022
478,38,15022,35
3,478,35,3
15022,3,3,10065
35,15022,10065,48
3,35,48,166
10065,3,166,179
48,10065,179,2
166,48,2,88
179,166,88,3805
2,179,3805,359
88,2,359,5
3805,88,5,103617
359,3805,103617,6
5,359,6,2
103617,5,2,185
6,103617,185,15
2,6,15,3040
185,2,3040,457
15,185,457,12
3040,15,12,2844
457,3040,2844,368
12,457,368,11
2844,12,11,621
368,2844,621,8
11,368,8,1548
621,11,1548,423
8,621,423,7
1548,8,7,7599
423,1548,7599,19
7,423,19,2
7599,7,2,359
19,7599,359,5
2,19,5,31165
359,2,31165,8
5,359,8,7
31165,5,7,551
8,31165,551,11675
7,8,11675,15
551,7,15,338
11675,551,338,290
15,11675,290,11
338,15,11,230
290,338,230,44
11,290,44,183
230,11,183,5
44,230,5,22
183,44,22,1651
5,183,1651,7908
22,5,7908,12
1651,22,12,9364
7908,1651,9364,4
12,7908,4,150
9364,12,150,503
4,9364,503,31
150,4,31,19544
503,150,19544,38
31,503,38,21378
19544,31,21378,5
38,19544,5,15459
21378,38,15459,3
5,21378,3,42
15459,5,42,889
3,15459,889,21616
42,3,21616,26
889,42,26,17469
21616,889,17469,25
26,21616,25,136
17469,26,136,1173
25,17469,1173,4
136,25,4,7309
1173,136,7309,17134
4,1173,17134,412
492,202,388,48
13,492,48,5
388,13,5,10
48,388,10,94
5,48,94,21
10,5,21,2113
94,10,2113,3767
21,94,3767,29
2113,21,29,3944
3767,2113,3944,9451
29,3767,9451,19
3944,29,19,4
9451,3944,4,3505
19,9451,3505,3672
4,19,3672,6018
3505,4,6018,650
3672,3505,650,1246
6018,3672,1246,96
650,6018,96,89
1246,650,89,1173
96,1246,1173,73
89,96,73,2
1173,89,2,4196
73,1173,4196,16143
2,73,16143,5
4196,2,5,33511
16143,4196,33511,14518
5,16143,14518,4
33511,5,4,575
14518,33511,575,104869
4,14518,104869,2
575,4,2,234
104869,575,234,23
2,104869,23,209
234,2,209,5
23,234,5,70
209,23,70,288
5,209,288,290
70,5,290,835
288,70,835,8
290,288,8,18891
835,290,18891,18
8,835,18,516
18891,8,516,26
18,18891,26,219
516,18,219,2539
26,516,2539,5
219,26,5,118
2539,219,118,1596
5,2539,1596,9
118,5,9,963
1596,118,963,54
9,1596,54,920
963,9,920,206
54,963,206,202
920,54,202,492
206,920,492,12132
202,206,12132,3453
492,202,3453,37
12132,492,37,778
3453,12132,778,5
37,3453,5,924
778,37,924,7
5,778,7,64
924,5,64,752
7,924,752,377
64,7,377,100727
752,64,100727,1661
377,752,1661,3776
100727,377,3776,101
1661,100727,101,904
3776,1661,904,5
101,3776,5,246
904,101,246,97
5,904,97,13
246,5,13,547
97,246,547,3
13,97,3,58
547,13,58,114
3,547,114,74
58,3,74,268
114,58,268,66
74,114,66,274
268,74,274,904
66,268,904,5
274,66,5,97
904,274,97,7
5,904,7,228
97,5,228,162
7,97,162,801
228,7,801,73
162,228,73,20
801,162,20,515
73,801,515,27504
20,73,27504,6
515,20,6,568
27504,515,568,1019
6,27504,1019,75
568,6,75,108
1019,568,108,124
75,1019,124,293
108,75,293,4
124,108,4,854
293,124,854,5
4,293,5,852
854,4,852,1881
5,854,1881,2918
852,5,2918,29
1881,852,29,170
2918,1881,170,140
29,2918,140,196
170,29,196,136
140,170,136,92
196,140,92,1323
136,196,1323,196
92,136,196,90
1323,92,90,1111
196,1323,1111,4
90,196,4,4
1111,90,4,7351
4,1111,7351,4911
4,4,4911,2626
7351,4,2626,213
4911,7351,213,8
2626,4911,8,13
213,2626,13,146
8,213,146,95
13,8,95,45
146,13,45,80
95,146,80,38436
45,95,38436,65
80,45,65,26
38436,80,26,50
65,38436,50,126
26,65,126,18
50,26,18,1984
126,50,1984,3
18,126,3,959
1984,18,959,70
3,1984,70,31035
959,3,31035,7
70,959,7,206
31035,70,206,2653
7,31035,2653,70
206,7,70,5873
2653,206,5873,400
70,2653,400,4
5873,70,4,3676
400,5873,3676,119
4,400,119,45
3676,4,45,18
119,3676,18,493
45,119,493,641
18,45,641,8
493,18,8,25
641,493,25,1861
8,641,1861,4412
25,8,4412,26
1861,25,26,121
4412,1861,121,18
26,4412,18,495
121,26,495,9
18,121,9,48
495,18,48,38
9,495,38,490
48,9,490,179
38,48,179,52
490,38,52,21
179,490,21,9
52,179,9,92
21,52,92,6837
9,21,6837,30
92,9,30,40
6837,92,40,18
30,6837,18,2
40,30,2,8515
18,40,8515,515
2,18,515,72
8515,2,72,73
515,8515,73,42
72,515,42,30
73,72,30,4496
42,73,4496,142
30,42,142,6
4496,30,6,201
142,4496,201,547
6,142,547,49574
201,6,49574,20
547,201,20,7
49574,547,7,2
20,49574,2,6808
7,20,6808,659
2,7,659,2
6808,2,2,2
659,6808,2,7588
2,659,7588,23
2,2,23,1441
7588,2,1441,288
23,7588,288,352
1441,23,352,5
288,1441,5,157
352,288,157,170
5,352,170,3958
157,5,3958,6
170,157,6,51
3958,170,51,663
6,3958,663,48
51,6,48,678
663,51,678,18
48,663,18,47
678,48,47,6692
18,678,6692,3
47,18,3,2924
6692,47,2924,22145
3,6692,22145,85917
2924,3,85917,7
22145,2924,7,2
85917,22145,2,5460
7,85917,5460,15568
2,7,15568,133
5460,2,133,270
15568,5460,270,65
133,15568,65,10
270,133,10,14
65,270,14,8616
10,65,8616,66
14,10,66,404
8616,14,404,4173
66,8616,4173,12
404,66,12,2
4173,404,2,40672
12,4173,40672,1631
2,12,1631,133
40672,2,133,1549
1631,40672,1549,13
133,1631,13,443
1549,133,443,239
13,1549,239,41
443,13,41,74
239,443,74,268
41,239,268,378
74,41,378,568
268,74,568,65
378,268,65,10
568,378,10,7
65,568,7,6
10,65,6,6465
7,10,6465,66
6,7,66,1019
6465,6,1019,75
66,6465,75,108
1019,66,108,124
75,1019,124,37503
108,75,37503,16
124,108,16,217
37503,124,217,175
16,37503,175,4
217,16,4,1161
175,217,1161,8569
4,175,8569,2890
1161,4,2890,6
8569,1161,6,43
2890,8569,43,2166
6,2890,2166,24
43,6,24,3
2166,43,3,6780
24,2166,6780,8
3,24,8,7
6780,3,7,4
8,6780,4,4435
7,8,4435,4390
4,7,4390,29
4435,4,29,10
4390,4435,10,5846
29,4390,5846,6
10,29,6,2834
5846,10,2834,3
6,5846,3,51
2834,6,51,13
3,2834,13,721
51,3,721,170
13,51,170,6
721,13,6,1161
170,721,1161,8569
6,170,8569,2890
1161,6,2890,14
8569,1161,14,210
2890,8569,210,462
14,2890,462,912
210,14,912,1657
462,210,1657,51
912,462,51,10
1657,912,10,14
51,1657,14,6
10,51,6,6780
14,10,6780,6
6,14,6,461
6780,6,461,5
6,6780,5,288
461,6,288,4445
5,461,4445,133
288,5,133,7
4445,288,7,1944
133,4445,1944,2
7,133,2,1419
1944,7,1419,1161
2,1944,1161,417
1419,2,417,84
1161,1419,84,2
417,1161,2,10
84,417,10,14
2,84,14,98809
10,2,98809,13
14,10,13,48
98809,14,48,20
13,98809,20,246
48,13,246,1126
20,48,1126,661
246,20,661,1023
1126,246,1023,3
661,1126,3,2346
1023,661,2346,580
3,1023,580,31
2346,3,31,299
580,2346,299,37
31,580,37,536
299,31,536,288
37,299,288,924
536,37,924,36
288,536,36,1720
924,288,1720,2140
36,924,2140,932
1720,36,932,2623
2140,1720,2623,935
932,2140,935,5
2623,932,5,1932
935,2623,1932,5
5,935,5,70
1932,5,70,2623
5,1932,2623,14
70,5,14,6
2623,70,6,4
14,2623,4,548
6,14,548,6
4,6,6,6780
548,4,6780,6
6,548,6,57
6780,6,57,357
6,6780,357,727
57,6,727,684
357,57,684,13
727,357,13,1968
684,727,1968,1615
13,684,1615,1216
1968,13,1216,5
1615,1968,5,3072
1216,1615,3072,1814
5,1216,1814,670
3072,5,670,5
1814,3072,5,150
670,1814,150,1549
5,670,1549,8
150,5,8,70
1549,150,70,515
8,1549,515,13
70,8,13,2448
515,70,2448,74
13,515,74,268
2448,13,268,8616
74,2448,8616,107389
268,74,107389,6
8616,268,6,634
107389,8616,634,8
6,107389,8,20
634,6,20,151
8,634,151,364
20,8,364,1403
151,20,1403,727
364,151,727,5
1403,364,5,226
727,1403,226,311
5,727,311,674
226,5,674,19
311,226,19,207
674,311,207,854
19,674,854,2391
207,19,2391,5
854,207,5,8
2391,854,8,4425
5,2391,4425,1404
8,5,1404,74
4425,8,74,20
1404,4425,20,183
74,1404,183,60
20,74,60,932
183,20,932,2623
60,183,2623,935
932,60,935,5
2623,932,5,172
935,2623,172,566
5,935,566,129
172,5,129,5
566,172,5,70
129,566,70,2623
5,129,2623,88
70,5,88,5
2623,70,5,232
88,2623,232,5
5,88,5,20
232,5,20,151
5,232,151,40
20,5,40,21
151,20,21,5
40,151,5,376
21,40,376,803
5,21,803,586
376,5,586,1419
803,376,1419,329
586,803,329,1074
1419,586,1074,177
329,1419,177,5
1074,329,5,1441
177,1074,1441,20540
5,177,20540,13
1441,5,13,1126
20540,1441,1126,24
13,20540,24,3
1126,13,3,6780
24,1126,6780,2
3,24,2,9
6780,3,9,245
2,6780,245,1419
9,2,1419,217
245,9,217,16
1419,245,16,1519
217,1419,1519,5090
16,217,5090,6
1519,16,6,2924
5090,1519,2924,22145
6,5090,22145,670
2924,6,670,2623
22145,2924,2623,935
670,22145,935,5
2623,670,5,172
935,2623,172,1737
5,935,1737,226
172,5,226,6464
1737,172,6464,2623
226,1737,2623,443
6464,226,443,19
2623,6464,19,37
443,2623,37,63087
19,443,63087,24
37,19,24,186
63087,37,186,65
24,63087,65,169
186,24,169,3
65,186,3,41
169,65,41,65
3,169,65,169
41,3,169,1161
65,41,1161,66
169,65,66,5
1161,169,5,376
66,1161,376,76
5,66,76,5
376,5,5,27
76,376,27,922
5,76,922,7
27,5,7,292
922,27,292,12
7,922,12,22
292,7,22,3097
12,292,3097,3
22,12,3,4000
3097,22,4000,1775
3,3097,1775,4
4000,3,4,8540
1775,4000,8540,122
4,1775,122,876
8540,4,876,3
122,8540,3,288
876,122,288,10781
3,876,10781,5
288,3,5,119
10781,288,119,311
5,10781,311,4
119,5,4,400
311,119,400,674
4,311,674,114
400,4,114,29
674,400,29,492
114,674,492,629
29,114,629,16
492,29,16,395
629,492,395,2
16,629,2,273
395,16,273,1437
2,395,1437,59
273,2,59,26
1437,273,26,5792
59,1437,5792,2145
26,59,2145,3
5792,26,3,54
2145,5792,54,27
3,2145,27,519
54,3,519,82
27,54,82,4200
519,27,4200,4
82,519,4,8566
4200,82,8566,2
4,4200,2,10
8566,4,10,7
2,8566,7,46
10,2,46,8
7,10,8,70
46,7,70,50
8,46,50,1653
70,8,1653,29
50,70,29,16
1653,50,16,84
29,1653,84,3369
16,29,3369,4213
84,16,4213,15
3369,84,15,1441
4213,3369,1441,290
15,4213,290,576
1441,15,576,5
290,1441,5,25
576,290,25,90
5,576,90,45
25,5,45,104
90,25,104,45
45,90,45,16
104,45,16,1758
45,104,1758,37
16,45,37,51
1758,16,51,13
37,1758,13,721
51,37,721,3
13,51,3,81
721,13,81,4
3,721,4,38
81,3,38,1320
4,81,1320,4
38,4,4,613
1320,38,613,1758
4,1320,1758,37
613,4,37,3186
1758,613,3186,627
37,1758,627,5
3186,37,5,2
627,3186,2,58
5,627,58,97
2,5,97,8
58,2,8,7
97,58,7,296
8,97,296,9
7,8,9,462
296,7,462,3239
9,296,3239,685
462,9,685,5
3239,462,5,1419
685,3239,1419,727
5,685,727,5
1419,5,5,157
727,1419,157,8
5,727,8,93
157,5,93,525
8,157,525,12
93,8,12,36
525,93,36,36
12,525,36,1161
36,12,1161,66
36,36,66,115
1161,36,115,299
66,1161,299,37
115,66,37,2390
299,115,2390,1035
37,299,1035,1113
2390,37,1113,1111
1035,2390,1111,36
1113,1035,36,502
1111,1113,502,2900
36,1111,2900,5
502,36,5,1662
2900,502,1662,436
5,2900,436,54
1662,5,54,260
436,1662,260,6094
54,436,6094,99
260,54,99,169
6094,260,169,5
99,6094,5,2
169,99,2,2408
5,169,2408,903
2,5,903,1549
2408,2,1549,4
903,2408,4,10
1549,903,10,7
4,1549,7,3814
10,4,3814,37
7,10,37,8839
3814,7,8839,338
37,3814,338,214
8839,37,214,4
338,8839,4,2775
214,338,2775,536
4,214,536,3
2775,4,3,2902
536,2775,2902,48
3,536,48,104
2902,3,104,148
48,2902,148,16
104,48,16,4552
148,104,4552,753
16,148,753,5
4552,16,5,58
753,4552,58,812
5,753,812,674
58,5,674,9
812,58,9,8616
674,812,8616,66
9,674,66,202
8616,9,202,13
66,8616,13,1315
202,66,1315,3
13,202,3,3399
1315,13,3399,938
3,1315,938,124
3399,3,124,139
938,3399,139,4
124,938,4,1217
139,124,1217,4
4,139,4,2225
1217,4,2225,32933
4,1217,32933,3
2225,4,3,2365
32933,2225,2365,24
3,32933,24,10
2365,3,10,292
24,2365,292,103
10,24,103,209
292,10,209,6405
103,292,6405,58
209,103,58,97
6405,209,97,830
58,6405,830,3
97,58,3,789
830,97,789,288
3,830,288,385
789,3,385,5
288,789,5,8
385,288,8,674
5,385,674,4
8,5,4,95
674,8,95,385
4,674,385,25
95,4,25,340
385,95,340,6154
25,385,6154,15
340,25,15,288
6154,340,288,385
15,6154,385,5
288,15,5,311
385,288,311,4
5,385,4,3309
311,5,3309,70
4,311,70,80
3309,4,80,52
70,3309,52,26
80,70,26,505
52,80,505,3
26,52,3,17
505,26,17,119
3,505,119,4
17,3,4,9195
119,17,9195,222
4,119,222,8
9195,4,8,10
222,9195,10,365
8,222,365,2
10,8,2,12088
365,10,12088,36232
2,365,36232,24244
12088,2,24244,738
36232,12088,738,1014
24244,36232,1014,883
738,24244,883,3
1014,738,3,628
883,1014,628,20
3,883,20,699
628,3,699,6
20,628,6,156
699,20,156,2
6,699,2,107
