4133,258,1712,466
4084,4133,466,168
1712,4084,168,1063
466,1712,1063,119
168,466,119,111
1063,168,111,1680
119,1063,1680,2923
111,119,2923,167
1680,111,167,4
2923,1680,4,28
167,2923,28,143
4,167,143,35
28,4,35,14
143,28,14,1930
35,143,1930,2432
14,35,2432,3
1930,14,3,7332
2432,1930,7332,28805
3,2432,28805,2372
7332,3,2372,67
28805,7332,67,1037
2372,28805,1037,6321
67,2372,6321,3
1037,67,3,907
6321,1037,907,4
3,6321,4,552
907,3,552,42
4,907,42,5
552,4,5,48
42,552,48,95
5,42,95,489
48,5,489,6
95,48,6,20
489,95,20,8234
6,489,8234,167
20,6,167,54
8234,20,54,1454
167,8234,1454,364
54,167,364,2377
1454,54,2377,5
364,1454,5,751
2377,364,751,545
5,2377,545,119
751,5,119,111
545,751,111,1007
119,545,1007,2600
111,119,2600,2569
1007,111,2569,28
2600,1007,28,6
2569,2600,6,2
28,2569,2,97479
6,28,97479,176
2,6,176,1266
97479,2,1266,2
176,97479,2,14178
1266,176,14178,9
2,1266,9,4547
14178,2,4547,30037
9,14178,30037,68
4547,9,68,508
30037,4547,508,2
68,30037,2,102177
508,68,102177,4
2,508,4,66641
102177,2,66641,31
4,102177,31,26
66641,4,26,1211
31,66641,1211,943
26,31,943,48957
1211,26,48957,31
943,1211,31,50
48957,943,50,458
31,48957,458,3
50,31,3,1949
458,50,1949,28
3,458,28,3923
1949,3,3923,6563
28,1949,6563,393
3923,28,393,1858
6563,3923,1858,198
393,6563,198,2487
1858,393,2487,4
198,1858,4,643
2487,198,643,45
4,2487,45,12
643,4,12,2884
45,643,2884,72
12,45,72,75
2884,12,75,353
72,2884,353,556
75,72,556,99538
353,75,99538,5
556,353,5,43
99538,556,43,50
5,99538,50,10448
43,5,10448,59
50,43,59,1146
10448,50,1146,721
59,10448,721,28
1146,59,28,6739
721,1146,6739,102175
28,721,102175,2
6739,28,2,545
102175,6739,545,23
2,102175,23,393
545,2,393,30
23,545,30,485
393,23,485,1973
30,393,1973,5118
485,30,5118,4
1973,485,4,2793
5118,1973,2793,207
4,5118,207,417
2793,4,417,866
207,2793,866,9
417,207,9,2313
866,417,2313,290
9,866,290,2
2313,9,2,30
290,2313,30,893
2,290,893,3923
30,2,3923,363
893,30,363,545
3923,893,545,50
363,3923,50,350
545,363,350,35105
50,545,35105,14
350,50,14,1601
35105,350,1601,3
14,35105,3,248
1601,14,248,43
3,1601,43,23
248,3,23,60
43,248,60,5
23,43,5,167
60,23,167,11
5,60,11,28
167,5,28,176
11,167,176,379
28,11,379,365
176,28,365,41
379,176,41,65
365,379,65,4
41,365,4,509
65,41,509,3
4,65,3,1452
509,4,1452,23
3,509,23,54193
1452,3,54193,20867
23,1452,20867,15207
54193,23,15207,956
20867,54193,956,7332
15207,20867,7332,3
956,15207,3,942
7332,956,942,3506
3,7332,3506,20
942,3,20,7
3506,942,7,2
20,3506,2,532
7,20,532,9
2,7,9,597
532,2,597,1075
9,532,1075,133
597,9,133,3
1075,597,3,17
133,1075,17,7527
3,133,7527,2
17,3,2,30
7527,17,30,218
2,7527,218,3
30,2,3,3273
218,30,3273,4
3,218,4,1287
3273,3,1287,67
4,3273,67,2006
1287,4,2006,11
67,1287,11,45951
2006,67,45951,2317
11,2006,2317,2662
45951,11,2662,257
2317,45951,257,5
2662,2317,5,176
257,2662,176,3
5,257,3,4646
176,5,4646,2785
3,176,2785,5
4646,3,5,4182
2785,4646,4182,9
5,2785,9,4394
4182,5,4394,176
9,4182,176,34554
4394,9,34554,18
176,4394,18,2503
34554,176,2503,9342
18,34554,9342,91
2503,18,91,3
9342,2503,3,4341
91,9342,4341,5
3,91,5,214
4341,3,214,2549
5,4341,2549,11
214,5,11,28
2549,214,28,4394
11,2549,4394,2720
28,11,2720,147
4394,28,147,1385
2720,4394,1385,379
147,2720,379,4
1385,147,4,7
379,1385,7,34
4,379,34,21
7,4,21,319
34,7,319,226
21,34,226,104816
319,21,104816,545
226,319,545,2262
104816,226,2262,24
545,104816,24,393
2262,545,393,2373
24,2262,2373,23
393,24,23,2
2373,393,2,215
23,2373,215,1085
2,23,1085,746
215,2,746,12077
1085,215,12077,46259
746,1085,46259,1173
12077,746,1173,5
46259,12077,5,5118
1173,46259,5118,14
5,1173,14,48
5118,5,48,74
14,5118,74,46
48,14,46,30
74,48,30,77
46,74,77,468
30,46,468,51
77,30,51,14
468,77,14,101
51,468,101,1524
14,51,1524,3
101,14,3,155
1524,101,155,3
3,1524,3,17
155,3,17,1106
3,155,1106,28
17,3,28,4374
1106,17,4374,30133
28,1106,30133,2
4374,28,2,35200
30133,4374,35200,545
2,30133,545,30
35200,2,30,13
545,35200,13,3
30,545,3,322
13,30,322,3923
3,13,3923,46
322,3,46,26
3923,322,26,350
46,3923,350,363
26,46,363,45
350,26,45,2
363,350,2,30
45,363,30,1949
2,45,1949,455
30,2,455,66756
1949,30,66756,50
455,1949,50,4278
66756,455,4278,3
50,66756,3,2
4278,50,2,1572
3,4278,1572,4
2,3,4,95
1572,2,95,7431
4,1572,7431,2261
95,4,2261,50
7431,95,50,32627
2261,7431,32627,3
50,2261,3,1035
32627,50,1035,82938
3,32627,82938,14
1035,3,14,21
82938,1035,21,23
14,82938,23,1182
21,14,1182,59
23,21,59,1146
1182,23,1146,1959
59,1182,1959,29
1146,59,29,363
1959,1146,363,545
29,1959,545,951
363,29,951,180
545,363,180,5159
951,545,5159,74
180,951,74,167
5159,180,167,28
74,5159,28,75148
167,74,75148,76867
28,167,76867,2321
75148,28,2321,5
76867,75148,5,545
2321,76867,545,59
5,2321,59,7
545,5,7,630
59,545,630,791
7,59,791,81
630,7,81,142
791,630,142,38
81,791,38,951
142,81,951,50
38,142,50,198
951,38,198,10
50,951,10,131
198,50,131,74804
10,198,74804,67308
131,10,67308,43
74804,131,43,1896
67308,74804,1896,3
43,67308,3,4394
1896,43,4394,28
3,1896,28,143
4394,3,143,35
28,4394,35,1680
143,28,1680,4027
35,143,4027,23664
1680,35,23664,2372
4027,1680,2372,67
23664,4027,67,6699
2372,23664,6699,6321
67,2372,6321,3
6699,67,3,48
6321,6699,48,31
3,6321,31,18
48,3,18,47
31,48,47,3042
18,31,3042,11
47,18,11,28
3042,47,28,6
11,3042,6,2
28,11,2,304
6,28,304,167
2,6,167,370
304,2,370,285
167,304,285,3440
370,167,3440,147
285,370,147,9
3440,285,9,48
147,3440,48,426
9,147,426,4
48,9,4,1320
426,48,1320,3
4,426,3,143
1320,4,143,6
3,1320,6,315
143,3,315,3
6,143,3,1669
315,6,1669,1311
3,315,1311,28477
1669,3,28477,1137
1311,1669,1137,154
28477,1311,154,6
1137,28477,6,1665
154,1137,1665,5
6,154,5,4
1665,6,4,625
5,1665,625,181
4,5,181,139
625,4,139,128
181,625,128,153
139,181,153,19
128,139,19,214
153,128,214,158
19,153,158,1259
214,19,1259,8
158,214,8,13491
1259,158,13491,14
8,1259,14,1678
13491,8,1678,4
14,13491,4,167
1678,14,167,12
4,1678,12,372
167,4,372,1182
12,167,1182,6
372,12,6,5042
1182,372,5042,9
6,1182,9,7332
5042,6,7332,215
9,5042,215,297
7332,9,297,6
215,7332,6,5979
297,215,5979,2
6,297,2,177
5979,6,177,5
2,5979,5,4
177,2,4,1241
5,177,1241,637
4,5,637,1908
1241,4,1908,102
637,1241,102,67998
1908,637,67998,13
102,1908,13,1328
67998,102,1328,56
13,67998,56,363
1328,13,363,167
56,1328,167,6
363,56,6,12077
167,363,12077,4
6,167,4,409
12077,6,409,4394
4,12077,4394,6
409,4,6,268
4394,409,268,281
6,4394,281,66
268,6,66,211
281,268,211,4
66,281,4,167
211,66,167,6
4,211,6,23
167,4,23,21008
6,167,21008,5493
23,6,5493,503
21008,23,503,6
5493,21008,6,10635
503,5493,10635,8
6,503,8,274
10635,6,274,45
8,10635,45,550
274,8,550,4
45,274,4,57
550,45,57,12
4,550,12,3009
57,4,3009,6
12,57,6,39296
3009,12,39296,2
6,3009,2,7010
39296,6,7010,312
2,39296,312,6
7010,2,6,59530
312,7010,59530,214
6,312,214,1459
59530,6,1459,44303
214,59530,44303,9032
1459,214,9032,28
44303,1459,28,1146
9032,44303,1146,2891
28,9032,2891,62
1146,28,62,92
2891,1146,92,13
62,2891,13,784
92,62,784,3
13,92,3,2078
784,13,2078,61
3,784,61,214
2078,3,214,6
61,2078,6,8404
214,61,8404,92
6,214,92,13
8404,6,13,21
92,8404,21,1410
13,92,1410,476
21,13,476,24
1410,21,24,21008
476,1410,21008,167
24,476,167,11
21008,24,11,28
167,21008,28,62
11,167,62,25
28,11,25,33
62,28,33,609
25,62,609,430
33,25,430,3
609,33,3,123
430,609,123,545
3,430,545,2236
123,3,2236,9
545,123,9,41
2236,545,41,509
9,2236,509,7
41,9,7,113
509,41,113,67
7,509,67,214
113,7,214,163
67,113,163,147
214,67,147,3
163,214,3,1346
147,163,1346,24
3,147,24,268
138,7901,27,7
1672,138,7,39
27,1672,39,3162
7,27,3162,5
39,7,5,143
3162,39,143,35
5,3162,35,286
143,5,286,2
35,143,2,2
286,35,2,281
2,286,281,284
2,2,284,132
281,2,132,165
284,281,165,17
132,284,17,2155
165,132,2155,27
17,165,27,13
2155,17,13,1692
27,2155,1692,15359
13,27,15359,529
1692,13,529,2370
15359,1692,2370,35
529,15359,35,5
2370,529,5,742
35,2370,742,410
5,35,410,452
742,5,452,4
410,742,4,464
452,410,464,673
4,452,673,1812
464,4,1812,2123
673,464,2123,4
1812,673,4,6
2123,1812,6,2
4,2123,2,160
6,4,160,21
2,6,21,388
160,2,388,6
21,160,6,41
388,21,41,65
6,388,65,2
41,6,2,1207
65,41,1207,11
2,65,11,13
1207,2,13,1940
11,1207,1940,1331
13,11,1331,1338
1940,13,1338,4
1331,1940,4,106099
1338,1331,106099,4
4,1338,4,1338
106099,4,1338,18
4,106099,18,21
1338,4,21,106
18,1338,106,9
21,18,9,2
106,21,2,58
9,106,58,127
2,9,127,94
58,2,94,170
127,58,170,4
94,127,4,1267
170,94,1267,170
4,170,170,107
1267,4,107,142
170,1267,142,6
107,170,6,10
142,107,10,477
6,142,477,68
10,6,68,8
477,10,8,35
68,477,35,162
8,68,162,486
35,8,486,50
162,35,50,149
486,162,149,4
50,486,4,1519
149,50,1519,6
4,149,6,3153
1519,4,3153,9
6,1519,9,81
3153,6,81,156
9,3153,156,2
81,9,2,3227
156,81,3227,3138
2,156,3138,4
3227,2,4,1117
3138,3227,1117,18
4,3138,18,3735
1117,4,3735,1668
18,1117,1668,15
3735,18,15,86
1668,3735,86,43431
15,1668,43431,36
86,15,36,131
43431,86,131,6025
36,43431,6025,1381
131,36,1381,775
6025,131,775,847
1381,6025,847,5
775,1381,5,3138
847,775,3138,2
5,847,2,35
3138,5,35,54
2,3138,54,1159
35,2,1159,10
54,35,10,906
1159,54,906,106
10,1159,106,525
906,10,525,15
106,906,15,4753
525,106,4753,13
15,525,13,47
4753,15,47,228
13,4753,228,9
47,13,9,58
228,47,58,9
9,228,9,99
58,9,99,60
9,58,60,6
99,9,6,557
60,99,557,66
6,60,66,128
557,6,128,60
66,557,60,98
128,66,98,3138
60,128,3138,847
98,60,847,106
3138,98,106,9
847,3138,9,2
106,847,2,202
9,106,202,127
2,9,127,94
202,2,94,14
127,202,14,59
94,127,59,575
14,94,575,2187
59,14,2187,978
575,59,978,189
2187,575,189,1940
978,2187,1940,48
189,978,48,378
1940,189,378,906
48,1940,906,106
378,48,106,98859
906,378,98859,196
106,906,196,27285
98859,106,27285,521
196,98859,521,35
27285,196,35,18
521,27285,18,388
35,521,388,851
18,35,851,1912
388,18,1912,9
851,388,9,27
1912,851,27,9
9,1912,9,482
27,9,482,1415
9,27,1415,25
482,9,25,239
1415,482,239,62
25,1415,62,8
239,25,8,76
62,239,76,5
8,62,5,114
76,8,114,6
5,76,6,3998
114,5,3998,4
6,114,4,3942
3998,6,3942,1374
4,3998,1374,35
3942,4,35,15
1374,3942,15,80
35,1374,80,41
15,35,41,521
80,15,521,152
41,80,152,2137
521,41,2137,65
152,521,65,226
2137,152,226,1750
65,2137,1750,18
226,65,18,5980
1750,226,5980,9
18,1750,9,1116
5980,18,1116,830
9,5980,830,4
1116,9,4,9232
830,1116,9232,58
4,830,58,94
9232,4,94,38
58,9232,38,106
94,58,106,1292
38,94,1292,7
106,38,7,21
1292,106,21,160
7,1292,160,906
21,7,906,645
160,21,645,1963
906,160,1963,29
645,906,29,10
1963,645,10,7
29,1963,7,21983
10,29,21983,3
7,10,3,116
21983,7,116,8
3,21983,8,80
116,3,80,6
8,116,6,1070
80,8,1070,5
6,80,5,521
1070,6,521,3074
5,1070,3074,2117
521,5,2117,5
3074,521,5,45
2117,3074,45,16
5,2117,16,1681
45,5,1681,3
16,45,3,144
1681,16,144,27
3,1681,27,20
144,3,20,7
27,144,7,640
20,27,640,81
7,20,81,1451
640,7,1451,4001
81,640,4001,4979
1451,81,4979,4
4001,1451,4,465
4979,4001,465,362
4,4979,362,581
465,4,581,52
362,465,52,26
581,362,26,96
52,581,96,38
26,52,38,384
96,26,384,13952
38,96,13952,3692
384,38,3692,94
13952,384,94,13
3692,13952,13,3767
94,3692,3767,41
13,94,41,576
3767,13,576,58
41,3767,58,3098
576,41,3098,4
58,576,4,84
3098,58,84,78
4,3098,78,32
84,4,32,88
78,84,88,61247
32,78,61247,94
88,32,94,6
61247,88,6,108
94,61247,108,105
6,94,105,29035
108,6,29035,1904
105,108,1904,284
29035,105,284,18
1904,29035,18,1407
284,1904,1407,2117
18,284,2117,5
1407,18,5,27
2117,1407,27,114
5,2117,114,6
27,5,6,415
114,27,415,4
6,114,4,1668
415,6,1668,35
4,415,35,4286
1668,4,4286,18
35,1668,18,47
4286,35,47,163
18,4286,163,3
47,18,3,319
163,47,319,38
3,163,38,1252
319,3,1252,3478
38,319,3478,152
1252,38,152,12897
3478,1252,12897,9
152,3478,9,7091
12897,152,7091,384
9,12897,384,4
7091,9,4,1030
384,7091,1030,13
4,384,13,47
1030,4,47,3538
13,1030,3538,6273
47,13,6273,4
3538,47,4,2513
6273,3538,2513,5163
4,6273,5163,19
2513,4,19,372
5163,2513,372,703
19,5163,703,882
372,19,882,797
703,372,797,156
882,703,156,2
797,882,2,5205
156,797,5205,12816
2,156,12816,3432
5205,2,3432,5295
12816,5205,5295,4345
3432,12816,4345,4138
5295,3432,4138,8268
4345,5295,8268,31872
4138,4345,31872,4
8268,4138,4,8383
31872,8268,8383,16768
4,31872,16768,18
8383,4,18,47
16768,8383,47,1693
18,16768,1693,11578
47,18,11578,15
1693,47,15,161
11578,1693,161,1054
15,11578,1054,4
161,15,4,32
1054,161,32,69
4,1054,69,52
32,4,52,33
69,32,33,178
52,69,178,8
33,52,8,104
178,33,104,103
8,178,103,151
104,8,151,16
103,104,16,340
151,103,340,1321
16,151,1321,20
340,16,20,86
1321,340,86,443
20,1321,443,18160
86,20,18160,6
443,86,6,54
18160,443,54,18132
6,18160,18132,7093
54,6,7093,27
18132,54,27,592
7093,18132,592,147
27,7093,147,3
592,27,3,17
147,592,17,69412
3,147,69412,329
17,3,329,21
69412,17,21,1966
329,69412,1966,265
21,329,265,4
1966,21,4,111
265,1966,111,237
4,265,237,75
111,4,75,205
237,111,205,5
75,237,5,17449
205,75,17449,202
5,205,202,21589
17449,5,21589,7372
202,17449,7372,3
21589,202,3,12117
7372,21589,12117,586
3,7372,586,24
12117,3,24,27
586,12117,27,138
24,586,138,13
27,24,13,165
138,27,165,1328
13,138,1328,81
165,13,81,3
1328,165,3,592
81,1328,592,6
3,81,6,161
592,3,161,111
6,592,111,5
161,6,5,233
111,161,233,119
5,111,119,111
233,5,111,265
119,233,265,4
111,119,4,111
265,111,111,5
4,265,5,1102
111,4,1102,16
5,111,16,48
1102,5,48,6
16,1102,6,58
48,16,58,435
6,48,435,375
58,6,375,23
435,58,23,275
375,435,275,111
23,375,111,3903
275,23,3903,55
111,275,55,33
3903,111,33,35
55,3903,35,131
33,55,131,27075
35,33,27075,2551
131,35,2551,5
27075,131,5,521
2551,27075,521,4
5,2551,4,9756
521,5,9756,107546
4,521,107546,921
9756,4,921,8916
107546,9756,8916,385
921,107546,385,21
8916,921,21,86
385,8916,86,1232
21,385,1232,78
86,21,78,29
1232,86,29,7
78,1232,7,622
29,78,622,26
7,29,26,77
622,7,77,3
26,622,3,4843
77,26,4843,27
3,77,27,811
4843,3,811,10
27,4843,10,68802
811,27,68802,33
10,811,33,137
68802,10,137,128
33,68802,128,372
137,33,372,78
128,137,78,32
372,128,32,1691
78,372,1691,54157
32,78,54157,19876
1691,32,19876,582
54157,1691,582,223
19876,54157,223,81
582,19876,81,1220
223,582,1220,13083
81,223,13083,21306
1220,81,21306,3513
13083,1220,3513,7692
21306,13083,7692,5156
3513,21306,5156,16365
7692,3513,16365,2286
5156,7692,2286,18440
16365,5156,18440,4
2286,16365,4,10299
18440,2286,10299,2526
4,18440,2526,48
10299,4,48,1915
2526,10299,1915,79
48,2526,79,32
1915,48,32,2734
79,1915,2734,149
32,79,149,126
2734,32,126,38
149,2734,38,764
126,149,764,1510
38,126,1510,9
764,38,9,49
1510,764,49,24372
9,1510,24372,580
49,9,580,31
24372,49,31,13
580,24372,13,17027
31,580,17027,3
13,31,3,144
17027,13,144,138
3,17027,138,27
144,3,27,80
138,144,80,2237
27,138,2237,58
80,27,58,31
2237,80,31,5102
58,2237,5102,27
31,58,27,73
5102,31,73,8368
27,5102,8368,19476
73,27,19476,50
8368,73,50,1511
19476,8368,1511,19
50,19476,19,3316
1511,50,3316,9756
19,1511,9756,156
3316,19,156,2
9756,3316,2,1208
156,9756,1208,19647
2,156,19647,75
1208,2,75,26
19647,1208,26,1443
75,19647,1443,208
26,75,208,27
1443,26,27,2384
208,1443,2384,2
27,208,2,52
2384,27,52,26
2,2384,26,50
52,2,50,1130
26,52,1130,23441
50,26,23441,3316
1130,50,3316,10049
23441,1130,10049,13
3316,23441,13,47
10049,3316,47,10352
13,10049,10352,9
47,13,9,205
10352,47,205,2464
9,10352,2464,8
205,9,8,2129
2464,205,2129,940
8,2464,940,470
2129,8,470,6
940,2129,6,21
470,940,21,72
6,470,72,1709
21,6,1709,883
72,21,883,29
