2,146,3,383
173,2,383,8
3,173,8,19341
383,3,19341,14
8,383,14,21
19341,8,21,732
14,19341,732,3
21,14,3,194
732,21,194,24993
3,732,24993,241
194,3,241,5417
24993,194,5417,60
241,24993,60,82
5417,241,82,11
60,5417,11,72
82,60,72,653
11,82,653,732
72,11,732,33939
653,72,33939,863
732,653,863,6906
33939,732,6906,3
863,33939,3,2453
6906,863,2453,8
3,6906,8,194
2453,3,194,7
8,2453,7,4
194,8,4,555
7,194,555,42
4,7,42,6945
555,4,6945,481
647,6,481,1569
30,647,1569,37
481,30,37,1913
1569,481,1913,132
37,1569,132,1671
1913,37,1671,112
132,1913,112,1332
1671,132,1332,30
112,1671,30,3192
1332,112,3192,12040
30,1332,12040,39
3192,30,39,1676
12040,3192,1676,37
39,12040,37,595
1676,39,595,4424
37,1676,4424,960
595,37,960,3
4424,595,3,2
960,4424,2,1913
3,960,1913,4906
2,3,4906,677
1913,2,677,1302
4906,1913,1302,5
677,4906,5,95
1302,677,95,2895
5,1302,2895,1694
95,5,1694,152
2895,95,152,1564
1694,2895,1564,48
152,1694,48,95
1564,152,95,1676
48,1564,1676,364
95,48,364,13870
1676,95,13870,334
364,1676,334,357
13870,364,357,132
334,13870,132,1034
357,334,1034,50
132,357,50,3057
1034,132,3057,3091
50,1034,3091,15
3057,50,15,76
3091,3057,76,5039
15,3091,5039,20
76,15,20,36
5039,76,36,8
20,5039,8,755
36,20,755,31
8,36,31,14
755,8,14,5016
31,755,5016,9
14,31,9,654
5016,14,654,715
9,5016,715,36
654,9,36,3727
715,654,3727,9
36,715,9,76
3727,36,76,3610
9,3727,3610,36
76,9,36,5085
3610,76,5085,12483
36,3610,12483,6
5085,36,6,860
12483,5085,860,30
6,12483,30,453
860,6,453,1913
30,860,1913,3616
453,30,3616,115
1913,453,115,21
3616,1913,21,434
115,3616,434,1591
21,115,1591,4201
434,21,4201,794
1591,434,794,10
4201,1591,10,584
794,4201,584,115
10,794,115,39
584,10,39,718
115,584,718,654
39,115,654,277
718,39,277,51
654,718,51,76
277,654,76,45
51,277,45,6
76,51,6,3383
45,76,3383,13
6,45,13,2519
3383,6,2519,24
13,3383,24,131
2519,13,131,483
24,2519,483,5
131,24,5,503
483,131,503,4
5,483,4,5791
503,5,5791,8650
4,503,8650,1504
5791,4,1504,3190
8650,5791,3190,6
1504,8650,6,29975
3190,1504,29975,187
6,3190,187,6
29975,6,6,3383
187,29975,3383,1395
6,187,1395,6
3383,6,6,1913
1395,3383,1913,3042
6,1395,3042,418
1913,6,418,6
3042,1913,6,3383
418,3042,3383,1093
6,418,1093,56
3383,6,56,8
1093,3383,8,280
56,1093,280,434
8,56,434,5
280,8,5,2409
434,280,2409,443
5,434,443,5648
2409,5,5648,6
443,2409,6,818
5648,443,818,14
6,5648,14,584
818,6,584,10916
14,818,10916,11816
584,14,11816,91
10916,584,91,3
11816,10916,3,959
91,11816,959,10976
3,91,10976,25208
959,3,25208,6
10976,959,6,2999
25208,10976,2999,538
6,25208,538,8186
2999,6,8186,1395
538,2999,1395,383
8186,538,383,8
1395,8186,8,418
383,1395,418,5
8,383,5,4549
418,8,4549,3383
5,418,3383,8
4549,5,8,13
3383,4549,13,2343
8,3383,2343,1832
13,8,1832,217
2343,13,217,5
1832,2343,5,5648
217,1832,5648,187
5,217,187,2642
5648,5,2642,15
187,5648,15,418
2642,187,418,120
15,2642,120,11816
418,15,11816,7
120,418,7,453
11816,120,453,3
7,11816,3,2999
453,7,2999,538
3,453,538,6
2999,3,6,4
538,2999,4,315
6,538,315,3
4,6,3,1669
315,4,1669,44016
3,315,44016,7205
1669,3,7205,11816
44016,1669,11816,7
7205,44016,7,425
11816,7205,425,3
7,11816,3,434
425,7,434,20198
3,425,20198,6
434,3,6,10976
20198,434,10976,25208
6,20198,25208,4
10976,6,4,13
25208,10976,13,47
4,25208,47,453
13,4,453,3
47,13,3,2999
453,47,2999,538
3,453,538,6
2999,3,6,818
538,2999,818,9
6,538,9,268
818,6,268,205
9,818,205,11816
268,9,11816,7
205,268,7,981
11816,205,981,19
7,11816,19,2
981,7,2,23199
19,981,23199,1914
2,19,1914,4
23199,2,4,344
1914,23199,344,3512
4,1914,3512,5374
344,4,5374,2192
3512,344,2192,10
5374,3512,10,14
2192,5374,14,1541
10,2192,1541,11879
14,10,11879,8
1541,14,8,39
11879,1541,39,249
8,11879,249,60
39,8,60,4
249,39,4,57
60,249,57,228
4,60,228,8186
57,4,8186,1395
228,57,1395,181
8186,228,181,2
1395,8186,2,1807
181,1395,1807,1741
2,181,1741,4
1807,2,4,31604
1741,1807,31604,56
4,1741,56,76
31604,4,76,755
56,31604,755,3
76,56,3,12505
755,76,12505,10
3,755,10,29
12505,3,29,1100
10,12505,1100,23
29,10,23,39
1100,29,39,2747
23,1100,2747,1703
39,23,1703,213
2747,39,213,1288
1703,2747,1288,68
213,1703,68,10080
1288,213,10080,11816
68,1288,11816,7101
10080,68,7101,26
11816,10080,26,277
7101,11816,277,41265
26,7101,41265,7
277,26,7,4
41265,277,4,17819
7,41265,17819,5
4,7,5,7193
17819,4,7193,6343
5,17819,6343,54
7193,5,54,12013
6343,7193,12013,6
54,6343,6,13849
12013,54,13849,3
6,12013,3,4015
13849,6,4015,9497
3,13849,9497,211
4015,3,211,41698
9497,4015,41698,5667
211,9497,5667,2
41698,211,2,2817
5667,41698,2817,2
2,5667,2,39072
2817,2,39072,15
2,2817,15,54
39072,2,54,10
15,39072,10,13
54,15,13,34988
10,54,34988,4
13,10,4,650
34988,13,650,2785
4,34988,2785,171
650,4,171,974
2785,650,974,434
171,2785,434,5648
974,171,5648,109
434,974,109,303
5648,434,303,5
109,5648,5,11816
303,109,11816,19
5,303,19,3566
11816,5,3566,23199
19,11816,23199,1801
3566,19,1801,1299
23199,3566,1299,2
1801,23199,2,947
1299,1801,947,64
2,1299,64,416
947,2,416,9
64,947,9,13690
416,64,13690,8903
9,416,8903,340
13690,9,340,277
8903,13690,277,76
340,8903,76,416
277,340,416,9
76,277,9,156
416,76,156,4
9,416,4,660
156,9,660,211
4,156,211,762
660,4,762,1332
211,660,1332,687
762,211,687,4
1332,762,4,33072
687,1332,33072,46
4,687,46,9045
33072,4,9045,4743
46,33072,4743,5
9045,46,5,32429
4743,9045,32429,12462
5,4743,12462,4303
32429,5,4303,46
12462,32429,46,6
4303,12462,6,7649
46,4303,7649,20603
6,46,20603,945
7649,6,945,11816
20603,7649,11816,91
945,20603,91,6
11816,945,6,3383
91,11816,3383,7
6,91,7,1871
3383,6,1871,46
7,3383,46,10
1871,7,10,13
46,1871,13,208
10,46,208,126
13,10,126,47
208,13,47,2541
126,208,2541,3
47,126,3,2
2541,47,2,538
3,2541,538,1931
2,3,1931,12
538,2,12,156
1931,538,156,2
12,1931,2,2004
156,12,2004,398
2,156,398,20
2004,2,20,3556
398,2004,3556,5
20,398,5,294
3556,20,294,30
5,3556,30,1680
294,5,1680,3403
30,294,3403,8
1680,30,8,91
3403,1680,91,5
8,3403,5,11816
91,8,11816,6
5,91,6,3383
11816,5,3383,17
6,11816,17,3199
3383,6,3199,749
17,3383,749,606
3199,17,606,291
749,3199,291,270
606,749,270,197
291,606,197,259
270,291,259,945
197,270,945,1857
259,197,1857,8
945,259,8,1913
1857,945,1913,3616
8,1857,3616,115
1913,8,115,21
3616,1913,21,434
115,3616,434,1591
21,115,1591,4201
434,21,4201,25
1591,434,25,306
4201,1591,306,17891
25,4201,17891,5
306,25,5,1100
17891,306,1100,4906
5,17891,4906,13
1100,5,13,21
4906,1100,21,981
13,4906,981,1564
21,13,1564,5
981,21,5,9213
1564,981,9213,14265
5,1564,14265,25
9213,5,25,1801
14265,9213,1801,3976
25,14265,3976,59
1801,25,59,806
3976,1801,806,5
59,3976,5,22433
806,59,22433,6508
5,806,6508,99
22433,5,99,1362
6508,22433,1362,24
99,6508,24,3383
1362,99,3383,472
24,1362,472,1913
3383,24,1913,13
472,3383,13,274
1913,472,274,2
13,1913,2,12761
274,13,12761,4
2,274,4,13173
12761,2,13173,10416
4,12761,10416,2087
13173,4,2087,5
10416,13173,5,1072
2087,10416,1072,409
5,2087,409,157
1072,5,157,184
409,1072,184,3
157,409,3,759
184,157,759,700
3,184,700,678
759,3,678,5
700,759,5,2912
678,700,2912,1284
5,678,1284,6
2912,5,6,268
1284,2912,268,66
6,1284,66,15
268,6,15,31739
66,268,31739,573
15,66,573,36
31739,15,36,57
573,31739,57,12482
36,573,12482,7780
57,36,7780,1072
12482,57,1072,2374
7780,12482,2374,3
1072,7780,3,1913
2374,1072,1913,41
3,2374,41,65
1913,3,65,129
41,1913,129,18
65,41,18,47
129,65,47,14934
18,129,14934,6
47,18,6,2
14934,47,2,795
6,14934,795,818
2,6,818,6041
795,2,6041,3383
818,795,3383,1607
6041,818,1607,418
3383,6041,418,120
1607,3383,120,9218
418,1607,9218,3616
120,418,3616,1959
9218,120,1959,620
3616,9218,620,5
1959,3616,5,503
620,1959,503,418
5,620,418,6
503,5,6,3383
418,503,3383,796
6,418,796,64
3383,6,64,443
796,3383,443,6
64,796,6,1591
443,64,1591,4201
6,443,4201,217
1591,6,217,217
4201,1591,217,5
217,4201,5,3212
217,217,3212,4404
5,217,4404,39118
3212,5,39118,187
4404,3212,187,3735
39118,4404,3735,2924
187,39118,2924,640
3735,187,640,2
2924,3735,2,131
640,2924,131,529
2,640,529,443
131,2,443,6
529,131,6,9982
443,529,9982,1913
6,443,1913,3616
9982,6,3616,3451
1913,9982,3451,217
3616,1913,217,6
3451,3616,6,3383
217,3451,3383,68
6,217,68,723
3383,6,723,56
68,3383,56,3
723,68,3,17
56,723,17,5129
3,56,5129,8639
17,3,8639,87
5129,17,87,5
8639,5129,5,2
87,8639,2,899
5,87,899,5
2,5,5,854
899,2,854,5313
5,899,5313,5612
854,5,5612,4
5313,854,4,11089
5612,5313,11089,2616
4,5612,2616,2
11089,4,2,1302
2616,11089,1302,30
2,2616,30,13
1302,2,13,1093
30,1302,1093,3
13,30,3,6
1093,13,6,67
3,1093,67,131
6,3,131,99
67,6,99,1034
131,67,1034,8159
99,131,8159,1034
1034,99,1034,270
8159,1034,270,8284
1034,8159,8284,37
270,1034,37,363
8284,270,363,451
37,8284,451,434
363,37,434,9
451,363,9,556
434,451,556,443
9,434,443,6
556,9,6,187
443,556,187,6
6,443,6,6041
187,6,6041,3383
6,187,3383,8
6041,6,8,962
3383,6041,962,721
8,3383,721,10
962,8,10,1299
721,962,1299,76
10,721,76,5
1299,10,5,131
76,1299,131,755
5,76,755,73
131,5,73,24
755,131,24,3610
73,755,3610,940
24,73,940,748
3610,24,748,3002
940,3610,3002,8
748,940,8,50
3002,748,50,732
8,3002,732,12
50,8,12,139
732,50,139,170
12,732,170,131
139,12,131,99
170,139,99,2895
131,170,2895,1676
99,131,1676,10
2895,99,10,31576
1676,2895,31576,1227
10,1676,1227,3
31576,10,3,80
1227,31576,80,1526
3,1227,1526,88
80,3,88,253
1526,80,253,434
88,1526,434,4619
253,88,4619,556
434,253,556,91
4619,434,91,5
556,4619,5,4
91,556,4,10916
5,91,10916,8
4,5,8,7
10916,4,7,1192
8,10916,1192,3
7,8,3,434
1192,7,434,1591
3,1192,1591,4201
434,3,4201,6
1591,434,6,2392
4201,1591,2392,7205
6,4201,7205,1271
2392,6,1271,1716
7205,2392,1716,7
1271,7205,7,165
1716,1271,165,5461
7,1716,5461,5
165,7,5,6355
5461,165,6355,2315
5,5461,2315,4
6355,5,4,5760
2315,6355,5760,6
4,2315,6,10
5760,4,10,1734
6,5760,1734,10
10,6,10,7
1734,10,7,21
10,1734,21,123
7,10,123,136
21,7,136,315
123,21,315,3
136,123,3,93
315,136,93,20
3,315,20,101
93,3,101,4
20,93,4,509
101,20,509,36
4,101,36,103
509,4,103,5
36,509,5,29537
103,36,29537,168
5,103,168,1525
29537,5,1525,1131
168,29537,1131,333
1525,168,333,5
1131,1525,5,201
333,1131,201,867
5,333,867,76
201,5,76,1661
867,201,1661,875
76,867,875,842
1661,76,842,4
875,1661,4,1173
842,875,1173,5576
4,842,5576,14
1173,4,14,362
5576,1173,362,29
14,5576,29,472
362,14,472,5
29,362,5,377
472,29,377,156
5,472,156,1661
377,5,1661,6351
156,377,6351,797
1661,156,797,4
6351,1661,4,152
797,6351,152,522
4,797,522,2895
152,4,2895,4
522,152,4,3091
2895,522,3091,19
4,2895,19,3532
3091,4,3532,755
19,3091,755,319
3532,19,319,20
755,3532,20,460
319,755,460,6
20,319,6,634
460,20,634,9
6,460,9,235
634,6,235,21663
9,634,21663,6847
235,9,6847,5
21663,235,5,2895
6847,21663,2895,1676
5,6847,1676,53
2895,5,53,2431
1676,2895,2431,34
53,1676,34,17
2431,53,17,76
34,2431,76,385
17,34,385,405
76,17,405,95
385,76,95,72
405,385,72,25
95,405,25,913
72,95,913,10415
25,72,10415,209
913,25,209,4
10415,913,4,1661
209,10415,1661,3280
4,209,3280,5576
1661,4,5576,300
3280,1661,300,4
5576,3280,4,1913
300,5576,1913,73
4,300,73,4780
1913,4,4780,7411
73,1913,7411,4082
4780,73,4082,8613
7411,4780,8613,652
4082,7411,652,12691
8613,4082,12691,2014
652,8613,2014,34
12691,652,34,848
2014,12691,848,83
34,2014,83,2894
848,34,2894,70417
83,848,70417,235
2894,83,235,299
70417,2894,299,154
235,70417,154,525
127,341,260,7
185,127,7,601
260,185,601,5
7,260,5,1110
601,7,1110,37
5,601,37,59
1110,5,59,4
37,1110,4,62
59,37,62,3
4,59,3,91
62,4,91,70
3,62,70,191
91,3,191,2493
70,91,2493,4
191,70,4,2748
2493,191,2748,344
4,2493,344,29
2748,4,29,465
344,2748,465,8295
29,344,8295,194
465,29,194,7
8295,465,7,20
194,8295,20,206
7,194,206,91
20,7,91,70
206,20,70,25949
91,206,25949,177
70,91,177,5
25949,70,5,185
177,25949,185,74
5,177,74,10639
185,5,10639,188
74,185,188,1065
10639,74,1065,12
188,10639,12,51
1065,188,51,1477
12,1065,1477,13746
51,12,13746,63
1477,51,63,5
13746,1477,5,1133
63,13746,1133,12
5,63,12,238
1133,5,238,815
12,1133,815,251
238,12,251,1370
815,238,1370,5
251,815,5,70
1370,251,70,191
5,1370,191,4568
70,5,4568,876
191,70,876,53
4568,191,53,16
876,4568,16,378
53,876,378,595
16,53,595,337
378,16,337,3
595,378,3,91
337,595,91,70
3,337,70,191
91,3,191,211
70,91,211,215
191,70,215,191
211,191,191,12
215,211,12,108
191,215,108,695
137,11594,5560,25713
9,137,25713,104371
5560,9,104371,349
25713,5560,349,3483
104371,25713,3483,3483
349,104371,3483,11594
3483,349,11594,137
3483,3483,137,9
11594,3483,9,5560
137,11594,5560,25713
9,137,25713,1044
5560,9,1044,7
25713,5560,7,4
1044,25713,4,23621
7,1044,23621,5
4,7,5,20
23621,4,20,339
5,23621,339,3337
20,5,3337,825
339,20,825,3
3337,339,3,137
825,3337,137,98
3,825,98,7735
137,3,7735,2886
98,137,2886,5752
7735,98,5752,806
2886,7735,806,4
5752,2886,4,1299
806,5752,1299,3
4,806,3,54
1299,4,54,651
3,1299,651,67870
54,3,67870,132
651,54,132,17
67870,651,17,1876
132,67870,1876,790
17,132,790,898
1876,17,898,339
790,1876,339,367
898,790,367,170
339,898,170,1395
367,339,1395,18
170,367,18,47
1395,170,47,18395
18,1395,18395,16681
47,18,16681,1744
18395,47,1744,15
16681,18395,15,780
1744,16681,780,7031
15,1744,7031,24606
780,15,24606,2394
7031,780,2394,18
24606,7031,18,47
2394,24606,47,6
18,2394,6,91
47,18,91,9
6,47,9,589
91,6,589,5
9,91,5,66
589,9,66,4
5,589,4,4804
66,5,4804,16
4,66,16,165
4804,4,165,6
16,4804,6,5348
165,16,5348,91
6,165,91,2
5348,6,2,25
91,5348,25,228
2,91,228,71704
25,2,71704,46197
228,25,46197,717
71704,228,717,46
46197,71704,46,1874
717,46197,1874,26
46,717,26,55
1874,46,55,762
26,1874,762,18785
55,26,18785,5
762,55,5,41752
18785,762,41752,16681
5,18785,16681,1965
41752,5,1965,156
16681,41752,156,717
1965,16681,717,55
156,1965,55,17
717,156,17,2527
55,717,2527,80
17,55,80,4742
2527,17,4742,3155
80,2527,3155,999
4742,80,999,156
3155,4742,156,2
999,3155,2,780
156,999,780,5769
2,156,5769,2
780,2,2,67364
5769,780,67364,5769
2,5769,5769,1537
67364,2,1537,782
5769,67364,782,10
1537,5769,10,91
782,1537,91,55
10,782,55,17
91,10,17,1504
55,91,1504,19
17,55,19,7914
1504,17,7914,5
19,1504,5,718
7914,19,718,8903
5,7914,8903,24986
718,5,24986,780
8903,718,780,13
24986,8903,13,47
780,24986,47,1407
13,780,1407,3
47,13,3,17
1407,47,17,6786
3,1407,6786,29
17,3,29,928
6786,17,928,76
29,6786,76,1574
928,29,1574,2519
76,928,2519,76
1574,76,76,5
2519,1574,5,8
76,2519,8,685
5,76,685,7
8,5,7,11594
685,8,11594,649
7,685,649,8
11594,7,8,9749
649,11594,9749,54
8,649,54,7
9749,8,7,91
54,9749,91,2
7,54,2,7471
91,7,7471,2949
2,91,2949,9
7471,2,9,780
2949,7471,780,11594
9,2949,11594,137
780,9,137,1778
11594,780,1778,13475
137,11594,13475,3599
1778,137,3599,15
13475,1778,15,320
3599,13475,320,73
15,3599,73,35078
320,15,35078,4
73,320,4,59326
35078,73,59326,54
4,35078,54,1574
59326,4,1574,1211
54,59326,1211,132
1574,54,132,522
1211,1574,522,2
132,1211,2,2
522,132,2,595
2,522,595,1509
2,2,1509,9
595,2,9,1193
1509,595,1193,5834
9,1509,5834,1537
1193,9,1537,29
5834,1193,29,104
1537,5834,104,50
29,1537,50,6
104,29,6,20958
50,104,20958,1210
6,50,1210,99
20958,6,99,30
1210,20958,30,18
99,1210,18,3
30,99,3,137
18,30,137,52
3,18,52,10
137,3,10,13
52,137,13,4
10,52,4,13475
13,10,13475,660
4,13,660,6
13475,4,6,45
660,13475,45,21
6,660,21,72
45,6,72,1620
21,45,1620,6
72,21,6,2
1620,72,2,17442
6,1620,17442,8637
2,6,8637,29
17442,2,29,53
8637,17442,53,18
29,8637,18,47
53,29,47,98
18,53,98,1210
47,18,1210,12
98,47,12,660
1210,98,660,5
12,1210,5,11594
660,12,11594,137
5,660,137,12
11594,5,12,5834
137,11594,5834,7938
12,137,7938,6
5834,12,6,45
7938,5834,45,15
6,7938,15,16681
45,6,16681,9
15,45,9,482
16681,15,482,46
9,16681,46,375
482,9,375,84
46,482,84,1612
375,46,1612,422
84,375,422,14613
1612,84,14613,5
422,1612,5,25713
14613,422,25713,174
5,14613,174,4
25713,5,4,170
