3936,2144,18,28
195,3936,28,8
18,195,8,1083
28,18,1083,528
8,28,528,7
1083,8,7,2831
528,1083,2831,6098
7,528,6098,75
2831,7,75,1444
6098,2831,1444,246
75,6098,246,4
1444,75,4,10318
246,1444,10318,3
4,246,3,2918
10318,4,2918,1324
3,10318,1324,467
2918,3,467,35
1324,2918,35,151
467,1324,151,184
35,467,184,3
151,35,3,2
184,151,2,95052
3,184,95052,93012
2,3,93012,4
95052,2,4,5465
93012,95052,5465,4154
4,93012,4154,46889
5465,4,46889,18
4154,5465,18,607
46889,4154,607,1109
18,46889,1109,2144
607,18,2144,2
1109,607,2,118
2144,1109,118,261
2,2144,261,7349
118,2,7349,1820
261,118,1820,2978
7349,261,2978,181
1820,7349,181,79771
2978,1820,79771,28
181,2978,28,1109
79771,181,1109,2144
28,79771,2144,195
1109,28,195,21256
2144,1109,21256,27078
195,2144,27078,7
21256,195,7,3279
27078,21256,3279,24
7,27078,24,22
3279,7,22,172
24,3279,172,4750
22,24,4750,4
172,22,4,1838
4750,172,1838,3518
4,4750,3518,292
1838,4,292,12
3518,1838,12,46751
292,3518,46751,7
12,292,7,64
46751,12,64,7349
7,46751,7349,1820
64,7,1820,53
7349,64,53,7
1820,7349,7,86
53,1820,86,1215
7,53,1215,1545
86,7,1545,4
1215,86,4,3960
1545,1215,3960,11
4,1545,11,1454
3960,4,1454,46149
11,3960,46149,31
1454,11,31,14
46149,1454,14,4498
31,46149,4498,3
14,31,3,2907
4498,14,2907,24
3,4498,24,1550
2907,3,1550,6
24,2907,6,3
1550,24,3,322
6,1550,322,834
3,6,834,496
322,3,496,68
834,322,68,1235
496,834,1235,8
68,496,8,293
1235,68,293,13
8,1235,13,1968
293,8,1968,282
13,293,282,5
1968,13,5,1109
282,1968,1109,2144
5,282,2144,6
1109,5,6,1391
2144,1109,1391,124
6,2144,124,2
1391,6,2,149
124,1391,149,2
2,124,2,95
149,2,95,2393
2,149,2393,12
95,2,12,33419
2393,95,33419,2978
12,2393,2978,181
33419,12,181,4017
2978,33419,4017,1096
181,2978,1096,5
4017,181,5,1109
1096,4017,1109,2144
5,1096,2144,10046
1109,5,10046,3
2144,1109,3,12378
10046,2144,12378,5
3,10046,5,23409
12378,3,23409,2
5,12378,2,1109
23409,5,1109,2144
2,23409,2144,195
1109,2,195,579
2144,1109,579,439
195,2144,439,5
579,195,5,17638
439,579,17638,2804
5,439,2804,3702
17638,5,3702,6
2804,17638,6,132
3702,2804,132,122
6,3702,122,23409
132,6,23409,13
122,132,13,47
23409,122,47,163
13,23409,163,3
47,13,3,317
163,47,317,6
3,163,6,696
317,3,696,6
6,317,6,4763
696,6,4763,2535
6,696,2535,818
4763,6,818,525
2535,4763,525,21100
818,2535,21100,614
525,818,614,889
21100,525,889,5
614,21100,5,589
889,614,589,5
5,889,5,1261
589,5,1261,18
5,589,18,12064
1261,5,12064,3
18,1261,3,39
12064,18,39,4816
3,12064,4816,6
39,3,6,278
4816,39,278,4
6,4816,4,37835
278,6,37835,7
4,278,7,792
37835,4,792,331
7,37835,331,651
792,7,651,82755
331,792,82755,27084
651,331,27084,4
82755,651,4,1109
27084,82755,1109,2144
4,27084,2144,693
1109,4,693,1299
2144,1109,1299,6
693,2144,6,181
1299,693,181,52
6,1299,52,112
181,6,112,195
52,181,195,7
112,52,7,6
195,112,6,1319
7,195,1319,4
6,7,4,112
1319,6,112,1305
4,1319,1305,16
112,4,16,6
1305,112,6,22169
16,1305,22169,1063
6,16,1063,181
22169,6,181,366
1063,22169,366,5465
181,1063,5465,8371
366,181,8371,9154
5465,366,9154,31
8371,5465,31,13
9154,8371,13,47
31,9154,47,2331
13,31,2331,2
47,13,2,195
2331,47,195,5
2,2331,5,51
195,2,51,14
5,195,14,140
51,5,140,228
14,51,228,467
140,14,467,35
228,140,35,5
467,228,5,386
35,467,386,293
5,35,293,6
386,5,6,261
293,386,261,2804
6,293,2804,3702
261,6,3702,3114
2804,261,3114,510
3702,2804,510,8
3114,3702,8,293
510,3114,293,4
8,510,4,604
293,8,604,1405
4,293,1405,151
604,4,151,7081
1405,604,7081,725
151,1405,725,40
7081,151,40,8280
725,7081,8280,3
40,725,3,729
8280,40,729,293
3,8280,293,6
729,3,6,411
293,729,411,23409
6,293,23409,2317
411,6,2317,50665
23409,411,50665,3
2317,23409,3,4718
50665,2317,4718,22
3,50665,22,559
4718,3,559,3
22,4718,3,386
559,22,386,4
3,559,4,28
386,3,28,8
4,386,8,7081
28,4,7081,725
8,28,725,1784
7081,8,1784,4154
725,7081,4154,46698
1784,725,46698,40
4154,1784,40,345
46698,4154,345,1109
40,46698,1109,2144
345,40,2144,158
1109,345,158,2832
2144,1109,2832,6
158,2144,6,43954
2832,158,43954,3
6,2832,3,181
43954,6,181,12422
3,43954,12422,10079
181,3,10079,23409
12422,181,23409,335
10079,12422,335,3421
23409,10079,3421,22
335,23409,22,83
3421,335,83,69
22,3421,69,5
83,22,5,1083
69,83,1083,15
5,69,15,248
1083,5,248,5
15,1083,5,1949
248,15,1949,2298
5,248,2298,24
1949,5,24,1127
2298,1949,1127,1962
24,2298,1962,4
1127,24,4,2
1962,1127,2,989
4,1962,989,7053
2,4,7053,5
989,2,5,238
7053,989,238,1145
5,7053,1145,31
238,5,31,13
1145,238,13,154
31,1145,154,3
13,31,3,278
154,13,278,3
3,154,3,1166
278,3,1166,658
3,278,658,844
1166,3,844,2045
658,1166,2045,23
844,658,23,9288
2045,844,9288,604
23,2045,604,63
9288,23,63,3358
604,9288,3358,32306
63,604,32306,579
3358,63,579,1308
32306,3358,1308,293
579,32306,293,15337
1308,579,15337,529
293,1308,529,4990
15337,293,4990,5
529,15337,5,1746
4990,529,1746,6
5,4990,6,386
1746,5,386,4
6,1746,4,278
386,6,278,211
4,386,211,1163
278,4,1163,5
211,278,5,1438
1163,211,1438,4
5,1163,4,7824
1438,5,7824,2
4,1438,2,1127
7824,4,1127,839
2,7824,839,3649
1127,2,3649,10
839,1127,10,84
3649,839,84,13
10,3649,13,2
84,10,2,450
13,84,450,703
2,13,703,5
450,2,5,2404
703,450,2404,8
5,703,8,5457
2404,5,5457,24
8,2404,24,1319
5457,8,1319,3
24,5457,3,652
1319,24,652,1802
3,1319,1802,4
652,3,4,26
1802,652,26,18
4,1802,18,303
26,4,303,37
18,26,37,395
303,18,395,38
37,303,38,1527
395,37,1527,508
38,395,508,168
1527,38,168,38
508,1527,38,83
168,508,83,2075
38,168,2075,5
83,38,5,98283
2075,83,98283,153
5,2075,153,4
98283,5,4,2388
153,98283,2388,839
4,153,839,3019
2388,4,3019,1007
839,2388,1007,134
3019,839,134,39
1007,3019,39,249
134,1007,249,60
39,134,60,8
249,39,8,2693
60,249,2693,1145
8,60,1145,13
2693,8,13,47
1145,2693,47,9625
13,1145,9625,19
47,13,19,293
9625,47,293,1145
19,9625,1145,1404
293,19,1404,6
1145,293,6,1268
1404,1145,1268,1209
6,1404,1209,1261
1268,6,1261,2374
1209,1268,2374,3
1261,1209,3,1109
2374,1261,1109,2144
3,2374,2144,53
1109,3,53,873
2144,1109,873,3420
53,2144,3420,124
873,53,124,46
3420,873,46,36
124,3420,36,5761
46,124,5761,46
36,46,46,12
5761,36,12,556
46,5761,556,293
12,46,293,2404
556,12,2404,75
293,556,75,42
2404,293,42,5
75,2404,5,38
42,75,38,669
5,42,669,195
38,5,195,14
669,38,14,489
195,669,489,442
14,195,442,19
489,14,19,96
442,489,96,3923
19,442,3923,8
96,19,8,3195
3923,96,3195,4
8,3923,4,9732
3195,8,9732,838
4,3195,838,6
9732,4,6,7010
838,9732,7010,312
6,838,312,5
7010,6,5,27213
312,7010,27213,8
5,312,8,274
27213,5,274,45
8,27213,45,550
274,8,550,12
45,274,12,161
550,45,161,71859
12,550,71859,1109
161,12,1109,2144
71859,161,2144,867
1109,71859,867,4
2144,1109,4,1435
867,2144,1435,218
4,867,218,3
1435,4,3,2731
218,1435,2731,2
3,218,2,159
2731,3,159,1109
2,2731,1109,2144
159,2,2144,80715
1109,159,80715,625
2144,1109,625,406
80715,2144,406,468
625,80715,468,2978
406,625,2978,8
468,406,8,23
2978,468,23,42
8,2978,42,173
23,8,173,128
42,23,128,66
173,42,66,151
128,173,151,14
66,128,14,6
151,66,6,156
14,151,156,2486
6,14,2486,60
156,6,60,8
2486,156,8,10
60,2486,10,13
8,60,13,3
10,8,3,1852
13,10,1852,10
3,13,10,2573
1852,3,2573,4
10,1852,4,708
2573,10,708,3
4,2573,3,1132
708,4,1132,686
3,708,686,4
1132,3,4,513
686,1132,513,41697
4,686,41697,693
513,4,693,310
41697,513,310,1000
693,41697,1000,3
310,693,3,20
1000,310,20,11418
3,1000,11418,9
20,3,9,41
11418,20,41,9
9,11418,9,2978
82,390,390,35
12,82,35,5
390,12,5,637
35,390,637,378
5,35,378,498
637,5,498,50
378,637,50,331
498,378,331,540
50,498,540,229
331,50,229,26
540,331,26,14
229,540,14,3
26,229,3,328
14,26,328,56
3,14,56,2
328,3,2,127
56,328,127,33628
2,56,33628,636
127,2,636,1221
33628,127,1221,1358
636,33628,1358,5
1221,636,5,1316
1358,1221,1316,1050
5,1358,1050,2
1316,5,2,1682
1050,1316,1682,2078
2,1050,2078,9
1682,2,9,127
2078,1682,127,237
9,2078,237,7
127,9,7,995
237,127,995,661
7,237,661,194
995,7,194,663
661,995,663,90654
194,661,90654,663
663,194,663,76424
90654,663,76424,18
663,90654,18,757
76424,663,757,42
18,76424,42,373
757,18,373,1144
42,757,1144,37
373,42,37,98
1144,373,98,262
37,1144,262,57
98,37,57,65
262,98,65,42
57,262,42,7
65,57,7,14
42,65,14,1900
7,42,1900,3
14,7,3,25
1900,14,25,11
3,1900,11,134
25,3,134,390
11,25,390,582
134,11,582,105
390,134,105,3079
582,390,3079,8388
105,582,8388,58776
3079,105,58776,22
8388,3079,22,661
58776,8388,661,598
22,58776,598,636
661,22,636,1987
598,661,1987,2526
636,598,2526,31
1987,636,31,2195
2526,1987,2195,1612
31,2526,1612,2
2195,31,2,127
1612,2195,127,296
2,1612,296,551
127,2,551,28
296,127,28,39877
551,296,39877,7634
28,551,7634,58
39877,28,58,498
7634,39877,498,31
58,7634,31,866
498,58,866,6
31,498,6,202
866,31,202,127
6,866,127,289
202,6,289,128
127,202,128,1482
289,127,1482,7
128,289,7,2611
1482,128,2611,3
7,1482,3,452
2611,7,452,285
3,2611,285,235
452,3,235,153
285,452,153,3677
235,285,3677,606
153,235,606,3091
3677,153,3091,8
606,3677,8,11
3091,606,11,13
8,3091,13,22
11,8,22,1070
13,11,1070,12
22,13,12,190
1070,22,190,150
12,1070,150,69
190,12,69,2526
150,190,2526,68
69,150,68,2745
2526,69,2745,35
68,2526,35,54
2745,68,54,514
35,2745,514,99
54,35,99,127
514,54,127,289
99,514,289,949
127,99,949,6
289,127,6,84642
949,289,84642,3513
6,949,3513,1909
84642,6,1909,2255
3513,84642,2255,28
1909,3513,28,11
2255,1909,11,1065
28,2255,1065,12
11,28,12,22
1065,11,22,262
12,1065,262,2
22,12,2,498
262,22,498,1197
2,262,1197,8
498,2,8,11
1197,498,11,2347
8,1197,2347,159
11,8,159,269
2347,11,269,5
159,2347,5,35
269,159,35,78
5,269,78,32
35,5,32,3190
78,35,3190,74020
32,78,74020,234
3190,32,234,845
74020,3190,845,3
234,74020,3,400
845,234,400,15
3,845,15,49
400,3,49,29
15,400,29,30
49,15,30,245
29,49,245,25
30,29,25,18
245,30,18,2
25,245,2,182
18,25,182,3
2,18,3,93
182,2,93,42
3,182,42,6
93,3,6,235
42,93,235,258
6,42,258,66
235,6,66,6
258,235,6,71063
66,258,71063,35
6,66,35,11
71063,6,11,11930
35,71063,11930,636
11,35,636,4
11930,11,4,11322
636,11930,11322,5
4,636,5,3998
11322,4,3998,14
5,11322,14,41
3998,5,41,1234
14,3998,1234,6
41,14,6,22
1234,41,22,411
6,1234,411,7
22,6,7,353
411,22,353,21
7,411,21,110
353,7,110,3
21,353,3,17
110,21,17,2
3,110,2,94
17,3,94,9
2,17,9,91638
94,2,91638,7
9,94,7,2916
91638,9,2916,3
7,91638,3,296
2916,7,296,9
3,2916,9,2000
296,3,2000,20
9,296,20,66
2000,9,66,29
20,2000,29,13
66,20,13,21
29,66,21,510
13,29,510,229
21,13,229,11
510,21,11,240
229,510,240,3
11,229,3,1153
240,11,1153,190
3,240,190,23049
1153,3,23049,498
190,1153,498,16
23049,190,16,6
498,23049,6,197
16,498,197,9
6,16,9,1906
197,6,1906,2215
9,197,2215,518
1906,9,518,5
2215,1906,5,150
518,2215,150,498
5,518,498,48013
150,5,48013,35
498,150,35,5
48013,498,5,637
35,48013,637,15
5,35,15,8388
637,5,8388,8405
15,637,8405,540
8388,15,540,23
8405,8388,23,303
540,8405,303,9
23,540,9,759
303,23,759,24
9,303,24,35
759,9,35,5
24,759,5,637
35,24,637,1394
5,35,1394,164
1665,6,138,27
5,1665,27,915
138,5,915,5492
27,138,5492,10
915,27,10,121
5492,915,121,945
10,5492,945,17
121,10,17,314
945,121,314,8
17,945,8,27
314,17,27,7
8,314,7,21
27,8,21,2
7,27,2,280
21,7,280,222
2,21,222,46
280,2,46,11
222,280,11,7
46,222,7,521
11,46,521,5736
7,11,5736,5
521,7,5,2
5736,521,2,34664
5,5736,34664,22
2,5,22,84
34664,2,84,4437
22,34664,4437,407
84,22,407,15
4437,84,15,1079
407,4437,1079,2967
15,407,2967,27
1079,15,27,21
2967,1079,21,86
27,2967,86,873
21,27,873,8
86,21,8,52
873,86,52,915
8,873,915,716
52,8,716,713
915,52,713,225
716,915,225,31
713,716,31,18
225,713,18,915
31,225,915,121
18,31,121,322
915,18,322,76
121,915,76,729
322,121,729,5
76,322,5,3073
729,76,3073,29
5,729,29,68
3073,5,68,4460
29,3073,4460,8
68,29,8,222
4460,68,222,58
8,4460,58,40
222,8,40,44
58,222,44,811
40,58,811,26
44,40,26,121
811,44,121,17
26,811,17,92867
121,26,92867,26
17,121,26,40
92867,17,40,20375
26,92867,20375,7
40,26,7,21
20375,40,21,271
7,20375,271,2
21,7,2,280
271,21,280,4976
2,271,4976,222
280,2,222,40
4976,280,40,44
222,4976,44,10
40,222,10,7
44,40,7,271
10,44,271,2
7,10,2,521
271,7,521,5133
2,271,5133,3
521,2,3,17
5133,521,17,2
3,5133,2,4976
17,3,4976,222
2,17,222,40
4976,2,40,49580
222,4976,49580,7969
40,222,7969,1632
49580,40,1632,15
7969,49580,15,4976
1632,7969,4976,434
15,1632,434,116
4976,15,116,8
434,4976,8,10
116,434,10,1353
8,116,1353,25
10,8,25,14
1353,10,14,3
25,1353,3,4595
14,25,4595,225
3,14,225,17270
4595,3,17270,27146
225,4595,27146,63
17270,225,63,5
27146,17270,5,2816
63,27146,2816,1759
5,63,1759,1806
2816,5,1806,590
1759,2816,590,920
1806,1759,920,8
590,1806,8,744
920,590,744,5
8,920,5,141
744,8,141,7655
5,744,7655,915
141,5,915,7
7655,141,7,12
915,7655,12,1250
7,915,1250,21
12,7,21,3073
1250,12,3073,225
21,1250,225,50
3073,21,50,21
225,3073,21,4514
50,225,4514,19
21,50,19,605
4514,21,605,213
19,4514,213,126
605,19,126,1881
213,605,1881,1582
126,213,1582,697
1881,126,697,335
1582,1881,335,4
697,1582,4,53
335,697,53,7
4,335,7,1428
53,4,1428,64
7,53,64,1590
1428,7,1590,3
64,1428,3,4595
1590,64,4595,49
3,1590,49,84
4595,3,84,2
49,4595,2,1010
84,49,1010,23046
2,84,23046,3818
1010,2,3818,243
23046,1010,243,10
3818,23046,10,915
243,3818,915,7
10,243,7,6551
915,10,6551,46361
7,915,46361,258
6551,7,258,2051
46361,6551,2051,5
258,46361,5,10
2051,258,10,944
5,2051,944,16
10,5,16,225
944,10,225,727
16,944,727,2912
225,16,2912,4
727,225,4,48
2912,727,48,39366
4,2912,39366,115
48,4,115,21
39366,48,21,610
115,39366,610,20
21,115,20,87
610,21,87,11
20,610,11,7
87,20,7,1483
11,87,1483,8910
7,11,8910,15
1483,7,15,51
8910,1483,51,2500
15,8910,2500,4976
51,15,4976,70
2500,51,70,934
4976,2500,934,5
70,4976,5,4976
934,70,4976,578
5,934,578,7
4976,5,7,3
578,4976,3,392
7,578,392,2
3,7,2,938
392,3,938,5
2,392,5,290
938,2,290,8
5,938,8,4723
290,5,4723,4151
8,290,4151,5
4723,8,5,207
4151,4723,207,399
5,4151,399,417
207,5,417,24
399,207,24,12006
417,399,12006,3
24,417,3,1125
12006,24,1125,439
3,12006,439,2466
1125,3,2466,7
439,1125,7,21
2466,439,21,3073
7,2466,3073,10
21,7,10,7
3073,21,7,3
10,3073,3,789
7,10,789,161
3,7,161,1010
789,3,1010,4
161,789,4,54849
1010,161,54849,27
4,1010,27,115
54849,4,115,21
27,54849,21,340
115,27,340,610
21,115,610,51
340,21,51,4976
610,340,4976,222
51,610,222,1519
4976,51,1519,178
222,4976,178,11
1519,222,11,30006
178,1519,30006,3319
11,178,3319,521
30006,11,521,5736
3319,30006,5736,5
521,3319,5,4976
5736,521,4976,222
5,5736,222,11
4976,5,11,6521
222,4976,6521,113
11,222,113,20
6521,11,20,7
113,6521,7,51
20,113,51,104
7,20,104,222
51,7,222,14
104,51,14,3
222,104,3,485
14,222,485,26
3,14,26,25
485,3,25,20
26,485,20,7
25,26,7,301
20,25,301,51
7,20,51,521
301,7,521,14
51,301,14,3
521,51,3,485
14,521,485,26
3,14,26,14
485,3,14,2
26,485,2,58
14,26,58,94
2,14,94,31
58,2,31,1429
94,58,1429,38
31,94,38,1176
1429,31,1176,124
38,1429,124,12
1176,38,12,225
124,1176,225,1530
12,124,1530,26
225,12,26,14
1530,225,14,3
26,1530,3,296
14,26,296,102
3,14,102,5736
296,3,5736,5
102,296,5,4976
5736,102,4976,423
5,5736,423,87
4976,5,87,5736
423,4976,5736,7
87,423,7,3406
5736,87,3406,4
7,5736,4,27
3406,7,27,7
4,3406,7,947
27,4,947,81
7,27,81,3038
947,7,3038,51
81,947,51,26
3038,81,26,43455
51,3038,43455,8
26,51,8,50
43455,26,50,21
8,43455,21,572
50,8,572,362
21,50,362,27
572,21,27,140
362,572,140,30
27,362,30,12
