85,748,2,15801
6,85,15801,3797
2,6,3797,53
15801,2,53,55
3797,15801,55,17
53,3797,17,64
55,53,64,967
17,55,967,37
64,17,37,20
967,64,20,3181
37,967,3181,75
20,37,75,76
3181,20,76,851
75,3181,851,12937
76,75,12937,24
851,76,24,159
12937,851,159,279
24,12937,279,158
159,24,158,530
279,159,530,1047
158,279,1047,5303
530,158,5303,3
1047,530,3,863
5303,1047,863,4
3,5303,4,24386
863,3,24386,2401
4,863,2401,3
24386,4,3,221
2401,24386,221,909
3,2401,909,11
221,3,11,28
909,221,28,7
11,909,7,68
28,11,68,113
7,28,113,10
68,7,10,40
113,68,40,17
10,113,17,3982
40,10,3982,3
17,40,3,70
3982,17,70,45
3,3982,45,50
70,3,50,30
45,70,30,21
50,45,21,3
30,50,3,4221
21,30,4221,433
3,21,433,23
4221,3,23,183
433,4221,183,60
23,433,60,301
183,23,301,398
60,183,398,8
301,60,8,30
398,301,30,25
8,398,25,116
30,8,116,4243
25,30,4243,5
116,25,5,20
4243,116,20,2536
5,4243,2536,1588
20,5,1588,2200
2536,20,2200,5
1588,2536,5,125
2200,1588,125,7
5,2200,7,25
125,5,25,14
7,125,14,3
25,7,3,392
14,25,392,2
3,14,2,3982
392,3,3982,3145
2,392,3145,6
3982,2,6,424
3145,3982,424,3
6,3145,3,971
424,6,971,8
3,424,8,1449
971,3,1449,6
8,971,6,2
1449,8,2,2287
6,1449,2287,750
2,6,750,4
2287,2,4,6
750,2287,6,311
4,750,311,5
6,4,5,4
311,6,4,85
5,311,85,1614
4,5,1614,53
85,4,53,7
1614,85,7,851
53,1614,851,692
7,53,692,5
851,7,5,118
692,851,118,10971
5,692,10971,29
118,5,29,7
10971,118,7,697
29,10971,697,33
7,29,33,3
697,7,3,485
33,697,485,995
3,33,995,24
485,3,24,180
995,485,180,37
24,995,37,10
180,24,10,892
37,180,892,530
10,37,530,2401
892,10,2401,3
530,892,3,221
2401,530,221,909
3,2401,909,197
221,3,197,259
909,221,259,1547
197,909,1547,884
259,197,884,20
1547,259,20,3011
884,1547,3011,24
20,884,24,22
3011,20,22,750
24,3011,750,7
22,24,7,4
750,22,4,4191
7,750,4191,8
4,7,8,530
4191,4,530,1077
8,4191,1077,22
530,8,22,297
1077,530,297,40
22,1077,40,748
297,22,748,85
40,297,85,126
748,40,126,116
85,748,116,4243
126,85,4243,5
116,126,5,20
4243,116,20,2536
5,4243,2536,1588
20,5,1588,2200
2536,20,2200,5
1588,2536,5,125
2200,1588,125,11
5,2200,11,307
125,5,307,4
11,125,4,1782
307,11,1782,3
4,307,3,233
1782,4,233,8
3,1782,8,77
233,3,77,1529
8,233,1529,17
77,8,17,5698
1529,77,5698,2
17,1529,2,4
5698,17,4,2877
2,5698,2877,8
4,2,8,53
2877,4,53,14
8,2877,14,2
53,8,2,851
14,53,851,974
2,14,974,6
851,2,6,32
974,851,32,187
6,974,187,206
32,6,206,765
187,32,765,40
206,187,40,11
765,206,11,863
40,765,863,750
11,40,750,530
863,11,530,134
750,863,134,221
530,750,221,909
134,530,909,7
221,134,7,25
909,221,25,14
7,909,14,3
25,7,3,392
14,25,392,2
3,14,2,3982
392,3,3982,3145
2,392,3145,52
3982,2,52,530
3145,3982,530,697
52,3145,697,3
530,52,3,1227
697,530,1227,2
3,697,2,3982
1227,3,3982,3145
2,1227,3145,11
3982,2,11,230
3145,3982,230,18
11,3145,18,134
230,11,134,699
18,230,699,52
134,18,52,11
699,134,11,1974
52,699,1974,12
11,52,12,1544
1974,11,1544,2
12,1974,2,2401
1544,12,2401,3
2,1544,3,233
2401,2,233,292
3,2401,292,12
233,3,12,51
292,233,51,30
12,292,30,116
51,12,116,84
30,51,84,11
116,30,11,121
84,116,121,18
11,84,18,28
121,11,28,53
18,121,53,16
28,18,16,76
53,28,76,125
16,53,125,12
76,16,12,1447
125,76,1447,4193
12,125,4193,3
1447,12,3,2
4193,1447,2,349
3,4193,349,32
2,3,32,28
349,2,28,64
32,349,64,42
28,32,42,23
64,28,23,221
42,64,221,13
23,42,13,388
221,23,388,125
13,221,125,30
388,13,30,25
125,388,25,100
30,125,100,80
25,30,80,18
100,25,18,2
80,100,2,2425
18,80,2425,3
2,18,3,5508
2425,2,5508,81
3,2425,81,104
5508,3,104,125
81,5508,125,230
104,81,230,36
125,104,36,230
230,125,230,21
36,230,21,17
230,36,17,344
21,230,344,362
17,21,362,3
344,17,3,2425
362,344,2425,3576
3,362,3576,291
2425,3,291,209
3576,2425,209,8
291,3576,8,530
209,291,530,784
8,209,784,3
530,8,3,468
784,530,468,699
3,784,699,37
468,3,37,1190
699,468,1190,5
37,699,5,125
1190,37,125,988
5,1190,988,22
125,5,22,2102
988,125,2102,210
22,988,210,455
2102,22,455,32
210,2102,32,69
455,210,69,530
32,455,530,1713
69,32,1713,5
530,69,5,141
1713,530,141,2997
5,1713,2997,309
141,5,309,1760
2997,141,1760,227
309,2997,227,909
1760,309,909,24
227,1760,24,2
909,227,2,2129
24,909,2129,1573
2,24,1573,5
2129,2,5,105
1573,2129,105,1717
5,1573,1717,1477
105,5,1477,8487
1717,105,8487,2
1477,1717,2,159
8487,1477,159,1164
2,8487,1164,6
159,2,6,189
1164,159,189,119
6,1164,119,111
189,6,111,2668
119,189,2668,266
111,119,266,1057
2668,111,1057,2
266,2668,2,3292
1057,266,3292,2165
2,1057,2165,102
3292,2,102,221
2165,3292,221,437
102,2165,437,530
221,102,530,9
437,221,9,3992
530,437,3992,8
9,530,8,309
3992,9,309,11
8,3992,11,653
309,8,653,7
11,309,7,178
653,11,178,8
7,653,8,2997
178,7,2997,309
8,178,309,4
2997,8,4,2315
309,2997,2315,328
4,309,328,16
2315,4,16,1834
328,2315,1834,52
16,328,52,10
1834,16,10,7
52,1834,7,1567
10,52,1567,8
7,10,8,158
1567,7,158,297
8,1567,297,77
158,8,77,748
297,158,748,85
77,297,85,53
748,77,53,7
85,748,7,21
53,85,21,190
7,53,190,201
21,7,201,337
190,21,337,9
201,190,9,470
337,201,470,95
9,337,95,297
470,9,297,4
95,470,4,158
297,95,158,7
4,297,7,2080
158,4,2080,203
7,158,203,1020
2080,7,1020,24
203,2080,24,417
1020,203,417,31
24,1020,31,1633
417,24,1633,14
31,417,14,3
1633,31,3,748
14,1633,748,85
3,14,85,530
748,3,530,297
85,748,297,34
530,85,34,1003
297,530,1003,748
34,297,748,85
1003,34,85,53
748,1003,53,14
85,748,14,64
53,85,64,201
14,53,201,337
64,14,337,3
201,64,3,307
337,201,307,2401
3,337,2401,12
307,3,12,416
2401,307,416,21
12,2401,21,321
416,12,321,4554
21,416,4554,36
321,21,36,3764
4554,321,3764,4
36,4554,4,530
3764,36,530,1857
4,3764,1857,8
530,4,8,11
1857,530,11,4144
8,1857,4144,203
11,8,203,1020
4144,11,1020,24
203,4144,24,1282
1020,203,1282,6
24,1020,6,233
1282,24,233,58
6,1282,58,31
233,6,31,1633
58,233,1633,14
31,58,14,3
1633,31,3,748
14,1633,748,85
3,14,85,6
748,3,6,1345
85,748,1345,8487
6,85,8487,1461
1345,6,1461,190
8487,1345,190,141
1461,8487,141,12
190,1461,12,91
141,190,91,5
12,141,5,166
91,12,166,266
5,91,266,9
166,5,9,432
266,166,432,1113
9,266,1113,8487
432,9,8487,2898
1113,432,2898,3
8487,1113,3,579
2898,8487,579,1898
3,2898,1898,5
579,3,5,143
1898,579,143,35
5,1898,35,825
143,5,825,91
35,143,91,5
825,35,5,166
91,825,166,266
5,91,266,9
166,5,9,432
266,166,432,1113
9,266,1113,4
432,9,4,909
1113,432,909,1040
4,1113,1040,21
909,4,21,91
1040,909,91,22
21,1040,22,166
91,21,166,266
22,91,266,9
166,22,9,22
266,166,22,83
9,266,83,432
22,9,432,1113
83,22,1113,9
432,83,9,1490
1113,432,1490,5
9,1113,5,98
1490,9,98,1294
5,1490,1294,427
98,5,427,36
1294,98,36,3020
427,1294,3020,174
36,427,174,530
3020,36,530,297
174,3020,297,18
530,174,18,1234
297,530,1234,660
18,297,660,5
1234,18,5,4497
660,1234,4497,27
5,660,27,69
4497,5,69,3020
27,4497,3020,27
69,27,27,13
3020,69,13,1974
27,3020,1974,285
13,27,285,4
1974,13,4,285
285,1974,285,8
4,285,8,125
285,4,125,187
8,285,187,17
125,8,17,3861
187,125,3861,530
17,187,530,3861
3861,17,3861,10
530,3861,10,12
3861,530,12,36116
10,3861,36116,5
12,10,5,585
36116,12,585,2060
5,36116,2060,660
585,5,660,5
2060,585,5,22
660,2060,22,297
5,660,297,7360
22,5,7360,61
297,22,61,27
7360,297,27,69
61,7360,69,72
27,61,72,59
69,27,59,10
72,69,10,1492
59,72,1492,73
10,59,73,3020
1492,10,3020,14
73,1492,14,2673
3020,73,2673,530
14,3020,530,181
2673,14,181,3
530,2673,3,174
181,530,174,530
3,181,530,297
174,3,297,522
530,174,522,27
297,530,27,69
522,297,69,4
27,522,4,10
69,27,10,812
4,69,812,10
10,4,10,14
812,10,14,4
10,812,4,1041
14,10,1041,729
4,14,729,5
1041,4,5,427
729,1041,427,19
5,729,19,221
427,5,221,437
19,427,437,530
221,19,530,13
437,221,13,3
530,437,3,1233
13,530,1233,1868
3,13,1868,648
1233,3,648,677
1868,1233,677,448
648,1868,448,22
677,648,22,3862
448,677,3862,702
22,448,702,257
3862,22,257,4
702,3862,4,2997
257,702,2997,309
4,257,309,6
2997,4,6,316
309,2997,316,3
6,309,3,117
316,6,117,22
3,316,22,131
117,3,131,422
22,117,422,984
131,22,984,750
422,131,750,34
984,422,34,10
750,984,10,17
34,750,17,1155
10,34,1155,10
17,10,10,52
1155,17,52,530
10,1155,530,4144
52,10,4144,12
530,52,12,22
4144,530,22,83
12,4144,83,261
22,12,261,98
83,22,98,620
261,83,620,20041
98,261,20041,36
620,98,36,447
20041,620,447,30
36,20041,30,121
447,36,121,48
30,447,48,3935
121,30,3935,4
48,121,4,44
3935,48,44,2
4,3935,2,865
44,4,865,2510
2,44,2510,9
865,2,9,89
2510,865,89,6
9,2510,6,8
89,9,8,1934
6,89,1934,11
8,6,11,7
1934,8,7,4
11,1934,4,6063
7,11,6063,4955
4,7,4955,1568
6063,4,1568,6
4955,6063,6,2
1568,4955,2,2927
6,1568,2927,107
2,6,107,898
2927,2,898,22
107,2927,22,959
898,107,959,303
22,898,303,4
959,22,4,377
303,959,377,306
4,303,306,4
377,4,4,7201
306,377,7201,1072
4,306,1072,3
7201,4,3,105
1072,7201,105,428
3,1072,428,29
105,3,29,530
428,105,530,7
29,428,7,64
530,29,64,4955
7,530,4955,7
64,7,7,481
4955,64,481,5888
7,4955,5888,37
481,7,37,22
5888,481,22,3097
37,5888,3097,3
22,37,3,524
3097,22,524,61
3,3097,61,3
524,3,3,189
61,524,189,119
3,61,119,111
189,3,111,6
119,189,6,530
111,119,530,416
6,111,416,5
530,6,5,2
416,530,2,512
5,416,512,140
2,5,140,11
512,2,11,819
140,512,819,3
11,140,3,18
819,11,18,2
3,819,2,2368
18,3,2368,21
2,18,21,465
2368,2,465,388
21,2368,388,6
465,21,6,92
388,465,92,36
6,388,36,955
92,6,955,1655
36,92,1655,82
955,36,82,2
1655,955,2,3097
82,1655,3097,3
2,82,3,524
3097,2,524,61
3,3097,61,3
524,3,3,3078
61,524,3078,8
3,61,8,132
3078,3,132,18
8,3078,18,47
132,8,47,560
18,132,560,23
47,18,23,60
560,47,60,270
23,560,270,301
60,23,301,530
270,60,530,313
301,270,313,2160
530,301,2160,3
313,530,3,516
2160,313,516,31
3,2160,31,22
516,3,22,3078
31,516,3078,7
22,31,7,11
3078,22,11,1003
7,3078,1003,5737
11,7,5737,6
1003,11,6,3
5737,1003,3,252
6,5737,252,4
3,6,4,32
252,3,32,385
4,252,385,59
32,4,59,11
385,32,11,784
59,385,784,3
11,59,3,8257
784,11,8257,78
3,784,78,32
8257,3,32,9
78,8257,9,80
32,78,80,2
9,32,2,7203
80,9,7203,9
2,80,9,49
7203,2,49,90
9,7203,90,1713
49,9,1713,5
90,49,5,150
1713,90,150,214
5,1713,214,648
150,5,648,84
214,150,84,11
648,214,11,23933
84,648,23933,79
11,84,79,385
23933,11,385,5
79,23933,5,58
385,79,58,4
5,385,4,26141
58,5,26141,27
4,58,27,69
26141,4,69,531
27,26141,531,194
69,27,194,7
531,69,7,31
194,531,31,295
7,194,295,3
31,7,3,530
295,31,530,4
3,295,4,62
530,3,62,30
4,530,30,116
62,4,116,8
30,62,8,161
116,30,161,32
8,116,32,4
161,8,4,27
32,161,27,16
4,32,16,4766
27,4,4766,9
16,27,9,711
4766,16,711,36
9,4766,36,98
711,9,98,57
36,711,57,612
98,36,612,36
57,98,36,3044
612,57,3044,266
36,612,266,6
3044,36,6,143
266,3044,143,35
6,266,35,301
143,6,301,30
35,143,30,147
301,35,147,3
30,301,3,116
147,30,116,31
3,147,31,13
116,3,13,1105
31,116,1105,5
13,31,5,191
1105,13,191,4
5,1105,4,163
191,5,163,3
4,191,3,96
163,4,96,221
3,163,221,437
96,3,437,4483
221,96,4483,73
437,221,73,2
4483,437,2,4955
153,42,99,106
126,153,106,5
99,126,5,69
106,99,69,16
5,106,16,1162
69,5,1162,138
16,69,138,27
1162,16,27,13
138,1162,13,16276
27,138,16276,22
13,27,22,867
16276,13,867,2998
22,16276,2998,184
867,22,184,3
2998,867,3,2
184,2998,2,39
3,184,39,197
2,3,197,4673
39,2,4673,39
197,39,39,199
4673,197,199,58
39,4673,58,137
199,39,137,27
58,199,27,2
137,58,2,2933
27,137,2933,94
2,27,94,12
2933,2,12,372
94,2933,372,139
12,94,139,4
372,12,4,19
139,372,19,239
4,139,239,88
19,4,88,8208
239,19,8208,6
88,239,6,529
8208,88,529,662
6,8208,662,5
529,6,5,202
662,529,202,29065
5,662,29065,58
202,5,58,1606
29065,202,1606,7
58,29065,7,6
1606,58,6,2
7,1606,2,67
6,7,67,3326
2,6,3326,2
67,2,2,10
3326,67,10,232
2,3326,232,1080
10,2,1080,3
232,10,3,870
1080,232,870,428
3,1080,428,5
870,3,5,3637
428,870,3637,2
5,428,2,127
3637,5,127,287
2,3637,287,462
127,2,462,6
287,127,6,44
462,287,44,133
6,462,133,7
44,6,7,1638
133,44,1638,198
7,133,198,12
1638,7,12,732
198,1638,732,1562
12,198,1562,4
732,12,4,41
1562,732,41,65
4,1562,65,6
41,4,6,16
65,41,16,8245
6,65,8245,15
16,6,15,107
8245,16,107,227
15,8245,227,92
107,15,92,179
227,107,179,211
92,227,211,557
179,92,557,6
211,179,6,31
557,211,31,44
6,557,44,26
31,6,26,219
44,31,219,1758
26,44,1758,37
219,26,37,74770
1758,219,74770,1891
37,1758,1891,37
74770,37,37,3262
1891,74770,3262,38
37,1891,38,593
3262,37,593,852
38,3262,852,854
593,38,854,41
852,593,41,65
854,852,65,6
41,854,6,44
65,41,44,45
6,65,45,15
44,6,15,707
45,44,707,734
15,45,734,16
707,15,16,1444
734,707,1444,748
16,734,748,6
1444,16,6,70
748,1444,70,290
6,748,290,4
70,6,4,37
290,70,37,727
4,290,727,44
37,4,44,226
727,37,226,325
44,727,325,44
226,44,44,16
325,226,16,405
44,325,405,10
16,44,10,727
405,16,727,68
10,405,68,44
727,10,44,602
68,727,602,3245
44,68,3245,5394
602,44,5394,70
3245,602,70,770
5394,3245,770,1013
70,5394,1013,15
770,70,15,129
1013,770,129,5
15,1013,5,1506
129,15,1506,684
5,129,684,31
1506,5,31,44
684,1506,44,602
31,684,602,3912
44,31,3912,47217
602,44,47217,20
3912,602,20,105
47217,3912,105,754
20,47217,754,27
105,20,27,13
754,105,13,3371
27,754,3371,22
13,27,22,236
3371,13,236,8177
22,3371,8177,58
236,22,58,662
8177,236,662,9
58,8177,9,776
662,58,776,205
9,662,205,11
776,9,11,84
205,776,84,495
11,205,495,144
84,11,144,5
495,84,5,129
144,495,129,5
5,144,5,1850
129,5,1850,58
5,129,58,4
1850,5,4,7367
58,1850,7367,679
4,58,679,462
7367,4,462,5829
679,7367,5829,3
462,679,3,129
5829,462,129,144
3,5829,144,11
129,3,11,4496
144,129,4496,2
11,144,2,205
4496,11,205,45420
2,4496,45420,638
205,2,638,193
45420,205,193,5
638,45420,5,598
193,638,598,296
5,193,296,373
598,5,373,6
296,598,6,150
373,296,150,1186
6,373,1186,15
150,6,15,129
1186,150,129,14740
15,1186,14740,22
129,15,22,1011
14740,129,1011,422
22,14740,422,5
1011,22,5,129
422,1011,129,6
5,422,6,1258
129,5,1258,667
6,129,667,236
1258,6,236,2994
667,1258,2994,3
236,667,3,117
2994,236,117,1025
3,2994,1025,305
117,3,305,5
1025,117,5,410
305,1025,410,23
5,305,23,129
410,5,129,1878
23,410,1878,9569
129,23,9569,24
1878,129,24,129
9569,1878,129,2
24,9569,2,205
129,24,205,45448
2,129,45448,56
205,2,56,662
45448,205,662,16
56,45448,16,1270
662,56,1270,4178
16,662,4178,1460
1270,16,1460,931
4178,1270,931,23
1460,4178,23,129
931,1460,129,159
23,931,159,410
129,23,410,498
159,129,498,827
410,159,827,189
498,410,189,23
827,498,23,129
189,827,129,39
23,189,39,1369
129,23,1369,636
39,129,636,1079
1369,39,1079,891
636,1369,891,23
1079,636,23,129
891,1079,129,14191
23,891,14191,2842
129,23,2842,1560
14191,129,1560,23
2842,14191,23,129
1560,2842,129,159
23,1560,159,2032
129,23,2032,498
159,129,498,1221
2032,159,1221,2071
498,2032,2071,4
1221,498,4,742
