112,346,142,308
107,112,308,4
142,107,4,33
308,142,33,137
4,308,137,2
33,4,2,8871
137,33,8871,946
2,137,946,2868
8871,2,2868,405
946,8871,405,2
2868,946,2,760
405,2868,760,36
2,405,36,83
760,2,83,2
36,760,2,31282
83,36,31282,59
2,83,59,8871
31282,2,8871,7
59,31282,7,1126
8871,59,1126,154
7,8871,154,56
1126,7,56,4
154,1126,4,346
56,154,346,112
4,56,112,83
346,4,83,107
112,346,107,142
83,112,142,308
107,83,308,2
142,107,2,10805
308,142,10805,1010
2,308,1010,28
10805,2,28,8
1010,10805,8,3
28,1010,3,180
8,28,180,130
3,8,130,83
180,3,83,1010
130,180,1010,357
83,130,357,9809
1010,83,9809,6
357,1010,6,130
9809,357,130,573
6,9809,573,130
130,6,130,2625
573,130,2625,134
130,573,134,48
2625,130,48,5
134,2625,5,49
48,134,49,566
5,48,566,1015
49,5,1015,52
566,49,52,33
1015,566,33,16
52,1015,16,367
33,52,367,182
16,33,182,4
367,16,4,396
182,367,396,346
4,182,346,112
396,4,112,107
346,396,107,308
112,346,308,234
107,112,234,9
308,107,9,2
234,308,2,8871
9,234,8871,8871
2,9,8871,7
8871,2,7,112
8871,8871,112,542
7,8871,542,11
112,7,11,34
542,112,34,123
11,542,123,299
34,11,299,5
123,34,5,33
299,123,33,4
5,299,4,611
33,5,611,33
4,33,33,5668
611,4,5668,308
33,611,308,10805
5668,33,10805,4
308,5668,4,7
10805,308,7,50
4,10805,50,1275
7,4,1275,542
50,7,542,4
1275,50,4,7
542,1275,7,1062
4,542,1062,22
7,4,22,1010
1062,7,1010,2235
22,1062,2235,3
1010,22,3,49
2235,1010,49,397
3,2235,397,2
49,3,2,12354
397,49,12354,270
2,397,270,2
12354,2,2,7
270,12354,7,485
2,270,485,95
7,2,95,357
485,7,357,7438
95,485,7438,66
357,95,66,45423
7438,357,45423,568
66,7438,568,404
45423,66,404,1856
568,45423,1856,37
404,568,37,237
1856,404,237,6
37,1856,6,130
237,37,130,6426
6,237,6426,723
130,6,723,130
6426,130,130,290
723,6426,290,5588
130,723,5588,83
290,130,83,46
5588,290,46,4
83,5588,4,723
46,83,723,180
4,46,180,6
723,4,6,2
180,723,2,382
6,180,382,1524
2,6,1524,3508
382,2,3508,15
1524,382,15,220
3508,1524,220,3238
15,3508,3238,303
220,15,303,180
3238,220,180,12
303,3238,12,2
180,303,2,39
12,180,39,1082
2,12,1082,12
39,2,12,54
1082,39,54,7
12,1082,7,353
54,12,353,165
7,54,165,2869
353,7,2869,130
165,353,130,83
2869,165,83,119
130,2869,119,933
83,130,933,1233
119,83,1233,4
933,119,4,1336
1233,933,1336,255
4,1233,255,5
1336,4,5,237
255,1336,237,45
5,255,45,53
237,5,53,7
45,237,7,14
53,45,14,3
7,53,3,358
14,7,358,37
3,14,37,194
358,3,194,8
37,358,8,50
194,37,50,541
8,194,541,61
50,8,61,6
541,50,6,130
61,541,130,573
6,61,573,4
130,6,4,910
573,130,910,46
4,573,46,194
910,4,194,8
46,910,8,1094
194,46,1094,271
8,194,271,131
1094,8,131,273
271,1094,273,14
131,271,14,732
273,131,732,37
14,273,37,130
732,14,130,312
37,732,312,4
130,37,4,130
312,130,130,21568
4,312,21568,2
130,4,2,4765
21568,130,4765,7
2,21568,7,14
4765,2,14,2983
7,4765,2983,3
14,7,3,130
2983,14,130,312
3,2983,312,1569
130,3,1569,1458
312,130,1458,454
1569,312,454,1110
1458,1569,1110,15
454,1458,15,45
1110,454,45,7
15,1110,7,4644
45,15,4644,206
7,45,206,290
4644,7,290,6
206,4644,6,220
290,206,220,3238
6,290,3238,819
220,6,819,25
3238,220,25,382
819,3238,382,24
25,819,24,290
382,25,290,6
24,382,6,119
290,24,119,3238
6,290,3238,3307
119,6,3307,7
3238,119,7,7
3307,3238,7,116
7,3307,116,98
7,7,98,6258
116,7,6258,45
98,116,45,36
6258,98,36,2
45,6258,2,261
36,45,261,262
2,36,262,4
261,2,4,7
262,261,7,7
4,262,7,18
7,4,18,98
7,7,98,347
18,7,347,232
98,18,232,31
347,98,31,13
232,347,13,367
31,232,367,47
13,31,47,6
367,13,6,1962
47,367,1962,206
6,47,206,50
1962,6,50,48
206,1962,48,104
50,206,104,148
48,50,148,1352
104,48,1352,6
148,104,6,312
1352,148,312,50
6,1352,50,53
312,6,53,220
50,312,220,3446
53,50,3446,6
220,53,6,312
3446,220,312,196
6,3446,196,206
312,6,206,13
196,312,13,30
206,196,30,208
13,206,208,2745
30,13,2745,81
208,30,81,36
2745,208,36,13
81,2745,13,81
36,81,81,154
13,36,154,3
81,13,3,1134
154,81,1134,43
3,154,43,31
1134,3,31,14
43,1134,14,20
31,43,20,624
14,31,624,6
20,14,6,413
624,20,413,320
6,624,320,1039
413,6,1039,4
320,413,4,51
1039,320,51,14
4,1039,14,11
51,4,11,61
14,51,61,3
11,14,3,1601
61,11,1601,6
3,61,6,130
1601,3,130,119
6,1601,119,108
130,6,108,697
119,130,697,3
108,119,3,358
697,108,358,37
3,697,37,10
358,3,10,46
37,358,46,98
10,37,98,5
46,10,5,37867
98,46,37867,5
5,98,5,20
37867,5,20,2396
5,37867,2396,180
20,5,180,79
2396,20,79,312
180,2396,312,3
79,180,3,346
312,79,346,661
3,312,661,3
346,3,3,194
661,346,194,8
3,661,8,1601
194,3,1601,697
8,194,697,3
1601,8,3,358
697,1601,358,37
3,697,37,23
358,3,23,308
37,358,308,59
23,37,59,7
308,23,7,295
59,308,295,130
7,59,130,1399
295,7,1399,1314
130,295,1314,23
1399,130,23,406
1314,1399,406,10007
23,1314,10007,7
406,23,7,40
10007,406,40,1590
7,10007,1590,79
40,7,79,312
1590,40,312,4
79,1590,4,72
312,79,72,1400
4,312,1400,231
72,4,231,615
1400,72,615,4
231,1400,4,2726
615,231,2726,7
4,615,7,365
2726,4,365,262
7,2726,262,6
365,7,6,4446
262,365,4446,3238
6,262,3238,400
4446,6,400,210
3238,4446,210,19
400,3238,19,210
210,400,210,15
19,210,15,220
210,19,220,471
15,210,471,4
220,15,4,7
471,220,7,630
4,471,630,3
7,4,3,1795
630,7,1795,3
3,630,3,81
1795,3,81,8
3,1795,8,62
81,3,62,7
8,81,7,1118
62,8,1118,10805
7,62,10805,4
1118,7,4,90
10805,1118,90,534
4,10805,534,471
90,4,471,73
534,90,73,89
471,534,89,31
73,471,31,13
89,73,13,2323
31,89,2323,61
13,31,61,6
2323,13,6,4
61,2323,4,1623
6,61,1623,382
4,6,382,312
1623,4,312,24
382,1623,24,180
312,382,180,46
24,312,46,72
180,24,72,2
46,180,2,281
72,46,281,311
2,72,311,33248
281,2,33248,3238
311,281,3238,7
33248,311,7,277
3238,33248,277,661
7,3238,661,7
277,7,7,14
661,277,14,615
7,661,615,9
14,7,9,4
615,14,4,7
9,615,7,146
4,9,146,39
7,4,39,542
146,7,542,7
39,146,7,68
542,39,68,1118
7,542,1118,220
68,7,220,3446
1118,68,3446,54
220,1118,54,11897
3446,220,11897,365
54,3446,365,6
11897,54,6,2
365,11897,2,534
6,365,534,119
2,6,119,616
534,2,616,15
119,534,15,25
616,119,25,90
15,616,90,194
25,15,194,4
90,25,4,17425
194,90,17425,1380
4,194,1380,661
17425,4,661,59
1380,17425,59,7
661,1380,7,324
59,661,324,142
7,59,142,3
324,7,3,130
142,324,130,119
3,142,119,933
130,3,933,15
119,130,15,39
933,119,39,354
15,933,354,39
39,15,39,542
354,39,542,4
39,354,4,41
542,39,41,194
4,542,194,411
41,4,411,14
194,41,14,8679
411,194,8679,314
14,411,314,4
8679,14,4,4269
314,8679,4269,6
4,314,6,130
4269,4,130,119
6,4269,119,933
130,6,933,28
119,130,28,3
933,119,3,180
28,933,180,42
3,28,42,330
180,3,330,12
42,180,12,33
330,42,33,380
12,330,380,295
33,12,295,3
380,33,3,610
295,380,610,3716
3,295,3716,13
610,3,13,412
3716,610,412,3
13,3716,3,25
412,13,25,15
3,412,15,1775
25,3,1775,8
15,25,8,105
1775,15,105,4
8,1775,4,67
105,8,67,1175
4,105,1175,7
67,4,7,89348
1175,67,89348,1110
7,1175,1110,13
89348,7,13,2
1110,89348,2,2987
13,1110,2987,660
2,13,660,12
2987,2,12,180
660,2987,180,10
12,660,10,14
180,12,14,2
10,180,2,280
14,10,280,6240
2,14,6240,576
280,2,576,29
6240,280,29,42
576,6240,42,8
29,576,8,365
42,29,365,180
8,42,180,56
365,8,56,5
180,365,5,933
56,180,933,8
5,56,8,14
933,5,14,330
8,933,330,8
14,8,8,7
330,14,7,274
8,330,274,933
7,8,933,7
274,7,7,13
933,274,13,47
7,933,47,459
13,7,459,6
47,13,6,4
459,47,4,1175
6,459,1175,8
4,6,8,13
1175,4,13,459
8,1175,459,180
13,8,180,46
459,13,46,274
180,459,274,10
46,180,10,6
274,46,6,130
10,274,130,573
6,10,573,4
130,6,4,130
573,130,130,910
4,573,910,4
130,4,4,130
910,130,130,933
4,910,933,14
130,4,14,2837
933,130,2837,3
14,933,3,137
2837,14,137,180
3,2837,180,67548
137,3,67548,130
180,137,130,545
67548,180,545,66
130,67548,66,7
545,130,7,1443
66,545,1443,658
7,66,658,101
1443,7,101,4
658,1443,4,6304
101,658,6304,578
4,101,578,5
6304,4,5,130
578,6304,130,1207
5,578,1207,4
130,5,4,274
1207,130,274,1175
4,1207,1175,405
274,4,405,29
1175,274,29,8
405,1175,8,1110
29,405,1110,15
8,29,15,933
1110,8,933,4269
15,1110,4269,14
933,15,14,962
4269,933,962,9936
14,4269,9936,87
962,14,87,10
9936,962,10,186
87,9936,186,180
10,87,180,3
186,10,3,45
180,186,45,31
3,180,31,40
45,3,40,394
31,45,394,611
40,31,611,180
394,40,180,142
611,394,142,3
180,611,3,130
142,180,130,751
3,142,751,1175
130,3,1175,46
751,130,46,275
1175,751,275,5
46,1175,5,104
275,46,104,894
5,275,894,2878
104,5,2878,358
894,104,358,37
2878,894,37,6
358,2878,6,2967
37,358,2967,54
6,37,54,40
2967,6,40,1292
54,2967,1292,247
40,54,247,130
1292,40,130,6240
247,1292,6240,98404
130,247,98404,30
6240,130,30,2243
98404,6240,2243,9101
30,98404,9101,4
2243,30,4,88
9101,2243,88,2492
4,9101,2492,2878
88,4,2878,10288
2492,88,10288,43
2878,2492,43,6
10288,2878,6,8
43,10288,8,6101
6,43,6101,3011
8,6,3011,7
6101,8,7,62
3011,6101,62,30
7,3011,30,2243
62,7,2243,89
30,62,89,72
2243,30,72,2
89,2243,2,33
72,89,33,7
2,72,7,10
33,2,10,3
7,33,3,42
10,7,42,5
3,10,5,275
42,3,275,5
5,42,5,104
275,5,104,884
5,275,884,33
104,5,33,7
884,104,7,10
33,884,10,3
7,33,3,180
10,7,180,1582
3,10,1582,130
180,3,130,119
1582,180,119,933
130,1582,933,13
119,130,13,2941
933,119,2941,8
13,933,8,1803
2941,13,1803,6101
8,2941,6101,519
1803,8,519,4
6101,1803,4,6
519,6101,6,377
4,519,377,25
6,4,25,13
377,6,13,2941
25,377,2941,120
13,25,120,3
2941,13,3,346
120,2941,346,2878
3,120,2878,10
346,3,10,1732
2878,346,1732,25
10,2878,25,136
1732,10,136,37
25,1732,37,130
136,25,130,933
37,136,933,73
130,37,73,25
933,130,25,90
73,933,90,119
25,73,119,3446
90,25,3446,1732
119,90,1732,37
3446,119,37,2878
1732,3446,2878,48
37,1732,48,60
2878,37,60,29
48,2878,29,10
60,48,10,3279
29,60,3279,338
10,29,338,4
3279,10,4,1217
338,3279,1217,9011
4,338,9011,1296
1217,4,1296,10
9011,1217,10,24
1296,9011,24,245
10,1296,245,2419
24,10,2419,37090
245,24,37090,183
2419,245,183,60
37090,2419,60,220
183,37090,220,3446
60,183,3446,50
220,60,50,719
3446,220,719,67
50,3446,67,226
719,50,226,3
67,719,3,2
226,67,2,39
3,226,39,236
2,3,236,38
39,2,38,41
236,39,41,10264
38,236,10264,1641
41,38,1641,5
10264,41,5,6101
1641,10264,6101,14
5,1641,14,8325
6101,5,8325,130
14,6101,130,1585
8325,14,1585,5
130,8325,5,1175
1585,130,1175,4
5,1585,4,130
1175,5,130,919
4,1175,919,3
130,4,3,3446
919,130,3446,14
3,919,14,3257
3446,3,3257,19451
14,3446,19451,13
3257,14,13,3
19451,3257,3,549
13,19451,549,130
3,13,130,119
549,3,119,308
130,549,308,933
119,130,933,3
308,119,3,945
933,308,945,3875
3,933,3875,3255
945,3,3255,491
3875,945,491,4
3255,3875,4,154
491,3255,154,142
4,491,142,3
154,4,3,130
142,154,130,1175
3,142,1175,6
130,3,6,377
1175,130,377,25
6,1175,25,7
377,6,7,1588
25,377,1588,271
7,25,271,8
1588,7,8,13
271,1588,13,1877
8,271,1877,798
13,8,798,5
1877,13,5,130
798,1877,130,290
5,798,290,7
130,5,7,18
290,130,18,445
7,290,445,1410
18,7,1410,88
445,18,88,37
1410,445,37,108
88,1410,108,19
37,88,19,110
108,37,110,3
19,108,3,236
110,19,236,7
3,110,7,14
236,3,14,208
7,236,208,1192
14,7,1192,3
208,14,3,17
1192,208,17,4
3,1192,4,118
17,3,118,15
4,17,15,45
118,4,45,7
15,118,7,14
45,15,14,208
7,45,208,1192
14,7,1192,3
208,14,3,966
1192,208,966,51
3,1192,51,7
966,3,7,1588
51,966,1588,19
7,51,19,2299
1588,7,2299,24
19,1588,24,119
2299,19,119,3307
24,2299,3307,3
119,24,3,312
3307,119,312,5
3,3307,5,3238
312,3,3238,207
5,312,207,44
3238,5,44,4
207,3238,4,110
44,207,110,79
4,44,79,2114
110,4,2114,4
79,110,4,308
2114,79,308,73
4,2114,73,10805
308,4,10805,50
73,308,50,76
10805,73,76,699
50,10805,699,37
76,50,37,157
699,76,157,8
37,699,8,408
157,37,408,938
8,157,938,7
408,8,7,14
938,408,14,3
7,938,3,358
14,7,358,37
3,14,37,46
358,3,46,699
37,358,699,8
46,37,8,16
699,46,16,445
8,699,445,41
16,8,41,1003
445,16,1003,388
41,445,388,24
1003,41,24,1932
388,1003,1932,5
24,388,5,2
1932,24,2,770
5,1932,770,65
2,5,65,24
770,2,24,172
65,770,172,20
24,65,20,382
172,24,382,2050
20,172,2050,218
382,20,218,3
2050,382,3,160
218,2050,160,180
3,218,180,4
160,3,4,2967
180,160,2967,218
4,180,218,3
2967,4,3,17
218,2967,17,130
3,218,130,6240
17,3,6240,87835
130,17,87835,2
6240,130,2,4765
87835,6240,4765,7
2,87835,7,7
4765,2,7,18
7,4765,18,357
7,7,357,3
18,7,3,920
357,18,920,51
3,357,51,721
920,3,721,3
51,920,3,180
721,51,180,8
3,721,8,330
180,3,330,15
8,180,15,130
330,8,130,933
15,330,933,4269
130,15,4269,29
933,130,29,7
4269,933,7,277
29,4269,277,81
7,29,81,394
277,7,394,155
81,277,155,7
394,81,7,445
155,394,445,520
7,155,520,29
445,7,29,208
520,445,208,432
29,520,432,424
208,29,424,3
432,208,3,610
424,432,610,166
3,424,166,1874
610,3,1874,5
166,610,5,1175
1874,166,1175,13
5,1874,13,47
1175,5,47,130
13,1175,130,31950
47,13,31950,367
130,47,367,170
31950,130,170,62
367,31950,62,8
170,367,8,520
62,170,520,4
8,62,4,166
520,8,166,6101
4,520,6101,55
166,4,55,2754
6101,166,2754,1841
55,6101,1841,1022
2754,55,1022,5
1841,2754,5,1775
1022,1841,1775,6
5,1022,6,157
1775,5,157,7
6,1775,7,1073
157,6,1073,5
7,157,5,20
1073,7,20,51887
5,1073,51887,13
20,5,13,160
51887,20,160,29
13,51887,29,136
160,13,136,165
29,160,165,13746
136,29,13746,727
165,136,727,1242
13746,165,1242,394
727,13746,394,136
1242,727,136,13
394,1242,13,160
136,394,160,12784
13,136,12784,1656
160,13,1656,4306
12784,160,4306,1039
1656,12784,1039,2418
4306,1656,2418,4
1039,4306,4,220
2418,1039,220,3446
4,2418,3446,5
220,4,5,157
3446,220,157,186
5,3446,186,2
157,5,2,658
186,157,658,101
2,186,101,578
658,2,578,8
101,658,8,160
578,101,160,133
8,578,133,4
160,8,4,6721
133,160,6721,108
4,133,108,1804
6721,4,1804,658
108,6721,658,101
1804,108,101,309
658,1804,309,893
101,658,893,6
309,101,6,4
893,309,4,360
6,893,360,101
4,6,101,309
360,4,309,6
101,360,6,220
309,101,220,612
6,309,612,158
220,6,158,317
612,220,317,79
158,612,79,266
317,158,266,231
79,317,231,133
266,79,133,9
231,266,9,99
133,231,99,60
9,133,60,170
99,9,170,9110
60,99,9110,4
170,60,4,617
9110,170,617,71
4,9110,71,14
617,4,14,612
71,617,612,99
14,71,99,220
612,14,220,63
99,612,63,5
220,99,5,143
63,220,143,35
5,63,35,4
143,5,4,5577
35,143,5577,378
4,35,378,66
5577,4,66,394
378,5577,394,1241
66,378,1241,70
394,66,70,18
1241,394,18,1666
70,1241,1666,136
18,70,136,6
1666,18,6,207
136,1666,207,418
6,136,418,5
207,6,5,70
418,207,70,770
5,418,770,24
70,5,24,141
770,70,141,4
24,770,4,2394
141,24,2394,3
4,141,3,402
2394,4,402,4
3,2394,4,1147
402,3,1147,24
4,402,24,842
1147,4,842,4
24,1147,4,658
842,24,658,427
4,842,427,3
658,4,3,3663
427,658,3663,2089
3,427,2089,4
3663,3,4,445
2089,3663,445,1251
4,2089,1251,4
445,4,4,399
1251,445,399,101
4,1251,101,2
399,4,2,39
101,399,39,1207
2,101,1207,5
39,2,5,48
1207,39,48,237
5,1207,237,7
