5,1509,31,18
225,5,18,908
31,225,908,109
18,31,109,5
908,18,5,17150
109,908,17150,36
5,109,36,1069
17150,5,1069,1137
36,17150,1137,74
1069,36,74,66
1137,1069,66,5562
74,1137,5562,4
66,74,4,2032
5562,66,2032,1553
4,5562,1553,31
2032,4,31,13
1553,2032,13,170
31,1553,170,27384
13,31,27384,363
170,13,363,5
27384,170,5,200
363,27384,200,32
5,363,32,1069
200,5,1069,1137
32,200,1137,7401
1069,32,7401,28
1137,1069,28,11
7401,1137,11,14
28,7401,14,1024
11,28,1024,3
14,11,3,154
1024,14,154,845
3,1024,845,15
154,3,15,49
845,154,49,460
15,845,460,75
49,15,75,1107
460,49,1107,78
75,460,78,32
1107,75,32,44
78,1107,44,12
32,78,12,69
44,32,69,1455
12,44,1455,8
69,12,8,225
1455,69,225,31
8,1455,31,18
225,8,18,47
31,225,47,3975
18,31,3975,4645
47,18,4645,18
3975,47,18,101
4645,3975,101,3
18,4645,3,17
101,18,17,178
3,101,178,100
17,3,100,884
882,6,356,1391
152,882,1391,128
356,152,128,153
1391,356,153,7
128,1391,7,425
153,128,425,8
7,153,8,5567
425,7,5567,14
8,425,14,377
5567,8,377,2
14,5567,2,306
377,14,306,224
2,377,224,3
306,2,3,666
224,306,666,4
3,224,4,2074
666,3,2074,699
4,666,699,8
2074,4,8,16
699,2074,16,118
8,699,118,1254
16,8,1254,37
118,16,37,67
1254,118,67,92
37,1254,92,1502
67,37,1502,85
92,67,85,4
1502,92,4,38
85,1502,38,7267
4,85,7267,78
38,4,78,32
7267,38,32,130
78,7267,130,3760
32,78,3760,14
130,32,14,8
3760,130,8,26
14,3760,26,50
8,14,50,110
26,8,110,25
50,26,25,239
110,50,239,2
25,110,2,3
239,25,3,303
2,239,303,61
3,2,61,2531
303,3,2531,1087
61,303,1087,4
2531,61,4,91
1087,2531,91,8838
4,1087,8838,199
91,4,199,3
8838,91,3,1080
199,8838,1080,43
3,199,43,9
1080,3,9,2
43,1080,2,32
9,43,32,592
2,9,592,10
32,2,10,477
592,32,477,7
10,592,7,14
477,10,14,21
7,477,21,1074
14,7,1074,6
21,14,6,8
1074,21,8,3760
6,1074,3760,87
8,6,87,48
3760,8,48,1026
87,3760,1026,5
48,87,5,45
1026,48,45,608
5,1026,608,3
45,5,3,611
608,45,611,61
3,608,61,1597
611,3,1597,5
61,611,5,8838
1597,61,8838,199
5,1597,199,211
8838,5,211,27
199,8838,27,69
211,199,69,270
27,211,270,7
69,27,7,1466
270,69,1466,6
7,270,6,1676
1466,7,1676,8
6,1466,8,48
1676,6,48,5
8,1676,5,158
48,8,158,199
5,48,199,16
158,5,16,1222
199,158,1222,2
16,199,2,382
1222,16,382,460
2,1222,460,26
382,2,26,219
460,382,219,1222
26,460,1222,2
219,26,2,460
1222,219,460,5
2,1222,5,2
460,2,2,838
5,460,838,8
2,5,8,7
838,2,7,196
8,838,196,349
7,8,349,3
196,7,3,251
349,196,251,76
3,349,76,16
251,3,16,80
76,251,80,254
16,76,254,8
80,16,8,27
254,80,27,7
8,254,7,805
27,8,805,19
7,27,19,2
805,7,2,173
19,805,173,36
2,19,36,103
173,2,103,76
36,173,76,16
103,36,16,254
76,103,254,32
16,76,32,7
254,16,7,2
32,254,2,334
7,32,334,1067
2,7,1067,805
334,2,805,10
1067,334,10,87
805,1067,87,26
10,805,26,380
87,10,380,47
26,87,47,7859
380,26,7859,4
47,380,4,26
7859,47,26,219
4,7859,219,7568
26,4,7568,3
219,26,3,1104
7568,219,1104,416
3,7568,416,5
1104,3,5,38
416,1104,38,7912
5,416,7912,5
38,5,5,376
7912,38,376,2143
5,7912,2143,80
376,5,80,481
2143,376,481,2
80,2143,2,7007
481,80,7007,463
2,481,463,37
7007,2,37,12486
463,7007,12486,1160
37,463,1160,5
12486,37,5,131
1160,12486,131,354
5,1160,354,5
131,5,5,1502
354,131,1502,85
5,354,85,62
1502,5,62,7
85,1502,7,20
62,85,20,505
7,62,505,7
20,7,7,178
505,20,178,8
7,505,8,1984
178,7,1984,926
8,178,926,5
1984,8,5,45
926,1984,45,31
5,926,31,16
45,5,16,1650
31,45,1650,5
16,31,5,38
1650,16,38,16701
5,1650,16701,18
38,5,18,146
16701,38,146,2
18,16701,2,841
146,18,841,26
2,146,26,1366
841,2,1366,8
26,841,8,26
1366,26,26,50
8,1366,50,3265
26,8,3265,23376
50,26,23376,74
3265,50,74,597
23376,3265,597,1070
74,23376,1070,4
597,74,4,26
1070,597,26,22923
4,1070,22923,25
26,4,25,329
22923,26,329,20
25,22923,20,1463
329,25,1463,33
20,329,33,8
1463,20,8,85
33,1463,85,7
8,33,7,2053
85,8,2053,10315
7,85,10315,43103
2053,7,43103,26
10315,2053,26,219
43103,10315,219,72
26,43103,72,18347
219,26,18347,142
72,219,142,1246
18347,72,1246,87
142,18347,87,10
1246,142,10,14
87,1246,14,25
10,87,25,5155
14,10,5155,8
25,14,8,597
5155,25,597,14
8,5155,14,11762
597,8,11762,10
14,597,10,10
11762,14,10,165
10,11762,165,2
10,10,2,5211
165,10,5211,180
2,165,180,29
5211,2,29,699
180,5211,699,7
29,180,7,67
699,29,67,441
7,699,441,31
67,7,31,55
441,67,55,33
31,441,33,976
55,31,976,164
33,55,164,16
976,33,16,23
164,976,23,275
16,164,275,103
23,16,103,528
275,23,528,31
103,275,31,18
528,103,18,2
31,528,2,571
18,31,571,433
2,18,433,9
571,2,9,1222
433,571,1222,699
9,433,699,753
1222,9,753,3839
699,1222,3839,10
753,699,10,490
3839,753,490,3
10,3839,3,967
490,10,967,112
3,490,112,83
967,3,83,1070
112,967,1070,12
83,112,12,696
1070,83,696,339
12,1070,339,82
696,12,82,346
339,696,346,81
82,339,81,12
346,82,12,2300
81,346,2300,4
12,81,4,672
2300,12,672,781
4,2300,781,6
672,4,6,66
781,672,66,38
6,781,38,799
66,6,799,18
38,66,18,208
799,38,208,370
18,799,370,47
208,18,47,7599
370,208,7599,82
47,370,82,346
7599,47,346,81
82,7599,81,12
346,82,12,672
81,346,672,4
12,81,4,12
672,12,12,38
4,672,38,1087
12,4,1087,1099
38,12,1099,152
1087,38,152,777
1099,1087,777,8
152,1099,8,18
777,152,18,47
8,777,47,231
18,8,231,9
47,18,9,2
231,47,2,281
9,231,281,66
2,9,66,16
281,2,16,253
66,281,253,3
16,66,3,17
253,16,17,41
3,253,41,5458
17,3,5458,65
41,17,65,882
5458,41,882,777
65,5458,777,29
882,65,29,329
777,882,329,17
29,777,17,1888
329,29,1888,30
17,329,30,18
1888,17,18,2
30,1888,2,2137
18,30,2137,196
2,18,196,82
2137,2,82,557
196,2137,557,48
82,196,48,5
557,82,5,43
48,557,43,5487
5,48,5487,78
43,5,78,32
5487,43,32,32
78,5487,32,479
32,78,479,4
32,32,4,32
479,32,32,246
4,479,246,1115
32,4,1115,8
246,32,8,13
1115,246,13,25
8,1115,25,30516
13,8,30516,213
25,13,213,15
30516,25,15,1278
213,30516,1278,8
15,213,8,10
1278,15,10,1275
8,1278,1275,1567
10,8,1567,3
1275,10,3,80
1567,1275,80,88
3,1567,88,10993
80,3,10993,25164
88,80,25164,22974
10993,88,22974,8
25164,10993,8,271
22974,25164,271,7
8,22974,7,17861
271,8,17861,833
7,271,833,333
17861,7,333,1932
833,17861,1932,368
333,833,368,7
1932,333,7,25
368,1932,25,72
7,368,72,11169
25,7,11169,976
72,25,976,580
11169,72,580,3219
976,11169,3219,112
580,976,112,333
3219,580,333,1394
112,3219,1394,1243
333,112,1243,1087
1394,333,1087,420
1243,1394,420,4
1087,1243,4,516
420,1087,516,229
4,420,229,36
516,4,36,21
229,516,21,333
36,229,333,26
21,36,26,219
333,21,219,5039
26,333,5039,313
219,26,313,3
5039,219,3,17
313,5039,17,2132
3,313,2132,59
17,3,59,33
2132,17,33,137
59,2132,137,2661
33,59,2661,183
137,33,183,10754
2661,137,10754,2063
183,2661,2063,74
10754,183,74,4
2063,10754,4,74
74,2063,74,1750
4,74,1750,10
74,4,10,87
1750,74,87,10
10,1750,10,2
87,10,2,631
10,87,631,173
2,10,173,8
631,2,8,480
173,631,480,13
8,173,13,2440
480,8,2440,152
13,480,152,26
2440,13,26,16
152,2440,16,3
26,152,3,2453
16,26,2453,18
3,16,18,33
2453,3,33,367
18,2453,367,1466
33,18,1466,2116
367,33,2116,73
1466,367,73,4
2116,1466,4,9147
73,2116,9147,5
4,73,5,4735
9147,4,4735,36
5,9147,36,9
4735,5,9,112
36,4735,112,83
9,36,83,1565
112,9,1565,502
83,112,502,91
1565,83,91,74
502,1565,74,4
91,502,4,74
74,91,74,10
4,74,10,2
74,4,2,631
10,74,631,173
2,10,173,4
631,2,4,34556
173,631,34556,152
4,173,152,7
34556,4,7,501
152,34556,501,10
7,152,10,2
501,7,2,2
10,501,2,1391
2,10,1391,1555
2,2,1555,208
1391,2,208,976
1555,1391,976,2
208,1555,2,631
976,208,631,173
2,976,173,30
631,2,30,219
173,631,219,48
30,173,48,118
219,30,118,1596
48,219,1596,7
118,48,7,178
1596,118,178,8
7,1596,8,335
178,7,335,5
8,178,5,31
335,8,31,34
5,335,34,17
31,5,17,235
34,31,235,63
17,34,63,13
235,17,13,260
63,235,260,47
13,63,47,146
260,13,146,10
47,260,10,40
146,47,40,123
10,146,123,2
40,10,2,954
123,40,954,5
2,123,5,989
954,2,989,4759
5,954,4759,3
989,5,3,5421
4759,989,5421,20
3,4759,20,1733
5421,3,1733,126
20,5421,126,10
1733,20,10,93
126,1733,93,3
10,126,3,1489
93,10,1489,12
3,93,12,355
1489,3,355,4
12,1489,4,8
355,12,8,245
4,355,245,254
8,4,254,271
245,8,271,1612
254,245,1612,954
271,254,954,8
1612,271,8,18
954,1612,18,260
8,954,260,47
18,8,47,11471
260,18,11471,90
47,260,90,5
11471,47,5,54
90,11471,54,121
5,90,121,18
54,5,18,2663
121,54,2663,32
18,121,32,6
2663,18,6,4
32,2663,4,3803
6,32,3803,25104
4,6,25104,29
3803,4,29,18
25104,3803,18,2053
29,25104,2053,47
18,29,47,28765
2053,18,28765,74
47,2053,74,15
28765,47,15,334
74,28765,334,1526
15,74,1526,6
334,15,6,5567
1526,334,5567,52
6,1526,52,33
5567,6,33,219
52,5567,219,2
33,52,2,1686
219,33,1686,37
2,219,37,2
1686,2,2,32
37,1686,32,711
2,37,711,2
32,2,2,7
711,32,7,353
2,711,353,911
7,2,911,148
353,7,148,8
911,353,8,33
148,911,33,55
8,148,55,25
33,8,25,7
55,33,7,431
25,55,431,9
7,25,9,699
431,7,699,3
9,431,3,17
699,9,17,508
3,699,508,336
17,3,336,4073
508,17,4073,294
336,508,294,37
4073,336,37,78
294,4073,78,32
37,294,32,120
78,37,120,597
32,78,597,55
120,32,55,1346
597,120,1346,37
55,597,37,10
1346,55,10,59
37,1346,59,30
10,37,30,48
59,10,48,459
30,59,459,67
48,30,67,926
459,48,926,570
67,459,570,30
926,67,30,16
570,926,16,485
30,570,485,1222
16,30,1222,699
485,16,699,82
1222,485,82,4
699,1222,4,377
82,699,377,25
4,82,25,6443
377,4,6443,82
25,377,82,13
6443,25,13,208
82,6443,208,47
13,82,47,41
208,13,41,344
47,208,344,65
41,47,65,10
344,41,10,7
65,344,7,101
10,65,101,84
7,10,84,463
101,7,463,99
84,101,99,886
463,84,886,23
99,463,23,21138
886,99,21138,3684
23,886,3684,112
21138,23,112,937
78,4049,2112,3337
32,78,3337,988
2112,32,988,11
3337,2112,11,4806
988,3337,4806,85
11,988,85,886
4806,11,886,12
85,4806,12,318
886,85,318,109
12,886,109,19
318,12,19,5472
109,318,5472,30568
19,109,30568,6
5472,19,6,356
30568,5472,356,336
6,30568,336,20
356,6,20,5470
336,356,5470,2536
20,336,2536,307
5470,20,307,2112
2536,5470,2112,3337
307,2536,3337,5
2112,307,5,162
3337,2112,162,127
5,3337,127,94
162,5,94,78
127,162,78,32
94,127,32,13
78,94,13,72
32,78,72,2019
13,32,2019,4
72,13,4,51
2019,72,51,10
4,2019,10,1652
51,4,1652,7
10,51,7,5341
1652,10,5341,6
7,1652,6,49
5341,7,49,83
6,5341,83,926
49,6,926,30
83,49,30,485
926,83,485,1536
30,926,1536,162
485,30,162,1222
1536,485,1222,523
162,1536,523,8
1222,162,8,85
523,1222,85,55
8,523,55,4
85,8,4,121
55,85,121,17
4,55,17,1502
121,4,1502,3
17,121,3,1061
1502,17,1061,31
3,1502,31,192
1061,3,192,20
31,1061,20,2208
192,31,2208,9344
20,192,9344,5
2208,20,5,207
9344,2208,207,92
5,9344,92,12
207,5,12,1028
92,207,1028,6
12,92,6,24828
1028,12,24828,87
6,1028,87,11
24828,6,11,7
87,24828,7,86
11,87,86,631
7,11,631,37
86,7,37,4104
631,86,4104,70
37,631,70,127
4104,37,127,85
70,4104,85,170
127,70,170,221
85,127,221,3861
170,85,3861,38
221,170,38,291
3861,221,291,79
38,3861,79,618
291,38,618,162
79,291,162,4
618,79,4,78
162,618,78,1153
4,162,1153,2
78,4,2,921
1153,78,921,423
2,1153,423,3
921,2,3,4581
423,921,4581,244
3,423,244,5
4581,3,5,57
244,4581,57,10
5,244,10,344
57,5,344,3
10,57,3,485
344,10,485,20
3,344,20,3337
485,3,3337,11
20,485,11,7
3337,20,7,5155
11,3337,5155,59
7,11,59,11
5155,7,11,44
59,5155,44,85
11,59,85,121
44,11,121,123
85,44,123,236
121,85,236,1520
123,121,1520,30
236,123,30,96
1520,236,96,507
30,1520,507,8
96,30,8,30
507,96,30,7
8,507,7,271
30,8,271,3
7,30,3,1024
271,7,1024,31
3,271,31,14
1024,3,14,110
31,1024,110,3
14,31,3,192
110,14,192,485
3,110,485,10
192,3,10,24
485,192,24,49
10,485,49,83
24,10,83,3754
49,24,3754,78
83,49,78,1003
3754,83,1003,28
78,3754,28,7
1003,78,7,25
28,1003,25,21
7,28,21,113
25,7,113,30
21,25,30,121
113,21,121,18
30,113,18,1439
121,30,1439,9
18,121,9,4
1439,18,4,85
9,1439,85,6
4,9,6,1240
85,4,1240,4719
6,85,4719,7
1240,6,7,113
4719,1240,113,8
7,4719,8,14
113,7,14,2
8,113,2,273
14,8,273,1437
2,14,1437,4
273,2,4,52
1437,273,52,30
4,1437,30,50
52,4,50,110
30,52,110,3
50,30,3,1195
110,50,1195,9
3,110,9,4
1195,3,4,85
9,1195,85,140
4,9,140,30
85,4,30,121
140,85,121,18
30,140,18,146
121,30,146,507
18,121,507,8
146,18,8,30
507,146,30,7
8,507,7,271
30,8,271,3
7,30,3,1024
271,7,1024,31
3,271,31,14
1024,3,14,110
31,1024,110,3
14,31,3,192
110,14,192,20
3,110,20,1110
192,3,1110,365
20,192,365,236
1110,20,236,6
365,1110,6,171
236,365,171,2
6,236,2,1012
171,6,1012,15
2,171,15,7716
1012,2,7716,6795
15,1012,6795,4
7716,15,4,1301
6795,7716,1301,4
4,6795,4,808
1301,4,808,1799
4,1301,1799,9
808,4,9,1048
1799,808,1048,310
9,1799,310,23
1048,9,23,60
310,1048,60,78
23,310,78,32
60,23,32,14
78,60,14,438
32,78,438,9
14,32,9,2
438,14,2,24799
9,438,24799,2000
2,9,2000,2
24799,2,2,2
2000,24799,2,43
2,2000,43,387
2,2,387,49
43,2,49,1413
387,43,1413,395
49,387,395,1701
1413,49,1701,5
395,1413,5,2253
1701,395,2253,979
5,1701,979,855
2253,5,855,49
979,2253,49,3
855,979,3,3142
49,855,3142,3
3,49,3,966
3142,3,966,2253
3,3142,2253,979
966,3,979,5
2253,966,5,1048
979,2253,1048,310
5,979,310,49
1048,5,49,1110
310,1048,1110,14
49,310,14,3583
1110,49,3583,2988
14,1110,2988,4
3583,14,4,3337
2988,3583,3337,13
4,2988,13,47
3337,4,47,307
13,3337,307,375
47,13,375,84
307,47,84,184
375,307,184,3
84,375,3,6795
184,84,6795,20
3,184,20,334
6795,3,334,3337
20,6795,3337,3411
334,20,3411,13
3337,334,13,86
3411,3337,86,47
13,3411,47,485
86,13,485,19
47,86,19,503
485,47,503,2651
19,485,2651,5
503,19,5,1048
2651,503,1048,310
5,2651,310,2001
1048,5,2001,6
310,1048,6,968
2001,310,968,11
6,2001,11,366
968,6,366,22
11,968,22,3558
366,11,3558,7
22,366,7,86
3558,22,86,3558
7,3558,3558,4
86,7,4,64
3558,86,64,42
4,3558,42,13
64,4,13,485
42,64,485,10
13,42,10,170
485,13,170,46
10,485,46,375
170,10,375,84
46,170,84,85
375,46,85,4104
84,375,4104,162
85,84,162,78
4104,85,78,32
162,4104,32,10
78,162,10,988
32,78,988,11
10,32,11,7
988,10,7,1095
11,988,1095,3
7,11,3,25
1095,7,25,1112
3,1095,1112,10
25,3,10,123
1112,25,123,3
10,1112,3,192
123,10,192,15
3,123,15,989
192,3,989,869
15,192,869,5
989,15,5,114
869,989,114,1230
5,869,1230,260
114,5,260,118
1230,114,118,425
260,1230,425,6
118,260,6,950
425,118,950,5
6,425,5,88
950,6,88,618
5,950,618,4
88,5,4,1536
618,88,1536,629
4,618,629,5
1536,4,5,67
629,1536,67,60
5,629,60,6
67,5,6,3556
60,67,3556,15
6,60,15,20
3556,6,20,3337
15,3556,3337,10
20,15,10,490
3337,20,490,3
10,3337,3,2306
490,10,2306,8
3,490,8,78
2306,3,78,40
8,2306,40,4806
78,8,4806,85
40,78,85,3
4806,40,3,192
85,4806,192,9484
3,85,9484,70
192,3,70,16
9484,192,16,43673
70,9484,43673,61
16,70,61,3
43673,16,3,49
61,43673,49,3775
3,61,3775,12386
