13,2562,2,372
392,13,372,3423
2,392,3423,9
372,2,9,315
3423,372,315,3
9,3423,3,2610
315,9,2610,857
3,315,857,6
2610,3,6,311
857,2610,311,389
6,857,389,74
311,6,74,727
389,311,727,2
74,389,2,169
727,74,169,1156
2,727,1156,244
169,2,244,6
1156,169,6,41
244,1156,41,65
6,244,65,713
41,6,713,2462
65,41,2462,1326
713,65,1326,170
2462,713,170,1156
1326,2462,1156,3327
170,1326,3327,5
1156,170,5,1240
3327,1156,1240,4719
5,3327,4719,5
1240,5,5,652
4719,1240,652,493
5,4719,493,2
652,5,2,1240
493,652,1240,272
2,493,272,3624
1240,2,3624,168
272,1240,168,22
3624,272,22,4193
168,3624,4193,75
22,168,75,22
4193,22,22,347
75,4193,347,308
22,75,308,14
347,22,14,9422
308,347,9422,19
14,308,19,1156
9422,14,1156,6
19,9422,6,17885
1156,19,17885,36798
6,1156,36798,746
17885,6,746,713
36798,17885,713,1156
746,36798,1156,2462
713,746,2462,5
1156,713,5,93568
2462,1156,93568,37147
5,2462,37147,1753
93568,5,1753,6
37147,93568,6,389
1753,37147,389,2241
6,1753,2241,14129
389,6,14129,12
2241,389,12,318
14129,2241,318,109
12,14129,109,1089
318,12,1089,19
109,318,19,4995
1089,109,4995,48
19,1089,48,1156
4995,19,1156,2462
48,4995,2462,16
1156,48,16,713
2462,1156,713,203
16,2462,203,414
713,16,414,141
203,713,141,6215
414,203,6215,6998
141,414,6998,13
6215,141,13,6017
6998,6215,6017,251
13,6998,251,3
6017,13,3,172
251,6017,172,2462
3,251,2462,2427
172,3,2427,6
2462,172,6,3828
2427,2462,3828,1240
6,2427,1240,4719
3828,6,4719,11642
1240,3828,11642,8995
4719,1240,8995,15
11642,4719,15,2617
8995,11642,2617,76
15,8995,76,45
2617,15,45,211
76,2617,211,1715
45,76,1715,1156
211,45,1156,4
1715,211,4,1690
1156,1715,1690,751
4,1156,751,365
1690,4,365,177
751,1690,177,6
365,751,6,27
177,365,27,712
6,177,712,6
27,6,6,12
712,27,12,442
6,712,442,5960
12,6,5960,3319
442,12,3319,1011
5960,442,1011,1184
3319,5960,1184,19
1011,3319,19,27
1184,1011,27,254
19,1184,254,280
27,19,280,1662
254,27,1662,2728
280,254,2728,40
1662,280,40,1283
2728,1662,1283,389
40,2728,389,2241
1283,40,2241,14129
389,1283,14129,2
2241,389,2,1035
14129,2241,1035,5
2,14129,5,546
1035,2,546,52
5,1035,52,11
546,5,11,192
52,546,192,119
11,52,119,111
192,11,111,6
119,192,6,43
111,119,43,127
6,111,127,85
43,6,85,2
127,43,2,865
85,127,865,339
2,85,339,519
865,2,519,19
339,865,19,27
519,339,27,14
19,519,14,68
27,19,68,1596
14,27,1596,23
68,14,23,343
1596,68,343,6
23,1596,6,54
343,23,54,11
6,343,11,28
54,6,28,570
11,54,570,30
28,11,30,34
570,28,34,524
30,570,524,61
34,30,61,3
524,34,3,2006
61,524,2006,73
3,61,73,250
2006,3,250,17
73,2006,17,12
250,73,12,2683
17,250,2683,546
12,17,546,4
2683,12,4,49
546,2683,49,45
4,546,45,570
49,4,570,30
45,49,30,34
570,45,34,96
30,570,96,157
34,30,157,4
96,34,4,546
157,96,546,1106
4,157,1106,285
546,4,285,184
1106,546,184,3
285,1106,3,2112
184,285,2112,125
3,184,125,24
2112,3,24,647
125,2112,647,19
24,125,19,159
647,24,159,43
19,647,43,269
159,19,269,5
43,159,5,35
269,43,35,6013
5,269,6013,5447
35,5,5447,991
6013,35,991,13
5447,6013,13,1093
991,5447,1093,342
13,991,342,537
1093,13,537,23
342,1093,23,1052
537,342,1052,1035
23,537,1035,960
1052,23,960,259
411,176,181,5
3,411,5,6103
181,3,6103,23
5,181,23,37
6103,5,37,1171
23,6103,1171,298
37,23,298,59
1171,37,59,26
298,1171,26,277
59,298,277,944
26,59,944,2484
277,26,2484,643
944,277,643,721
2484,944,721,6
643,2484,6,2
721,643,2,2114
6,721,2114,8
2,6,8,7
2114,2,7,1165
8,2114,1165,280
7,8,280,3249
1165,7,3249,120
280,1165,120,545
3249,280,545,244
120,3249,244,4
545,120,4,512
244,545,512,53
4,244,53,7
512,4,7,762
53,512,762,184
7,53,184,3
762,7,3,39
184,762,39,4
3,184,4,85080
39,3,85080,330
4,39,330,17013
85080,4,17013,804
330,85080,804,4605
17013,330,4605,620
804,17013,620,65049
4605,804,65049,3668
620,4605,3668,21540
65049,620,21540,120
3668,65049,120,176
21540,3668,176,50
120,21540,50,2366
176,120,2366,5524
50,176,5524,4501
2366,50,4501,814
5524,2366,814,97258
4501,5524,97258,181
814,4501,181,42
97258,814,42,1010
181,97258,1010,1558
42,181,1558,83
1010,42,83,6
1558,1010,6,2551
83,1558,2551,75
6,83,75,11
2551,6,11,15175
75,2551,15175,37
11,75,37,49
15175,11,49,1412
37,15175,1412,4
49,37,4,20423
1412,49,20423,122
4,1412,122,2
20423,4,2,810
122,20423,810,12497
2,122,12497,10
810,2,10,47
12497,810,47,509
10,12497,509,72
47,10,72,468
509,47,468,180
72,509,180,52
468,72,52,11
180,468,11,46684
52,180,46684,25
11,52,25,7
46684,11,7,4383
25,46684,4383,35955
7,25,35955,19318
4383,7,19318,28117
35955,4383,28117,1045
19318,35955,1045,481
28117,19318,481,12
1045,28117,12,558
481,1045,558,25
12,481,25,90
558,12,90,60
25,558,60,7
90,25,7,821
60,90,821,4578
7,60,4578,130
821,7,130,951
4578,821,951,3
130,4578,3,1367
951,130,1367,130
3,951,130,1045
1367,3,1045,26803
130,1367,26803,4
1045,130,4,26070
26803,1045,26070,1848
4,26803,1848,373
26070,4,373,394
1848,26070,394,7
373,1848,7,1366
394,373,1366,8
7,394,8,7
1366,7,7,821
8,1366,821,533
7,8,533,81
821,7,81,9
533,821,9,1916
81,533,1916,4
9,81,4,1327
1916,9,1327,38
4,1916,38,951
1327,4,951,3547
38,1327,3547,19
951,38,19,38
3547,951,38,2484
19,3547,2484,8
38,19,8,21
2484,38,21,3264
8,2484,3264,36708
21,8,36708,610
3264,21,610,594
36708,3264,594,37
610,36708,37,1307
594,610,1307,8
37,594,8,20
1307,37,20,14
8,1307,14,69025
20,8,69025,4
14,20,4,30
69025,14,30,34
4,69025,34,15044
30,4,15044,207
34,30,207,345
15044,34,345,3
207,15044,3,1024
345,207,1024,52
3,345,52,8
1024,3,8,7
52,1024,7,187
8,52,187,67
7,8,67,486
187,7,486,16
67,187,16,15
486,67,15,907
16,486,907,4
15,16,4,542
907,15,542,5
4,907,5,104
542,4,104,534
5,542,534,45
104,5,45,31
534,104,31,182
45,534,182,38
31,45,38,244
182,31,244,25
38,182,25,16244
244,38,16244,582
25,244,582,1079
16244,25,1079,1668
582,16244,1668,5
1079,582,5,10188
1668,1079,10188,1228
5,1668,1228,176
10188,5,176,216
1228,10188,216,28
176,1228,28,23
216,176,23,2
28,216,2,310
23,28,310,57183
2,23,57183,1171
310,2,1171,6
57183,310,6,2
1171,57183,2,310
6,1171,310,724
2,6,724,8814
310,2,8814,872
724,310,872,5
8814,724,5,80
872,8814,80,66
5,872,66,6266
80,5,6266,28
66,80,28,11
6266,66,11,208
28,6266,208,40
11,28,40,18
208,11,18,761
40,208,761,20
18,40,20,11
761,18,11,28
20,761,28,8
11,20,8,643
28,11,643,13
8,28,13,412
643,8,412,3
13,643,3,25
412,13,25,15
3,412,15,237
25,3,237,36
15,25,36,1251
237,15,1251,4
36,237,4,622
1251,36,622,3
4,1251,3,25
622,4,25,15
3,622,15,3677
25,3,3677,20578
15,25,20578,1146
3677,15,1146,13
20578,3677,13,412
1146,20578,412,3
13,1146,3,25
412,13,25,15
3,412,15,1251
25,3,1251,36
15,25,36,944
1251,15,944,100
36,1251,100,1175
944,36,1175,29
100,944,29,472
1175,100,472,13
29,1175,13,3
472,29,3,25
13,472,25,15
3,13,15,3370
25,3,3370,3677
15,25,3677,1794
3370,15,1794,8
3677,3370,8,130
1794,3677,130,1043
8,1794,1043,13
130,8,13,15
1043,130,15,2713
13,1043,2713,11
15,13,11,28
2713,15,28,11572
11,2713,11572,142
28,11,142,2551
11572,28,2551,11
142,11572,11,465
2551,142,465,2885
11,2551,2885,12
465,11,12,22
2885,465,22,558
12,2885,558,1128
22,12,1128,9
558,22,9,101
1128,558,101,5
9,1128,5,90
101,9,90,626
5,101,626,183
90,5,183,1453
626,90,1453,680
183,626,680,915
1453,183,915,237
680,1453,237,11
915,680,11,72
237,915,72,178
11,237,178,8
72,11,8,597
178,72,597,7
8,178,7,1770
597,8,1770,115
7,597,115,323
1770,7,323,51
115,1770,51,33
323,115,33,234
51,323,234,73
33,51,73,36
234,33,36,31
73,234,31,33
36,73,33,16
31,36,16,36
33,31,36,51
16,33,51,33
36,16,33,50816
51,36,50816,28
33,51,28,11
50816,33,11,7
28,50816,7,116
11,28,116,51
7,11,51,2990
116,7,2990,8814
51,116,8814,3
2990,51,3,1992
8814,2990,1992,2963
3,8814,2963,258
1992,3,258,45
2963,1992,45,29
258,2963,29,49
45,258,49,1164
29,45,1164,28
49,29,28,8
1164,49,8,1211
28,1164,1211,7
8,28,7,795
1211,8,795,56
7,1211,56,944
795,7,944,4
56,795,4,13
944,56,13,255
4,944,255,15
13,4,15,57
255,13,57,2713
15,255,2713,6
57,15,6,268
2713,57,268,8814
6,2713,8814,11243
268,6,11243,14451
8814,268,14451,134
11243,8814,134,3450
14451,11243,3450,259
134,14451,259,8
3450,134,8,11
259,3450,11,13
8,259,13,485
11,8,485,24
13,11,24,36
485,13,36,388
24,485,388,89
36,24,89,6
388,36,6,66
89,388,66,4
6,89,4,13
66,6,13,64
4,66,64,606
13,4,606,27919
64,13,27919,14
606,64,14,3387
27919,606,3387,2318
14,27919,2318,2
3387,14,2,3045
2318,3387,3045,6
2,2318,6,207
3045,2,207,573
6,3045,573,11
207,6,11,134
573,207,134,39
11,573,39,2048
134,11,2048,20
39,134,20,14
2048,39,14,21
20,2048,21,2
14,20,2,1794
21,14,1794,74
2,21,74,2
1794,2,2,3677
74,1794,3677,905
2,74,905,20
3677,2,20,14
905,3677,14,2
20,905,2,1114
14,20,1114,512
2,14,512,20
1114,2,20,272
512,1114,272,13
20,512,13,2602
272,20,2602,12
13,272,12,130
2602,13,130,1412
12,2602,1412,4
130,12,4,49
1412,130,49,1043
4,1412,1043,2
49,4,2,903
1043,49,903,5
2,1043,5,60
903,2,60,126
5,903,126,4
60,5,4,11
126,60,11,1732
4,126,1732,15
11,4,15,81
1732,11,81,15
15,1732,15,22
81,15,22,419
15,81,419,6
22,15,6,22
419,22,22,4331
6,419,4331,4
22,6,4,26
4331,22,26,50
4,4331,50,3990
26,4,3990,15
50,26,15,89
3990,50,89,29
15,3990,29,26
89,15,26,7
29,89,7,21
26,29,21,116
7,26,116,11
21,7,11,40
116,21,40,155
11,116,155,20
40,11,20,64412
155,40,64412,165
20,155,165,6
64412,20,6,2
165,64412,2,35
6,165,35,5
2,6,5,2346
35,2,2346,4
5,35,4,34
2346,5,34,208
4,2346,208,17
34,4,17,458
208,34,458,3
17,208,3,96
458,17,96,448
3,458,448,5
96,3,5,20
448,96,20,13130
5,448,13130,3306
20,5,3306,11
13130,20,11,28
3306,13130,28,30
11,3306,30,706
28,11,706,8
30,28,8,874
706,30,874,1773
8,706,1773,104
874,8,104,8789
1773,874,8789,4
104,1773,4,8234
8789,104,8234,1377
4,8789,1377,2
8234,4,2,2
1377,8234,2,1114
2,1377,1114,512
2,2,512,30
1114,2,30,706
512,1114,706,8
30,512,8,33
706,30,33,2303
8,706,2303,5842
33,8,5842,5
2303,33,5,67
5842,2303,67,347
5,5842,347,25385
67,5,25385,8067
347,67,8067,1303
25385,347,1303,13
8067,25385,13,3195
1303,8067,3195,4
13,1303,4,8294
3195,13,8294,12
4,3195,12,558
8294,4,558,4
12,8294,4,672
558,12,672,2
4,558,2,357
672,4,357,5244
2,672,5244,8
357,2,8,8814
5244,357,8814,607
8,5244,607,491
8814,8,491,2
607,8814,2,4
491,607,4,46298
2,491,46298,4
4,2,4,1512
46298,4,1512,1251
4,46298,1251,1141
1512,4,1141,184
1251,1512,184,3
1141,1251,3,679
184,1141,679,8
3,184,8,1856
679,3,1856,2
8,679,2,149
1856,8,149,2
2,1856,2,2
149,2,2,899
2,149,899,5
2,2,5,152
899,2,152,769
5,899,769,3
152,5,3,643
769,152,643,298
3,769,298,330
643,3,330,1454
298,643,1454,186
330,298,186,3
1454,330,3,2
186,1454,2,82677
3,186,82677,68446
2,3,68446,65
82677,2,65,103
68446,82677,103,153
65,68446,153,126
103,65,126,11
153,103,11,14
126,153,14,489
11,126,489,19318
14,11,19318,2
489,14,2,224
19318,489,224,545
2,19318,545,23
224,2,23,20882
545,224,20882,14
23,545,14,646
20882,23,646,6
14,20882,6,2
646,14,2,185
6,646,185,74
2,6,74,6712
185,2,6712,1413
74,185,1413,12
6712,74,12,672
1413,6712,672,39
12,1413,39,249
672,12,249,814
39,672,814,39
249,39,39,181
814,249,181,42
39,814,42,5
181,39,5,22
42,181,22,1475
5,42,1475,30
22,5,30,4415
1475,22,4415,59
30,1475,59,39
4415,30,39,5
59,4415,5,22
39,59,22,439
5,39,439,1798
22,5,1798,10
439,22,10,599
1798,439,599,10
10,1798,10,25
599,10,25,11626
10,599,11626,2
25,10,2,3
11626,25,3,485
2,11626,485,45
3,2,45,254
485,3,254,30
45,485,30,121
254,45,121,959
30,254,959,1479
121,30,1479,36
959,121,36,959
1479,959,959,1240
36,1479,1240,2
959,36,2,52
1240,959,52,8
2,1240,8,110
52,2,110,3
8,52,3,2099
110,8,2099,476
3,110,476,80982
2099,3,80982,5
476,2099,5,534
80982,476,534,347
5,80982,347,232
534,5,232,14
347,534,14,2
232,347,2,545
14,232,545,26803
2,14,26803,31
545,2,31,2408
26803,545,2408,19318
31,26803,19318,6
2408,31,6,1258
19318,2408,1258,184
6,19318,184,3
1258,6,3,38
184,1258,38,558
3,184,558,2812
38,3,2812,644
558,38,644,2277
2812,558,2277,15
644,2812,15,2
2277,644,2,1304
15,2277,1304,6
2,15,6,399
1304,2,399,7418
6,1304,7418,23
399,6,23,464
7418,399,464,673
23,7418,673,35
464,23,35,393
673,464,393,26070
35,673,26070,14
393,35,14,4325
26070,393,4325,11947
14,26070,11947,4
4325,14,4,1831
11947,4325,1831,2648
4,11947,2648,23
1831,4,23,464
2648,1831,464,673
23,2648,673,35
464,23,35,393
673,464,393,128
35,673,128,66
393,35,66,184
128,393,184,3
66,128,3,49
184,66,49,558
3,184,558,87952
49,3,87952,14
558,49,14,2
87952,558,2,2173
14,87952,2173,2027
2,14,2027,4
2173,2,4,914
2027,2173,914,1635
4,2027,1635,4
914,4,4,315
1635,914,315,3
4,1635,3,459
315,4,459,246
3,315,246,3
459,3,3,420
246,459,420,361
3,246,361,224
420,3,224,299
361,420,299,3
224,361,3,545
299,224,545,5
3,299,5,27025
545,3,27025,391
5,545,391,6
27025,5,6,1185
391,27025,1185,184
6,391,184,3
1185,6,3,107039
184,1185,107039,22
3,184,22,764
107039,3,764,558
22,107039,558,259
764,22,259,1468
558,764,1468,2
259,558,2,1089
1468,259,1089,5
2,1468,5,315
1089,2,315,3
5,1089,3,435
315,5,435,56
3,315,56,224
435,3,224,2763
56,435,2763,3
224,56,3,4239
2763,224,4239,6
3,2763,6,464
4239,3,464,673
6,4239,673,11
464,6,11,68
673,464,68,739
11,673,739,2
68,11,2,1749
739,68,1749,1128
2,739,1128,9
1749,2,9,2
1128,1749,2,1413
9,1128,1413,20
2,9,20,1308
1413,2,1308,3
20,1413,3,1185
1308,20,1185,120
3,1308,120,11
1185,3,11,943
120,1185,943,3
11,120,3,420
943,11,420,224
3,943,224,299
420,3,299,3
224,420,3,604
299,224,604,1059
3,299,1059,267
604,3,267,326
1059,604,326,6
267,1059,6,589
326,267,589,5
6,326,5,670
589,6,670,75
5,589,75,643
670,5,643,4
75,670,4,1749
643,75,1749,934
4,643,934,14
1749,4,14,7581
934,1749,7581,19
14,934,19,41
7581,14,41,65
19,7581,65,442
41,19,442,736
128,1785,700,8303
153,128,8303,1769
700,153,1769,710
8303,700,710,4456
1769,8303,4456,1507
710,1769,1507,2
4456,710,2,1469
1507,4456,1469,9346
2,1507,9346,5543
1469,2,5543,546
9346,1469,546,2206
5543,9346,2206,3
546,5543,3,2
2206,546,2,5978
3,2206,5978,191
2,3,191,9
5978,2,9,1193
191,5978,1193,1532
9,191,1532,31577
1193,9,31577,4
1532,1193,4,1713
31577,1532,1713,5
4,31577,5,3781
1713,4,3781,2736
5,1713,2736,6
3781,5,6,2241
2736,3781,2241,1848
6,2736,1848,8
2241,6,8,1469
1848,2241,1469,208
8,1848,208,91
1469,8,91,8
208,1469,8,461
91,208,461,9
8,91,9,7057
461,8,7057,19947
9,461,19947,10270
7057,9,10270,10
19947,7057,10,2898
10270,19947,2898,3
10,10270,3,4
2898,10,4,2243
3,2898,2243,10
4,3,10,2
2243,4,2,4
10,2243,4,2951
2,10,2951,449
4,2,449,777
2951,4,777,2
449,2951,2,4905
777,449,4905,740
2,777,740,3
4905,2,3,7888
740,4905,7888,10
3,740,10,1335
7888,3,1335,46
10,7888,46,329
1335,10,329,1074
46,1335,1074,10
329,46,10,19447
1074,329,19447,46
10,1074,46,3
19447,10,3,1048
46,19447,1048,45
3,46,45,4
1048,3,4,1048
45,1048,1048,352
4,45,352,20
1048,4,20,12226
352,1048,12226,9601
20,352,9601,7
12226,20,7,4
9601,12226,4,2307
7,9601,2307,21
4,7,21,72
2307,4,72,3
21,2307,3,7057
72,21,7057,29
3,72,29,3
7057,3,3,3716
29,7057,3716,10
3,29,10,96
3716,3,96,2
10,3716,2,8849
96,10,8849,5
2,96,5,6101
8849,2,6101,54
5,8849,54,6796
6101,5,6796,460
54,6101,460,5
6796,54,5,2
460,6796,2,66614
5,460,66614,1479
2,5,1479,650
66614,2,650,290
1479,66614,290,4
650,1479,4,1828
290,650,1828,7384
4,290,7384,1075
1828,4,1075,3420
7384,1828,3420,778
1075,7384,778,88
3420,1075,88,613
778,3420,613,6
88,778,6,2241
