59,69,117,2637
135,59,2637,6185
117,135,6185,127
2637,117,127,403
6185,2637,403,4
127,6185,4,105
403,127,105,1433
4,403,1433,716
105,4,716,1693
1433,105,1693,6
716,1433,6,25352
1693,716,25352,5
6,1693,5,7659
25352,6,7659,2571
5,25352,2571,4
7659,5,4,274
2571,7659,274,3
4,2571,3,25391
274,4,25391,5
3,274,5,523
25391,3,523,12
5,25391,12,3315
523,5,3315,5
12,523,5,1069
3315,12,1069,954
5,3315,954,5226
1069,5,5226,9
954,1069,9,711
5226,954,711,13
9,5226,13,247
711,9,247,4
13,711,4,13484
247,13,13484,5
4,247,5,3663
13484,4,3663,940
5,13484,940,5907
3663,5,5907,9
940,3663,9,20
5907,940,20,5220
9,5907,5220,30
20,9,30,3
5220,20,3,32
30,5220,32,3751
3,30,3751,92111
32,3,92111,27
3751,32,27,365
92111,3751,365,10
27,92111,10,3
365,27,3,235
10,365,235,4878
3,10,4878,664
235,3,664,24
4878,235,24,1738
664,4878,1738,2
24,664,2,94
1738,24,94,79
2,1738,79,2
94,2,2,3316
79,94,3316,3
2,79,3,551
3316,2,551,395
3,3316,395,2
551,3,2,3316
395,551,3316,2
2,395,2,94
3316,2,94,70
2,3316,70,552
94,2,552,2
70,94,2,6317
552,70,6317,4
2,552,4,6317
6317,2,6317,13
4,6317,13,84
6317,4,84,154
13,6317,154,3
84,13,3,879
154,84,879,36
3,154,36,511
879,3,511,2544
36,879,2544,879
511,36,879,1040
2544,511,1040,5
879,2544,5,338
1040,879,338,152
5,1040,152,2094
338,5,2094,17867
152,338,17867,26032
2094,152,26032,1202
17867,2094,1202,4
26032,17867,4,2789
1202,26032,2789,6477
4,1202,6477,8
2789,4,8,893
6477,2789,893,9
8,6477,9,4829
893,8,4829,6
9,893,6,67
4829,9,67,105
6,4829,105,3869
67,6,3869,14736
105,67,14736,2986
3869,105,2986,5
14736,3869,5,1177
2986,14736,1177,356
5,2986,356,4
1177,5,4,97
356,1177,97,2961
4,356,2961,8
97,4,8,197
2961,97,197,66504
8,2961,66504,1289
197,8,1289,102
66504,197,102,50
1289,66504,50,53
102,1289,53,24
50,102,24,1096
53,50,1096,26
24,53,26,18
1096,24,18,551
26,1096,551,47
18,26,47,10451
551,18,10451,19
47,551,19,1383
10451,47,1383,590
19,10451,590,1461
1383,19,1461,898
590,1383,898,7
1461,590,7,2
898,1461,2,865
7,898,865,42
900,1958,549,1733
3,900,1733,23
549,3,23,1059
1733,549,1059,1085
23,1733,1085,6
1059,23,6,71247
1085,1059,71247,5
6,1085,5,1958
71247,6,1958,7306
5,71247,7306,79
1958,5,79,2
7306,1958,2,1733
79,7306,1733,1489
2,79,1489,6
1733,2,6,9734
1489,1733,9734,1035
6,1489,1035,429
9734,6,429,75
1035,9734,75,176
429,1035,176,3822
75,429,3822,2
176,75,2,7985
3822,176,7985,8565
2,3822,8565,29
7985,2,29,76
8565,7985,76,31
29,8565,31,11969
76,29,11969,2
31,76,2,1733
11969,31,1733,26
2,11969,26,486
1733,2,486,14
26,1733,14,110
486,26,110,3
14,486,3,1476
110,14,1476,448
3,110,448,61
1476,3,61,472
448,1476,472,23
61,448,23,2
472,61,2,1059
23,472,1059,1085
2,23,1085,72
1059,2,72,311
1085,1059,311,24
72,1085,24,52514
311,72,52514,693
24,311,693,310
52514,24,310,181
693,52514,181,8
310,693,8,3415
181,310,3415,1958
8,181,1958,4797
3415,8,4797,79
1958,3415,79,2
4797,1958,2,2536
79,4797,2536,1452
2,79,1452,1733
2536,2,1733,23
1452,2536,23,38172
1733,1452,38172,1489
23,1733,1489,6
38172,23,6,7322
1489,38172,7322,1035
6,1489,1035,640
7322,6,640,1260
1035,7322,1260,6
640,1035,6,9734
1260,640,9734,4
6,1260,4,2333
9734,6,2333,8
4,9734,8,48
2333,4,48,427
8,2333,427,24
48,8,24,1489
427,48,1489,3
24,427,3,701
1489,24,701,730
3,1489,730,13
701,3,13,47
730,701,47,4529
13,730,4529,2
47,13,2,304
4529,47,304,12
2,4529,12,1046
304,2,1046,3559
12,304,3559,979
1046,12,979,28
3559,1046,28,64
979,3559,64,41
28,979,41,1733
64,28,1733,3
41,64,3,6480
1733,41,6480,36
3,1733,36,1476
6480,3,1476,40
36,6480,40,8793
1476,36,8793,91
40,1476,91,3
8793,40,3,1565
91,8793,1565,337
3,91,337,375
1565,3,375,606
337,1565,606,84553
375,337,84553,1958
606,375,1958,31
84553,606,31,77
1958,84553,77,610
31,1958,610,536
77,31,536,1200
610,77,1200,4
536,610,4,50
1200,536,50,2730
4,1200,2730,64
50,4,64,2235
2730,50,2235,24
64,2730,24,9734
2235,64,9734,158
24,2235,158,5305
9734,24,5305,5149
158,9734,5149,6
5305,158,6,2
5149,5305,2,42025
6,5149,42025,5949
2,6,5949,4
42025,2,4,403
5949,42025,403,9
4,5949,9,325
403,4,325,2354
9,403,2354,45761
325,9,45761,1558
2354,325,1558,56
45761,2354,56,59
1558,45761,59,176
56,1558,176,2317
59,56,2317,3194
176,59,3194,198
2317,176,198,1733
3194,2317,1733,23
198,3194,23,51210
1733,198,51210,184
23,1733,184,3
51210,23,3,50466
184,51210,50466,7322
3,184,7322,1032
50466,3,1032,624
7322,50466,624,44
1032,7322,44,22
624,1032,22,133
44,624,133,7
22,44,7,377
133,22,377,48
7,133,48,10
377,7,10,55
48,377,55,3
10,48,3,1315
55,10,1315,2
3,55,2,961
1315,3,961,1958
2,1315,1958,771
961,2,771,80
1958,961,80,2
771,1958,2,846
80,771,846,158
2,80,158,28
846,2,28,26
158,846,26,34
28,158,34,966
26,28,966,20
34,26,20,205
966,34,205,6
20,966,6,2555
205,20,2555,3
6,205,3,1643
2555,6,1643,4
3,2555,4,315
1643,3,315,3
4,1643,3,3912
315,4,3912,846
3,315,846,411
3912,3,411,3
846,3912,3,74791
411,846,74791,16290
3,411,16290,28
74791,3,28,7053
16290,74791,7053,5
28,16290,5,1059
7053,28,1059,79
5,7053,79,22
1059,5,22,133
79,1059,133,7
22,79,7,245
133,22,245,2
7,133,2,1626
245,7,1626,255
2,245,255,87
1626,2,87,8
255,1626,8,7
87,255,7,1368
8,87,1368,7027
7,8,7027,9
1368,7,9,88
7027,1368,88,5
9,7027,5,81
88,9,81,9734
5,88,9734,525
81,5,525,15
9734,81,15,57
525,9734,57,846
15,525,846,16
57,15,16,601
846,57,601,5
16,846,5,623
601,16,623,11
5,601,11,44
623,5,44,87
11,623,87,26
44,11,26,137
87,44,137,8
26,87,8,846
137,26,846,195
8,137,195,223
846,8,223,81
195,846,81,1032
223,195,1032,624
81,223,624,16
1032,81,16,21
624,1032,21,458
16,624,458,3
21,16,3,302
458,21,302,74783
3,458,74783,30
302,3,30,40
74783,302,40,392
30,74783,392,4
40,30,4,806
392,40,806,72
4,392,72,154
806,4,154,87
72,806,87,30
154,72,30,16
87,154,16,990
30,87,990,3
16,30,3,1205
990,16,1205,1663
3,990,1663,8
1205,3,8,40
1663,1205,40,17
8,1663,17,2
40,8,2,1493
17,40,1493,1318
2,17,1318,87
1493,2,87,8
1318,1493,8,7
87,1318,7,21
8,87,21,187
7,8,187,16290
21,7,16290,28
187,21,28,75
16290,187,75,2
28,16290,2,518
75,28,518,15
2,75,15,846
518,2,846,2574
15,518,2574,63
846,15,63,1656
2574,846,1656,17993
63,2574,17993,184
1656,63,184,3
17993,1656,3,197
184,17993,197,259
3,184,259,1493
197,3,1493,399
259,197,399,148
1493,259,148,7
399,1493,7,3
148,399,3,96
7,148,96,314
3,7,314,982
96,3,982,25
314,96,25,154
982,314,154,206
25,982,206,25
154,25,25,33
206,154,33,18
25,206,18,3
33,25,3,155
18,33,155,24
3,18,24,1185
155,3,1185,3
24,155,3,730
1185,24,730,1185
3,1185,1185,7
730,3,7,2
1185,730,2,1106
7,1185,1106,133
2,7,133,942
1106,2,942,53
133,1106,53,10
942,133,10,5327
53,942,5327,3
10,53,3,56484
5327,10,56484,926
3,5327,926,5
56484,3,5,157
926,56484,157,181
5,926,181,8
157,5,8,1149
181,157,1149,1005
8,181,1005,4
1149,8,4,1626
1005,1149,1626,158
4,1005,158,18
1626,4,18,228
158,1626,228,9
18,158,9,956
228,18,956,297
9,228,297,4
956,9,4,240
297,956,240,3
4,297,3,514
240,4,514,358
3,240,358,12
514,3,12,2202
358,514,2202,6
12,358,6,2555
2202,12,2555,3
6,2202,3,16
2555,6,16,58576
3,2555,58576,181
16,3,181,258
58576,16,258,624
181,58576,624,68
258,181,68,228
624,258,228,9
68,624,9,282
228,68,282,6550
9,228,6550,5
282,9,5,1958
6550,282,1958,6
5,6550,6,3260
1958,5,3260,4
6,1958,4,67840
3260,6,67840,30
4,3260,30,821
67840,4,821,425
30,67840,425,143
821,30,143,226
425,821,226,178
143,425,178,8
226,143,8,41
178,226,41,65
8,178,65,1958
41,8,1958,18
65,41,18,303
1958,65,303,56
18,1958,56,9
303,18,9,730
56,303,730,24
9,56,24,464
730,9,464,1802
24,730,1802,4
464,24,4,311
1802,464,311,389
4,1802,389,12
311,4,12,4131
389,311,4131,550
12,389,550,25
4131,12,25,239
550,4131,239,20
25,550,20,66
239,25,66,2
20,239,2,129
66,20,129,443
2,66,443,12
129,2,12,48
443,129,48,5
12,443,5,128
48,12,128,9596
5,48,9596,3755
128,5,3755,311
9596,128,311,389
3755,9596,389,1301
311,3755,1301,4249
389,311,4249,76059
1301,389,76059,863
4249,1301,863,12
76059,4249,12,98
863,76059,98,398
12,863,398,44
98,12,44,84
398,98,84,889
44,398,889,5
84,44,5,45
889,84,45,714
5,889,714,589
45,5,589,16
714,45,16,11834
589,714,11834,6
16,589,6,1642
11834,16,1642,36
6,11834,36,14221
1642,6,14221,3
36,1642,3,2472
14221,36,2472,8
3,14221,8,16
2472,3,16,334
8,2472,334,41
16,8,41,65
334,16,65,73322
41,334,73322,2645
65,41,2645,26
73322,65,26,155
2645,73322,155,6
26,2645,6,57
155,26,57,107
6,155,107,196
57,6,196,5367
107,57,5367,4620
196,107,4620,6
5367,196,6,5976
4620,5367,5976,3
6,4620,3,93
5976,6,93,3
3,5976,3,2909
93,3,2909,1746
3,93,1746,28038
2909,3,28038,79
1746,2909,79,1498
28038,1746,1498,24
79,28038,24,1185
1498,79,1185,1324
24,1498,1324,1733
1185,24,1733,409
1324,1185,409,730
900,63,44,11
3,900,11,100
44,3,100,514
11,44,514,3
100,11,3,2153
514,100,2153,5
3,514,5,4482
2153,3,4482,166
5,2153,166,300
4482,5,300,36
166,4482,36,105
300,166,105,167
36,300,167,12
105,36,12,3659
348,98086,11934,3
9,348,3,3162
11934,9,3162,27
3,11934,27,39
3162,3,39,249
27,3162,249,60
39,27,60,340
249,39,340,21
60,249,21,572
340,60,572,138
21,340,138,27
572,21,27,866
138,572,866,12
27,138,12,2376
866,27,2376,338
12,866,338,214
2376,12,214,29
338,2376,29,2552
214,338,2552,504
29,214,504,364
2552,29,364,92007
504,2552,92007,5830
364,504,5830,6519
92007,364,6519,651
5830,92007,651,234
6519,5830,234,73
651,6519,73,661
234,651,661,2
73,234,2,3
661,73,3,229
2,661,229,27
3,2,27,14
229,3,14,502
27,229,502,4519
14,27,4519,19
502,14,19,58
4519,502,58,492
19,4519,492,7
58,19,7,541
492,58,541,1049
7,492,1049,946
541,7,946,1062
1049,541,1062,8
946,1049,8,27
1062,946,27,115
8,1062,115,2985
27,8,2985,444
115,27,444,401
2985,115,401,476
444,2985,476,20
401,444,20,477
476,401,477,3
20,476,3,17
477,20,17,284
3,477,284,5
17,3,5,1738
284,17,1738,3
5,284,3,58
1738,5,58,755
3,1738,755,27
58,3,27,4841
755,58,4841,223
27,755,223,2686
4841,27,2686,11
223,4841,11,370
2686,223,370,3414
11,2686,3414,39
370,11,39,249
3414,370,249,60
39,3414,60,138
249,39,138,27
60,249,27,13181
138,60,13181,8832
27,138,8832,5020
13181,27,5020,118
8832,13181,118,1050
5020,8832,1050,9
118,5020,9,2589
1050,118,2589,3157
9,1050,3157,26121
2589,9,26121,1983
3157,2589,1983,52
26121,3157,52,27
1983,26121,27,7
52,1983,7,438
27,52,438,20
7,27,20,1725
438,7,1725,7850
20,438,7850,3
1725,20,3,96
7850,1725,96,2597
3,7850,2597,1422
96,3,1422,137
2597,96,137,415
1422,2597,415,4
137,1422,4,96
415,137,96,27
4,415,27,201
96,4,201,1132
27,96,1132,4854
201,27,4854,71556
1132,201,71556,234
4854,1132,234,201
71556,4854,201,19
234,71556,19,2834
201,234,2834,27
19,201,27,2552
2834,19,2552,504
27,2834,504,179
2552,27,179,3
504,2552,3,729
179,504,729,2765
3,179,2765,444
729,3,444,401
2765,729,401,1269
444,2765,1269,460
401,444,460,65381
1269,401,65381,18302
460,1269,18302,2
65381,460,2,2
18302,65381,2,451
2,18302,451,2589
2,2,2589,269
451,2,269,94
2589,451,94,66580
269,2589,66580,525
94,269,525,15
66580,94,15,57
525,66580,57,4290
15,525,4290,354
57,15,354,29
4290,57,29,7
354,4290,7,793
29,354,793,3
7,29,3,6925
793,7,6925,20
3,793,20,87
6925,3,87,18302
20,6925,18302,7
87,20,7,2
18302,87,2,1132
7,18302,1132,5
2,7,5,1358
1132,2,1358,4
5,1132,4,25
1358,5,25,239
4,1358,239,27
25,4,27,4060
239,25,4060,15
27,239,15,1358
4060,27,1358,18
15,4060,18,1468
1358,15,1468,182
18,1358,182,5
1468,18,5,10875
182,1468,10875,4
5,182,4,18302
10875,5,18302,7
4,10875,7,2117
18302,4,2117,3179
7,18302,3179,3
2117,7,3,27
3179,2117,27,101
3,3179,101,120
27,3,120,11
101,27,11,7
120,101,7,84
11,120,84,329
7,11,329,403
84,7,403,20
329,84,20,1569
403,329,1569,988
20,403,988,3
1569,20,3,17
988,1569,17,1817
3,988,1817,43
17,3,43,1788
1817,17,1788,554
43,1817,554,710
1788,43,710,77
554,1788,77,17
710,554,17,35247
77,710,35247,203
17,77,203,27
35247,17,27,2309
203,35247,2309,27
27,203,27,14104
2309,27,14104,3
27,2309,3,11570
14104,27,11570,9171
3,14104,9171,6059
11570,3,6059,82
9171,11570,82,7986
6059,9171,7986,8446
82,6059,8446,61697
7986,82,61697,101665
8446,7986,101665,76278
61697,8446,76278,2
101665,61697,2,2902
76278,101665,2902,384
2,76278,384,3
2902,2,3,1243
384,2902,1243,898
3,384,898,4
1243,3,4,270
898,1243,270,327
4,898,327,599
270,4,599,2163
327,270,2163,6
599,327,6,634
2163,599,634,8
6,2163,8,11
634,6,11,5956
8,634,5956,564
11,8,564,5
5956,11,5,1667
564,5956,1667,6
5,564,6,43
1667,5,43,356
6,1667,356,1268
43,6,1268,730
356,43,730,7
1268,356,7,2
730,1268,2,1139
7,730,1139,382
2,7,382,22247
1139,2,22247,5
382,1139,5,4660
22247,382,4660,196
5,22247,196,90
4660,5,90,57
196,4660,57,93233
90,196,93233,3285
57,90,3285,23
93233,57,23,94
3285,93233,94,4
23,3285,4,113
94,23,113,2148
4,94,2148,137
113,4,137,22
2148,113,22,300
137,2148,300,37
22,137,37,256
300,22,256,8185
37,300,8185,6
256,37,6,994
8185,256,994,634
6,8185,634,33
994,6,33,7
634,994,7,25
33,634,25,137
7,33,137,62
25,7,62,580
137,25,580,55
62,137,55,113
580,62,113,8185
55,580,8185,7
113,55,7,2
8185,113,2,201
7,8185,201,354
2,7,354,4
201,2,4,22
354,201,22,1259
4,354,1259,472
22,4,472,130
1259,22,130,542
472,1259,542,12
130,472,12,274
542,130,274,1891
12,542,1891,8
274,12,8,11
1891,274,11,34
8,1891,34,21
11,8,21,86
34,11,86,25
21,34,25,51
86,21,51,11
25,86,11,28
51,25,28,11
11,51,11,40
28,11,40,29
11,28,29,11
40,11,11,155
29,40,155,898
11,29,898,4
155,11,4,820
898,155,820,4
4,898,4,45
820,4,45,34
4,820,34,552
45,4,552,89
34,45,89,9
552,34,9,10
89,552,10,29
9,89,29,20
10,9,20,27755
29,10,27755,1569
20,29,1569,6925
27755,20,6925,4663
1569,27755,4663,27
6925,1569,27,34
4663,6925,34,18
27,4663,18,6
34,27,6,3953
18,34,3953,953
6,18,953,3
3953,6,3,3436
953,3953,3436,23441
3,953,23441,12
3436,3,12,51
23441,3436,51,7
12,23441,7,10986
51,12,10986,112
7,51,112,210
10986,7,210,16
112,10986,16,2
210,112,2,3527
16,210,3527,3423
2,16,3423,65
3527,2,65,4782
3423,3527,4782,895
65,3423,895,10477
4782,65,10477,44
895,4782,44,27
10477,895,27,1853
44,10477,1853,1559
27,44,1559,201
1853,27,201,9
1559,1853,9,983
201,1559,983,2356
9,201,2356,26121
983,9,26121,126
2356,983,126,470
26121,2356,470,119
126,26121,119,111
470,126,111,27
119,470,27,91
111,119,91,6
27,111,6,212
91,27,212,74
6,91,74,1230
212,6,1230,9853
74,212,9853,1372
1230,74,1372,2
9853,1230,2,63
1372,9853,63,191
2,1372,191,5
63,2,5,4550
191,63,4550,7
5,191,7,2947
4550,5,2947,888
7,4550,888,9
2947,7,9,3751
888,2947,3751,25
9,888,25,27
3751,9,27,77
25,3751,77,4550
27,25,4550,491
77,27,491,29
4550,77,29,40
491,4550,40,11
29,491,11,16
40,29,16,4
11,40,4,7
16,11,7,21
4,16,21,4
7,4,4,755
21,7,755,12
4,21,12,487
755,4,487,141
12,755,141,29
487,12,29,10
141,487,10,490
29,141,490,3
10,29,3,137
490,10,137,62
3,490,62,27
137,3,27,7
62,137,7,12
27,62,12,9718
7,27,9718,605
12,7,605,585
9718,12,585,6
605,9718,6,8796
585,605,8796,2161
6,585,2161,2482
8796,6,2482,57
2161,8796,57,426
2482,2161,426,25
57,2482,25,10
426,57,10,48
25,426,48,60
10,25,60,666
48,10,666,40360
60,48,40360,112
666,60,112,880
40360,666,880,4
112,40360,4,790
880,112,790,51
4,880,51,505
790,4,505,52
51,790,52,33
505,51,33,93
52,505,93,1693
33,52,1693,56
93,33,56,27
1693,93,27,62
56,1693,62,207
27,56,207,527
62,27,527,5
207,62,5,2056
527,207,2056,56
5,527,56,3067
2056,5,3067,487
56,2056,487,5683
3067,56,5683,2356
487,3067,2356,52
5683,487,52,27
2356,5683,27,317
52,2356,317,196
27,52,196,1487
