5847,309,2532,12
23492,5847,12,312
2532,23492,312,1133
12,2532,1133,132
312,12,132,313
1133,312,313,503
132,1133,503,1013
313,132,1013,15
503,313,15,3067
1013,503,3067,775
15,1013,775,1053
3067,15,1053,341
775,3067,341,6
1053,775,6,71
341,1053,71,711
6,341,711,35
71,6,35,1699
711,71,1699,965
35,711,965,141
1699,35,141,34
965,1699,34,459
141,965,459,513
34,141,513,5
459,34,5,41
513,459,41,65
5,513,65,169
41,5,169,45
65,41,45,19
169,65,19,8
45,169,8,217
19,45,217,54
8,19,54,154
217,8,154,24
54,217,24,119
154,54,119,111
24,154,111,1133
119,24,1133,5
111,119,5,288
1133,111,288,871
5,1133,871,364
288,5,364,45
871,288,45,395
364,871,395,72
45,364,72,898
395,45,898,1699
72,395,1699,965
898,72,965,31
1699,898,31,50
965,1699,50,914
31,965,914,7915
50,31,7915,87
914,50,87,38
7915,914,38,965
87,7915,965,16
38,87,16,443
965,38,443,44568
16,965,44568,412
443,16,412,3
44568,443,3,83379
412,44568,83379,23
3,412,23,8
83379,3,8,1418
23,83379,1418,8459
8,23,8459,2312
1418,8,2312,3158
8459,1418,3158,893
2312,8459,893,99
3158,2312,99,720
893,3158,720,1650
99,893,1650,60
720,99,60,141
1650,720,141,6
60,1650,6,226
141,60,226,6
6,141,6,3710
226,6,3710,48
6,226,48,2415
3710,6,2415,3
48,3710,3,1756
2415,48,1756,42
3,2415,42,509
1756,3,509,5
42,1756,5,720
509,42,720,1650
5,509,1650,60
720,5,60,9
1650,720,9,207
60,1650,207,509
9,60,509,773
207,9,773,258
509,207,258,35
773,509,35,4
258,773,4,1163
35,258,1163,84
4,35,84,18
1163,4,18,720
84,1163,720,1650
18,84,1650,549
720,18,549,141
1650,720,141,12
549,1650,12,563
141,549,563,184
12,141,184,3
563,12,3,2
184,563,2,282
3,184,282,1449
2,3,1449,2
282,2,2,39
1449,282,39,13453
2,1449,13453,605
39,2,605,3289
13453,39,3289,151
605,13453,151,8
3289,605,8,1562
151,3289,1562,156
8,151,156,25214
1562,8,25214,66
156,1562,66,404
25214,156,404,1353
66,25214,1353,13
404,66,13,2
1353,404,2,490
13,1353,490,60
2,13,60,1414
490,2,1414,168
60,490,168,166
1414,60,166,2634
168,1414,2634,12
166,168,12,139
2634,166,139,28
12,2634,28,151
139,12,151,34759
28,139,34759,24746
151,28,24746,38494
34759,151,38494,75
24746,34759,75,2
38494,24746,2,119
75,38494,119,111
2,75,111,400
119,2,400,907
111,119,907,2327
400,111,2327,128
907,400,128,66
2327,907,66,4
128,2327,4,285
66,128,285,75
4,66,75,1001
285,4,1001,35
75,285,35,5
1001,75,5,637
35,1001,637,16
5,35,16,53
637,5,53,47
16,637,47,4
53,16,4,2793
47,53,2793,5
4,47,5,385
2793,4,385,19
5,2793,19,35
385,5,35,4
19,385,4,556
35,19,556,1004
4,35,1004,11
556,4,11,1757
1004,556,1757,119
11,1004,119,111
1757,11,111,792
119,1757,792,12
111,119,12,20
792,111,20,139
12,792,139,13
20,12,13,47
139,20,47,1002
13,139,1002,10
47,13,10,13
1002,47,13,2
10,1002,2,280
13,10,280,984
2,13,984,38494
280,2,38494,28
984,280,28,8
38494,984,8,748
28,38494,748,12
8,28,12,1600
748,8,1600,36
12,748,36,498
1600,12,498,31
36,1600,31,16
498,36,16,162
31,498,162,29
16,31,29,18
162,16,18,720
29,162,720,2
18,29,2,182
720,18,182,5
2,720,5,769
182,2,769,3
5,182,3,20
769,5,20,139
3,769,139,36
20,3,36,26
139,20,26,14
36,139,14,3
26,36,3,17
14,26,17,15389
3,14,15389,162
17,3,162,20
15389,17,20,276
162,15389,276,81
20,162,81,2
276,20,2,182
81,276,182,5
2,81,5,58355
182,2,58355,282
5,182,282,1449
58355,5,1449,165
282,58355,165,950
1449,282,950,2
165,1449,2,150
950,165,150,141
2,950,141,8
150,2,8,40
141,150,40,1104
8,141,1104,597
40,8,597,29
1104,40,29,122
597,1104,122,92
29,597,92,7
122,29,7,1159
92,122,1159,23
7,92,23,150
1159,7,150,446
23,1159,446,325
150,23,325,788
446,150,788,7
325,446,7,3
788,325,3,155
7,788,155,3
3,7,3,18509
155,3,18509,4
3,155,4,11846
18509,3,11846,55385
4,18509,55385,788
11846,4,788,55
55385,11846,55,17
788,55385,17,15341
55,788,15341,4
17,55,4,2465
15341,17,2465,2223
4,15341,2223,207
2465,4,207,35
2223,2465,35,1756
207,2223,1756,382
35,207,382,308
1756,35,308,328
382,1756,328,191
308,382,191,3
328,308,3,1163
191,328,1163,46
3,191,46,4
1163,3,4,80
46,1163,80,382
4,46,382,191
80,4,191,3
382,80,3,72107
191,382,72107,1163
3,191,1163,6
72107,3,6,183
1163,72107,183,97548
6,1163,97548,14
183,6,14,458
97548,183,458,3
14,97548,3,862
458,14,862,2
3,458,2,720
862,3,720,549
2,862,549,200
720,2,200,6784
549,720,6784,3
200,549,3,10677
6784,200,10677,639
3,6784,639,29
10677,3,29,7086
639,10677,7086,141
29,639,141,2541
7086,29,2541,86
141,7086,86,3
2541,141,3,76
86,2541,76,30278
3,86,30278,312
76,3,312,639
30278,76,639,7086
312,30278,7086,312
639,312,312,24139
7086,639,24139,25528
312,7086,25528,96516
24139,312,96516,1223
25528,24139,1223,71
96516,25528,71,9
1223,96516,9,947
71,1223,947,49
9,71,49,312
947,9,312,315
49,947,315,2
312,49,2,182
315,312,182,5
2,315,5,1969
182,2,1969,29
5,182,29,11
1969,5,11,28
29,1969,28,41
11,29,41,1163
28,11,1163,147
41,28,147,3
1163,41,3,243
147,1163,243,1020
3,147,1020,12
243,3,12,35
1020,243,35,2475
12,1020,2475,3
35,12,3,3554
2475,35,3554,3887
3,2475,3887,25217
3554,3,25217,68
3887,3554,68,10069
25217,3887,10069,24
68,25217,24,2142
10069,68,2142,1524
24,10069,1524,128
2142,24,128,205
1524,2142,205,1331
128,1524,1331,265
205,128,265,106
1331,205,106,3
265,1331,3,17476
106,265,17476,1797
3,106,1797,141
17476,3,141,470
1797,17476,470,191
141,1797,191,3
470,141,3,3331
191,470,3331,1650
3,191,1650,549
3331,3,549,56
1650,3331,56,5
549,1650,5,435
56,549,435,5
5,56,5,556
435,5,556,36571
5,435,36571,200
556,5,200,3402
36571,556,3402,35
200,36571,35,117
3402,200,117,256
35,3402,256,60572
117,35,60572,2418
256,117,2418,28
60572,256,28,10
2418,60572,10,12330
28,2418,12330,3
10,28,3,18
12330,10,18,12190
3,12330,12190,15
18,3,15,382
12190,18,382,1147
15,12190,1147,854
382,15,854,2962
1147,382,2962,1587
854,1147,1587,3
2962,854,3,4692
1587,2962,4692,15
3,1587,15,2
4692,3,2,16318
15,4692,16318,5
2,15,5,96605
16318,2,96605,7
5,16318,7,18
96605,5,18,2
7,96605,2,280
18,7,280,255
2,18,255,15
280,2,15,63
255,280,63,71
15,255,71,110
63,15,110,3
71,63,3,2
110,71,2,18589
3,110,18589,4
2,3,4,424
18589,2,424,3
4,18589,3,4166
424,4,4166,4
3,424,4,1022
4166,3,1022,229
4,4166,229,10
1022,4,10,521
229,1022,521,36
10,229,36,222
521,10,222,36
36,521,36,1704
222,36,1704,11
36,222,11,28
1704,36,28,10
11,1704,10,72
28,11,72,21
10,28,21,236
72,10,236,3
21,72,3,3554
236,21,3554,104
3,236,104,90552
3554,3,90552,13
104,3554,13,1893
90552,104,1893,4
13,90552,4,1623
1893,13,1623,39
4,1893,39,6614
1623,4,6614,5
39,1623,5,127
6614,39,127,191
5,6614,191,19
127,5,19,1738
191,127,1738,3
19,191,3,35
1738,19,35,4
3,1738,4,556
35,3,556,92
4,35,92,28
556,4,28,2967
92,556,2967,35283
28,92,35283,31
2967,28,31,1210
35283,2967,1210,660
31,35283,660,5
1210,31,5,127
660,1210,127,7793
5,660,7793,23
127,5,23,393
7793,127,393,5
23,7793,5,464
393,23,464,98378
5,393,98378,245
464,5,245,1498
98378,464,1498,19
245,98378,19,42
1498,245,42,206
19,1498,206,13
42,19,13,2090
206,42,2090,486
13,206,486,5
2090,13,5,20
486,2090,20,126
5,486,126,4
20,5,4,103
126,20,103,20
4,126,20,77
103,4,77,17
20,103,17,2
77,20,2,131
17,77,131,1566
2,17,1566,788
131,2,788,35283
1566,131,35283,28
788,1566,28,23
35283,788,23,2
28,35283,2,60
23,28,60,59
2,23,59,526
60,2,526,316
59,60,316,16
526,59,16,1275
316,526,1275,774
16,316,774,1534
1275,16,1534,4
774,1275,4,33
1534,774,33,415
4,1534,415,21
33,4,21,458
415,33,458,3
21,415,3,972
458,21,972,168
3,458,168,5629
972,3,5629,5
168,972,5,233
5629,168,233,7
5,5629,7,113
233,5,113,10
7,233,10,73415
113,7,73415,2982
10,113,2982,8
73415,10,8,315
2982,73415,315,34
8,2982,34,243
315,8,243,136
34,315,136,1020
243,34,1020,12
136,243,12,232
1020,136,232,5
12,1020,5,233
232,12,233,31
5,232,31,25
233,5,25,144
31,233,144,71
25,31,71,90550
144,25,90550,28
71,144,28,315
90550,71,315,7
28,90550,7,1712
315,28,1712,3
7,315,3,13895
1712,7,13895,11
3,1712,11,28
13895,3,28,76
11,13895,76,312
28,11,312,195
76,28,195,596
312,76,596,15
195,312,15,720
596,195,720,549
15,596,549,12
720,15,12,1291
549,720,1291,29
12,549,29,50
1291,12,50,3758
29,1291,3758,3
50,29,3,862
3758,50,862,51
3,3758,51,77
862,3,77,17
51,862,17,388
77,51,388,2
17,77,2,12447
388,17,12447,1323
2,388,1323,6
12447,2,6,2
1323,12447,2,831
6,1323,831,515
2,6,515,2
831,2,2,41
515,831,41,1163
2,515,1163,4
41,2,4,35
1163,41,35,18
4,1163,18,893
35,4,893,95
18,35,95,648
893,18,648,10
95,893,10,6494
648,95,6494,87044
10,648,87044,17883
6494,10,17883,1330
87044,6494,1330,11
17883,87044,11,28
1330,17883,28,51
11,1330,51,416
28,11,416,13
51,28,13,2302
416,51,2302,3
13,416,3,62
2302,13,62,7
3,2302,7,10
62,3,10,21
7,62,21,2
10,7,2,2914
21,10,2914,29
2,21,29,4
2914,2,4,1253
29,2914,1253,8
4,29,8,7
1253,4,7,1712
8,1253,1712,3
7,8,3,513
1712,7,513,85592
3,1712,85592,1797
513,3,1797,1600
85592,513,1600,969
1797,85592,969,13897
1600,1797,13897,7120
969,1600,7120,103
13897,969,103,720
7120,13897,720,549
103,7120,549,200
720,103,200,6
549,720,6,4
200,549,4,29
6,200,29,258
4,6,258,153
29,4,153,75
258,29,75,71
153,258,71,35
75,153,35,5
71,75,5,637
35,71,637,16
5,35,16,20
637,5,20,66
16,637,66,13897
20,16,13897,2219
66,20,2219,34848
13897,66,34848,160
2219,13897,160,13897
34848,2219,13897,28
160,34848,28,515
13897,160,515,14
28,13897,14,282
515,28,282,4
14,515,4,200
282,14,200,2522
4,282,2522,531
200,4,531,1816
2522,200,1816,3
531,2522,3,6002
1816,531,6002,503
3,1816,503,1587
6002,3,1587,13897
503,6002,13897,1007
1587,503,1007,963
13897,1587,963,4066
1007,13897,4066,28
963,1007,28,11
4066,963,11,14
28,4066,14,4985
11,28,4985,5
14,11,5,98
4985,14,98,564
5,4985,564,71
98,5,71,13
564,98,13,6
71,564,6,502
13,71,502,200
6,13,200,87926
502,6,87926,36612
200,502,36612,14976
87926,200,14976,31
36612,87926,31,3908
14976,36612,3908,705
31,14976,705,28
3908,31,28,13897
705,3908,13897,1139
28,705,1139,723
13897,28,723,2
1139,13897,2,2734
723,1139,2734,12
2,723,12,720
2734,2,720,549
12,2734,549,59
720,12,59,63
549,720,63,243
59,549,243,10
63,59,10,12
243,63,12,22
10,243,22,1022
12,10,1022,7
22,12,7,295
1022,22,295,3094
7,1022,3094,113
295,7,113,8
3094,295,8,59
113,3094,59,63
8,113,63,1526
59,8,1526,1650
63,59,1650,549
1526,63,549,6
1650,1526,6,22
549,1650,22,35
6,549,35,5
22,6,5,637
35,22,637,4
5,35,4,52
637,5,52,33
4,637,33,415
52,4,415,2
33,52,2,162
415,33,162,4
2,415,4,2
162,2,2,267
4,162,267,5
2,4,5,63
267,2,63,1022
5,267,1022,6
63,5,6,257
1022,63,257,8
6,1022,8,295
257,6,295,3094
8,257,3094,18
295,8,18,4
3094,295,4,660
18,3094,660,36612
4,18,36612,46095
660,4,46095,7
36612,660,7,96
46095,36612,96,2
7,46095,2,5398
96,7,5398,64
2,96,64,3
5398,2,3,71
64,5398,71,748
3,64,748,6
71,3,6,3898
748,71,3898,720
6,748,720,549
3898,6,549,200
720,3898,200,11
549,720,11,1355
200,549,1355,10
11,200,10,15
1355,11,15,2
10,1355,2,1016
15,10,1016,71
2,15,71,726
1016,2,726,89
71,1016,89,46
726,71,46,75
89,726,75,63
46,89,63,91
75,46,91,10
63,75,10,3
91,63,3,527
10,91,527,4
3,10,4,2606
527,3,2606,5351
4,527,5351,200
2606,4,200,86
5351,2606,86,57
200,5351,57,60
86,200,60,13897
57,86,13897,91
60,57,91,8
13897,60,8,1016
91,13897,1016,14
8,91,14,12
1016,8,12,4
14,1016,4,526
12,14,526,316
4,12,316,1586
526,4,1586,1699
316,526,1699,965
1586,316,965,9
1699,1586,9,312
965,1699,312,2976
9,965,2976,3
312,9,3,4
2976,312,4,509
27,7,5,103
3422,27,103,1309
5,3422,1309,36
103,5,36,16
1309,103,16,161
36,1309,161,94
16,36,94,2748
161,16,2748,15537
94,161,15537,306
2748,94,306,185
15537,2748,185,870
306,15537,870,30
185,306,30,116
870,185,116,31
30,870,31,7
116,30,7,101
31,116,101,2944
7,31,2944,21218
101,7,21218,3
2944,101,3,15926
21218,2944,15926,7
3,21218,7,116
15926,3,116,10
7,15926,10,96
116,7,96,112
10,116,112,1576
96,10,1576,8959
112,96,8959,3
1576,112,3,803
8959,1576,803,3422
3,8959,3422,5
803,3,5,103
3422,803,103,1309
5,3422,1309,1934
103,5,1934,29
1309,103,29,3634
1934,1309,3634,13
29,1934,13,445
3634,29,445,47
13,3634,47,2
445,13,2,10500
47,445,10500,12205
2,47,12205,4
10500,2,4,7
12205,10500,7,1541
4,12205,1541,1598
7,4,1598,3
1541,7,3,17
1598,1541,17,360
3,1598,360,9
17,3,9,536
360,17,536,27
9,360,27,36
536,9,36,78
27,536,78,1183
36,27,1183,353
78,36,353,7
1183,78,7,9
353,1183,9,8
7,353,8,323
9,7,323,170
8,9,170,7
323,8,7,353
170,323,353,2
7,170,2,1886
353,7,1886,1440
2,353,1440,4
1886,2,4,25
1440,1886,25,21
4,1440,21,93
25,4,93,3
21,25,3,106
93,21,106,6
3,93,6,70
106,3,70,85
6,106,85,33
70,6,33,245
85,70,245,327
33,85,327,6553
245,33,6553,1570
327,245,1570,15926
6553,327,15926,3
1570,6553,3,209
15926,1570,209,8
3,15926,8,78
209,3,78,7
8,209,7,621
78,8,621,6
7,78,6,156
621,7,156,10744
6,621,10744,15231
156,6,15231,8
10744,156,8,49
15231,10744,49,169
8,15231,169,5
49,8,5,7316
169,49,7316,488
5,169,488,26
7316,5,26,18
488,7316,18,64
26,488,64,1244
18,26,1244,29
64,18,29,3
1244,64,3,106
29,1244,106,9
3,29,9,49
106,3,49,895
9,106,895,138
49,9,138,27
895,49,27,80
138,895,80,286
27,138,286,26
80,27,26,16
286,80,16,1471
26,286,1471,5
16,26,5,138
1471,16,138,90
5,1471,90,3061
138,5,3061,4
90,138,4,22
3061,90,22,2529
4,3061,2529,1335
22,4,1335,10
2529,22,10,536
1335,2529,536,21
10,1335,21,360
536,10,360,23
21,536,23,48
360,21,48,36
23,360,36,360
48,23,360,9
36,48,9,3422
360,36,3422,5
9,360,5,103
3422,9,103,1309
5,3422,1309,15926
103,5,15926,33
1309,103,33,25
15926,1309,25,610
33,15926,610,1874
25,33,1874,5
610,25,5,3422
1874,610,3422,5
5,1874,5,103
3422,5,103,1309
5,3422,1309,10
103,5,10,7
1309,103,7,2
10,1309,2,4820
7,10,4820,3430
2,7,3430,10
4820,2,10,115
3430,4820,115,830
10,3430,830,138
115,10,138,34
830,115,34,2066
138,830,2066,183
34,138,183,2560
2066,34,2560,124
183,2066,124,4
2560,183,4,1769
124,2560,1769,1408
4,124,1408,2
1769,4,2,98
1408,1769,98,57
2,1408,57,2529
98,2,2529,3351
57,98,3351,10
2529,57,10,7
3351,2529,7,2
10,3351,2,5772
7,10,5772,8
2,7,8,830
5772,2,830,3
8,5772,3,93
830,8,93,112
3,830,112,3114
93,3,3114,3
112,93,3,218
3114,112,218,183
3,3114,183,1309
218,3,1309,10562
183,218,10562,485
1309,183,485,485
10562,1309,485,912
485,10562,912,15926
485,485,15926,2
912,485,2,7
15926,912,7,380
2,15926,380,35
7,2,35,102240
380,7,102240,60
35,380,60,27
102240,35,27,7
60,102240,7,201
27,60,201,2076
7,27,2076,78
201,7,78,7
2076,201,7,572
78,2076,572,29
7,78,29,3763
572,7,3763,21218
29,572,21218,115
3763,29,115,21
21218,3763,21,137
115,21218,137,2030
21,115,2030,240
137,21,240,100
2030,137,100,80
240,2030,80,286
100,240,286,73
80,100,73,5
286,80,5,19152
73,286,19152,11177
5,73,11177,4
19152,5,4,10812
11177,19152,10812,15406
4,11177,15406,25
10812,4,25,161
15406,10812,161,131
25,15406,131,136
161,25,136,177
131,161,177,5
136,131,5,8
177,136,8,428
5,177,428,53
8,5,53,7
428,8,7,21
53,428,21,42
7,53,42,629
21,7,629,6
42,21,6,652
629,42,652,31
6,629,31,247
652,6,247,51
31,652,51,26
247,31,26,16
51,247,16,261
26,51,261,2
16,26,2,3132
261,16,3132,5392
2,261,5392,2603
3132,2,2603,3464
5392,3132,3464,482
2603,5392,482,7
3464,2603,7,5640
482,3464,5640,34767
7,482,34767,894
5640,7,894,90
34767,5640,90,486
894,34767,486,14
90,894,14,110
486,90,110,3
14,486,3,17
110,14,17,33239
3,110,33239,5
17,3,5,5317
33239,17,5317,4
5,33239,4,123
