24,7585,279,667
70,24,667,7
279,70,7,34
667,279,34,25
7,667,25,622
34,7,622,6
25,34,6,130
622,25,130,191
6,622,191,3
130,6,3,420
191,130,420,144
3,191,144,3
420,3,3,1621
144,420,1621,16369
3,144,16369,578
1621,3,578,4
16369,1621,4,1611
578,16369,1611,1189
4,578,1189,656
1611,4,656,3
1189,1611,3,42969
656,1189,42969,294
3,656,294,9
42969,3,9,1993
294,42969,1993,89073
9,294,89073,16
1993,9,16,297
89073,1993,297,633
16,89073,633,3
297,16,3,2537
633,297,2537,1565
3,633,1565,4
2537,3,4,214
1565,2537,214,63
4,1565,63,71
214,4,71,13
63,214,13,577
71,63,577,43
13,71,43,168
577,13,168,22
43,577,22,3189
168,43,3189,15
22,168,15,4033
3189,22,4033,59
15,3189,59,10
4033,15,10,154
59,4033,154,3
10,59,3,567
154,10,567,1363
3,154,1363,19
567,3,19,250
1363,567,250,4
19,1363,4,1621
250,19,1621,67
4,250,67,1786
1621,4,1786,7
67,1621,7,6867
1786,67,6867,82
7,1786,82,30
6867,7,30,327
82,6867,327,1090
30,82,1090,250
327,30,250,24
1090,327,24,3671
250,1090,3671,2
24,250,2,342
3671,24,342,537
2,3671,537,4
342,2,4,30
537,342,30,327
4,537,327,1833
30,4,1833,8
327,30,8,143
1833,327,143,35
8,1833,35,524
143,8,524,12
35,143,12,1993
524,35,1993,45
12,524,45,21
1993,12,21,38
45,1993,38,14557
21,45,14557,29
38,21,29,30
14557,38,30,68
29,14557,68,116
30,29,116,8
68,30,8,6867
116,68,6867,7
8,116,7,21
6867,8,21,2
7,6867,2,19143
21,7,19143,9
2,21,9,1041
19143,2,1041,67
9,19143,67,1565
1041,9,1565,4
67,1041,4,214
1565,67,214,34
4,1565,34,633
214,4,633,51
34,214,51,10
633,34,10,13
51,633,13,445
10,51,445,633
13,10,633,571
445,13,571,1291
633,445,1291,792
571,633,792,4
1291,571,4,8
792,1291,8,7
4,792,7,912
8,4,912,51
7,8,51,7
912,7,7,2570
51,912,2570,3
7,51,3,800
2570,7,800,67
3,2570,67,226
800,3,226,4
67,800,4,108
226,67,108,6
4,226,6,66
108,4,66,45557
6,108,45557,1025
66,6,1025,305
45557,66,305,929
1025,45557,929,410
305,1025,410,6
929,305,6,43
410,929,43,265
6,410,265,11
43,6,11,7
265,43,7,2
11,265,2,232
7,11,232,5
2,7,5,265
232,2,265,369
5,232,369,12
265,5,12,3557
369,265,3557,1008
12,369,1008,4
3557,12,4,3911
1008,3557,3911,4
4,1008,4,14
3911,4,14,2
4,3911,2,94
14,4,94,9
2,14,9,58
94,2,58,499
9,94,499,9
58,9,9,63
499,58,63,6
354,273,32,4
78,354,4,138
32,78,138,27
4,32,27,332
138,4,332,10695
27,138,10695,1521
332,27,1521,83
10695,332,83,128
1521,10695,128,330
83,1521,330,12
128,83,12,372
330,128,372,148
12,330,148,8
372,12,8,1991
148,372,1991,3
8,148,3,5421
1991,8,5421,38
3,1991,38,21416
5421,3,21416,32
38,5421,32,479
21416,38,479,510
32,21416,510,10
479,32,10,34
510,479,34,64
10,510,64,752
34,10,752,1205
64,34,1205,1531
752,64,1531,24
1205,752,24,1450
1531,1205,1450,36
24,1531,36,238
1450,24,238,4824
36,1450,4824,52
238,36,52,78
4824,238,78,7
52,4824,7,612
78,52,612,63
7,78,63,200
612,7,200,32
63,612,32,134
200,63,134,479
32,200,479,808
134,32,808,8
479,134,8,764
808,479,764,518
8,808,518,5
764,8,5,32
518,764,32,450
5,518,450,1908
32,5,1908,34
450,32,34,17
1908,450,17,621
34,1908,621,235
17,34,235,205
621,17,205,4
235,621,4,11
205,235,11,510
4,205,510,8
11,4,8,11
510,11,11,34
8,510,34,172
11,8,172,947
34,11,947,720
172,34,720,1800
947,172,1800,159
720,947,159,63
1800,720,63,31
159,1800,31,484
63,159,484,12
31,63,12,466
484,31,466,28
12,484,28,11
466,12,11,34
28,466,34,2615
11,28,2615,24
34,11,24,979
2615,34,979,4
24,2615,4,479
979,24,479,34
4,979,34,86
479,4,86,1205
34,479,1205,1977
86,34,1977,24
1205,86,24,43
1977,1205,43,553
24,1977,553,4
43,24,4,679
553,43,679,6687
4,553,6687,184
679,4,184,3
6687,679,3,2354
184,6687,2354,5316
3,184,5316,2128
2354,3,2128,31
5316,2354,31,1558
2128,5316,1558,100153
31,2128,100153,27
1558,31,27,1188
100153,1558,1188,8891
27,100153,8891,9
1188,27,9,99
8891,1188,99,60
9,8891,60,170
99,9,170,11
60,99,11,295
170,60,295,79
11,170,79,237
295,11,237,205
79,295,205,404
237,79,404,1119
205,237,1119,6
404,205,6,2514
1119,404,2514,5
6,1119,5,185
2514,6,185,4
5,2514,4,876
185,5,876,12
4,185,12,2
876,4,2,8285
12,876,8285,5
2,12,5,139
8285,2,139,33
5,8285,33,25
139,5,25,1386
33,139,1386,101
25,33,101,357
1386,25,357,36
101,1386,36,33
357,101,33,44
36,357,44,732
33,36,732,148
44,33,148,7
732,44,7,18
148,732,18,42
7,148,42,8
18,7,8,58
42,18,58,287
8,42,287,1569
58,8,1569,24
287,58,24,2
1569,287,2,5921
24,1569,5921,28
2,24,28,171
5921,2,171,2
28,5921,2,712
171,28,712,6
2,171,6,6688
712,2,6688,4
6,712,4,178
6688,6,178,10
4,6688,10,36
178,4,36,21
10,178,21,7
36,10,7,3284
21,36,3284,10
7,21,10,7
3284,7,7,25
10,3284,25,3284
7,10,3284,10
25,7,10,774
3284,25,774,120
10,3284,120,10
774,10,10,132
120,774,132,18
10,120,18,434
132,10,434,520
18,132,520,1789
434,18,1789,161
520,434,161,94
1789,520,94,16
161,1789,16,7032
94,161,7032,3758
16,94,3758,3
7032,16,3,367
3758,7032,367,1235
3,3758,1235,3811
367,3,3811,80
1235,367,80,16445
3811,1235,16445,87
80,3811,87,26
16445,80,26,178
87,16445,178,377
26,87,377,25
178,26,25,753
377,178,753,3761
25,377,3761,20
753,25,20,7
3761,753,7,206
20,3761,206,128
7,20,128,330
206,7,330,14
128,206,14,25
330,128,25,2899
14,330,2899,4
25,14,4,132
2899,25,132,929
4,2899,929,2
132,4,2,560
929,132,560,4354
2,929,4354,173
560,2,173,6
4354,560,6,93370
173,4354,93370,37
6,173,37,32
93370,6,32,5955
37,93370,5955,2015
32,37,2015,9
5955,32,9,49
2015,5955,49,432
9,2015,432,125
49,9,125,783
432,49,783,168
125,432,168,1482
783,125,1482,4
168,783,4,49
1482,168,49,441
4,1482,441,5
49,4,5,49
441,49,49,144
5,441,144,9
49,5,9,386
144,49,386,124
9,144,124,171
386,9,171,237
124,386,237,10
171,124,10,365
237,171,365,49
10,237,49,375
365,10,375,3
49,365,3,44
375,49,44,2
3,375,2,106
44,3,106,14
2,44,14,2
106,2,2,81623
14,106,81623,16
2,14,16,2270
81623,2,2270,1168
16,81623,1168,5
2270,16,5,482
1168,2270,482,5
5,1168,5,27
482,5,27,5074
5,482,5074,491
27,5,491,19
5074,27,19,2704
491,5074,2704,3
19,491,3,1857
2704,19,1857,8
3,2704,8,11
1857,3,11,30
8,1857,30,196
11,8,196,239
30,11,239,113
196,30,113,37
239,196,37,22
113,239,22,167
37,113,167,12
22,37,12,780
167,22,780,883
12,167,883,804
780,12,804,9476
883,780,9476,4
804,883,4,11634
9476,804,11634,2675
4,9476,2675,256
11634,4,256,21
2675,11634,21,2
256,2675,2,124
21,256,124,3023
2,21,3023,1618
124,2,1618,741
3023,124,741,9975
1618,3023,9975,5816
741,1618,5816,4
9975,741,4,638
5816,9975,638,193
4,5816,193,810
638,4,810,10374
193,638,10374,894
810,193,894,11
10374,810,11,897
894,10374,897,14
11,894,14,15
897,11,15,3121
14,897,3121,13110
15,14,13110,17404
3121,15,17404,2296
13110,3121,2296,126
17404,13110,126,256
2296,17404,256,2096
126,2296,2096,1884
256,126,1884,3128
2096,256,3128,11
1884,2096,11,68
3128,1884,68,877
11,3128,877,3
68,11,3,2334
877,68,2334,3284
3,877,3284,75
2334,3,75,5437
3284,2334,5437,2
75,3284,2,523
5437,75,523,15
2,5437,15,2
523,2,2,5312
15,523,5312,4
2,15,4,791
5312,2,791,1501
4,5312,1501,602
791,4,602,3522
1501,791,3522,78
602,1501,78,13
3522,602,13,84
78,3522,84,8638
13,78,8638,1235
84,13,1235,8
8638,84,8,32
1235,8638,32,479
8,1235,479,7
32,8,7,2
479,32,2,372
7,479,372,4472
2,7,4472,3
372,2,3,49
4472,372,49,69
3,4472,69,2118
49,3,2118,5
69,49,5,49
2118,69,49,69
5,2118,69,2468
49,5,2468,4
69,49,4,2906
2468,69,2906,3816
4,2468,3816,335
2906,4,335,154
3816,2906,154,1865
335,3816,1865,4275
154,335,4275,1187
1865,154,1187,5
4275,1865,5,62
1187,4275,62,479
5,1187,479,1838
62,5,1838,171
479,62,171,49
1838,479,49,2451
171,1838,2451,2
49,171,2,269
2451,49,269,5
2,2451,5,35
269,2,35,1497
5,269,1497,1724
35,5,1724,812
1497,35,812,3
1724,1497,3,1153
812,1724,1153,722
3,812,722,656
1153,3,656,168
722,1153,168,49
656,722,49,92
168,656,92,259
49,168,259,8727
92,49,8727,5373
259,92,5373,4
8727,259,4,26194
5373,8727,26194,24727
4,5373,24727,95165
26194,4,95165,2
24727,26194,2,159
95165,24727,159,812
2,95165,812,3
159,2,3,151
812,159,151,465
3,812,465,908
151,3,908,78
465,151,78,5
908,465,5,3447
78,908,3447,6
5,78,6,5572
3447,5,5572,1031
6,3447,1031,6
5572,6,6,994
1031,5572,994,11
6,1031,11,44
994,6,44,169
11,994,169,479
44,11,479,365
169,44,365,24
479,169,24,709
365,479,709,1213
24,365,1213,5724
709,24,5724,22
1213,709,22,895
5724,1213,895,1246
22,5724,1246,12
895,22,12,225
1246,895,225,31189
12,1246,31189,11
225,12,11,5832
31189,225,5832,37
11,31189,37,22
5832,11,22,5902
37,5832,5902,11
22,37,11,68
5902,22,68,465
11,5902,465,446
68,11,446,10125
465,68,10125,496
446,465,496,8
10125,446,8,20452
496,10125,20452,98
8,496,98,3041
20452,8,3041,368
98,20452,368,5
3041,98,5,167
368,3041,167,4
5,368,4,96
167,5,96,10
4,167,10,2058
96,4,2058,9
10,96,9,124
2058,10,124,968
9,2058,968,6
124,9,6,3142
968,124,3142,3
6,968,3,1195
3142,6,1195,142
3,3142,142,19
1195,3,19,39461
142,1195,39461,105144
19,142,105144,1349
39461,19,1349,202
105144,39461,202,895
1349,105144,895,438
202,1349,438,2
895,202,2,3278
438,895,3278,69
2,438,69,4
3278,2,4,749
69,3278,749,3932
4,69,3932,246
749,4,246,12
3932,749,12,1322
246,3932,1322,1014
12,246,1014,2
1322,12,2,77
1014,1322,77,584
2,1014,584,41
77,2,41,1646
584,77,1646,91
41,584,91,32
1646,41,32,479
91,1646,479,2
32,91,2,2
479,32,2,14882
2,479,14882,3
2,2,3,6907
14882,2,6907,4343
3,14882,4343,2
6907,3,2,2
4343,6907,2,5695
2,4343,5695,19881
2,2,19881,3916
5695,2,3916,31
19881,5695,31,234
3916,19881,234,56
31,3916,56,41
234,31,41,9
56,234,9,49
41,56,49,1419
9,41,1419,10205
49,9,10205,4
1419,49,4,18092
10205,1419,18092,4091
4,10205,4091,65
18092,4,65,3309
4091,18092,3309,70
65,4091,70,2655
3309,65,2655,3
70,3309,3,3360
2655,70,3360,2
3,2655,2,972
3360,3,972,519
2,3360,519,3232
972,2,3232,4
519,972,4,744
3232,519,744,151
4,3232,151,211
744,4,211,95
151,744,95,1535
211,151,1535,19
95,211,19,162
1535,95,162,18
19,1535,18,1407
162,19,1407,53
18,162,53,16
1407,18,16,76
53,1407,76,774
16,53,774,886
76,16,886,4
774,76,4,1776
886,774,1776,560
4,886,560,368
1776,4,368,5
560,1776,5,167
368,560,167,223
5,368,223,81
167,5,81,53
223,167,53,7
81,223,7,64
53,81,64,416
7,53,416,8
64,7,8,78
416,64,78,32
8,416,32,36
78,8,36,49
32,78,49,172
36,32,172,619
49,36,619,1135
172,49,1135,2315
619,172,2315,1563
1135,619,1563,59
2315,1135,59,26
1563,2315,26,739
59,1563,739,23
26,59,23,35
739,26,35,216
23,739,216,2
35,23,2,633
216,35,633,19
2,216,19,227
633,2,227,141
19,633,141,9077
227,19,9077,11528
141,227,11528,12144
9077,141,12144,425
11528,9077,425,1864
12144,11528,1864,35
425,12144,35,216
1864,425,216,433
35,1864,433,62
216,35,62,86
433,216,86,258
62,433,258,5
86,62,5,1610
258,86,1610,172
5,258,172,32
1610,5,32,619
172,1610,619,365
32,172,365,2171
619,32,2171,1563
365,619,1563,9
2171,365,9,39
1563,2171,39,909
9,1563,909,433
39,9,433,68
909,39,68,835
433,909,835,8
68,433,8,1216
835,68,1216,5
8,835,5,80
1216,8,80,172
5,1216,172,619
80,5,619,633
172,80,633,3
619,172,3,123
633,619,123,3615
3,633,3615,1906
123,3,1906,1563
3615,123,1563,1135
1906,3615,1135,10
1563,1906,10,64
1135,1563,64,433
10,1135,433,1337
64,10,1337,229
433,64,229,32
1337,433,32,1313
229,1337,1313,365
32,229,365,98
1313,32,98,1563
365,1313,1563,90
98,365,90,5
1563,98,5,619
90,1563,619,165
5,90,165,179
619,5,179,9
165,619,9,32
179,165,32,174
9,179,174,32
32,9,32,69
174,32,69,7
32,174,7,21
69,32,21,1406
7,69,1406,3
21,7,3,194
1406,21,194,174
3,1406,174,32
194,3,32,13
174,194,13,47
32,174,47,502
13,32,502,7040
47,13,7040,6
502,47,6,212
7040,502,212,5
6,7040,5,698
212,6,698,737
5,212,737,259
698,5,259,2253
737,698,2253,979
259,737,979,7926
2253,259,7926,12746
979,2253,12746,4534
7926,979,4534,444
12746,7926,444,175
4534,12746,175,479
444,4534,479,4
175,444,4,35
479,175,35,216
4,479,216,6
35,4,6,2
216,35,2,540
6,216,540,2253
2,6,2253,2
540,2,2,269
2253,540,269,11
2,2253,11,1098
269,2,1098,3
11,269,3,319
1098,11,319,49
3,1098,49,158
319,3,158,108
49,319,108,4
158,49,4,49
108,158,49,347
4,108,347,479
49,4,479,1321
347,49,1321,4
479,347,4,11
1321,479,11,784
4,1321,784,3
11,4,3,319
784,11,319,81
3,784,81,1321
319,3,1321,362
81,319,362,156
1321,81,156,29743
362,1321,29743,40
156,362,40,21
29743,156,21,17
40,29743,17,3310
21,40,3310,6
17,21,6,119
3310,17,119,111
6,3310,111,2
119,6,2,298
111,119,298,2253
2,111,2253,6
298,2,6,2405
2253,298,2405,2760
6,2253,2760,8
2405,6,8,30
2760,2405,30,606
8,2760,606,791
30,8,791,9
606,30,9,32
791,606,32,479
9,791,479,3
32,9,3,1730
479,32,1730,83
3,479,83,4770
1730,3,4770,30
83,1730,30,104302
4770,83,104302,100
30,4770,100,17
104302,30,17,1523
100,104302,1523,3
17,100,3,319
1523,17,319,479
3,1523,479,555
319,3,555,261
479,319,261,23
555,479,23,275
261,555,275,1510
23,261,1510,5
275,23,5,2
1510,275,2,255
5,1510,255,159
2,5,159,1331
255,2,1331,498
159,255,498,326
1331,159,326,20673
498,1331,20673,2
326,498,2,349
20673,326,349,32
2,20673,32,2081
349,2,2081,134
32,349,134,39
2081,32,39,249
134,2081,249,814
39,134,814,39
249,39,39,128
814,249,128,153
39,814,153,128
128,39,128,330
153,128,330,822
128,153,822,8
330,128,8,5763
822,330,5763,3385
8,822,3385,7
5763,8,7,84
3385,5763,84,791
7,3385,791,350
84,7,350,6
791,84,6,2835
350,791,2835,20
6,350,20,153
2835,6,153,9025
20,2835,9025,13
153,20,13,2691
9025,153,2691,1065
13,9025,1065,12
2691,13,12,2975
1065,2691,2975,526
12,1065,526,2854
2975,12,2854,2786
526,2975,2786,1275
2854,526,1275,69
2786,2854,69,582
1275,2786,582,526
69,1275,526,4
582,69,4,584
526,582,584,13
4,526,13,398
584,4,398,6264
13,584,6264,769
398,13,769,3
6264,398,3,3385
769,6264,3385,470
3,769,470,74
3385,3,74,2
470,3385,2,79581
74,470,79581,7
2,74,7,2
79581,2,2,2410
7,79581,2410,31
2,7,31,5276
2410,2,5276,6
31,2410,6,1426
5276,31,1426,222
6,5276,222,471
1426,6,471,1097
222,1426,1097,56
471,222,56,3
1097,471,3,225
56,1097,225,6
3,56,6,341
225,3,341,878
6,225,878,11
341,6,11,134
878,341,134,67
11,878,67,17829
134,11,17829,40466
67,134,40466,8
17829,67,8,11
40466,17829,11,7
8,40466,7,73
11,8,73,27
7,11,27,10636
73,7,10636,4
27,73,4,28
10636,27,28,11
4,10636,11,245
28,4,245,14
11,28,14,89
245,11,89,3
14,245,3,1227
89,14,1227,3580
3,89,3580,45
1227,3,45,234
3580,1227,234,4
45,3580,4,1698
234,45,1698,2543
4,234,2543,928
1698,4,928,11
2543,1698,11,28
928,2543,28,10
11,928,10,72
28,11,72,1010
10,28,1010,6
72,10,6,180
1010,72,180,601
6,1010,601,1034
180,6,1034,7
601,180,7,1155
1034,601,1155,95338
7,1034,95338,1238
1155,7,1238,2
95338,1155,2,182
1238,95338,182,37
2,1238,37,2786
182,2,2786,1195
37,182,1195,3
2786,37,3,329
1195,2786,329,27
3,1195,27,17
329,3,17,27
27,329,27,29
17,27,29,1003
27,17,1003,3385
29,27,3385,7
1003,29,7,424
3385,1003,424,3
7,3385,3,358
424,7,358,76
3,424,76,105
358,3,105,448
76,358,448,79
105,76,79,94
448,105,94,4
79,448,4,3168
94,79,3168,62
4,94,62,136
3168,4,136,22
62,3168,22,73830
136,62,73830,997
22,136,997,13
73830,22,13,1072
997,73830,1072,22
13,997,22,867
1072,13,867,15
22,1072,15,225
867,22,225,31
15,867,31,34
225,15,34,516
31,225,516,20
34,31,20,85
516,34,85,29
20,516,29,53
85,20,53,16
29,85,16,90
53,29,90,337
16,53,337,3
90,16,3,967
337,90,967,10281
3,337,10281,5
967,3,5,27
10281,967,27,6240
5,10281,6240,11
