4234,10,48008,411
1177,4234,411,2786
48008,1177,2786,2178
411,48008,2178,103
2786,411,103,960
2178,2786,960,3632
103,2178,3632,42
960,103,42,5
3632,960,5,148
42,3632,148,2506
5,42,2506,5384
148,5,5384,33
2506,148,33,7
5384,2506,7,25
33,5384,25,17
7,33,17,99
25,7,99,756
17,25,756,168
99,17,168,1224
756,99,1224,87
168,756,87,33
1224,168,33,219
87,1224,219,110
33,87,110,3
219,33,3,93
110,219,93,48
3,110,48,11533
93,3,11533,52
48,93,52,10
11533,48,10,7466
52,11533,7466,2286
10,52,2286,329
7466,10,329,969
2286,7466,969,39168
329,2286,39168,345
969,329,345,107
39168,969,107,11
345,39168,11,44
107,345,44,2506
11,107,2506,40
44,11,40,208
2506,44,208,345
40,2506,345,6
208,40,6,98
345,208,98,1294
6,345,1294,346
98,6,346,2
1294,98,2,402
346,1294,402,1120
2,346,1120,22
402,2,22,57
1120,402,57,3632
22,1120,3632,14
57,22,14,8
3632,57,8,523
14,3632,523,9821
8,14,9821,2612
523,8,2612,1882
9821,523,1882,5
2612,9821,5,372
1882,2612,372,1458
5,1882,1458,16
372,5,16,521
1458,372,521,6505
16,1458,6505,5
521,16,5,222
6505,521,222,7174
5,6505,7174,1605
222,5,1605,29
7174,222,29,76495
1605,7174,76495,2753
29,1605,2753,31
76495,29,31,77
2753,76495,77,17
31,2753,17,6554
77,31,6554,79
17,77,79,22
6554,17,22,1457
79,6554,1457,3020
22,79,3020,51
1457,22,51,33
3020,1457,33,1366
51,3020,1366,4539
33,51,4539,56
1366,33,56,15
4539,1366,15,2612
56,4539,2612,523
15,56,523,7
2612,15,7,8
523,2612,8,122
7,523,122,26
8,7,26,132
122,8,132,17
26,122,17,2054
132,26,2054,521
17,132,521,26
2054,17,26,25
521,2054,25,329
26,521,329,8
25,26,8,93
329,25,93,6
8,329,6,107
93,8,107,5
6,93,5,2
107,6,2,201
5,107,201,460
2,5,460,11
201,2,11,44
460,201,44,4
11,460,4,52
44,11,52,33
4,44,33,611
52,4,611,81
33,52,81,2
611,33,2,280
81,611,280,460
2,81,460,1326
280,2,1326,12
460,280,12,209
1326,460,209,26
12,1326,26,219
209,12,219,21803
26,209,21803,33299
219,26,33299,4
21803,219,4,26
33299,21803,26,219
4,33299,219,1372
26,4,1372,644
219,26,644,7
1372,219,7,1118
644,1372,1118,15
7,644,15,4943
1118,7,4943,31
15,1118,31,11049
4943,15,11049,3361
31,4943,3361,4
11049,31,4,716
3361,11049,716,4
4,3361,4,344
716,4,344,521
4,716,521,1584
344,4,1584,2240
521,344,2240,4
1584,521,4,32
2240,1584,32,2081
4,2240,2081,11
32,4,11,3293
2081,32,3293,521
11,2081,521,5591
3293,11,5591,151
521,3293,151,152
5591,521,152,323
151,5591,323,9
152,151,9,157
323,152,157,4
9,323,4,72
157,9,72,758
4,157,758,2
72,4,2,563
758,72,563,936
2,758,936,10028
563,2,10028,2009
936,563,2009,2586
10028,936,2586,3
2009,10028,3,5421
2586,2009,5421,78
3,2586,78,4
5421,3,4,12097
78,5421,12097,112
4,78,112,92
12097,4,92,4943
112,12097,4943,2252
92,112,2252,455
4943,92,455,2786
2252,4943,2786,7
455,2252,7,8995
2786,455,8995,455
7,2786,455,4
8995,7,4,1651
455,8995,1651,895
4,455,895,2
1651,4,2,7
895,1651,7,761
2,895,761,29
7,2,29,511
761,7,511,2
29,761,2,9673
511,29,9673,4
2,511,4,1604
9673,2,1604,1036
4,9673,1036,9
1604,4,9,100304
1036,1604,100304,2786
9,1036,2786,1740
100304,9,1740,6
2786,100304,6,5194
1740,2786,5194,32
6,1740,32,1481
5194,6,1481,1530
32,5194,1530,51
1481,32,51,222
1530,1481,222,1410
51,1530,1410,6
222,51,6,100
1410,222,100,4943
6,1410,4943,44
100,6,44,7
4943,100,7,8
44,4943,8,112
7,44,112,559
8,7,559,7
112,8,7,110
559,112,110,3
7,559,3,2220
110,7,2220,52
3,110,52,33
2220,3,33,25
52,2220,25,2709
33,52,2709,3444
25,33,3444,79
2709,25,79,882
3444,2709,882,142
79,3444,142,140
882,79,140,11
142,882,11,44
140,142,44,222
11,140,222,1716
44,11,1716,13
222,44,13,3
1716,222,3,9841
13,1716,9841,4
3,13,4,4533
9841,3,4533,8843
4,9841,8843,3
4533,4,3,748
8843,4533,748,43
3,8843,43,356
748,3,356,523
43,748,523,156
356,43,156,2
523,356,2,4943
156,523,4943,40
2,156,40,3304
4943,2,3304,6
40,4943,6,503
3304,40,503,1416
6,3304,1416,4
503,6,4,1087
1416,503,1087,140
4,1416,140,666
1087,4,666,3
140,1087,3,93
666,140,93,38
3,666,38,460
93,3,460,6750
38,93,6750,6
460,38,6,1149
6750,460,1149,7659
6,6750,7659,4
1149,6,4,403
7659,1149,403,2
4,7659,2,11836
403,4,11836,43
2,403,43,1970
11836,2,1970,156
43,11836,156,2
1970,43,2,39
156,1970,39,249
2,156,249,259
39,2,259,36
249,39,36,5382
259,249,5382,181
36,259,181,2602
5382,36,2602,10
181,5382,10,61
2602,181,61,52
10,2602,52,10
61,10,10,2448
52,61,2448,362
10,52,362,2514
2448,10,2514,10
362,2448,10,230
2514,362,230,972
10,2514,972,168
230,10,168,3
972,230,3,2
168,972,2,882
3,168,882,88145
2,3,88145,38
882,2,38,173
88145,882,173,5
38,88145,5,384
173,38,384,60
5,173,60,7
384,5,7,1960
60,384,1960,350
7,60,350,616
1960,7,616,9
350,1960,9,43360
616,350,43360,313
9,616,313,3
43360,9,3,180
313,43360,180,44
3,313,44,4943
180,3,4943,5
44,180,5,2786
4943,44,2786,4
5,4943,4,22
2786,5,22,504
4,2786,504,51
22,4,51,26
504,22,26,50
51,504,50,458
26,51,458,3
50,26,3,25
458,50,25,6
3,458,6,20
25,3,20,224
6,25,224,15
20,6,15,60
224,20,60,7
15,224,7,183
60,15,183,788
7,60,788,29
183,7,29,41
788,183,41,4635
29,788,4635,4
41,29,4,1497
4635,41,1497,41
4,4635,41,1566
1497,4,1566,4
41,1497,4,3312
1566,41,3312,87
4,1566,87,5
3312,4,5,2326
87,3312,2326,5
5,87,5,60
2326,5,60,52
5,2326,52,33
60,5,33,50
52,60,50,424
33,52,424,3
50,33,3,392
424,50,392,967
3,424,967,4
392,3,4,13329
967,392,13329,37
4,967,37,223
13329,4,223,1055
37,13329,1055,60
223,37,60,7
1055,223,7,236
60,1055,236,3
7,60,3,25
236,7,25,10
3,236,10,11
25,3,11,3935
10,25,3935,615
11,10,615,23
3935,11,23,10
615,3935,10,24
23,615,24,38
10,23,38,173
24,10,173,5
38,24,5,384
173,38,384,60
5,173,60,7
384,5,7,1960
60,384,1960,350
7,60,350,616
1960,7,616,9
350,1960,9,43360
616,350,43360,14
9,616,14,86
43360,9,86,42
14,43360,42,6
86,14,6,860
42,86,860,59
6,42,59,32
860,6,32,1481
59,860,1481,7584
32,59,7584,704
1481,32,704,10
7584,1481,10,15656
704,7584,15656,2786
10,704,2786,28
15656,10,28,30
2786,15656,30,380
28,2786,380,295
30,28,295,325
380,30,325,2612
295,380,2612,523
325,295,523,23
2612,325,23,325
523,2612,325,1458
23,523,1458,6
325,23,6,133
1458,325,133,48
6,1458,48,4689
133,6,4689,75
48,133,75,78
4689,48,78,32
75,4689,32,53
78,75,53,41
32,78,41,541
53,32,541,2786
41,53,2786,1652
541,41,1652,211
2786,541,211,2
1652,2786,2,5752
211,1652,5752,5569
2,211,5569,5
5752,2,5,32
5569,5752,32,1481
5,5569,1481,6
32,5,6,1001
1481,32,1001,4
6,1481,4,2
1001,6,2,32
4,1001,32,1481
2,4,1481,2077
32,2,2077,303
1481,32,303,3
2077,1481,3,1452
303,2077,1452,6
3,303,6,1360
1452,3,1360,72
6,1452,72,2
1360,6,2,127
72,1360,127,289
2,72,289,360
127,2,360,93
289,127,93,203
360,289,203,17724
93,360,17724,100
203,93,100,2009
17724,203,2009,843
100,17724,843,4496
2009,100,4496,2
843,2009,2,241
4496,843,241,1088
2,4496,1088,5
241,2,5,14105
1088,241,14105,4
5,1088,4,140
14105,5,140,1462
4,14105,1462,140
140,4,140,2
1462,140,2,84
140,1462,84,38
2,140,38,1032
84,2,1032,809
38,84,809,14
1032,38,14,2
809,1032,2,32
14,809,32,38
2,14,38,306
32,2,306,2081
38,32,2081,111
306,38,111,58
2081,306,58,51
111,2081,51,7314
58,111,7314,20
51,58,20,5094
7314,51,5094,14
20,7314,14,4703
5094,20,4703,13843
14,5094,13843,5
4703,14,5,10
13843,4703,10,5779
5,13843,5779,3464
10,5,3464,482
5779,10,482,7
3464,5779,7,111
482,3464,111,3373
7,482,3373,802
111,7,802,4
3373,111,4,14897
802,3373,14897,5
4,802,5,1316
14897,4,1316,31
5,14897,31,716
1316,5,716,1463
31,1316,1463,8
716,31,8,1863
1463,716,1863,5
8,1463,5,119
1863,8,119,111
5,1863,111,1689
119,5,1689,2668
111,119,2668,5188
1689,111,5188,3585
2668,1689,3585,14
5188,2668,14,340
3585,5188,340,1377
14,3585,1377,46
340,14,46,2
1377,340,2,1741
46,1377,1741,11
2,46,11,1023
1741,2,1023,3
11,1741,3,988
1023,11,988,19
3,1023,19,31076
988,3,31076,512
19,988,512,6
31076,19,6,22
512,31076,22,9165
6,512,9165,15
22,6,15,2
9165,22,2,5984
15,9165,5984,4
2,15,4,2
5984,2,2,23321
4,5984,23321,162
2,4,162,1940
23321,2,1940,12
162,23321,12,3022
1940,162,3022,3
12,1940,3,18373
3022,12,18373,22
3,3022,22,2903
18373,3,2903,12442
22,18373,12442,89
2903,22,89,23321
12442,2903,23321,4
89,12442,4,30
23321,89,30,91
4,23321,91,23321
30,4,23321,4
91,30,4,15360
23321,91,15360,5188
4,23321,5188,3585
15360,4,3585,7048
5188,15360,7048,285
3585,5188,285,4
7048,3585,4,285
285,7048,285,44
4,285,44,1079
285,4,1079,29651
44,285,29651,2
1079,44,2,32
29651,1079,32,119
2,29651,119,111
32,2,111,2001
119,32,2001,4
111,119,4,662
2001,111,662,5974
4,2001,5974,6
662,4,6,1177
5974,662,1177,124
6,5974,124,5
1177,6,5,100
124,1177,100,2116
5,124,2116,7
100,5,7,830
2116,100,830,140
7,2116,140,29
830,7,29,8
140,830,8,59
29,140,59,2009
8,29,2009,1807
59,8,1807,4177
2009,59,4177,68942
1807,2009,68942,178
4177,1807,178,8
68942,4177,8,3022
178,68942,3022,73
8,178,73,104
3022,8,104,489
73,3022,489,222
104,73,222,100
489,104,100,2903
222,489,2903,4
100,222,4,15
2903,100,15,10
4,2903,10,38
15,4,38,105
10,15,105,748
38,10,748,11
105,38,11,303
748,105,303,56
11,748,56,3
303,11,3,1449
56,303,1449,222
3,56,222,100
1449,3,100,6226
222,1449,6226,7752
100,222,7752,15
6226,100,15,18781
7752,6226,18781,2
15,7752,2,438
18781,15,438,2228
2,18781,2228,6
438,2,6,22
2228,438,22,83
6,2228,83,290
22,6,290,1284
83,22,1284,79
290,83,79,2
1284,290,2,3309
79,1284,3309,347
2,79,347,474
3309,2,474,3296
347,3309,3296,5
474,347,5,3300
3296,474,3300,292
5,3296,292,6
3300,5,6,22550
292,3300,22550,1957
6,292,1957,11
22550,6,11,1355
1957,22550,1355,61
11,1957,61,2285
1355,11,2285,56
61,1355,56,5
2285,61,5,645
56,2285,645,4
5,56,4,757
645,5,757,378
4,645,378,66
757,4,66,23
378,757,23,550
66,378,550,5149
23,66,5149,2
550,23,2,9000
5149,550,9000,99
2,5149,99,2
9000,2,2,4
99,9000,4,17856
2,99,17856,3435
4,2,3435,6
17856,4,6,2968
3435,17856,2968,140
6,3435,140,2
2968,6,2,2
140,2968,2,22500
2,140,22500,6
2,2,6,464
22500,2,464,6885
6,22500,6885,550
464,6,550,171
6885,464,171,1052
550,6885,1052,2236
171,550,2236,771
1052,171,771,19
2236,1052,19,60
771,2236,60,11
19,771,11,1452
60,19,1452,6
11,60,6,3907
1452,11,3907,2358
6,1452,2358,6
3907,6,6,43
2358,3907,43,14
6,2358,14,2489
43,6,2489,10
14,43,10,13783
2489,14,13783,1137
10,2489,1137,12
13783,10,12,2617
1137,13783,2617,4
12,1137,4,2786
2617,12,2786,1175
4,2617,1175,6
2786,4,6,22
1175,2786,22,1784
6,1175,1784,6
22,6,6,582
1784,22,582,13
6,1784,13,24918
582,6,24918,33
13,582,33,77
24918,13,77,468
33,24918,468,10
77,33,10,14
468,77,14,110
10,468,110,3
14,10,3,17
110,14,17,2
3,110,2,5891
17,3,5891,2096
2,17,2096,22
5891,2,22,838
2096,5891,838,151
22,2096,151,12295
838,22,12295,56
151,838,56,72
12295,151,72,126
56,12295,126,1971
72,56,1971,4655
126,72,4655,42
1971,126,42,59594
4655,1971,59594,716
42,4655,716,2
59594,42,2,722
716,59594,722,2110
2,716,2110,3
722,2,3,582
2110,722,582,5
3,2110,5,3300
582,3,3300,559
5,582,559,23
3300,5,23,1543
559,3300,1543,3100
23,559,3100,2
1543,23,2,2072
3100,1543,2072,1304
2,3100,1304,6
2072,2,6,150
1304,2072,150,214
6,1304,214,1210
150,6,1210,23
214,150,23,6916
1210,214,6916,393
23,1210,393,23
6916,23,23,330
393,6916,330,29
23,393,29,11
330,23,11,14
29,330,14,13996
11,29,13996,12132
14,11,12132,5
13996,14,5,17515
12132,13996,17515,444
5,12132,444,401
17515,5,401,2682
444,17515,2682,11037
401,444,11037,215
2682,401,215,290
11037,2682,290,5
215,11037,5,10
290,215,10,29782
5,290,29782,25
10,5,25,11
29782,10,11,2207
25,29782,2207,3
11,25,3,96
2207,11,96,6268
3,2207,6268,2031
96,3,2031,134
6268,96,134,180
2031,6268,180,11
134,2031,11,44
180,134,44,52
11,180,52,33
44,11,33,14
52,44,14,3
33,52,3,155
14,33,155,3
3,14,3,444
155,3,444,401
3,155,401,33
444,3,33,18
401,444,18,3
33,401,3,155
18,33,155,3
3,18,3,2822
155,3,2822,402
3,155,402,391
2822,3,391,19901
402,2822,19901,2222
391,402,2222,89
19901,391,89,4
2222,19901,4,2786
89,2222,2786,23
4,89,23,80130
2786,4,80130,6
23,2786,6,2822
80130,23,2822,7669
6,80130,7669,6166
2822,6,6166,15
7669,2822,15,444
6166,7669,444,401
15,6166,401,4898
444,15,4898,54
401,444,54,4092
4898,401,4092,11244
54,4898,11244,223
4092,54,223,22
11244,4092,22,5678
223,11244,5678,5
22,223,5,17019
5678,22,17019,59675
5,5678,59675,73972
17019,5,73972,4250
59675,17019,4250,2786
73972,59675,2786,716
4250,73972,716,2
2786,4250,2,7179
716,2786,7179,146
2,716,146,24477
7179,2,24477,2070
146,7179,2070,4
24477,146,4,21320
2070,24477,21320,172
4,2070,172,1199
21320,4,1199,15
172,21320,15,2785
1199,172,2785,9
15,1199,9,1308
2785,15,1308,48002
9,2785,48002,11
1308,9,11,14
48002,1308,14,8529
11,48002,8529,2257
14,11,2257,5678
8529,14,5678,134
2257,8529,134,89
5678,2257,89,8
134,5678,8,22
89,134,22,406
8,89,406,4
22,8,4,1811
406,22,1811,1753
4,406,1753,50
1811,4,50,3423
1753,1811,3423,46
50,1753,46,11
3423,50,11,13
46,3423,13,154
11,46,154,61
13,11,61,168
154,13,168,101
61,154,101,55057
168,61,55057,44
101,168,44,2
55057,101,2,2506
44,55057,2506,2818
2,44,2818,1102
2506,2,1102,2194
2818,2506,2194,2786
1102,2818,2786,3
2194,1102,3,2
2786,2194,2,2884
3,2786,2884,4841
2,3,4841,97
2884,2,97,1144
4841,2884,1144,11
97,4841,11,77
1144,97,77,358
11,1144,358,491
77,11,491,79
358,77,79,2
491,358,2,262
79,491,262,11
2,79,11,13910
262,2,13910,2
11,262,2,2480
13910,11,2480,4
2,13910,4,2685
2480,2,2685,74
4,2480,74,7
2685,4,7,93
74,2685,93,53
7,74,53,4
93,7,4,53
53,93,53,73
4,53,73,45
53,4,45,13178
73,53,13178,79
45,73,79,20
13178,45,20,638
79,13178,638,11
20,79,11,44
638,20,44,7
11,638,7,28
44,11,28,2096
7,44,2096,10
28,7,10,53
2096,28,53,64
10,2096,64,600
53,10,600,100
64,53,100,25
600,64,25,7
100,600,7,196
25,100,196,198
7,25,198,12
196,7,12,210
198,196,210,15
12,198,15,2
210,12,2,4183
15,210,4183,4
2,15,4,104
4183,2,104,103
4,4183,103,57
104,4,57,54954
103,104,54954,867
57,103,867,235
54954,57,235,3
867,54954,3,180
235,867,180,4
3,235,4,7
180,3,7,358
4,180,358,3
7,4,3,104
358,7,104,756
3,358,756,30
104,3,30,18
756,104,18,1832
30,756,1832,1110
18,30,1110,37
1832,18,37,4114
1110,1832,4114,4
37,1110,4,7
4114,37,7,346
4,4114,346,56
7,4,56,75
346,7,75,727
56,346,727,4
75,56,4,509
727,75,509,10
4,727,10,14
509,4,14,256
10,509,256,105618
14,10,105618,2418
256,14,2418,650
105618,256,650,2
2418,105618,2,296
650,2418,296,1199
2,650,1199,4
296,2,4,2
1199,296,2,756
4,1199,756,320
2,4,320,4450
756,2,4450,14444
320,756,14444,31
4450,320,31,716
14444,4450,716,2
31,14444,2,669
716,31,669,1120
2,716,1120,8
669,2,8,330
1120,669,330,2506
8,1120,2506,526
330,8,526,2373
2506,330,2373,3
526,2506,3,1643
2373,526,1643,5278
3,2373,5278,1900
1643,3,1900,42
5278,1643,42,394
1900,5278,394,6861
42,1900,6861,1303
394,42,1303,26
6861,394,26,28
1303,6861,28,149
26,1303,149,2786
28,26,2786,7
149,28,7,2179
2786,149,2179,30
7,2786,30,219
2179,7,219,3105
30,2179,3105,1033
219,30,1033,2403
3105,219,2403,89
1033,3105,89,11
2403,1033,11,196
89,2403,196,547
11,89,547,9
196,11,9,2
547,196,2,1308
9,547,1308,262
2,9,262,100
1308,2,100,3712
262,1308,3712,2786
100,262,2786,44
3712,100,44,4
2786,3712,4,104
44,2786,104,756
4,44,756,44
104,4,44,1981
756,104,1981,64
44,756,64,30
1981,44,30,1732
64,1981,1732,3
30,64,3,89
1732,30,89,11
3,1732,11,7520
89,3,7520,100
11,89,100,2270
7520,11,2270,2
100,7520,2,1135
2270,100,1135,28040
2,2270,28040,29
1135,2,29,7
28040,1135,7,295
29,28040,295,2
7,29,2,75573
295,7,75573,2663
2,295,2663,6
75573,2,6,2506
2663,75573,2506,39
6,2663,39,249
2506,6,249,266
39,2506,266,23
249,39,23,3925
266,249,3925,5
23,266,5,2674
3925,23,2674,4521
