5,232,97,6
2826,5,6,1476
97,2826,1476,50
6,97,50,2524
1476,6,2524,1058
50,1476,1058,311
2524,50,311,674
1058,2524,674,7
311,1058,7,113
674,311,113,8
7,674,8,2009
113,7,2009,578
8,113,578,6
2009,8,6,20
578,2009,20,133
6,578,133,16
20,6,16,1049
133,20,1049,1750
16,133,1750,6
1049,16,6,20
1750,1049,20,151
6,1750,151,82
20,6,82,10812
151,20,10812,15406
82,151,15406,24
10812,82,24,210
15406,10812,210,25
24,15406,25,30
210,24,30,147
25,210,147,10
30,25,10,255
147,30,255,7
10,147,7,8
255,10,8,104
7,255,104,45
8,7,45,900
104,8,900,3
45,104,3,3273
900,45,3273,3670
3,900,3670,5
3273,3,5,5255
3670,3273,5255,8
5,3670,8,55
5255,5,55,17
8,5255,17,2383
55,8,2383,25
17,55,25,239
2383,17,239,2560
25,2383,2560,18
239,25,18,13
2560,239,13,361
18,2560,361,2615
13,18,2615,74
361,13,74,88
2615,361,88,5
74,2615,5,108
88,74,108,92
5,88,92,9
108,5,9,23
92,108,23,275
9,92,275,2
23,9,2,1242
275,23,1242,52
2,275,52,21
1242,2,21,752
52,1242,752,2
21,52,2,2
752,21,2,1359
2,752,1359,5
2,2,5,38
1359,2,38,748
5,1359,748,30
38,5,30,18
748,38,18,13
30,748,13,103
18,30,103,108
13,18,108,124
103,13,124,306
108,103,306,3365
124,108,3365,306
306,124,306,2942
3365,306,2942,54
306,3365,54,7
2942,306,7,165
54,2942,165,1496
7,54,1496,196
165,7,196,90
1496,165,90,2073
196,1496,2073,844
90,196,844,4
2073,90,4,3417
844,2073,3417,3
4,844,3,1415
3417,4,1415,4
3,3417,4,6301
1415,3,6301,4923
4,1415,4923,5
6301,4,5,361
4923,6301,361,406
5,4923,406,5308
361,5,5308,17163
406,361,17163,4
5308,406,4,354
17163,5308,354,3
4,17163,3,173
354,4,173,8
3,354,8,30
173,3,30,16
8,173,16,84
30,8,84,2336
16,30,2336,24
84,16,24,338
2336,84,338,4
24,2336,4,554
338,24,554,8899
4,338,8899,2560
554,4,2560,18
8899,554,18,241
2560,8899,241,47
18,2560,47,6
241,18,6,191
47,241,191,321
6,47,321,2122
191,6,2122,5
321,191,5,614
2122,321,614,7
5,2122,7,948
614,5,948,9
7,614,9,3074
948,7,3074,5
9,948,5,2669
3074,9,2669,30
5,3074,30,18
2669,5,18,1061
30,2669,1061,9
18,30,9,268
1061,18,268,889
9,1061,889,66
268,9,66,1556
889,268,1556,2885
66,889,2885,16
1556,66,16,228
2885,1556,228,3081
16,2885,3081,2126
228,16,2126,4
3081,228,4,3133
2126,3081,3133,122
4,2126,122,2560
3133,4,2560,5275
122,3133,5275,948
2560,122,948,73
5275,2560,73,16168
948,5275,16168,29704
73,948,29704,18091
16168,73,18091,20
29704,16168,20,7
18091,29704,7,325
20,18091,325,708
7,20,708,2560
325,7,2560,18
708,325,18,61
2560,708,61,38
18,2560,38,10943
61,18,10943,4
38,61,4,10
10943,38,10,7
4,10943,7,337
10,4,337,206
7,10,206,7
337,7,7,218
206,337,218,3
7,206,3,653
218,7,653,8
3,218,8,26
653,3,26,240
8,653,240,3
26,8,3,609
240,26,609,222
3,240,222,578
609,3,578,3
222,609,3,1113
578,222,1113,2
3,578,2,705
1113,3,705,5
2,1113,5,105
705,2,105,191
5,705,191,6
105,5,6,235
191,105,235,66
6,191,66,86
235,6,86,3
66,235,3,1711
86,66,1711,9098
3,86,9098,12
1711,3,12,414
9098,1711,414,2227
12,9098,2227,290
414,12,290,144
2227,414,144,4
290,2227,4,948
144,290,948,43
4,144,43,9
948,4,9,3577
43,948,3577,3306
9,43,3306,53
3577,9,53,7
3306,3577,7,64
53,3306,64,14510
7,53,14510,5
64,7,5,416
14510,64,416,3
5,14510,3,144
416,5,144,1938
3,416,1938,8
144,3,8,5255
1938,144,5255,29164
8,1938,29164,4
5255,8,4,15755
29164,5255,15755,340
4,29164,340,179
15755,4,179,42
340,15755,42,147
179,340,147,86
42,179,86,2759
147,42,2759,288
86,147,288,4
2759,86,4,487
288,2759,487,3933
4,288,3933,735
487,4,735,6
3933,487,6,1989
735,3933,1989,3
6,735,3,610
1989,6,610,20
3,1989,20,25
610,3,25,2560
20,610,2560,34
25,20,34,84
2560,25,84,653
34,2560,653,8
84,34,8,108
653,84,108,7
8,653,7,340
108,8,340,21
7,108,21,6686
340,7,6686,362
21,340,362,8
6686,21,8,101
362,6686,101,26
8,362,26,34
101,8,34,366
26,101,366,30
34,26,30,147
366,34,147,41
30,366,41,5255
147,30,5255,21
41,147,21,186
5255,41,186,3
21,5255,3,2099
186,21,2099,108
3,186,108,10442
2099,3,10442,6
108,2099,6,5504
10442,108,5504,1291
6,10442,1291,5
5504,6,5,3829
1291,5504,3829,18
5,1291,18,3
3829,5,3,17
18,3829,17,2926
3,18,2926,5163
17,3,5163,46
2926,17,46,2523
5163,2926,2523,5
46,5163,5,1321
2523,46,1321,938
5,2523,938,1326
1321,5,1326,12
938,1321,12,1321
1326,938,1321,1252
12,1326,1252,13
1321,12,13,3
1252,1321,3,17
13,1252,17,10683
3,13,10683,7719
17,3,7719,15
10683,17,15,1309
7719,10683,1309,19
15,7719,19,475
1309,15,475,1207
19,1309,1207,1704
475,19,1704,2560
1207,475,2560,34
1704,1207,34,208
2560,1704,208,17
34,2560,17,458
208,34,458,3
17,208,3,3198
458,17,3198,2610
3,458,2610,2
3198,3,2,450
2610,3198,450,213
2,2610,213,261
450,2,261,614
213,450,614,1327
261,213,1327,9
614,261,9,2
1327,614,2,532
9,1327,532,4
2,9,4,1675
532,2,1675,21
4,532,21,239
1675,4,239,351
21,1675,351,6
239,21,6,54
351,239,54,1291
6,351,1291,5
54,6,5,3829
1291,54,3829,7
5,1291,7,1050
3829,5,1050,25
7,3829,25,11919
1050,7,11919,25
25,1050,25,1116
11919,25,1116,25
25,11919,25,1311
1116,25,1311,4
25,1116,4,10667
1311,25,10667,8
4,1311,8,98
10667,4,98,626
8,10667,626,40
98,8,40,17
626,98,17,3171
40,626,3171,36
17,40,36,80
3171,17,80,4514
36,3171,4514,19
80,36,19,2567
4514,80,2567,9
19,4514,9,5950
2567,19,5950,1938
9,2567,1938,1327
5950,9,1327,2
1938,5950,2,108
1327,1938,108,6
2,1327,6,54
108,2,54,3829
6,108,3829,4
54,6,4,3361
3829,54,3361,16
4,3829,16,621
3361,4,621,61
16,3361,61,3
621,16,3,235
61,621,235,1207
3,61,1207,2
235,3,2,39
1207,235,39,1774
2,1207,1774,6
39,2,6,1130
1774,39,1130,354
6,1774,354,8
1130,6,8,462
354,1130,462,855
8,354,855,37
462,8,37,8801
855,462,8801,5
37,855,5,272
8801,37,272,20
5,8801,20,1698
272,5,1698,1086
20,272,1086,7
1698,20,7,120
1086,1698,120,2560
7,1086,2560,14
120,7,14,3
2560,120,3,123
14,2560,123,43
3,14,43,30
123,3,30,55
43,123,55,972
30,43,972,361
55,30,361,29
972,55,29,20
361,972,20,40
29,361,40,633
20,29,633,2
40,20,2,1135
633,40,1135,5182
2,633,5182,5
1135,2,5,107
5182,1135,107,6
5,5182,6,54
107,5,54,30
6,107,30,2025
54,6,2025,6
30,54,6,770
2025,30,770,1874
6,2025,1874,30
770,6,30,147
1874,770,147,2
30,1874,2,4641
147,30,4641,5
2,147,5,5145
4641,2,5145,1648
5,4641,1648,2
5145,5,2,1195
1648,5145,1195,9
2,1648,9,35163
1195,2,35163,472
9,1195,472,5
35163,9,5,5255
472,35163,5255,589
5,472,589,993
5255,5,993,589
589,5255,589,5
993,589,5,5145
589,993,5145,151
5,589,151,2532
5145,5,2532,12
151,5145,12,29717
2532,151,29717,3048
12,2532,3048,6657
29717,12,6657,4
3048,29717,4,560
6657,3048,560,1870
4,6657,1870,30
560,4,30,327
1870,560,327,309
30,1870,309,3
327,30,3,858
309,327,858,2
3,309,2,213
858,3,213,8
2,858,8,7
213,2,7,292
8,213,292,12
7,8,12,41726
292,7,41726,472
12,292,472,5
41726,12,5,6613
472,41726,6613,29164
5,472,29164,30
6613,5,30,147
29164,6613,147,3
30,29164,3,155
147,30,155,142
3,147,142,3
155,3,3,4
142,155,4,406
3,142,406,5
4,3,5,90
406,4,90,614
5,406,614,21
90,5,21,186
614,90,186,614
21,614,614,375
186,21,375,207
614,186,207,626
375,614,626,7
207,375,7,491
626,207,491,361
7,626,361,3
491,7,3,2025
361,491,2025,6
3,361,6,1112
2025,3,1112,338
6,2025,338,151
1112,6,151,36
338,1112,36,5745
151,338,5745,11
36,151,11,178
5745,36,178,7
11,5745,7,325
178,11,325,9
7,178,9,89
325,7,89,2
9,325,2,149
89,9,149,2
2,89,2,361
149,2,361,3
2,149,3,1361
361,2,1361,102
3,361,102,45
1361,3,45,8
102,1361,8,1153
45,102,1153,3
8,45,3,5595
1153,8,5595,89
3,1153,89,2
5595,3,2,5145
89,5595,5145,3968
2,89,3968,770
5145,2,770,9429
3968,5145,9429,5
770,3968,5,163
9429,770,163,1648
5,9429,1648,5
163,5,5,376
1648,163,376,20
5,1648,20,315
376,5,315,40
20,376,40,633
315,20,633,11088
40,315,11088,2993
633,40,2993,4
11088,633,4,2
2993,11088,2,431
4,2993,431,8
2,4,8,40
431,2,40,584
8,431,584,128
40,8,128,2
584,40,2,1207
128,584,1207,3
2,128,3,835
1207,2,835,1704
3,1207,1704,40
835,3,40,17
1704,835,17,2
40,1704,2,659
17,40,659,7
2,17,7,396
659,2,396,1679
7,659,1679,1463
396,7,1463,580
1679,396,580,8
1463,1679,8,2
580,1463,2,595
8,580,595,475
2,8,475,292
595,2,292,12
475,595,12,2
292,475,2,4788
12,292,4788,1561
2,12,1561,7
4788,2,7,1155
1561,4788,1155,8
7,1561,8,2993
1155,7,2993,7
8,1155,7,18
2993,8,18,64
7,2993,64,354
18,7,354,229
64,18,229,10
354,64,10,7
229,354,7,36
10,229,36,7
7,10,7,21
36,7,21,7
7,36,7,55
21,7,55,86
7,21,86,173
55,7,173,56
86,55,56,8
173,86,8,2560
56,173,2560,1982
8,56,1982,108
2560,8,108,30
1982,2560,30,244
108,1982,244,6
30,108,6,270
244,30,270,7
6,244,7,1003
270,6,1003,6201
7,270,6201,30
1003,7,30,55
6201,1003,55,653
30,6201,653,37
55,30,37,51
653,55,51,154
37,653,154,235
51,37,235,75
154,51,75,30
235,154,30,18
75,235,18,1300
30,75,1300,67
18,30,67,573
1300,18,573,24
67,1300,24,19865
573,67,19865,52
24,573,52,33
19865,24,33,40
52,19865,40,73
33,52,73,3
40,33,3,144
73,40,144,3596
3,73,3596,5
144,3,5,463
3596,144,463,73
5,3596,73,42
463,5,42,33
73,463,33,18
42,73,18,72
33,42,72,599
18,33,599,1134
72,18,1134,67
599,72,67,1531
1134,599,1531,1128
67,1134,1128,164
1531,67,164,30
1128,1531,30,3874
164,1128,3874,3016
30,164,3016,112
3874,30,112,13283
23237,5375,4009,1411
1706,23237,1411,12641
4009,1706,12641,91287
1411,4009,91287,603
12641,1411,603,163
52,1327,1697,787
171,52,787,1675
1697,171,1675,2
787,1697,2,1458
1675,787,1458,1266
2,1675,1266,6481
1458,2,6481,1244
1266,1458,1244,5
6481,1266,5,4407
1244,6481,4407,2
5,1244,2,86
4407,5,86,6
2,4407,6,4198
86,2,4198,8
6,86,8,30
4198,6,30,3
8,4198,3,119
30,8,119,1875
3,30,1875,8
119,3,8,1879
1875,119,1879,51
8,1875,51,558
1879,8,558,7
51,1879,7,377
558,51,377,8113
7,558,8113,10409
377,7,10409,338
8113,377,338,703
10409,8113,703,21
338,10409,21,86
703,338,86,609
21,703,609,6481
86,21,6481,3
609,86,3,809
6481,609,809,1821
3,6481,1821,19
809,3,19,38
1821,809,38,385
19,1821,385,36
38,19,36,1753
385,38,1753,10
36,385,10,68
1753,36,68,276
10,1753,276,6481
68,10,6481,953
276,68,953,3
6481,276,3,3602
953,6481,3602,1169
3,953,1169,151
3602,3,151,10
1169,3602,10,251
151,1169,251,2225
10,151,2225,32451
251,10,32451,2
2225,251,2,8
32451,2225,8,3602
2,32451,3602,45
8,2,45,292
3602,8,292,12
45,3602,12,237
292,45,237,2007
12,292,2007,4
237,12,4,57
2007,237,57,2808
4,2007,2808,1302
57,4,1302,16
2808,57,16,4758
1302,2808,4758,19
16,1302,19,227
4758,16,227,141
19,4758,141,6
227,19,6,2093
141,227,2093,4
6,141,4,2504
2093,6,2504,59
4,2093,59,30
2504,4,30,822
59,2504,822,558
30,59,558,1217
822,30,1217,10529
558,822,10529,1244
1217,558,1244,3
10529,1217,3,2
1244,10529,2,1951
3,1244,1951,658
2,3,658,101
1951,2,101,1164
658,1951,1164,256
101,658,256,26129
1164,101,26129,11
256,1164,11,24558
26129,256,24558,4
11,26129,4,28
24558,11,28,20
4,24558,20,7
28,4,7,7449
20,28,7449,20
7,20,20,7
7449,7,7,8277
20,7449,8277,713
7,20,713,20
8277,7,20,7
713,8277,7,37
20,713,37,2
7,20,2,5155
37,7,5155,2
2,37,2,1713
5155,2,1713,5
2,5155,5,227
1713,2,227,1372
5,1713,1372,2093
227,5,2093,309
1372,227,309,2
2093,1372,2,42
309,2093,42,55
2,309,55,346
112,1827,16,1044
125,112,1044,3
16,125,3,495
1044,16,495,1782
3,1044,1782,332
495,3,332,60
1782,495,60,30
332,1782,30,3304
60,332,3304,39
30,60,39,825
3304,30,825,2778
39,3304,2778,1833
825,39,1833,30
2778,825,30,208
1833,2778,208,336
30,1833,336,112
208,30,112,6627
336,208,6627,663
112,336,663,43
58,2133,7,26125
287,58,26125,70
7,287,70,3
26125,7,3,2
70,26125,2,25783
3,70,25783,5
2,3,5,12223
25783,2,12223,954
5,25783,954,520
12223,5,520,13392
954,12223,13392,4
520,954,4,1177
13392,520,1177,4531
4,13392,4531,8
1177,4,8,8319
4531,1177,8319,200
8,4531,200,32
8319,8,32,119
200,8319,119,111
32,200,111,4
119,32,4,99
111,119,99,1220
4,111,1220,78
99,4,78,32
1220,99,32,6
78,1220,6,103
32,78,103,14037
6,32,14037,127
103,6,127,461
14037,103,461,719
127,14037,719,61
461,127,61,3
719,461,3,117
61,719,117,5
3,61,5,54278
117,3,54278,934
5,117,934,7
54278,5,7,3
934,54278,3,1243
7,934,1243,81
3,7,81,15
1243,3,15,2
81,1243,2,7035
15,81,7035,5
2,15,5,41
7035,2,41,264
5,7035,264,4801
41,5,4801,156
264,41,156,2
4801,264,2,95
156,4801,95,74
2,156,74,32
95,2,32,432
74,95,432,125
32,74,125,783
432,32,783,4
125,432,4,1707
783,125,1707,3
4,783,3,6907
1707,4,6907,49
3,1707,49,595
6907,3,595,711
49,6907,711,2
595,49,2,2
711,595,2,766
2,711,766,3
2,2,3,12335
766,2,12335,44
3,766,44,5
12335,3,5,3441
44,12335,3441,9049
5,44,9049,4
3441,5,4,1532
9049,3441,1532,10959
4,9049,10959,8
1532,4,8,40
10959,1532,40,15044
8,10959,15044,4
40,8,4,6029
15044,40,6029,114
4,15044,114,6
6029,4,6,660
114,6029,660,395
6,114,395,85
660,6,85,2
395,660,2,2971
85,395,2971,12
2,85,12,32
2971,2,32,4
12,2971,4,7541
32,12,7541,8
4,32,8,13
7541,4,13,445
8,7541,445,13112
13,8,13112,38
445,13,38,1516
13112,445,1516,4
38,13112,4,15432
1516,38,15432,105
4,1516,105,53722
15432,4,53722,6
105,15432,6,173
53722,105,173,2
6,53722,2,39
173,6,39,4708
2,173,4708,339
39,2,339,8
4708,39,8,1245
339,4708,1245,200
8,339,200,32
1245,8,32,17989
200,1245,17989,12
32,200,12,2
17989,32,2,15768
12,17989,15768,4
2,12,4,5579
15768,2,5579,366
4,15768,366,5
5579,4,5,3811
366,5579,3811,102
5,366,102,89
3811,5,89,19
102,3811,19,363
89,102,363,225
19,89,225,54
363,19,54,117
225,363,117,15
54,225,15,1173
117,54,1173,5
15,117,5,78
1173,15,78,32
5,1173,32,5764
78,5,5764,4
32,78,4,2
5764,32,2,2850
4,5764,2850,164
2,4,164,30
2850,2,30,155
164,2850,155,11928
30,164,11928,1143
155,30,1143,68
11928,155,68,477
1143,11928,477,3
68,1143,3,17
477,68,17,470
3,477,470,2265
17,3,2265,23
470,17,23,260
2265,470,260,26569
23,2265,26569,1727
260,23,1727,1557
26569,260,1557,5
1727,26569,5,78
1557,1727,78,32
5,1557,32,3
78,5,3,10983
32,78,10983,41824
3,32,41824,2896
10983,3,2896,5
41824,10983,5,22
2896,41824,22,83
5,2896,83,1764
22,5,1764,1254
83,22,1254,19
1764,83,19,199
1254,1764,199,8
19,1254,8,2233
199,19,2233,22
8,199,22,257
2233,8,257,85
22,2233,85,922
257,22,922,613
85,257,613,15
922,85,15,225
613,922,225,114
15,613,114,408
225,15,408,5
114,225,5,894
408,114,894,2351
5,408,2351,22
894,5,22,253
2351,894,253,135
22,2351,135,96003
253,22,96003,11
135,253,11,7
96003,135,7,377
11,96003,377,7
7,11,7,11
377,7,11,7
7,377,7,3872
11,7,3872,21
7,11,21,72
3872,7,72,200
21,3872,200,32
72,21,32,9
200,72,9,51
32,200,51,11
9,32,11,14
51,9,14,4
11,51,4,51
14,11,51,11
4,14,11,13
51,4,13,42
11,51,42,29
13,11,29,10
42,13,10,183
29,42,183,2
10,29,2,10
183,10,10,960
2,183,960,3
10,2,3,78
960,10,78,969
3,960,969,4859
78,3,4859,27
969,78,27,605
4859,969,605,2668
27,4859,2668,28
605,27,28,12
2668,605,12,390
28,2668,390,39
12,28,39,11535
390,12,11535,1511
39,390,1511,371
11535,39,371,27
1511,11535,27,2
371,1511,2,118
27,371,118,2
2,27,2,830
118,2,830,7075
2,118,7075,4
830,2,4,11
7075,830,11,7
4,7075,7,21
11,4,21,98
7,11,98,5
21,7,5,95
98,21,95,148
5,98,148,4859
95,5,4859,28
148,95,28,8875
4859,148,8875,78
28,4859,78,32
8875,28,32,2
78,8875,2,4
32,78,4,10845
2,32,10845,5
4,2,5,49
10845,4,49,1043
5,10845,1043,46779
49,5,46779,27
1043,49,27,520
46779,1043,520,10800
27,46779,10800,102
520,27,102,32
