388,47,41,4685
2,388,4685,15
41,2,15,32
4685,41,32,456
15,4685,456,9
32,15,9,70
456,32,70,1418
9,456,1418,174
70,9,174,120
1418,70,120,18
174,1418,18,30
120,174,30,485
18,120,485,8
30,18,8,126
485,30,126,1981
8,485,1981,2910
126,8,2910,6
1981,126,6,128
2910,1981,128,153
6,2910,153,259
128,6,259,5065
153,128,5065,10936
259,153,10936,2416
5065,259,2416,1259
10936,5065,1259,12
2416,10936,12,832
1259,2416,832,113
12,1259,113,2148
832,12,2148,7390
113,832,7390,30
2148,113,30,1410
7390,2148,1410,6246
30,7390,6246,521
1410,30,521,456
6246,1410,456,9
521,6246,9,70
456,521,70,1418
9,456,1418,3018
70,9,3018,7
1418,70,7,84
3018,1418,84,791
7,3018,791,9
84,7,9,278
791,84,278,3
9,791,3,17
278,9,17,7002
3,278,7002,4
17,3,4,1181
7002,17,1181,157
4,7002,157,593
1181,4,593,215
157,1181,215,6230
593,157,6230,34
215,593,34,17
6230,215,17,26368
34,6230,26368,61
17,34,61,19
26368,17,19,2
61,26368,2,20741
19,61,20741,5186
2,19,5186,12
20741,2,12,1431
5186,20741,1431,3915
12,5186,3915,3018
1431,12,3018,184
3915,1431,184,3
3018,3915,3,2
184,3018,2,181
3,184,181,6
2,3,6,226
181,2,226,13
6,181,13,495
226,6,495,1009
13,226,1009,24
495,13,24,124
1009,495,124,2976
24,1009,2976,7618
124,24,7618,1656
2976,124,1656,4
7618,2976,4,5478
1656,7618,5478,31
4,1656,31,96
5478,4,96,3154
31,5478,3154,8
96,31,8,3018
3154,96,3018,14
8,3154,14,3
3018,8,3,3733
14,3018,3733,13114
3,14,13114,12
3733,3,12,278
13114,3733,278,1062
12,13114,1062,8300
278,12,8300,124
1062,278,124,7
8300,1062,7,3010
124,8300,3010,52
7,124,52,521
3010,7,521,25
52,3010,25,10
521,52,10,84
25,521,84,142
10,25,142,3
84,10,3,2143
142,84,2143,174
3,142,174,781
2143,3,781,125
174,2143,125,1652
781,174,1652,8
125,781,8,885
1652,125,885,4
8,1652,4,22
885,8,22,504
4,885,504,23
22,4,23,456
504,22,456,9
23,504,9,70
456,23,70,1418
9,456,1418,1731
70,9,1731,62
1418,70,62,3
1731,1418,3,1195
62,1731,1195,142
3,62,142,12
1195,3,12,2860
142,1195,2860,5
12,142,5,6996
2860,12,6996,960
5,2860,960,3
6996,5,3,2093
960,6996,2093,1462
3,960,1462,8
2093,3,8,364
1462,2093,364,4
8,1462,4,318
364,8,318,747
4,364,747,330
318,4,330,244
747,318,244,7612
330,747,7612,6
244,330,6,54
7612,244,54,4
6,7612,4,2696
54,6,2696,1568
4,54,1568,5259
2696,4,5259,6996
1568,2696,6996,5853
5259,1568,5853,232
6996,5259,232,5
5853,6996,5,233
232,5853,233,9
5,232,9,1426
233,5,1426,1365
9,233,1365,775
1426,9,775,3373
1365,1426,3373,5
775,1365,5,67
3373,775,67,1536
5,3373,1536,1777
67,5,1777,885
1536,67,885,481
1777,1536,481,3
885,1777,3,22
481,885,22,1580
3,481,1580,8
22,3,8,11
1580,22,11,100
8,1580,100,1732
11,8,1732,3
100,11,3,5259
1732,100,5259,6996
3,1732,6996,4
5259,3,4,26
6996,5259,26,16
4,6996,16,85143
26,4,85143,2762
16,26,2762,4189
85143,16,4189,8
2762,85143,8,6741
4189,2762,6741,121
8,4189,121,1306
6741,8,1306,81
121,6741,81,56
1306,121,56,75
81,1306,75,377
56,81,377,76
75,56,76,654
377,75,654,2
76,377,2,7830
654,76,7830,2430
2,654,2430,8
7830,2,8,10
2430,7830,10,477
8,2430,477,4085
10,8,4085,497
477,10,497,12
4085,477,12,38
497,4085,38,1781
12,497,1781,14
38,12,14,422
1781,38,422,5259
14,1781,5259,44
422,14,44,21
5259,422,21,41
44,5259,41,25
21,44,25,65
41,21,65,57
25,41,57,4
65,25,4,689
57,65,689,50
4,57,50,531
689,4,531,3
50,689,3,462
531,50,462,31984
3,531,31984,1318
462,3,1318,46
31984,462,46,48826
1318,31984,48826,5259
46,1318,5259,2453
48826,46,2453,8
5259,48826,8,26
2453,5259,26,50
8,2453,50,86
26,8,86,42
50,26,42,5
86,50,5,1182
42,86,1182,255
5,42,255,6996
1182,5,6996,134
255,1182,134,2143
6996,255,2143,8
134,6996,8,98
2143,134,98,2901
8,2143,2901,8
98,8,8,22
2901,98,22,493
8,2901,493,1294
22,8,1294,1000
493,22,1000,3
1294,493,3,1462
1000,1294,1462,50
3,1000,50,2
1462,3,2,2921
50,1462,2921,5
2,50,5,5603
2921,2,5603,2272
5,2921,2272,56
5603,5,56,8
2272,5603,8,38
56,2272,38,493
8,56,493,91
38,8,91,2
493,38,2,26185
91,493,26185,997
2,91,997,3
26185,2,3,38
997,26185,38,1846
3,997,1846,54
38,3,54,13
1846,38,13,223
54,1846,223,3517
13,54,3517,4085
223,13,4085,497
3517,223,497,6
4085,3517,6,940
497,4085,940,29
6,497,29,1256
940,6,1256,4368
29,940,4368,63
1256,29,63,5
4368,1256,5,1035
63,4368,1035,654
5,63,654,456
1035,5,456,2
654,1035,2,222
456,654,222,2441
2,456,2441,8
222,2,8,2349
2441,222,2349,947
8,2441,947,5
2349,8,5,372
947,2349,372,521
5,947,521,812
372,5,812,211
521,372,211,6996
812,521,6996,653
211,812,653,8
6996,211,8,885
653,6996,885,2536
8,653,2536,1254
885,8,1254,16853
2536,885,16853,919
1254,2536,919,15
16853,1254,15,6996
919,16853,6996,196
15,919,196,6
6996,15,6,4106
196,6996,4106,1514
6,196,1514,3
4106,6,3,32
1514,4106,32,315
3,1514,315,3
32,3,3,1162
315,32,1162,1313
3,315,1313,2
1162,3,2,1191
1313,1162,1191,12
2,1313,12,554
1191,2,554,940
12,1191,940,20
554,12,20,7
940,554,7,190
20,940,190,1430
7,20,1430,120
190,7,120,32
1430,190,32,69
120,1430,69,13
32,120,13,47
69,32,47,1254
13,69,1254,3
47,13,3,18
1254,47,18,2657
3,1254,2657,1243
18,3,1243,3
2657,18,3,76
1243,2657,76,5
3,1243,5,88
76,3,88,5720
5,76,5720,177
88,5,177,5
5720,88,5,1435
177,5720,1435,940
5,177,940,4368
1435,5,4368,28
940,1435,28,6996
4368,940,6996,100
28,4368,100,10055
6996,28,10055,1136
100,6996,1136,13
10055,100,13,1065
1136,10055,1065,12
13,1136,12,794
1065,13,794,554
12,1065,554,2140
794,12,2140,4
554,794,4,564
2140,554,564,5
4,2140,5,273
564,4,273,246
5,564,246,6
273,5,6,356
246,273,356,46
6,246,46,2
356,6,2,1073
46,356,1073,37
2,46,37,54
1073,2,54,5259
37,1073,5259,6996
54,37,6996,4
5259,54,4,885
6996,5259,885,5009
4,6996,5009,2513
885,4,2513,184
5009,885,184,3
2513,5009,3,781
184,2513,781,1735
3,184,1735,1612
781,3,1612,11
1735,781,11,7
1612,1735,7,273
11,1612,273,246
7,11,246,6
273,7,6,356
246,273,356,4
6,246,4,313
356,6,313,3
4,356,3,18
313,4,18,64
3,313,64,255
18,3,255,8790
64,18,8790,11193
255,64,11193,2331
8790,255,2331,94
11193,8790,94,5
2331,11193,5,157
94,2331,157,4405
5,94,4405,6996
157,5,6996,1380
4405,157,1380,3
6996,4405,3,2143
1380,6996,2143,8
3,1380,8,171
2143,3,171,428
8,2143,428,5
171,8,5,400
428,171,400,3
5,428,3,1935
400,5,1935,456
3,400,456,11
1935,3,11,1366
456,1935,1366,30
11,456,30,13
1366,11,13,47
30,1366,47,3637
13,30,3637,22
47,13,22,1332
3637,47,1332,2
22,3637,2,83201
1332,22,83201,9
2,1332,9,66
83201,2,66,261
9,83201,261,1721
66,9,1721,885
261,66,885,2
1721,261,2,2
885,1721,2,2858
2,885,2858,46
2,2,46,2
2858,2,2,1934
46,2858,1934,6996
2,46,6996,228
1934,2,228,131
6996,1934,131,3784
228,6996,3784,8
131,228,8,186
3784,131,186,3
8,3784,3,3621
186,8,3621,2190
3,186,2190,54
3621,3,54,6996
2190,3621,6996,1162
54,2190,1162,2
6996,54,2,2
1162,6996,2,20703
2,1162,20703,9
2,2,9,885
20703,2,885,7
9,20703,7,100
885,9,100,513
7,885,513,2
100,7,2,182
513,100,182,41
2,513,41,9
182,2,9,8
41,182,8,2235
9,41,2235,6996
8,9,6996,28
2235,8,28,791
6996,2235,791,885
28,6996,885,42
791,28,42,88
885,791,88,4582
42,885,4582,3185
88,42,3185,6969
4582,88,6969,399
3185,4582,399,118
6969,3185,118,7
399,6969,7,100
118,399,100,367
7,118,367,1118
100,7,1118,6
367,100,6,647
1118,367,647,2
6,1118,2,32
647,6,32,135
2,647,135,289
32,2,289,69
135,32,69,102
289,135,102,494
69,289,494,145
102,69,145,2166
494,102,2166,1136
145,494,1136,3130
2166,145,3130,6996
1136,2166,6996,5009
3130,1136,5009,885
6996,3130,885,72
5009,6996,72,3
885,5009,3,833
72,885,833,61
3,72,61,62
833,3,62,16
61,833,16,33
62,61,33,6996
16,62,6996,481
33,16,481,1902
6996,33,1902,33
481,6996,33,251
1902,481,251,180
33,1902,180,2698
251,33,2698,29
180,251,29,52
2698,180,52,11
29,2698,11,14
52,29,14,245
11,52,245,25
14,11,25,1065
245,14,1065,12
25,245,12,7632
1065,25,7632,935
12,1065,935,2140
7632,12,2140,206
935,7632,206,14
2140,935,14,11
206,2140,11,1017
14,206,1017,494
11,14,494,145
1017,11,145,29
494,1017,29,3956
3537,103,1498,3260
54,3537,3260,20
1498,54,20,153
3260,1498,153,50
20,3260,50,8316
153,20,8316,9
50,153,9,133
8316,50,133,144
9,8316,144,5
133,9,5,4456
144,133,4456,1469
5,144,1469,16102
4456,5,16102,1048
1469,4456,1048,1335
16102,1469,1335,3
1048,16102,3,2241
1335,1048,2241,1156
3,1335,1156,1689
2241,3,1689,624
1156,2241,624,9
1689,1156,9,2073
624,1689,2073,2210
9,624,2210,27303
2073,9,27303,13185
2210,2073,13185,6392
27303,2210,6392,507
13185,27303,507,8
6392,13185,8,3537
507,6392,3537,721
8,507,721,87
3537,8,87,5
721,3537,5,4456
87,721,4456,335
5,87,335,13185
4456,5,13185,2
335,4456,2,232
13185,335,232,5
2,13185,5,992
232,2,992,6442
5,232,6442,97
992,5,97,481
6442,992,481,6
97,6442,6,2
481,97,2,2401
6,481,2401,32208
2,6,32208,1087
2401,2,1087,41650
32208,2401,41650,1156
1087,32208,1156,629
41650,1087,629,14
1156,41650,14,12
629,1156,12,2
14,629,2,35
12,14,35,1134
2,12,1134,3
35,2,3,4259
1134,35,4259,59
3,1134,59,5784
4259,3,5784,704
59,4259,704,813
5784,59,813,3260
704,5784,3260,12
813,704,12,442
3260,813,442,936
12,3260,936,42
442,12,42,4
936,442,4,11293
42,936,11293,30636
4,42,30636,183
11293,4,183,44
30636,11293,44,4456
183,30636,4456,143
44,183,143,226
4456,44,226,4499
143,4456,4499,2304
226,143,2304,4
4499,226,4,1769
2304,4499,1769,528
4,2304,528,893
1769,4,893,2
528,1769,2,1469
893,528,1469,3580
2,893,3580,546
1469,2,546,9
3580,1469,9,10
546,3580,10,2684
9,546,2684,5
10,9,5,3420
2684,10,3420,777
5,2684,777,6
3420,5,6,2241
777,3420,2241,82
6,777,82,228
2241,6,228,3781
82,2241,3781,2736
228,82,2736,19
3781,228,19,1479
2736,3781,1479,4
19,2736,4,8070
1479,19,8070,23542
4,1479,23542,19
8070,4,19,30115
23542,8070,30115,799
19,23542,799,14
30115,19,14,2697
799,30115,2697,75
14,799,75,4174
2697,14,4174,185
75,2697,185,74
4174,75,74,10
185,4174,10,10754
74,185,10754,4
10,74,4,774
10754,10,774,5727
4,10754,5727,320
774,4,320,91
5727,774,91,6
320,5727,6,799
91,320,799,3260
6,91,3260,14
799,6,14,223
3260,799,223,226
14,3260,226,360
223,14,360,6
226,223,6,950
360,226,950,5
6,360,5,41617
950,6,41617,4115
5,950,4115,4456
41617,5,4456,4
4115,41617,4,10
4456,4115,10,916
4,4456,916,232
10,4,232,9
916,10,9,424
232,916,424,3
9,232,3,2074
424,9,2074,1048
3,424,1048,1335
2074,3,1335,3
1048,2074,3,3420
1335,1048,3420,37878
3,1335,37878,1452
3420,3,1452,6
37878,3420,6,4259
1452,37878,4259,6
6,1452,6,2
4259,6,2,15944
6,4259,15944,315
2,6,315,3
15944,2,3,5471
315,15944,5471,1469
3,315,1469,29
5471,3,29,165
1469,5471,165,1315
29,1469,1315,3
165,29,3,18
1315,165,18,2
3,1315,2,503
18,3,503,7008
2,18,7008,15
503,2,15,195
7008,503,195,5
15,7008,5,1763
195,15,1763,34345
5,195,34345,3
1763,5,3,13185
34345,1763,13185,1890
3,34345,1890,2295
13185,3,2295,1680
1890,13185,1680,2167
2295,1890,2167,15
1680,2295,15,41615
2167,1680,41615,1890
15,2167,1890,80
41615,15,80,28
1890,41615,28,1525
80,1890,1525,8
28,80,8,3420
1525,28,3420,778
8,1525,778,7
3420,8,7,2556
778,3420,2556,3
7,778,3,226
2556,7,226,5
3,2556,5,546
226,3,546,1689
5,226,1689,624
546,5,624,42632
1689,546,42632,9
624,1689,9,6773
42632,624,6773,1125
9,42632,1125,1907
6773,9,1907,1156
1125,6773,1156,629
1907,1125,629,28
1156,1907,28,8
629,1156,8,110
28,629,110,168
8,28,168,3537
110,8,3537,14
168,110,14,21
3537,168,21,88
14,3537,88,2707
21,14,2707,5
88,21,5,576
2707,88,576,29
5,2707,29,30
576,5,30,4109
29,576,4109,8
30,29,8,3420
4109,30,3420,137
8,4109,137,40
3420,8,40,319
137,3420,319,43
40,137,43,32446
69,27,3316,73
9,69,73,7466
3316,9,7466,686
73,3316,686,34
7466,73,34,27
686,7466,27,549
34,686,549,43
27,34,43,3186
549,27,3186,4
43,549,4,3687
3186,43,3687,41
4,3186,41,19
3687,4,19,17342
41,3687,17342,24550
19,41,24550,886
17342,19,886,12
24550,17342,12,355
886,24550,355,109
12,886,109,19
355,12,19,17342
109,355,17342,24550
19,109,24550,10
17342,19,10,7
24550,17342,7,2
10,24550,2,14931
7,10,14931,19
2,7,19,84
14931,2,84,8
19,14931,8,138
84,19,138,27
8,84,27,13
138,8,13,296
27,138,296,2
13,27,2,738
296,13,738,62
2,296,62,69
738,2,69,46
62,738,46,2
69,62,2,952
46,69,952,5
2,46,5,5492
952,2,5492,1066
5,952,1066,2104
5492,5,2104,105636
1066,5492,105636,2793
2104,1066,2793,1856
105636,2104,1856,4
2793,105636,4,72
1856,2793,72,207
4,1856,207,57
72,4,57,4584
207,72,4584,8
57,207,8,5681
4584,57,5681,973
8,4584,973,1014
5681,8,1014,19818
973,5681,19818,5
1014,973,5,9698
19818,1014,9698,7268
5,19818,7268,12
9698,5,12,738
7268,9698,738,1014
12,7268,1014,1073
738,12,1073,16
1014,738,16,8992
1073,1014,8992,3916
16,1073,3916,36
8992,16,36,9416
3916,8992,9416,36
36,3916,36,422
9416,36,422,44651
36,9416,44651,6
422,36,6,98
44651,422,98,662
6,44651,662,26
98,6,26,16
662,98,16,6203
26,662,6203,38
16,26,38,564
6203,16,564,16
38,6203,16,38
564,38,38,244
16,564,244,54
38,16,54,392
244,38,392,2
54,244,2,82891
392,54,82891,1413
2,392,1413,51
82891,2,51,25
1413,82891,25,12630
51,1413,12630,340
25,51,340,25
12630,25,25,2958
340,12630,2958,118
25,340,118,12
2958,25,12,38
118,2958,38,62
12,118,62,54
38,12,54,13
62,38,13,5
54,62,5,376
13,54,376,2448
5,13,2448,48
376,5,48,1026
2448,376,1026,5
48,2448,5,2790
1026,48,2790,2281
5,1026,2281,8
2790,5,8,462
2281,2790,462,96
8,2281,96,10
462,8,10,313
96,462,313,2
10,96,2,52
313,10,52,26
2,313,26,16
52,2,16,377
26,52,377,271
16,26,271,51
377,16,51,7
271,377,7,38
51,271,38,2972
7,51,2972,57
38,7,57,65
2972,38,65,2972
57,2972,2972,9
65,57,9,24280
2972,65,24280,48
9,2972,48,5
24280,9,5,20
48,24280,20,14
5,48,14,3529
20,5,3529,66
14,20,66,404
3529,14,404,19
66,3529,19,3419
404,66,3419,3714
19,404,3714,23826
3419,19,23826,6
3714,3419,6,806
23826,3714,806,6
6,23826,6,54
806,6,54,11
6,806,11,1830
54,6,1830,2
11,54,2,3316
1830,11,3316,2
2,1830,2,480
3316,2,480,31
2,3316,31,7
480,2,7,508
31,480,508,9
7,31,9,118
508,7,118,4165
9,508,4165,6
118,9,6,2
4165,118,2,1011
6,4165,1011,259
2,6,259,7
1011,2,7,1731
259,1011,1731,62
7,259,62,20
1731,7,20,2541
62,1731,2541,3
20,62,3,27
2541,20,27,31
3,2541,31,313
27,3,313,2
31,27,2,7741
313,31,7741,272
2,313,272,1848
7741,2,1848,9
272,7741,9,22
1848,272,22,4058
9,1848,4058,29
22,9,29,7
4058,22,7,353
29,4058,353,21
7,29,21,507
353,7,507,8
21,353,8,23826
507,21,23826,26268
8,507,26268,7281
23826,8,7281,2
26268,23826,2,10
7281,26268,10,7
2,7281,7,7
10,2,7,245
7,10,245,3041
7,7,3041,7
245,7,7,40
3041,245,40,3684
7,3041,3684,8
40,7,8,3316
3684,40,3316,7
8,3684,7,2
3316,8,2,1190
7,3316,1190,1183
2,7,1183,7
1190,2,7,10
1183,1190,10,2
7,1183,2,152
10,7,152,23600
2,10,23600,7
152,2,7,113
23600,152,113,3316
7,23600,3316,7
113,7,7,340
3316,113,340,2
7,3316,2,1530
340,7,1530,729
2,340,729,1596
1530,2,1596,56
729,1530,56,6
1596,729,6,6836
56,1596,6836,5
6,56,5,290
6836,6,290,4
5,6836,4,140
290,5,140,2871
4,290,2871,19
140,4,19,1349
2871,140,1349,4
19,2871,4,84
1349,19,84,338
4,1349,338,152
84,4,152,42
338,84,42,2807
152,338,2807,3316
42,152,3316,46
2807,42,46,3
3316,2807,3,2145
46,3316,2145,8
3,46,8,33
2145,3,33,55
8,2145,55,251
33,8,251,10
55,33,10,2579
251,55,2579,46
10,251,46,19
2579,10,19,1634
46,2579,1634,42
19,46,42,1530
1634,19,1530,110
42,1634,110,33
1530,42,33,689
110,1530,689,112
33,110,112,3316
689,33,3316,21
112,689,21,59
3316,112,59,33
21,3316,33,689
59,21,689,4058
33,59,4058,36
689,33,36,769
4058,689,769,112
36,4058,112,105702
769,36,105702,29
112,769,29,59
105702,112,59,33
29,105702,33,689
59,29,689,112
33,59,112,1530
689,33,1530,54
112,689,54,7
1530,112,7,51
54,1530,51,295
7,54,295,33
51,7,33,769
295,51,769,6
33,295,6,99
769,33,99,236
6,769,236,138
99,6,138,27
236,99,27,7
