262,42489,3,611
7,262,611,907
3,7,907,570
611,3,570,21
907,611,21,2551
570,907,2551,81
21,570,81,2055
2551,21,2055,145
81,2551,145,19202
2055,81,19202,22
145,2055,22,5431
19202,145,5431,1152
22,19202,1152,145
5431,22,145,13
1152,5431,13,6
145,1152,6,268
13,145,268,277
6,13,277,491
268,6,491,23
277,268,23,25
491,277,25,15
23,491,15,487
25,23,487,1353
15,25,1353,23
487,15,23,60
1353,487,60,211
23,1353,211,2
60,23,2,106
211,60,106,102
2,211,102,2
106,2,2,2413
102,106,2413,487
2,102,487,200
2413,2,200,4
487,2413,4,7834
200,487,7834,594
4,200,594,8
7834,4,8,555
594,7834,555,614
8,594,614,16
555,8,16,2
614,555,2,447
16,614,447,3
2,16,3,70
447,2,70,25090
3,447,25090,466
70,3,466,11
25090,70,11,1751
466,25090,1751,22
11,466,22,106
1751,11,106,9
22,1751,9,2
106,22,2,2413
9,106,2413,487
2,9,487,200
2413,2,200,4
487,2413,4,57
200,487,57,2209
4,200,2209,5
57,4,5,22
2209,57,22,712
5,2209,712,1094
22,5,1094,2
712,22,2,1559
1094,712,1559,3
2,1094,3,2
1559,2,2,1082
3,1559,1082,845
2,3,845,12
1082,2,12,74886
845,1082,74886,681
12,845,681,31
74886,12,31,365
681,74886,365,695
31,681,695,126
365,31,126,145
695,365,145,50
126,695,50,2494
145,126,2494,326
50,145,326,1609
2494,50,1609,1295
326,2494,1295,31
1609,326,31,20667
1295,1609,20667,3
31,1295,3,1263
20667,31,1263,8
3,20667,8,22
1263,3,22,1010
8,1263,1010,13
22,8,13,47
1010,22,47,4498
13,1010,4498,4
47,13,4,469
4498,47,469,6
4,4498,6,39094
469,4,39094,468
6,469,468,180
39094,6,180,30
468,39094,30,16
180,468,16,1321
30,180,1321,87
16,30,87,11
1321,16,11,14
87,1321,14,180
11,87,180,3
14,11,3,18
180,14,18,2
3,180,2,201
18,3,201,842
2,18,842,326
201,2,326,1609
842,201,1609,1295
326,842,1295,134
1609,326,134,2
1295,1609,2,17114
134,1295,17114,787
2,134,787,1015
17114,2,1015,73
787,17114,73,180
1015,787,180,147
73,1015,147,67
180,73,67,907
147,180,907,42491
67,147,42491,20207
907,67,20207,1018
42491,907,1018,14261
20207,42491,14261,787
1018,20207,787,2373
14261,1018,2373,6
787,14261,6,312
2373,787,312,1840
6,2373,1840,126
312,6,126,145
1840,312,145,365
126,1840,365,695
145,126,695,23
365,145,23,4
695,365,4,9091
23,695,9091,1538
4,23,1538,456
9091,4,456,363
1538,9091,363,1263
456,1538,1263,232
363,456,232,31
1263,363,31,23
232,1263,23,12
31,232,12,695
23,31,695,405
12,23,405,145
695,12,145,621
405,695,621,527
145,405,527,8
621,145,8,11789
527,621,11789,56
8,527,56,31944
11789,8,31944,51020
56,11789,51020,68
31944,56,68,2602
51020,31944,2602,61
68,51020,61,22
2602,68,22,99
61,2602,99,3292
22,61,3292,1490
99,22,1490,24
3292,99,24,2
1490,3292,2,1869
24,1490,1869,232
2,24,232,5
1869,2,5,233
232,1869,233,964
5,232,964,11038
233,5,11038,24633
964,233,24633,2
11038,964,2,521
24633,11038,521,162
2,24633,162,650
521,2,650,1423
162,521,1423,1613
650,162,1613,847
1423,650,847,8
1613,1423,8,364
847,1613,364,101256
8,847,101256,7
364,8,7,9400
101256,364,9400,5
7,101256,5,775
9400,7,775,1055
5,9400,1055,1339
775,5,1339,54
1055,775,54,145
1339,1055,145,914
54,1339,914,56210
145,54,56210,2
914,145,2,2
56210,914,2,111
2,56210,111,232
2,2,232,6
111,2,6,24633
232,111,24633,7
6,232,7,68
24633,6,68,2
7,24633,2,232
68,7,232,5
2,68,5,775
232,2,775,1348
5,232,1348,1339
775,5,1339,4
1348,775,4,6
1339,1348,6,2
4,1339,2,423
6,4,423,3
2,6,3,248
423,2,248,145
3,423,145,15
248,3,15,3852
145,248,3852,3
15,145,3,1499
3852,15,1499,114
3,3852,114,42
1499,3,42,5
114,1499,5,567
42,114,567,6596
5,42,6596,22
567,5,22,69
6596,567,69,370
22,6596,370,949
69,22,949,317
370,69,317,820
949,370,820,452
317,949,452,4
820,317,4,39
452,820,39,68629
4,452,68629,134
39,4,134,787
68629,39,787,11
134,68629,11,803
787,134,803,145
11,787,145,2
803,11,2,542
145,803,542,4
2,145,4,336
542,2,336,22
4,542,22,103765
336,4,103765,107
22,336,107,268
103765,22,268,60
107,103765,60,8
268,107,8,30
60,268,30,13
8,60,13,2
30,8,2,150
13,30,150,69
2,13,69,4
150,2,4,2
69,150,2,926
4,69,926,8
2,4,8,628
926,2,628,699
8,926,699,3
628,8,3,191
699,628,191,11
3,699,11,8736
191,3,8736,1490
11,191,1490,14
8736,11,14,2
1490,8736,2,1486
14,1490,1486,3
2,14,3,145
1486,2,145,10
3,1486,10,68
145,3,68,522
10,145,522,2
68,10,2,3860
522,68,3860,5
2,522,5,2
3860,2,2,273
5,3860,273,1255
2,5,1255,8
273,2,8,78
1255,273,78,3428
8,1255,3428,32
78,8,32,1500
3428,78,1500,6
32,3428,6,135
1500,32,135,237
6,1500,237,80
135,6,80,2
237,135,2,145
80,237,145,13
2,80,13,3170
145,2,3170,36
13,145,36,7682
3170,13,7682,49
36,3170,49,6
7682,36,6,341
49,7682,341,35
6,49,35,987
341,6,987,41
35,341,41,65
987,35,65,232
41,987,232,5
65,41,5,233
232,65,233,18
5,232,18,260
233,5,260,1064
18,233,1064,11196
260,18,11196,499
1064,260,499,428
11196,1064,428,156
499,11196,156,97
428,499,97,698
156,428,698,16
97,156,16,41
698,97,41,65
16,698,65,72
41,16,72,9648
65,41,9648,1737
72,65,1737,16282
9648,72,16282,5
1737,9648,5,374
16282,1737,374,31
5,16282,31,34
374,5,34,1306
31,374,1306,135
34,31,135,287
1306,34,287,16
135,1306,16,996
287,135,996,374
16,287,374,46
996,16,46,612
374,996,612,158
46,374,158,4
612,46,4,57
158,612,57,97
4,158,97,195
57,4,195,31
97,57,31,16
195,97,16,21
31,195,21,2667
16,31,2667,19
21,16,19,360
2667,21,360,6
19,2667,6,38
360,19,38,35
6,360,35,4
38,6,4,3
35,38,3,20
4,35,20,173
3,4,173,26
20,3,26,380
173,20,380,1933
26,173,1933,2984
380,26,2984,6
1933,380,6,32
2984,1933,32,1524
37,136,13,9903
69,37,9903,2134
13,69,2134,29
9903,13,29,691
2134,9903,691,4
29,2134,4,848
691,29,848,5
4,691,5,2842
848,4,2842,1560
5,848,1560,1540
2842,5,1540,2
1560,2842,2,3464
1540,1560,3464,88579
2,1540,88579,27
3464,2,27,240
88579,3464,240,3
27,88579,3,3216
240,27,3216,449
3,240,449,96
3216,3,96,10
449,3216,10,3
96,449,3,119
10,96,119,22043
3,10,22043,203
119,3,203,27
22043,119,27,62
203,22043,62,34
27,203,34,4616
62,27,4616,708
34,62,708,4535
4616,34,4535,203
708,4616,203,235
4535,708,235,41003
203,4535,41003,127
235,203,127,94
41003,235,94,2842
127,41003,2842,1560
94,127,1560,628
2842,94,628,23
1560,2842,23,452
628,1560,452,35
23,628,35,15052
452,23,15052,6
35,452,6,326
15052,35,326,3475
6,15052,3475,452
326,6,452,128
3475,326,128,318
452,3475,318,159
128,452,159,402
318,128,402,526
159,318,526,510
402,159,510,442
526,402,442,8
510,526,8,11
442,510,11,13
8,442,13,1658
11,8,1658,56
13,11,56,5
1658,13,5,119
56,1658,119,111
5,56,111,41332
119,5,41332,3231
111,119,3231,526
41332,111,526,2842
3231,41332,2842,1560
526,3231,1560,3196
2842,526,3196,202
1560,2842,202,127
3196,1560,127,237
202,3196,237,12
127,202,12,442
237,127,442,579
12,237,579,2
442,12,2,6025
579,442,6025,998
2,579,998,6
6025,2,6,39
998,6025,39,632
6,998,632,289
39,6,289,120
632,39,120,11
289,632,11,517
120,289,517,86
11,120,86,37
517,11,37,129
86,517,129,5
37,86,5,104583
129,37,104583,7
5,129,7,3739
104583,5,3739,130
7,104583,130,1401
3739,7,1401,270
130,3739,270,7
1401,130,7,34
270,1401,34,218
7,270,218,3
34,7,3,1636
218,34,1636,20
3,218,20,133
1636,3,133,4
20,1636,4,431
133,20,431,9
4,133,9,95
431,4,95,70
9,431,70,31
95,9,31,900
70,95,900,3
31,70,3,2426
900,31,2426,9
3,900,9,107
2426,3,107,148
9,2426,148,16
107,9,16,4
148,107,4,2
16,148,2,1190
4,16,1190,2587
2,4,2587,8
1190,2,8,64
2587,1190,64,752
8,2587,752,179
64,8,179,9
752,64,9,81
179,752,81,569
9,179,569,1560
81,9,1560,28
569,81,28,6
1560,569,6,2
28,1560,2,304
6,28,304,12
2,6,12,49
304,2,49,558
12,304,558,87962
49,12,87962,721
558,49,721,3
87962,558,3,49
721,87962,49,69
3,721,69,9
49,3,9,2
69,49,2,2287
9,69,2287,532
2,9,532,128
2287,2,128,848
532,2287,848,1560
128,532,1560,14
848,128,14,2
1560,848,2,64463
14,1560,64463,883
2,14,883,49
64463,2,49,16870
883,64463,16870,661
49,883,661,23
16870,49,23,99
661,16870,99,8337
23,661,8337,185
99,23,185,2579
8337,99,2579,49
185,8337,49,2
2579,185,2,1813
49,2579,1813,3
2,49,3,1046
1813,2,1046,695
3,1813,695,120
1046,3,120,11
695,1046,11,70155
120,695,70155,8319
11,120,8319,138
70155,11,138,27
8319,70155,27,15
138,8319,15,2
27,138,2,2771
15,27,2771,661
2,15,661,3
2771,2,3,22
661,2771,22,1187
3,661,1187,5
22,3,5,49
1187,22,49,520
5,1187,520,1510
49,5,1510,82
520,49,82,7
1510,520,7,113
82,1510,113,225
7,82,225,48
113,7,48,74
225,113,74,133
48,225,133,485
74,48,485,51
133,74,51,371
485,133,371,27
51,485,27,28
371,51,28,11
27,371,11,28
28,27,28,171
11,28,171,185
28,11,185,59
171,28,59,2325
185,171,2325,37
59,185,37,73070
2325,59,73070,11
37,2325,11,14
73070,37,14,2
11,73070,2,172
14,11,172,6866
2,14,6866,94
172,2,94,6
6866,172,6,500
94,6866,500,1029
6,94,1029,11
500,6,11,14
1029,500,14,6
11,1029,6,667
14,11,667,6
6,14,6,987
667,6,987,932
6,667,932,15
987,6,15,231
932,987,231,129
15,932,129,5
231,15,5,16571
129,231,16571,1560
5,129,1560,208
16571,5,208,819
1560,16571,819,3
208,1560,3,5292
819,208,5292,2
3,819,2,1641
5292,3,1641,36
2,5292,36,8264
1641,2,8264,49
36,1641,49,1178
8264,36,1178,648
49,8264,648,24
1178,49,24,49
648,1178,49,970
24,648,970,11
49,24,11,73901
970,49,73901,102
11,970,102,1868
73901,11,1868,105
102,73901,105,698
1868,102,698,29
105,1868,29,307
698,105,307,334
29,698,334,41
307,29,41,65
334,307,65,2
41,334,2,1357
65,41,1357,99219
2,65,99219,436
1357,2,436,240
99219,1357,240,1404
436,99219,1404,27
240,436,27,14
1404,240,14,9106
27,1404,9106,61
14,27,61,1246
9106,14,1246,12
61,9106,12,487
1246,61,487,4
12,1246,4,9837
487,12,9837,61
4,487,61,1424
9837,4,1424,869
61,9837,869,5
1424,61,5,152
869,1424,152,33165
5,869,33165,1560
152,5,1560,13
33165,152,13,245
1560,33165,245,154
13,1560,154,61
245,13,61,15
154,245,15,76
61,154,76,1735
15,61,1735,188
76,15,188,354
1735,76,354,292
188,1735,292,12
354,188,12,49
292,354,49,432
12,292,432,1808
49,12,1808,576
432,49,576,11
1808,432,11,230
576,1808,230,18
11,576,18,8133
230,11,8133,2
18,230,2,2
8133,18,2,94
2,8133,94,863
2,2,863,222
94,2,222,197
863,94,197,259
222,863,259,2922
197,222,2922,4152
259,197,4152,96430
2922,259,96430,68
4152,2922,68,277
96430,4152,277,1313
68,96430,1313,809
277,68,809,5
1313,277,5,7284
809,1313,7284,167
5,809,167,24
7284,5,24,943
167,7284,943,1839
24,167,1839,4
943,24,4,76
1839,943,76,521
4,1839,521,75
76,4,75,49
521,76,49,3952
75,521,3952,5
49,75,5,4142
3952,49,4142,339
5,3952,339,1829
4142,5,1829,15
339,4142,15,528
1829,339,528,2684
15,1829,2684,5
528,15,5,9213
2684,528,9213,5386
5,2684,5386,988
9213,5,988,3
5386,9213,3,17
988,5386,17,63332
3,988,63332,104
17,3,104,148
63332,17,148,365
104,63332,365,2
148,104,2,3737
365,148,3737,4
2,365,4,49
3737,2,49,60
4,3737,60,23
49,4,23,172
60,49,172,5
23,60,5,199
172,23,199,988
5,172,988,2287
199,5,2287,11
988,199,11,1658
2287,988,1658,79
11,2287,79,1058
1658,11,1058,6866
79,1658,6866,19
1058,79,19,484
6866,1058,484,5
19,6866,5,66
484,19,66,4
5,484,4,6
66,5,6,452
4,66,452,1551
6,4,1551,517
452,6,517,86
1551,452,86,37
517,1551,37,129
86,517,129,31832
37,86,31832,117
129,37,117,11
31832,129,11,14
117,31832,14,2
11,117,2,3464
14,11,3464,27503
2,14,27503,94
3464,2,94,31
27503,3464,31,7
94,27503,7,3770
31,94,3770,1588
7,31,1588,19
3770,7,19,114
1588,3770,114,91
19,1588,91,3
114,19,3,76
91,114,76,343
3,91,343,32254
76,3,32254,61
343,76,61,7
32254,343,7,5663
61,32254,5663,3
7,61,3,41
5663,7,41,1368
3,5663,1368,2860
41,3,2860,4
1368,41,4,140
2860,1368,140,1462
4,2860,1462,10
140,4,10,2
1462,140,2,2087
10,1462,2087,1219
2,10,1219,19
2087,2,19,156
1219,2087,156,2347
19,1219,2347,2
156,19,2,9494
2347,156,9494,10468
2,2347,10468,4
9494,2,4,5015
10468,9494,5015,8567
4,10468,8567,82
5015,4,82,4
8567,5015,4,6
82,8567,6,19
4,82,19,1460
6,4,1460,931
19,6,931,2
1460,19,2,149
931,1460,149,2
2,931,2,1560
149,2,1560,1313
193,638,237,9
1982,193,9,374
237,1982,374,389
9,237,389,23
374,9,23,1180
389,374,1180,58
23,389,58,518
1180,23,518,2825
58,1180,2825,606
518,58,606,7356
2825,518,7356,387
606,2825,387,24
7356,606,24,598
387,7356,598,3
24,387,3,12370
598,24,12370,202
3,598,202,127
12370,3,127,499
202,12370,499,24
127,202,24,138
499,127,138,27
24,499,27,52
138,24,52,949
27,138,949,7
52,27,7,516
949,52,516,12
7,949,12,394
516,7,394,785
12,516,785,23
394,12,23,58
785,394,58,150
23,785,150,19521
58,23,19521,76
150,58,76,1430
19521,150,1430,193
76,19521,193,267
1430,76,267,517
193,1430,517,374
267,193,374,389
517,267,389,6
374,517,6,35
389,374,35,8
6,389,8,27
35,6,27,517
8,35,517,1874
27,8,1874,8
517,27,8,6
1874,517,6,88
8,1874,88,187
6,8,187,26
88,6,26,34
187,88,34,17
26,187,17,633
34,26,633,3
17,34,3,106
633,17,106,9
3,633,9,2275
106,3,2275,12
9,106,12,2
2275,9,2,99
12,2275,99,785
2,12,785,29
99,2,29,52
785,99,52,27
29,785,27,1845
52,29,1845,3
27,52,3,192
1845,27,192,499
3,1845,499,6
192,3,6,99
499,192,99,1701
6,499,1701,95
99,6,95,193
1701,99,193,267
95,1701,267,77
193,95,77,2695
267,193,2695,3
77,267,3,387
2695,77,387,12
3,2695,12,3615
387,3,3615,21271
12,387,21271,27
3615,12,27,69
21271,3615,69,13
27,21271,13,2436
69,27,2436,267
13,69,267,8
2436,13,8,10
267,2436,10,40
8,267,40,870
10,8,870,5708
40,10,5708,282
870,40,282,6
5708,870,6,156
282,5708,156,1858
6,282,1858,29
156,6,29,10
1858,156,10,165
29,1858,165,313
10,29,313,41
165,10,41,1065
313,165,1065,12
41,313,12,817
1065,41,817,88
12,1065,88,5
817,12,5,1841
88,817,1841,949
5,88,949,168
1841,5,168,860
949,1841,860,4
168,949,4,3953
860,168,3953,374
4,860,374,816
3953,4,816,126
374,3953,126,1578
816,374,1578,18034
126,816,18034,165
1578,126,165,13
18034,1578,13,2
165,18034,2,5349
13,165,5349,345
2,13,345,6
5349,2,6,374
345,5349,374,46
6,345,46,1013
374,6,1013,15
46,374,15,548
1013,46,548,9
15,1013,9,193
548,15,193,184
9,548,184,3
193,9,3,759
184,193,759,5383
3,184,5383,8
759,3,8,7
5383,759,7,253
8,5383,253,3
7,8,3,17
253,7,17,893
3,253,893,12
17,3,12,298
893,17,298,59
12,893,59,27
298,12,27,7
59,298,7,1093
27,59,1093,3
7,27,3,192
1093,7,192,1225
3,1093,1225,6
192,3,6,39
1225,192,39,2747
6,1225,2747,4
39,6,4,20239
2747,39,20239,398
4,2747,398,193
20239,4,193,1151
398,20239,1151,3
193,398,3,346
1151,193,346,7107
3,1151,7107,6
346,3,6,14795
7107,346,14795,289
6,7107,289,35
14795,6,35,11
289,14795,11,13
35,289,13,3173
11,35,3173,22
13,11,22,744
3173,13,744,3
22,3173,3,1316
744,22,1316,54
3,744,54,106
1316,3,106,235
54,1316,235,205
106,54,205,4
235,106,4,7
205,235,7,388
4,205,388,2
7,4,2,128
388,7,128,325
2,388,325,600
128,2,600,9
325,128,9,172
600,325,172,27
9,600,27,69
172,9,69,3
27,172,3,172
69,27,172,66307
3,69,66307,2773
172,3,2773,15247
66307,172,15247,1180
2773,66307,1180,949
15247,2773,949,6
1180,15247,6,54
949,1180,54,193
6,949,193,517
54,6,517,5
193,54,5,374
517,193,374,389
5,517,389,61
374,5,61,9
389,374,9,3082
61,389,3082,192
9,61,192,3195
3082,9,3195,2
192,3082,2,5069
3195,192,5069,15
2,3195,15,42
5069,2,42,5
15,5069,5,27
42,15,27,88
5,42,88,669
27,5,669,58
88,27,58,2945
669,88,2945,636
58,669,636,457
2945,58,457,77842
636,2945,77842,498
457,636,498,897
77842,457,897,8
498,77842,8,193
897,498,193,14648
8,897,14648,12
193,8,12,4
14648,193,4,588
12,14648,588,8
4,12,8,40
588,4,40,18
8,588,18,4476
40,8,4476,267
18,40,267,5
4476,18,5,258
267,4476,258,127
5,267,127,94
