4,1187,2862,9002
14537,4,9002,37
2862,14537,37,20
9002,2862,20,460
37,9002,460,4
20,37,4,57
460,20,57,18
4,460,18,47
57,4,47,1238
18,57,1238,1165
47,18,1165,19
1238,47,19,569
1165,1238,569,2641
19,1165,2641,2
569,19,2,38351
2641,569,38351,406
2,2641,406,1284
38351,2,1284,4443
406,38351,4443,2992
1284,406,2992,56101
4443,1284,56101,888
2992,4443,888,14852
56101,2992,14852,3246
888,56101,3246,95
14852,888,95,5
3246,14852,5,33
95,3246,33,31
5,95,31,16
33,5,16,2592
31,33,2592,19
16,31,19,20
2592,16,20,1105
19,2592,1105,5
20,19,5,6355
1105,20,6355,4632
5,1105,4632,132
6355,5,132,2010
4632,6355,2010,3
132,4632,3,1765
2010,132,1765,569
3,2010,569,38351
1765,3,38351,6
569,1765,6,2
38351,569,2,1929
6,38351,1929,6636
2,6,6636,25582
1929,2,25582,4
6636,1929,4,3986
25582,6636,3986,2624
4,25582,2624,3
3986,4,3,4464
2624,3986,4464,37
3,2624,37,49
4464,3,49,12102
37,4464,12102,2571
49,37,2571,982
12102,49,982,25
2571,12102,25,21
982,2571,21,9981
25,982,9981,20
21,25,20,3672
9981,21,3672,417
20,9981,417,4
3672,20,4,90135
417,3672,90135,25
4,417,25,21
90135,4,21,96
25,90135,96,98
21,25,98,447
96,21,447,36
98,96,36,2495
447,98,2495,98
36,447,98,4389
2495,36,4389,1216
98,2495,1216,5
4389,98,5,43
1216,4389,43,147
5,1216,147,8
43,5,8,4
147,43,4,10
8,147,10,34
4,8,34,86
10,4,86,284
34,10,284,6
86,34,6,718
284,86,718,605
6,284,605,1474
718,6,1474,569
605,718,569,1609
1474,605,1609,53665
569,1474,53665,55
1609,569,55,17
53665,1609,17,1123
55,53665,1123,23
17,55,23,6215
1123,17,6215,2992
1849,9702,115,1324
51,1849,1324,780
115,51,780,786
1324,115,786,242
780,1324,242,9
786,780,9,263
242,786,263,515
9,242,515,4
263,9,4,2653
515,263,2653,1788
4,515,1788,10
2653,4,10,242
1788,2653,242,8
10,1788,8,263
242,10,263,813
8,242,813,493
263,8,493,13
813,263,13,47
493,813,47,438
13,493,438,2
47,13,2,11710
438,47,11710,188
2,438,188,87
11710,2,87,493
188,11710,493,13
87,188,13,47
493,87,47,6132
13,493,6132,780
47,13,780,171
6132,47,171,264
780,6132,264,258
171,780,258,66
264,171,66,84
258,264,84,780
66,258,780,34
84,66,34,577
780,84,577,80
34,780,80,41
577,34,41,553
80,577,553,165
41,80,165,18
553,41,18,4
165,553,4,924
18,165,924,3
4,18,3,1132
924,4,1132,780
3,924,780,1253
1132,3,1253,4489
780,1132,4489,8
1253,780,8,16
4489,1253,16,103847
8,4489,103847,6
16,8,6,204
103847,16,204,1948
6,103847,1948,7419
204,6,7419,6
1948,204,6,204
7419,1948,204,53
6,7419,53,16
204,6,16,258
53,204,258,107
16,53,107,5
258,16,5,5432
107,258,5432,6
5,107,6,780
5432,5,780,26
6,5432,26,364
780,6,364,26508
26,780,26508,7419
364,26,7419,641
26508,364,641,6
7419,26508,6,493
641,7419,493,7419
6,641,7419,4
493,6,4,4489
7419,493,4489,20
4,7419,20,2034
4489,4,2034,7
20,4489,7,572
2034,20,572,87
7,2034,87,26508
572,7,26508,7419
87,572,7419,641
26508,87,641,16
7419,26508,16,3602
641,7419,3602,24
16,641,24,4087
3602,16,4087,1121
24,3602,1121,348
4087,24,348,1541
1121,4087,1541,52
348,1121,52,2
1541,348,2,493
52,1541,493,1462
2,52,1462,35
493,2,35,34
1462,493,34,21
35,1462,21,276
34,35,276,33
21,34,33,476
276,21,476,142
33,276,142,108661
476,33,108661,7419
142,476,7419,7
108661,142,7,2
7419,108661,2,201
7,7419,201,1253
2,7,1253,29
201,2,29,6
1253,201,6,204
29,1253,204,20
6,29,20,1253
204,6,1253,1040
20,204,1040,364
1253,20,364,5
1040,1253,5,734
364,1040,734,453
5,364,453,436
734,5,436,1541
453,734,1541,112
436,453,112,786
1541,436,786,1161
112,1541,1161,42
786,112,42,13095
1161,786,13095,36
42,1161,36,42
13095,42,42,5981
36,13095,5981,5
42,36,5,780
5981,42,780,34
5,5981,34,17
780,5,17,129
34,780,129,875
17,34,875,780
129,17,780,1253
875,129,1253,4489
780,875,4489,16
1253,780,16,6094
4489,1253,6094,24
16,4489,24,1424
6094,16,1424,25
24,6094,25,20
1424,24,20,7
25,1424,7,88
20,25,88,6458
7,20,6458,107
88,7,107,223
6458,88,223,95
107,6458,95,8
223,107,8,830
95,223,830,108662
8,95,108662,204
830,8,204,88
108662,830,88,677
204,108662,677,780
88,204,780,4489
677,88,4489,7
780,677,7,508
4489,780,508,2
7,4489,2,90242
508,7,90242,36
2,508,36,7685
90242,2,7685,20
36,90242,20,7
7685,36,7,2
20,7685,2,2051
7,20,2051,5
2,7,5,4
2051,2,4,5981
5,2051,5981,4489
4,5,4489,450
5981,4,450,854
4489,5981,854,7
450,4489,7,42
854,450,42,5981
7,854,5981,36
42,7,36,13095
5981,42,13095,6
36,5981,6,204
13095,36,204,301
6,13095,301,30
204,6,30,981
301,204,981,2051
30,301,2051,5
981,30,5,4
2051,981,4,5981
5,2051,5981,4489
4,5,4489,3129
5981,4,3129,13095
4489,5981,13095,5
3129,4489,5,3057
13095,3129,3057,780
5,13095,780,270
3057,5,270,20
780,3057,20,4489
270,780,4489,577
20,270,577,37
4489,20,37,7099
577,4489,7099,7
37,577,7,2913
7099,37,2913,10
7,7099,10,6
2913,7,6,341
10,2913,341,59
6,10,59,10
341,6,10,14
59,341,14,7099
10,59,7099,786
14,10,786,1627
7099,14,1627,6
786,7099,6,161
1627,786,161,7099
6,1627,7099,4
161,6,4,670
7099,161,670,108663
4,7099,108663,88
670,4,88,973
108663,670,973,238
88,108663,238,4489
973,88,4489,7
238,973,7,508
4489,238,508,2
7,4489,2,4224
508,7,4224,25117
2,508,25117,87
4224,2,87,10
25117,4224,10,6907
87,25117,6907,2
10,87,2,25117
6907,10,25117,20
2,6907,20,4489
25117,2,4489,577
20,25117,577,37
4489,20,37,7099
577,4489,7099,270
37,577,270,20
7099,37,20,7
270,7099,7,4
20,270,4,5981
7,20,5981,4489
4,7,4489,10371
5981,4,10371,170
4489,5981,170,1096
10371,4489,1096,5
170,10371,5,66
1096,170,66,786
5,1096,786,12
66,5,12,4489
786,66,4489,13
12,786,13,443
4489,12,443,19
13,4489,19,129
443,13,129,28
19,443,28,27045
129,19,27045,104659
28,129,104659,5448
3357,6437,150,369
58,3357,369,582
150,58,582,5
369,150,5,808
582,369,808,14
5,582,14,72
808,5,72,2
14,808,2,281
72,14,281,509
2,72,509,24
281,2,24,518
509,281,518,15
24,509,15,138
518,24,138,27
15,518,27,39
138,15,39,105
27,138,105,437
39,27,437,20
105,39,20,153
437,105,153,59
20,437,59,1334
153,20,1334,620
59,153,620,49
1334,59,49,266
620,1334,266,19357
49,620,19357,759
266,49,759,39
19357,266,39,1414
759,19357,1414,56
39,759,56,5
1414,39,5,27
56,1414,27,5323
5,56,5323,891
27,5,891,1361
5323,27,1361,27
891,5323,27,11
1361,891,11,21
27,1361,21,2
11,27,2,1116
21,11,1116,390
2,21,390,1676
1116,2,1676,59924
390,1116,59924,1303
1676,390,1303,3958
59924,1676,3958,8520
1303,59924,8520,1786
3958,1303,1786,1451
8520,3958,1451,97
1786,8520,97,54
1451,1786,54,7
97,1451,7,2177
54,97,2177,2
7,54,2,1046
2177,7,1046,4656
2,2177,4656,405
1046,2,405,27
4656,1046,27,127
405,4656,127,1272
27,405,1272,62
127,27,62,25
1272,127,25,33
62,1272,33,2
25,62,2,296
33,25,296,2
2,33,2,3278
296,2,3278,69
2,296,69,9
3278,2,9,2
69,3278,2,94
9,69,94,31
2,9,31,7
94,2,7,476
31,94,476,52851
7,31,52851,287
476,7,287,4
52851,476,4,11
287,52851,11,110
4,287,110,3
11,4,3,96
110,11,96,507
3,110,507,22
96,3,22,384
507,96,384,16
22,507,16,508
384,22,508,3357
16,384,3357,28
508,16,28,3222
3357,508,3222,171
28,3357,171,4
3222,28,4,407
171,3222,407,11
4,171,11,146
407,4,146,8
11,407,8,1049
146,11,1049,314
8,146,314,30
1049,8,30,34
314,1049,34,549
30,314,549,10
34,30,10,3
549,34,3,371
10,549,371,27
3,10,27,3
371,3,3,628
27,371,628,9
3,27,9,371
628,3,371,27
9,628,27,2619
371,9,2619,4
27,371,4,30
2619,27,30,34
4,2619,34,319
30,4,319,3135
34,30,3135,78
319,34,78,4
3135,319,4,1586
78,3135,1586,246
4,78,246,3
1586,4,3,17
246,1586,17,990
3,246,990,9
17,3,9,84668
990,17,84668,1318
9,990,1318,3
84668,9,3,858
1318,84668,858,2
3,1318,2,1519
858,3,1519,150
2,858,150,69
1519,2,69,13
150,1519,13,274
69,150,274,10
13,69,10,3
274,13,3,202
10,274,202,3
3,10,3,296
202,3,296,42
3,202,42,12
296,3,12,22
42,296,22,2267
12,42,2267,122
22,12,122,68
2267,22,68,424
122,2267,424,3
68,122,3,14304
424,68,14304,2173
3,424,2173,105
14304,3,105,8187
2173,14304,8187,583
105,2173,583,303
8187,105,303,198
583,8187,198,19
303,583,19,4220
198,303,4220,94
19,198,94,3443
4220,19,3443,13
94,4220,13,5120
3443,94,5120,2914
13,3443,2914,12
5120,13,12,58
2914,5120,58,150
12,2914,150,369
58,12,369,2962
150,58,2962,10
369,150,10,3
2962,369,3,6571
10,2962,6571,853
3,10,853,69
6571,3,69,1786
853,6571,1786,4
69,853,4,3232
1786,69,3232,229
4,1786,229,10
3232,4,10,13
229,3232,13,1577
10,229,1577,662
13,10,662,4
1577,13,4,561
662,1577,561,4228
4,662,4228,12
561,4,12,54
4228,561,54,10
12,4228,10,1915
54,12,1915,865
10,54,865,6
1915,10,6,280
865,1915,280,1662
6,865,1662,2728
280,6,2728,559
1662,280,559,13
2728,1662,13,5407
559,2728,5407,12
13,559,12,22
5407,13,22,953
12,5407,953,3
22,12,3,24601
953,22,24601,61
3,953,61,39
24601,3,39,60
61,24601,60,15
39,61,15,2
60,39,2,3658
15,60,3658,5
2,15,5,1475
3658,2,1475,1691
5,3658,1691,4
1475,5,4,1334
1691,1475,1334,704
4,1691,704,122
1334,4,122,1138
704,1334,1138,13265
122,704,13265,1661
1138,122,1661,105
13265,1138,105,2364
1661,13265,2364,156
105,1661,156,2
2364,105,2,1749
156,2364,1749,4
2,156,4,41400
1749,2,41400,315
4,1749,315,11
41400,4,11,7
315,41400,7,4668
11,315,4668,12
7,11,12,2044
4668,7,2044,80
12,4668,80,41
2044,12,41,2
80,2044,2,237
41,80,237,317
2,41,317,79
237,2,79,7586
317,237,7586,3056
79,317,3056,54
7586,79,54,633
3056,7586,633,7747
54,3056,7747,179
633,54,179,3
7747,633,3,2041
179,7747,2041,2839
3,179,2839,4
2041,3,4,4308
2839,2041,4308,11488
4,2839,11488,27
4308,4,27,69
11488,4308,69,13
27,11488,13,321
69,27,321,3
13,69,3,858
321,13,858,56
3,321,56,10
858,3,10,2438
56,858,2438,36
10,56,36,150
2438,10,150,808
36,2438,808,1172
150,36,1172,1225
808,150,1225,15
1172,808,15,909
1225,1172,909,1013
15,1225,1013,15
909,15,15,12
1013,909,12,6451
15,1013,6451,9
12,15,9,2133
6451,12,2133,135
9,6451,135,287
2133,9,287,78
135,2133,78,32
287,135,32,22
78,287,22,23708
32,78,23708,7
22,32,7,97
23708,22,97,2044
7,23708,2044,13
97,7,13,2792
2044,97,2792,662
13,2044,662,2001
2792,13,2001,3
662,2792,3,35
2001,662,35,46
3,2001,46,41
35,3,41,65
46,35,65,10
41,46,10,13
65,41,13,367
10,65,367,13
13,10,13,12
367,13,12,585
13,367,585,23
12,13,23,20
585,12,20,173
23,585,173,6
20,23,6,4
173,20,4,85
6,173,85,46
4,6,46,122
85,4,122,749
46,85,749,169
122,46,169,12
749,122,12,10
169,749,10,561
12,169,561,4
10,12,4,2094
561,10,2094,559
4,561,559,170
2094,4,170,128
559,2094,128,127
170,559,127,69
128,170,69,1253
127,128,1253,50
69,127,50,1439
1253,69,1439,19
50,1253,19,802
1439,50,802,5040
19,1439,5040,3779
802,19,3779,75
5040,802,75,162
3779,5040,162,17396
75,3779,17396,202
162,75,202,6
17396,162,6,10
202,17396,10,392
6,202,392,4
10,6,4,924
392,10,924,9
4,392,9,97
924,4,97,3
9,924,3,9
97,9,9,899
3,97,899,5
9,3,5,2
899,9,2,282
5,899,282,461
2,5,461,62
282,2,62,198
461,282,198,51
62,461,51,10
198,62,10,47
51,198,47,400
10,51,400,12
47,10,12,9
400,47,9,128
12,400,128,258
9,12,258,4
128,9,4,2
258,128,2,727
4,258,727,66
2,4,66,4
727,2,4,420
66,727,420,69
4,66,69,15
420,4,15,1853
69,420,1853,26
15,69,26,25
1853,15,25,18
26,1853,18,60
25,26,60,3
18,25,3,858
60,18,858,101
3,60,101,84
858,3,84,3357
101,858,3357,8168
84,101,8168,16
3357,84,16,359
8168,3357,359,5
16,8168,5,8083
359,16,8083,541
5,359,541,61
8083,5,61,405
541,8083,405,69
61,541,69,254
405,61,254,30
69,405,30,219
254,69,219,164
30,254,164,62
219,30,62,55
164,219,55,30
62,164,30,17
55,62,17,5258
30,55,5258,100
17,30,100,4
5258,17,4,27
100,5258,27,69
4,100,69,13
27,4,13,1818
69,27,1818,8
13,69,8,11
1818,13,11,32417
8,1818,32417,2044
11,8,2044,3
32417,11,3,3198
2044,32417,3198,123
3,2044,123,74
3198,3,74,90
123,3198,90,5
74,123,5,69
90,74,69,1349
5,90,1349,1786
69,5,1786,633
1349,69,633,976
1786,1349,976,4613
633,1786,4613,4
976,633,4,2
4613,976,2,3838
4,4613,3838,788
2,4,788,46
3838,2,46,48
788,3838,48,831
46,788,831,3
48,46,3,1666
831,48,1666,203
3,831,203,1919
1666,3,1919,2057
203,1666,2057,29
1919,203,29,20
2057,1919,20,66
29,2057,66,7
20,29,7,476
66,20,476,29
7,66,29,84445
476,7,84445,448
29,476,448,61
84445,29,61,1483
448,84445,1483,11288
61,448,11288,6
1483,61,6,2
11288,1483,2,8758
6,11288,8758,315
2,6,315,20
8758,2,20,153
315,8758,153,3
20,315,3,2839
153,20,2839,27
3,153,27,3
2839,3,3,1400
27,2839,1400,142
3,27,142,22
1400,3,22,1988
142,1400,1988,8
22,142,8,2
1988,22,2,1499
8,1988,1499,227
2,8,227,741
1499,2,741,14
227,1499,14,3532
741,227,3532,102
14,741,102,89
3532,14,89,87
102,3532,87,5
89,102,5,741
87,89,741,6093
5,87,6093,80
741,5,80,395
6093,741,395,8413
80,6093,8413,2901
395,80,2901,9
8413,395,9,304
2901,8413,304,8
9,2901,8,94
304,9,94,1409
8,304,1409,307
94,8,307,184
1409,94,184,3
307,1409,3,45
184,307,45,1632
3,184,1632,15
45,3,15,22
1632,45,22,26205
15,1632,26205,504
22,15,504,26
26205,22,26,18
504,26205,18,6
26,504,6,236
18,26,236,7
6,18,7,131
236,6,131,201
7,236,201,28
131,7,28,202
201,131,202,1584
28,201,1584,1221
202,28,1221,42887
1584,202,42887,31
1221,1584,31,522
42887,1221,522,2
31,42887,2,2044
522,31,2044,105
2,522,105,437
2044,2,437,171
105,2044,171,575
437,105,575,978
171,437,978,189
575,171,189,373
978,575,373,461
189,978,461,4
373,189,4,914
461,373,914,2098
4,461,2098,1912
914,4,1912,315
2098,914,315,7
1912,2098,7,113
315,1912,113,51
7,315,51,1292
113,7,1292,7
51,113,7,2360
1292,51,2360,7
7,1292,7,8
2360,7,8,10
7,2360,10,147
8,7,147,3
10,8,3,29920
147,10,29920,15
3,147,15,287
29920,3,287,2619
15,29920,2619,64
287,15,64,323
2619,287,323,51
64,2619,51,2044
323,64,2044,115
51,323,115,10
2044,51,10,165
115,2044,165,61
10,115,61,3
165,10,3,69
61,165,69,3
3,61,3,303
69,3,303,74357
3,69,74357,1524
303,3,1524,13
74357,303,13,47
1524,74357,47,541
13,1524,541,24
47,13,24,27
541,47,27,31
24,541,31,522
27,24,522,2
31,27,2,22
522,31,22,83
2,522,83,1584
22,2,1584,11
83,22,11,2054
1584,83,2054,1406
11,1584,1406,3
2054,11,3,557
1406,2054,557,207
3,1406,207,3623
557,3,3623,211
207,557,211,8
3623,207,8,22
211,3623,22,559
8,211,559,7
22,8,7,196
559,22,196,12170
7,559,12170,7
196,7,7,353
12170,196,353,502
7,12170,502,572
353,7,572,963
502,353,963,24
572,502,24,856
963,572,856,2134
24,963,2134,87
856,24,87,7
2134,856,7,18
87,2134,18,2
7,87,2,503
18,7,503,69
2,18,69,808
503,2,808,27
69,503,27,1824
808,69,1824,20
27,808,20,153
1824,27,153,29
20,1824,29,503
153,20,503,7
29,153,7,201
503,29,201,9966
7,503,9966,888
201,7,888,246
9966,201,246,4
888,9966,4,217
246,888,217,86306
4,246,86306,2044
217,4,2044,158
86306,217,158,16
2044,86306,16,2017
158,2044,2017,814
16,158,814,2235
2017,16,2235,4
814,2017,4,1071
2235,814,1071,3
4,2235,3,38
1071,4,38,77651
3,1071,77651,69
38,3,69,4120
77651,38,4120,1215
69,77651,1215,1584
4120,69,1584,2321
1215,4120,2321,10663
1584,1215,10663,7
2321,1584,7,6
10663,2321,6,2924
7,10663,2924,1765
6,7,1765,15
2924,6,15,27
1765,2924,27,310
15,1765,310,269
27,15,269,403
310,27,403,8814
269,310,8814,122
403,269,122,582
8814,403,582,2094
122,8814,2094,379
582,122,379,67002
2094,582,67002,5502
379,2094,5502,7
67002,379,7,6241
5502,67002,6241,15
7,5502,15,27
6241,7,27,503
15,6241,503,2094
27,15,2094,41981
503,27,41981,2
2094,503,2,10824
41981,2094,10824,315
2,41981,315,28
10824,2,28,69
315,10824,69,1286
28,315,1286,5884
69,28,5884,3589
1286,69,3589,26
5884,1286,26,16
3589,5884,16,400
26,3589,400,36799
16,26,36799,15
400,16,15,43
36799,400,43,30
15,36799,30,16
43,15,16,400
30,43,400,15
16,30,15,38
400,16,38,504
15,400,504,26
38,15,26,16
504,38,16,400
26,504,400,15
16,26,15,67
400,16,67,504
