821,30,664,3
533,821,3,1061
664,533,1061,8
3,664,8,1505
1061,3,1505,469
8,1061,469,432
1505,8,432,11
469,1505,11,28
12,886,109,19
355,12,19,4854
109,355,4854,5015
19,109,5015,256
4854,19,256,68699
5015,4854,68699,3438
256,5015,3438,5
68699,256,5,3128
3438,68699,3128,5
5,3438,5,63
3128,5,63,1884
5,3128,1884,7
63,5,7,795
1884,63,795,88
7,1884,88,1954
795,7,1954,5
88,795,5,130
1954,88,130,43
5,1954,43,352
130,5,352,545
43,130,545,223
352,43,223,1709
545,352,1709,3411
223,545,3411,7
1709,223,7,62
3411,1709,62,2
7,3411,2,2
62,7,2,150
2,62,150,979
2,2,979,5607
150,2,5607,1659
979,150,1659,1407
5607,979,1407,1044
1659,5607,1044,256
1407,1659,256,7
1044,1407,7,2
256,1044,2,1270
7,256,1270,1108
2,7,1108,8682
1270,2,8682,43
1108,1270,43,352
8682,1108,352,1659
43,8682,1659,4
352,43,4,325
1659,352,325,3438
4,1659,3438,7
325,4,7,380
3438,325,380,277
7,3438,277,12
380,7,12,8
277,380,8,12546
12,277,12546,352
8,12,352,3479
12546,8,3479,43
352,12546,43,4451
3479,352,4451,35
43,3479,35,256
4451,43,256,2771
35,4451,2771,339
256,35,339,7
2771,256,7,138
339,2771,138,27
7,339,27,9
138,7,9,280
27,138,280,256
9,27,256,13
280,9,13,4278
256,280,4278,3
13,256,3,392
4278,13,392,579
3,4278,579,3438
392,3,3438,6320
579,392,6320,138
3438,579,138,27
6320,3438,27,3
138,6320,3,618
27,138,618,4451
3,27,4451,35
618,3,35,195
4451,618,195,99
35,4451,99,985
195,35,985,799
99,195,799,8
985,99,8,2798
799,985,2798,643
8,799,643,364
2798,8,364,11583
643,2798,11583,1246
364,643,1246,3
11583,364,3,1611
1246,11583,1611,623
3,1246,623,5
1611,3,5,1515
623,1611,1515,1277
5,623,1277,449
1515,5,449,20
1277,1515,20,2629
449,1277,2629,3
20,449,3,221
2629,20,221,437
3,2629,437,892
221,3,892,530
437,221,530,31
892,437,31,900
530,892,900,3
31,530,3,3215
900,31,3215,78
3,900,78,32
3215,3,32,9
78,3215,9,1567
32,78,1567,512
9,32,512,5
1567,9,5,696
512,1567,696,35
5,512,35,216
696,5,216,1215
35,696,1215,3294
216,35,3294,32
1215,216,32,479
3294,1215,479,6197
32,3294,6197,6
479,32,6,591
6197,479,591,140
6,6197,140,2719
591,6,2719,3
140,591,3,1546
2719,140,1546,125
3,2719,125,416
1546,3,416,20
125,1546,20,1899
416,125,1899,79
20,416,79,55217
1899,20,55217,625
79,1899,625,385
55217,79,385,3
625,55217,3,4182
385,625,4182,1625
3,385,1625,26
4182,3,26,91
1625,4182,91,9
26,1625,9,4451
91,26,4451,35
9,91,35,297
4451,9,297,29
35,4451,29,3731
297,35,3731,3
29,297,3,1625
3731,29,1625,2
3,3731,2,4551
1625,3,4551,4142
2,1625,4142,427
4551,2,427,256
4142,4551,256,1312
427,4142,1312,1533
256,427,1533,8
1312,256,8,170
1533,1312,170,98
8,1533,98,1515
170,8,1515,195
98,170,195,9431
1515,98,9431,5
195,1515,5,7510
9431,195,7510,1599
5,9431,1599,16
7510,5,16,280
1599,7510,280,430
16,1599,430,5
280,16,5,43
430,280,43,4451
5,430,4451,35
43,5,35,573
4451,43,573,9648
35,4451,9648,9
573,35,9,20
9648,573,20,623
9,9648,623,7
20,9,7,5580
623,20,5580,3104
7,623,3104,256
5580,7,256,27
3104,5580,27,1532
256,3104,1532,437
27,256,437,5
1532,27,5,1860
437,1532,1860,214
5,437,214,256
1860,5,256,2805
214,1860,2805,9
256,214,9,20
2805,256,20,179
9,2805,179,7
20,9,7,7
179,20,7,913
7,179,913,27
7,7,27,3
913,7,3,611
27,913,611,5580
3,27,5580,3104
611,3,3104,79
5580,611,79,22
3104,5580,22,69
79,3104,69,7
22,79,7,7
69,22,7,3529
7,69,3529,1800
7,7,1800,536
3529,7,536,5
1800,3529,5,81
536,1800,81,40
5,536,40,276
81,5,276,23
40,81,23,440
276,40,440,7
23,276,7,7
440,23,7,913
7,440,913,27
7,7,27,3
913,7,3,1306
27,913,1306,480
3,27,480,2
1306,3,2,1682
480,1306,1682,4
2,480,4,3024
1682,2,3024,2
4,1682,2,1221
3024,4,1221,1358
2,3024,1358,2
1221,2,2,22
1358,1221,22,823
2,1358,823,63
22,2,63,27
823,22,27,13
63,823,13,807
27,63,807,491
13,27,491,168
807,13,168,22
491,807,22,648
168,491,648,4
22,168,4,1800
648,22,1800,3
4,648,3,5779
1800,4,5779,5
3,1800,5,161
5779,3,161,4
5,5779,4,2798
161,5,2798,8
4,161,8,51
2798,4,51,7
8,2798,7,1410
51,8,1410,395
7,51,395,20
1410,7,20,339
395,1410,339,51
20,395,51,7
339,20,7,2169
51,339,2169,24
7,51,24,167
2169,7,167,31
24,2169,31,7
167,24,7,2798
31,167,2798,167
7,31,167,20
2798,7,20,339
167,2798,339,661
20,167,661,161
339,20,161,194
661,339,194,221
161,661,221,437
194,161,437,530
221,194,530,4
437,221,4,478
530,437,478,221
4,530,221,528
478,4,528,608
221,478,608,2308
528,221,2308,4
608,528,4,2835
2308,608,2835,61
4,2308,61,474
2835,4,474,509
61,2835,509,714
474,61,714,985
509,474,985,5
714,509,5,2798
985,714,2798,643
5,985,643,11
2798,5,11,7
643,2798,7,1003
11,643,1003,6261
7,11,6261,20
1003,7,20,7
6261,1003,7,183
20,6261,183,530
7,20,530,8
183,7,8,7
530,183,7,6
8,530,6,39
7,8,39,101
6,7,101,84
39,6,84,1174
101,39,1174,491
84,101,491,61
1174,84,61,2
491,1174,2,2
61,491,2,17416
2,61,17416,5
2,2,5,4222
17416,2,4222,7
5,17416,7,7
4222,5,7,913
7,4222,913,3
7,7,3,1346
913,7,1346,51
3,913,51,7
1346,3,7,7
51,1346,7,1346
7,51,1346,37
7,7,37,3346
1346,7,3346,8
37,1346,8,11
3346,37,11,30
8,3346,30,525
11,8,525,12
30,11,12,95749
525,30,95749,15
12,525,15,176
95749,12,176,6
15,95749,6,422
176,15,422,391
6,176,391,8
422,6,8,11
391,422,11,134
8,391,134,22
11,8,22,422
134,11,422,391
22,134,391,542
422,22,542,8
391,422,8,11
542,391,11,697
8,542,697,3
11,8,3,17
697,11,17,2
3,697,2,2076
17,3,2076,8
2,17,8,11
2076,2,11,14
8,2076,14,1900
11,8,1900,19
14,11,19,35
1900,14,35,5
19,1900,5,410
35,19,410,995
5,35,995,56
410,5,56,5
995,410,5,422
56,995,422,391
5,56,391,2
422,5,2,2
391,422,2,1086
2,391,1086,1696
2,2,1696,8
1086,2,8,11
1696,1086,11,295
8,1696,295,2
11,8,2,1304
295,11,1304,6
2,295,6,176
1304,2,176,1008
6,1304,1008,24
176,6,24,556
1008,176,556,645
24,1008,645,8
556,24,8,11
645,556,11,773
8,645,773,9
11,8,9,88
773,11,88,7800
9,773,7800,29006
88,9,29006,67582
7800,88,67582,214
29006,7800,214,1199
67582,29006,1199,6
214,67582,6,108
1199,214,108,9
6,1199,9,128
108,6,128,66
9,108,66,11
128,9,11,495
66,128,495,201
11,66,201,937
495,11,937,6
201,495,6,207
937,201,207,42
6,937,42,5
207,6,5,104
42,207,104,423
5,42,423,24
104,5,24,22
423,104,22,7245
24,423,7245,221
22,24,221,796
7245,22,796,1540
221,7245,1540,3
796,221,3,21
1540,796,21,1526
3,1540,1526,98
21,3,98,5
1526,21,5,8
98,1526,8,6
5,98,6,38
8,5,38,1012
6,8,1012,5
38,6,5,89
1012,38,89,3346
5,1012,3346,14
89,5,14,980
3346,89,980,4
14,3346,4,88
980,14,88,2289
4,980,2289,21
88,4,21,9956
2289,88,9956,2
21,2289,2,2
9956,21,2,449
2,9956,449,1168
2,2,1168,5
449,2,5,2343
1168,449,2343,44
5,1168,44,11
2343,5,11,14
44,2343,14,30214
11,44,30214,756
14,11,756,33
30214,14,33,100
756,30214,100,367
33,756,367,14
100,33,14,3
367,100,3,966
14,367,966,4
3,14,4,11
966,3,11,1232
4,966,1232,78
11,4,78,9
1232,11,9,63
78,1232,63,1003
9,78,1003,11
63,9,11,14
1003,63,14,28464
11,1003,28464,256
14,11,256,12546
28464,14,12546,3438
256,28464,3438,12
12546,256,12,9058
3438,12546,9058,3128
12,3438,3128,1682
9058,12,1682,2341
3128,9058,2341,6
1682,3128,6,10
2341,1682,10,7827
6,2341,7827,109
10,6,109,339
7827,10,339,5
109,7827,5,575
339,109,575,189
5,339,189,651
575,5,651,2156
189,575,2156,43147
651,189,43147,11232
2156,651,11232,5
43147,2156,5,9058
11232,43147,9058,3128
5,11232,3128,1682
9058,5,1682,2341
3128,9058,2341,2891
1682,3128,2891,6
2341,1682,6,793
2891,2341,793,985
6,2891,985,601
793,6,601,1682
985,793,1682,2341
601,985,2341,3438
1682,601,3438,6
2341,1682,6,985
3438,2341,985,130
6,3438,130,1976
985,6,1976,9
130,985,9,2247
1976,130,2247,352
9,1976,352,512
2247,9,512,43
352,2247,43,7
512,352,7,2
43,512,2,7931
7,43,7931,4451
2,7,4451,35
7931,2,35,1624
4451,7931,1624,186
35,4451,186,19
1624,35,19,17346
186,1624,17346,6197
19,186,6197,3349
17346,19,3349,352
6197,17346,352,7
3349,6197,7,23213
352,3349,23213,4
7,352,4,2678
23213,7,2678,3
4,23213,3,580
2678,4,580,470
3,2678,470,2413
580,3,2413,376
470,580,376,52
2413,470,52,580
376,2413,580,13
52,376,13,98
580,52,98,20662
13,580,20662,5
98,13,5,20
20662,98,20,1604
5,20662,1604,2718
20,5,2718,7724
1604,20,7724,366
2718,1604,366,9
7724,2718,9,98
366,7724,98,5
9,366,5,20
98,9,20,59586
5,98,59586,4
20,5,4,4068
59586,20,4068,825
4,59586,825,982
4068,4,982,420
825,4068,420,10
982,825,10,43
420,982,43,1496
10,420,1496,29680
43,10,29680,4
1496,43,4,86985
29680,1496,86985,124
4,29680,124,5
86985,4,5,2883
124,86985,2883,633
5,124,633,48
2883,5,48,43
633,2883,43,215
48,633,215,4
43,48,4,92
215,43,92,3
4,215,3,900
92,4,900,48
3,92,48,124
900,3,124,316
48,900,316,87
124,48,87,53
316,124,53,16
87,316,16,64
53,87,64,6636
16,53,6636,316
64,16,316,9
6636,64,9,1633
316,6636,1633,6870
9,316,6870,124
1633,9,124,379
6870,1633,379,16
124,6870,16,633
379,124,633,3
16,379,3,1783
633,16,1783,95
3,633,95,31
1783,3,31,139
95,1783,139,1633
31,95,1633,6870
139,31,6870,316
1633,139,316,4
6870,1633,4,285
316,6870,285,95
4,316,95,5
285,4,5,43
95,285,43,400
5,95,400,9
43,5,9,20
400,43,20,418
9,400,418,5
20,9,5,279
418,20,279,16
5,418,16,1471
279,5,1471,5
16,279,5,1752
1471,16,1752,740
5,1471,740,3
1752,5,3,6964
740,1752,6964,20
3,740,20,15
6964,3,15,124
20,6964,124,141
15,20,141,35
124,15,35,2
141,124,2,1759
35,141,1759,832
2,35,832,25
1759,2,25,124
832,1759,124,16
25,832,16,605
124,25,605,87
16,124,87,326
605,16,326,2096
87,605,2096,48
326,87,48,30
2096,326,30,495
48,2096,495,7
30,48,7,59588
495,30,59588,5603
7,495,5603,59
59588,7,59,70
5603,59588,70,16
59,5603,16,134
70,59,134,4
16,70,4,85
134,16,85,7
4,134,7,1830
85,4,1830,19
7,85,19,8324
1830,7,8324,2
19,1830,2,1447
8324,19,1447,3291
2,8324,3291,261
1447,2,261,2
3291,1447,2,57992
261,3291,57992,9108
2,261,9108,8
57992,2,8,55
9108,57992,55,17
8,9108,17,6875
55,8,6875,26
17,55,26,16
6875,17,16,118
26,6875,118,134
16,26,134,2
118,16,2,618
134,118,618,659
2,134,659,3
618,2,3,609
659,618,609,85
3,659,85,1230
609,3,1230,20
85,609,20,7
1230,85,7,15007
20,1230,15007,29
7,20,29,5986
15007,7,5986,5659
29,15007,5659,4
5986,29,4,63
5659,5986,63,5
4,5659,5,70
63,4,70,5789
5,63,5789,1648
70,5,1648,16
5789,70,16,223
1648,5789,223,195
16,1648,195,2272
223,16,2272,3
195,223,3,1567
2272,195,1567,4
3,2272,4,164
1567,3,164,164
4,1567,164,164
164,4,164,164
164,164,164,164
164,164,164,164
164,164,164,164
164,164,164,164
164,164,164,164
164,164,164,164
164,164,164,164
164,164,164,164
164,164,164,164
164,164,164,164
164,164,164,164
164,164,164,164
164,164,164,164
164,164,164,164
164,164,164,285
164,164,285,64
164,164,64,1604
285,164,1604,106997
64,285,106997,653
1604,64,653,4
106997,1604,4,85
653,106997,85,7
4,653,7,2132
85,4,2132,59
7,85,59,53
2132,7,53,7
59,2132,7,412
53,59,412,9
7,53,9,580
412,7,580,3
9,412,3,1415
580,9,1415,4
3,580,4,10117
1415,3,10117,955
4,1415,955,152
10117,4,152,16
955,10117,16,8578
152,955,8578,7013
16,152,7013,168
8578,16,168,2924
7013,8578,2924,659
168,7013,659,5
2924,168,5,9090
659,2924,9090,4
5,659,4,1579
9090,5,1579,3
4,9090,3,1104
1579,4,1104,48
3,1579,48,104
1104,3,104,512
48,1104,512,1804
104,48,1804,100344
512,104,100344,1624
1804,512,1624,7
100344,1804,7,86
1624,100344,86,451
7,1624,451,168
86,7,168,156
451,86,156,31541
168,451,31541,2308
156,168,2308,395
31541,156,395,67
2308,31541,67,8210
395,2308,8210,39
67,395,39,5110
8210,67,5110,10776
39,8210,10776,3092
5110,39,3092,2331
10776,5110,2331,172
3092,10776,172,258
2331,3092,258,685
172,2331,685,332
258,172,332,5
685,258,5,3161
332,685,3161,683
5,332,683,4
3161,5,4,166
683,3161,166,2266
4,683,2266,896
166,4,896,9
2266,166,9,932
896,2266,932,70
9,896,70,2623
932,9,2623,4
70,932,4,40
2623,70,40,17
4,2623,17,495
40,4,495,557
17,40,557,6431
495,17,6431,982
557,495,982,599
6431,557,599,8
982,6431,8,1944
599,982,1944,84
8,599,84,234
1944,8,234,3
84,1944,3,7994
234,84,7994,9
3,234,9,1570
7994,3,1570,2768
9,7994,2768,1783
1570,9,1783,2
2768,1570,2,633
1783,2768,633,4
2,1783,4,1567
633,2,1567,166
4,633,166,411
1567,4,411,511
166,1567,511,65
411,166,65,360
511,411,360,100
65,511,100,9
360,65,9,41
100,360,41,1907
9,100,1907,7421
41,9,7421,5
1907,41,5,512
7421,1907,512,364
5,7421,364,124
512,5,124,5
364,512,5,2883
124,364,2883,1375
5,124,1375,512
2883,5,512,2
1375,2883,2,226
512,1375,226,55
2,512,55,2495
226,2,2495,253
55,226,253,4679
2495,55,4679,9
253,2495,9,2308
4679,253,2308,3
9,4679,3,43
2308,9,43,215
3,2308,215,8118
43,3,8118,6870
215,43,6870,167
8118,215,167,4
6870,8118,4,1990
167,6870,1990,5
4,167,5,238
1990,4,238,778
5,1990,778,4
238,5,4,3155
778,238,3155,589
4,778,589,5
3155,4,5,43
589,3155,43,215
5,589,215,439
43,5,439,512
215,43,512,102
439,215,102,2107
512,439,2107,9
102,512,9,1496
2107,102,1496,7323
9,2107,7323,188
1496,9,188,5
7323,1496,5,2297
188,7323,2297,8
5,188,8,489
2297,5,489,74
8,2297,74,169
489,8,169,399
74,489,399,118
169,74,118,72
399,169,72,170
118,399,170,109
72,118,109,397
170,72,397,41
109,170,41,439
397,109,439,65
41,397,65,24
439,41,24,48
65,439,48,124
24,65,124,6
48,24,6,1028
124,48,1028,2988
6,124,2988,352
1028,6,352,43
2988,1028,43,215
352,2988,215,141
43,352,141,772
215,43,772,4
141,215,4,48
772,141,48,15
4,772,15,3476
48,4,3476,3
15,48,3,144
3476,15,144,4
3,3476,4,1361
144,3,1361,43
4,144,43,1103
1361,4,1103,102
43,1361,102,48
1103,43,48,2006
102,1103,2006,238
48,102,238,4
2006,48,4,1432
238,2006,1432,322
4,238,322,4
1432,4,4,10846
322,1432,10846,655
4,322,655,1042
10846,4,1042,1783
655,10846,1783,15
1042,655,15,95
1783,1042,95,15
15,1783,15,6636
95,15,6636,1142
15,95,1142,3
6636,15,3,5546
1142,6636,5546,10
3,1142,10,4
5546,3,4,1783
10,5546,1783,7
4,10,7,6636
1783,4,6636,297
7,1783,297,3
6636,7,3,172
297,6636,172,2156
3,297,2156,512
172,3,512,15
2156,172,15,88
512,2156,88,718
15,512,718,512
88,15,512,4068
718,88,4068,164
512,718,164,1874
4068,512,1874,88
164,4068,88,718
1874,164,718,147
88,1874,147,9
718,88,9,1783
147,718,1783,790
9,147,790,43
1783,9,43,3771
790,1783,3771,10
43,790,10,4451
3771,43,4451,35
10,3771,35,512
4451,10,512,8
35,4451,8,6676
512,35,6676,959
8,512,959,169
6676,8,169,2085
959,6676,2085,591
169,959,591,4
2085,169,4,14469
591,2085,14469,1814
4,591,1814,6
14469,4,6,72
1814,14469,72,373
6,1814,373,159
72,6,159,43
373,72,43,2423
159,373,2423,5316
43,159,5316,6047
2423,43,6047,15381
5316,2423,15381,35
6047,5316,35,62
15381,6047,62,33
35,15381,33,132
62,35,132,1386
33,62,1386,3
132,33,3,926
1386,132,926,131
3,1386,131,1567
926,3,1567,1154
131,926,1154,1783
1567,131,1783,618
1154,1567,618,195
1783,1154,195,339
618,1783,339,483
195,618,483,23
339,195,23,140
483,339,140,2673
23,483,2673,20
140,23,20,3022
2673,140,3022,5
20,2673,5,2709
3022,20,2709,358
5,3022,358,1154
2709,5,1154,1155
358,2709,1155,7931
1154,358,7931,793
1155,1154,793,5
7931,1155,5,1814
793,7931,1814,3
5,793,3,30
1814,5,30,45
3,1814,45,100
30,3,100,285
45,30,285,172
100,45,172,258
285,100,258,685
172,285,685,332
258,172,332,5
685,258,5,3161
332,685,3161,683
5,332,683,4
3161,5,4,166
683,3161,166,2266
4,683,2266,896
166,4,896,9
2266,166,9,932
896,2266,932,70
9,896,70,2623
932,9,2623,4
70,932,4,40
2623,70,40,17
4,2623,17,495
40,4,495,557
17,40,557,6431
495,17,6431,982
557,495,982,599
6431,557,599,8
982,6431,8,1944
599,982,1944,84
8,599,84,234
1944,8,234,3
84,1944,3,7994
234,84,7994,9
3,234,9,1570
7994,3,1570,30
9,7994,30,55
