619,17,19,23148
2193,619,23148,1912
19,2193,1912,122
23148,19,122,341
1912,23148,341,360
122,1912,360,1420
341,122,1420,25
360,341,25,477
1420,360,477,3
25,1420,3,950
477,25,950,58
3,477,58,536
950,3,536,301
58,950,301,5373
536,58,5373,115
301,536,115,21
5373,301,21,16
115,5373,16,264
21,115,264,199
16,21,199,998
264,16,998,27
199,264,27,15
998,199,15,2
27,998,2,2593
15,27,2593,600
2,15,600,5
2593,2,5,817
600,2593,817,1170
5,600,1170,904
817,5,904,35
1170,817,35,410
904,1170,410,4
35,904,4,742
410,35,742,36
4,410,36,10638
742,4,10638,1670
36,742,1670,6
10638,36,6,1331
1670,10638,1331,4
6,1670,4,464
1331,6,464,673
4,1331,673,1506
464,4,1506,122
673,464,122,42
1506,673,42,55
122,1506,55,21
42,122,21,328
55,42,328,56
21,55,56,1307
328,21,1307,5
56,328,5,4
1307,56,4,906
5,1307,906,1066
4,5,1066,88
906,4,88,5
1066,906,5,3736
88,1066,3736,2
5,88,2,3
3736,5,3,62
2,3736,62,20
3,2,20,230
62,3,230,2861
20,62,2861,16
230,20,16,21
2861,230,21,11972
16,2861,11972,56
21,16,56,19
11972,21,19,644
56,11972,644,1131
19,56,1131,561
644,19,561,5373
1131,644,5373,28
561,1131,28,3467
5373,561,3467,336
28,5373,336,5
3467,28,5,3913
336,3467,3913,4
5,336,4,2694
3913,5,2694,114
4,3913,114,7
2694,4,7,6822
114,2694,6822,1293
7,114,1293,2097
6822,7,2097,114
1293,6822,114,274
2097,1293,274,3
114,2097,3,2839
274,114,2839,4
3,274,4,122
2839,3,122,2
4,2839,2,1356
122,4,1356,6
2,122,6,1912
1356,2,1912,77
6,1356,77,3739
1912,6,3739,1561
77,1912,1561,88
3739,77,88,2410
1561,3739,2410,91
88,1561,91,53
2410,88,53,16
91,2410,16,64
53,91,64,527
16,53,527,1271
64,16,1271,239
527,64,239,6
1271,527,6,341
239,1271,341,360
6,239,360,8
341,6,8,156
360,341,156,2
8,360,2,1356
156,8,1356,7
2,156,7,4404
1356,2,4404,4
7,1356,4,52
4404,7,52,476
4,4404,476,264
52,4,264,561
476,52,561,835
264,476,835,2
561,264,2,849
835,561,849,135
2,835,135,1912
849,2,1912,1255
135,849,1255,444
1912,135,444,401
1255,1912,401,7
444,1255,7,1892
401,444,1892,3959
7,401,3959,6
1892,7,6,2
3959,1892,2,32
6,3959,32,592
2,6,592,6601
32,2,6601,4
592,32,4,1253
6601,592,1253,1199
4,6601,1199,18
1253,4,18,6365
1199,1253,6365,557
18,1199,557,169
6365,18,169,79
557,6365,79,49
169,557,49,69
79,169,69,8768
49,79,8768,184
69,49,184,3
8768,69,3,456
184,8768,456,9
3,184,9,7094
456,3,7094,356
9,456,356,2506
7094,9,2506,2818
356,7094,2818,909
2506,356,909,18
2818,2506,18,1928
909,2818,1928,3
18,909,3,32
1928,18,32,4
3,1928,4,72
32,3,72,3
4,32,3,27
72,4,27,31
3,72,31,13
27,3,13,495
31,27,495,24
13,31,24,444
495,13,444,401
24,495,401,300
444,24,300,103
401,444,103,4756
300,401,4756,524
103,300,524,56
4756,103,56,3351
524,4756,3351,2072
56,524,2072,18
3351,56,18,1410
2072,3351,1410,38
18,2072,38,2169
1410,18,2169,24
38,1410,24,2319
2169,38,2319,6
24,2169,6,57
2319,24,57,357
6,2319,357,59
57,6,59,4104
357,57,4104,4
59,357,4,85
4104,59,85,25
4,4104,25,5792
85,4,5792,217
25,85,217,5
5792,25,5,45
217,5792,45,31
5,217,31,34
45,5,34,340
31,45,340,106
34,31,106,732
340,34,732,107
106,340,107,52
732,106,52,33
107,732,33,113
52,107,113,33
33,52,33,55
113,33,55,904
33,113,904,5
55,33,5,106
904,55,106,6
5,904,6,112
106,5,112,950
6,106,950,59
112,6,59,33
950,112,33,147
59,950,147,33
33,59,33,415
147,33,415,110
33,147,110,3
415,33,3,1845
110,415,1845,719
3,110,719,3
1845,3,3,4
719,1845,4,3837
3,719,3837,4
4,3,4,102480
3837,4,102480,5652
4,3837,5652,5
102480,4,5,1441
5652,102480,1441,923
5,5652,923,2506
1441,5,2506,2818
923,1441,2818,7
2506,923,7,72
2818,2506,72,2
7,2818,2,30139
72,7,30139,2
2,72,2,38
30139,2,38,32542
2,30139,32542,4838
38,2,4838,43
32542,38,43,114
4838,32542,114,16
43,4838,16,21
114,43,21,72
16,114,72,360
21,16,360,9
72,21,9,2
360,72,2,417
9,360,417,9
2,9,9,90
417,2,90,360
9,417,360,9
90,9,9,27
360,90,27,245
9,360,245,7
27,9,7,360
245,27,360,9
7,245,9,4
360,7,4,354
9,360,354,6966
4,9,6966,36
354,4,36,6569
6966,354,6569,80
36,6966,80,286
6569,36,286,11
80,6569,11,2
286,80,2,7776
11,286,7776,969
2,11,969,2450
7776,2,2450,1692
969,7776,1692,20
2450,969,20,2630
1692,2450,2630,859
20,1692,859,149
2630,20,149,6
859,2630,6,57
149,859,57,357
6,149,357,10
57,6,10,451
357,57,451,2506
10,357,2506,2818
451,10,2818,18
2506,451,18,739
2818,2506,739,3410
18,2818,3410,38
739,18,38,83
3410,739,83,1391
38,3410,1391,4
83,38,4,561
1391,83,561,24
4,1391,24,38
561,4,38,152
24,561,152,1120
38,24,1120,2531
152,38,2531,199
1120,152,199,52
2531,1120,52,25
199,2531,25,26
52,199,26,132
25,52,132,17
26,25,17,6
132,26,6,9
17,132,9,2
6,17,2,1708
9,6,1708,1066
2,9,1066,65
1708,2,65,26
1066,1708,26,761
97092,19,16,2
4492,97092,2,306
16,4492,306,1555
2,16,1555,9
306,2,9,3511
1555,306,3511,6308
9,1555,6308,4
3511,9,4,1586
6308,3511,1586,112
4,6308,112,5864
1586,4,5864,59
112,1586,59,7
5864,112,7,99
59,5864,99,739
7,59,739,56
99,7,56,12
739,99,12,130
56,739,130,3936
12,56,3936,3545
130,12,3545,10
3936,130,10,365
3545,3936,365,180
10,3545,180,2
365,10,2,122
180,365,122,3
2,180,3,1519
122,2,1519,3016
3,122,3016,191
1519,3,191,5
3016,1519,5,2
191,3016,2,4492
5,191,4492,59
2,5,59,33
4492,2,33,346
59,4492,346,2
33,59,2,4492
346,33,4492,8
2,346,8,245
4492,2,245,4213
8,4492,4213,15
245,8,15,33
4213,245,33,4
15,4213,4,8
33,15,8,33
4,33,33,488
8,4,488,245
33,8,245,4375
488,33,4375,3
245,488,3,33
4375,245,33,116
3,4375,116,33
33,3,33,18
116,33,18,277
33,116,277,101
18,33,101,42
277,18,42,9
101,277,9,66
42,101,66,7
9,42,7,2288
66,9,2288,4492
7,66,4492,292
2288,7,292,12
4492,2288,12,1238
292,4492,1238,17297
12,292,17297,4553
1238,12,4553,4
17297,1238,4,9
4553,17297,9,76
4,4553,76,337
9,4,337,26
76,9,26,445
337,76,445,1047
26,337,1047,198
445,26,198,3
1047,445,3,180
198,1047,180,59
3,198,59,7
180,3,7,739
59,180,739,3099
7,59,3099,4492
739,7,4492,292
3099,739,292,12
4492,3099,12,1329
292,4492,1329,1074
12,292,1074,8
1329,12,8,7
1074,1329,7,59
8,1074,59,7
7,8,7,1519
59,7,1519,1466
7,59,1466,38
1519,7,38,2632
1466,1519,2632,8360
38,1466,8360,4492
2632,38,4492,1778
8360,2632,1778,2
4492,8360,2,921
1778,4492,921,694
2,1778,694,9
921,2,9,1426
694,921,1426,33
9,694,33,3
1426,9,3,11823
33,1426,11823,112
3,33,112,83
11823,3,83,5864
112,11823,5864,4
83,112,4,1335
5864,83,1335,3
4,5864,3,2212
1335,4,2212,164
3,1335,164,16
2212,3,16,107
164,2212,107,3
16,164,3,91
107,16,91,112
3,107,112,4492
91,3,4492,3
112,91,3,11823
4492,112,11823,634
3,4492,634,616
11823,3,616,2212
634,11823,2212,11823
616,634,11823,1960
2212,616,1960,9
11823,2212,9,4
1960,11823,4,27060
9,1960,27060,11823
4,9,11823,9
27060,4,9,112
11823,27060,112,694
9,11823,694,325
112,9,325,42
694,112,42,72
325,694,72,126
42,325,126,17
72,42,17,1386
126,72,1386,4492
17,126,4492,8
1386,17,8,4213
4492,1386,4213,15
8,4492,15,33
4213,8,33,42
15,4213,42,9
33,15,9,112
42,33,112,634
9,42,634,42
112,9,42,9
634,112,9,112
42,634,112,616
9,42,616,4
112,9,4,42
616,112,42,9
4,616,9,112
42,4,112,2212
9,42,2212,96
112,9,96,507
2212,112,507,112
96,2212,112,4492
507,96,4492,16
112,507,16,5408
4492,112,5408,514
16,4492,514,1677
5408,16,1677,616
514,5408,616,4492
1677,514,4492,6
616,1677,6,112
4492,616,112,435
6,4492,435,4
112,6,4,303
435,112,303,112
4,435,112,1994
303,4,1994,79
112,303,79,1152
1994,112,1152,11498
79,1994,11498,51
1152,79,51,1179
11498,1152,1179,36
51,11498,36,1329
1179,51,1329,33
36,1179,33,40
1329,36,40,73
33,1329,73,3
40,33,3,392
73,40,392,6
3,73,6,112
392,3,112,1677
6,392,1677,616
112,6,616,514
1677,112,514,1152
616,1677,1152,349
514,616,349,3
1152,514,3,33
349,1152,33,2
3,349,2,33
33,3,33,3125
2,33,3125,4
33,2,4,488
3125,33,488,112
4,3125,112,1994
488,4,1994,3125
112,488,3125,20
1994,112,20,428
3125,1994,428,9
20,3125,9,634
428,20,634,4
9,428,4,2212
634,9,2212,4492
4,634,4492,2
2212,4,2,149
4492,2212,149,75
2,4492,75,1858
149,2,1858,112
75,149,112,1994
1858,75,1994,79
112,1858,79,112
1994,112,112,4492
79,1994,4492,3515
112,79,3515,15
4492,112,15,81
3515,4492,81,203
15,3515,203,112
81,15,112,22742
203,81,22742,36
112,203,36,19
22742,112,19,112
36,22742,112,2958
19,36,2958,319
112,19,319,112
2958,112,112,4492
319,2958,4492,349
112,319,349,3
4492,112,3,33
349,4492,33,3688
3,349,3688,33
33,3,33,147
3688,33,147,4
33,3688,4,694
147,33,694,11823
4,147,11823,1280
694,4,1280,694
11823,694,694,11823
1280,11823,11823,1960
694,1280,1960,9
11823,694,9,31053
1960,11823,31053,112
9,1960,112,694
31053,9,694,75
112,31053,75,118
694,112,118,231
75,694,231,2
118,75,2,1322
231,118,1322,417
2,231,417,36
1322,2,36,743
417,1322,743,1386
36,417,1386,921
743,36,921,5408
1386,743,5408,4492
921,1386,4492,8
5408,921,8,4213
4492,5408,4213,15
8,4492,15,33
4213,8,33,4
15,4213,4,236
33,15,236,81
4,33,81,6
236,4,6,332
81,236,332,435
6,81,435,11633
332,6,11633,349
435,332,349,112
11633,435,112,435
349,11633,435,231
112,349,231,4492
435,112,4492,4
231,435,4,5676
4492,231,5676,2
4,4492,2,112
5676,4,112,5676
2,5676,5676,488
112,2,488,694
5676,112,694,5
488,5676,5,4492
694,488,4492,1249
5,694,1249,61
4492,5,61,168
1249,4492,168,112
61,1249,112,1060
168,61,1060,4
112,168,4,12319
1060,112,12319,231
4,1060,231,112
12319,4,112,478
231,12319,478,616
112,231,616,488
478,112,488,3077
616,478,3077,11894
488,616,11894,5
3077,488,5,4492
11894,3077,4492,3339
5,11894,3339,4
4492,5,4,5299
3339,4492,5299,112
4,3339,112,9896
5299,4,9896,4
112,5299,4,694
9896,112,694,319
4,9896,319,6401
694,4,6401,168
319,694,168,3339
6401,319,3339,375
168,6401,375,694
3339,168,694,5
375,3339,5,4492
694,375,4492,13
5,694,13,11860
4492,5,11860,3
13,4492,3,207
11860,13,207,177
3,11860,177,5
207,3,5,112
177,207,112,616
5,177,616,5408
112,5,5408,112
616,112,112,4492
5408,616,4492,52
112,5408,52,816
4492,112,816,75
52,4492,75,33
816,52,33,16
75,816,16,42
33,75,42,3048
16,33,3048,8788
42,16,8788,9646
3048,42,9646,11823
8788,3048,11823,1960
9646,8788,1960,9
11823,9646,9,59
1960,11823,59,33
9,1960,33,16
59,9,16,4749
33,59,4749,2184
16,33,2184,6
4749,16,6,1570
2184,4749,1570,1386
6,2184,1386,42
1570,6,42,4492
1386,1570,4492,8
42,1386,8,4213
4492,42,4213,15
8,4492,15,33
4213,8,33,4
15,4213,4,236
33,15,236,10
4,33,10,56
236,4,56,3
10,236,3,17
56,10,17,496
3,56,496,6
17,3,6,6473
496,17,6473,9
6,496,9,23
6473,6,23,275
9,6473,275,985
23,9,985,10156
275,23,10156,33
985,275,33,55
10156,985,55,1386
33,10156,1386,4492
55,33,4492,82
1386,55,82,42
4492,1386,42,9
82,4492,9,332
42,82,332,9646
9,42,9646,370
332,9,370,4492
9646,332,4492,13
370,9646,13,47
4492,370,47,496
13,4492,496,483
47,13,483,11430
496,47,11430,10
483,496,10,175
11430,483,175,112
10,11430,112,435
175,10,435,3
112,175,3,2448
435,112,2448,2514
3,435,2514,4
2448,3,4,41
2514,2448,41,694
4,2514,694,59
41,4,59,33
694,41,33,488
59,694,488,2514
33,59,2514,36
488,33,36,496
2514,488,496,5
36,2514,5,4492
496,36,4492,236
5,496,236,112
4492,5,112,435
236,4492,435,74
112,236,74,112
435,112,112,2052
74,435,2052,9646
112,74,9646,36
2052,112,36,40596
9646,2052,40596,418
36,9646,418,2605
40596,36,2605,112
418,40596,112,359
2605,418,359,21
112,2605,21,112
359,112,112,5110
21,359,5110,609
112,21,609,694
5110,112,694,3
609,5110,3,4064
694,609,4064,6
3,694,6,3
4064,3,3,20
6,4064,20,418
3,6,418,5
20,3,5,112
418,20,112,616
5,418,616,59
112,5,59,33
616,112,33,488
59,616,488,694
33,59,694,13
488,33,13,1126
694,488,1126,6
13,694,6,8897
1126,13,8897,4492
6,1126,4492,285
8897,6,285,4
4492,8897,4,236
285,4492,236,10
4,285,10,12
236,4,12,112
10,236,112,235
12,10,235,9646
112,12,9646,319
235,112,319,4982
9646,235,4982,20
319,9646,20,428
4982,319,428,375
20,4982,375,33
428,20,33,18
375,428,18,42
33,375,42,48
18,33,48,9646
42,18,9646,1681
48,42,1681,31053
1473,14,66,12
17720,1473,12,433
66,17720,433,15076
12,66,15076,5
433,12,5,8239
15076,433,8239,66
5,15076,66,12
8239,5,12,433
66,8239,433,18
12,66,18,48
433,12,48,2721
18,433,2721,6
48,18,6,99
2721,48,99,66
6,2721,66,5
99,6,5,20
66,99,20,1242
5,66,1242,71
20,5,71,28
1242,20,28,811
71,1242,811,20
28,71,20,2215
811,28,2215,14
20,811,14,1411
2215,20,1411,6
14,2215,6,177
1411,14,177,5
6,1411,5,67
177,6,67,133
5,177,133,211
67,5,211,197
133,67,197,76
211,133,76,45
197,211,45,6
76,197,6,197
45,76,197,14360
6,45,14360,91
197,6,91,2
14360,197,2,13895
91,14360,13895,3
2,91,3,3958
13895,2,3958,8
3,13895,8,209
3958,3,209,29
8,3958,29,231
209,8,231,108
29,209,108,6
231,29,6,8931
108,231,8931,10
6,108,10,14
8931,6,14,17720
10,8931,17720,2215
14,10,2215,367
17720,14,367,41486
2215,17720,41486,5
367,2215,5,376
41486,367,376,2
5,41486,2,1002
376,5,1002,5409
2,376,5409,8
1002,2,8,1134
5409,1002,1134,7
8,5409,7,6
1134,8,6,9165
7,1134,9165,5
6,7,5,103
9165,6,103,58
5,9165,58,127
103,5,127,2347
58,103,2347,31
127,58,31,18
2347,127,18,47
31,2347,47,41311
18,31,41311,12
47,18,12,1073
41311,47,1073,5
12,41311,5,754
1073,12,754,160
5,1073,160,4
754,5,4,2
160,754,2,58
4,160,58,498
2,4,498,31
58,2,31,1454
498,58,1454,134
31,498,134,35
1454,31,35,909
134,1454,909,26
35,134,26,396
909,35,396,80
26,909,80,91
396,26,91,357
80,396,357,754
91,80,754,34194
357,91,34194,160
754,357,160,55
34194,754,55,64
160,34194,64,752
55,160,752,17
64,55,17,1336
752,64,1336,71
17,752,71,28
1336,17,28,10
71,1336,10,396
28,71,396,17
10,28,17,6090
396,10,6090,56
17,396,56,10
6090,17,10,396
56,6090,396,17
10,56,17,13258
396,10,13258,24
17,396,24,1110
13258,17,1110,4
24,13258,4,297
1110,24,297,55
4,1110,55,64
297,4,64,752
55,297,752,17
64,55,17,4950
752,64,4950,109
17,752,109,805
4950,17,805,5
109,4950,5,1134
805,109,1134,119
5,805,119,111
1134,5,111,310
119,1134,310,269
111,119,269,2600
310,111,2600,2569
269,310,2569,134
2600,269,134,523
2569,2600,523,12
134,2569,12,2
523,134,2,251
12,523,251,8
2,12,8,71
251,2,71,40
8,251,40,91
71,8,91,2811
40,71,2811,5
91,40,5,1028
2811,91,1028,44
5,2811,44,3
1028,5,3,2891
44,1028,2891,22
3,44,22,1559
2891,3,1559,3
22,2891,3,794
1559,22,794,3
3,1559,3,789
794,3,789,166
3,794,166,283
789,3,283,4
166,789,4,3
283,166,3,794
4,283,794,2276
3,4,2276,4511
794,3,4511,8
2276,794,8,1000
4511,2276,1000,3
8,4511,3,754
1000,8,754,160
3,1000,160,4
754,3,4,63
160,754,63,2602
4,160,2602,410
63,4,410,2569
2602,63,2569,28
410,2602,28,87
2569,410,87,10
28,2569,10,2
87,28,2,236
10,87,236,120
2,10,120,104
236,2,104,359
120,236,359,5
104,120,5,139
359,104,139,18
5,359,18,4321
139,5,4321,47
18,139,47,51410
4321,18,51410,14
47,4321,14,10508
51410,47,10508,37
14,51410,37,209
10508,14,209,8
37,10508,8,410
209,37,410,68
8,209,68,505
410,8,505,3
68,410,3,17
505,68,17,308
3,505,308,5
17,3,5,159
308,17,159,410
5,308,410,636
159,5,636,827
410,159,827,189
636,410,189,4
827,636,4,117
189,827,117,1025
4,189,1025,305
117,4,305,103
1025,117,103,253
305,1025,253,58
103,305,58,127
253,103,127,2164
58,253,2164,31
127,58,31,18
2164,127,18,47
31,2164,47,2
18,31,2,3814
47,18,3814,37
2,47,37,754
3814,2,754,297
37,3814,297,189
754,37,189,13
297,754,13,28
189,297,28,11
13,189,11,2
28,13,2,6513
11,28,6513,59
2,11,59,10
6513,2,10,154
59,6513,154,3
10,59,3,754
154,10,754,160
3,154,160,122
754,3,122,305
160,754,305,44
122,160,44,11
305,122,11,115
44,305,115,178
11,44,178,399
115,11,399,1777
