8,4,320,1392
15659,8,1392,72
320,15659,72,77
1392,320,77,319
72,1392,319,10
77,72,10,12
319,77,12,87722
10,319,87722,77
12,10,77,33
87722,12,33,7450
77,87722,7450,1772
33,77,1772,4
7450,33,4,7
1772,7450,7,18
4,1772,18,47
7,4,47,110
18,7,110,23
47,18,23,10
110,47,10,73
23,110,73,12765
10,23,12765,9
73,10,9,66
12765,73,66,29
9,12765,29,10
66,9,10,208
29,66,208,295
10,29,295,136
208,10,136,1203
295,208,1203,6
136,295,6,222
1203,136,222,152
6,1203,152,48
222,6,48,95
152,222,95,10083
48,152,10083,38287
95,48,38287,2868
10083,95,2868,8
38287,10083,8,7881
2868,38287,7881,1781
8,2868,1781,101
7881,8,101,61
1781,7881,61,8
101,1781,8,7
61,101,7,59
8,61,59,26
7,8,26,16
59,7,16,15376
26,59,15376,168
16,26,168,38
15376,16,38,2787
168,15376,2787,615
38,168,615,9
2787,38,9,2463
615,2787,2463,3
9,615,3,1162
2463,9,1162,23611
3,2463,23611,12
1162,3,12,552
23611,1162,552,73
12,23611,73,2516
552,12,2516,4
73,552,4,1772
2516,73,1772,70841
4,2516,70841,1453
1772,4,1453,7
70841,1772,7,1114
1453,70841,1114,33
7,1453,33,29
1114,7,29,53
33,1114,53,14
29,33,14,2
53,29,2,72616
14,53,72616,3
2,14,3,78
72616,2,78,4
3,72616,4,200
78,3,200,17624
4,78,17624,1812
200,4,1812,33366
17624,200,33366,3
1812,17624,3,49
33366,1812,49,2583
3,33366,2583,7796
49,3,7796,1107
2583,49,1107,995
7796,2583,995,24
1107,7796,24,22
995,1107,22,872
24,995,872,3754
22,24,3754,5
872,22,5,49
3754,872,49,100126
5,3754,100126,71196
49,5,71196,988
100126,49,988,31911
71196,100126,31911,780
988,71196,780,3
31911,988,3,371
780,31911,371,32
3,780,32,371
371,3,371,32
32,371,32,196
371,32,196,11
32,371,11,365
196,32,365,49
11,196,49,101
365,11,101,53
49,365,53,12
101,49,12,1616
53,101,1616,6
12,53,6,725
1616,12,725,5
6,1616,5,42
725,6,42,4
5,725,4,48
42,5,48,3296
4,42,3296,14
48,4,14,25
3296,48,25,9833
14,3296,9833,3
25,14,3,440
9833,25,440,1040
3,9833,1040,968
440,3,968,5
1040,440,5,2343
968,1040,2343,687
5,968,687,16654
2343,5,16654,2867
687,2343,2867,4516
16654,687,4516,48
2867,16654,48,4017
4516,2867,4017,5
48,4516,5,85
4017,48,85,861
5,4017,861,10778
85,5,10778,1772
861,85,1772,105621
10778,861,105621,1396
1772,10778,1396,301
105621,1772,301,723
1396,105621,723,56
301,1396,56,3
723,301,3,17
56,723,17,911
3,56,911,3369
17,3,3369,20
911,17,20,85
3369,911,85,11
20,3369,11,56
85,20,56,6
11,85,6,1411
56,11,1411,36
6,56,36,2
1411,6,2,3162
36,1411,3162,138
2,36,138,40
3162,2,40,44
138,3162,44,33
40,138,33,415
44,40,415,583
33,44,583,96
415,33,96,107031
583,415,107031,1983
16923,109,6,8773
6590,16923,8773,109
6,6590,109,300
8773,6,300,103
109,8773,103,3537
300,109,3537,8
103,300,8,704
3537,103,704,3260
8,3537,3260,442
704,8,442,50
3260,704,50,8316
442,3260,8316,9
50,442,9,133
8316,50,133,144
9,8316,144,5
133,9,5,2
144,133,2,4456
5,144,4456,1469
2,5,1469,8
4456,2,8,5499
1469,4456,5499,1048
8,1469,1048,1335
5499,8,1335,3
1048,5499,3,2241
1335,1048,2241,4
3,1335,4,3781
2241,3,3781,2736
4,2241,2736,184
3781,4,184,3
2736,3781,3,1156
184,2736,1156,1689
3,184,1689,624
1156,3,624,27303
1689,1156,27303,13185
624,1689,13185,6442
27303,624,6442,546
13185,27303,546,3199
6442,13185,3199,10
546,6442,10,807
3199,546,807,15
10,3199,15,700
807,10,700,1769
15,807,1769,710
700,15,710,75
1769,700,75,10
710,1769,10,2697
75,710,2697,2
10,75,2,2645
2697,10,2645,1469
2,2697,1469,20
2645,2,20,205
1469,2645,205,8
20,1469,8,546
205,20,546,44
8,205,44,1336
546,8,1336,7057
44,546,7057,1335
1336,44,1335,3
7057,1336,3,1251
1335,7057,1251,19947
3,1335,19947,777
1251,3,777,1689
19947,1251,1689,624
777,19947,624,31
1689,777,31,14
624,1689,14,6
31,624,6,3260
14,31,3260,59
6,14,59,3537
3260,6,3537,1498
59,3260,1498,15613
3537,59,15613,1125
1498,3537,1125,1907
15613,1498,1907,3
1125,15613,3,6435
1907,1125,6435,34
3,1907,34,10090
6435,3,10090,181
34,6435,181,7
10090,34,7,507
181,10090,507,8
7,181,8,3537
507,7,3537,721
8,507,721,87
3537,8,87,5
721,3537,5,4456
87,721,4456,335
5,87,335,13185
4456,5,13185,2
335,4456,2,232
13185,335,232,5
2,13185,5,992
232,2,992,6442
5,232,6442,97
992,5,97,481
6442,992,481,6
97,6442,6,2
481,97,2,2401
6,481,2401,32208
2,6,32208,1087
2401,2,1087,425
32208,2401,425,4748
1087,32208,4748,1156
425,1087,1156,629
4748,425,629,14
1156,4748,14,12
629,1156,12,2
14,629,2,35
12,14,35,1134
2,12,1134,3
35,2,3,4259
1134,35,4259,59
3,1134,59,5784
4259,3,5784,704
59,4259,704,813
5784,59,813,3260
704,5784,3260,12
813,704,12,442
3260,813,442,936
12,3260,936,42
442,12,42,4
936,442,4,11293
42,936,11293,45
4,42,45,544
11293,4,544,183
45,11293,183,44
544,45,44,4456
183,544,4456,143
44,183,143,226
4456,44,226,4499
143,4456,4499,2304
226,143,2304,4
4499,226,4,1769
2304,4499,1769,528
4,2304,528,893
1769,4,893,2
528,1769,2,1469
893,528,1469,3580
2,893,3580,546
1469,2,546,9
3580,1469,9,10
546,3580,10,2684
9,546,2684,5
10,9,5,3420
2684,10,3420,777
5,2684,777,6
3420,5,6,2241
777,3420,2241,82
6,777,82,228
2241,6,228,3781
82,2241,3781,2736
228,82,2736,19
3781,228,19,1479
2736,3781,1479,4
19,2736,4,8070
1479,19,8070,23542
4,1479,23542,19
8070,4,19,449
23542,8070,449,799
19,23542,799,14
449,19,14,2697
799,449,2697,75
14,799,75,4174
2697,14,4174,185
75,2697,185,74
4174,75,74,10
185,4174,10,10754
74,185,10754,4
10,74,4,774
10754,10,774,5727
4,10754,5727,320
774,4,320,91
5727,774,91,6
320,5727,6,799
91,320,799,3260
6,91,3260,14
799,6,14,223
3260,799,223,226
14,3260,226,360
223,14,360,6
226,223,6,950
360,226,950,5
6,360,5,1469
950,6,1469,546
5,950,546,4115
1469,5,4115,4456
546,1469,4456,4
4115,546,4,10
4456,4115,10,916
4,4456,916,232
10,4,232,9
916,10,9,424
232,916,424,3
9,232,3,2074
424,9,2074,1048
3,424,1048,1335
2074,3,1335,3
1048,2074,3,3420
1335,1048,3420,777
3,1335,777,13185
3420,3,13185,1452
777,3420,1452,6
13185,777,6,4259
1452,13185,4259,6
6,1452,6,2
4259,6,2,15944
6,4259,15944,315
2,6,315,3
15944,2,3,5471
315,15944,5471,1469
3,315,1469,29
5471,3,29,165
1469,5471,165,1315
29,1469,1315,3
165,29,3,18
1315,165,18,2
3,1315,2,503
18,3,503,7008
2,18,7008,15
503,2,15,195
7008,503,195,5
15,7008,5,1763
195,15,1763,933
5,195,933,184
1763,5,184,3
933,1763,3,13185
184,933,13185,1890
3,184,1890,2295
13185,3,2295,1680
1890,13185,1680,2167
2295,1890,2167,15
1680,2295,15,1469
2167,1680,1469,11
15,2167,11,1890
1469,15,1890,80
11,1469,80,28
1890,11,28,1525
80,1890,1525,8
28,80,8,3420
1525,28,3420,778
8,1525,778,7
3420,8,7,2556
778,3420,2556,3
7,778,3,226
2556,7,226,5
3,2556,5,546
226,3,546,1689
5,226,1689,624
546,5,624,1751
1689,546,1751,2
624,1689,2,9
1751,624,9,6773
2,1751,6773,1125
9,2,1125,1907
6773,9,1907,1156
1125,6773,1156,629
1907,1125,629,28
1156,1907,28,8
629,1156,8,110
28,629,110,168
8,28,168,3537
110,8,3537,14
168,110,14,21
3537,168,21,88
14,3537,88,2707
21,14,2707,5
88,21,5,576
2707,88,576,29
5,2707,29,30
576,5,30,4109
29,576,4109,8
30,29,8,3420
4109,30,3420,137
8,4109,137,40
3420,8,40,319
137,3420,319,43
40,137,43,1106
109,3394,44,351
7,109,351,29
44,7,29,6111
351,44,6111,24
29,351,24,1676
6111,29,1676,37
24,6111,37,127
1676,24,127,237
37,1676,237,19358
127,37,19358,409
237,127,409,39
19358,237,39,2471
409,19358,2471,777
39,409,777,4
2471,39,4,2789
777,2471,2789,1545
4,777,1545,20
2789,4,20,1206
1545,2789,1206,33
20,1545,33,230
1206,20,230,113
33,1206,113,10
230,33,10,50
113,230,50,235
10,113,235,81859
50,10,81859,3428
235,50,3428,32
81859,235,32,525
3428,81859,525,15
32,3428,15,49
525,32,49,1043
15,525,1043,4
49,15,4,1412
1043,49,1412,7
4,1043,7,424
1412,4,424,3
7,1412,3,459
424,7,459,169
3,424,169,9
459,3,9,347
169,459,347,11378
9,169,11378,479
347,9,479,1847
11378,347,1847,3
479,11378,3,6
1847,479,6,403
3,1847,403,5
6,3,5,4482
403,6,4482,572
5,403,572,11003
4482,5,11003,52
572,4482,52,11
11003,572,11,296
52,11003,296,9
11,52,9,63
296,11,63,117
9,296,117,638
63,9,638,193
117,63,193,7098
638,117,7098,757
193,638,757,128
7098,193,128,1180
757,7098,1180,6
128,757,6,452
1180,128,452,4
6,1180,4,14
452,6,14,6
4,452,6,39
14,4,39,632
6,14,632,12
39,6,12,466
632,39,466,823
12,632,823,63
466,12,63,927
823,466,927,105
63,823,105,504
927,63,504,7
105,927,7,395
504,105,395,314
7,504,314,8
395,7,8,11
314,395,11,7
8,314,7,1144
11,8,1144,1638
7,11,1638,37
1144,7,37,235
1638,1144,235,127
37,1638,127,949
235,37,949,4
127,235,4,11
949,127,11,17
4,949,17,6
11,4,6,452
17,11,452,235
6,17,235,205
452,6,205,3
235,452,3,62
205,235,62,72
3,205,72,62
62,3,62,718
72,62,718,11
62,72,11,71444
718,62,71444,5
11,718,5,341
71444,11,341,10615
5,71444,10615,19
341,5,19,58
10615,341,58,4
19,10615,4,162
58,19,162,31
4,58,31,14
162,4,14,3
31,162,3,17
14,31,17,235
3,14,235,63
17,3,63,46
235,17,46,80
63,235,80,286
46,63,286,63
80,46,63,71
286,80,71,517
63,286,517,2000
71,63,2000,72
517,71,72,44
2000,517,44,404
72,2000,404,46
44,72,46,18
404,44,18,11017
46,404,11017,2
18,46,2,21564
11017,18,21564,940
2,11017,940,5
21564,2,5,45
940,21564,45,4260
5,940,4260,229
45,5,229,20
4260,45,20,7
229,4260,7,5544
20,229,5544,483
7,20,483,367
5544,7,367,9
483,5544,9,2
367,483,2,127
9,367,127,237
2,9,237,4
127,2,4,229
237,127,229,8
4,237,8,2
229,4,2,201
8,229,201,36
2,8,36,2
201,2,2,572
36,201,572,148
2,36,148,462
572,2,462,597
148,572,597,1729
462,148,1729,88
597,462,88,2289
1729,597,2289,3602
88,1729,3602,44
2289,88,44,10
3602,2289,10,2
44,3602,2,572
10,44,572,99011
2,10,99011,237
572,2,237,132
99011,572,132,18
237,99011,18,739
132,237,739,544
18,132,544,65
739,18,65,88
544,739,88,70
65,544,70,127
88,65,127,356
70,88,356,18
127,70,18,47
356,127,47,7591
18,356,7591,9
47,18,9,76
7591,47,76,60
9,7591,60,19
76,9,19,51
60,76,51,30
19,60,30,73
51,19,73,3
30,51,3,251
73,30,251,1729
3,73,1729,8635
251,3,8635,1741
1729,251,1741,164
8635,1729,164,1741
1741,8635,1741,6
164,1741,6,2
1741,164,2,1465
6,1741,1465,73
2,6,73,4
1465,2,4,8635
73,1465,8635,3253
4,73,3253,5
8635,4,5,2
3253,8635,2,127
5,3253,127,237
2,5,237,505
127,2,505,9339
237,127,9339,36
505,237,36,56
9339,505,56,5
36,9339,5,3296
56,36,3296,5
5,56,5,932
3296,5,932,89367
5,3296,89367,9
932,5,9,752
89367,932,752,63685
9,89367,63685,2173
752,9,2173,45
63685,752,45,46
2173,63685,46,80
45,2173,80,95
46,45,95,852
80,46,852,6
95,80,6,35
852,95,35,156
6,852,156,2
35,6,2,452
156,35,452,39
2,156,39,632
452,2,632,4
39,452,4,413
632,39,413,673
4,632,673,8
413,4,8,671
673,413,671,4
8,673,4,7496
671,8,7496,564
4,671,564,6
7496,4,6,3637
564,7496,3637,63
6,564,63,46
3637,6,46,16
63,3637,16,1721
46,63,1721,1428
16,46,1428,64
1721,16,64,769
1428,1721,769,3
64,1428,3,51
769,64,51,45
3,769,45,31
51,3,31,230
45,51,230,296
31,45,296,6
230,31,6,258
296,230,258,66
6,296,66,100
258,6,100,60
66,258,60,9
100,66,9,226
60,100,226,1522
9,60,1522,266
226,9,266,16
1522,226,16,377
266,1522,377,101
16,266,101,30309
377,16,30309,899
101,377,899,5
30309,101,5,385
899,30309,385,793
5,899,793,3
385,5,3,1590
793,385,1590,2
3,793,2,1530
1590,3,1530,8
2,1590,8,51
1530,2,51,505
8,1530,505,84
51,8,84,551
505,51,551,115
84,505,115,21
551,84,21,323
115,551,323,9
21,115,9,237
323,21,237,8
9,323,8,732
237,9,732,551
8,237,551,87
732,8,87,932
551,732,932,114
87,551,114,7
932,87,7,1471
114,932,1471,5
7,114,5,51
1471,7,51,1352
5,1471,1352,6
51,5,6,127
1352,51,127,356
6,1352,356,23
127,6,23,532
356,127,532,115
23,356,115,242
532,23,242,10
115,532,10,115
242,115,115,14487
10,242,14487,699
115,10,699,5
14487,115,5,127
699,14487,127,237
5,699,237,7
127,5,7,8
237,127,8,4069
7,237,4069,460
8,7,460,368
4069,8,368,9
460,4069,9,332
368,460,332,5
9,368,5,595
332,9,595,94
5,332,94,7
595,5,7,1326
94,595,1326,56
7,94,56,5
1326,7,5,3296
56,1326,3296,5
5,56,5,932
3296,5,932,114
5,3296,114,6694
932,5,6694,66
114,932,66,6
6694,114,6,1108
66,6694,1108,5
6,66,5,105
1108,6,105,8635
5,1108,8635,13306
105,5,13306,898
8635,105,898,2019
13306,8635,2019,9
898,13306,9,597
2019,898,597,3
9,2019,3,28189
597,9,28189,14
3,597,14,171
28189,3,171,3903
14,28189,3903,85
171,14,85,8
3903,171,8,6164
85,3903,6164,739
8,85,739,3
6164,8,3,858
739,6164,858,231
3,739,231,617
858,3,617,71
231,858,71,5822
617,231,5822,387
71,617,387,31
5822,71,31,14
387,5822,14,2664
31,387,2664,989
14,31,989,787
2664,14,787,2434
989,2664,2434,11
787,989,11,30
2434,787,30,3
11,2434,3,3738
30,11,3738,36
3,30,36,459
3738,3,459,246
36,3738,246,9
459,36,9,135
246,459,135,17949
9,246,17949,14
135,9,14,171
17949,135,171,22
14,17949,22,598
171,14,598,6713
22,171,6713,2000
598,22,2000,69
6713,598,69,8
2000,6713,8,575
69,2000,575,978
8,69,978,189
575,8,189,1326
978,575,1326,4
189,978,4,10266
1326,189,10266,6239
4,1326,6239,222
10266,4,222,519
6239,10266,519,8
222,6239,8,11
519,222,11,1881
8,519,1881,3
11,8,3,58
1881,11,58,499
3,1881,499,4
58,3,4,711
499,58,711,6
4,499,6,57
711,4,57,210
6,711,210,5
57,6,5,5887
210,57,5887,10
5,210,10,14
5887,5,14,6
10,5887,6,8
14,10,8,8148
6,14,8148,4741
8,6,4741,8179
8148,8,8179,6
4741,8148,6,14
8179,4741,14,1162
6,8179,1162,2
14,6,2,2
1162,14,2,19068
2,1162,19068,4050
2,2,4050,2
19068,2,2,8030
4050,19068,8030,8
2,4050,8,1596
8030,2,1596,2
8,8030,2,372
1596,8,372,177
2,1596,177,6
372,2,6,22
177,372,22,335
6,177,335,21
22,6,21,3
335,22,3,296
21,335,296,9
3,21,9,63
296,3,63,6
9,296,6,927
63,9,927,838
6,63,838,2896
927,6,2896,8
838,927,8,11
2896,838,11,14
8,2896,14,21
11,8,21,718
14,11,718,362
21,14,362,3
718,21,3,17
362,718,17,287
3,362,287,1075
17,3,1075,237
287,17,237,4
1075,287,4,3145
237,1075,3145,2511
4,237,2511,24
3145,4,24,66
2511,3145,66,5
24,2511,5,51684
66,24,51684,56577
5,66,56577,3
51684,5,3,735
56577,51684,735,44
3,56577,44,7
735,3,7,117
44,735,117,1025
7,44,1025,305
117,7,305,4090
1025,117,4090,2
305,1025,2,222
4090,305,222,31
2,4090,31,55
222,2,55,8385
31,222,8385,58
55,31,58,97
8385,55,97,1097
58,8385,1097,3
97,58,3,2046
1097,97,2046,1348
3,1097,1348,114
2046,3,114,36
1348,2046,36,2
114,1348,2,1248
36,114,1248,6
2,36,6,222
1248,2,222,5000
6,1248,5000,2
222,6,2,416
5000,222,416,19
2,5000,19,22
416,2,22,531
19,416,531,2278
22,19,2278,6
531,22,6,265
2278,531,265,487
6,2278,487,200
265,6,200,7
487,265,7,39
200,487,39,1369
7,200,1369,636
39,7,636,1079
1369,39,1079,891
636,1369,891,651
1079,636,651,2
891,1079,2,51694
651,891,51694,255
2,651,255,30395
51694,2,30395,36
255,51694,36,2
30395,255,2,6162
36,30395,6162,17905
2,36,17905,7
6162,2,7,117
17905,6162,117,866
7,17905,866,457
117,7,457,2893
866,117,2893,2
457,866,2,837
2893,457,837,3
2,2893,3,202
837,2,202,36
3,837,36,10
202,3,10,2576
36,202,2576,7
10,36,7,32
2576,10,32,2906
7,2576,2906,287
32,7,287,36
2906,32,36,183
287,2906,183,4785
36,287,4785,629
183,36,629,8
4785,183,8,71
629,4785,71,1341
8,629,1341,171
71,8,171,135
1341,71,135,91836
171,1341,91836,5
135,171,5,104
91836,135,104,194
5,91836,194,34
104,5,34,17
194,104,17,3336
34,194,3336,46
17,34,46,36
3336,17,36,154
46,3336,154,349
36,46,349,3
154,36,3,118
349,154,118,3336
3,349,3336,46
118,3,46,126
3336,118,126,2
46,3336,2,795
126,46,795,106
2,126,106,7
795,2,7,1162
106,795,1162,46
7,106,46,4
1162,7,4,6
46,1162,6,90
4,46,90,187
6,4,187,126
90,6,126,932
187,90,932,417
126,187,417,80
932,126,80,870
417,932,870,3
80,417,3,113
870,80,113,37
