22,9,4920,5
13520,22,5,49
4920,13520,49,356
5,4920,356,11
49,5,11,14
356,49,14,7854
11,356,7854,4
14,11,4,59
7854,14,59,145
4,7854,145,2269
59,4,2269,32
145,59,32,2
2269,145,2,2
32,2269,2,1228
2,32,1228,5
2,2,5,492
1228,2,492,11
5,1228,11,2269
492,5,2269,9
11,492,9,1567
2269,11,1567,209
9,2269,209,8
1567,9,8,2
209,1567,2,565
8,209,565,94
2,8,94,9
565,2,9,63
94,565,63,7
9,94,7,2
63,9,2,1408
7,63,1408,6
2,7,6,4
1408,2,4,5
6,1408,5,74577
4,6,74577,4
5,4,4,1291
74577,5,1291,11015
4,74577,11015,285
1291,4,285,4
11015,1291,4,285
285,11015,285,4
4,285,4,2271
285,4,2271,7475
4,285,7475,4
2271,4,4,3
7475,2271,3,7
4,7475,7,149
3,4,149,3
7,3,3,329
149,7,329,103
3,149,103,628
329,3,628,122
103,329,122,68
628,103,68,1340
122,628,1340,22134
68,122,22134,1169
1340,68,1169,194
22134,1340,194,3
1169,22134,3,16
194,1169,16,3
3,194,3,332
16,3,332,10
3,16,10,831
332,3,831,9
10,332,9,98
831,10,98,2271
9,831,2271,3
98,9,3,514
2271,98,514,2
3,2271,2,6895
514,3,6895,3
2,514,3,6055
6895,2,6055,7475
3,6895,7475,29
6055,3,29,613
7475,6055,613,59
29,7475,59,17056
613,29,17056,161
59,613,161,521
17056,59,521,94
161,17056,94,11
521,161,11,17867
94,521,17867,11
11,94,11,2599
17867,11,2599,2
11,17867,2,194
2599,11,194,3
2,2599,3,145
194,2,145,8
3,194,8,1498
145,3,1498,3
8,145,3,910
1498,8,910,5
3,1498,5,3594
910,3,3594,5898
5,910,5898,5
3594,5,5,22
5898,3594,22,1467
5,5898,1467,46
22,5,46,1379
1467,22,1379,89
46,1467,89,62
1379,46,62,11
89,1379,11,943
62,89,943,3
11,62,3,179
943,11,179,15
3,943,15,1450
179,3,1450,8
15,179,8,1108
1450,15,1108,1055
8,1450,1055,1022
1108,8,1022,95
1055,1108,95,1450
1022,1055,1450,8
95,1022,8,13
1450,95,13,3
8,1450,3,17
13,8,17,4737
3,13,4737,15
17,3,15,3
4737,17,3,862
15,4737,862,1961
3,15,1961,1836
862,3,1836,309
1961,862,309,9
1836,1961,9,482
309,1836,482,11
9,309,11,331
482,9,331,32
11,482,32,9
331,11,9,600
32,331,600,3
9,32,3,137
600,9,137,3483
3,600,3483,5
137,3,5,95
3483,137,95,2506
5,3483,2506,2818
95,5,2818,1800
2506,95,1800,7475
2818,2506,7475,331
1800,2818,331,145
7475,1800,145,62
331,7475,62,11
145,331,11,245
62,145,245,1368
11,62,1368,3
245,11,3,192
1368,245,192,711
3,1368,711,2
192,3,2,1615
711,192,1615,2
2,711,2,2694
1615,2,2694,94
2,1615,94,4
2694,2,4,11
94,2694,11,331
4,94,331,32
11,4,32,3
331,11,3,3006
32,331,3006,62
3,32,62,11
3006,3,11,165
62,3006,165,1050
11,62,1050,1313
165,11,1313,2
1050,165,2,3945
1313,1050,3945,94
2,1313,94,1373
3945,2,1373,954
94,3945,954,79
1373,94,79,49
954,1373,49,1433
79,954,1433,52
49,79,52,145
1433,49,145,4
52,1433,4,32
145,52,32,50
4,145,50,10474
32,4,10474,128
50,32,128,330
10474,50,330,74
128,10474,74,3662
330,128,3662,5
74,330,5,70
3662,74,70,45
5,3662,45,7475
70,5,7475,14
45,70,14,72842
7475,45,72842,977
14,7475,977,1568
72842,14,1568,81
977,72842,81,102
1568,977,102,332
81,1568,332,57
102,81,57,962
332,102,962,330
57,332,330,88
962,57,88,4174
330,962,4174,917
88,330,917,324
4174,88,324,2
917,4174,2,2
324,917,2,284
2,324,284,5
2,2,5,49
284,2,49,1093
5,284,1093,93167
49,5,93167,230
1093,49,230,17
93167,1093,17,206
230,93167,206,37
17,230,37,9226
206,17,9226,168
37,206,168,185
9226,37,185,1629
168,9226,1629,5
185,168,5,330
1629,185,330,15305
5,1629,15305,12508
330,5,12508,928
15305,330,928,145
12508,15305,145,4
928,12508,4,32
145,928,32,1607
4,145,1607,61
32,4,61,3
1607,32,3,7475
61,1607,7475,868
3,61,868,928
7475,3,928,10
868,7475,10,14
928,868,14,196
10,928,196,500
14,10,500,6
196,14,6,44
500,196,44,4
6,500,4,196
44,6,196,500
4,44,500,6
196,4,6,69
500,196,69,1455
6,500,1455,3
69,6,3,2855
1455,69,2855,25
3,1455,25,136
2855,3,136,694
25,2855,694,12
136,25,12,118
694,136,118,1758
12,694,1758,12
118,12,12,1334
1758,118,1334,5
12,1758,5,376
1334,12,376,32
5,1334,32,6251
376,5,6251,101
32,376,101,65
6251,32,65,145
101,6251,145,154
65,101,154,257
145,65,257,85
154,145,85,11
257,154,11,110
85,257,110,3
11,85,3,17
110,11,17,424
3,110,424,3
17,3,3,477
424,17,477,1248
3,424,1248,5
477,3,5,376
1248,477,376,145
5,1248,145,100
376,5,100,648
145,376,648,34
100,145,34,17
648,100,17,2
34,648,2,1067
17,34,1067,2092
2,17,2092,3
1067,2,3,5546
2092,1067,5546,65
3,2092,65,32
5546,3,32,11
65,5546,11,7
32,65,7,6
11,32,6,22
7,11,22,83
6,7,83,357
22,6,357,2270
83,22,2270,24998
357,83,24998,2
2270,357,2,1408
24998,2270,1408,3386
2,24998,3386,12
1408,2,12,238
3386,1408,238,188
12,3386,188,918
238,12,918,94
188,238,94,3
918,188,3,123
94,918,123,2
3,94,2,21354
123,3,21354,32
2,123,32,1019
21354,2,1019,14
32,21354,14,41
1019,32,41,2084
14,1019,2084,110
41,14,110,74
2084,41,74,49
110,2084,49,418
74,110,418,5
49,74,5,5688
418,49,5688,4
5,418,4,9752
5688,5,9752,24
4,5688,24,22
9752,4,22,289
24,9752,289,139
22,24,139,5
289,22,5,2682
139,289,2682,145
5,139,145,14
2682,5,14,2
145,2682,2,1067
14,145,1067,5
2,14,5,2
1067,2,2,104880
5,1067,104880,1724
2,5,1724,9
104880,2,9,76
1724,104880,76,6401
9,1724,6401,968
76,9,968,6
6401,76,6,1012
968,6401,1012,19
6,968,19,60
1012,6,60,3
19,1012,3,4
60,19,4,7475
3,60,7475,2283
4,3,2283,3
7475,4,3,2848
2283,7475,2848,954
3,2283,954,5
2848,3,5,69
954,2848,69,161
5,954,161,94
69,5,94,819
161,69,819,73
94,161,73,26
819,94,26,100
73,819,100,1968
26,73,1968,11371
100,26,11371,56
1968,100,56,5
11371,1968,5,38
56,11371,38,213
5,56,213,2
38,5,2,194
213,38,194,37
2,213,37,32
194,2,32,125
37,194,125,12036
32,37,12036,2
125,32,2,16467
12036,125,16467,3825
2,12036,3825,411
16467,2,411,24
3825,16467,24,145
411,3825,145,53
24,411,53,21
145,24,21,2
53,145,2,44
21,53,44,8
2,21,8,801
44,2,801,19
8,44,19,59
801,8,59,7
19,801,7,353
59,19,353,21
7,59,21,331
353,7,331,3
21,353,3,167
331,21,167,49
3,331,49,12
167,3,12,8
49,167,8,139
12,49,139,4
8,12,4,7
139,8,7,18
4,139,18,15429
7,4,15429,24
18,7,24,377
15429,18,377,8
24,15429,8,4
377,24,4,7
8,377,7,34
4,8,34,218
7,4,218,3
34,7,3,5917
218,34,5917,24
3,218,24,377
5917,3,377,8
24,5917,8,4
377,24,4,59
8,377,59,7475
4,8,7475,331
59,4,331,32
7475,59,32,52
331,7475,52,11
32,331,11,697
52,32,697,373
11,52,373,3
697,11,3,1643
373,697,1643,4
3,373,4,1992
1643,3,1992,3982
4,1643,3982,2620
1992,4,2620,24
3982,1992,24,145
2620,3982,145,69
24,2620,69,32
145,24,32,72
69,145,72,8900
32,69,8900,2
72,32,2,1067
8900,72,1067,15
2,8900,15,4
1067,2,4,13046
15,1067,13046,11
4,15,11,2792
13046,4,2792,149
11,13046,149,23
2792,11,23,1707
149,2792,1707,1107
23,149,1107,4
1707,23,4,140
1107,1707,140,551
4,1107,551,411
140,4,411,64
551,140,64,10
411,551,10,14
64,411,14,2
10,64,2,131
14,10,131,14572
2,14,14572,64
131,2,64,764
14572,131,764,29
64,14572,29,15
764,64,15,76
29,764,76,14075
15,29,14075,4996
76,15,4996,4
14075,76,4,10
4996,14075,10,1337
4,4996,1337,2
10,4,2,1037
1337,10,1037,1036
2,1337,1036,9
1037,2,9,536
1036,1037,536,57
9,1036,57,94
536,9,94,36
57,536,36,9
94,57,9,11003
36,94,11003,5
9,36,5,2210
11003,9,2210,54
5,11003,54,465
2210,5,465,16
54,2210,16,912
465,54,912,183
16,465,183,7
912,16,7,113
183,912,113,8
7,183,8,145
113,7,145,4
8,113,4,32
145,8,32,18
4,145,18,280
32,4,280,139
18,32,139,15
280,18,15,332
139,280,332,57
15,139,57,29
332,15,29,7
57,332,7,68
29,57,68,113
7,29,113,8
68,7,8,1343
113,68,1343,145
8,113,145,1183
1343,8,1183,32
145,1343,32,245
1183,145,245,14
32,1183,14,3
245,32,3,431
14,245,431,15
3,14,15,332
431,3,332,57
15,431,57,4
332,15,4,23
57,332,23,117
4,57,117,5
23,4,5,44
117,23,44,640
5,117,640,106019
44,5,106019,5
640,44,5,12880
106019,640,12880,1343
5,106019,1343,25
12880,5,25,30
1343,12880,30,820
25,1343,820,5056
30,25,5056,18350
820,30,18350,5
5056,820,5,185
18350,5056,185,145
5,18350,145,4
185,5,4,32
145,185,32,16
4,145,16,48
32,4,48,30
16,32,30,380
48,16,380,295
30,48,295,46
380,30,46,103
295,380,103,3945
46,295,3945,94
103,46,94,102
3945,103,102,2
94,3945,2,5993
102,94,5993,5
2,102,5,26727
5993,2,26727,8
5,5993,8,16
26727,5,16,165
8,26727,165,3050
16,8,3050,4
165,16,4,165
3050,165,165,6
4,3050,6,237
165,4,237,74
6,165,74,12
237,6,12,57
74,237,57,504
12,74,504,5
57,12,5,376
504,57,376,791
5,504,791,81
376,5,81,2625
791,376,2625,4
81,791,4,2
2625,81,2,7
4,2625,7,31166
2,4,31166,4
7,2,4,66896
31166,7,66896,7
4,31166,7,353
66896,4,353,118
7,66896,118,2
353,7,2,334
118,353,334,35889
2,118,35889,29
334,2,29,53
35889,334,53,2
29,35889,2,856
53,29,856,1304
2,53,1304,5
856,2,5,26522
1304,856,26522,1175
5,1304,1175,7
26522,5,7,6854
1175,26522,6854,12
7,1175,12,161
6854,7,161,8
12,6854,8,7
161,12,7,183
8,161,183,2486
7,8,2486,2184
183,7,2184,30
2486,183,30,48
2184,2486,48,3606
30,2184,3606,6
48,30,6,67
3606,48,67,804
6,3606,804,59
67,6,59,30
804,67,30,147
59,804,147,3
30,59,3,178
147,30,178,81
3,147,81,59
178,3,59,26
81,178,26,44
59,81,44,8
26,59,8,26
44,26,26,34
8,44,34,319
26,8,319,43
34,26,43,1106
319,34,1106,24
43,319,24,837
1106,43,837,4
24,1106,4,10
837,24,10,21
4,837,21,72
10,4,72,180
21,10,180,8
72,21,8,488
180,72,488,10
8,180,10,2
488,8,2,7
10,488,7,3895
2,10,3895,5
7,2,5,1015
3895,7,1015,2434
5,3895,2434,3
1015,5,3,4278
2434,1015,4278,79
3,2434,79,4461
4278,3,4461,21406
79,4278,21406,175
4461,79,175,94
21406,4461,94,15
175,21406,15,2
94,175,2,99993
15,94,99993,99959
2,15,99959,194
99993,2,194,269
99959,99993,269,32
194,99959,32,33
269,194,33,380
32,269,380,146
33,32,146,10
380,33,10,314
146,380,314,59
10,146,59,33
314,10,33,234
59,314,234,23
33,59,23,387
234,33,387,145
23,234,145,33
387,23,33,25
145,387,25,21
33,145,21,137
25,33,137,2
21,25,2,63
137,21,63,29
2,137,29,25
63,2,25,33
29,63,33,137
25,29,137,174
33,25,174,25
137,33,25,33
174,137,33,137
25,174,137,2
33,25,2,823
137,33,823,63
2,137,63,40
823,2,40,33
63,823,33,143
40,63,143,97
33,40,97,19
143,33,19,424
97,143,424,3
19,97,3,1306
424,19,1306,387
3,424,387,145
1306,3,145,2
387,1306,2,112
145,387,112,438
2,145,438,2151
112,2,2151,53
438,112,53,64
2151,438,64,282
53,2151,282,416
64,53,416,5
282,64,5,135
416,282,135,97
5,416,97,2486
135,5,2486,478
97,135,478,9
2486,97,9,2
478,2486,2,143
9,478,143,725
2,9,725,102
143,2,102,5320
725,143,5320,7083
102,725,7083,5
5320,102,5,15233
7083,5320,15233,58
5,7083,58,65
15233,5,65,20
58,15233,20,194
65,58,194,105
20,65,105,3209
194,20,3209,5
105,194,5,11804
3209,105,11804,1379
5,3209,1379,2625
11804,5,2625,4
1379,11804,4,2
2625,1379,2,52
4,2625,52,26
2,4,26,34
52,2,34,93
26,52,93,142
34,26,142,570
93,34,570,185
142,93,185,14
570,142,14,3479
185,570,3479,29
14,185,29,194
3479,14,194,50
29,3479,50,80
194,29,80,41
50,194,41,25
80,50,25,864
41,80,864,37
25,41,37,62
864,25,62,3
37,864,3,4525
62,37,4525,7161
3,62,7161,1719
4525,3,1719,726
7161,4525,726,107
1719,7161,107,3
726,1719,3,6859
107,726,6859,8
3,107,8,14021
6859,3,14021,7
8,6859,7,6033
14021,8,6033,145
7,14021,145,7216
6033,7,7216,12
145,6033,12,67
7216,145,67,1375
12,7216,1375,44
67,12,44,7
1375,67,7,113
44,1375,113,10
7,44,10,7
113,7,7,1372
10,113,1372,3
7,10,3,44
1372,7,44,30
3,1372,30,16
44,3,16,60
30,44,60,282
16,30,282,65
60,16,65,98
282,60,98,58
65,282,58,94
98,65,94,787
58,98,787,5942
94,58,5942,4
787,94,4,75
5942,787,75,2400
4,5942,2400,304
75,4,304,59
2400,75,59,7475
304,2400,7475,4
59,304,4,3
7475,59,3,28
4,7475,28,10554
3,4,10554,3
28,3,3,94
10554,28,94,7475
3,10554,7475,146
94,3,146,507
7475,94,507,3
146,7475,3,6024
507,146,6024,332
121,42,2340,12
21,121,12,15285
2340,21,15285,79
12,2340,79,423
15285,12,423,8
79,15285,8,11
423,79,11,13
8,423,13,533
11,8,533,6
13,11,6,69
533,13,69,11
6,533,11,28
16,70,9,2
11175,16,2,1308
9,11175,1308,5
2,9,5,1217
1308,2,1217,10292
5,1308,10292,231
1217,5,231,133
10292,1217,133,156
231,10292,156,2
133,231,2,95
156,133,95,8
2,156,8,18
95,2,18,16596
8,95,16596,2012
18,8,2012,15
16596,18,15,1241
2012,16596,1241,70
15,2012,70,4
1241,15,4,119
70,1241,119,1483
4,70,1483,1159
119,4,1159,37
1483,119,37,206
1159,1483,206,2744
37,1159,2744,581
206,37,581,13
2744,206,13,1959
581,2744,1959,2
13,581,2,39
1959,13,39,444
2,1959,444,401
39,2,401,16128
444,39,16128,39
401,444,39,199
16128,401,199,13
39,16128,13,19776
199,39,19776,7093
13,199,7093,5
19776,13,5,1866
7093,19776,1866,6982
5,7093,6982,28
1866,5,28,10
6982,1866,10,14
28,6982,14,253
10,28,253,53
14,10,53,40
253,14,40,17
53,253,17,1385
40,53,1385,1217
17,40,1217,10292
1385,17,10292,20
1217,1385,20,1308
10292,1217,1308,2
20,10292,2,1901
1308,20,1901,8
2,1308,8,70
1901,2,70,178
8,1901,178,2012
70,8,2012,264
178,70,264,255
2012,178,255,16
264,2012,16,2
255,264,2,556
16,255,556,2738
2,16,2738,29
556,2,29,472
2738,556,472,16
29,2738,16,32207
472,29,32207,5
16,472,5,2100
32207,16,2100,150
5,32207,150,255
27,15,9,2
251,27,2,3013
9,251,3013,1018
2,9,1018,12
3013,2,12,449
1018,3013,449,2406
12,1018,2406,143
449,12,143,35
2406,449,35,363
143,2406,363,5
35,143,5,226
363,35,226,88
5,363,88,21709
226,5,21709,797
88,226,797,4
21709,88,4,2964
797,21709,2964,39
4,797,39,1970
2964,4,1970,18
39,2964,18,303
1970,39,303,619
18,1970,619,1349
303,18,1349,1938
619,303,1938,5
1349,619,5,1449
1938,1349,1449,4
5,1938,4,398
1449,5,398,586
4,1449,586,1314
398,4,1314,3
586,398,3,3879
1314,586,3879,58
3,1314,58,1158
3879,3,1158,2
58,3879,2,3349
1158,58,3349,2
2,1158,2,6018
3349,2,6018,2
2,3349,2,1116
6018,2,1116,4
2,6018,4,106672
1116,2,106672,19396
4,1116,19396,745
106672,4,745,1472
19396,106672,1472,39
745,19396,39,2936
1472,745,2936,13
39,1472,13,228
2936,39,228,27
13,2936,27,1122
228,13,1122,1130
27,228,1130,4
1122,27,4,7335
1130,1122,7335,10
4,1130,10,3
7335,4,3,5206
10,7335,5206,4
3,10,4,3512
5206,3,3512,13149
4,5206,13149,12
3512,4,12,10
13149,3512,10,725
12,13149,725,1128
10,12,1128,39
725,10,39,249
1128,725,249,60
39,1128,60,13
249,39,13,28
60,249,28,27
13,60,27,354
28,13,354,7
27,28,7,41
354,27,41,2459
7,354,2459,693
41,7,693,15
2459,41,15,1114
693,2459,1114,151
15,693,151,4
1114,15,4,11962
151,1114,11962,5
4,151,5,197
11962,4,197,259
5,11962,259,13
197,5,13,228
259,197,228,27
13,259,27,1246
228,13,1246,15860
27,228,15860,122
1246,27,122,4734
15860,1246,4734,7294
122,15860,7294,1460
4734,122,1460,1964
7294,4734,1964,13
1460,7294,13,2440
1964,1460,2440,808
13,1964,808,8
2440,13,8,10
808,2440,10,7
8,808,7,3310
10,8,3310,3
7,10,3,2898
3310,7,2898,3
3,3310,3,27
2898,3,27,12
3,2898,12,338
27,3,338,152
12,27,152,2
338,12,2,2
152,338,2,25388
2,152,25388,1116
2,2,1116,87
25388,2,87,11
1116,25388,11,28
87,1116,28,95
11,87,95,16
28,11,16,64028
95,28,64028,57
16,95,57,18
64028,16,18,28
57,64028,28,27
18,57,27,1122
28,18,1122,1363
27,28,1363,2
1122,27,2,150
1363,1122,150,214
2,1363,214,447
150,2,447,20
214,150,20,7
447,214,7,21
20,447,21,503
7,20,503,3252
21,7,3252,340
503,21,340,20
3252,503,20,323
340,3252,323,1477
20,340,1477,13678
323,20,13678,1472
1477,323,1472,39
