7,3542,42,6
2113,7,6,2
42,2113,2,241
6,42,241,368
2,6,368,5
241,2,5,4297
368,241,4297,5745
5,368,5745,24
4297,5,24,20
5745,4297,20,151
24,5745,151,5937
20,24,5937,7630
151,20,7630,9077
5937,151,9077,4218
320,6,97,2411
5,320,2411,27
97,5,27,966
2411,97,966,15
27,2411,15,688
966,27,688,57
15,966,57,202
688,15,202,77486
57,688,77486,27
202,57,27,1452
77486,202,1452,6
27,77486,6,197
1452,27,197,832
6,1452,832,12
197,6,12,429
832,197,429,3
12,832,3,966
429,12,966,15
3,429,15,22
966,3,22,97
15,966,97,775
22,15,775,195
97,22,195,3
775,97,3,5119
195,775,5119,56
3,195,56,38
5119,3,38,841
56,5119,841,4
38,56,4,358
841,38,358,202
4,841,202,2411
358,4,2411,805
202,358,805,5
2411,202,5,51
805,2411,51,7
5,805,7,253
51,5,253,3
7,51,3,17
253,7,17,2
3,253,2,6454
17,3,6454,7586
2,17,7586,838
6454,2,838,102
7586,6454,102,78
838,7586,78,55742
102,838,55742,61
78,102,61,14
55742,78,14,2
61,55742,2,432
14,61,432,518
2,14,518,15
432,2,15,111
518,432,111,681
15,518,681,457
111,15,457,688
681,111,688,103
457,681,103,1452
688,457,1452,231
103,688,231,353
1452,103,353,303
231,1452,303,23
353,231,23,58
303,353,58,150
23,303,150,369
58,23,369,6
150,58,6,2
369,150,2,1688
6,369,1688,5029
2,6,5029,19
1688,2,19,2044
5029,1688,2044,802
19,5029,802,5040
2044,19,5040,91824
802,2044,91824,5
5040,802,5,797
91824,5040,797,1021
5,91824,1021,4
797,5,4,10649
1021,797,10649,4053
4,1021,4053,231
10649,4,231,760
4053,10649,760,72
231,4053,72,405
760,231,405,43
72,760,43,1592
405,72,1592,2698
43,405,2698,1303
1592,43,1303,364
2698,1592,364,2
1303,2698,2,27
364,1303,27,17142
2,364,17142,6
27,2,6,2
17142,27,2,1002
6,17142,1002,25878
2,6,25878,4010
1002,2,4010,5437
25878,1002,5437,27
4010,25878,27,12
5437,4010,12,2
27,5437,2,17291
12,27,17291,487
2,12,487,843
17291,2,843,527
487,17291,527,8
843,487,8,599
527,843,599,27
8,527,27,7
599,8,7,2
27,599,2,1116
7,27,1116,4
2,7,4,6189
1116,2,6189,7
4,1116,7,8909
6189,4,8909,4
7,6189,4,3645
8909,7,3645,5
4,8909,5,202
3645,4,202,5714
5,3645,5714,202
202,5,202,95956
5714,202,95956,2229
202,5714,2229,168
95956,202,168,142
2229,95956,142,1224
168,2229,1224,4482
142,168,4482,2
1224,142,2,152
4482,1224,152,14252
2,4482,14252,5
152,2,5,36
14252,152,36,25
5,14252,25,41655
36,5,41655,326
25,36,326,2346
41655,25,2346,1564
326,41655,1564,168
2346,326,168,202
1564,2346,202,59
168,1564,59,11
202,168,11,510
59,202,510,128
11,59,128,153
510,11,153,8
128,510,8,11
153,128,11,14
8,153,14,21
11,8,21,321
14,11,321,990
21,14,990,3
321,21,3,1818
990,321,1818,39
3,990,39,249
1818,3,249,2275
39,1818,2275,2
249,39,2,202
2275,249,202,97099
2,2275,97099,110
202,2,110,3
97099,202,3,123
110,97099,123,41
3,110,41,65
123,3,65,2
41,123,2,153
65,41,153,72
2,65,72,3
153,2,3,4101
72,153,4101,4
3,72,4,5926
4101,3,5926,20
4,4101,20,97
5926,4,97,688
20,5926,688,134
97,20,134,444
688,97,444,401
134,688,401,1269
444,134,1269,6
401,444,6,2
1269,401,2,558
6,1269,558,244
2,6,244,407
558,2,407,52
244,558,52,30
407,244,30,72
52,407,72,3638
30,52,3638,50
72,30,50,3838
3638,72,3838,261
50,3638,261,340
3838,50,340,6664
261,3838,6664,140
340,261,140,149
6664,340,149,17
140,6664,17,23
149,140,23,68542
17,149,68542,6
23,17,6,848
68542,23,848,4
6,68542,4,8
848,6,8,635
4,848,635,155
8,4,155,149
635,8,149,9
155,635,9,103572
149,155,103572,134
9,149,134,523
103572,9,523,8
134,103572,8,11
523,134,11,115
8,523,115,21
11,8,21,245
115,11,245,116
21,115,116,27
245,21,27,26
116,245,26,1118
27,116,1118,3770
26,27,3770,6
1118,26,6,59
3770,1118,59,688
6,3770,688,866
59,6,866,12
688,59,12,1491
866,688,1491,690
12,866,690,127
1491,12,127,1813
690,1491,1813,103
127,690,103,471
1813,127,471,68
103,1813,68,957
471,103,957,12
68,471,12,951
957,68,951,6
12,957,6,79808
951,12,79808,28
6,951,28,518
79808,6,518,7
28,79808,7,6
518,28,6,177
7,518,177,2
6,7,2,41583
177,6,41583,1755
2,177,1755,11
41583,2,11,134
1755,41583,134,523
11,1755,523,442
134,11,442,8
523,134,8,11
442,523,11,115
8,442,115,21
11,8,21,913
115,11,913,11
21,115,11,34
913,21,34,160
11,913,160,27
34,11,27,634
160,34,634,12
27,160,12,188
634,27,188,323
12,634,323,120
188,12,120,26
323,188,26,2167
120,323,2167,29
26,120,29,11
2167,26,11,14
29,2167,14,27
11,29,27,904
14,11,904,4
27,14,4,688
904,27,688,904
4,904,904,5
688,4,5,97
904,688,97,3
5,904,3,179
97,5,179,570
3,97,570,20
179,3,20,35937
570,179,35937,7
20,570,7,2
35937,20,2,33591
7,35937,33591,97
2,7,97,688
33591,2,688,28
97,33591,28,53
688,97,53,7
28,688,7,968
53,28,968,9
7,53,9,382
968,7,382,188
9,968,188,1794
382,9,1794,6
188,382,6,20
1794,188,20,97
6,1794,97,30
20,6,30,154
97,20,154,24
30,97,24,382
154,30,382,904
24,154,904,5
382,24,5,97
904,382,97,934
5,904,934,164
97,5,164,7
934,97,7,3
164,934,3,5926
7,164,5926,1193
3,7,1193,904
5926,3,904,5
1193,5926,5,97
904,1193,97,231
5,904,231,677
97,5,677,1291
231,97,1291,25
677,231,25,30
1291,677,30,55
25,1291,55,155
30,25,155,845
55,30,845,43042
155,55,43042,2254
845,155,2254,210
43042,845,210,688
2254,43042,688,9
210,2254,9,21
688,210,21,4497
9,688,4497,22
21,9,22,69
4497,21,69,29
22,4497,29,11
69,22,11,1266
29,69,1266,2
11,29,2,41
1266,11,41,12478
2,1266,12478,1152
41,2,1152,6
12478,41,6,4
1152,12478,4,407
6,1152,407,15
4,6,15,421
407,4,421,200
15,407,200,86827
421,15,86827,18
200,421,18,2
86827,200,2,182
18,86827,182,5
2,18,5,1036
182,2,1036,9
5,182,9,457
1036,5,457,4
9,1036,4,7
457,9,7,113
4,457,113,30
7,4,30,16
113,7,16,110
30,113,110,3
16,30,3,18
110,16,18,2
3,110,2,131
18,3,131,201
2,18,201,518
131,2,518,27
201,131,27,17782
518,201,17782,52
27,518,52,11
17782,27,11,761
52,17782,761,688
11,52,688,3
761,11,3,848
688,761,848,6
3,688,6,368
848,3,368,4
6,848,4,1064
368,6,1064,89
4,368,89,27
1064,4,27,411
89,1064,411,7
27,89,7,25
411,27,25,113
7,411,113,848
25,7,848,79
113,25,79,368
848,113,368,7
79,848,7,101
368,79,101,357
7,368,357,7
101,7,7,113
357,101,113,11
7,357,11,552
113,7,552,20
11,113,20,97
552,11,97,11
20,552,11,552
97,20,552,20
11,97,20,133
552,11,133,4
20,552,4,11
133,20,11,14
4,133,14,3
11,4,3,137
14,11,137,271
3,14,271,201
137,3,201,36828
271,137,36828,7
201,271,7,68
36828,201,68,761
7,36828,761,3
68,7,3,966
761,68,966,15
3,761,15,111
966,3,111,202
15,966,202,792
111,15,792,504
202,111,504,408
792,202,408,195
504,792,195,2794
408,504,2794,2086
195,408,2086,8505
2794,195,8505,4
2086,2794,4,408
8505,2086,408,6225
4,8505,6225,2501
408,4,2501,11185
6225,408,11185,15460
2501,6225,15460,18
11185,2501,18,1064
15460,11185,1064,27
18,15460,27,111
1064,18,111,58
27,1064,58,724
111,27,724,4856
58,111,4856,9393
724,58,9393,16197
4856,724,16197,2779
9393,4856,2779,20723
16197,9393,20723,9988
2779,16197,9988,202
20723,2779,202,565
9988,20723,565,6
202,9988,6,233
565,202,233,13
6,565,13,21
233,6,21,73
13,233,73,688
21,13,688,11
73,21,11,44
688,73,44,11
11,688,11,14
44,11,14,3
11,44,3,966
14,11,966,15
3,14,15,27
966,3,27,126
15,966,126,11
27,15,11,96
126,27,96,8
11,126,8,53201
96,11,53201,34
8,96,34,140
53201,8,140,966
34,53201,966,15
140,34,15,265
966,140,265,202
15,966,202,195
265,15,195,1948
202,265,1948,688
195,202,688,265
1948,195,265,408
688,1948,408,195
265,688,195,2488
408,265,2488,1325
195,408,1325,4555
2488,195,4555,946
1325,2488,946,510
4555,1325,510,22
946,4555,22,144
510,946,144,9
22,510,9,27
144,22,27,75
9,144,75,94
27,9,94,4171
75,27,4171,592
94,75,592,6
4171,94,6,132
592,4171,132,1316
6,592,1316,289
132,6,289,8
1316,132,8,146
289,1316,146,22
8,289,22,499
146,8,499,2
22,146,2,15072
499,22,15072,34652
2,499,34652,113
15072,2,113,88
34652,15072,88,5
113,34652,5,67
88,113,67,232
5,88,232,178
67,5,178,8
232,67,8,11
178,232,11,517
8,178,517,499
11,8,499,9507
517,11,9507,107
499,517,107,11
9507,499,11,295
107,9507,295,41
11,107,41,106
295,11,106,65
41,295,65,2090
106,41,2090,765
65,106,765,1325
2090,65,1325,134
765,2090,134,523
1325,765,523,298
134,1325,298,4
523,134,4,30
298,523,30,1036
4,298,1036,926
30,4,926,5
1036,30,5,58
926,1036,58,289
5,926,289,114
58,5,114,409
289,58,409,133
116,33,25,91
26,116,91,12357
25,26,12357,74
91,25,74,53
12357,91,53,26
74,12357,26,91
53,74,91,13601
26,53,13601,198
91,26,198,45
13601,91,45,573
198,13601,573,27
45,198,27,28
573,45,28,540
27,573,540,12
28,27,12,2234
540,28,2234,20
12,540,20,153
2234,12,153,15
20,2234,15,575
153,20,575,6138
15,153,6138,12357
575,15,12357,2
6138,575,2,2034
12357,6138,2034,5
2,12357,5,2458
2034,2,2458,6
5,2034,6,54
2458,5,54,538
6,2458,538,7
54,6,7,6365
538,54,6365,74
7,538,74,322
6365,7,322,5
74,6365,5,4
322,74,4,24925
5,322,24925,2298
4,5,2298,3
24925,4,3,16071
2298,24925,16071,10387
3,2298,10387,7
16071,3,7,9796
10387,16071,9796,1013
7,10387,1013,15
9796,7,15,8
1013,9796,8,27
15,1013,27,28
8,15,28,11
27,8,11,28
28,27,28,11
11,28,11,40
28,11,40,1428
11,28,1428,611
40,11,611,142
1428,40,142,7184
611,1428,7184,4
142,611,4,571
7184,142,571,72020
4,7184,72020,931
571,4,931,438
72020,571,438,1398
931,72020,1398,173
438,931,173,405
1398,438,405,27
173,1398,27,6
405,173,6,759
27,405,759,2356
6,27,2356,356
759,6,356,150
2356,759,150,199
356,2356,199,533
150,356,533,1986
199,150,1986,877
533,199,877,3
1986,533,3,44
877,1986,44,229
3,877,229,11
44,3,11,100
229,44,100,950
11,229,950,12357
100,11,12357,171
950,100,171,4
12357,950,4,1510
171,12357,1510,12
4,171,12,183
1510,4,183,30890
12,1510,30890,21
183,12,21,42
30890,183,42,31
21,30890,31,7
42,21,7,280
31,42,280,273
7,31,273,12
280,7,12,1222
273,280,1222,1809
12,273,1809,51
1222,12,51,30
1809,1222,30,219
51,1809,219,110
30,51,110,3
219,30,3,25
110,219,25,4
3,110,4,51
25,3,51,30
4,25,30,219
51,4,219,21
30,51,21,110
219,30,110,3
21,219,3,25
110,21,25,931
3,110,931,2068
25,3,2068,819
931,25,819,3
2068,931,3,1248
819,2068,1248,544
3,819,544,300
1248,3,300,8
544,1248,8,50
300,544,50,533
8,300,533,2
50,8,2,144
533,50,144,9
2,533,9,2
144,2,2,43
9,144,43,92
2,9,92,13979
43,2,13979,5
92,43,5,449
13979,92,449,254
5,13979,254,11
449,5,11,14
254,449,14,2
11,254,2,2554
14,11,2554,9
2,14,9,1059
2554,2,1059,541
9,2554,541,79
1059,9,79,133
541,1059,133,24
79,541,24,107847
133,79,107847,604
24,133,604,1059
107847,24,1059,16
604,107847,16,110
1059,604,110,3
16,1059,3,483
110,16,483,6366
3,110,6366,79
483,3,79,20
6366,483,20,133
79,6366,133,30
20,79,30,25
133,20,25,116
30,133,116,52
25,30,52,26
116,25,26,219
52,116,219,293
26,52,293,30
219,26,30,25
293,219,25,116
30,293,116,52
25,30,52,10
116,25,10,2
52,116,2,11864
10,52,11864,2078
2,10,2078,27
11864,2,27,28
2078,11864,28,4
27,2078,4,7
28,27,7,2289
4,28,2289,14
7,4,14,2
2289,7,2,2554
14,2289,2554,4
2,14,4,57
2554,2,57,833
4,2554,833,4
57,4,4,50110
833,57,50110,1143
4,833,1143,39
50110,4,39,249
1143,50110,249,9532
39,1143,9532,4618
249,39,4618,68
9532,249,68,653
4618,9532,653,9
68,4618,9,2
653,68,2,348
9,653,348,3
2,9,3,2349
348,2,2349,1777
3,348,1777,23
2349,3,23,43
1777,2349,43,39338
23,1777,39338,25
43,23,25,14
39338,43,14,3
25,39338,3,349
14,25,349,3009
3,14,3009,7
349,3,7,14
3009,349,14,3
7,3009,3,26586
14,7,26586,3009
3,14,3009,11
26586,3,11,28
3009,26586,28,261
11,3009,261,51
28,11,51,11
261,28,11,228
51,261,228,571
11,51,571,705
228,11,705,11
571,228,11,1289
705,571,1289,8
11,705,8,33
1289,11,33,219
8,1289,219,110
33,8,110,3
219,33,3,137
110,219,137,760
3,110,760,541
137,3,541,83
760,137,83,48
541,760,48,74
83,541,74,39
48,83,39,249
74,48,249,312
39,74,312,4
249,39,4,61070
312,249,61070,2
4,312,2,1270
61070,4,1270,1395
2,61070,1395,68
1270,2,68,596
1395,1270,596,15
68,1395,15,1973
596,68,1973,3904
15,596,3904,5
1973,15,5,95
3904,1973,95,15
5,3904,15,88
95,5,88,595
15,95,595,5
88,15,5,4668
595,88,4668,455
5,595,455,23052
4668,5,23052,121
455,4668,121,2349
23052,455,2349,476
121,23052,476,3009
2349,121,3009,933
476,2349,933,391
3009,476,391,33
933,3009,33,116
391,933,116,5493
33,391,5493,456
116,33,456,120
5493,116,120,53
456,5493,53,7
120,456,7,2
53,120,2,182
7,53,182,5
2,7,5,10375
182,2,10375,110
5,182,110,12
10375,5,12,931
110,10375,931,28
12,110,28,4768
931,12,4768,8
28,931,8,10
4768,28,10,77
8,4768,77,633
10,8,633,21293
77,10,21293,61
633,77,61,43
21293,633,43,625
61,21293,625,53613
43,61,53613,31
625,43,31,13
53613,625,13,28
31,53613,28,11
13,31,11,3667
28,13,3667,51
11,28,51,11
3667,11,11,1050
51,3667,1050,2
11,51,2,2636
1050,11,2636,1041
2,1050,1041,705
2636,2,705,3
1041,2636,3,2074
705,1041,2074,467
3,705,467,35
2074,3,35,1435
467,2074,1435,19
35,467,19,2683
1435,35,2683,38
19,1435,38,649
2683,19,649,662
38,2683,662,14
649,38,14,2325
662,649,2325,12
14,662,12,8
2325,14,8,173
12,2325,173,75
8,12,75,63
173,8,63,617
75,173,617,71
63,75,71,28
617,63,28,156
71,617,156,2034
28,71,2034,16
156,28,16,25
2034,156,25,1357
16,2034,1357,184
25,16,184,3
1357,25,3,325
184,1357,325,215
3,184,215,81551
325,3,81551,25
215,325,25,245
81551,215,245,18
25,81551,18,1244
245,25,1244,5
18,245,5,3844
1244,18,3844,229
5,1244,229,10
3844,5,10,1041
229,3844,1041,36
10,229,36,21
1041,10,21,3
36,1041,3,123
21,36,123,81
3,21,81,56
123,3,56,931
81,123,931,28
56,81,28,540
931,56,540,30
28,931,30,147
540,28,147,3
30,540,3,93
147,30,93,2900
3,147,2900,5
93,3,5,38
2900,93,38,953
5,2900,953,3
38,5,3,5747
953,38,5747,246
3,953,246,24
5747,3,24,649
246,5747,649,229
24,246,229,30
649,24,30,123
229,649,123,662
30,229,662,36
123,30,36,229
662,123,229,30
36,662,30,2083
229,36,2083,662
30,229,662,31839
2083,30,31839,28
662,2083,28,1127
31839,662,1127,215
28,31839,215,163
1127,28,163,132
215,1127,132,2863
163,215,2863,282
132,163,282,52
2863,132,52,26
282,2863,26,773
52,282,773,995
26,52,995,15
773,26,15,43
995,773,43,722
15,995,722,559
43,15,559,89365
722,43,89365,14
559,722,14,68
89365,559,68,2325
14,89365,2325,540
68,14,540,37
2325,68,37,229
540,2325,229,11
37,540,11,40
229,37,40,950
11,229,950,4377
40,11,4377,45
950,40,45,12
4377,950,12,430
45,4377,430,790
12,45,790,590
430,12,590,24
790,430,24,6646
590,790,6646,2345
24,590,2345,3
6646,24,3,54
2345,6646,54,11
3,2345,11,411
54,3,411,52
11,54,52,2031
411,11,2031,7
52,411,7,12
2031,52,12,2
7,2031,2,790
12,7,790,590
2,12,590,4
790,2,4,4
590,790,4,1809
4,590,1809,5
4,4,5,35
1809,4,35,4
5,1809,4,30
35,5,30,116
4,35,116,10
30,4,10,4
116,30,4,1809
10,116,1809,5
4,10,5,35
1809,4,35,7
5,1809,7,40
35,5,40,319
7,35,319,81
40,7,81,351
319,40,351,1428
408,265,2488,1325
195,408,1325,510
2488,195,510,2
1325,2488,2,240
510,1325,240,1759
2,510,1759,3
240,2,3,3721
1759,240,3721,2
3,1759,2,342
3721,3,342,224
2,3721,224,8
342,2,8,40
224,342,40,3474
8,224,3474,1084
40,8,1084,102
3474,40,102,12611
1084,3474,12611,705
102,1084,705,54
12611,102,54,58
705,12611,58,619
54,705,619,28
58,54,28,253
619,58,253,40
28,619,40,17
253,28,17,106
40,253,106,12
17,40,12,429
106,17,429,40
12,106,40,1090
429,12,1090,63
40,429,63,71
1090,40,71,24
63,1090,24,4588
71,63,4588,1084
24,71,1084,375
4588,24,375,250
1084,4588,250,307
375,1084,307,378
250,375,378,6354
