2008,332,3409,8518
3,2008,8518,94
3409,3,94,3
8518,3409,3,38
94,8518,38,63240
3,94,63240,150
38,3,150,58
63240,38,58,424
150,63240,424,3
58,150,3,1194
424,58,1194,185
3,424,185,20
1194,3,20,66
185,1194,66,15281
20,185,15281,343
66,20,343,18
15281,66,18,247
343,15281,247,39
18,343,39,1919
247,18,1919,9
39,247,9,161
1919,39,161,94
9,1919,94,4
161,9,4,152
94,161,152,12
4,94,12,747
152,4,747,161
12,152,161,510
747,12,510,4
161,747,4,253
510,161,253,202
4,510,202,94
253,4,94,34
202,253,34,573
94,202,573,3
34,94,3,452
573,34,452,9
3,573,9,235
452,3,235,42
9,452,42,120
235,9,120,5822
42,235,5822,202
120,42,202,117
5822,120,117,10928
202,5822,10928,6171
117,202,6171,34
10928,117,34,514
6171,10928,514,49
34,6171,49,8253
514,34,8253,17560
49,514,17560,4
8253,49,4,95761
17560,8253,95761,239
4,17560,239,53
95761,4,53,18
239,95761,18,47
53,239,47,23
18,53,23,275
47,18,275,2
23,47,2,1168
275,23,1168,382
2,275,382,6011
1168,2,6011,251
382,1168,251,170
6011,382,170,1001
251,6011,1001,4
170,251,4,52
1001,170,52,10
4,1001,10,488
52,4,488,73
10,52,73,53
488,10,53,47
73,488,47,2
53,73,2,182
47,53,182,5
2,47,5,6011
182,2,6011,251
5,182,251,20
6011,5,20,66
251,6011,66,928
20,251,928,8
66,20,8,87
928,66,87,53
8,928,53,2
87,8,2,182
53,87,182,5
2,53,5,6011
182,2,6011,9
5,182,9,15224
6011,5,15224,94
9,6011,94,6
15224,9,6,156
94,15224,156,2
6,94,2,4053
156,6,4053,662
2,156,662,382
4053,2,382,343
662,4053,343,800
382,662,800,2
343,382,2,600
800,343,600,3
2,800,3,666
600,2,666,3
3,600,3,4
666,3,4,3360
3,666,3360,583
4,3,583,15
3360,4,15,465
583,3360,465,334
15,583,334,1253
465,15,1253,36
334,465,36,1853
1253,334,1853,83355
36,1253,83355,18
1853,36,18,2
83355,1853,2,17291
18,83355,17291,24
2,18,24,958
17291,2,958,56
24,17291,56,28
958,24,28,1927
56,958,1927,452
28,56,452,202
1927,28,202,1584
452,1927,1584,2067
202,452,2067,21147
1584,202,21147,53
2067,1584,53,64
21147,2067,64,57
53,21147,57,236
64,53,236,104
57,64,104,94
236,57,94,55
104,236,55,155
94,104,155,120
55,94,120,26
155,55,26,34
120,155,34,137
26,120,137,152
34,26,152,6595
137,34,6595,3
152,137,3,42
6595,152,42,1880
3,6595,1880,8
42,3,8,1497
1880,42,1497,1030
8,1880,1030,26
1497,8,26,40
1030,1497,40,18
26,1030,18,1704
40,26,1704,1968
18,40,1968,15
1704,18,15,104
1968,1704,104,359
15,1968,359,5
104,15,5,343
359,104,343,10
5,359,10,2
343,5,2,131
10,343,131,762
2,10,762,1760
131,2,1760,3
762,131,3,2025
1760,762,2025,4
3,1760,4,3
2025,3,3,80
4,2025,80,17
3,4,17,73995
80,3,73995,6
17,80,6,452
73995,17,452,82
6,73995,82,2
452,6,2,35
82,452,35,120
2,82,120,202
35,2,202,114
120,35,114,2340
202,120,2340,12
114,202,12,518
2340,114,518,38
12,2340,38,94
518,12,94,341
38,518,341,4
94,38,4,465
341,94,465,82
4,341,82,1833
465,4,1833,150
82,465,150,769
1833,82,769,13
150,1833,13,68
769,150,68,47
13,769,47,2
68,13,2,9635
47,68,9635,9
2,47,9,35
9635,2,35,4
9,9635,4,556
35,9,556,95236
4,35,95236,7
556,4,7,2
95236,556,2,10790
7,95236,10790,5
2,7,5,104
10790,2,104,343
5,10790,343,229
104,5,229,10
343,104,10,556
229,343,556,826
10,229,826,97
556,10,97,35
826,556,35,97
97,826,97,69
35,97,69,4
97,35,4,114
69,97,114,21147
4,69,21147,28
114,4,28,87
21147,114,87,20
28,21147,20,276
87,28,276,6724
20,87,6724,924
276,20,924,3
6724,276,3,137
924,6724,137,104
3,924,104,94
137,3,94,4
104,137,4,595
94,104,595,94
4,94,94,12
595,4,12,183
94,595,183,695
12,94,695,142
183,12,142,3
695,183,3,142
142,695,142,3
3,142,3,995
142,3,995,1013
3,142,1013,62
995,3,62,332
1013,995,332,5
62,1013,5,81
332,62,81,40
5,332,40,1917
81,5,1917,2
40,81,2,994
1917,40,994,743
2,1917,743,104
994,2,104,16
743,994,16,2
104,743,2,3866
16,104,3866,107
2,16,107,9
3866,2,9,6724
107,3866,6724,3
9,107,3,8618
6724,9,8618,94
3,6724,94,12
8618,3,12,4
94,8618,4,452
12,94,452,695
4,12,695,31
452,4,31,1409
695,452,1409,14
31,695,14,17
1409,31,17,12
14,1409,12,108
17,14,108,96912
12,17,96912,150
108,12,150,2048
96912,108,2048,6011
150,96912,6011,251
2048,150,251,18
6011,2048,18,247
251,6011,247,39
18,251,39,185
247,18,185,4
39,247,4,2
185,39,2,107
4,185,107,9
2,4,9,2347
107,2,2347,31
9,107,31,18
2347,9,18,47
31,2347,47,502
18,31,502,2
47,18,2,136
502,47,136,769
2,502,769,3
136,2,3,1486
769,136,1486,38
3,769,38,2812
1486,3,2812,25
38,1486,25,26
2812,38,26,55
25,2812,55,1292
26,25,1292,96
55,26,96,10
1292,55,10,1939
96,1292,1939,185
10,96,185,695
1939,10,695,394
185,1939,394,20
695,185,20,9596
394,695,9596,182
20,394,182,5
9596,20,5,1780
182,9596,1780,6
5,182,6,662
1780,5,662,21
6,1780,21,320
662,6,320,827
21,662,827,189
320,21,189,1256
827,320,1256,1542
189,827,1542,36
1256,189,36,1025
1542,1256,1025,305
36,1542,305,26
1025,36,26,25
305,1025,25,18
26,305,18,131
25,26,131,422
18,25,422,320
131,18,320,7
422,131,7,150
320,422,150,202
7,320,202,1584
150,7,1584,9
202,150,9,14546
1584,202,14546,28
9,1584,28,8
14546,9,8,206
28,14546,206,6011
8,28,6011,251
206,8,251,16
6011,206,16,470
251,6011,470,12
16,251,12,4
470,16,4,453
12,470,453,2180
4,12,2180,6
453,4,6,107
2180,453,107,30
6,2180,30,18
107,6,18,388
30,107,388,14165
18,30,14165,662
388,18,662,34
14165,388,34,3212
662,14165,3212,17
34,662,17,23370
3212,34,23370,83
17,3212,83,75
23370,17,75,99
83,23370,99,281
75,83,281,35
99,75,35,106
281,99,106,341
35,281,341,235
106,35,235,66
341,106,66,29
235,341,29,375
66,235,375,140
29,66,140,52
375,29,52,94
140,375,94,16
52,140,16,458
94,52,458,3
16,94,3,93
458,16,93,1969
3,458,1969,126
93,3,126,185
1969,93,185,812
126,1969,812,16
185,126,16,110
812,185,110,3
16,812,3,555
110,16,555,61
3,110,61,38
555,3,38,9581
61,555,9581,14546
38,61,14546,1757
9581,38,1757,4423
14546,9581,4423,5
1757,14546,5,341
4423,1757,341,343
5,4423,343,6
341,5,6,914
343,341,914,76
6,343,76,94
914,6,94,3190
76,914,3190,3
94,76,3,573
3190,94,573,5
3,3190,5,3705
573,3,3705,2998
5,573,2998,21147
3705,5,21147,1093
2998,3705,1093,3
21147,2998,3,1542
1093,21147,1542,6683
3,1093,6683,1538
1542,3,1538,23
6683,1542,23,452
1538,6683,452,574
23,1538,574,2327
452,23,2327,20
574,452,20,268
2327,574,268,1001
20,2327,1001,2
268,20,2,42
1001,268,42,482
2,1001,482,122
42,2,122,11
482,42,11,383
122,482,383,8
11,122,8,6724
383,11,6724,13
8,383,13,47
6724,8,47,23381
13,6724,23381,19
47,13,19,22
23381,47,22,1800
19,23381,1800,260
22,19,260,1011
1800,22,1011,66
260,1800,66,99
1011,260,99,372
66,1011,372,6011
99,66,6011,251
372,99,251,726
6011,372,726,1267
251,6011,1267,498
726,251,498,1969
1267,726,1969,11
498,1267,11,39562
1969,498,39562,14
11,1969,14,718
39562,11,718,6164
14,39562,6164,75
718,14,75,8
6164,718,8,343
75,6164,343,28
8,75,28,21147
343,8,21147,2
28,343,2,159
21147,28,159,172
2,21147,172,619
159,2,619,3
172,159,3,636
619,172,636,4453
3,619,4453,10798
636,3,10798,9545
4453,636,9545,1256
10798,4453,1256,1542
9545,10798,1542,13
1256,9545,13,280
1542,1256,280,883
13,1542,883,40957
280,13,40957,68
883,280,68,1093
40957,883,1093,3
68,40957,3,159
1093,68,159,6622
3,1093,6622,1887
159,3,1887,2842
6622,159,2842,1560
1887,6622,1560,46
2842,1887,46,31
1560,2842,31,4071
46,1560,4071,149
31,46,149,23
4071,31,23,128
149,4071,128,205
23,149,205,452
128,23,452,3136
205,128,3136,44
452,205,44,1478
3136,452,1478,4
44,3136,4,13
1478,44,13,2
4,1478,2,273
13,4,273,787
2,13,787,620
273,2,620,49
787,273,49,968
620,787,968,46
49,620,46,4
968,49,4,159
46,968,159,598
4,46,598,636
159,4,636,1987
598,159,1987,2526
636,598,2526,46
1987,636,46,31
2526,1987,31,147
46,2526,147,2
31,46,2,5540
147,31,5540,75
2,147,75,21
5540,2,21,852
75,5540,852,61
21,75,61,3
852,21,3,6924
61,852,6924,6
3,61,6,35
6924,3,35,378
6,6924,378,66
35,6,66,404
378,35,404,46
66,378,46,2
404,66,2,94
46,404,94,31
2,46,31,18
94,2,18,10266
31,94,10266,23
18,31,23,63031
10266,18,63031,34
23,10266,34,17
63031,23,17,23
34,63031,23,6171
17,34,6171,343
23,17,343,20
6171,23,20,1180
343,6171,1180,46
20,343,46,86
1180,20,86,2526
46,1180,2526,4
86,46,4,1542
2526,86,1542,34
4,2526,34,17
1542,4,17,1324
34,1542,1324,9278
17,34,9278,525
1324,17,525,202
9278,1324,202,387
525,9278,387,286
202,525,286,80
387,202,80,94
286,387,94,34
80,286,34,17
94,80,17,6
34,94,6,5343
17,34,5343,211
6,17,211,305
5343,6,305,413
211,5343,413,673
305,211,673,117
413,305,117,3635
673,413,3635,2230
117,673,2230,1270
3635,117,1270,4178
2230,3635,4178,1460
1270,2230,1460,931
4178,1270,931,4
1460,4178,4,159
931,1460,159,2032
4,931,2032,636
159,4,636,1221
2032,159,1221,71149
636,2032,71149,4
1221,636,4,2526
71149,1221,2526,18
4,71149,18,321
2526,4,321,3
18,2526,3,137
321,18,137,136
3,321,136,416
137,3,416,5
136,137,5,51
416,136,51,843
5,416,843,44
51,5,44,18
843,51,18,47
44,843,47,201
18,44,201,1538
47,18,1538,161
201,47,161,16
1538,201,16,165
161,1538,165,8476
16,161,8476,6
165,16,6,795
8476,165,795,4468
6,8476,4468,6
795,6,6,161
4468,795,161,341
6,4468,341,35
161,6,35,199
341,161,199,4
35,341,4,150
199,35,150,1186
4,199,1186,2966
150,4,2966,5
1186,150,5,54
2966,1186,54,34
5,2966,34,1024
54,5,1024,229
34,54,229,26
1024,34,26,96
229,1024,96,10
26,229,10,1939
96,26,1939,185
10,96,185,35
1939,10,35,171
185,1939,171,99
35,185,99,10231
171,35,10231,6
99,171,6,49116
10231,99,49116,96
6,10231,96,38
49116,6,38,218
96,49116,218,1538
38,96,1538,6
218,38,6,156
1538,218,156,6011
6,1538,6011,251
156,6,251,48
6011,156,48,41
251,6011,41,344
48,251,344,525
41,48,525,15
344,41,15,760
525,344,760,38
15,525,38,105
760,15,105,86596
38,760,86596,47
105,38,47,723
86596,105,723,12
47,86596,12,10
723,47,10,573
12,723,573,87
10,12,87,5
573,10,5,14909
87,573,14909,5
5,87,5,185
14909,5,185,4
5,14909,4,4487
185,5,4487,14546
4,185,14546,1289
4487,4,1289,33
14546,4487,33,116
1289,14546,116,52
33,1289,52,33
116,33,33,415
52,116,415,21
33,52,21,12
415,33,12,99
21,415,99,42
12,21,42,36
99,12,36,103
42,99,103,185
36,42,185,695
103,36,695,10
185,103,10,110
695,185,110,3
10,695,3,17
110,10,17,490
3,110,490,3
17,3,3,93
490,17,93,268
3,490,268,39
93,3,39,632
300,2,415,4948
1062,300,4948,128
415,1062,128,66
4948,415,66,59
128,4948,59,591
66,128,591,5
59,66,5,1141
591,59,1141,1821
5,591,1821,409
1141,5,409,108
1821,1141,108,50
409,1821,50,23
108,409,23,124
50,108,124,15
23,50,15,42
124,23,42,190
15,124,190,74
42,15,74,229
190,42,229,36
74,190,36,21
229,74,21,2
36,229,2,415
21,36,415,14
2,21,14,220
415,2,220,4
14,415,4,1668
220,14,1668,36
4,220,36,119
1668,4,119,4
36,1668,4,780
119,36,780,149
4,119,149,1080
780,4,1080,3
149,780,3,1262
1080,149,1262,6
3,1080,6,838
1262,3,838,321
6,1262,321,285
838,6,285,1780
321,838,1780,15
285,321,15,20
1780,285,20,4415
15,1780,4415,1245
20,15,1245,8
4415,20,8,26400
1245,4415,26400,7192
8,1245,7192,1236
26400,8,1236,17688
7192,26400,17688,3
1236,7192,3,2115
17688,1236,2115,338
3,17688,338,152
2115,3,152,1545
338,2115,1545,1864
152,338,1864,736
1545,152,736,20
1864,1545,20,1245
736,1864,1245,5
20,736,5,2
1245,20,2,604
5,1245,604,272
2,5,272,13
604,2,13,1126
272,604,1126,4415
13,272,4415,75
1126,13,75,1821
4415,1126,1821,1151
75,4415,1151,3
1821,75,3,678
1151,1821,678,56
3,1151,56,229
678,3,229,36
56,678,36,21
229,56,21,11
36,229,11,14
21,36,14,2185
11,21,2185,6
14,11,6,119
2185,14,119,6374
6,2185,6374,24
119,6,24,4
6374,119,4,1619
24,6374,1619,82
4,24,82,36
1619,4,36,52
82,1619,52,11
36,82,11,14
52,36,14,72
11,52,72,48
14,11,48,9035
72,14,9035,4
48,72,4,2185
9035,48,2185,6
4,9035,6,76
2185,4,76,359
6,2185,359,5
76,6,5,6030
359,76,6030,649
5,359,649,370
6030,5,370,33
649,6030,33,137
370,649,137,10
33,370,10,33
137,33,33,72
10,137,72,396
33,10,396,137
72,33,137,476
396,72,476,765
137,396,765,886
476,137,886,42
765,476,42,2947
886,765,2947,5166
42,886,5166,31
2947,42,31,1049
5166,2947,1049,136
31,5166,136,7242
1049,31,7242,61
136,1049,61,668
7242,136,668,1245
61,7242,1245,15
668,61,15,42
1245,668,42,6329
15,1245,6329,1475
42,15,1475,4530
6329,42,4530,72
1475,6329,72,1764
4530,1475,1764,9137
72,4530,9137,90
1764,72,90,1236
9137,1764,1236,2026
90,9137,2026,50
1236,90,50,2290
2026,1236,2290,3
50,2026,3,173
2290,50,173,56
3,2290,56,8
173,3,8,1575
56,173,1575,272
8,56,272,14
1575,8,14,9035
272,1575,9035,36
14,272,36,2185
9035,14,2185,6
36,9035,6,6277
2185,36,6277,57
6,2185,57,6901
6277,6,6901,81
57,6277,81,19
6901,57,19,2272
81,6901,2272,56
19,81,56,8
2272,19,8,272
56,2272,272,14
8,56,14,340
272,8,340,2185
14,272,2185,6
340,14,6,4197
2185,340,4197,5861
6,2185,5861,24
4197,6,24,4
5861,4197,4,1212
24,5861,1212,186
4,24,186,1619
1212,4,1619,54
186,1212,54,1371
1619,186,1371,4
54,1619,4,713
1371,54,713,4048
4,1371,4048,1198
713,4,1198,8
4048,713,8,489
1198,4048,489,23
8,1198,23,275
489,8,275,45
23,489,45,90
275,23,90,5
45,275,5,894
90,45,894,50
5,90,50,225
894,5,225,4
50,894,4,397
225,50,397,10
4,225,10,2698
397,4,2698,62
10,397,62,112
2698,10,112,1070
62,2698,1070,7017
112,62,7017,33
1070,112,33,73
7017,1070,73,8
33,7017,8,1093
73,33,1093,56
8,73,56,190
1093,8,190,1821
56,1093,1821,5
190,56,5,1236
1821,190,1236,2471
5,1821,2471,7
1236,5,7,100
2471,1236,100,44
7,2471,44,756
100,7,756,7
44,100,7,116
756,44,116,51
7,756,51,704
116,7,704,89
51,116,89,75
704,51,75,22
89,704,22,1245
75,89,1245,30
22,75,30,4415
1245,22,4415,6
30,1245,6,209
4415,30,209,12
6,4415,12,1702
209,6,1702,4628
12,209,4628,10
1702,12,10,247
4628,1702,247,1567
10,4628,1567,8
247,10,8,272
1567,247,272,7
8,1567,7,2185
272,8,2185,573
7,272,573,3
2185,7,3,6766
573,2185,6766,6
3,573,6,21455
6766,3,21455,73
6,6766,73,1201
21455,6,1201,584
73,21455,584,24
1201,73,24,10229
584,1201,10229,4197
24,584,4197,4
10229,24,4,2650
4197,10229,2650,6374
4,4197,6374,2
2650,4,2,149
6374,2650,149,2
2,6374,2,51
149,2,51,477
2,149,477,3
51,2,3,17
477,51,17,22245
3,477,22245,12
17,3,12,22
22245,17,22,24510
12,22245,24510,4708
22,12,4708,1821
24510,22,1821,2309
4708,24510,2309,31
1821,4708,31,1910
2309,1821,1910,886
31,2309,886,6940
1910,31,6940,1298
886,1910,1298,415
6940,886,415,13350
1298,6940,13350,14
415,1298,14,6
13350,415,6,209
14,13350,209,1576
6,14,1576,1172
209,6,1172,1236
1576,209,1236,79
1172,1576,79,321
1236,1172,321,190
79,1236,190,5125
4641,18204,3208,256
102,4641,256,975
3208,102,975,3
256,3208,3,2
975,256,2,667
3,975,667,461
2,3,461,2
667,2,2,111
461,667,111,681
2,461,681,3170
111,2,3170,1969
681,111,1969,74
3170,681,74,1180
1969,3170,1180,2
74,1969,2,1610
1180,74,1610,222
2,1180,222,58
1610,2,58,873
222,1610,873,26
58,222,26,2570
873,58,2570,3
26,873,3,106
2570,26,106,102
3,2570,102,742
106,3,742,58
102,106,58,59
742,102,59,111
58,742,111,5883
59,58,5883,12
111,59,12,101263
5883,111,101263,81
12,5883,81,964
101263,12,964,11318
81,101263,11318,9223
964,81,9223,5519
11318,964,5519,4
9223,11318,4,638
5519,9223,638,14775
4,5519,14775,5139
638,4,5139,68
14775,638,68,18
5139,14775,18,510
68,5139,510,26
18,68,26,34
510,18,34,567
26,510,567,975
34,26,975,9
567,34,9,30740
975,567,30740,899
9,975,899,2
30740,9,2,792
899,30740,792,4
2,899,4,30
792,2,30,899
4,792,899,1641
30,4,1641,5
899,30,5,120
1641,899,120,133
5,1641,133,110
120,5,110,14775
133,120,14775,134
110,133,134,421
14775,110,421,39
134,14775,39,12
421,134,12,473
39,421,473,10
12,39,10,72
473,12,72,21
10,473,21,180
72,10,180,1329
