10,2757,82,49
2254,10,49,3796
82,2254,3796,3
49,82,3,346
3796,49,346,4
3,3796,4,29226
346,3,29226,482
4,346,482,8
29226,4,8,12014
482,29226,12014,460
8,482,460,11
12014,8,11,697
460,12014,697,3
11,460,3,468
697,11,468,4
3,697,4,49
468,3,49,335
4,468,335,3
49,4,3,155
335,49,155,15
3,335,15,42
155,3,42,8
15,155,8,819
42,15,819,88
8,42,88,25292
819,8,25292,4
88,819,4,3117
25292,88,3117,80
4,25292,80,286
3117,4,286,57
80,3117,57,41
286,80,41,13428
57,286,13428,641
41,57,641,63514
13428,41,63514,797
641,13428,797,863
63514,641,863,1030
797,63514,1030,26
863,797,26,1722
1030,863,1722,483
26,1030,483,615
1722,26,615,9
483,1722,9,42
615,483,42,36
9,615,36,103
42,9,103,148
36,42,148,59
103,36,59,615
148,103,615,9
59,148,9,482
615,59,482,36
9,615,36,13499
482,9,13499,42
36,482,42,5
13499,36,5,148
42,13499,148,30
5,42,30,234
148,5,234,9
30,148,9,7
234,30,7,148
9,234,148,8
7,9,8,929
148,7,929,2
8,148,2,1457
929,8,1457,738
2,929,738,33
1457,2,33,396
738,1457,396,72
33,738,72,1306
396,33,1306,56
72,396,56,10835
1306,72,10835,42
56,1306,42,3
10835,56,3,181
42,10835,181,44
3,42,44,6659
181,3,6659,2088
44,181,2088,6165
6659,44,6165,823
2088,6659,823,63
6165,2088,63,4
823,6165,4,669
63,823,669,2950
4,63,2950,23
669,4,23,30795
2950,669,30795,1716
23,2950,1716,37
30795,23,37,271
1716,30795,271,73
37,1716,73,2884
271,37,2884,1819
73,271,1819,36
2884,73,36,62
1819,2884,62,1182
36,1819,1182,1406
62,36,1406,132
1182,62,132,962
1406,1182,962,251
132,1406,251,9
962,132,9,6275
251,962,6275,13499
9,251,13499,3
6275,9,3,3958
13499,6275,3958,460
3,13499,460,11
3958,3,11,2
460,3958,2,29
11,460,29,7
2,11,7,113
29,2,113,10
7,29,10,68
113,7,68,251
10,113,251,9
68,10,9,1555
251,68,1555,84
9,251,84,1131
1555,9,1131,3
84,1555,3,43
1131,84,43,73
3,1131,73,561
43,3,561,23584
73,43,23584,3047
561,73,3047,181
23584,561,181,68
3047,23584,68,358
181,3047,358,37
68,181,37,255
358,68,255,15
37,358,15,6657
255,37,6657,12
15,255,12,12243
6657,15,12243,82
12,6657,82,271
12243,12,271,3833
82,12243,3833,1152
271,82,1152,7
3833,271,7,9
1152,3833,9,13177
7,1152,13177,2
9,7,2,149
13177,9,149,2
2,13177,2,258
149,2,258,542
2,149,542,4
258,2,4,1388
542,258,1388,31
4,542,31,11
1388,4,11,897
31,1388,897,11294
11,31,11294,2533
897,11,2533,93652
11294,897,93652,16
2533,11294,16,5495
93652,2533,5495,14046
16,93652,14046,6
5495,16,6,2571
14046,5495,2571,26
6,14046,26,1872
2571,6,1872,5252
26,2571,5252,4
1872,26,4,706
5252,1872,706,1875
4,5252,1875,3
706,4,3,976
1875,706,976,8
3,1875,8,20
976,3,20,7
8,976,7,86
20,8,86,1430
7,20,1430,6
86,7,6,54
1430,86,54,2
6,1430,2,2563
54,6,2563,7
2,54,7,18400
2563,2,18400,829
7,2563,829,23
18400,7,23,10
829,18400,10,6344
23,829,6344,44
10,23,44,181
6344,10,181,54
44,6344,54,801
181,44,801,12
54,181,12,3
801,54,3,835
12,801,835,8
3,12,8,3833
835,3,3833,1152
8,835,1152,803
3833,8,803,4377
1152,3833,4377,81
803,1152,81,36
4377,803,36,1724
81,4377,1724,81
36,81,81,86
1724,36,86,6
81,1724,6,131
86,81,131,2479
6,86,2479,73747
131,6,73747,20
2479,131,20,2780
73747,2479,2780,1629
20,73747,1629,84
2780,20,84,175
1629,2780,175,3269
84,1629,3269,4
175,84,4,103945
3269,175,103945,4
4,3269,4,20
103945,4,20,994
4,103945,994,482
20,4,482,5
994,20,5,2571
482,994,2571,12653
5,482,12653,13
2571,5,13,146
12653,2571,146,10
13,12653,10,2
146,13,2,182
10,146,182,2092
2,10,2092,371
182,2,371,6165
2092,182,6165,49597
371,2092,49597,7
6165,371,7,1463
49597,6165,1463,8
7,49597,8,6617
1463,7,6617,4421
8,1463,4421,3269
6617,8,3269,3
4421,6617,3,1069
3269,4421,1069,1137
3,3269,1137,944
1069,3,944,82
1137,1069,82,54
944,1137,54,90
82,944,90,152
54,82,152,1970
90,54,1970,3909
152,90,3909,25
1970,152,25,82
3909,1970,82,7
25,3909,7,2
82,25,2,325
7,82,325,1031
2,7,1031,536
325,2,536,9
1031,325,9,2571
536,1031,2571,36
9,536,36,9
2571,9,9,3059
36,2571,3059,1069
9,36,1069,44204
3059,9,44204,33
1069,3059,33,110
44204,1069,110,3
33,44204,3,666
110,33,666,3
3,110,3,19966
666,3,19966,19
3,666,19,947
19966,3,947,49
19,19966,49,36
947,19,36,89
49,947,89,2
36,49,2,1176
89,36,1176,320
2,89,320,16
1176,2,16,33
320,1176,33,377
16,320,377,8
33,16,8,3
377,33,3,789
8,377,789,38
3,8,38,2778
789,3,2778,52
38,789,52,33
2778,38,33,25
52,2778,25,8
33,52,8,34
25,33,34,33
8,25,33,17
34,8,17,11444
33,34,11444,3
17,33,3,160
11444,17,160,57
3,11444,57,829
160,3,829,3
57,160,3,392
829,57,392,2
3,829,2,6346
392,3,6346,8
2,392,8,789
6346,2,789,417
8,6346,417,11
789,8,11,706
417,789,706,48
11,417,48,104
706,11,104,317
48,706,317,30
104,48,30,96
317,104,96,3
30,317,3,789
96,30,789,2492
3,96,2492,16
789,3,16,2
2492,789,2,359
16,2492,359,5
2,16,5,729
359,2,729,5
5,359,5,6355
729,5,6355,3209
5,729,3209,5
6355,5,5,2665
3209,6355,2665,1250
5,3209,1250,29
2665,5,29,26
1250,2665,26,219
29,1250,219,68
26,29,68,2
219,26,2,10242
68,219,10242,717
2,68,717,9
10242,2,9,8605
717,10242,8605,36
9,717,36,63337
8605,9,63337,23
36,8605,23,39906
63337,36,39906,2167
23,63337,2167,2158
39906,23,2158,8
2167,39906,8,2778
2158,2167,2778,7
8,2158,7,2
2778,8,2,1002
7,2778,1002,139
2,7,139,9
1002,2,9,90
139,1002,90,944
9,139,944,4
90,9,4,2
944,90,2,337
4,944,337,26
2,4,26,132
337,2,132,21
26,337,21,154
132,26,154,845
21,132,845,4
154,21,4,8
845,154,8,76
4,845,76,623
8,4,623,9
76,8,9,38
623,76,38,1565
9,623,1565,7
38,9,7,25
1565,38,25,113
7,1565,113,9146
25,7,9146,48
113,25,48,12243
9146,113,12243,7
48,9146,7,661
12243,48,661,7
7,12243,7,113
661,7,113,33
7,661,33,18
113,7,18,3
33,113,3,25
18,33,25,10
3,18,10,12
25,3,12,2
10,25,2,16774
12,10,16774,1631
2,12,1631,11
16774,2,11,49748
1631,16774,49748,152
11,1631,152,2048
49748,11,2048,44
152,49748,44,2
2048,152,2,182
44,2048,182,5
2,44,5,3833
182,2,3833,1152
5,182,1152,255
3833,5,255,55
1152,3833,55,17
255,1152,17,3744
55,255,3744,15
17,55,15,2864
3744,17,2864,100484
15,3744,100484,856
2864,15,856,187
100484,2864,187,10
856,100484,10,132
187,856,132,17
10,187,17,1523
132,10,1523,9
17,132,9,76
1523,17,76,829
9,1523,829,3
76,9,3,17
829,76,17,12014
3,829,12014,82
17,3,82,29
12014,17,29,59
82,12014,59,8
29,82,8,187
59,29,187,899
8,59,899,5
187,8,5,34806
899,187,34806,121
5,899,121,17
34806,5,17,146
121,34806,146,314
17,121,314,3047
146,17,3047,181
314,146,181,49743
3047,314,49743,7
181,3047,7,2
49743,181,2,41
7,49743,41,344
2,7,344,4222
41,2,4222,65
344,41,65,367
4222,344,367,6
65,4222,6,2571
367,65,2571,44
6,367,44,6165
2571,6,6165,7
44,2571,7,113
6165,44,113,53
7,6165,53,14
113,7,14,25
53,113,25,334
14,53,334,3333
25,14,3333,6
334,25,6,3833
3333,334,3833,1152
6,3333,1152,460
3833,6,460,8
1152,3833,8,10
460,1152,10,121
8,460,121,17
10,8,17,2
121,10,2,3896
17,121,3896,3860
2,17,3860,5
3896,2,5,51
3860,3896,51,505
5,3860,505,59
51,5,59,30
505,51,30,219
59,505,219,4810
30,59,4810,3
219,30,3,468
4810,219,468,67
3,4810,67,1875
468,3,1875,51
67,468,51,30
1875,67,30,116
51,1875,116,62
30,51,62,30
116,30,30,116
62,116,116,10
30,62,10,4
116,30,4,80
10,116,80,41
4,10,41,3588
80,4,3588,51
41,80,51,30
3588,41,30,25
51,3588,25,116
30,51,116,4
25,30,4,206
116,25,206,30
4,116,30,25
206,4,25,116
30,206,116,10
6,197,317,8
2,6,8,77
317,2,77,3946
8,317,3946,1699
77,8,1699,965
3946,77,965,185
1699,3946,185,4
965,1699,4,1577
185,965,1577,806
4,185,806,5
1577,4,5,108
806,1577,108,1247
5,806,1247,7095
108,5,7095,4846
1247,108,4846,510
7095,1247,510,10
4846,7095,10,34
510,4846,34,459
10,510,459,9901
34,10,9901,965
459,34,965,5
9901,459,5,10
965,9901,10,593
5,965,593,1364
10,5,1364,909
593,10,909,3
1364,593,3,1161
909,1364,1161,509
3,909,509,1825
1161,3,1825,513
509,1161,513,3471
1825,509,3471,3
513,1825,3,4
3471,513,4,1181
3,3471,1181,23380
4,3,23380,733
1181,4,733,28
23380,1181,28,6
733,23380,6,4
28,733,4,1260
6,28,1260,12
4,6,12,429
1260,4,429,8
12,1260,8,10
429,12,10,40
8,429,40,459
10,8,459,10
40,10,10,965
459,40,965,1616
10,459,1616,3
965,10,3,6
1616,965,6,1063
3,1616,1063,1219
6,3,1219,19
1063,6,19,2
1219,1063,2,373
19,1219,373,1486
2,19,1486,3
373,2,3,19
1486,373,19,235
3,1486,235,28520
19,3,28520,335
235,19,335,663
28520,235,663,707
335,28520,707,317
663,335,317,19
707,663,19,57
317,707,57,372
19,317,372,7095
57,19,7095,156
372,57,156,2
7095,372,2,1670
156,7095,1670,4
2,156,4,37516
1670,2,37516,29
4,1670,29,4703
37516,4,4703,1849
29,37516,1849,5
4703,29,5,4846
1849,4703,4846,303
5,1849,303,733
4846,5,733,2055
303,4846,2055,27208
733,303,27208,7095
2055,733,7095,7
27208,2055,7,1247
7095,27208,1247,10677
7,7095,10677,2415
1247,7,2415,6
10677,1247,6,43
2415,10677,43,15
6,2415,15,4
43,6,4,1181
15,43,1181,169
4,15,169,909
1181,4,909,4
169,1181,4,10
909,169,10,7
4,909,7,1138
10,4,1138,388
7,10,388,2
1138,7,2,2
388,1138,2,100663
2,388,100663,6
2,2,6,4675
100663,2,4675,73881
6,100663,73881,104
4675,6,104,16
73881,4675,16,1747
104,73881,1747,1253
16,104,1253,6
1747,16,6,67
1253,1747,67,45
6,1253,45,3
67,6,3,10692
45,67,10692,448
3,45,448,5
10692,3,5,4315
448,10692,4315,26
5,448,26,18
4315,5,18,6
26,4315,6,67
18,26,67,1364
6,18,1364,25365
67,6,25365,28
1364,67,28,2
25365,1364,2,2
28,25365,2,284
2,28,284,30
2,2,30,4386
284,2,4386,178
30,284,178,8
4386,30,8,67
178,4386,67,1978
8,178,1978,34
67,8,34,685
1978,67,685,24
34,1978,24,2
685,34,2,282
24,685,282,1364
2,24,1364,576
282,2,576,54
1364,282,54,55
576,1364,55,1590
54,576,1590,875
55,54,875,1517
1590,55,1517,4
875,1590,4,766
1517,875,766,9
4,1517,9,67
766,4,67,5825
9,766,5825,74
67,9,74,99560
5825,67,99560,84
74,5825,84,30
99560,74,30,14
84,99560,14,3
30,84,3,96
14,30,96,507
3,14,507,1663
96,3,1663,7
507,96,7,4492
1663,507,4492,314
7,1663,314,62
4492,7,62,3096
314,4492,3096,67
62,314,67,1364
3096,62,1364,576
67,3096,576,7
1364,67,7,9
576,1364,9,67
7,576,67,475
9,7,475,25365
67,9,25365,453
475,67,453,6
25365,475,6,2
453,25365,2,394
6,453,394,3996
2,6,3996,407
394,2,407,1978
3996,394,1978,147
407,3996,147,3
1978,407,3,17
147,1978,17,522
3,147,522,4
17,3,4,693
522,17,693,147
4,522,147,3
693,4,3,17
147,693,17,1681
3,147,1681,4
17,3,4,552
1681,17,552,38
4,1681,38,75514
552,4,75514,3
38,552,3,2
75514,38,2,4846
3,75514,4846,1007
2,3,1007,39
4846,2,39,965
1007,4846,965,1616
39,1007,1616,34
965,39,34,2553
1616,965,2553,3
34,1616,3,593
2553,34,593,909
3,2553,909,39
593,3,39,1900
909,593,1900,235
39,909,235,66
1900,39,66,34
235,1900,34,17
66,235,17,3100
34,66,3100,23
17,34,23,275
3100,17,275,29
23,3100,29,34
275,23,34,17
29,275,17,14192
34,29,14192,61
17,34,61,3
14192,17,3,23
61,14192,23,275
3,61,275,1161
23,3,1161,509
275,23,509,75
1161,275,75,1737
509,1161,1737,776
75,509,776,205
1737,75,205,5
776,1737,5,100398
205,776,100398,3996
5,205,3996,407
100398,5,407,25365
3996,100398,25365,1094
407,3996,1094,8
25365,407,8,3929
1094,25365,3929,43
8,1094,43,515
3929,8,515,15
43,3929,15,2606
515,43,2606,2650
15,515,2650,644
2606,15,644,3
2650,2606,3,129
644,2650,129,24
3,644,24,2
129,3,2,628
24,129,628,5
2,24,5,129
628,2,129,75
5,628,75,2942
129,5,2942,14
75,129,14,68
2942,75,68,11393
14,2942,11393,4846
68,14,4846,3
11393,68,3,459
4846,11393,459,43436
3,4846,43436,306
459,3,306,3
43436,459,3,137
306,43436,137,262
3,306,262,535
137,3,535,502
262,137,502,282
535,262,282,4
502,535,4,535
282,502,535,179
4,282,179,25
535,4,25,50
179,535,50,11934
25,179,11934,3
50,25,3,8
11934,50,8,535
3,11934,535,11
8,3,11,46347
535,8,46347,13
11,535,13,241
46347,11,241,47
13,46347,47,1517
241,13,1517,15
47,241,15,2
1517,47,2,2326
15,1517,2326,2
2,15,2,2
2326,2,2,8652
2,2326,8652,2415
2,2,2415,4
8652,2,4,10
2415,8652,10,838
4,2415,838,15
10,4,15,1147
838,10,1147,637
15,838,637,6
1147,15,6,994
637,1147,994,143
6,637,143,686
994,6,686,4
143,994,4,2790
686,143,2790,639
4,686,639,637
2790,4,637,3459
639,2790,3459,142
637,639,142,568
3459,637,568,6
142,3459,6,264
568,142,264,66
6,568,66,1147
264,6,1147,151
66,264,151,18
1147,66,18,1635
151,1147,1635,3324
18,151,3324,639
1635,18,639,971
3324,1635,971,3
639,3324,3,6166
971,639,6166,15
3,971,15,733
6166,3,733,220
15,6166,220,466
733,15,466,5493
220,733,5493,343
466,220,343,40732
5493,466,40732,7095
343,5493,7095,74
40732,343,74,10
7095,40732,10,513
74,7095,513,30796
10,74,30796,12380
513,10,12380,513
30796,513,513,3471
12380,30796,3471,121
513,12380,121,248
3471,513,248,31097
121,3471,31097,8
248,121,8,806
31097,248,806,26
8,31097,26,34
806,8,34,584
26,806,584,68
34,26,68,248
584,34,248,4846
68,584,4846,1577
248,68,1577,1978
4846,248,1978,427
1577,4846,427,6
1978,1577,6,10
427,1978,10,1364
6,427,1364,74
10,6,74,268
1364,10,268,103
74,1364,103,66
268,74,66,5057
103,268,5057,9034
66,103,9034,6
5057,66,6,4846
9034,5057,4846,103135
6,9034,103135,18
4846,6,18,247
103135,4846,247,2
18,103135,2,677
247,18,677,3296
2,247,3296,2
677,2,2,181
3296,677,181,24
2,3296,24,2
181,2,2,654
24,181,654,1199
2,24,1199,128
654,2,128,66
1199,654,66,4017
128,1199,4017,1474
66,128,1474,6
4017,66,6,177
1474,4017,177,3
6,1474,3,2
177,6,2,899
3,177,899,5
2,3,5,1253
899,2,1253,6
5,899,6,733
1253,5,733,76920
6,1253,76920,116
733,6,116,8
76920,733,8,20
116,76920,20,40
8,116,40,18
20,8,18,505
40,20,505,261
18,40,261,67
505,18,67,179
261,505,179,3
67,261,3,524
179,67,524,570
3,179,570,15
524,3,15,889
570,524,889,5
15,570,5,589
889,15,589,5
5,889,5,267
589,5,267,3
5,589,3,160
267,5,160,133
3,267,133,1247
160,3,1247,2415
133,160,2415,6701
1247,133,6701,149
2415,1247,149,4
6701,2415,4,67
149,6701,67,4846
4,149,4846,232
67,4,232,28
4846,67,28,6
232,4846,6,2
28,232,2,304
6,28,304,429
2,6,429,24
304,2,24,151
429,304,151,149
24,429,149,28
151,24,28,11
149,151,11,1027
28,149,1027,3100
11,28,3100,1161
1027,11,1161,509
3100,1027,509,4
1161,3100,4,34
509,1161,34,84
4,509,84,137
34,4,137,2
84,34,2,459
137,84,459,286
2,137,286,11
459,2,11,453
286,459,453,8
11,286,8,639
453,11,639,165
8,453,165,322
639,8,322,10523
165,639,10523,54797
322,165,54797,965
10523,322,965,40
54797,10523,40,165
965,54797,165,549
40,965,549,90
165,40,90,639
549,165,639,4
90,549,4,38
639,90,38,907
4,639,907,1044
38,4,1044,2297
907,38,2297,368
1044,907,368,29
2297,1044,29,10
368,2297,10,149
29,368,149,898
10,29,898,227
149,10,227,1699
898,149,1699,965
227,898,965,8
1699,227,8,165
965,1699,165,4513
8,965,4513,6
165,8,6,35
4513,165,35,261
6,4513,261,2
35,6,2,875
261,35,875,11001
2,261,11001,209
875,2,209,8
11001,875,8,4846
209,11001,4846,7
8,209,7,1586
4846,8,1586,10
7,4846,10,292
1586,7,292,965
10,1586,965,77
292,10,77,248
965,292,248,1004
77,965,1004,6
248,77,6,233
1004,248,233,6
6,1004,6,38
233,6,38,1195
6,233,1195,3
38,6,3,459
1195,38,459,227
3,1195,227,965
459,3,965,1616
227,459,1616,54
965,227,54,13
1616,965,13,47
54,1616,47,459
13,54,459,170
47,13,170,162
459,47,162,18
170,459,18,1178
162,170,1178,16021
18,162,16021,10
1178,18,10,3
16021,1178,3,1161
10,16021,1161,509
3,10,509,4
1161,3,4,9334
509,1161,9334,10
4,509,10,3
9334,4,3,4
10,9334,4,2499
3,10,2499,3979
4,3,3979,29
2499,4,29,58
3979,2499,58,6
29,3979,6,161
58,29,161,1997
6,58,1997,18
161,6,18,2937
1997,161,2937,705
18,1997,705,24
2937,18,24,1249
705,2937,1249,65821
