854,35,68,8204
11,854,8204,8772
68,11,8772,5
8204,68,5,792
8772,8204,792,46
5,8772,46,14362
792,5,14362,7
46,792,7,6
14362,46,6,49
7,14362,49,4666
6,7,4666,66
49,6,66,2
4666,49,2,4857
66,4666,4857,46
2,66,46,4
4857,2,4,312
46,4857,312,1253
4,46,1253,6
312,4,6,2801
1253,312,2801,22800
6,1253,22800,9
2801,6,9,4
22800,2801,4,69861
9,22800,69861,35
4,9,35,6
69861,4,6,258
35,69861,258,5
6,35,5,378
258,6,378,930
5,258,930,14
378,5,14,2170
930,378,2170,54
14,930,54,13
2170,14,13,465
54,2170,465,1593
13,54,1593,18592
465,13,18592,4039
1593,465,4039,3227
18592,1593,3227,39
4039,18592,39,632
3227,4039,632,4
39,3227,4,1384
632,39,1384,68
4,632,68,50
1384,4,50,172
68,1384,172,12734
50,68,12734,6
172,50,6,39
12734,172,39,1231
6,12734,1231,4
39,6,4,3728
1231,39,3728,50
4,1231,50,223
3728,4,223,79006
50,3728,79006,34291
223,50,34291,2
79006,223,2,1574
34291,79006,1574,23
2,34291,23,2744
1574,2,2744,1288
23,1574,1288,28
2744,23,28,10
1288,2744,10,7
28,1288,7,21
10,28,21,131
7,10,131,3179
21,7,3179,3
131,21,3,1013
3179,131,1013,1506
3,3179,1506,35
1013,3,35,853
1506,1013,853,3
35,1506,3,42
853,35,42,190
3,853,190,87
42,3,87,35
190,42,35,16
87,190,16,8598
35,87,8598,156
16,35,156,382
8598,16,382,684
156,8598,684,5
382,156,5,545
684,382,545,2
5,684,2,35
545,5,35,15
2,545,15,2
35,2,2,41
15,35,41,2596
2,15,2596,545
41,2,545,684
2596,41,684,55
545,2596,55,17
684,545,17,377
55,684,377,2
17,55,2,1855
377,17,1855,201
2,377,201,262
1855,2,262,15
201,1855,15,95
262,201,95,545
15,262,545,29
95,15,29,165
545,95,165,1455
29,545,1455,35
165,29,35,15
1455,165,15,545
35,1455,545,684
15,35,684,8
545,15,8,16
684,545,16,12361
8,684,12361,36
16,8,36,41
12361,16,41,45087
36,12361,45087,482
41,36,482,6
45087,41,6,19782
482,45087,19782,545
6,482,545,31
19782,6,31,50
545,19782,50,2726
31,545,2726,2333
50,31,2333,2
2726,50,2,2
2333,2726,2,373
2,2333,373,1200
2,2,1200,853
373,2,853,875
1200,373,875,6
853,1200,6,598
875,853,598,65
6,875,65,26
598,6,26,7
65,598,7,6
26,65,6,2690
7,26,2690,122
6,7,122,57
2690,6,57,545
122,2690,545,6
57,122,6,103
545,57,103,35
6,545,35,853
103,6,853,37
35,103,37,183
853,35,183,184
37,853,184,3
183,37,3,2
184,183,2,2287
3,184,2287,34291
2,3,34291,758
2287,2,758,20275
34291,2287,20275,598
758,34291,598,13
20275,758,13,239
598,20275,239,41
13,598,41,13892
239,13,13892,2333
41,239,2333,681
13892,41,681,65
2333,13892,65,2690
681,2333,2690,25
65,681,25,10
2690,65,10,1506
25,2690,1506,18592
10,25,18592,853
1506,10,853,14
18592,1506,14,78989
853,18592,78989,33
14,853,33,14
78989,14,14,3
33,78989,3,1013
14,33,1013,409
3,14,409,35
1013,3,35,52
409,1013,52,33
35,409,33,14
52,35,14,3
33,52,3,44
14,33,44,62
3,14,62,1015
44,3,1015,6
62,44,6,2170
1015,62,2170,2919
6,1015,2919,3728
2170,6,3728,16
2919,2170,16,377
3728,2919,377,33
16,3728,33,245
377,16,245,25
33,377,25,147
245,33,147,3
25,245,3,96
147,25,96,104
3,147,104,5399
96,3,5399,28
104,96,28,54922
5399,104,54922,55
28,5399,55,18
54922,28,18,2
55,54922,2,273
18,55,273,984
2,18,984,12
273,2,12,54
984,273,54,35
12,984,35,16
54,12,16,377
35,54,377,282
16,35,282,4
377,16,4,54
282,377,54,16
4,282,16,377
54,4,377,901
164,2620,318,109
99005,164,109,7
318,99005,7,73
109,318,73,90
7,109,90,5
73,7,5,33
90,73,33,2214
5,90,2214,244
33,5,244,1429
2214,33,1429,5
244,2214,5,343
1429,244,343,110
5,1429,110,83
343,5,83,23
110,343,23,867
83,110,867,96126
23,83,96126,353
867,23,353,23
96126,867,23,2
353,96126,2,861
23,353,861,3
2,23,3,1830
861,2,1830,130
3,861,130,1329
1830,3,1329,837
130,1830,837,2104
1329,130,2104,13934
837,1329,13934,623
2104,837,623,42
13934,2104,42,2116
623,13934,2116,1296
42,623,1296,110
2116,42,110,168
1296,2116,168,130
110,1296,130,634
168,110,634,73
130,168,73,2
634,130,2,5900
73,634,5900,20
2,73,20,7
5900,2,7,21
20,5900,21,130
7,20,130,157
21,7,157,20
130,21,20,7
157,130,7,21
20,157,21,130
7,20,130,157
21,7,157,20
130,21,20,7
157,130,7,21
20,157,21,130
7,20,130,157
21,7,157,676
130,21,676,23
157,130,23,5805
676,157,5805,1314
23,676,1314,8847
5805,23,8847,4
1314,5805,4,140
8847,1314,140,6
4,8847,6,18040
140,4,18040,14
6,140,14,486
18040,6,486,29
14,18040,29,10
486,14,10,7
29,486,7,29
10,29,29,10
7,10,10,7
29,7,7,29
10,29,29,10
7,10,10,74087
29,7,74087,42
10,29,42,889
74087,10,889,1892
42,74087,1892,1218
889,42,1218,2076
1892,889,2076,6
1218,1892,6,2127
2076,1218,2127,3449
6,2076,3449,1232
2127,6,1232,19
3449,2127,19,215
1232,3449,215,1137
19,1232,1137,1660
215,19,1660,4
1137,215,4,2590
1660,1137,2590,163
4,1660,163,1929
2590,4,1929,22797
163,2590,22797,538
1929,163,538,2865
22797,1929,2865,24
538,22797,24,38
2865,538,38,83
24,2865,83,778
38,24,778,8967
83,38,8967,3
778,83,3,81
8967,778,81,6
3,8967,6,2196
81,3,2196,5
6,81,5,176
2196,6,176,16
5,2196,16,412
176,5,412,41
16,176,41,65
412,16,65,2
41,412,2,18562
65,41,18562,839
2,65,839,2376
18562,2,2376,385
839,18562,385,5
2376,839,5,1705
385,2376,1705,5
5,385,5,5805
1705,5,5805,53
5,1705,53,14
5805,5,14,104803
53,5805,104803,5
14,53,5,1173
104803,14,1173,4334
5,104803,4334,2045
1173,5,2045,23
4334,1173,23,2865
2045,4334,2865,53
23,2045,53,14
2865,23,14,2551
53,2865,2551,1276
14,53,1276,53
2551,14,53,50
1276,2551,50,6557
53,1276,6557,3045
50,53,3045,118
6557,50,118,583
3045,6557,583,79
118,3045,79,58757
583,118,58757,6
79,583,6,130
58757,79,130,634
6,58757,634,20
130,6,20,7
634,130,7,21
20,634,21,130
7,20,130,157
21,7,157,29
130,21,29,10
157,130,10,7
29,157,7,20
10,29,20,7
7,10,7,21
20,7,21,130
7,20,130,157
21,7,157,29
130,21,29,10
157,130,10,7
29,157,7,20
10,29,20,7
7,10,7,21
20,7,21,130
7,20,130,157
21,7,157,29
130,21,29,10
157,130,10,7
29,157,7,20
10,29,20,7
7,10,7,37
20,7,37,538
7,20,538,53
37,7,53,64
538,37,64,105
53,538,105,2023
64,53,2023,164
105,64,164,30
2023,105,30,55
164,2023,55,21
30,164,21,244
55,30,244,261
21,55,261,538
244,21,538,335
261,244,335,16
538,261,16,118
335,538,118,146
16,335,146,8
118,16,8,660
146,118,660,475
8,146,475,4
660,8,4,244
475,660,244,5
4,475,5,67
244,4,67,397
5,244,397,4
67,5,4,67
397,67,67,67751
4,397,67751,660
67,4,660,48
67751,67,48,5
660,67751,5,43
48,660,43,10
5,48,10,21
43,5,21,72
10,43,72,1352
21,10,1352,56
72,21,56,53
1352,72,53,6
56,1352,6,1393
53,56,1393,36
6,53,36,6
1393,6,6,452
36,1393,452,36
6,36,36,6
452,6,6,598
36,452,598,36
6,36,36,6
598,6,6,39
36,598,39,1231
6,36,1231,10
39,6,10,2434
1231,39,2434,9
10,1231,9,155
2434,10,155,331
9,2434,331,53
155,9,53,16
331,155,16,260
53,331,260,74
16,53,74,169
260,16,169,311
74,260,311,1150
169,74,1150,260
311,169,260,6352
1150,311,6352,6
260,1150,6,8034
6352,260,8034,143
6,6352,143,35
8034,6,35,72
143,8034,72,57
35,143,57,44
72,35,44,2928
57,72,2928,311
44,57,311,24
2928,44,24,120
311,2928,120,7
24,311,7,244
120,24,244,2
7,120,2,31789
244,7,31789,1150
2,244,1150,2112
31789,2,2112,74
1150,31789,74,6021
2112,1150,6021,5
74,2112,5,6252
6021,74,6252,79
5,6021,79,31840
6252,5,31840,1399
79,6252,1399,9951
31840,79,9951,538
1399,31840,538,9
9951,1399,9,74
538,9951,74,169
9,538,169,45
74,9,45,83
169,74,83,1399
45,169,1399,120
83,45,120,7
1399,83,7,244
120,1399,244,6
7,120,6,6041
244,7,6041,1331
6,244,1331,53
6041,6,53,16
1331,6041,16,7308
53,1331,7308,149
16,53,149,48
7308,16,48,74
149,7308,74,236
48,149,236,4
74,48,4,4
236,74,4,932
4,236,932,5
4,4,5,169
932,4,169,5
5,932,5,6021
169,5,6021,5
5,169,5,1622
6021,5,1622,538
5,6021,538,50
1622,5,50,2447
538,1622,2447,15
50,538,15,508
2447,50,508,5374
15,2447,5374,4
508,15,4,6060
5374,508,6060,4
4,5374,4,9526
6060,4,9526,203
4,6060,203,1020
9526,4,1020,79
203,9526,79,13509
1020,203,13509,4484
79,1020,4484,130
13509,79,130,2559
4484,13509,2559,53
130,4484,53,16
2559,130,16,236
53,2559,236,474
16,53,474,311
236,16,311,5
474,236,5,120
311,474,120,7
5,311,7,244
120,5,244,8
7,120,8,45
244,7,45,55
8,244,55,303
45,8,303,583
55,45,583,3
303,55,3,38
583,303,38,105165
3,583,105165,196
38,3,196,500
105165,38,500,9
196,105165,9,580
500,196,580,3
9,500,3,1227
580,9,1227,1779
3,580,1779,164
1227,3,164,120
1779,1227,120,7
164,1779,7,244
120,164,244,30
7,120,30,18
244,7,18,3
30,244,3,224
18,30,224,15
3,18,15,3201
224,3,3201,75
15,224,75,209
3201,15,209,6455
75,3201,6455,5
209,75,5,67
6455,209,67,538
5,6455,538,4
67,5,4,2906
538,67,2906,2280
4,538,2280,4
2906,4,4,6720
2280,2906,6720,4
4,2280,4,3147
6720,4,3147,5
4,6720,5,3058
3147,4,3058,1124
5,3147,1124,20
3058,5,20,7
1124,3058,7,2
20,1124,2,9446
7,20,9446,44
2,7,44,9
9446,2,9,48
44,9446,48,5
9,44,5,43
48,9,43,7
5,48,7,353
43,5,353,1650
7,43,1650,6
353,7,6,910
1650,353,910,634
6,1650,634,4
910,6,4,2212
634,910,2212,29
4,634,29,7
2212,4,7,18
29,2212,18,24803
7,29,24803,838
18,7,838,13
24803,18,13,80
838,24803,80,739
13,838,739,84
80,13,84,7
739,80,7,59
84,739,59,335
7,84,335,327
59,7,327,17
335,59,17,146
327,335,146,490
17,327,490,335
146,17,335,8
490,146,8,34
335,490,34,984
8,335,984,12
34,8,12,67
984,34,67,83
12,984,83,448
67,12,448,5
83,67,5,3997
448,83,3997,4
5,448,4,34
3997,5,34,1042
4,3997,1042,8
34,4,8,30
1042,34,30,692
8,1042,692,8
30,8,8,3997
692,30,3997,36
8,692,36,689
3997,8,689,475
36,3997,475,3
689,36,3,25
475,689,25,412
3,475,412,7
25,3,7,3
412,25,3,1205
7,412,1205,8
3,7,8,67
1205,3,67,54866
8,1205,54866,67
67,8,67,8621
54866,67,8621,34
67,54866,34,18
8621,67,18,64
34,8621,64,1622
18,34,1622,538
64,18,538,3
1622,64,3,4183
538,1622,4183,64
3,538,64,1622
4183,3,1622,603
64,4183,603,3
1622,64,3,5676
603,1622,5676,64
3,603,64,1622
5676,3,1622,778
64,5676,778,3
1622,64,3,244
778,1622,244,22600
3,778,22600,7
244,3,7,21
22600,244,21,22663
7,22600,22663,148
21,7,148,10
22663,21,10,7
148,22663,7,21
10,148,21,12900
7,10,12900,10
21,7,10,7
12900,21,7,10581
10,12900,10581,5
7,10,5,699
10581,7,699,2620
464,2637,339,884
13,781,190,6158
307,13,6158,5
190,307,5,125
6158,190,125,24
5,6158,24,32
125,5,32,69
24,125,69,1719
32,24,1719,256
69,32,256,25905
1719,69,25905,14764
256,1719,14764,777
25905,256,777,13
14764,25905,13,758
777,14764,758,41
13,777,41,65
758,13,65,125
41,758,125,6
65,41,6,345
125,65,345,61
6,125,61,3
345,6,3,127
61,345,127,85
3,61,85,12
127,3,12,298
85,127,298,99738
12,85,99738,3381
298,12,3381,23128
99738,298,23128,1778
3381,99738,1778,39
23128,3381,39,61351
1778,23128,61351,3381
39,1778,3381,307
61351,39,307,2522
3381,61351,2522,3483
307,3381,3483,24
2522,307,24,200
3483,2522,200,12469
24,3483,12469,3381
200,24,3381,1749
12469,200,1749,1800
3381,12469,1800,54
1749,3381,54,364
1800,1749,364,159
54,1800,159,63
364,54,63,1996
159,364,1996,1886
63,159,1886,5317
1996,63,5317,195
1886,1996,195,5640
5317,1886,5640,11586
195,5317,11586,4
5640,195,4,2848
11586,5640,2848,147
4,11586,147,9
2848,4,9,2
147,2848,2,1191
9,147,1191,195
2,9,195,3
1191,2,3,108585
195,1191,108585,3551
3,195,3551,8
108585,3,8,34
3551,108585,34,16412
8,3551,16412,47558
34,8,47558,121
16412,34,121,250
47558,16412,250,1834
121,47558,1834,342
250,121,342,59238
1834,250,59238,364
342,1834,364,16
59238,342,16,482
364,59238,482,5
16,364,5,32
482,16,32,619
5,482,619,5396
32,5,5396,108615
619,32,108615,16
5396,619,16,64
108615,5396,64,201
16,108615,201,47889
64,16,47889,3
201,64,3,194
47889,201,194,37
3,47889,37,32
194,3,32,65873
37,194,65873,32
32,37,32,501
65873,32,501,479
32,65873,479,246
501,32,246,9
479,501,9,4725
246,479,4725,2
9,246,2,1001
4725,9,1001,125
2,4725,125,2633
1001,2,2633,24
125,1001,24,1927
2633,125,1927,32
24,2633,32,871
1927,24,871,4
32,1927,4,159
871,32,159,32
4,871,32,479
159,4,479,2240
32,159,2240,4591
479,32,4591,1018
2240,479,1018,908
4591,2240,908,3950
1018,4591,3950,32
908,1018,32,5
3950,908,5,501
32,3950,501,479
5,32,479,246
501,5,246,9
479,501,9,49
246,479,49,105628
9,246,105628,291
49,9,291,79
105628,49,79,49
291,105628,49,502
79,291,502,720
49,79,720,9
502,49,9,2329
720,502,2329,501
9,720,501,479
2329,9,479,1071
501,2329,1071,9
479,501,9,49
1071,479,49,4725
9,1071,4725,4
49,9,4,290
4725,49,290,9
4,4725,9,2
290,4,2,568
9,290,568,1111
2,9,1111,12
568,2,12,246
1111,568,246,24
12,1111,24,49
246,12,49,804
24,246,804,174
49,24,174,32273
804,49,32273,1018
174,804,1018,44
32273,174,44,3
1018,32273,3,90265
44,1018,90265,3700
3,44,3700,3950
90265,3,3950,32
3700,90265,32,774
3950,3700,774,2
32,3950,2,11
774,32,11,14
2,774,14,2366
11,2,2366,22
14,11,22,564
2366,14,564,6
22,2366,6,479
564,22,479,4
6,564,4,477
479,6,477,465
4,479,465,6
477,4,6,885
465,477,885,61383
6,465,61383,403
885,6,403,8
61383,885,8,33
403,61383,33,34
8,403,34,628
33,8,628,3
34,33,3,49
628,34,49,4
3,628,4,117
49,3,117,20
4,49,20,370
117,4,370,30
20,117,30,155
370,20,155,83
30,370,83,20
155,30,20,96087
83,155,96087,1018
20,83,1018,49719
96087,20,49719,4464
1018,96087,4464,37
49719,1018,37,108624
4464,49719,108624,41259
37,4464,41259,152
108624,37,152,6
41259,108624,6,4
152,41259,4,125
6,152,125,24
4,6,24,878
125,4,878,8671
24,125,8671,5142
878,24,5142,32
8671,878,32,619
5142,8671,619,4
32,5142,4,63
619,32,63,5
4,619,5,456
63,4,456,9
5,63,9,70
456,5,70,1418
9,456,1418,801
70,9,801,12
1418,70,12,2
801,1418,2,10716
12,801,10716,37
2,12,37,310
10716,2,310,118
37,10716,118,108611
310,37,108611,6
118,310,6,1664
108611,118,1664,3
6,108611,3,2
1664,6,2,2143
3,1664,2143,463
2,3,463,19
2143,2,19,6778
463,2143,6778,17939
19,463,17939,54
6778,19,54,3277
17939,6778,3277,25906
54,17939,25906,3381
3277,54,3381,594
25906,3277,594,74
3381,25906,74,108610
594,3381,108610,5
74,594,5,80621
108610,74,80621,16
5,108610,16,64544
80621,5,64544,41259
16,80621,41259,885
64544,16,885,3014
41259,64544,3014,61
885,41259,61,6
3014,885,6,2238
61,3014,2238,3
6,61,3,310
2238,6,310,23
3,2238,23,117
310,3,117,5
23,310,5,2633
117,23,2633,15
5,117,15,97139
2633,5,97139,7130
15,2633,7130,1234
97139,15,1234,69
7130,97139,69,788
1234,7130,788,4
69,1234,4,125
788,69,125,6377
4,788,6377,24
125,4,24,878
6377,125,878,1652
24,6377,1652,446
878,24,446,5
1652,878,5,748
446,1652,748,1143
5,446,1143,11269
748,5,11269,7130
1143,748,7130,42
11269,1143,42,5
7130,11269,5,12469
42,7130,12469,3381
5,42,3381,911
12469,5,911,812
3381,12469,812,13
911,3381,13,12
812,911,12,69971
13,812,69971,3381
12,13,3381,127
69971,12,127,53338
3381,69971,53338,90
127,3381,90,812
53338,127,812,31
90,53338,31,18
812,90,18,3
31,812,3,155
18,31,155,168
3,18,168,29172
155,3,29172,3
168,155,3,93
29172,168,93,422
3,29172,422,61
93,3,61,69
422,93,69,656
61,422,656,44236
69,61,44236,3381
656,69,3381,187
44236,656,187,477
3381,44236,477,3
187,3381,3,17
477,187,17,382
3,477,382,6
17,3,6,125
382,17,125,3
6,382,3,885
125,6,885,4
3,125,4,69
885,3,69,1286
4,885,1286,6135
69,4,6135,4401
1286,69,4401,7130
6135,1286,7130,1281
4401,6135,1281,2
7130,4401,2,1012
1281,7130,1012,1544
2,1281,1544,44092
1012,2,44092,42
1544,1012,42,5
44092,1544,5,33
42,44092,33,982
5,42,982,251
33,5,251,180
982,33,180,23
251,982,23,112
180,251,112,5544
23,180,5544,5413
112,23,5413,101633
5544,112,101633,885
5413,5544,885,4
101633,5413,4,4401
885,101633,4401,93
4,885,93,6
4401,4,6,2605
93,4401,2605,15
6,93,15,7130
2605,6,7130,885
15,2605,885,863
7130,15,863,108589
885,7130,108589,113
863,885,113,30
108589,863,30,16
113,108589,16,203
30,113,203,7967
16,30,7967,3
