800,3,6009,195
449,800,195,2755
6009,449,2755,5688
195,6009,5688,4
2755,195,4,2432
5688,2755,2432,24
4,5688,24,161
2432,4,161,43
24,2432,43,92
161,24,92,4
43,161,4,432
92,43,432,1808
4,92,1808,3
432,4,3,144
1808,432,144,22
3,1808,22,288
144,3,288,4
22,144,4,338
288,22,338,348
4,288,348,32
338,4,32,14
348,338,14,68
32,348,68,1192
14,32,1192,3
68,14,3,3499
1192,68,3499,800
3,1192,800,8664
3499,3,8664,2432
800,3499,2432,15
8664,800,15,22
2432,8664,22,176
15,2432,176,4
22,15,4,214
176,22,214,163
4,176,163,54
214,4,54,40
163,214,40,17
54,163,17,1535
40,54,1535,859
17,40,859,13771
1535,17,13771,75
859,1535,75,8664
13771,859,8664,14
75,13771,14,1126
8664,75,1126,11
14,8664,11,873
1126,14,873,1313
11,1126,1313,13045
873,11,13045,15
1313,873,15,2558
13045,1313,2558,105
15,13045,105,938
2558,15,938,4
105,2558,4,873
938,105,873,1313
4,938,1313,2
873,4,2,5306
1313,873,5306,8312
2,1313,8312,8
5306,2,8,7
8312,5306,7,1049
8,8312,1049,136
7,8,136,2142
1049,7,2142,5
136,1049,5,51
2142,136,51,597
5,2142,597,6
51,5,6,71
597,51,71,252
6,597,252,14
71,6,14,254
252,71,254,122
14,252,122,916
254,14,916,2205
122,254,2205,14
916,122,14,6
2205,916,6,3495
14,2205,3495,5
6,14,5,41071
3495,6,41071,10
5,3495,10,334
41071,5,334,1066
10,41071,1066,12
334,10,12,14845
1066,334,14845,29
12,1066,29,47213
14845,12,47213,36
29,14845,36,23
47213,29,23,275
36,47213,275,47229
23,36,47229,991
275,23,991,54
47229,275,54,30
991,47229,30,50
54,991,50,48
30,54,48,1192
50,30,1192,3
48,50,3,488
1192,48,488,2357
3,1192,2357,37
488,3,37,61149
2357,488,61149,1017
37,2357,1017,9
61149,37,9,25
1017,61149,25,241
9,1017,241,2
25,9,2,9
241,25,9,32
2,241,32,13420
9,2,13420,400
32,9,400,919
13420,32,919,15
400,13420,15,8664
919,400,8664,8
15,919,8,1409
8664,15,1409,448
8,8664,448,15
1409,8,15,8664
448,1409,8664,872
15,448,872,8501
8664,15,8501,102
872,8664,102,32
8501,872,32,9
102,8501,9,3660
32,102,3660,8251
9,32,8251,89
3660,9,89,2
8251,3660,2,2
89,8251,2,20007
2,89,20007,31
2,2,31,14
20007,2,14,4766
31,20007,4766,9
14,31,9,711
4766,14,711,4
9,4766,4,2424
711,9,2424,3
4,711,3,3304
2424,4,3304,750
3,2424,750,24
3304,3,24,32
750,3304,32,3
24,750,3,8664
32,24,8664,8
3,32,8,40
8664,3,40,1072
8,8664,1072,159
40,8,159,43
1072,40,43,269
159,1072,269,5
43,159,5,35
269,43,35,1404
5,269,1404,4547
35,5,4547,8664
1404,35,8664,7
4547,1404,7,2392
8664,4547,2392,2
7,8664,2,2593
2392,7,2593,400
2,2392,400,919
2593,2,919,15
400,2593,15,2558
919,400,2558,88987
15,919,88987,213
2558,15,213,2485
88987,2558,2485,13
213,88987,13,42
2485,213,42,5
13,2485,5,95
42,13,95,37381
5,42,37381,215
95,5,215,92
37381,95,92,285
215,37381,285,4
92,215,4,122
285,92,122,10
4,285,10,635
122,4,635,18
10,122,18,8614
635,10,8614,5842
18,635,5842,5
8614,18,5,78
5842,8614,78,32
5,5842,32,144
78,5,144,9
32,78,9,449
144,32,449,6009
9,144,6009,991
449,9,991,10
6009,449,10,34
991,6009,34,88
10,991,88,253
34,10,253,179
88,34,179,15
253,88,15,3164
179,253,3164,192
15,179,192,43
3164,15,43,127
192,3164,127,85
43,192,85,1541
127,43,1541,2
85,127,2,5278
1541,85,5278,63
2,1541,63,78
5278,2,78,32
63,5278,32,584
78,63,584,635
32,78,635,2731
584,32,2731,196
635,584,196,136
2731,635,136,24
196,2731,24,269
136,196,269,5
24,136,5,35
269,24,35,78
5,269,78,32
35,5,32,6997
78,35,6997,6113
32,78,6113,6
6997,32,6,2279
6113,6997,2279,3694
6,6113,3694,5
2279,6,5,11011
3694,2279,11011,10879
5,3694,10879,25
11011,5,25,1966
10879,11011,1966,3
25,10879,3,663
1966,25,663,832
3,1966,832,10494
663,3,10494,12
832,663,12,558
10494,832,558,4
12,10494,4,672
558,12,672,982
4,558,982,248
672,4,248,1798
982,672,1798,357
248,982,357,19
1798,248,19,2473
357,1798,2473,67
19,357,67,463
2473,19,463,12
67,2473,12,112
463,67,112,1954
12,463,1954,338
112,12,338,703
1954,112,703,336
338,1954,336,20
755,263,416,5
5539,755,5,32563
416,5539,32563,1914
5,416,1914,167
32563,5,167,6
1914,32563,6,1575
167,1914,1575,82
6,167,82,441
1575,6,441,1828
82,1575,1828,6881
441,82,6881,3640
1828,441,3640,2890
6881,1828,2890,7
3640,6881,7,67
2890,3640,67,257
7,2890,257,3229
67,7,3229,216
257,67,216,9136
3229,257,9136,30
216,3229,30,336
9136,216,336,259
30,9136,259,24
336,30,24,57
259,336,57,333
24,259,333,525
57,24,525,15
333,57,15,257
525,333,257,294
15,525,294,15
257,15,15,67
294,257,67,1875
15,294,1875,10
67,15,10,7
1875,67,7,1315
10,1875,1315,19
7,10,19,67
1315,7,67,2253
19,1315,2253,979
67,19,979,112
2253,67,112,8303
979,2253,8303,227
112,979,227,92
8303,112,92,909
227,8303,909,4
92,227,4,745
909,92,745,5493
4,909,5493,348
745,4,348,19
5493,745,19,2890
348,5493,2890,12
19,348,12,355
2890,19,355,109
12,2890,109,37433
355,12,37433,5493
109,355,5493,483
37433,109,483,164
5493,37433,164,1394
483,5493,1394,806
164,483,806,3
1394,164,3,483
806,1394,483,5493
3,806,5493,745
483,3,745,55
5493,483,55,6194
745,5493,6194,4986
55,745,4986,1223
6194,55,1223,708
4986,6194,708,1429
1223,4986,1429,19
708,1223,19,501
1429,708,501,5946
19,1429,5946,227
501,19,227,92
5946,501,92,5493
227,5946,5493,348
92,227,348,6367
5493,92,6367,19
348,5493,19,6851
6367,348,6851,1234
19,6367,1234,11917
6851,19,11917,10
1234,6851,10,7
11917,1234,7,1448
10,11917,1448,3
7,10,3,2372
1448,7,2372,1097
3,1448,1097,5
2372,3,5,42
1097,2372,42,9581
5,1097,9581,19
42,5,19,1724
9581,42,1724,745
19,9581,745,3
1724,19,3,1132
745,1724,1132,51
3,745,51,26
1132,3,26,14
51,1132,14,4
26,51,4,147
14,26,147,270
4,14,270,4
147,4,4,96
270,147,96,37433
4,270,37433,1995
96,4,1995,74
37433,96,74,205
1995,37433,205,745
74,1995,745,615
205,74,615,9
745,205,9,306
615,745,306,2722
9,615,2722,9
306,9,9,3367
2722,306,3367,55
9,2722,55,346
3367,9,346,271
55,3367,271,9
346,55,9,597
271,346,597,23
9,271,23,6851
597,9,6851,1234
23,597,1234,2077
6851,23,2077,5434
1234,6851,5434,1014
2077,1234,1014,4
5434,2077,4,30763
1014,5434,30763,4918
4,1014,4918,4028
30763,4,4028,16390
4918,30763,16390,4840
4028,4918,4840,186
16390,4028,186,58543
4840,16390,58543,58945
186,4840,58945,1015
58543,186,1015,1983
58945,58543,1983,565
1015,58945,565,3
1983,1015,3,883
565,1983,883,124
3,565,124,7518
883,3,7518,20309
124,883,20309,30233
7518,124,30233,7984
20309,7518,7984,3
30233,20309,3,5483
7984,30233,5483,1736
3,7984,1736,3231
5483,3,3231,573
1736,5483,573,3233
3231,1736,3233,2214
573,3231,2214,19247
3233,573,19247,4933
2214,3233,4933,738
19247,2214,738,19902
4933,19247,19902,64077
738,4933,64077,19798
19902,738,19798,1486
64077,19902,1486,969
19798,64077,969,76718
1486,19798,76718,21956
969,1486,21956,15
76718,969,15,104637
21956,76718,104637,232
15,21956,232,5493
104637,15,5493,348
232,104637,348,6367
5493,232,6367,19
348,5493,19,6851
6367,348,6851,1234
19,6367,1234,227
6851,19,227,92
1234,6851,92,909
227,1234,909,4
92,227,4,745
909,92,745,55
4,909,55,2305
745,4,2305,1721
55,745,1721,64
2305,55,64,385
1721,2305,385,762
64,1721,762,5946
385,64,5946,1995
762,385,1995,74
5946,762,74,205
1995,5946,205,1721
74,1995,1721,64
205,74,64,1429
1721,205,1429,109002
64,1721,109002,64
1429,64,64,1223
109002,1429,1223,833
64,109002,833,589
1223,64,589,5
833,1223,5,82964
589,833,82964,1294
5,589,1294,20
82964,5,20,5493
1294,82964,5493,348
20,1294,348,420
5493,20,420,5946
348,5493,5946,4
420,348,4,1961
5946,420,1961,2788
4,5946,2788,2432
1961,4,2432,9
2788,1961,9,161
2432,2788,161,943
9,2432,943,4
161,9,4,3837
943,161,3837,1911
4,943,1911,24
3837,4,24,715
1911,3837,715,5
24,1911,5,2
715,24,2,39
5,715,39,2573
2,5,2573,36
39,2,36,852
2573,39,852,968
36,2573,968,303
852,36,303,3
968,852,3,3997
303,968,3997,4
3,303,4,5413
3997,3,5413,5
4,3997,5,2
5413,4,2,39
5,5413,39,17
2,5,17,48
39,2,48,22506
17,39,22506,16
48,17,16,1131
22506,48,1131,61
16,22506,61,3
1131,16,3,332
61,1131,332,417
3,61,417,1911
332,3,1911,1194
417,332,1194,1911
1911,417,1911,1194
1194,1911,1194,16
1911,1194,16,292
1194,1911,292,12
16,1194,12,626
292,16,626,227
12,292,227,92
626,12,92,909
227,626,909,36
92,227,36,745
909,92,745,935
36,909,935,25
745,36,25,779
935,745,779,942
25,935,942,12
779,25,12,809
942,779,809,2876
12,942,2876,1141
809,12,1141,23
2876,809,23,36
1141,2876,36,236
23,1141,236,316
36,23,316,19
236,36,19,791
316,236,791,6851
19,316,6851,1234
791,19,1234,1978
6851,791,1978,427
1234,6851,427,23
1978,1234,23,473
427,1978,473,168
23,427,168,466
473,23,466,24
168,473,24,353
466,168,353,3
24,466,3,1171
353,24,1171,11217
3,353,11217,332
1171,3,332,60
11217,1171,60,4
332,11217,4,316
60,332,316,7
4,60,7,236
316,4,236,6851
7,316,6851,1234
236,7,1234,213
6851,236,213,3313
1234,6851,3313,2216
213,1234,2216,8
3313,213,8,18796
2216,3313,18796,966
8,2216,966,48
18796,8,48,7573
966,18796,7573,2469
48,966,2469,406
7573,48,406,935
2469,7573,935,2451
406,2469,2451,4
935,406,4,2504
2451,935,2504,1190
4,2451,1190,2
2504,4,2,149
1190,2504,149,2
2,1190,2,1911
149,2,1911,1194
2,149,1194,483
1911,2,483,5493
1194,1911,5493,6851
483,1194,6851,1234
5493,483,1234,348
6851,5493,348,270
1234,6851,270,10
348,1234,10,1041
270,348,1041,1961
10,270,1961,4
1041,10,4,385
1961,1041,385,361
4,1961,361,3
385,4,3,1346
361,385,1346,41
3,361,41,37
1346,3,37,1911
41,1346,1911,1194
37,41,1194,1995
1911,37,1995,67
1194,1911,67,766
1995,1194,766,188
67,1995,188,4
766,67,4,57
188,766,57,344
4,188,344,829
57,4,829,37
344,57,37,348
829,344,348,155
37,829,155,3
348,37,3,112
155,348,112,5493
3,155,5493,1087
112,3,1087,4
5493,112,4,1394
1087,5493,1394,12
4,1087,12,1978
1394,4,1978,427
12,1394,427,36
1978,12,36,137
427,1978,137,112
36,427,112,10287
137,36,10287,588
112,137,588,2448
10287,112,2448,171
588,10287,171,23967
2448,588,23967,428
171,2448,428,6851
23967,171,6851,1234
428,23967,1234,11917
6851,428,11917,7
1234,6851,7,1838
11917,1234,1838,19
7,11917,19,51675
1838,7,51675,3020
19,1838,3020,3876
51675,19,3876,109003
3020,51675,109003,829
3876,3020,829,12
109003,3876,12,10287
829,109003,10287,588
12,829,588,2448
10287,12,2448,171
588,10287,171,23967
2448,588,23967,428
171,2448,428,960
23967,171,960,259
106,2146,118,2154
7,106,2154,73
118,7,73,2
2154,118,2,9770
73,2154,9770,11087
2,73,11087,6
9770,2,6,85
11087,9770,85,10
6,11087,10,7
85,6,7,388
10,85,388,2
7,10,2,271
388,7,271,4043
2,388,4043,4
271,2,4,4633
4043,271,4633,2
4,4043,2,4
4633,4,4,34353
2,4633,34353,23
4,2,23,20615
34353,4,20615,6
23,34353,6,2
20615,23,2,1034
6,20615,1034,14508
2,6,14508,3115
1034,2,3115,1135
14508,1034,1135,2098
3115,14508,2098,3
1135,3115,3,817
2098,1135,817,2146
3,2098,2146,106
817,3,106,20
2146,817,20,85
106,2146,85,644
20,106,644,84503
85,20,84503,30
644,85,30,573
84503,644,573,79
30,84503,79,355
573,30,355,43
79,573,43,85
355,79,85,48
43,355,48,94
85,43,94,16
48,85,16,8533
94,48,8533,9
16,94,9,2146
8533,16,2146,106
9,8533,106,46
2146,9,46,4
106,2146,4,9
46,106,9,201
4,46,201,337
9,4,337,2146
201,9,2146,16
337,201,16,2
2146,337,2,1170
16,2146,1170,3204
2,16,3204,9
1170,2,9,98
3204,1170,98,69
9,3204,69,169
98,9,169,16
69,98,16,84
169,69,84,2916
16,169,2916,3
84,16,3,106
2916,84,106,54
3,2916,54,7
106,3,7,41
54,106,41,65
7,54,65,1657
41,7,1657,1013
65,41,1013,3
1657,65,3,268
1013,1657,268,568
3,1013,568,59
268,3,59,453
568,268,453,570
59,568,570,15
453,59,15,66929
570,453,66929,114
15,570,114,929
66929,15,929,99
114,66929,99,60
929,114,60,534
99,929,534,45
60,99,45,18
534,60,18,5969
45,534,5969,2003
18,45,2003,7855
5969,18,7855,106
2003,5969,106,23
7855,2003,23,183
106,7855,183,60
23,106,60,2146
183,23,2146,16
60,183,16,2926
2146,60,2926,186
16,2146,186,253
2926,16,253,3
186,2926,3,106
253,186,106,65
3,253,65,38
106,3,38,2018
65,106,2018,4838
38,65,4838,15
2018,38,15,86
4838,2018,86,231
15,4838,231,727
86,15,727,454
231,86,454,106
727,231,106,6
454,727,6,128
106,454,128,127
6,106,127,85
128,6,85,2419
127,128,2419,20
85,127,20,53
2419,85,53,64
20,2419,64,194
53,20,194,8
64,53,8,48
194,64,48,105
8,194,105,675
48,8,675,34
105,48,34,17
675,105,17,1333
34,675,1333,490
17,34,490,3
1333,17,3,93
490,1333,93,81
3,490,81,3
93,3,3,360
81,93,360,5808
3,81,5808,20
360,3,20,64209
5808,360,64209,196
20,5808,196,21569
64209,20,21569,1015
196,64209,1015,3642
21569,196,3642,321
1015,21569,321,7
3642,1015,7,82
321,3642,82,4
7,321,4,5870
82,7,5870,7855
4,82,7855,82
5870,4,82,12479
7855,5870,12479,3
82,7855,3,1340
12479,82,1340,2146
3,12479,2146,39473
1340,3,39473,7
2146,1340,7,353
39473,2146,353,810
7,39473,810,4
353,7,4,24114
810,353,24114,5
4,810,5,258
24114,4,258,5
5,24114,5,81
258,5,81,1812
5,258,1812,42
81,5,42,2750
1812,81,2750,14772
42,1812,14772,7
2750,42,7,116
14772,2750,116,41
7,14772,41,65
116,7,65,2
41,116,2,281
65,41,281,57
2,65,57,26
281,2,26,415
57,281,415,2434
26,57,2434,4
415,26,4,1483
2434,415,1483,62031
4,2434,62031,7
1483,4,7,18
62031,1483,18,2
7,62031,2,1741
18,7,1741,8
2,18,8,77
1741,2,77,420
8,1741,420,531
77,8,531,3
420,77,3,9538
531,420,9538,38
3,531,38,5991
9538,3,5991,5868
38,9538,5868,6
5991,38,6,2
5868,5991,2,4012
6,5868,4012,958
2,6,958,4
4012,2,4,16932
958,4012,16932,26
4,958,26,18
16932,4,18,21
26,16932,21,321
18,26,321,277
21,18,277,29
321,21,29,1428
277,321,1428,327
29,277,327,7014
1428,29,7014,4
327,1428,4,873
7014,327,873,38
4,7014,38,83
873,4,83,83033
38,873,83033,94
83,38,94,123
83033,83,123,383
94,83033,383,395
123,94,395,20
383,123,20,571
395,383,571,1042
20,395,1042,5
571,20,5,81
1042,571,81,40
5,1042,40,17
81,5,17,4
40,81,4,309
17,40,309,5
4,17,5,1191
309,4,1191,552
5,309,552,10
1191,5,10,77
552,1191,77,513
10,552,513,1002
77,10,1002,75006
513,77,75006,2290
1002,513,2290,7588
75006,1002,7588,23
2290,75006,23,39
7588,2290,39,1207
23,7588,1207,1670
39,23,1670,13547
1207,39,13547,72
1670,1207,72,62
13547,1670,62,547
72,13547,547,2
62,72,2,28612
547,62,28612,7
2,547,7,353
28612,2,353,329
7,28612,329,180
353,7,180,4761
329,353,4761,2
180,329,2,1067
4761,180,1067,5
2,4761,5,1110
1067,2,1110,24
5,1067,24,2
1110,5,2,281
24,1110,281,66
2,24,66,404
281,2,404,15
66,281,15,2
404,66,2,12648
15,404,12648,534
2,15,534,28612
12648,2,28612,2146
534,12648,2146,2848
28612,534,2848,2
2146,28612,2,2362
2848,2146,2362,5
2,2848,5,2516
2362,2,2516,6
5,2362,6,241
2516,5,241,182
6,2516,182,88184
241,6,88184,10
182,241,10,14
88184,182,14,37
10,88184,37,62
14,10,62,15694
37,14,15694,31
62,37,31,4
15694,62,4,3833
31,15694,3833,1152
4,31,1152,168
3833,4,168,5137
1152,3833,5137,1408
168,1152,1408,635
5137,168,635,93
1408,5137,93,13069
635,1408,13069,285
93,635,285,4
13069,93,4,6068
285,13069,6068,9
4,285,9,1309
6068,4,1309,1593
9,6068,1593,4
1309,9,4,7455
1593,1309,7455,2708
4,1593,2708,4521
7455,4,4521,5
2708,7455,5,157
4521,2708,157,4
5,4521,4,652
157,5,652,329
4,157,329,2
652,4,2,7704
329,652,7704,16364
2,329,16364,9
7704,2,9,51
16364,7704,51,10
9,16364,10,106975
51,9,106975,534
10,51,534,28612
106975,10,28612,411
534,106975,411,1593
28612,534,1593,180
411,28612,180,1411
1593,411,1411,8
180,1593,8,245
1411,180,245,1735
8,1411,1735,7
245,8,7,380
1735,245,380,485
7,1735,485,5
380,7,5,15694
485,380,15694,25
5,485,25,31
15694,5,31,353
25,15694,353,7
31,25,7,3
353,31,3,741
7,353,741,4
3,7,4,321
741,3,321,174
4,741,174,8856
321,4,8856,4
174,321,4,2410
8856,174,2410,18643
4,8856,18643,763
2410,4,763,104
18643,2410,104,9770
763,18643,9770,11087
104,763,11087,15
9770,104,15,271
11087,9770,271,73
15,11087,73,27218
271,15,27218,5
73,271,5,4
27218,73,4,12894
5,27218,12894,18135
4,5,18135,2
12894,4,2,2536
18135,12894,2536,1588
2,18135,1588,2311
2536,2,2311,6
1588,2536,6,5055
2311,1588,5055,10169
6,2311,10169,38
5055,6,38,2569
10169,5055,2569,55024
38,10169,55024,7
2569,38,7,1735
55024,2569,1735,29
7,55024,29,115
1735,7,115,21
29,1735,21,2207
115,29,2207,16932
21,115,16932,34353
2207,21,34353,6144
16932,2207,6144,76
34353,16932,76,5
6144,34353,5,2410
76,6144,2410,100
5,76,100,85076
2410,5,85076,108
100,2410,108,288
85076,100,288,2069
108,85076,2069,1906
288,108,1906,450
2069,288,450,68754
