1804,14,10,11753
4,1804,11753,89
10,4,89,378
11753,10,378,41
89,11753,41,374
378,89,374,65
41,378,65,32
374,41,32,6
65,374,6,35
32,65,35,1404
6,32,1404,6
35,6,6,3728
1404,35,3728,32
6,1404,32,517
3728,6,517,15
32,3728,15,41
517,32,41,65
15,517,65,129
41,15,129,5
65,41,5,106
129,65,106,46
5,129,46,4
106,5,4,3170
46,106,3170,41
4,46,41,374
3170,4,374,65
41,3170,65,3202
374,41,3202,325
65,374,325,330
3202,65,330,5
325,3202,5,145
330,325,145,69
5,330,69,3
145,5,3,1388
69,145,1388,11
3,69,11,1915
1388,3,1915,41
11,1388,41,374
1915,11,374,405
41,1915,405,32
374,41,32,6
405,374,6,237
32,405,237,9
6,32,9,135
237,6,135,30249
9,237,30249,1136
135,9,1136,2596
30249,135,2596,2727
1136,30249,2727,7
2596,1136,7,51
2727,2596,51,145
7,2727,145,327
51,7,327,3273
145,51,3273,298
327,145,298,2
3273,327,2,114
298,3273,114,6
2,298,6,363
114,2,363,529
6,114,529,35
363,6,35,46
529,363,46,211
35,529,211,410
46,35,410,2047
211,46,2047,4
410,211,4,742
2047,410,742,46
4,2047,46,155
742,4,155,3
46,742,3,18746
155,46,18746,5
3,155,5,270
18746,3,270,32
5,18746,32,13
270,5,13,374
32,270,374,3
13,32,3,145
374,13,145,46
3,374,46,2
145,3,2,345
46,145,345,5
2,46,5,8
345,2,8,242
5,345,242,8
8,5,8,32
242,8,32,13
8,242,13,129
32,8,129,5
13,32,5,374
129,13,374,11
5,129,11,147
374,5,147,3
11,374,3,247
147,11,247,135
3,147,135,97
247,3,97,84131
135,247,84131,2337
97,135,2337,46
84131,97,46,32
2337,84131,32,7
46,2337,7,6529
32,46,6529,80
7,32,80,223
6529,7,223,20
80,6529,20,151
223,80,151,5
20,223,5,612
151,20,612,158
5,151,158,4
612,5,4,97
158,612,97,14475
4,158,14475,46
97,4,46,4
14475,97,4,11
46,14475,11,13
4,46,13,374
11,4,374,3
13,11,3,145
374,13,145,2
3,374,2,1381
145,3,1381,5
2,145,5,1155
1381,2,1155,2158
5,1381,2158,8
1155,5,8,7
2158,1155,7,2
8,2158,2,2215
7,8,2215,345
2,7,345,65
2215,2,65,1381
345,2215,1381,19
65,345,19,54
1381,65,54,32
19,1381,32,367
54,19,367,10403
32,54,10403,8148
367,32,8148,617
10403,367,617,71
8148,10403,71,6
617,8148,6,241
71,617,241,4130
6,71,4130,5
241,6,5,289
4130,241,289,26052
5,4130,26052,345
289,5,345,132
26052,289,132,21
345,26052,21,313
132,345,313,12183
21,132,12183,75
313,21,75,48
12183,313,48,462
75,12183,462,374
48,75,374,16
462,48,16,321
374,462,321,3
16,374,3,17
321,16,17,6228
3,321,6228,6
17,3,6,1225
6228,17,1225,4
6,6228,4,1551
1225,6,1551,3
4,1225,3,154
1551,4,154,255
3,1551,255,9
154,3,9,145
255,154,145,7
9,255,7,8
145,9,8,162
7,145,162,6228
8,7,6228,38
162,8,38,374
6228,162,374,9525
38,6228,9525,6
374,38,6,207
9525,374,207,35
6,9525,35,46
207,6,46,1874
35,207,1874,8
46,35,8,175
1874,46,175,84
8,1874,84,4
175,8,4,59
84,175,59,428
4,84,428,117
59,4,117,860
428,59,860,548
117,428,548,53
860,117,53,7
548,860,7,64
53,548,64,35
7,53,35,120
64,7,120,32
35,64,32,34
120,35,34,17
32,120,17,1730
34,32,1730,87406
17,34,87406,140
1730,17,140,7
87406,1730,7,21
140,87406,21,362
7,140,362,9
21,7,9,145
362,21,145,11
9,362,11,13
145,9,13,3
11,145,3,192
13,11,192,19
3,13,19,2
192,3,2,182
19,192,182,3
2,19,3,96
182,2,96,61
3,182,61,98
96,3,98,280
61,96,280,36630
98,61,36630,13
280,98,13,260
36630,280,260,42
13,36630,42,8
260,13,8,123
42,260,123,9
8,42,9,482
123,8,482,2733
9,123,2733,11
482,9,11,517
2733,482,517,53
11,2733,53,647
517,11,647,19
53,517,19,173
647,53,173,4
19,647,4,3170
173,19,3170,41
4,173,41,374
3170,4,374,65
41,3170,65,145
374,41,145,36
65,374,36,2123
145,65,2123,12
36,145,12,8
2123,36,8,183
12,2123,183,44
8,12,44,2870
183,8,2870,145
44,183,145,19
2870,44,19,173
145,2870,173,4
19,145,4,30192
173,19,30192,374
4,173,374,36
30192,4,36,8930
374,30192,8930,3728
36,374,3728,120
8930,36,120,32
3728,8930,32,192
120,3728,192,3095
32,120,3095,3
192,32,3,2
3095,192,2,2060
3,3095,2060,1113
2,3,1113,5
2060,2,5,35359
1113,2060,35359,42
5,1113,42,273
35359,5,273,192
42,35359,192,324
273,42,324,6
192,273,6,39
324,192,39,632
6,324,632,289
39,6,289,29
632,39,29,22
289,632,22,1381
29,289,1381,3095
22,29,3095,3
1381,22,3,2
3095,1381,2,2060
3,3095,2060,374
2,3,374,1113
2060,2,1113,5
374,2060,5,1752
1113,374,1752,87
5,1113,87,776
1752,5,776,2337
87,1752,2337,1098
776,87,1098,3
2337,776,3,32
1098,2337,32,1825
3,1098,1825,49
32,3,49,374
1825,32,374,1113
49,1825,1113,61
374,49,61,3
1113,374,3,2642
61,1113,2642,22
3,61,22,3297
2642,3,3297,6
22,2642,6,1742
3297,22,1742,1551
6,3297,1551,145
1742,6,145,517
1551,1742,517,19
145,1551,19,173
517,145,173,29
19,517,29,2337
173,19,2337,2727
29,173,2727,1389
2337,29,1389,94
2727,2337,94,332
1389,2727,332,365
94,1389,365,60990
332,94,60990,23
365,332,23,235
60990,365,235,303
23,60990,303,5
235,23,5,273
303,235,273,949
5,303,949,3
273,5,3,17
949,273,17,621
3,949,621,298
17,3,298,378
621,17,378,35
298,621,35,18
378,298,18,41
35,378,41,65
18,35,65,374
41,18,374,3
65,41,3,276
374,65,276,56
3,374,56,410
276,3,410,2047
56,276,2047,742
410,56,742,4
2047,410,4,464
742,2047,464,673
4,742,673,307
464,4,307,540
673,464,540,736
307,673,736,835
540,307,835,8
736,540,8,145
835,736,145,13
8,835,13,2
145,8,2,273
13,145,273,1228
2,13,1228,3
273,2,3,4947
1228,273,4947,32
3,1228,32,345
4947,3,345,387
32,4947,387,129
345,32,129,3
387,345,3,129
129,387,129,6
3,129,6,410
129,3,410,4
6,129,4,13
410,6,13,4
4,410,4,2039
13,4,2039,5
4,13,5,129
2039,4,129,3
5,2039,3,129
129,5,129,6
3,129,6,742
129,3,742,184
6,129,184,3
742,6,3,1472
184,742,1472,25340
3,184,25340,1186
1472,3,1186,237
25340,1472,237,6
1186,25340,6,2047
237,1186,2047,184
6,237,184,3
2047,6,3,30168
184,2047,30168,7
3,184,7,1702
30168,3,1702,15
7,30168,15,32
1702,7,32,23
15,1702,23,129
32,15,129,4
23,32,4,145
129,23,145,23
4,129,23,18724
145,4,18724,1427
23,145,1427,33
18724,23,33,44
1427,18724,44,987
33,1427,987,6
44,33,6,1338
987,44,1338,13
6,987,13,145
1338,6,145,83
13,1338,83,173
145,13,173,4
83,145,4,11
173,83,11,517
4,173,517,53
11,4,53,25
517,11,25,20
53,517,20,987
25,53,987,77
20,25,77,17
987,20,17,732
77,987,732,100004
17,77,100004,10
732,17,10,77
100004,732,77,255
10,100004,255,9
77,10,9,145
255,77,145,7
9,255,7,20
145,9,20,329
7,145,329,44
20,7,44,332
329,20,332,5
44,329,5,30168
332,44,30168,1186
5,332,1186,7
30168,5,7,198
1186,30168,198,19
7,1186,19,173
198,7,173,6
19,198,6,32
173,19,32,950
6,173,950,383
32,6,383,8
950,32,8,20
383,950,20,7
8,383,7,2
20,8,2,486
7,20,486,3666
2,7,3666,7
486,2,7,131
3666,486,131,136
7,3666,136,967
131,7,967,2
136,131,2,3080
967,136,3080,2410
2,967,2410,156
3080,2,156,2
2410,3080,2,20
156,2410,20,42
2,156,42,40
20,2,40,17
42,20,17,198
40,42,198,19
17,40,19,80
198,17,80,349
19,198,349,3
80,19,3,8
349,80,8,869
3,349,869,8
8,3,8,40
869,8,40,242
8,869,242,145
40,8,145,689
242,40,689,410
145,242,410,19
689,145,19,795
410,689,795,4468
19,410,4468,1615
795,19,1615,807
4468,795,807,32
1615,4468,32,6
807,1615,6,742
32,807,742,4
6,32,4,192
742,6,192,2047
4,742,2047,19
192,4,19,173
2047,192,173,374
19,2047,374,9606
173,19,9606,24
374,173,24,8
9606,374,8,9330
24,9606,9330,5
8,24,5,284
9330,8,284,10
5,9330,10,40
284,5,40,462
10,284,462,828
40,10,828,950
462,40,950,15774
828,462,15774,7
950,828,7,6
15774,950,6,2
7,15774,2,423
6,7,423,120
2,6,120,817
423,2,817,35
120,423,35,7
817,120,7,21
35,817,21,349
7,35,349,3
21,7,3,362
349,21,362,52
3,349,52,11
362,3,11,14
52,362,14,3
11,52,3,17
14,11,17,97
3,14,97,287
17,3,287,11
97,17,11,147
287,97,147,3
11,287,3,483
147,11,483,817
3,147,817,273
483,3,273,35
817,483,35,19
273,817,19,273
35,273,273,1381
19,35,1381,2
273,19,2,6
1381,273,6,817
2,1381,817,2047
6,2,2047,36
817,6,36,410
2047,817,410,19
36,2047,19,36
410,36,36,22769
19,410,22769,313
36,19,313,131
22769,36,131,1598
313,22769,1598,536
131,313,536,298
1598,131,298,36
536,1598,36,820
298,536,820,52
36,298,52,268
820,36,268,106
52,820,106,16
268,52,16,98
106,268,98,2098
16,106,2098,10
98,16,10,34
2098,98,34,17
10,2098,17,2
34,10,2,1191
17,34,1191,1295
2,17,1295,9
1191,2,9,145
1295,1191,145,53
9,1295,53,18
145,9,18,47
53,145,47,80
18,53,80,85
47,18,85,330
80,47,330,6
85,80,6,237
330,85,237,25
6,330,25,239
237,6,239,32
25,237,32,13
239,25,13,11753
32,239,11753,374
13,32,374,6
11753,13,6,776
374,11753,776,5
6,374,5,81
776,6,81,122
5,776,122,103
81,5,103,94
122,81,94,2393
103,122,2393,3
94,103,3,2
2393,94,2,1382
3,2393,1382,6
2,3,6,6609
1382,2,6609,39
6,1382,39,68637
6609,6,68637,5
39,6609,5,20
68637,39,20,242
5,68637,242,8
20,5,8,145
242,20,145,396
8,242,396,46
145,8,46,4
396,145,4,635
46,396,635,46
4,46,46,319
635,4,319,438
46,635,438,817
319,46,817,35
438,319,35,323
817,438,323,6
35,817,6,461
323,35,461,5
6,323,5,2896
461,6,2896,4
5,461,4,319
2896,5,319,13442
4,2896,13442,24
319,4,24,22
13442,319,22,1224
24,13442,1224,29
22,24,29,817
1224,22,817,35
29,1224,35,4
817,29,4,61435
35,817,61435,112
4,35,112,267
61435,4,267,16
112,61435,16,183
267,112,183,2
16,267,2,470
183,16,470,4197
2,183,4197,664
470,2,664,3
4197,470,3,1257
664,4197,1257,36
3,664,36,2201
1257,3,2201,32
36,1257,32,374
2201,36,374,38460
32,2201,38460,234
374,32,234,3
38460,374,3,17
234,38460,17,2
3,234,2,39556
17,3,39556,1786
2,17,1786,9
39556,2,9,145
1786,39556,145,1520
9,1786,1520,217
145,9,217,6
1520,145,6,35
217,1520,35,3
6,217,3,154
35,6,154,483
3,35,483,1972
154,3,1972,946
264,2,5,3657
2645,264,3657,2064
5,2645,2064,8432
3657,5,8432,224
2064,3657,224,40
8432,2064,40,276
224,8432,276,43
40,224,43,3610
276,40,3610,1199
43,276,1199,1871
3610,43,1871,1250
1199,3610,1250,102
1871,1199,102,2445
1250,1871,2445,24
102,1250,24,5242
2445,102,5242,5692
24,2445,5692,717
5242,24,717,1679
5692,5242,1679,31552
717,5692,31552,3519
1679,717,3519,1250
31552,1679,1250,6
3519,31552,6,43
1250,3519,43,77331
6,1250,77331,13
43,6,13,2561
77331,43,2561,2
13,77331,2,2645
2561,13,2645,3558
2,2561,3558,5
2645,2,5,2444
3558,2645,2444,2422
5,3558,2422,1767
2444,5,1767,3618
2422,2444,3618,2
1767,2422,2,10
3618,1767,10,196
2,3618,196,12
10,2,12,132
196,10,132,23
12,196,23,483
132,12,483,5
23,132,5,759
483,23,759,2929
5,483,2929,1701
759,5,1701,6
2929,759,6,13744
1701,2929,13744,122
6,1701,122,43
13744,6,43,506
122,13744,506,158
43,122,158,40
506,43,40,21
158,506,21,2216
40,158,2216,7268
21,40,7268,5
2216,21,5,799
7268,2216,799,26
5,7268,26,7789
799,5,7789,10
26,799,10,2180
7789,26,2180,7882
10,7789,7882,8
2180,10,8,461
7882,2180,461,5
8,7882,5,224
461,8,224,16
5,461,16,253
224,5,253,3
16,224,3,160
253,16,160,2193
3,253,2193,2
160,3,2,358
2193,160,358,1827
2,2193,1827,38
358,2,38,764
1827,358,764,695
38,1827,695,95
764,38,95,461
695,764,461,16
95,695,16,165
461,95,165,696
16,461,696,29
165,16,29,166
696,165,166,34
29,696,34,93
166,29,93,3
34,166,3,137
93,34,137,81
3,93,81,370
137,3,370,7676
81,137,7676,2444
370,81,2444,226
7676,370,226,1097
2444,7676,1097,2
226,2444,2,764
1097,226,764,588
2,1097,588,4
764,2,4,63
588,764,63,71
4,588,71,1153
63,4,1153,775
71,63,775,48264
1153,71,48264,2645
775,1153,2645,3618
48264,775,3618,34
2645,48264,34,420
3618,2645,420,3487
34,3618,3487,9
420,34,9,1282
3487,420,1282,31
9,3487,31,18
1282,9,18,1289
31,1282,1289,8
18,31,8,2444
1289,18,2444,1250
8,1289,1250,9
2444,8,9,3610
1250,2444,3610,840
9,1250,840,77
3610,9,77,3969
840,3610,3969,1814
77,840,1814,5
3969,77,5,670
1814,3969,670,5
5,1814,5,1385
670,5,1385,283
5,670,283,299
1385,5,299,577
283,1385,577,12
299,283,12,1744
577,299,1744,1587
12,577,1587,4
1744,12,4,92
1587,1744,92,231
4,1587,231,2968
92,4,2968,12292
231,92,12292,1264
2968,231,1264,2755
12292,2968,2755,799
1264,12292,799,34480
2755,1264,34480,15
799,2755,15,4037
34480,799,4037,24
15,34480,24,57
4037,15,57,2444
24,4037,2444,226
57,24,226,62
2444,57,62,8
226,2444,8,43
62,226,43,3777
8,62,3777,18
43,8,18,2393
3777,43,2393,3505
18,3777,3505,4
2393,18,4,23
3505,2393,23,275
4,3505,275,375
23,4,375,13744
275,23,13744,3198
375,275,3198,12
13744,375,12,2267
3198,13744,2267,5
12,3198,5,273
2267,12,273,89523
5,2267,89523,2645
273,5,2645,1367
89523,273,1367,364
2645,89523,364,1952
1367,2645,1952,8
364,1367,8,77
1952,364,77,96
8,1952,96,10
77,8,10,1581
96,77,1581,1191
10,96,1191,9
1581,10,9,5692
1191,1581,5692,3
9,1191,3,567
5692,9,567,21353
3,5692,21353,3610
567,3,3610,2493
21353,567,2493,95
3610,21353,95,1952
2493,3610,1952,77
95,2493,77,68
1952,95,68,248
77,1952,248,1365
68,77,1365,34761
248,68,34761,24
1365,248,24,2339
34761,1365,2339,5242
24,34761,5242,1421
2339,24,1421,5
5242,2339,5,2598
1421,5242,2598,14253
5,1421,14253,717
2598,5,717,508
14253,2598,508,2
717,14253,2,16726
508,717,16726,958
2,508,958,43
16726,2,43,7655
958,16726,7655,1509
43,958,1509,9
7655,43,9,70
1509,7655,70,1744
9,1509,1744,122
70,9,122,37974
1744,70,37974,61
122,1744,61,2775
37974,122,2775,4
61,37974,4,3226
2775,61,3226,577
4,2775,577,9
3226,4,9,70
577,3226,70,97751
9,577,97751,131
70,9,131,334
97751,70,334,2613
131,97751,2613,175
334,131,175,51
2613,334,51,5325
175,2613,5325,14
51,175,14,4
5325,51,4,51
14,5325,51,43
4,14,43,7
51,4,7,2768
43,51,2768,28
7,43,28,31215
2768,7,31215,79549
28,2768,79549,437
31215,28,437,5
79549,31215,5,188
437,79549,188,9
5,437,9,1395
188,5,1395,261
9,188,261,51965
1395,9,51965,2444
261,1395,2444,358
51965,261,358,71
2444,51965,71,252
358,2444,252,13
71,358,13,1098
252,71,1098,3
13,252,3,1449
1098,13,1449,934
3,1098,934,5
1449,3,5,10543
934,1449,10543,4707
5,934,4707,6
10543,5,6,717
4707,10543,717,940
6,4707,940,54
717,6,54,242
940,717,242,1724
54,940,1724,875
242,54,875,1710
1724,242,1710,4
875,1724,4,2813
1710,875,2813,2215
4,1710,2215,656
2813,4,656,3
2215,2813,3,4043
656,2215,4043,2394
3,656,2394,54
4043,3,54,242
2394,4043,242,1634
54,2394,1634,786
242,54,786,83
1634,242,83,43
786,1634,43,506
83,786,506,1102
43,83,1102,969
506,43,969,12542
1102,506,12542,13
969,1102,13,1093
12542,969,1093,56
13,12542,56,8
1093,13,8,3610
56,1093,3610,840
8,56,840,465
3610,8,465,18
840,3610,18,3
465,840,3,3606
18,465,3606,889
3,18,889,5
3606,3,5,169
889,3606,169,5
5,889,5,670
169,5,670,3
5,169,3,93
670,5,93,2
3,670,2,39
93,3,39,717
2,93,717,3
39,2,3,535
717,39,535,54
3,717,54,26
535,3,26,40
54,535,40,18
26,54,18,334
40,26,334,3243
18,40,3243,3
334,18,3,25
3243,334,25,261
3,3243,261,571
25,3,571,1250
261,25,1250,9
571,261,9,12233
1250,571,12233,1294
9,1250,1294,29
12233,9,29,12542
1294,12233,12542,13
29,1294,13,68
12542,29,68,1283
13,12542,1283,734
68,13,734,5
1283,68,5,1724
734,1283,1724,136
5,734,136,5242
1724,5,5242,5692
136,1724,5692,717
5242,136,717,3
5692,5242,3,1827
717,5692,1827,535
3,717,535,75
1827,3,75,95
535,1827,95,21353
75,535,21353,3519
95,75,3519,3846
21353,95,3846,6
3519,21353,6,43
3846,3519,43,5692
6,3846,5692,84
43,6,84,5681
5692,43,5681,41
84,5692,41,65
5681,84,65,65205
41,5681,65205,5
65,41,5,48
65205,65,48,4883
5,65205,4883,717
48,5,717,29
4883,48,29,86
717,4883,86,37
29,717,37,14551
86,29,14551,5
37,86,5,717
14551,37,717,57944
5,14551,57944,9
717,5,9,450
57944,717,450,1237
9,57944,1237,669
450,9,669,553
1237,450,553,1147
669,1237,1147,637
553,669,637,4
1147,553,4,1788
637,1147,1788,2
4,637,2,149
