833,33,2,7949
6,833,7949,7
2,6,7,326
7949,2,326,56
7,7949,56,3
326,7,3,811
56,326,811,112
3,56,112,542
811,3,542,29
112,811,29,7667
542,112,7667,580
29,542,580,31
7667,29,31,2175
580,7667,2175,5
31,580,5,1685
2175,31,1685,10
5,2175,10,321
1685,5,321,190
10,1685,190,1555
321,10,1555,6
190,321,6,3153
1555,190,3153,5
6,1555,5,3430
3153,6,3430,874
5,3153,874,18
3430,5,18,2792
874,3430,2792,102
18,874,102,1092
2792,18,1092,4
102,2792,4,16
1092,102,16,253
4,1092,253,10739
16,4,10739,6
253,16,6,867
10739,253,867,1342
6,10739,1342,76
867,6,76,7171
1342,867,7171,18
76,1342,18,2269
7171,76,2269,338
18,7171,338,152
2269,18,152,297
338,2269,297,2
152,338,2,2
297,152,2,2855
2,297,2855,5
2,2,5,60
2855,2,60,4
5,2855,4,1301
60,5,1301,23
4,60,23,2672
1301,4,2672,2362
23,1301,2362,567
2672,23,567,104
2362,2672,104,6
567,2362,6,2
104,567,2,558
6,104,558,259
2,6,259,25527
558,2,25527,2
259,558,2,185
25527,259,185,12
2,25527,12,1073
185,2,1073,11
12,185,11,100
1073,12,100,13
11,1073,13,1301
100,11,1301,5557
13,100,5557,1039
1301,13,1039,1093
5557,1301,1093,56
1039,5557,56,8
1093,1039,8,80
56,1093,80,52
8,56,52,8031
80,8,8031,2855
52,80,2855,103
8031,52,103,985
2855,8031,985,5
103,2855,5,60
985,103,60,20299
5,985,20299,19
60,5,19,889
20299,60,889,5
19,20299,5,589
889,19,589,8
5,889,8,7719
589,5,7719,3
8,589,3,103
7719,8,103,205
3,7719,205,5
103,3,5,2855
205,103,2855,176
5,205,176,179
2855,5,179,84
176,2855,84,1327
179,176,1327,62
84,179,62,6929
1327,84,6929,1640
62,1327,1640,132
6929,62,132,17
1640,6929,17,15
132,1640,15,169
17,132,169,7424
15,17,7424,5296
169,15,5296,7623
7424,169,7623,826
5296,7424,826,2498
7623,5296,2498,2978
826,7623,2978,181
2498,826,181,228
2978,2498,228,366
181,2978,366,5
228,181,5,176
366,228,176,1640
5,366,1640,7621
176,5,7621,3441
1640,176,3441,7623
7621,1640,7623,826
3441,7621,826,19
7623,3441,19,38
826,7623,38,83
19,826,83,641
38,19,641,7
83,38,7,3904
641,83,3904,558
7,641,558,8031
3904,7,8031,9
558,3904,9,676
8031,558,676,1085
9,8031,1085,36
676,9,36,98
1085,676,98,1880
36,1085,1880,9
98,36,9,8
1880,98,8,323
9,1880,323,126
8,9,126,33
323,8,33,976
126,323,976,81
33,126,81,803
976,33,803,8
81,976,8,558
803,81,558,656
8,803,656,9
558,8,9,538
656,558,538,2865
9,656,2865,14
538,9,14,425
2865,538,425,2
14,2865,2,2937
425,14,2937,100
2,425,100,171
2937,2,171,2
100,2937,2,12176
171,100,12176,2456
2,171,2456,12
12176,2,12,2
2456,12176,2,1085
12,2456,1085,561
2,12,561,2200
1085,2,2200,2825
561,1085,2825,57
2200,561,57,176
2825,2200,176,216
57,2825,216,16
176,57,16,3297
216,176,3297,15208
16,216,15208,59
3297,16,59,1020
15208,3297,1020,3
59,15208,3,628
1020,59,628,12
3,1020,12,38
628,3,38,1640
12,628,1640,5044
38,12,5044,1267
1640,38,1267,5649
5044,1640,5649,2908
1267,5044,2908,22
5649,1267,22,91
2908,5649,91,5
22,2908,5,1620
91,22,1620,777
5,91,777,29252
1620,5,29252,36
777,1620,36,20786
29252,777,20786,24
36,29252,24,212
20786,36,212,9
24,20786,9,205
212,24,205,20786
9,212,20786,14499
205,9,14499,5196
20786,205,5196,2841
14499,20786,2841,1271
5196,14499,1271,20822
2841,5196,20822,951
1271,2841,951,79
20822,1271,79,1930
951,20822,1930,48
79,951,48,2624
1930,79,2624,5
48,1930,5,1821
2624,48,1821,294
5,2624,294,4
1821,5,4,561
294,1821,561,2737
4,294,2737,23324
561,4,23324,176
2737,561,176,216
23324,2737,216,640
176,23324,640,454
216,176,454,4287
640,216,4287,3
454,640,3,5539
4287,454,5539,4
3,4287,4,8004
5539,3,8004,1620
4,5539,1620,951
8004,4,951,561
1620,8004,561,6
951,1620,6,10
561,951,10,166
6,561,166,181
10,6,181,1336
166,10,1336,367
181,166,367,80
1336,181,80,541
367,1336,541,349
80,367,349,3
541,80,3,2
349,541,2,20786
3,349,20786,10
2,3,10,365
20786,2,365,216
10,20786,216,153
365,10,153,3
216,365,3,1406
153,216,1406,3
3,153,3,8
1406,3,8,555
3,1406,555,433
8,3,433,1281
555,8,1281,54
433,555,54,7
1281,433,7,1050
54,1281,1050,5093
7,54,5093,241
1050,7,241,10
5093,1050,10,469
241,5093,469,2518
10,241,2518,62
469,10,62,23324
2518,469,23324,2908
62,2518,2908,54
23324,62,54,13
2908,23324,13,47
54,2908,47,4115
13,54,4115,9
47,13,9,899
4115,47,899,5
9,4115,5,3333
899,9,3333,126
5,899,126,3143
3333,5,3143,1620
126,3333,1620,951
3143,126,951,561
1620,3143,561,435
951,1620,435,2821
561,951,2821,6
435,561,6,555
2821,435,555,4641
6,2821,4641,6
555,6,6,1345
4641,555,1345,3
6,4641,3,257
1345,6,257,4319
3,1345,4319,5
257,3,5,216
4319,257,216,103
5,4319,103,379
216,5,379,18
103,216,18,260
379,103,260,723
18,379,723,6
260,18,6,38
723,260,38,6157
6,723,6157,6
38,6,6,144
6157,38,144,5
6,6157,5,1021
144,6,1021,464
5,144,464,1393
1021,5,1393,538
464,1021,538,2865
1393,464,2865,26116
538,1393,26116,12673
2865,538,12673,181
26116,2865,181,2710
12673,26116,2710,1856
181,12673,1856,626
2710,181,626,68
1856,2710,68,1093
626,1856,1093,56
68,626,56,33
1093,68,33,55
56,1093,55,137
33,56,137,10
55,33,10,6
137,55,6,76
10,137,76,5
6,10,5,81
76,6,81,8
5,76,8,26
81,5,26,25
8,81,25,21
26,8,21,144
25,26,144,176
21,25,176,297
144,21,297,76
176,144,76,16
297,176,16,4417
76,297,4417,61
16,76,61,26
4417,16,26,218
61,4417,218,30
26,61,30,327
218,26,327,319
30,218,319,4980
327,30,4980,81
319,327,81,8
4980,319,8,26
81,4980,26,16
8,81,16,1905
26,8,1905,3
16,26,3,243
1905,16,243,83
3,1905,83,38
243,3,38,537
83,243,537,4
38,83,4,6157
537,38,6157,4
4,537,4,123
6157,4,123,2
4,6157,2,524
123,4,524,102
2,123,102,1150
524,2,1150,2
102,524,2,149
1150,102,149,22
2,1150,22,5
149,2,5,3171
22,149,3171,77
5,22,77,17
3171,5,17,388
77,3171,388,6
17,77,6,322
388,17,322,5
6,388,5,379
322,6,379,31
5,322,31,3871
379,5,3871,1021
31,379,1021,2
3871,31,2,26
1021,3871,26,2937
2,1021,2937,81
26,2,81,24
2937,26,24,2510
81,2937,2510,585
24,81,585,2
2510,24,2,1021
585,2510,1021,2923
2,585,2923,379
1021,2,379,76
2923,1021,76,5
379,2923,5,894
76,379,894,1492
5,76,1492,83
894,5,83,36
1492,894,36,198
83,1492,198,3
36,83,3,4624
198,36,4624,6
3,198,6,3171
4624,3,3171,1265
6,4624,1265,1675
3171,6,1675,5
1265,3171,5,1236
1675,1265,1236,4
5,1675,4,1383
1236,5,1383,2722
4,1236,2722,43
1383,4,43,15
2722,1383,15,2
43,2722,2,12742
15,43,12742,5
2,15,5,107
12742,2,107,3
5,12742,3,2334
107,5,2334,1903
3,107,1903,4
2334,3,4,248
1903,2334,248,42
4,1903,42,190
248,4,190,867
42,248,867,1342
190,42,1342,7
867,190,7,946
1342,867,946,1275
7,1342,1275,2
946,7,2,524
1275,946,524,56
2,1275,56,5
524,2,5,8
56,524,8,209
5,56,209,553
8,5,553,797
209,8,797,4
553,209,4,843
797,553,843,16
4,797,16,48
843,4,48,501
16,843,501,1236
48,16,1236,3
501,48,3,1666
1236,501,1666,38
3,1236,38,83
1666,3,83,934
38,1666,934,229
83,38,229,8
934,83,8,17
229,934,17,4257
8,229,4257,294
17,8,294,118
4257,17,118,2937
294,4257,2937,3458
118,294,3458,176
2937,118,176,578
3458,2937,578,1172
176,3458,1172,686
578,176,686,4
1172,578,4,14634
686,1172,14634,36
4,686,36,72
14634,4,72,7834
36,14634,7834,737
72,36,737,867
7834,72,867,1342
737,7834,1342,2119
867,737,2119,7
1342,867,7,4257
2119,1342,4257,5823
7,2119,5823,15
4257,7,15,676
5823,4257,676,4404
15,5823,4404,6
676,15,6,730
4404,676,730,4
6,4404,4,2322
730,6,2322,2
4,730,2,241
2322,4,241,2
2,2322,2,1953
241,2,1953,115
2,241,115,172
1953,2,172,578
115,1953,578,635
172,115,635,798
1076,818,108,39
6,1076,39,104
108,6,104,128
39,108,128,281
104,39,281,44
128,104,44,13
281,128,13,47
44,281,47,48
13,44,48,37
47,13,37,1277
48,47,1277,274
37,48,274,118
1277,37,118,61
274,1277,61,6
118,274,6,1060
61,118,1060,74
6,61,74,138
1060,6,138,27
74,1060,27,26876
138,74,26876,3
27,138,3,43
26876,27,43,711
3,26876,711,989
43,3,989,2762
711,43,2762,592
989,711,592,5
2762,989,5,20
592,2762,20,7145
5,592,7145,17361
20,5,17361,7
7145,20,7,35009
17361,7145,35009,79
7,17361,79,2
35009,7,2,131
79,35009,131,3393
2,79,3393,743
131,2,743,6
3393,131,6,143
743,3393,143,35
6,743,35,4
143,6,4,6
35,143,6,730
4,35,730,2
6,4,2,1989
730,6,1989,195
2,730,195,4
1989,2,4,1006
195,1989,1006,226
4,195,226,720
1006,4,720,2
226,1006,2,4428
720,226,4428,1245
2,720,1245,5
4428,2,5,18258
1245,4428,18258,4
5,1245,4,6745
18258,5,6745,9
4,18258,9,43
6745,4,43,301
9,6745,301,1322
43,9,1322,1245
301,43,1245,132
1322,301,132,313
1245,1322,313,286
132,1245,286,9035
313,132,9035,210
286,313,210,5
9035,286,5,20
210,9035,20,792
5,210,792,4489
20,5,4489,62
792,20,62,2
4489,792,2,11264
62,4489,11264,627
2,62,627,164
11264,2,164,130
627,11264,130,123
164,627,123,12
130,164,12,51
123,130,51,7
12,123,7,37
51,12,37,3
7,51,3,505
37,7,505,59
3,37,59,138
505,3,138,27
59,505,27,7
138,59,7,11290
27,138,11290,138
7,27,138,27
11290,7,27,7
138,11290,7,21
27,138,21,192
7,27,192,20
21,7,20,85
192,21,85,12
20,192,12,98
85,20,98,5
12,85,5,292
98,12,292,54
5,98,54,32
292,5,32,267
54,292,267,12257
32,54,12257,20
267,32,20,7
12257,267,7,2046
20,12257,2046,3
7,20,3,1205
2046,7,1205,52
3,2046,52,30
1205,3,30,16
52,1205,16,3
30,52,3,610
16,30,610,51
3,16,51,7
610,3,7,37
51,610,37,3
7,51,3,505
37,7,505,27
3,37,27,7
505,3,7,21
27,505,21,2
7,27,2,5674
21,7,5674,2
2,21,2,1116
5674,2,1116,1183
2,5674,1183,7
1116,2,7,11
1183,1116,11,76
7,1183,76,10968
11,7,10968,565
76,11,565,7316
10968,76,7316,27
565,10968,27,7
7316,565,7,2
27,7316,2,1294
7,27,1294,5
2,7,5,161
1294,2,161,70
5,1294,70,1418
161,5,1418,4
70,161,4,3
1418,70,3,4
4,1418,4,2372
3,4,2372,71324
4,3,71324,22
2372,4,22,8276
71324,2372,8276,968
22,71324,968,358
8276,22,358,4213
968,8276,4213,64
358,968,64,41
4213,358,41,17536
64,4213,17536,65
41,64,65,22
17536,41,22,4167
65,17536,4167,15144
22,65,15144,102
4167,22,102,197
15144,4167,197,698
102,15144,698,9
197,102,9,95
698,197,95,31
9,698,31,18
95,9,18,2214
31,95,2214,89
18,31,89,74
2214,18,74,66
89,2214,66,10
74,89,10,7
66,74,7,25
10,66,25,314
7,10,314,272
25,7,272,72
314,25,72,44
272,314,44,51
72,272,51,11
44,72,11,113
51,44,113,23
11,51,23,532
113,11,532,11
23,113,11,28
532,23,28,11
11,532,11,40
28,11,40,3733
11,28,3733,6986
40,11,6986,5
3733,40,5,1602
6986,3733,1602,1536
5,6986,1536,6
1602,5,6,197
1536,1602,197,4
6,1536,4,7
197,6,7,113
4,197,113,11
7,4,11,7
113,7,7,37
11,113,37,3
7,11,3,11
37,7,11,68
3,37,68,28
11,3,28,52
68,11,52,11
28,68,11,14
52,28,14,612
11,52,612,11
14,11,11,40
612,14,40,6109
11,612,6109,2
40,11,2,722
6109,40,722,1554
2,6109,1554,3
722,2,3,1773
1554,722,1773,4
3,1554,4,8257
1773,3,8257,78
4,1773,78,32
8257,4,32,9
78,8257,9,49
32,78,49,177
9,32,177,6
49,9,6,713
177,49,713,1717
6,177,1717,95
713,6,95,56
1717,713,56,53
95,1717,53,5355
56,95,5355,25
53,56,25,21
5355,53,21,1403
25,5355,1403,610
21,25,610,31
1403,21,31,10
610,1403,10,7
31,610,7,53
10,31,53,16
7,10,16,5355
53,7,5355,12
16,53,12,2267
5355,16,2267,5
12,5355,5,1183
2267,12,1183,25
5,2267,25,26
1183,5,26,610
25,1183,610,3578
26,25,3578,5
610,26,5,5684
3578,610,5684,4
5,3578,4,10959
5684,5,10959,371
4,5684,371,27
10959,4,27,13
371,10959,13,1094
27,371,1094,781
13,27,781,1893
1094,13,1893,291
781,1094,291,3
1893,781,3,212
291,1893,212,5
3,291,5,166
212,3,166,737
5,212,737,4
166,5,4,20
737,166,20,7
4,737,7,206
20,4,206,138
7,20,138,27
206,7,27,7
138,206,7,3162
27,138,3162,84
7,27,84,7
3162,7,7,77
84,3162,77,21683
7,84,21683,1373
77,7,1373,4215
21683,77,4215,371
1373,21683,371,32
4215,1373,32,7139
371,4215,7139,122
32,371,122,11
7139,32,11,14
122,7139,14,269
11,122,269,5
14,11,5,35
269,14,35,29
5,269,29,49
35,5,49,1532
29,35,1532,512
49,29,512,4
1532,49,4,7203
512,1532,7203,102
4,512,102,143
7203,4,143,35
102,7203,35,16
143,102,16,21
35,143,21,337
16,35,337,162
21,16,162,182
337,21,182,7
162,337,7,77
182,162,77,590
7,182,590,8285
77,7,8285,5
590,77,5,659
8285,590,659,885
5,8285,885,125
659,5,125,988
885,659,988,4
125,885,4,62
988,125,62,78
4,988,78,32
62,4,32,134
78,62,134,233
32,78,233,152
134,32,152,221
233,134,221,4
152,233,4,3182
221,152,3182,5
4,221,5,3581
3182,4,3581,1829
5,3182,1829,11
3581,5,11,4
1829,3581,4,162
11,1829,162,392
4,11,392,29
162,4,29,70
392,162,70,45
29,392,45,7
70,29,7,21
45,70,21,12579
7,45,12579,49
21,7,49,9
12579,21,9,2308
49,12579,2308,3
9,49,3,81
2308,9,81,536
3,2308,536,629
81,3,629,659
536,81,659,73
629,536,73,538
659,629,538,2770
73,659,2770,15
538,73,15,6182
2770,538,6182,70
15,2770,70,45
6182,15,45,106
70,6182,106,9
45,70,9,138
106,45,138,27
9,106,27,87
138,9,87,213
27,138,213,6
87,27,6,236
213,87,236,128
6,213,128,66
236,6,66,784
128,236,784,81
66,128,81,53
784,66,53,64
81,784,64,147
53,81,147,9
64,53,9,2
147,64,2,352
9,147,352,2169
2,9,2169,6
352,2,6,316
2169,352,316,9
6,2169,9,180
316,6,180,3
9,316,3,988
180,9,988,130
3,180,130,5538
988,3,5538,164
130,988,164,59
5538,130,59,575
164,5538,575,10259
59,164,10259,1542
575,59,1542,189
10259,575,189,1118
1542,10259,1118,15
189,1542,15,2049
1118,189,2049,257
15,1118,257,269
2049,15,269,9078
257,2049,9078,8438
269,257,8438,72
9078,269,72,75
8438,9078,75,848
72,8438,848,5
75,72,5,6159
848,75,6159,444
5,848,444,45
6159,5,45,5
444,6159,5,108
45,444,108,2396
5,45,2396,6
108,5,6,2
2396,108,2,1037
6,2396,1037,3578
2,6,3578,5
1037,2,5,1307
3578,1037,1307,4
5,3578,4,595
1307,5,595,627
4,1307,627,14
595,4,14,606
627,595,606,10908
14,627,10908,6
606,14,6,29
10908,606,29,848
6,10908,848,5
29,6,5,2049
848,29,2049,637
5,848,637,8
2049,5,8,14
637,2049,14,1192
8,637,1192,3
14,8,3,303
1192,14,303,361
3,1192,361,48
303,3,48,45
361,303,45,5
48,361,5,48
45,48,48,226
5,45,226,10
48,5,10,14
226,48,14,208
10,226,208,240
14,10,240,462
208,14,462,4960
240,208,4960,15
462,240,15,22
4960,462,22,13106
15,4960,13106,15
22,15,15,8438
13106,22,8438,189
15,13106,189,4
8438,15,4,22
189,8438,22,2512
4,189,2512,50
22,4,50,16469
2512,22,16469,9
50,2512,9,99
16469,50,99,1990
9,16469,1990,5
99,9,5,386
1990,99,386,189
5,1990,189,177
386,5,177,6
189,386,6,9260
177,189,9260,14328
6,177,14328,12
9260,6,12,270
14328,9260,270,9689
12,14328,9689,1198
270,12,1198,14
9689,270,14,21
1198,9689,21,22
14,1198,22,1832
21,14,1832,8375
22,21,8375,5
1832,22,5,70
8375,1832,70,45
5,8375,45,286
70,5,286,21
45,70,21,90
286,45,90,105
21,286,105,1459
90,21,1459,104
105,90,104,44
1459,105,44,358
104,1459,358,37
44,104,37,575
358,44,575,3561
37,358,3561,189
575,37,189,564
3561,575,564,6
189,3561,6,4253
564,189,4253,29
6,564,29,664
4253,6,664,455
29,4253,455,4661
664,29,4661,5919
455,664,5919,2
4661,455,2,889
5919,4661,889,169
2,5919,169,244
889,2,244,4
169,889,4,1605
244,169,1605,4996
4,244,4996,3
1605,4,3,81
4996,1605,81,474
3,4996,474,2
81,3,2,281
474,81,281,865
2,474,865,66
281,2,66,4253
865,281,4253,394
66,865,394,303
4253,66,303,6
394,4253,6,236
303,394,236,19
6,303,19,200
236,6,200,32
19,236,32,1748
200,19,1748,143
32,200,143,35
1748,32,35,2
143,1748,2,2
35,143,2,2940
2,35,2940,191
2,2,191,21
2940,2,21,86
191,2940,86,7
21,191,7,169
86,21,169,689
7,86,689,38
169,7,38,262
689,169,262,5255
38,689,5255,3836
262,38,3836,12632
5255,262,12632,3
3836,5255,3,4253
12632,3836,4253,40
3,12632,40,394
4253,3,394,434
40,4253,434,450
394,40,450,288
434,394,288,4
450,434,4,215
