58,163,555,658
79,58,658,124
555,79,124,19
658,555,19,1333
124,658,1333,90
19,124,90,5
1333,19,5,139
90,1333,139,8
5,90,8,260
139,5,260,1159
8,139,1159,81
260,8,81,613
1159,260,613,487
81,1159,487,4
613,81,4,506
487,613,506,32
4,487,32,1125
506,4,1125,308
32,506,308,7
1125,32,7,6
308,1125,6,15389
7,308,15389,456
6,7,456,2
15389,6,2,423
456,15389,423,8
2,456,8,34
423,2,34,17
8,423,17,13529
34,8,13529,3
17,34,3,49
13529,17,49,4
3,13529,4,162
49,3,162,6
4,49,6,865
162,4,865,461
6,162,461,23
865,6,23,275
461,865,275,29
23,461,29,11
275,23,11,13
29,275,13,3
11,29,3,17
13,11,17,5605
3,13,5605,6494
17,3,6494,19
5605,17,19,145
6494,5605,145,4
19,6494,4,19
145,19,19,2597
4,145,2597,1422
19,4,1422,1055
2597,19,1055,904
1422,2597,904,5
1055,1422,5,162
904,1055,162,7
5,904,7,961
162,5,961,4
7,162,4,34
961,7,34,17
4,961,17,5388
34,4,5388,15
17,34,15,32
5388,17,32,15389
15,5388,15389,73768
32,15,73768,1608
15389,32,1608,431
73768,15389,431,34
1608,73768,34,218
431,1608,218,6
34,431,6,161
218,34,161,675
6,218,675,3619
161,6,3619,904
675,161,904,5
3619,675,5,161
904,3619,161,675
5,904,675,34
161,5,34,488
675,161,488,8
34,675,8,26
488,34,26,16
8,488,16,560
26,8,560,31144
16,26,31144,961
560,16,961,2180
31144,560,2180,5
961,31144,5,620
2180,961,620,30274
5,2180,30274,151
620,5,151,6
30274,620,6,85
151,30274,85,34
6,151,34,68
85,6,68,163
34,85,163,1651
68,34,1651,3036
163,68,3036,1939
1651,163,1939,675
3036,1651,675,97
1939,3036,97,195
675,1939,195,230
97,675,230,73769
195,97,73769,14
230,195,14,3
73769,230,3,12370
14,73769,12370,191
3,14,191,142
12370,3,142,24
191,12370,24,104
142,191,104,620
24,142,620,151
104,24,151,29
620,104,29,26
151,620,26,17
29,151,17,2215
26,29,2215,3
17,26,3,555
2215,17,555,61
3,2215,61,38
555,3,38,638
61,555,638,3
38,61,3,609
638,38,609,9
3,638,9,382
609,3,382,354
9,609,354,75
382,9,75,48
354,382,48,97
75,354,97,8
48,75,8,115
97,48,115,325
8,97,325,6
115,8,6,70
325,115,70,356
6,325,356,7
70,6,7,445
356,70,445,42
7,356,42,8
445,7,8,55
42,445,55,858
8,42,858,12444
55,8,12444,902
858,55,902,54
12444,858,54,242
902,12444,242,3641
54,902,3641,1651
242,54,1651,74996
3641,242,74996,775
1651,3641,775,195
74996,1651,195,34
775,74996,34,1366
195,775,1366,36
34,195,36,17
1366,34,17,163
36,1366,163,3
17,36,3,1366
163,17,1366,8
3,163,8,86
1366,3,86,792
8,1366,792,2318
86,8,2318,8
792,86,8,179
2318,792,179,7
8,2318,7,2
179,8,2,186
7,179,186,6686
2,7,6686,41
186,2,41,34601
6686,186,34601,997
41,6686,997,20
34601,41,20,7
997,34601,7,86
20,997,86,107
7,20,107,4541
86,7,4541,37019
107,86,37019,675
4541,107,675,55
37019,4541,55,1646
675,37019,1646,3436
55,675,3436,2
1646,55,2,41
3436,1646,41,12028
2,3436,12028,233
41,2,233,15
12028,41,15,41
233,12028,41,10236
15,233,10236,902
41,15,902,34
10236,41,34,2364
902,10236,2364,282
34,902,282,3743
2364,34,3743,8
282,2364,8,2
3743,282,2,41
8,3743,41,34601
2,8,34601,428
41,2,428,7
34601,41,7,68
428,34601,68,3914
7,428,3914,19
68,7,19,443
3914,68,443,6
19,3914,6,775
443,19,775,9821
6,443,9821,2543
775,6,2543,1177
9821,775,1177,302
2543,9821,302,5
1177,2543,5,233
302,1177,233,34
5,302,34,242
233,5,242,186
34,233,186,170
242,34,170,53
186,242,53,34
170,186,34,17
53,170,17,41
34,53,41,19553
17,34,19553,56052
41,17,56052,139
19553,41,139,73
56052,19553,73,419
139,56052,419,101
73,139,101,36
419,73,36,7256
101,419,7256,297
36,101,297,34
7256,36,34,469
297,7256,469,131
34,297,131,1177
469,34,1177,29
131,469,29,57
1177,131,57,139
29,1177,139,613
57,29,613,95
139,57,95,5
613,139,5,57868
95,613,57868,401
5,95,401,191
57868,5,191,11932
401,57868,11932,8825
191,401,8825,238
11932,191,238,188
8825,11932,188,34
238,8825,34,253
188,238,253,2152
34,188,2152,675
253,34,675,27
2152,253,27,58
675,2152,58,4
27,675,4,145
58,27,145,162
4,58,162,34
145,4,34,346
162,145,346,677
34,162,677,434
346,34,434,102
677,346,102,492
434,677,492,4050
102,434,4050,273
492,102,273,1635
4050,492,1635,385
273,4050,385,73
1635,273,73,1997
385,1635,1997,5
73,385,5,3557
1997,73,3557,4
5,1997,4,57
3557,5,57,955
4,3557,955,151
57,4,151,34
955,57,34,6154
151,955,6154,186
34,151,186,1867
6154,34,1867,15
186,6154,15,58
1867,186,58,6211
15,1867,6211,8
58,15,8,38
6211,58,38,475
8,6211,475,1330
38,8,1330,34
475,38,34,633
1330,475,633,101
34,1330,101,3263
633,34,3263,5
101,633,5,58
3263,101,58,4
5,3263,4,162
58,5,162,3
4,58,3,1108
162,4,1108,38
3,162,38,45310
1108,3,45310,2
38,1108,2,675
45310,38,675,247
2,45310,247,41
675,2,41,1651
247,675,1651,2449
41,247,2449,114
1651,41,114,31
2449,1651,31,16
114,2449,16,1750
31,114,1750,41
16,31,41,4541
1750,16,4541,48
41,1750,48,74
4541,41,74,236
48,4541,236,65
74,48,65,593
236,74,593,97
65,236,97,10153
593,65,10153,40
97,593,40,835
10153,97,835,34
40,10153,34,2041
835,40,2041,186
34,835,186,9536
2041,34,9536,15
186,2041,15,42
9536,186,42,36
15,9536,36,57
42,15,57,170
36,42,170,53
57,36,53,34
170,57,34,17
53,170,17,41
34,53,41,9
17,34,9,81
41,17,81,6
9,41,6,161
81,9,161,675
6,81,675,26
161,6,26,34
675,161,34,285
26,675,285,1119
34,26,1119,2152
285,34,2152,38
1119,285,38,1813
2152,1119,1813,4086
38,2152,4086,12
1813,38,12,31
4086,1813,31,7
12,4086,7,438
31,12,438,90
7,31,90,34
438,7,34,488
90,438,488,41
34,90,41,4277
488,34,4277,37
41,488,37,626
4277,41,626,139
37,4277,139,4
626,37,4,34
139,626,34,6154
4,139,6154,586
34,4,586,15
6154,34,15,267
586,6154,267,5
15,586,5,95
267,15,95,139
5,267,139,6
95,5,6,161
139,95,161,675
6,139,675,613
161,6,613,2
675,161,2,626
613,675,626,385
2,613,385,151
626,2,151,247
385,626,247,34986
151,385,34986,6
247,151,6,316
34986,247,316,3
6,34986,3,1666
316,6,1666,188
3,316,188,1179
1666,3,1179,6
188,1666,6,8
1179,188,8,1036
6,1179,1036,356
8,6,356,34
1036,8,34,154
356,1036,154,3
34,356,3,234
154,34,234,41
3,154,41,73
234,3,73,10
41,234,10,7
73,41,7,6
10,73,6,4
7,10,4,59
6,7,59,521
4,6,521,58
59,4,58,3974
521,59,3974,2856
58,521,2856,222
3974,58,222,28327
2856,3974,28327,7
222,2856,7,4
28327,222,4,3301
7,28327,3301,54179
4,7,54179,10
3301,4,10,86
54179,3301,86,179
10,54179,179,52
86,10,52,97
179,86,97,195
52,179,195,4413
97,52,4413,3036
195,97,3036,474
4413,195,474,38
3036,4413,38,97
474,3036,97,4
38,474,4,609
97,38,609,71434
4,97,71434,1934
609,4,1934,7
71434,609,7,8
1934,71434,8,492
7,1934,492,58
8,7,58,21274
492,8,21274,27
58,492,27,2961
21274,58,2961,4
27,21274,4,162
2961,27,162,21274
4,2961,21274,145
162,4,145,2961
21274,162,2961,75
145,21274,75,85
2961,145,85,4
75,2961,4,161
85,75,161,675
4,85,675,155
161,4,155,142
675,161,142,3
155,675,3,5037
142,155,5037,4
3,142,4,11696
5037,3,11696,13394
4,5037,13394,3267
11696,4,3267,838
13394,11696,838,368
3267,13394,368,8
838,3267,8,18
368,838,18,247
8,368,247,1136
18,8,1136,5723
247,18,5723,6
1136,247,6,74
5723,1136,74,268
6,5723,268,103
74,6,103,568
268,74,568,501
103,268,501,18599
568,103,18599,4
501,568,4,18599
18599,501,18599,1745
4,18599,1745,3
18599,4,3,8712
1745,18599,8712,1608
3,1745,1608,1883
8712,3,1883,6
1608,8712,6,427
1883,1608,427,5
6,1883,5,1457
427,6,1457,431
5,427,431,102
1457,5,102,2
431,1457,2,677
102,431,677,1809
2,102,1809,20
677,2,20,132
1809,677,132,17
20,1809,17,451
132,20,451,9
17,132,9,2
451,17,2,334
9,451,334,122
2,9,122,752
334,2,752,613
122,334,613,52
752,122,52,515
613,752,515,1577
52,613,1577,2193
515,52,2193,29
1577,515,29,10
2193,1577,10,7
29,2193,7,165
10,29,165,584
7,10,584,2237
165,7,2237,7115
584,165,7115,9
2237,584,9,337
7115,2237,337,7
9,7115,7,821
337,9,821,607
7,337,607,898
821,7,898,10
607,821,10,68
898,607,68,132
10,898,132,242
68,10,242,8
132,68,8,247
242,132,247,4
8,242,4,80
247,8,80,41
4,247,41,1311
80,4,1311,4
41,80,4,3608
1311,41,3608,60809
4,1311,60809,1307
3608,4,1307,7
60809,3608,7,8
1307,60809,8,675
7,1307,675,22893
8,7,22893,946
675,8,946,15
22893,675,15,101095
946,22893,101095,97
15,946,97,2961
101095,15,2961,35256
97,101095,35256,2
2961,97,2,3283
35256,2961,3283,5184
2,35256,5184,5
3283,2,5,58
5184,3283,58,97
5,5184,97,79
58,5,79,2
97,58,2,30537
79,97,30537,3400
2,79,3400,2126
30537,2,2126,97
3400,30537,97,1333
2126,3400,1333,1841
97,2126,1841,31827
1333,97,31827,1248
1841,1333,1248,58
31827,1841,58,79
1248,31827,79,2
58,1248,2,41
79,58,41,15389
2,79,15389,135
41,2,135,97
15389,41,97,54
135,15389,54,6
97,135,6,484
54,97,484,1439
6,54,1439,76
484,6,76,5426
1439,484,5426,145
76,1439,145,114
5426,76,114,79
145,5426,79,58
114,145,58,97
79,114,97,52
58,79,52,20
97,58,20,10377
52,97,10377,505
20,52,505,196
10377,20,196,946
505,10377,946,53
196,505,53,7
946,196,7,64
53,946,64,1088
7,53,1088,5
64,7,5,62358
1088,64,62358,29
5,1088,29,20
62358,5,20,313
29,62358,313,1598
20,29,1598,398
313,20,398,99386
1598,313,99386,5
398,1598,5,1177
99386,398,1177,1947
5,99386,1947,4
1177,5,4,571
1947,1177,571,3698
4,1947,3698,175
571,4,175,103
3698,571,103,675
175,3698,675,12
103,175,12,2
675,103,2,668
12,675,668,1573
2,12,1573,5
668,2,5,57
1573,668,57,74935
5,1573,74935,1934
57,5,1934,16
74935,57,16,451
1934,74935,451,2
16,1934,2,149
451,16,149,613
2,451,613,52
149,2,52,53
613,149,53,16
52,613,16,851
53,52,851,450
16,53,450,58557
851,16,58557,164
450,851,164,1932
58557,450,1932,368
164,58557,368,271
1932,164,271,7
368,1932,7,382
271,368,382,20
7,271,20,66
382,7,66,6
20,382,6,70
66,20,70,356
6,66,356,3280
70,6,3280,8
356,70,8,13
3280,356,13,1838
8,3280,1838,9
13,8,9,268
1838,13,268,103
9,1838,103,568
268,9,568,36
103,268,36,25
568,103,25,7
36,568,7,1414
25,36,1414,83
7,25,83,1138
1414,7,1138,87
83,1414,87,1302
1138,83,1302,4
87,1138,4,1420
1302,87,1420,8
4,1302,8,9104
1420,4,9104,10
8,1420,10,981
9104,8,981,7115
10,9104,7115,4861
981,10,4861,70
7115,981,70,356
4861,7115,356,7
70,4861,7,84
356,70,84,2406
7,356,2406,2
84,7,2,39
2406,84,39,3280
2,2406,3280,15
39,2,15,39
3280,39,39,1420
15,3280,1420,4
39,15,4,163
1420,39,163,8
4,1420,8,34
163,4,34,1195
8,163,1195,368
34,8,368,5
1195,34,5,105
368,1195,105,844
5,368,844,6
105,5,6,1524
844,105,1524,30
6,844,30,16
1524,6,16,86
30,1524,86,1096
16,30,1096,3
86,16,3,102553
1096,86,102553,488
3,1096,488,73
102553,3,73,2029
488,102553,2029,4
73,488,4,10
2029,73,10,7
4,2029,7,29
10,4,29,10
7,10,10,7
29,7,7,68
10,29,68,201
7,10,201,39
68,7,39,87
201,68,87,2029
39,201,2029,5305
87,39,5305,328
2029,87,328,30
5305,2029,30,821
328,5305,821,704
30,328,704,628
821,30,628,1700
704,821,1700,356
628,704,356,7
1700,628,7,3007
356,1700,3007,541
7,356,541,103022
3007,7,103022,2
541,3007,2,1088
103022,541,1088,5
2,103022,5,39
1088,2,39,4756
5,1088,4756,49470
39,5,49470,259
4756,39,259,7
49470,4756,7,177
259,49470,177,5
7,259,5,25924
177,7,25924,4
5,177,4,679
25924,5,679,2268
4,25924,2268,981
679,4,981,19
2268,679,19,105
981,2268,105,683
19,981,683,348
105,19,348,23
683,105,23,39
348,683,39,157
23,348,157,2
39,23,2,197
157,39,197,113
2,157,113,2148
197,2,2148,3540
113,197,3540,3
2148,113,3,2392
3540,2148,2392,39
3,3540,39,354
2392,3,354,4
39,2392,4,39
354,39,39,926
4,354,926,137
39,4,137,41
926,39,41,25924
137,926,25924,259
41,137,259,164
44,3402,643,6
8,44,6,3586
643,8,3586,598
6,643,598,2216
3586,6,2216,38
598,3586,38,384
2216,598,384,5
38,2216,5,1599
384,38,1599,2
5,384,2,43353
1599,5,43353,29
2,1599,29,1282
43353,2,1282,44
29,43353,44,343
1282,29,343,14
44,1282,14,1448
343,44,1448,3
14,343,3,17
1448,14,17,7753
3,1448,7753,4
17,3,4,3
7753,17,3,5374
4,7753,5374,815
3,4,815,23
5374,3,23,2
815,5374,2,5526
23,815,5526,20784
2,23,20784,11011
5526,2,11011,10879
20784,5526,10879,4
11011,20784,4,49
10879,11011,49,1534
4,10879,1534,528
49,4,528,70
1534,49,70,574
528,1534,574,441
70,528,441,1908
574,70,1908,510
441,574,510,10
1908,441,10,40
510,1908,40,514
10,510,514,2
40,10,2,4025
514,40,4025,949
2,514,949,6
4025,2,6,3586
949,4025,3586,598
6,949,598,38
3586,6,38,240
598,3586,240,3
38,598,3,27234
240,38,27234,4
3,240,4,25197
27234,3,25197,1835
4,27234,1835,5
25197,4,5,1599
1835,25197,1599,14
5,1835,14,1368
1599,5,1368,3
14,1599,3,18
1368,14,18,161
3,1368,161,2
18,3,2,7293
161,18,7293,4
2,161,4,5134
7293,2,5134,18224
4,7293,18224,60490
5134,4,60490,949
18224,5134,949,4
60490,18224,4,10
949,60490,10,2880
4,949,2880,50
10,4,50,3148
2880,10,3148,6
50,2880,6,177
3148,50,177,19
6,3148,19,890
177,6,890,2157
19,177,2157,3052
890,19,3052,3088
2157,890,3088,6
3052,2157,6,1001
3088,3052,1001,569
6,3088,569,10879
1001,6,10879,28
569,1001,28,6
10879,569,6,647
28,10879,647,2
6,28,2,149
647,6,149,2
2,647,2,2127
149,2,2127,6
2,149,6,449
2127,2,449,426
6,2127,426,3195
449,6,3195,19
426,449,19,2563
3195,426,2563,5
19,3195,5,5936
2563,19,5936,32599
5,2563,32599,4025
5936,5,4025,19
32599,5936,19,2
4025,32599,2,5192
19,4025,5192,1458
2,19,1458,6
5192,2,6,4
1458,5192,4,962
6,1458,962,2
4,6,2,52
962,4,52,12
2,962,12,9670
52,2,9670,103
12,52,103,3923
9670,12,3923,15
103,9670,15,2156
3923,103,2156,807
15,3923,807,3
2156,15,3,467
807,2156,467,1261
3,807,1261,2799
467,3,2799,630
1261,467,630,3
2799,1261,3,3074
630,2799,3074,1892
3,630,1892,1354
3074,3,1354,343
1892,3074,343,6
1354,1892,6,2
343,1354,2,707
6,343,707,3797
2,6,3797,126
707,2,126,118
3797,707,118,350
126,3797,350,550
118,126,550,19
350,118,19,2
550,350,2,556
19,550,556,176
2,19,176,379
556,2,379,540
176,556,540,13243
379,176,13243,1146
540,379,1146,154
13243,540,154,23
1146,13243,23,2
154,1146,2,60
23,154,60,59
2,23,59,1629
60,2,1629,175
59,60,175,76
1629,59,76,3386
175,1629,3386,5
76,175,5,70
3386,76,70,770
5,3386,770,4
70,5,4,449
770,70,449,477
4,770,477,3
449,4,3,17
477,449,17,1275
3,477,1275,41
17,3,41,7036
1275,17,7036,82
41,1275,82,15
7036,41,15,676
82,7036,676,102
15,82,102,449
676,15,449,6
102,676,6,598
449,102,598,4
6,449,4,5872
598,6,5872,14545
4,598,14545,167
5872,4,167,75
14545,5872,75,307
167,14545,307,5
75,167,5,1709
307,75,1709,70
5,307,70,6941
1709,5,6941,6
70,1709,6,8
6941,70,8,1976
6,6941,1976,10879
8,6,10879,297
1976,8,297,459
10879,1976,459,194
297,10879,194,37
459,297,37,381
194,459,381,388
37,194,388,19
381,37,19,90
388,381,90,2
19,388,2,2500
90,19,2500,3
2,90,3,5699
2500,2,5699,837
3,2500,837,4
5699,3,4,69039
837,5699,69039,7
4,837,7,4
69039,4,4,139
7,69039,139,10879
4,7,10879,13
139,4,13,322
10879,139,322,126
13,10879,126,103
322,13,103,153
126,322,153,404
103,126,404,11
153,103,11,517
404,153,517,2
11,404,2,227
517,11,227,18224
2,517,18224,187
227,2,187,102
18224,227,102,39
187,18224,39,249
102,187,249,7942
39,102,7942,3911
249,39,3911,1142
7942,249,1142,54
3911,7942,54,13
1142,3911,13,900
54,1142,900,3
13,54,3,243
900,13,243,61
3,900,61,42
243,3,42,5
61,243,5,49
42,61,49,2
5,42,2,936
49,5,936,1479
2,49,1479,7
936,2,7,5097
1479,936,5097,8
7,1479,8,1382
5097,7,1382,43
8,5097,43,349
1382,8,349,3
43,1382,3,6073
349,43,6073,82
3,349,82,2
6073,3,2,1299
82,6073,1299,2
2,82,2,2920
1299,2,2920,3
2,1299,3,4431
2920,2,4431,82556
3,2920,82556,528
4431,3,528,13
82556,4431,13,465
528,82556,465,3579
13,528,3579,15
465,13,15,158
3579,465,158,6
15,3579,6,57
158,15,57,1163
6,158,1163,211
57,6,211,1797
1163,57,1797,4
211,1163,4,197
1797,211,197,74
4,1797,74,38
197,4,38,7753
74,197,7753,2
38,74,2,76
7753,38,76,5
2,7753,5,54
