7665,47,13,551
36,7665,551,3611
13,36,3611,121
551,13,121,159
3611,551,159,379
121,3611,379,10296
159,121,10296,27223
379,159,27223,4
10296,379,4,16248
27223,10296,16248,9074
4,27223,9074,93227
16248,4,93227,17
9074,16248,17,2859
93227,9074,2859,5
17,93227,5,5709
2859,17,5709,4107
5,2859,4107,26
5709,5,26,322
4107,5709,322,2
26,4107,2,4011
322,26,4011,15189
2,322,15189,1962
4011,2,1962,1465
15189,4011,1465,4
1962,15189,4,1695
1465,1962,1695,159
4,1465,159,379
1695,4,379,8016
159,1695,8016,2967
379,159,2967,84930
8016,379,84930,322
2967,8016,322,61
84930,2967,61,3
322,84930,3,205
61,322,205,6
3,61,6,1962
205,3,1962,4
6,205,4,2
1962,6,2,1695
4,1962,1695,9
2,4,9,161
1695,2,161,5709
9,1695,5709,4107
161,9,4107,4
5709,161,4,11888
4107,5709,11888,496
4,4107,496,52
11888,4,52,11
496,11888,11,7
52,496,7,277
11,52,277,2357
7,11,2357,30567
277,7,30567,68
2357,277,68,383
30567,2357,383,431
68,30567,431,218
383,68,218,3
431,383,3,18
218,431,18,589
3,218,589,6
18,3,6,2595
589,18,2595,1481
6,589,1481,4
2595,6,4,2507
1481,2595,2507,2283
4,1481,2283,3
2507,4,3,9115
2283,2507,9115,1705
3,2283,1705,2
9115,3,2,115
1705,9115,115,22
2,1705,22,92923
115,2,92923,5
22,115,5,2
92923,22,2,373
5,92923,373,1644
2,5,1644,9
373,2,9,4
1644,373,4,9847
9,1644,9847,3161
4,9,3161,869
9847,4,869,6
3161,9847,6,1072
869,3161,1072,6
6,869,6,3803
1072,6,3803,826
6,1072,826,3862
3803,6,3862,212
826,3803,212,782
3862,826,782,12170
212,3862,12170,2462
782,212,2462,7
12170,782,7,2409
2462,12170,2409,2
7,2462,2,592
2409,7,592,9
2,2409,9,944
592,2,944,46
9,592,46,42
944,9,42,5
46,944,5,894
42,46,894,14
5,42,14,2
894,5,2,4133
14,894,4133,4882
2,14,4882,650
4133,2,650,266
4882,4133,266,13
650,4882,13,191
266,650,191,4
13,266,4,538
191,13,538,642
4,191,642,171
538,4,171,1146
642,538,1146,46
171,642,46,339
1146,171,339,416
46,1146,416,4
339,46,4,1218
416,339,1218,4
4,416,4,1311
1218,4,1311,2456
4,1218,2456,9338
1311,4,9338,19
2456,1311,19,6242
9338,2456,6242,2076
19,9338,2076,31
6242,19,31,477
2076,6242,477,2
31,2076,2,52
477,31,52,26
2,477,26,380
52,2,380,1588
26,52,1588,4
380,26,4,15025
1588,380,15025,39
4,1588,39,2089
15025,4,2089,962
39,15025,962,52
2089,39,52,279
962,2089,279,50
52,962,50,1519
279,52,1519,3
50,279,3,17
1519,50,17,522
3,1519,522,48
17,3,48,5
522,17,5,379
48,522,379,646
5,48,646,40
379,5,40,17
646,379,17,3397
40,646,3397,405
17,40,405,1760
3397,17,1760,9
405,3397,9,5708
1760,405,5708,2
9,1760,2,1311
5708,9,1311,2456
2,5708,2456,12
1311,2,12,2
2456,1311,2,1364
12,2456,1364,1930
2,12,1930,2
1364,2,2,427
1930,1364,427,3
2,1930,3,18024
427,2,18024,1978
3,427,1978,12
18024,3,12,2
1978,18024,2,5145
12,1978,5145,1631
2,12,1631,336
5145,2,336,338
1631,5145,338,3782
71,936,328,4006
252,71,4006,887
328,252,887,4
4006,328,4,1333
887,4006,1333,168
4,887,168,436
1333,4,436,683
168,1333,683,16
436,168,16,12
683,436,12,341
16,683,341,196
12,16,196,590
3598,339,701,1521
9461,3598,1521,604
701,9461,604,1405
1521,701,1405,327
604,1521,327,117
1405,604,117,6870
327,1405,6870,167
117,327,167,6
6870,117,6,978
167,6870,978,1575
6,167,1575,61
978,6,61,3
1575,978,3,45
61,1575,45,211
3,61,211,397
45,3,397,18
211,45,18,47
397,211,47,489
18,397,489,6
47,18,6,1092
489,47,1092,418
6,489,418,5
1092,6,5,13092
418,1092,13092,701
5,418,701,1575
13092,5,1575,170
701,13092,170,1796
1575,701,1796,608
170,1575,608,184
1796,170,184,3
608,1796,3,604
184,608,604,6360
3,184,6360,5
604,3,5,399
6360,604,399,101
5,6360,101,17
399,5,17,8486
101,399,8486,336
17,101,336,2
8486,17,2,7872
336,8486,7872,998
2,336,998,604
7872,2,604,1405
998,7872,1405,501
604,998,501,4
1405,604,4,70
501,1405,70,146
4,501,146,15503
70,4,15503,1148
146,70,1148,4001
15503,146,4001,1796
1148,15503,1796,12
4001,1148,12,701
1796,4001,701,1575
12,1796,1575,312
701,12,312,1371
1575,701,1371,19
312,1575,19,1218
1371,312,1218,941
19,1371,941,151
1218,19,151,12
941,1218,12,318
151,941,318,13
12,151,13,47
318,12,47,2248
13,318,2248,19
47,13,19,10920
2248,47,10920,167
19,2248,167,12
10920,19,12,1092
167,10920,1092,418
12,167,418,8
1092,12,8,55
418,1092,55,21
8,418,21,17
55,8,17,4585
21,55,4585,2
17,21,2,2
4585,17,2,107
2,4585,107,3
2,2,3,972
107,2,972,4162
3,107,4162,3258
972,3,3258,8
4162,972,8,13
3258,4162,13,3195
8,3258,3195,2
13,8,2,2246
3195,13,2246,771
2,3195,771,6
2246,2,6,1268
771,2246,1268,1575
6,771,1575,3598
1268,6,3598,414
1575,1268,414,28
3598,1575,28,61
414,3598,61,3
28,414,3,45
61,28,45,211
3,61,211,397
45,3,397,18
211,45,18,47
397,211,47,489
18,397,489,6
47,18,6,1092
489,47,1092,418
6,489,418,5
1092,6,5,13092
418,1092,13092,701
5,418,701,1575
13092,5,1575,170
701,13092,170,1796
1575,701,1796,608
170,1575,608,184
1796,170,184,3
608,1796,3,604
184,608,604,6360
3,184,6360,5
604,3,5,399
6360,604,399,101
5,6360,101,934
399,5,934,5
101,399,5,1414
934,101,1414,3258
5,934,3258,12
1414,5,12,1268
3258,1414,1268,1575
12,3258,1575,115
1268,12,115,21
1575,1268,21,276
115,1575,276,1218
21,115,1218,941
276,21,941,151
1218,276,151,2
941,1218,2,1314
151,941,1314,3
2,151,3,18210
1314,2,18210,328
3,1314,328,5
18210,3,5,414
328,18210,414,2246
5,328,2246,141
414,5,141,19
2246,414,19,23818
141,2246,23818,1092
19,141,1092,11752
23818,19,11752,6
1092,23818,6,17050
11752,1092,17050,418
6,11752,418,261
17050,6,261,4248
418,17050,4248,12396
261,418,12396,4430
4248,261,4430,1689
12396,4248,1689,437
4430,12396,437,5
1689,4430,5,69
437,1689,69,23
5,437,23,3598
69,5,3598,414
23,69,414,8564
3598,23,8564,2073
414,3598,2073,266
8564,414,266,1218
2073,8564,1218,941
266,2073,941,151
1218,266,151,18
941,1218,18,5637
151,941,5637,2
18,151,2,3117
5637,18,3117,5499
2,5637,5499,9
3117,2,9,1092
5499,3117,1092,244
9,5499,244,339
1092,9,339,2889
244,1092,2889,62
339,244,62,26
2889,339,26,18
62,2889,18,91
26,62,91,24939
18,26,24939,2487
91,18,2487,537
24939,91,537,211
2487,24939,211,8106
537,2487,8106,4
211,537,4,76124
8106,211,76124,4163
4,8106,4163,650
76124,4,650,91
4163,76124,91,6
650,4163,6,10423
91,650,10423,5
6,91,5,18136
10423,6,18136,7507
5,10423,7507,1092
18136,5,1092,418
7507,18136,418,18201
1092,7507,18201,1834
418,1092,1834,414
18201,418,414,2246
1834,18201,2246,141
414,1834,141,1218
2246,414,1218,941
141,2246,941,151
1218,141,151,327
941,1218,327,117
151,941,117,48
327,151,48,167
117,327,167,8
48,117,8,1845
167,48,1845,3
8,167,3,8264
1845,8,8264,175
3,1845,175,215
8264,3,215,809
175,8264,809,4
215,175,4,1092
809,215,1092,12
4,809,12,318
1092,4,318,4
12,1092,4,1532
318,12,1532,2527
4,318,2527,1276
1532,4,1276,167
2527,1532,167,365
1276,2527,365,236
167,1276,236,6
365,167,6,46633
236,365,46633,4
6,236,4,3530
46633,6,3530,418
4,46633,418,5
3530,4,5,701
418,3530,701,1575
5,418,1575,3155
701,5,3155,1168
1575,701,1168,5
3155,1575,5,3899
1168,3155,3899,184
5,1168,184,3
3899,5,3,604
184,3899,604,35
3,184,35,39
604,3,39,710
35,604,710,3742
39,35,3742,1914
710,39,1914,537
3742,710,537,16
1914,3742,16,6028
537,1914,6028,3359
16,537,3359,4
6028,16,4,38
3359,6028,38,91
4,3359,91,7
38,4,7,2
91,38,2,124
7,91,124,512
2,7,512,156
124,2,156,537
512,124,537,434
156,512,434,6928
537,156,6928,2336
434,537,2336,4
6928,434,4,283
2336,6928,283,1072
4,2336,1072,38
283,4,38,91
1072,283,91,55
38,1072,55,208
91,38,208,17
55,91,17,4585
208,55,4585,4
17,208,4,2118
4585,17,2118,5
4,4585,5,31
2118,4,31,7
5,2118,7,405
31,5,405,20
7,31,20,167
405,7,167,48
20,405,48,675
167,20,675,3
48,167,3,844
675,48,844,327
3,675,327,3721
844,3,3721,91
327,844,91,5
3721,327,5,48
91,3721,48,4758
5,91,4758,537
48,5,537,5
4758,48,5,124
537,4758,124,28
5,537,28,12396
124,5,12396,4430
28,124,4430,17
12396,28,17,8486
4430,12396,8486,336
71,63,11,99
44,71,99,1410
11,44,1410,24
99,11,24,39
1410,99,39,181
24,1410,181,8
39,24,8,22
181,39,22,159
8,181,159,269
22,8,269,5
159,22,5,35
269,159,35,78
5,269,78,32
35,5,32,91
78,35,91,2
32,78,2,432
91,32,432,125
2,91,125,641
432,2,641,171
125,432,171,49
641,125,49,2451
171,641,2451,1865
49,171,1865,181
2451,49,181,119
1865,2451,119,111
181,1865,111,4
119,181,4,35
111,119,35,216
4,111,216,132
35,4,132,18
216,35,18,508
132,216,508,2
18,132,2,239
508,18,239,142
2,508,142,2
239,2,2,128
142,239,128,1206
2,142,1206,8
128,2,8,32
1206,128,32,7
8,1206,7,21
32,8,21,91
7,32,91,92
21,7,92,13670
91,21,13670,183
92,91,183,60
13670,92,60,1663
183,13670,1663,765
60,183,765,1410
1663,60,1410,10
765,1663,10,168
1410,765,168,39
10,1410,39,181
168,10,181,71
39,168,71,134
181,39,134,2130
71,181,2130,100
134,71,100,200
2130,134,200,6750
100,2130,6750,6
200,100,6,411
6750,200,411,3
6,6750,3,2
411,6,2,194
3,411,194,5
2,3,5,59
194,2,59,63
5,194,63,1410
59,5,1410,5
63,59,5,32
1410,63,32,91
5,1410,91,5
32,5,5,2
91,32,2,432
5,91,432,125
2,5,125,641
432,2,641,9
125,432,9,3842
641,125,3842,92
9,641,92,52707
3842,9,52707,6
92,3842,6,4
52707,92,4,407
6,52707,407,15
4,6,15,2130
407,4,2130,4564
15,407,4564,540
2130,15,540,218
4564,2130,218,3
540,4564,3,524
218,540,524,19
3,218,19,22
524,3,22,366
19,524,366,8
22,19,8,188
366,22,188,5
8,366,5,130
188,8,130,252
5,188,252,7
130,5,7,3
252,130,3,1397
7,252,1397,3333
3,7,3333,174
1397,3,174,4
3333,1397,4,8
174,3333,8,206
4,174,206,130
8,4,130,125
206,8,125,5938
130,206,5938,8
125,130,8,7
5938,125,7,1518
8,5938,1518,231
7,8,231,48
1518,7,48,95
231,1518,95,433
48,231,433,16
95,48,16,1131
433,95,1131,4
16,433,4,3250
1131,16,3250,4
4,1131,4,7
3250,4,7,569
4,3250,569,2837
7,4,2837,8
569,7,8,78
2837,569,78,13
8,2837,13,5264
78,8,5264,8
13,78,8,95
5264,13,95,125
8,5264,125,8
95,8,8,13
125,95,13,3
8,125,3,25
13,8,25,15
3,13,15,158
25,3,158,402
15,25,402,147
158,15,147,3
402,158,3,17
147,402,17,71591
3,147,71591,300
17,3,300,324
71591,17,324,2
300,71591,2,90702
324,300,90702,425
2,324,425,8
90702,2,8,32
425,90702,32,808
8,425,808,146
32,8,146,335
808,32,335,3
146,808,3,319
335,146,319,39
3,335,39,5
319,3,5,125
39,319,125,3478
5,39,3478,75
125,5,75,119
3478,125,119,111
75,3478,111,35
119,75,35,216
111,119,216,4
35,111,4,32
216,35,32,520
4,216,520,266
32,4,266,1410
520,32,1410,6
266,520,6,1206
1410,266,1206,8
6,1410,8,111
1206,6,111,58
8,1206,58,13
111,8,13,47
58,111,47,398
13,58,398,294
47,13,294,998
398,47,998,8
294,398,8,32
998,294,32,91
8,998,91,2
32,8,2,432
91,32,432,125
2,91,125,641
432,2,641,3
125,432,3,1754
641,125,1754,158
3,641,158,92
1754,3,92,33888
158,1754,33888,2130
92,158,2130,407
33888,92,407,71
2130,33888,71,1673
407,2130,1673,32
71,407,32,329
1673,71,329,180
32,1673,180,72
329,32,72,44
180,329,44,8
72,180,8,78
44,72,78,32
8,44,32,7
78,8,7,4
32,78,4,13
7,32,13,47
4,7,47,4
13,4,4,5175
47,13,5175,166
4,47,166,4907
5175,4,4907,11
166,5175,11,14
4907,166,14,2
11,4907,2,306
14,11,306,269
2,14,269,5
306,2,5,35
269,306,35,9
5,269,9,25402
35,5,25402,119
9,35,119,111
25402,9,111,1151
119,25402,1151,466
111,119,466,3
1151,111,3,1406
466,1151,1406,3
3,466,3,2143
1406,3,2143,95189
3,1406,95189,111
2143,3,111,1007
95189,2143,1007,2600
111,95189,2600,2569
1007,111,2569,28
2600,1007,28,466
2569,2600,466,8
28,2569,8,2
466,28,2,281
8,466,281,158
2,8,158,1466
281,2,1466,32
158,281,32,14
1466,158,14,501
32,1466,501,2
14,32,2,636
501,14,636,125
2,501,125,16
636,2,16,301
125,636,301,11
16,125,11,7
301,16,7,21
11,301,21,44
7,11,44,59
21,7,59,26
44,21,26,1466
59,44,1466,4
26,59,4,52
1466,26,52,10
4,1466,10,459
52,4,459,98
10,52,98,415
459,10,415,1488
98,459,1488,2569
415,98,2569,68
1488,415,68,855
2569,1488,855,61
68,2569,61,1938
855,68,1938,8
61,855,8,11
1938,61,11,40
8,1938,40,21
11,8,21,17
40,11,17,1066
21,40,1066,52
17,21,52,71
1066,17,71,1410
52,1066,1410,37
71,52,37,10
1410,71,10,24
37,1410,24,83689
10,37,83689,669
24,10,669,871
83689,24,871,11093
669,83689,11093,75260
871,669,75260,134
11093,871,134,2356
75260,11093,2356,39
134,75260,39,466
2356,134,466,736
39,2356,736,11
466,39,11,208
736,466,208,495
11,736,495,4
208,11,4,125
495,208,125,24
4,495,24,32
125,4,32,432
24,125,432,16
32,24,16,4
432,32,4,7
16,432,7,21
4,16,21,116
7,4,116,52
21,7,52,71
116,21,71,36
52,116,36,98
71,52,98,57
36,71,57,158
98,36,158,7
57,98,7,35313
158,57,35313,3
7,158,3,2143
35313,7,2143,119
3,35313,119,111
2143,3,111,35
119,2143,35,216
111,119,216,4
35,111,4,32
216,35,32,520
4,216,520,266
32,4,266,1077
520,32,1077,6
266,520,6,1206
1077,266,1206,8
6,1077,8,159
1206,6,159,269
8,1206,269,5
159,8,5,35
269,159,35,13
5,269,13,91
35,5,91,2
13,35,2,432
91,13,432,125
2,91,125,3
432,2,3,1754
125,432,1754,158
3,125,158,402
1754,3,402,35
158,1754,35,216
402,158,216,716
35,402,716,1471
216,35,1471,122
716,216,122,710
1471,716,710,14
122,1471,14,2489
710,122,2489,2
14,710,2,6158
2489,14,6158,5
2,2489,5,125
6158,2,125,4103
5,6158,4103,19
125,5,19,111
4103,125,111,58
19,4103,58,6
111,19,6,1707
58,111,1707,73949
6,58,73949,216
1707,6,216,158
73949,1707,158,1466
216,73949,1466,8
158,216,8,76
1466,158,76,5
8,1466,5,1128
76,8,1128,5
5,76,5,799
1128,5,799,364
5,1128,364,2
799,5,2,520
364,799,520,125
2,364,125,16
520,2,16,9
125,520,9,32
16,125,32,4
9,16,4,35
32,9,35,4
4,32,4,119
35,4,119,111
4,35,111,158
119,4,158,12993
111,119,12993,12
158,111,12,62
12993,158,62,3
12,12993,3,1917
62,12,1917,1856
3,62,1856,2143
1917,3,2143,481
1856,1917,481,29
2143,1856,29,95
481,2143,95,646
29,481,646,5160
95,29,5160,3
646,95,3,32
5160,646,32,619
3,5160,619,4
32,3,4,26
619,32,26,516
4,619,516,21
26,4,21,3
516,26,3,95043
21,516,95043,7
3,21,7,2155
95043,3,2155,31
7,95043,31,23
2155,7,23,119
31,2155,119,111
23,31,111,7
119,23,7,19518
111,119,19518,16114
7,111,16114,43472
19518,7,43472,1007
16114,19518,1007,9
43472,16114,9,8315
1007,43472,8315,1595
9,1007,1595,369
8315,9,369,12
1595,8315,12,1707
369,1595,1707,1298
12,369,1298,8
1707,12,8,11
1298,1707,11,1466
8,1298,1466,32
11,8,32,14
1466,11,14,364
32,1466,364,12
14,32,12,519
364,14,519,23
12,364,23,16
519,12,16,59
23,519,59,110
16,23,110,168
59,16,168,35
110,59,35,216
168,110,216,799
35,168,799,6
216,35,6,500
799,216,500,1308
6,799,1308,4
500,6,4,140
1308,500,140,41
4,1308,41,12
140,4,12,799
41,140,799,6
12,41,6,64590
799,12,64590,43472
6,799,43472,134
64590,6,134,693
43472,64590,693,310
134,43472,310,12
693,134,12,429
310,693,429,8
12,310,8,10
429,12,10,14
8,429,14,375
10,8,375,3240
14,10,3240,72
375,14,72,44
3240,375,44,126
72,3240,126,954
44,72,954,1558
126,44,1558,8
954,126,8,35
1558,954,35,216
8,1558,216,1235
35,8,1235,32
216,35,32,86
1235,216,86,91
32,1235,91,520
86,32,520,125
91,86,125,122
520,91,122,6
125,520,6,266
122,125,266,75
6,122,75,8
266,6,8,369
75,266,369,8029
8,75,8029,19
369,8,19,964
8029,369,964,8331
19,8029,8331,4577
964,19,4577,5786
8331,964,5786,510
4577,8331,510,10
5786,4577,10,13
510,5786,13,9835
10,510,9835,48
13,10,48,5
9835,13,5,32
48,9835,32,125
5,48,125,6656
32,5,6656,3
125,32,3,1707
6656,125,1707,82
3,6656,82,211
1707,3,211,98
82,1707,98,1215
211,82,1215,24
98,211,24,49
1215,98,49,520
24,1215,520,125
49,24,125,4
520,49,4,783
125,520,783,2
4,125,2,149
783,4,149,2
2,783,2,1367
149,2,1367,7697
2,149,7697,4
1367,2,4,22736
7697,1367,22736,693
4,7697,693,310
22736,4,310,544
693,22736,544,20
310,693,20,153
544,310,153,1299
20,544,1299,4
