5,2072,31,16
2239,5,16,445
31,2239,445,4
16,31,4,207
445,16,207,3028
4,445,3028,434
207,4,434,5
3028,207,5,201
434,3028,201,148
5,434,148,29
201,5,29,208
148,201,208,208
29,148,208,3
208,29,3,17
208,208,17,277
3,208,277,59
17,3,59,572
277,17,572,148
59,277,148,2861
572,59,2861,64
148,572,64,10
2861,148,10,95
64,2861,95,1309
10,64,1309,2126
95,10,2126,5831
1309,95,5831,15
2126,1309,15,2864
5831,2126,2864,559
15,5831,559,5
2864,15,5,108
559,2864,108,184
5,559,184,3
108,5,3,432
184,108,432,3718
3,184,3718,8
432,3,8,7
3718,432,7,12666
8,3718,12666,61
7,8,61,766
12666,7,766,30
61,12666,30,219
766,61,219,21
30,766,21,395
219,30,395,20
21,219,20,61
395,21,61,24
20,395,24,444
61,20,444,401
24,61,401,1269
444,24,1269,691
401,444,691,5
1269,401,5,2126
691,1269,2126,629
5,691,629,6
2126,5,6,701
629,2126,701,226
6,629,226,77
701,6,77,567
226,701,567,953
77,226,953,5
567,77,5,22821
953,567,22821,1199
5,953,1199,3
22821,5,3,25
1199,22821,25,402
3,1199,402,4
25,3,4,96
402,25,96,246
4,402,246,184
96,4,184,3
246,96,3,2
184,246,2,181
3,184,181,24
2,3,24,4031
181,2,4031,2663
24,181,2663,42
4031,24,42,5
2663,4031,5,1247
42,2663,1247,871
5,42,871,3
1247,5,3,2124
871,1247,2124,6
3,871,6,940
2124,3,940,3270
6,2124,3270,102
940,6,102,5255
3270,940,5255,132
102,3270,132,434
5255,102,434,875
132,5255,875,1111
434,132,1111,12
875,434,12,22821
1111,875,22821,1199
12,1111,1199,392
22821,12,392,41
1199,22821,41,1323
392,1199,1323,1590
41,392,1590,41
1323,41,41,9579
1590,1323,9579,4
41,1590,4,4718
9579,41,4718,288
4,9579,288,983
4718,4,983,4031
288,4718,4031,2663
983,288,2663,1906
4031,983,1906,937
2663,4031,937,28
1906,2663,28,20
937,1906,20,7
28,937,7,3944
20,28,3944,8845
7,20,8845,52
3944,7,52,33
8845,3944,33,380
52,8845,380,47
33,52,47,1721
380,33,1721,769
47,380,769,24
1721,47,24,99
769,1721,99,727
24,769,727,5
99,24,5,932
727,99,932,59687
5,727,59687,1373
932,5,1373,9
59687,932,9,757
1373,59687,757,1911
9,1373,1911,14
757,9,14,74
1911,757,74,875
14,1911,875,65
74,14,65,628
875,74,628,5
65,875,5,128
628,65,128,1482
5,628,1482,6
128,5,6,80
1482,128,80,1504
6,1482,1504,1120
80,6,1120,31
1504,80,31,16
1120,1504,16,15225
31,1120,15225,5
16,31,5,254
15225,16,254,2
5,15225,2,572
254,5,572,357
2,254,357,37
572,2,37,432
357,572,432,3718
37,357,3718,73
432,37,73,55274
3718,432,55274,1079
73,3718,1079,45989
55274,73,45989,5
1079,55274,5,53211
45989,1079,53211,607
5,45989,607,757
53211,5,757,6576
607,53211,6576,2
757,607,2,786
6576,757,786,3
2,6576,3,12733
786,2,12733,2973
3,786,2973,786
12733,3,786,5
2973,12733,5,432
786,2973,432,3718
5,786,3718,1199
432,5,1199,8
3718,432,8,16
1199,3718,16,166
8,1199,166,62
16,8,62,8
166,16,8,3718
62,166,3718,535
8,62,535,2124
3718,8,2124,178
535,3718,178,8
2124,535,8,432
178,2124,432,3718
8,178,3718,1199
432,8,1199,34
3718,432,34,21
1199,3718,21,2807
34,1199,2807,98
21,34,98,1518
2807,21,1518,1429
98,2807,1429,74
1518,98,74,235
1429,1518,235,903
74,1429,903,5
235,74,5,66
903,235,66,4
5,903,4,2
66,5,2,30
4,66,30,380
2,4,380,1093
30,2,1093,56
380,30,56,1214
1093,380,1214,170
56,1093,170,373
1214,56,373,727
170,1214,727,5
373,170,5,669
727,373,669,379
5,727,379,5
669,5,5,1951
379,669,1951,432
5,379,432,3718
1951,5,3718,1199
432,1951,1199,18
3718,432,18,1136
1199,3718,1136,47
18,1199,47,1259
1136,18,1259,8
47,1136,8,432
1259,47,432,3718
8,1259,3718,766
432,8,766,110
3718,432,110,845
766,3718,845,34
110,766,34,17
845,110,17,1058
34,845,1058,65
17,34,65,446
1058,17,446,5
65,1058,5,268
446,65,268,4
5,446,4,1216
268,5,1216,5
4,268,5,81
1216,4,81,91
5,1216,91,657
81,5,657,3014
91,81,3014,27
657,91,27,3014
3014,657,3014,5223
27,3014,5223,2
3014,27,2,2463
5223,3014,2463,9
2,5223,9,206
2463,2,206,766
9,2463,766,50
206,9,50,110
766,206,110,3
50,766,3,877
110,50,877,4031
3,110,4031,2663
877,3,2663,13
4031,877,13,41
2663,4031,41,337
13,2663,337,65
41,13,65,88
337,41,88,3
65,337,3,948
88,65,948,432
3,88,432,3718
948,3,3718,3467
432,948,3467,3157
3718,432,3157,12
3467,3718,12,4782
3157,3467,4782,163
12,3157,163,511
4782,12,511,65
163,4782,65,1567
511,163,1567,1302
65,511,1302,5
1567,65,5,196
1302,1567,196,136
5,1302,136,246
196,5,246,4689
136,196,4689,196
246,136,196,90
4689,246,90,224
196,4689,224,4
90,196,4,52
224,90,52,1351
4,224,1351,367
52,4,367,1711
1351,52,1711,10
367,1351,10,198
1711,367,198,1324
10,1711,1324,385
198,10,385,497
1324,198,497,118
385,1324,118,774
497,385,774,11033
118,497,11033,3
774,118,3,422
11033,774,422,692
3,11033,692,3836
422,3,3836,73
692,422,73,432
3836,692,432,3718
73,3836,3718,54
432,73,54,7
3718,432,7,3750
54,3718,3750,38521
7,54,38521,3718
3750,7,3718,2
38521,3750,2,30
3718,38521,30,380
2,3718,380,1093
30,2,1093,56
380,30,56,432
1093,380,432,3718
56,1093,3718,13
432,56,13,1657
3718,432,1657,10
13,3718,10,336
1657,13,336,5
10,1657,5,450
336,10,450,3718
5,336,3718,24
450,5,24,3
3718,450,3,4031
24,3718,4031,2663
3,24,2663,7
4031,3,7,21
2663,4031,21,72
7,2663,72,2
21,7,2,2858
72,21,2858,3
2,72,3,432
2858,2,432,3718
3,2858,3718,10
432,3,10,7
3718,432,7,1483
10,3718,1483,10829
7,10,10829,19
1483,7,19,4222
10829,1483,4222,5
19,10829,5,118
4222,19,118,2
5,4222,2,432
118,5,432,3718
2,118,3718,715
432,2,715,5
3718,432,5,715
715,3718,715,1286
5,715,1286,54
715,5,54,242
1286,715,242,10
54,1286,10,147
242,54,147,3
10,242,3,671
147,10,671,2141
3,147,2141,15
671,3,15,257
2141,671,257,1120
15,2141,1120,6
257,15,6,316
1120,257,316,3
6,1120,3,1500
316,6,1500,656
3,316,656,3
1500,3,3,715
656,1500,715,4
3,656,4,1504
715,3,1504,1120
4,715,1120,10
1504,4,10,13
1120,1504,13,2803
10,1120,2803,12
13,10,12,432
2803,13,432,3718
12,2803,3718,147
432,12,147,2463
3718,432,2463,26
147,3718,26,55
2463,147,55,123
26,2463,123,3
55,26,3,38
123,55,38,979
3,123,979,4
38,3,4,2100
979,38,2100,5815
4,979,5815,59
2100,4,59,432
5815,2100,432,3718
59,5815,3718,766
432,59,766,13065
3718,432,13065,25
766,3718,25,10
13065,766,10,1041
25,13065,1041,3
10,25,3,948
1041,10,948,95
3,1041,95,3608
948,3,3608,23500
95,948,23500,511
3608,95,511,65
23500,3608,65,1857
511,23500,1857,8
65,511,8,432
1857,65,432,3718
8,1857,3718,13
432,8,13,445
3718,432,445,47
13,3718,47,2
445,13,2,24193
47,445,24193,671
2,47,671,4
24193,2,4,117
671,24193,117,5
4,671,5,2
117,4,2,1482
5,117,1482,7
2,5,7,16250
1482,2,16250,6
7,1482,6,209
16250,7,209,10
6,16250,10,121
209,6,121,18
10,209,18,1959
121,10,1959,75
18,121,75,224
1959,18,224,7584
75,1959,7584,29
224,75,29,432
7584,224,432,3718
29,7584,3718,14
432,29,14,4
3718,432,4,8728
14,3718,8728,10790
4,14,10790,5
8728,4,5,813
10790,8728,813,50267
5,10790,50267,554
813,5,554,213
50267,813,213,1924
554,50267,1924,559
213,554,559,4
1924,213,4,295
559,1924,295,2
4,559,2,942
295,4,942,5
2,295,5,3387
942,2,3387,6
5,942,6,2
3387,5,2,527
6,3387,527,8
2,6,8,166
527,2,166,7
8,527,7,502
166,8,502,6640
7,166,6640,37
502,7,37,432
6640,502,432,3718
37,6640,3718,5
432,37,5,300
3718,432,300,12
5,3718,12,444
300,5,444,401
12,300,401,1269
444,12,1269,460
401,444,460,50
1269,401,50,21
460,1269,21,2788
50,460,2788,51
21,50,51,4031
2788,21,4031,2663
51,2788,2663,14
4031,51,14,2339
2663,4031,2339,57
14,2663,57,50
2339,14,50,257
57,2339,257,1187
50,57,1187,5
257,50,5,5223
1187,257,5223,511
5,1187,511,65
5223,5,65,106
511,5223,106,5
65,511,5,144
106,65,144,9
5,106,9,432
144,5,432,3718
9,144,3718,20
432,9,20,9758
3718,432,9758,121
20,3718,121,21
9758,20,21,17
121,9758,17,2657
21,121,2657,398
17,21,398,76
2657,17,76,5
398,2657,5,2397
76,398,2397,366
5,76,366,4031
2397,5,4031,2663
366,2397,2663,146
4031,366,146,1466
2663,4031,1466,6
146,2663,6,1299
1466,146,1299,898
6,1466,898,8
1299,6,8,99
898,1299,99,4
8,898,4,4799
99,8,4799,1541
4,99,1541,88
4799,4,88,344
1541,4799,344,255
88,1541,255,9
344,88,9,432
255,344,432,3718
9,255,3718,14
432,9,14,875
3718,432,875,1111
14,3718,1111,12
875,14,12,22821
1111,875,22821,1199
12,1111,1199,54
22821,12,54,462
1199,22821,462,828
54,1199,828,2898
462,54,2898,3
828,462,3,2400
2898,828,2400,1328
3,2898,1328,385
2400,3,385,4917
1328,2400,4917,29
385,1328,29,1875
4917,385,1875,16
29,4917,16,1192
1875,29,1192,3
16,1875,3,178
1192,16,178,8
3,1192,8,8
178,3,8,40
8,178,40,326
8,8,326,38
40,8,38,953
326,40,953,3
38,326,3,96
953,38,96,246
3,953,246,9
96,3,9,2124
246,96,2124,59
9,246,59,95
2124,9,95,2124
59,2124,2124,16
95,59,16,462
2124,95,462,261
16,2124,261,2699
462,16,2699,6094
261,462,6094,24
2699,261,24,43
6094,2699,43,1111
24,6094,1111,84
43,24,84,76
1111,43,76,432
84,1111,432,3718
76,84,3718,940
432,76,940,232
3718,432,232,18
940,3718,18,18961
232,940,18961,38
18,232,38,2559
18961,18,2559,4
38,18961,4,28
2559,38,28,26
4,2559,26,100
28,4,100,3196
26,28,3196,52
100,26,52,26
3196,100,26,13
52,3196,13,3
26,52,3,513
13,26,513,41
3,13,41,1111
513,3,1111,10
41,513,10,490
1111,41,490,3
10,1111,3,123
490,10,123,20
3,490,20,37144
123,3,37144,1540
20,123,1540,1638
37144,20,1638,170
1540,37144,170,53
1638,1540,53,16
170,1638,16,21
53,170,21,57
16,53,57,368
21,16,368,5
57,21,5,179
368,57,179,6
5,368,6,54
179,5,54,26
6,179,26,100
54,6,100,2807
26,54,2807,7969
100,26,7969,6083
2807,100,6083,513
7969,2807,513,80
6083,7969,80,15
513,6083,15,2
80,513,2,1708
15,80,1708,436
2,15,436,200
1708,2,200,23
436,1708,23,1247
200,436,1247,1199
23,200,1199,3218
1247,23,3218,1906
1199,1247,1906,513
3218,1199,513,7
1906,3218,7,1038
513,1906,1038,678
7,513,678,4
1038,7,4,9
678,1038,9,172
4,678,172,1736
9,4,1736,23
172,9,23,273
1736,172,273,4
23,1736,4,76
273,23,76,80657
4,273,80657,715
76,4,715,1610
80657,76,1610,678
715,80657,678,4
1610,715,4,10
678,1610,10,21
4,678,21,2
10,4,2,52
21,10,52,2972
2,21,2972,96
52,2,96,2
2972,52,2,136
96,2972,136,5
2,96,5,2
136,2,2,841
5,136,841,2
2,5,2,257
841,2,257,1120
2,841,1120,40
257,2,40,18
1120,257,18,33
40,1120,33,178
18,40,178,940
33,18,940,561
178,33,561,62
940,178,62,8
561,940,8,64
62,561,64,42
8,62,42,13
64,8,13,2
42,64,2,696
13,42,696,11952
2,13,11952,172
696,2,172,30950
11952,696,30950,715
172,11952,715,16
30950,172,16,186
715,30950,186,253
16,715,253,3
186,16,3,2863
253,186,2863,149
3,253,149,6
2863,3,6,235
149,2863,235,1088
6,149,1088,140
235,6,140,19
1088,235,19,600
140,1088,600,4
19,140,4,2124
600,19,2124,6
4,600,6,432
2124,4,432,3718
6,2124,3718,121
432,6,121,172
3718,432,172,7998
121,3718,7998,60
172,121,60,3637
7998,172,3637,1653
60,7998,1653,26
3637,60,26,121
1653,3637,121,666
26,1653,666,3
121,26,3,1227
666,121,1227,7570
3,666,7570,4
1227,3,4,1704
7570,1227,1704,740
4,7570,740,3
1704,4,3,3979
740,1704,3979,25
3,740,25,31
3979,3,31,230
25,3979,230,549
31,25,549,940
230,31,940,52
549,230,52,580
940,549,580,3559
52,940,3559,16
580,52,16,41
3559,580,41,253
16,3559,253,3
41,16,3,123
253,41,123,236
3,253,236,23
123,3,23,7197
236,123,7197,715
23,236,715,36
7197,23,36,42
715,7197,42,15
36,715,15,22411
42,36,22411,1538
15,42,1538,170
22411,15,170,841
1538,22411,841,6
170,1538,6,436
841,170,436,1509
6,841,1509,40
436,6,40,18
1509,436,18,2
40,1509,2,1708
18,40,1708,984
2,18,984,12
1708,2,12,953
984,1708,953,5
12,984,5,4594
953,12,4594,3
5,953,3,1500
4594,5,1500,51
3,4594,51,7
1500,3,7,2395
51,1500,2395,3
7,51,3,17
2395,7,17,4
3,2395,4,5596
17,3,5596,4250
4,17,4250,4748
5596,4,4748,23081
4250,5596,23081,56
4748,4250,56,7199
23081,4748,7199,2026
56,23081,2026,7
7199,56,7,52
2026,7199,52,476
7,2026,476,253
52,7,253,3
476,52,3,17
253,476,17,32801
3,253,32801,9
17,3,9,940
32801,17,940,1538
9,32801,1538,15
940,9,15,196
1538,940,196,136
15,1538,136,2445
196,15,2445,9
136,196,9,224
2445,136,224,817
9,2445,817,1272
224,9,1272,7
817,224,7,465
1272,817,465,146
7,1272,146,19
465,7,19,480
146,465,480,31
19,146,31,7
480,19,7,2486
31,480,2486,3
7,31,3,192
2486,7,192,2
3,2486,2,224
192,3,224,2
2,192,2,6
224,2,6,38
2,224,38,2124
6,2,2124,2395
38,6,2395,81
2124,38,81,3
2395,2124,3,17
81,2395,17,196
3,81,196,762
17,3,762,23
196,17,23,1528
762,196,1528,246
23,762,246,3
1528,23,3,179
246,1528,179,36
3,246,36,21
179,3,21,149
36,179,149,2440
21,36,2440,29
149,21,29,4031
2440,149,4031,2663
29,2440,2663,43637
4031,29,43637,7
2663,4031,7,2
43637,2663,2,10562
7,43637,10562,5
2,7,5,1026
10562,2,1026,5
5,10562,5,2463
1026,5,2463,33
5,1026,33,55
2463,5,55,913
33,2463,913,3
55,33,3,485
913,55,485,24
3,913,24,161
485,3,161,257
24,485,257,1120
161,24,1120,4
257,161,4,1504
1120,257,1504,1120
4,1120,1120,74
1504,4,74,541
1120,1504,541,66
74,1120,66,2539
541,74,2539,547
66,541,547,106022
2539,66,106022,6
547,2539,6,39
106022,547,39,19809
6,106022,19809,4993
2,171,175,964
185,2,964,7974
175,185,7974,7380
964,175,7380,4
7974,964,4,117
7380,7974,117,963
4,7380,963,4963
117,4,4963,22971
963,117,22971,9
4963,963,9,22
22971,4963,22,43
9,22971,43,265
22,9,265,389
43,22,389,6
265,43,6,16364
389,265,16364,2047
6,389,2047,4963
16364,6,4963,3983
2047,16364,3983,7380
4963,2047,7380,11141
3983,4963,11141,254
7380,3983,254,6
11141,7380,6,9309
254,11141,9309,5
6,254,5,49
9309,6,49,300
5,9309,300,12
49,5,12,560
300,49,560,577
12,300,577,5
560,12,5,124
577,560,124,7
5,577,7,13
124,5,13,4270
7,124,4270,8
13,7,8,112
4270,13,112,804
8,4270,804,324
112,8,324,48
804,112,48,107
324,804,107,24
48,324,24,14014
107,48,14014,3
24,107,3,522
14014,24,522,575
3,14014,575,197
522,3,197,22
575,522,22,1184
197,575,1184,324
22,197,324,6
1184,22,6,411
324,1184,411,3
6,324,3,49
411,6,49,304
3,411,304,8
49,3,8,130
304,49,130,347
8,304,347,13
130,8,13,522
347,130,522,20
13,347,20,226
522,13,226,6
20,522,6,4111
226,20,4111,110
6,226,110,142
4111,6,142,3
110,4111,3,1408
142,110,1408,7
3,142,7,353
1408,3,353,2
7,1408,2,1412
353,7,1412,5
2,353,5,70
1412,2,70,1408
5,1412,1408,790
70,5,790,3694
1408,70,3694,5
790,1408,5,28124
3694,790,28124,387
5,3694,387,963
28124,5,963,4963
387,28124,4963,4793
963,387,4793,4032
4963,963,4032,386
4793,4963,386,124
4032,4793,124,3219
386,4032,3219,7974
124,386,7974,7380
3219,124,7380,6
7974,3219,6,185
7380,7974,185,9
6,7380,9,49
185,6,49,25454
9,185,25454,3035
49,9,3035,109
25454,49,109,46
3035,25454,46,28124
109,3035,28124,28124
46,109,28124,318
28124,46,318,109
28124,28124,109,4963
318,28124,4963,5
109,318,5,376
4963,109,376,13
5,4963,13,897
376,5,897,3
13,376,3,495
897,13,495,215
3,897,215,2070
495,3,2070,11
215,495,11,7
2070,215,7,21
11,2070,21,6
7,11,6,209
21,7,209,495
6,21,495,9
209,6,9,89
495,209,89,3
9,495,3,167
89,9,167,7380
3,89,7380,7
167,3,7,21
7380,167,21,86
7,7380,86,3925
21,7,3925,5
86,21,5,4957
3925,86,4957,29
5,3925,29,5437
4957,5,5437,49
29,4957,49,11141
5437,29,11141,7
49,5437,7,6997
11141,49,6997,58
7,11141,58,423
6997,7,423,2
58,6997,2,10083
423,58,10083,164
2,423,164,19
10083,2,19,4963
164,10083,4963,7
19,164,7,8
4963,19,8,10
7,4963,10,3264
8,7,3264,3
10,8,3,154
3264,10,154,24
3,3264,24,190
154,3,190,133
24,154,133,2
190,24,2,241
133,190,241,2
2,133,2,33
241,2,33,219
2,241,219,119
33,2,119,1343
219,33,1343,4963
119,219,4963,1183
1343,119,1183,22
4963,1343,22,69
1183,4963,69,13
22,1183,13,2483
69,22,2483,4963
13,69,4963,13
2483,13,13,28
4963,2483,28,27
13,4963,27,121
28,13,121,3196
27,28,3196,74
121,27,74,22
3196,121,22,7075
74,3196,7075,300
22,74,300,1350
7075,22,1350,10
300,7075,10,3264
1350,300,3264,3
10,1350,3,96
