2,36,3072,42
281,2,42,132
3072,281,132,17
42,3072,17,1695
132,42,1695,4086
17,132,4086,43
1695,17,43,4
4086,1695,4,5970
43,4086,5970,16
4,43,16,161
5970,4,161,36002
16,5970,36002,2
161,16,2,252
36002,161,252,5
2,36002,5,43
252,2,43,7
5,252,7,19648
43,5,19648,108
7,43,108,4
19648,7,4,43
108,19648,43,168
4,108,168,3101
43,4,3101,15096
168,43,15096,1031
3101,168,1031,1448
15096,3101,1448,3
1031,15096,3,96
1448,1031,96,1419
3,1448,1419,41
96,3,41,2002
1419,96,2002,25
41,1419,25,10
2002,41,10,77
25,2002,77,155
10,25,155,536
77,10,536,107
155,77,107,7
536,155,7,25
107,536,25,178
7,107,178,43
25,7,43,196
178,25,196,9
43,178,9,271
196,43,271,8
9,196,8,64
271,9,64,57
8,271,57,226
64,8,226,1666
57,64,1666,4
226,57,4,8
1666,226,8,20
4,1666,20,7
8,4,7,271
20,8,271,1155
7,20,1155,794
271,7,794,9
1155,271,9,79938
794,1155,79938,6
9,794,6,117
79938,9,117,33
6,79938,33,34
117,6,34,88
33,117,88,253
34,33,253,1920
88,34,1920,6
253,88,6,2
1920,253,2,236
6,1920,236,33
2,6,33,2166
236,2,2166,61
33,236,61,6
2166,33,6,4
61,2166,4,16
6,61,16,1632
4,6,1632,15
16,4,15,4
1632,16,4,7
15,1632,7,2
4,15,2,5403
7,4,5403,33
2,7,33,16
5403,2,16,120
33,5403,120,33
16,33,33,16
120,16,16,9
33,120,9,2
16,33,2,337
9,16,337,942
2,9,942,243
337,2,243,73
942,337,73,48
243,942,48,852
73,243,852,148
48,73,148,26
852,48,26,1346
148,852,1346,62
26,148,62,3
1346,26,3,5464
62,1346,5464,117
3,62,117,174
5464,3,174,3878
117,5464,3878,52
174,117,52,7
3878,174,7,13
52,3878,13,131
7,52,131,534
13,7,534,397
131,13,397,7
534,131,7,230
397,534,230,488
7,397,488,7
230,7,7,2985
488,230,2985,10
7,488,10,3
2985,7,3,81
10,2985,81,3
3,10,3,549
81,3,549,29
3,81,29,170
549,3,170,7
29,549,7,25
170,29,25,21
7,170,21,7
25,7,7,34
21,25,34,942
7,21,942,48
34,7,48,5
942,34,5,43
48,942,43,18
5,48,18,655
43,5,655,3
18,43,3,296
655,18,296,36
3,655,36,123
296,3,123,2
36,296,2,524
123,36,524,438
2,123,438,445
524,2,445,313
438,524,313,2058
445,438,2058,25
313,445,25,90
2058,313,90,25
25,2058,25,10
90,25,10,2
25,90,2,19642
10,25,19642,5532
2,10,5532,5
19642,2,5,4235
5532,19642,4235,1798
5,5532,1798,1075
4235,5,1075,20
1798,4235,20,133
1075,1798,133,7
20,1075,7,34
133,20,34,218
7,133,218,3
34,7,3,514
218,34,514,61
3,218,61,130
514,3,130,503
61,514,503,849
130,61,849,6
503,130,6,5532
849,503,5532,4
6,849,4,52
5532,6,52,42
4,5532,42,44
52,4,44,26
42,52,26,154
44,42,154,4
26,44,4,25624
154,26,25624,56
4,154,56,8
25624,4,8,849
56,25624,849,25
8,56,25,17
849,8,17,10
25,849,10,76
17,25,76,60
10,17,60,470
76,10,470,2
60,76,2,524
470,60,524,9
2,470,9,101
524,2,101,148
9,524,148,7
101,9,7,86
148,101,86,297
7,148,297,2
86,7,2,3185
297,86,3185,417
2,297,417,13
3185,2,13,274
417,3185,274,30682
13,417,30682,157
274,13,157,7
30682,274,7,15432
157,30682,15432,30
7,157,30,6311
15432,7,6311,142
30,15432,142,87
6311,30,87,88
142,6311,88,5
87,142,5,43
88,87,43,1518
5,88,1518,8
43,5,8,503
1518,43,503,849
8,1518,849,6
503,8,6,5532
849,503,5532,4
6,849,4,691
5532,6,691,56
4,5532,56,3074
691,4,3074,4
56,691,4,1518
3074,56,1518,403
4,3074,403,6
1518,4,6,67
403,1518,67,910
6,403,910,10
67,6,10,72
910,67,72,490
10,910,490,3
72,10,3,137
490,72,137,48
3,490,48,8081
137,3,8081,4
48,137,4,2029
8081,48,2029,110
4,8081,110,12
2029,4,12,84
110,2029,84,44
12,110,44,4
84,12,4,48
44,84,48,9
4,44,9,51
48,4,51,10
9,48,10,1968
51,9,1968,25
10,51,25,56
1968,10,56,5
25,1968,5,302
56,25,302,15192
5,56,15192,7
302,5,7,18
15192,302,18,13
7,15192,13,183
18,7,183,486
13,18,486,29
183,13,29,253
486,183,253,7
29,486,7,1627
253,29,1627,2539
7,253,2539,5
1627,7,5,118
2539,1627,118,2
5,2539,2,61319
118,5,61319,8
2,118,8,64
61319,2,64,42
8,61319,42,1795
64,8,1795,196
42,64,196,80
1795,42,80,286
196,1795,286,416
80,196,416,7
286,80,7,2420
416,286,2420,56
7,416,56,6
2420,7,6,725
56,2420,725,5
6,56,5,81
725,6,81,1344
5,725,1344,5874
81,5,5874,77
1344,81,77,18
5874,1344,18,28
77,5874,28,10
18,77,10,282
28,18,282,7
10,28,7,110
282,10,110,3
7,282,3,96
110,7,96,2
3,110,2,524
96,3,524,4
2,96,4,431
524,2,431,6
4,524,6,130
431,4,130,83
6,431,83,503
130,6,503,107
83,130,107,75167
503,83,75167,29
107,503,29,86
75167,107,86,42
29,75167,42,1293
86,29,1293,16
42,86,16,42
1293,42,42,8
16,1293,8,914
42,16,914,3
8,42,3,392
914,8,392,255
3,914,255,4
392,3,4,38
255,392,38,86
4,255,86,42
38,4,42,8
86,38,8,115
42,86,115,323
8,42,323,120
115,8,120,26
323,115,26,317
120,323,317,3
26,120,3,10
317,26,10,21
3,317,21,73
10,3,73,26
21,10,26,1000
73,21,1000,2
26,73,2,182
1000,26,182,3
2,1000,3,770
182,2,770,33
3,182,33,40
770,3,40,584
33,770,584,17
40,33,17,282
584,40,282,198
17,584,198,261
282,17,261,81
198,282,81,3
261,198,3,17
81,261,17,1888
3,81,1888,10
17,3,10,40
1888,17,40,17
10,1888,17,2
40,10,2,1776
17,40,1776,382
2,17,382,460
1776,2,460,52
382,1776,52,48
460,382,48,8300
52,460,8300,274
48,52,274,1293
8300,48,1293,48
274,8300,48,1419
1293,274,1419,405
48,1293,405,26636
1419,48,26636,9764
405,1419,9764,52
26636,405,52,10
9764,26636,10,14
52,9764,14,2
10,52,2,3057
14,10,3057,288
2,14,288,1462
3057,2,1462,30
288,3057,30,40
1462,288,40,942
30,1462,942,29
40,30,29,10
942,40,10,635
29,942,635,17
10,29,17,20
635,10,20,133
17,635,133,7
20,17,7,2685
133,20,2685,455
7,133,455,2
2685,7,2,475
455,2685,475,8
2,455,8,40
475,2,40,96
8,475,96,10458
40,8,10458,3366
96,40,3366,2043
10458,96,2043,59
3366,10458,59,1462
2043,3366,1462,154
59,2043,154,45
1462,59,45,6
154,1462,6,191
45,154,191,34
6,45,34,91
191,6,91,8
34,191,8,2
91,34,2,4
8,91,4,924
2,8,924,3
4,2,3,155
924,4,155,48
3,924,48,6
155,3,6,90
48,155,90,5
6,48,5,43
90,6,43,34
5,90,34,17
43,5,17,5967
34,43,5967,36
17,34,36,72
5967,17,72,5364
36,5967,5364,53
72,36,53,34
5364,72,34,17
53,5364,17,24094
34,53,24094,12
17,34,12,2
24094,17,2,150
12,24094,150,2004
2,12,2004,174
150,2,174,30
2004,150,30,219
174,2004,219,110
30,174,110,3
219,30,3,3981
110,219,3981,622
3,110,622,30
3981,3,30,18
622,3981,18,25
30,622,25,206
18,30,206,21
25,18,21,549
206,25,549,84
21,206,84,122
549,21,122,30
84,549,30,165
122,84,165,18
30,122,18,271
165,30,271,234
18,165,234,23
271,18,23,3136
234,271,3136,4
23,234,4,8223
3136,23,8223,26
4,3136,26,219
8223,4,219,260
26,8223,260,42
219,26,42,1781
260,219,1781,73
42,260,73,20
1781,42,20,70
73,1781,70,16
20,73,16,8383
70,20,8383,3
16,70,3,17
8383,16,17,3133
3,8383,3133,3192
17,3,3192,30
3133,17,30,251
3192,3133,251,70
30,3192,70,213
251,30,213,59
70,251,59,117
213,70,117,154
59,213,154,4
117,59,4,408
154,117,408,210
4,154,210,15
408,4,15,92
210,408,92,51
15,210,51,16
92,15,16,33
51,92,33,110
16,51,110,3
33,16,3,25
110,33,25,4
3,110,4,64
25,3,64,10
4,25,10,21
64,4,21,72
10,64,72,1419
21,10,1419,1293
72,21,1293,67
1419,72,67,151
1293,1419,151,7
67,1293,7,48
151,67,48,311
7,151,311,674
48,7,674,1604
311,48,1604,174
674,311,174,2539
1604,674,2539,5
174,1604,5,118
2539,174,118,3210
5,2539,3210,67
118,5,67,708
3210,118,708,4
67,3210,4,811
708,67,811,7
4,708,7,28
811,4,28,151
7,811,151,30
28,7,30,18
151,28,18,277
30,151,277,107
18,30,107,3
277,18,3,12206
107,277,12206,36
3,107,36,27251
12206,3,27251,463
36,12206,463,4988
27251,36,4988,173
463,27251,173,53
4988,463,53,7
173,4988,7,2
53,173,2,107
7,53,107,20
2,7,20,133
107,2,133,72
20,107,72,7
133,20,7,1155
72,133,1155,1474
7,72,1474,2564
1155,7,2564,15283
1474,1155,15283,201
2564,1474,201,173
15283,2564,173,164
201,15283,164,2
173,201,2,149
164,173,149,45
2,164,45,4344
149,2,4344,6
45,149,6,7266
4344,45,7266,4
6,4344,4,1231
7266,6,1231,4
4,7266,4,6
1231,4,6,90
4,1231,90,57
6,4,57,236
90,6,236,1076
57,90,1076,14
236,57,14,2244
1076,236,2244,21
14,1076,21,25
2244,14,25,136
21,2244,136,2564
25,21,2564,1697
136,25,1697,7
2564,136,7,353
1697,2564,353,2
7,1697,2,9335
353,7,9335,553
2,353,553,852
9335,2,852,620
553,9335,620,43
852,553,43,23
620,852,23,532
43,620,532,7
23,43,7,353
532,23,353,1638
7,532,1638,1612
353,7,1612,947
1638,353,947,61
1612,1638,61,130
947,1612,130,43
61,947,43,2565
130,61,2565,91
43,130,91,3
2565,43,3,577
91,2565,577,3
3,91,3,319
577,3,319,10
3,577,10,131
319,3,131,281
10,319,281,31
131,10,31,244
281,131,244,6
31,281,6,43
244,31,43,1366
6,244,1366,4
43,6,4,21
1366,43,21,48
4,1366,48,18177
21,4,18177,986
48,21,986,179
18177,48,179,633
986,18177,633,3
179,986,3,244
633,179,244,620
3,633,620,43
244,3,43,4
620,244,4,514
43,620,514,536
4,43,536,2
514,4,2,1425
536,514,1425,708
2,536,708,36
1425,2,36,2565
708,1425,2565,7
36,708,7,828
2565,36,828,25
7,2565,25,18
828,7,18,136
25,828,136,4
18,25,4,577
136,18,577,6
4,136,6,60
577,4,60,7
6,577,7,1002
60,6,1002,4
7,60,4,2
1002,7,2,1437
4,1002,1437,21
2,4,21,7323
1437,2,7323,11156
21,1437,11156,1437
7323,21,1437,55
11156,7323,55,577
1437,11156,577,2
55,1437,2,529
577,55,529,177
2,577,177,5
529,2,5,641
177,529,641,1812
5,177,1812,436
641,5,436,6049
1812,641,6049,577
436,1812,577,7
6049,436,7,68
577,6049,68,1604
7,577,1604,52
68,7,52,7
1604,68,7,18
52,1604,18,196
7,52,196,136
18,7,136,1142
196,18,1142,23
136,196,23,130
1142,136,130,733
23,1142,733,7
130,23,7,18
733,130,18,3
7,733,3,181
18,7,181,1193
3,18,1193,2209
181,3,2209,5
1193,181,5,733
2209,1193,733,3
5,2209,3,1999
733,5,1999,181
3,733,181,13
1999,3,13,3
181,1999,3,17
13,181,17,146
3,13,146,80
17,3,80,52
146,17,52,10
80,146,10,972
52,80,972,141
10,52,141,5
972,10,5,133
141,972,133,733
5,141,733,7
133,5,7,292
733,133,292,6
7,733,6,10
292,7,10,7
6,292,7,50562
10,6,50562,73713
7,10,73713,3
50562,7,3,555
73713,50562,555,36
3,73713,36,1500
555,3,1500,2
36,555,2,65711
1500,36,65711,493
2,1500,493,641
65711,2,641,6
493,65711,6,90
641,493,90,426
6,641,426,52
90,6,52,42
426,90,42,7
52,426,7,2
42,52,2,43
7,42,43,553
2,7,553,2
43,2,2,493
553,43,493,25
2,553,25,14
493,2,14,3
25,493,3,224
14,25,224,15
3,14,15,1999
224,3,1999,4
15,224,4,6049
1999,15,6049,43
4,1999,43,2565
6049,4,2565,1357
43,6049,1357,7
2565,43,7,1155
1357,2565,1155,577
7,1357,577,3
1155,7,3,180
577,1155,180,15283
3,577,15283,30
180,3,30,462
15283,180,462,1123
30,15283,1123,8
462,30,8,173
1123,462,173,33
8,1123,33,16
173,8,16,25
33,173,25,101
16,33,101,37
25,16,37,7210
101,25,7210,1208
37,101,1208,2659
7210,37,2659,7
1208,7210,7,40
2659,1208,40,21
7,2659,21,1830
40,7,1830,90
21,40,90,183
1830,21,183,107
90,1830,107,2
183,90,2,52
107,183,52,53
2,107,53,7
52,2,7,2
53,52,2,687
7,53,687,4399
2,7,4399,53
687,2,53,7
4399,687,7,4
53,4399,4,635
7,53,635,17
4,7,17,99
635,4,99,10
17,635,10,633
99,17,633,246
10,99,246,373
633,10,373,10
246,633,10,633
373,246,633,959
10,373,959,667
633,10,667,10
959,633,10,633
667,959,633,190
10,667,190,133
633,10,133,1095
190,633,1095,3
133,190,3,123
1095,133,123,33
3,1095,33,9
123,3,9,536
33,123,536,112
9,33,112,246
536,9,246,36
112,536,36,112
246,112,112,959
36,246,959,10
112,36,10,7
959,112,7,831
10,959,831,4
7,10,4,60
831,7,60,7428
4,831,7428,45
60,4,45,31
7428,60,31,18
45,7428,18,42
31,45,42,10
18,31,10,1151
42,18,1151,1722
10,42,1722,4
1151,10,4,76
1722,1151,76,154
4,1722,154,142
76,4,142,87
154,76,87,26
142,154,26,55
87,142,55,21
26,87,21,2163
55,26,2163,21
21,55,21,118
2163,21,118,746
21,2163,746,347
118,21,347,80
746,118,80,15
347,746,15,16147
80,347,16147,10
15,80,10,7
16147,15,7,490
10,16147,490,3
7,10,3,469
490,7,469,2493
3,490,2493,261
469,3,261,1002
2493,469,1002,1559
261,2493,1559,239
1002,261,239,41
1559,1002,41,45
239,1559,45,16
41,239,16,424
45,41,424,3
16,45,3,93
424,16,93,79
3,424,79,43
93,3,43,90
79,93,90,16
43,79,16,3369
90,43,3369,156
16,90,156,2
3369,16,2,24
156,3369,24,1231
2,156,1231,29
24,2,29,53
1231,24,53,16
29,1231,16,90
53,29,90,90
16,53,90,149
90,16,149,2820
90,90,2820,42
149,90,42,24
2820,149,24,10020
42,2820,10020,539
24,42,539,4
10020,24,4,1442
539,10020,1442,26
4,539,26,165
1442,4,165,384
26,1442,384,20
165,26,20,2
384,165,2,2
20,384,2,778
2,20,778,5
2,2,5,924
778,2,924,1013
5,778,1013,3
924,5,3,38
1013,924,38,308
3,1013,308,426
38,3,426,80
308,38,80,52
426,308,52,7
80,426,7,77
52,80,77,93
7,52,93,79
77,7,79,42
93,77,42,5
79,93,5,2331
42,79,2331,426
5,42,426,22573
2331,5,22573,2681
426,2331,2681,36
22573,426,36,1946
2681,22573,1946,7
36,2681,7,40
1946,36,40,21
7,1946,21,25
40,7,25,10
21,40,10,23
25,21,23,20
10,25,20,695
23,10,695,5
20,23,5,290
695,20,290,406
5,695,406,21
290,5,21,362
406,290,362,694
21,406,694,9
362,21,9,10
694,362,10,4
9,694,4,4810
10,9,4810,3
4,10,3,17
4810,4,17,351
3,4810,351,24
17,3,24,397
351,17,397,7
24,351,7,793
397,24,793,3
7,397,3,113
793,7,113,41
3,793,41,525
113,3,525,368
41,113,368,5
525,41,5,2
368,525,2,1954
5,368,1954,2378
2,5,2378,960
1954,2,960,3453
2378,1954,3453,3827
960,2378,3827,3
3453,960,3,296
3827,3453,296,3
3,3827,3,1617
296,3,1617,7
3,296,7,113
1617,3,113,325
7,1617,325,240
113,7,240,7
325,113,7,3
240,325,3,17
7,240,17,1080
3,7,1080,2
17,3,2,2141
1080,17,2141,2
2,1080,2,10
2141,2,10,1173
2,2141,1173,3
10,2,3,317
1173,10,317,351
3,1173,351,24
317,3,24,10
351,317,10,48
24,351,48,10
10,24,10,40
48,10,40,17
10,48,17,831
40,10,831,3
17,40,3,6578
831,17,6578,2157
3,831,2157,51
6578,3,51,52
2157,6578,52,553
51,2157,553,5
52,51,5,426
553,52,426,8
5,553,8,45
426,5,45,16
8,426,16,438
45,8,438,3
16,45,3,9
438,16,9,1112
3,438,1112,337
9,3,337,870
1112,9,870,3
337,1112,3,1114
870,337,1114,70
3,870,70,104
1114,3,104,45
70,1114,45,244
104,70,244,77
45,104,77,17
244,45,17,6
77,244,6,718
17,77,718,8834
6,17,8834,75191
718,6,75191,7
8834,718,7,18
75191,8834,18,244
7,75191,244,6
18,7,6,363
244,18,363,426
6,244,426,157
363,6,157,13
426,363,13,1126
157,426,1126,3
13,157,3,1736
1126,13,1736,4
3,1126,4,668
1736,3,668,108
4,1736,108,34
668,4,34,17
108,668,17,23
34,108,23,124
17,34,124,74
23,17,74,1661
124,23,1661,1071
74,124,1071,206
1661,74,206,7
1071,1661,7,157
206,1071,157,247
7,206,247,25
157,7,25,921
247,157,921,103
25,247,103,3477
921,25,3477,574
103,921,574,370
3477,103,370,66354
574,3477,66354,53
370,574,53,34
66354,370,34,17
53,66354,17,2
34,53,2,5305
17,34,5305,9
2,17,9,148
5305,2,148,53
9,5305,53,34
148,9,34,17
53,148,17,2
34,53,2,182
17,34,182,5
2,17,5,439
182,2,439,24
5,182,24,581
439,5,581,9549
24,439,9549,3989
581,24,3989,1537
9549,581,1537,2014
3989,9549,2014,80
1537,3989,80,451
2014,1537,451,342
