216,6,105,1008
5,216,1008,4
105,5,4,693
1008,105,693,437
4,1008,437,5
693,4,5,10414
437,693,10414,199
5,437,199,11
10414,5,11,7
199,10414,7,824
11,199,824,5
7,11,5,503
824,7,503,160
5,824,160,246
503,5,246,105
160,503,105,675
246,160,675,4
105,246,4,69
675,105,69,1435
4,675,1435,683
69,4,683,43
1435,69,43,1338
683,1435,1338,310
43,683,310,4
1338,43,4,1301
310,1338,1301,5
4,310,5,39
1301,4,39,1524
5,1301,1524,6
39,5,6,70
1524,39,70,356
6,1524,356,31240
70,6,31240,11
356,70,11,7
31240,356,7,2996
11,31240,2996,1301
7,11,1301,5
2996,7,5,2069
1301,2996,2069,4
5,1301,4,2544
2069,5,2544,1269
4,2069,1269,5
2544,4,5,2541
1269,2544,2541,654
5,1269,654,6
2541,5,6,70
654,2541,70,90661
6,654,90661,23950
70,6,23950,82
90661,70,82,393
23950,90661,393,5
82,23950,5,2170
393,82,2170,14134
5,393,14134,2628
2170,5,2628,23950
14134,2170,23950,7
2628,14134,7,2
23950,2628,2,1051
7,23950,1051,6
2,7,6,105
1051,2,105,1008
6,1051,1008,216
105,6,216,23
1008,105,23,393
216,1008,393,5
23,216,5,2170
393,23,2170,14134
5,393,14134,4
2170,5,4,2
14134,2170,2,6175
4,14134,6175,693
2,4,693,23
6175,2,23,1288
693,6175,1288,9
23,693,9,11397
1288,23,11397,338
9,1288,338,1008
11397,9,1008,23
338,11397,23,2822
1008,338,2822,393
23,1008,393,22
2822,23,22,654
393,2822,654,1065
22,393,1065,12
654,22,12,166
1065,654,166,737
12,1065,737,69
166,12,69,4
737,166,4,85
69,737,85,105
4,69,105,675
85,4,675,4
105,85,4,2168
675,105,2168,356
4,675,356,11
2168,4,11,7
356,2168,7,21506
11,356,21506,5
7,11,5,563
21506,7,563,817
5,21506,817,15
563,5,15,357
817,563,357,3328
15,817,3328,984
357,15,984,5
3328,357,5,105
984,3328,105,8064
5,984,8064,7558
105,5,7558,5
8064,105,5,1585
7558,8064,1585,105
5,7558,105,1008
1585,5,1008,654
105,1585,654,2034
1008,105,2034,567
654,1008,567,5
2034,654,5,16078
567,2034,16078,824
5,567,824,5
16078,5,5,356
824,16078,356,675
5,824,675,4
356,5,4,85
675,356,85,6
4,675,6,157
85,4,157,4494
6,85,4494,22
157,6,22,654
4494,157,654,13
22,4494,13,939
654,22,939,6
13,654,6,74
939,13,74,26461
6,939,26461,12281
74,6,12281,1269
26461,74,1269,463
12281,26461,463,211
1269,12281,211,70
463,1269,70,105
211,463,105,1008
70,211,1008,937
105,70,937,70
1008,105,70,1269
937,1008,1269,5
70,937,5,105
1269,70,105,1008
5,1269,1008,1149
105,5,1149,1269
1008,105,1269,5
1149,1008,5,105
1269,1149,105,1008
5,1269,1008,166
105,5,166,737
1008,105,737,6755
166,1008,6755,105
737,166,105,1215
6755,737,1215,105
105,6755,105,654
1215,105,654,6755
105,1215,6755,2168
654,105,2168,1210
6755,654,1210,6755
2168,6755,6755,4
1210,2168,4,338
6755,1210,338,1008
4,6755,1008,6755
447,834,7,101
27,447,101,46
7,27,46,2812
101,7,2812,2812
46,101,2812,2812
2812,46,2812,1238
2812,2812,1238,19
2812,2812,19,35434
1238,2812,35434,3149
19,1238,3149,125
35434,19,125,33
3149,35434,33,25
125,3149,25,10
33,125,10,7
25,33,7,25
10,25,25,10
7,10,10,11
25,7,11,115
10,25,115,10
11,10,10,11
115,11,11,115
10,115,115,10
11,10,10,756
115,11,756,83
10,115,83,1365
756,10,1365,115
83,756,115,10
1365,83,10,597
115,1365,597,1262
10,115,1262,6
597,10,6,5914
1262,597,5914,46
6,1262,46,6897
5914,6,6897,9
46,5914,9,482
6897,46,482,52
9,6897,52,33
482,9,33,137
52,482,137,2
33,52,2,2921
137,33,2921,5
2,137,5,96347
2921,2,96347,534
5,2921,534,471
96347,5,471,2869
534,96347,2869,83
471,534,83,1365
2869,471,1365,4
83,2869,4,33
1365,83,33,317
4,1365,317,3
33,4,3,57
317,33,57,210
3,317,210,52
57,3,52,33
210,57,33,30599
52,210,30599,7716
33,52,7716,15
30599,33,15,34413
7716,30599,34413,756
15,7716,756,405
34413,15,405,2557
756,34413,2557,4
405,756,4,21
2557,405,21,42
4,2557,42,15
21,4,15,42099
42,21,42099,52124
15,42,52124,67838
42099,15,67838,15972
52124,42099,15972,2136
67838,52124,2136,95404
15972,67838,95404,36
2136,15972,36,2351
95404,2136,2351,2
36,95404,2,391
2351,36,391,3017
2,2351,3017,1399
391,2,1399,9
3017,391,9,112
1399,3017,112,977
9,1399,977,3
112,9,3,2
977,112,2,42
3,977,42,33
2,3,33,380
42,2,380,1262
33,42,1262,6
380,33,6,5914
1262,380,5914,62
6,1262,62,37
5914,6,37,59
62,5914,59,2
37,62,2,1010
59,37,1010,40
2,59,40,1386
1010,2,1386,2
40,1010,2,1376
1386,40,1376,3
2,1386,3,33308
1376,2,33308,49
3,1376,49,977
33308,3,977,29
49,33308,29,2289
977,49,2289,21
29,977,21,2
2289,29,2,616
21,2289,616,87
2,21,87,88
616,2,88,977
87,616,977,22457
88,87,22457,7
977,88,7,1285
22457,977,1285,19
7,22457,19,1873
1285,7,1873,7
19,1285,7,8
1873,19,8,1372
7,1873,1372,75
8,7,75,48
1372,8,48,72
75,1372,72,2
48,75,2,88
72,48,88,449
2,72,449,25
88,2,25,1262
449,88,1262,6
25,449,6,834
1262,25,834,88
6,1262,88,534
834,6,534,471
88,834,471,25
534,88,25,81952
471,534,81952,397
25,471,397,29
81952,25,29,290
397,81952,290,21
29,397,21,1372
290,29,1372,4
21,290,4,580
1372,21,580,31
4,1372,31,113
580,4,113,2
31,580,2,2812
113,31,2812,7
2,113,7,12129
2812,2,12129,551
7,2812,551,87
12129,7,87,88
551,12129,88,232
87,551,232,5
88,87,5,151
232,88,151,6
5,232,6,194
151,5,194,25
6,151,25,10197
194,6,10197,3
25,194,3,10
10197,25,10,115
3,10197,115,610
10,3,610,5914
115,10,5914,2
610,115,2,651
5914,610,651,4368
2,5914,4368,1226
651,2,1226,13
4368,651,13,243
1226,4368,243,10
13,1226,10,5914
243,13,5914,7
10,243,7,2
5914,10,2,2034
7,5914,2034,19
2,7,19,54
2034,2,54,30
19,2034,30,55
54,19,55,96
30,54,96,335
55,30,335,292
96,55,292,12
335,96,12,396
292,335,396,294
12,292,294,59
396,12,59,577
294,396,577,5
59,294,5,6646
577,59,6646,41
5,577,41,294
6646,5,294,40
41,6646,40,17
294,41,17,196
40,294,196,422
17,40,422,9
196,17,9,482
422,196,482,170
9,422,170,33
482,9,33,396
170,482,396,1016
33,170,1016,2
396,33,2,205
1016,396,205,852
2,1016,852,15
205,2,15,2
852,205,2,5278
15,852,5278,27314
2,15,27314,502
5278,2,502,3
27314,5278,3,116
502,27314,116,89
3,502,89,2054
116,3,2054,30
89,116,30,18
2054,89,18,3
30,2054,3,91
18,30,91,4
3,18,4,16266
91,3,16266,36
4,91,36,508
16266,4,508,1677
36,16266,1677,2920
508,36,2920,2
1677,508,2,2
2920,1677,2,5038
2,2920,5038,36
2,2,36,62807
5038,2,62807,5
36,5038,5,76
62807,36,76,57
5,62807,57,102913
76,5,102913,36
57,76,36,2518
102913,57,2518,2920
36,102913,2920,2
2518,36,2,1226
2920,2518,1226,13
2,2920,13,243
1226,2,243,10
13,1226,10,10
243,13,10,183
10,243,183,15
10,10,15,1922
183,10,1922,214
15,183,214,120
1922,15,120,589
214,1922,589,5
120,214,5,45
589,120,45,327
5,589,327,17
45,5,17,13640
327,45,13640,474
17,327,474,2
13640,17,2,865
474,13640,865,60
2,474,60,4
865,2,4,1395
60,865,1395,2812
4,60,2812,196
1395,4,196,3
2812,1395,3,91
196,2812,91,76
3,196,76,482
91,3,482,1226
76,91,1226,13
482,76,13,1461
1226,482,1461,220
13,1226,220,471
1461,13,471,18
220,1461,18,2
471,220,2,14621
18,471,14621,1124
2,18,1124,497
14621,2,497,1944
1124,14621,1944,8
497,1124,8,5
1944,497,5,119
8,1944,119,471
5,8,471,4882
119,5,4882,833
471,119,833,225
4882,471,225,4
833,4882,4,21
225,833,21,471
4,225,471,9
21,4,9,4731
471,21,4731,1124
9,471,1124,80
4731,9,80,286
1124,4731,286,471
80,1124,471,4836
286,80,4836,2380
471,286,2380,10
4836,471,10,4
2380,4836,4,3403
10,2380,3403,14621
4,10,14621,7580
3403,4,7580,9
14621,3403,9,471
7580,14621,471,74
9,7580,74,29
471,9,29,21
74,471,21,9
29,74,9,59
21,29,59,2
9,21,2,1395
59,9,1395,115
2,59,115,20
1395,2,20,7
115,1395,7,11
20,115,11,2357
7,20,2357,5
11,7,5,1775
2357,11,1775,5621
5,2357,5621,4
1775,5,4,32487
5621,1775,32487,51
4,5621,51,48
32487,4,48,20
51,32487,20,1861
48,51,1861,7
20,48,7,551
1861,20,551,738
7,1861,738,5
551,7,5,3036
738,551,3036,4
5,738,4,398
3036,5,398,8
4,3036,8,5684
398,4,5684,7
8,398,7,42
5684,8,42,418
7,5684,418,5
42,7,5,290
418,42,290,120
5,418,120,841
290,5,841,223
120,290,223,151
841,120,151,2263
223,841,2263,4083
151,223,4083,3
2263,151,3,830
4083,2263,830,10
3,4083,10,21
830,3,21,2657
10,830,2657,8
21,10,8,874
2657,21,874,472
8,2657,472,5
874,8,5,5296
472,874,5296,38
5,472,38,1332
5296,5,1332,23
38,5296,23,1224
1332,38,1224,68
23,1332,68,91
1224,23,91,5914
68,1224,5914,6
91,68,6,38
5914,91,38,5088
6,5914,5088,1031
38,6,1031,7
5088,38,7,91
1031,5088,91,3
7,1031,3,1024
91,7,1024,6370
3,91,6370,8
1024,3,8,2
6370,1024,2,398
8,6370,398,626
2,8,626,13
398,2,13,1285
626,398,1285,2
13,626,2,512
1285,13,512,36
2,1285,36,13
512,2,13,618
36,512,618,210
13,36,210,4
618,13,4,2
210,618,2,2812
4,210,2812,55
2,4,55,364
2812,2,364,90
55,2812,90,1302
364,55,1302,9
90,364,9,482
1302,90,482,7
9,1302,7,2
482,9,2,232
7,482,232,5
2,7,5,714
232,2,714,88
5,232,88,2812
714,5,2812,151
88,714,151,6
2812,88,6,226
151,2812,226,46
6,151,46,471
226,6,471,46
46,226,46,31
471,46,31,176
46,471,176,384
31,46,384,41
176,31,41,12856
384,176,12856,65
41,384,65,225
12856,41,225,87
65,12856,87,471
225,65,471,2495
87,225,2495,4
471,87,4,16090
2495,471,16090,2840
4,2495,2840,5
16090,4,5,512
2840,16090,512,534
5,2840,534,45
512,5,45,16
534,512,16,68
45,534,68,2197
16,45,2197,41
68,16,41,12856
2197,68,12856,9
41,2197,9,183
12856,41,183,337
9,12856,337,619
183,9,619,24
337,183,24,1453
619,337,1453,4
24,619,4,406
1453,24,406,57
4,1453,57,1302
406,4,1302,6
57,406,6,2
1302,57,2,618
6,1302,618,2812
2,6,2812,55
618,2,55,10054
2812,618,10054,3
55,2812,3,415
10054,55,415,1456
3,10054,1456,708
415,3,708,118
1456,415,118,2106
708,1456,2106,229
118,708,229,2
2106,118,2,417
229,2106,417,7
2,229,7,56
417,2,56,5
7,417,5,236
56,7,236,6
5,56,6,2
236,5,2,398
6,236,398,2114
2,6,2114,4
398,2,4,90
2114,398,90,57
4,2114,57,148
90,4,148,46
57,90,46,211
148,57,211,237
46,148,237,6093
211,46,6093,4
237,211,4,1251
6093,237,1251,4
4,6093,4,20
1251,4,20,7
4,1251,7,120
20,4,120,30
7,20,30,18
120,7,18,3
30,120,3,17
18,30,17,3132
3,18,3132,21
17,3,21,3
3132,17,3,8410
21,3132,8410,79
3,21,79,3940
8410,3,3940,4
79,8410,4,8155
3940,79,8155,2474
4,3940,2474,5
8155,4,5,376
2474,8155,376,30
5,2474,30,18
376,5,18,3
30,376,3,116
18,30,116,51
3,18,51,8
116,3,8,40
51,116,40,17
8,51,17,164
40,8,164,2
17,40,2,201
164,17,201,482
2,164,482,52
201,2,52,33
482,201,33,8755
52,482,8755,21
33,52,21,4
8755,33,4,1070
21,8755,1070,23
4,21,23,5914
1070,4,5914,471
23,1070,471,36
5914,23,36,534
471,5914,534,45
36,471,45,29
534,36,29,140
45,534,140,4464
29,45,4464,37
140,29,37,5914
4464,140,5914,449
37,4464,449,36
5914,37,36,220
449,5914,220,33
36,449,33,219
220,36,219,3940
33,220,3940,52
219,33,52,33
3940,219,33,2340
52,3940,2340,8
33,52,8,1612
2340,33,1612,1217
8,2340,1217,1302
1612,8,1302,7
1217,1612,7,1775
1302,1217,1775,29
7,1302,29,25
1775,7,25,251
29,1775,251,5914
25,29,5914,5
251,25,5,471
5914,251,471,4
5,5914,4,534
471,5,534,5621
4,471,5621,4
534,4,4,32487
5621,534,32487,33
4,5621,33,219
32487,4,219,3940
33,32487,3940,4
219,33,4,52
3940,219,52,75
4,3940,75,454
52,4,454,47
75,52,47,146
454,75,146,1471
47,454,1471,5
146,47,5,20
1471,146,20,1657
5,1471,1657,854
20,5,854,33
1657,20,33,6050
854,1657,6050,6
33,854,6,10
6050,33,10,33
6,6050,33,16
10,6,16,4180
33,10,4180,876
16,33,876,2
4180,16,2,572
876,4180,572,417
2,876,417,20
572,2,20,173
417,572,173,55
20,417,55,21
173,20,21,17
55,173,17,146
21,55,146,465
17,21,465,362
146,17,362,53
465,146,53,16
362,465,16,86
53,362,86,103
16,53,103,359
86,16,359,5
103,86,5,5914
359,103,5914,201
5,359,201,5914
5914,5,5914,4
201,5914,4,572
5914,201,572,5914
4,5914,5914,201
572,4,201,5914
5914,572,5914,803
201,5914,803,48
5914,201,48,2457
803,5914,2457,1302
48,803,1302,6
2457,48,6,5666
1302,2457,5666,15
6,1302,15,2132
5666,6,2132,34968
15,5666,34968,1008
2132,15,1008,572
34968,2132,572,5914
1008,34968,5914,115
572,1008,115,21
5914,572,21,321
115,5914,321,9302
21,115,9302,4
321,21,4,5117
9302,321,5117,7621
4,9302,7621,18
5117,4,18,1463
7621,5117,1463,45
18,7621,45,8
1463,18,8,699
45,1463,699,7
8,45,7,3038
699,8,3038,2142
7,699,2142,5
3038,7,5,51
2142,3038,51,10
5,2142,10,7
51,5,7,8
10,51,8,21
7,10,21,17983
8,7,17983,46
21,8,46,2704
17983,21,2704,3
46,17983,3,3602
2704,46,3602,856
3,2704,856,2457
3602,3,2457,1217
856,3602,1217,1302
2457,856,1302,24
1217,2457,24,2
1302,1217,2,2812
24,1302,2812,46
2,24,46,7
2812,2,7,1515
46,2812,1515,1217
7,46,1217,5914
1515,7,5914,4
1217,1515,4,7
5914,1217,7,732
4,5914,732,26
7,4,26,8410
732,7,8410,79
26,732,79,606
8410,26,606,8081
79,8410,8081,6
606,79,6,1826
8081,606,1826,8
6,8081,8,5914
1826,6,5914,449
8,1826,449,7
5914,8,7,1217
449,5914,1217,5914
7,449,5914,80
1217,7,80,286
5914,1217,286,1599
80,5914,1599,7
286,80,7,21
1599,286,21,2
7,1599,2,237
21,7,237,7
2,21,7,481
237,2,481,856
7,237,856,2457
481,7,2457,1217
856,481,1217,1302
2457,856,1302,87
1217,2457,87,46143
1302,1217,46143,2414
87,1302,2414,13
46143,87,13,64
2414,46143,64,255
13,2414,255,5914
64,13,5914,119
255,64,119,9
5914,255,9,482
119,5914,482,30
9,119,30,465
482,9,465,485
30,482,485,8
465,30,8,687
485,465,687,3346
8,485,3346,16
687,8,16,24993
3346,687,24993,119
16,3346,119,17208
24993,16,17208,164
119,24993,164,7
17208,119,7,8
164,17208,8,20
7,164,20,7
8,7,7,8532
20,8,8532,2
7,20,2,7
8532,7,7,1740
2,8532,1740,6
7,2,6,19
1740,7,19,8004
6,1740,8004,561
19,6,561,420
8004,19,420,19
561,8004,19,3494
420,561,3494,777
19,420,777,1010
3494,19,1010,2016
777,3494,2016,119
1010,777,119,2495
2016,1010,2495,687
119,2016,687,643
2495,119,643,6
687,2495,6,5666
643,687,5666,15
6,643,15,38
5666,6,38,1506
15,5666,1506,1398
38,15,1398,5
1506,38,5,684
1398,1506,684,7045
5,1398,7045,86
684,5,86,151
7045,684,151,18693
86,7045,18693,6
151,86,6,20
18693,151,20,4425
6,18693,4425,14
20,6,14,70
4425,20,70,5
14,4425,5,2312
70,14,2312,3185
5,70,3185,20
2312,5,20,611
3185,2312,611,43
20,3185,43,3
611,20,3,190
43,611,190,173
3,43,173,3298
190,3,3298,1262
173,190,1262,6
3298,173,6,5914
1262,3298,5914,64
6,1262,64,186
5914,6,186,65
64,5914,65,580
186,64,580,765
65,186,765,26
580,65,26,72
765,580,72,25
26,765,25,10
72,26,10,48
25,72,48,732
10,25,732,803
48,10,803,1019
732,48,1019,579
803,732,579,4
1019,803,4,3203
579,1019,3203,643
4,579,643,2643
3203,4,2643,1094
643,3203,1094,10
2643,643,10,230
1094,2643,230,18
10,1094,18,47
230,10,47,5511
18,230,5511,19
47,18,19,41144
5511,47,41144,2812
19,5511,2812,119
41144,19,119,751
2812,41144,751,390
119,2812,390,12221
751,119,12221,8
390,751,8,10
12221,390,10,77
8,12221,77,18
10,8,18,47
77,10,47,24683
18,77,24683,5
47,18,5,2797
24683,47,2797,1105
5,24683,1105,2812
2797,5,2812,119
1105,2797,119,751
2812,1105,751,5
119,2812,5,376
751,119,376,6370
5,751,6370,4581
376,5,4581,8579
6370,376,8579,50
4581,6370,50,3038
8579,4581,3038,31
50,8579,31,26
3038,50,26,723
31,3038,723,56
26,31,56,3
723,26,3,17
56,723,17,449
3,56,449,20
17,3,20,611
449,17,611,43
20,449,43,3
611,20,3,128
43,611,128,173
3,43,173,274
128,3,274,1262
173,128,1262,6
274,173,6,5574
1262,274,5574,59
6,1262,59,10
5574,6,10,4464
59,5574,4464,8
10,59,8,2413
4464,10,2413,5914
8,4464,5914,1861
2413,8,1861,3940
5914,2413,3940,4
1861,5914,4,8155
3940,1861,8155,2474
4,3940,2474,6
8155,4,6,738
2474,8155,738,274
6,2474,274,5914
738,6,5914,7
274,738,7,48
5914,274,48,37
7,5914,37,3940
48,7,3940,4
37,48,4,8155
3940,37,8155,2474
4,3940,2474,2
8155,4,2,71666
2474,8155,71666,3544
2,2474,3544,2
71666,2,2,3940
3544,71666,3940,7
2,3544,7,4
3940,2,4,4020
7,3940,4020,737
