68,11,4,5587
510,68,5587,1561
4,510,1561,5
5587,4,5,733
1561,5587,733,61937
5,1561,61937,22794
733,5,22794,22794
61937,733,22794,7
22794,61937,7,2
22794,22794,2,5153
7,22794,5153,9
2,7,9,308
5153,2,308,4
9,5153,4,503
308,9,503,1587
4,308,1587,8
503,4,8,1364
1587,503,1364,700
8,1587,700,694
1364,8,694,4
700,1364,4,1843
694,700,1843,1622
4,694,1622,4073
1843,4,4073,3893
1622,1843,3893,80
4073,1622,80,59
3893,4073,59,700
80,3893,700,7
59,80,7,8074
700,59,8074,184
7,700,184,3
8074,7,3,2
184,8074,2,181
3,184,181,19
2,3,19,3810
181,2,3810,2
19,181,2,903
3810,19,903,889
2,3810,889,2194
903,2,2194,2428
889,903,2428,1165
2194,889,1165,7663
2428,2194,7663,1705
1165,2428,1705,22626
7663,1165,22626,4
1705,7663,4,45580
22626,1705,45580,2
4,22626,2,6738
45580,4,6738,1254
2,45580,1254,8
6738,2,8,2
1254,6738,2,3681
8,1254,3681,5
2,8,5,4721
3681,2,4721,70
5,3681,70,111
4721,5,111,12
70,4721,12,106413
111,70,106413,2663
12,111,2663,46
106413,12,46,547
2663,106413,547,303
46,2663,303,5
547,46,5,2486
303,547,2486,24820
5,303,24820,46
2486,5,46,50
24820,2486,50,48
46,24820,48,6
50,46,6,209
48,50,209,1593
6,48,1593,15
209,6,15,2367
1593,209,2367,2930
15,1593,2930,332
2367,15,332,111
2930,2367,111,547
332,2930,547,26208
111,332,26208,1201
547,111,1201,13
26208,547,13,47
1201,26208,47,6297
13,1201,6297,351
47,13,351,4
6297,47,4,1603
351,6297,1603,15
4,351,15,42
1603,4,42,5
15,1603,5,378
42,15,378,39
5,42,39,2318
378,5,2318,5
39,378,5,2367
2318,39,2367,11452
5,2318,11452,24
2367,5,24,401
11452,2367,401,10
24,11452,10,14
401,24,14,1878
10,401,1878,1523
14,10,1523,3
1878,14,3,468
1523,1878,468,2930
3,1523,2930,10700
468,3,10700,2
2930,468,2,2784
10700,2930,2784,5
2,10700,5,1349
2784,2,1349,234
5,2784,234,24
1349,5,24,18936
234,1349,18936,500
24,234,500,29030
18936,24,29030,3
500,18936,3,23050
29030,500,23050,57976
3,29030,57976,11452
23050,3,11452,6738
57976,23050,6738,28
11452,57976,28,696
6738,11452,696,3
28,6738,3,11452
696,28,11452,100
3,696,100,1510
11452,3,1510,7
100,11452,7,2
1510,100,2,722
7,1510,722,24043
2,7,24043,8
722,2,8,247
24043,722,247,41
8,24043,41,36
247,8,36,186
41,247,186,28196
36,41,28196,4086
186,36,4086,12
28196,186,12,112
4086,28196,112,6064
12,4086,6064,5291
112,12,5291,11
6064,112,11,607
5291,6064,607,10
11,5291,10,2
607,11,2,2
10,607,2,952
2,10,952,5
2,2,5,29974
952,2,29974,78934
5,952,78934,8
29974,5,8,179
78934,29974,179,73
8,78934,73,2
179,8,2,2778
73,179,2778,3291
2,73,3291,12
2778,2,12,2
3291,2778,2,2573
12,3291,2573,4
2,12,4,28
2573,2,28,733
4,2573,733,7
28,4,7,400
733,28,400,15
7,733,15,12
400,7,12,3231
15,400,3231,660
12,15,660,7
3231,12,7,2987
660,3231,2987,6
7,660,6,417
2987,7,417,24
6,2987,24,9026
417,6,9026,5291
24,417,5291,11452
9026,24,11452,477
5291,9026,477,30284
11452,5291,30284,29
477,11452,29,2
30284,477,2,112
29,30284,112,6064
2,29,6064,5291
112,2,5291,2757
6064,112,2757,1304
5291,6064,1304,3970
2757,5291,3970,2367
1304,2757,2367,1620
3970,1304,1620,247
2367,3970,247,41
1620,2367,41,4
247,1620,4,41
41,247,41,3380
4,41,3380,284
41,4,284,7
3380,41,7,2
284,3380,2,11452
7,284,11452,8
2,7,8,3374
11452,2,3374,3011
8,11452,3011,5
3374,8,5,6473
3011,3374,6473,24
5,3011,24,10351
6473,5,10351,29
24,6473,29,165
10351,24,165,234
29,10351,234,11002
165,29,11002,3
234,165,3,580
11002,234,580,23
3,11002,23,585
580,3,585,446
23,580,446,171
585,23,171,4512
446,585,4512,6738
171,446,6738,1254
4512,171,1254,19048
6738,4512,19048,5
1254,6738,5,2837
19048,1254,2837,11452
5,19048,11452,19
2837,5,19,998
11452,2837,998,1639
19,11452,1639,930
998,19,930,8
1639,998,8,822
930,1639,822,11452
8,930,11452,3
822,8,3,17
11452,822,17,3527
3,11452,3527,65
17,3,65,4691
3527,17,4691,91
65,3527,91,26208
4691,65,26208,1201
91,4691,1201,156
26208,91,156,2
1201,26208,2,500
156,1201,500,36
2,156,36,9399
500,2,9399,10
36,500,10,208
9399,36,208,110
10,9399,110,3
208,10,3,2521
110,208,2521,56
3,110,56,10
2521,3,10,146
56,2521,146,5
10,56,5,20615
146,10,20615,10
5,146,10,13
20615,5,13,2
10,20615,2,93046
13,10,93046,3452
2,13,3452,6738
93046,2,6738,28
3452,93046,28,30
6738,3452,30,147
28,6738,147,3
30,28,3,96
147,30,96,2367
3,147,2367,1975
96,3,1975,2
2367,96,2,3890
1975,2367,3890,2
2,1975,2,4616
3890,2,4616,708
2,3890,708,18
4616,2,18,247
708,4616,247,453
18,708,453,6738
247,18,6738,10
453,247,10,147
6738,453,147,3
10,6738,3,17
147,10,17,3077
3,147,3077,1961
17,3,1961,4
3077,17,4,16886
1961,3077,16886,4304
4,1961,4304,52
16886,4,52,48
4304,16886,48,5
52,4304,5,95
48,52,95,148
5,48,148,16
95,5,16,560
148,95,560,206
16,148,206,40
560,16,40,33
206,560,33,155
40,206,155,98
33,40,98,57
155,33,57,1524
98,155,1524,2367
57,98,2367,2930
1524,57,2930,7
2367,1524,7,1448
2930,2367,1448,3
7,2930,3,17
1448,7,17,91
3,1448,91,6
17,3,6,4231
91,17,4231,15
6,91,15,7663
4231,6,7663,22794
15,4231,22794,54
7663,15,54,6738
22794,7663,6738,68
54,22794,68,6772
6738,54,6772,23
68,6738,23,22
6772,68,22,861
23,6772,861,2198
22,23,2198,4512
861,22,4512,39
2198,861,39,1421
4512,2198,1421,5
39,4512,5,22794
1421,39,22794,34
5,1421,34,577
22794,5,577,9
34,22794,9,5
577,34,5,4844
9,577,4844,4
5,9,4,628
4844,5,628,191
4,4844,191,1382
628,4,1382,54
191,628,54,7
1382,191,7,362
54,1382,362,3
7,54,3,191
362,7,191,2
3,362,2,36236
191,3,36236,308
2,191,308,9
36236,2,9,42
308,36236,42,44
9,308,44,64
42,9,64,829
44,42,829,12
64,44,12,7090
829,64,7090,7849
12,829,7849,36
7090,12,36,6035
7849,7090,6035,428
36,7849,428,9
6035,36,9,2367
428,6035,2367,2930
9,428,2930,14
2367,9,14,510
2930,2367,510,6738
14,2930,6738,7300
510,14,7300,2
6738,510,2,44
7300,6738,44,59
2,7300,59,45
44,2,45,55
59,44,55,1400
45,59,1400,79
55,45,79,2
1400,55,2,7663
79,1400,7663,1364
2,79,1364,4
7663,2,4,1132
1364,7663,1132,4
4,1364,4,478
1132,4,478,694
4,1132,694,213
478,4,213,54
694,478,54,364
213,694,364,2
54,213,2,2367
364,54,2367,96259
2,364,96259,2
2367,2,2,22794
96259,2367,22794,5153
2,96259,5153,9
22794,2,9,694
5153,22794,694,4844
9,5153,4844,4
694,9,4,4
4844,694,4,4616
4,4844,4616,708
4,4,708,738
4616,4,738,7
708,4616,7,8
738,708,8,6738
7,738,6738,7
8,7,7,1694
6738,8,1694,2
7,6738,2,213
1694,7,213,8
2,1694,8,77
213,2,77,1409
8,213,1409,1603
77,8,1603,478
1409,77,478,1349
1603,1409,1349,6903
478,1603,6903,6183
1349,478,6183,4
6903,1349,4,609
6183,6903,609,9
4,6183,9,560
609,4,560,22592
9,609,22592,694
560,9,694,2980
22592,560,2980,354
694,22592,354,7
2980,694,7,8
354,2980,8,33
7,354,33,55
8,7,55,2448
33,8,2448,4
55,33,4,1364
2448,55,1364,694
4,2448,694,19
1364,4,19,44
694,1364,44,54
19,694,54,140
44,19,140,849
54,44,849,61
140,54,61,112
849,140,112,111
61,849,111,23
112,61,23,330
111,112,330,82
23,111,82,261
330,23,261,98
82,330,98,4511
261,82,4511,36
98,261,36,1831
4511,98,1831,1072
36,4511,1072,6
1831,36,6,316
1072,1831,316,3
6,1072,3,96
316,6,96,22
3,316,22,1641
96,3,1641,317
22,96,317,845
1641,22,845,6738
317,1641,6738,7
845,317,7,501
6738,845,501,2648
7,6738,2648,15
501,7,15,2
2648,501,2,273
15,2648,273,98
2,15,98,30371
273,2,30371,1719
98,273,1719,5
30371,98,5,2455
1719,30371,2455,2648
5,1719,2648,216
2455,5,216,23
2648,2455,23,48702
216,2648,48702,645
23,216,645,5
48702,23,5,2648
645,48702,2648,6
5,645,6,30550
2648,5,30550,731
6,2648,731,134
30550,6,134,3810
731,30550,3810,11
134,731,11,1144
3810,134,1144,37
11,3810,37,4
1144,11,4,1506
37,1144,1506,788
4,37,788,6
1506,4,6,62
788,1506,62,104
6,788,104,148
62,6,148,6624
104,62,6624,4
148,104,4,144
6624,148,144,332
4,6624,332,57
144,4,57,25
332,144,25,53
57,332,53,76
25,57,76,21057
53,25,21057,30371
76,53,30371,178
21057,76,178,8
30371,21057,8,6738
178,30371,6738,240
8,178,240,13
6738,8,13,595
240,6738,595,3
13,240,3,179
595,13,179,52
3,595,52,11
179,3,11,55
52,179,55,96
11,52,96,10
55,11,10,2058
96,55,2058,4
10,96,4,186
2058,10,186,2598
4,2058,2598,4
186,4,4,41
2598,186,41,4939
4,2598,4939,9
41,4,9,2930
4939,41,2930,3
9,4939,3,17
2930,9,17,2367
3,2930,2367,140
17,3,140,8
2367,17,8,34
140,2367,34,1590
8,140,1590,23257
34,8,23257,5
1590,34,5,5153
23257,1590,5153,213
5,23257,213,20
5153,5,20,759
213,5153,759,1408
20,213,1408,6
759,20,6,694
1408,759,694,940
6,1408,940,154
694,6,154,2
940,694,2,6738
154,940,6738,5027
2,154,5027,15
6738,2,15,85857
5027,6738,85857,1247
15,5027,1247,3178
85857,15,3178,5
1247,85857,5,2367
3178,1247,2367,191
5,3178,191,213
2367,5,213,6
191,2367,6,133
213,191,133,54
6,213,54,7
133,6,7,296
54,133,296,19
7,54,19,6738
296,7,6738,6084
19,296,6084,4
6738,19,4,5
6084,6738,5,54
4,6084,54,6738
5,4,6738,7
54,5,7,260
6738,54,260,408
7,6738,408,26386
260,7,26386,34
408,260,34,17
26386,408,17,106
34,26386,106,12
17,34,12,19
106,17,19,5825
12,106,5825,12
19,12,12,355
5825,19,355,6738
12,5825,6738,264
355,12,264,1260
6738,355,1260,5
264,6738,5,39
1260,264,39,7663
5,1260,7663,2367
39,5,2367,11452
7663,39,11452,40
2367,7663,40,2530
11452,2367,2530,17
40,11452,17,2
2530,40,2,1960
17,2530,1960,1540
2,17,1540,15
1960,2,15,2367
1540,1960,2367,312
15,1540,312,2075
2367,15,2075,1056
312,2367,1056,3
2075,312,3,11602
1056,2075,11602,6738
3,1056,6738,475
11602,3,475,5
6738,11602,5,1622
475,6738,1622,694
5,475,694,13
1622,5,13,208
694,1622,208,1492
13,694,1492,9173
208,13,9173,982
1492,208,982,336
9173,1492,336,20
982,9173,20,2632
336,982,2632,460
20,336,460,37
2632,20,37,541
460,2632,541,694
37,460,694,1408
541,37,1408,336
1198,4048,349,5
11562,1198,5,69
349,11562,69,19
5,349,19,1079
69,5,1079,13067
19,69,13067,149
1079,19,149,164
13067,1079,164,30
149,13067,30,16
164,149,16,23
30,164,23,1932
16,30,1932,5
23,16,5,4048
1932,23,4048,203
5,1932,203,8616
4048,5,8616,2559
203,4048,2559,5
8616,203,5,9257
2559,8616,9257,6
5,2559,6,2
9257,5,2,281
6,9257,281,49768
2,6,49768,60
281,2,60,17733
49768,281,17733,116
60,49768,116,67
17733,60,67,2939
116,17733,2939,36089
67,116,36089,583
2939,67,583,5
36089,2939,5,27
583,36089,27,328
5,583,328,1981
27,5,1981,62
328,27,62,95
1981,328,95,176
62,1981,176,637
95,62,637,16
176,95,16,17989
637,176,17989,23
16,637,23,1067
17989,16,1067,36
23,17989,36,32
1067,23,32,406
36,1067,406,5
32,36,5,71349
406,32,71349,1981
5,406,1981,62
71349,5,62,95
1981,71349,95,2810
62,1981,2810,16
95,62,16,17989
2810,95,17989,23
16,2810,23,1067
17989,16,1067,6
23,17989,6,536
1067,23,536,187
6,1067,187,5202
536,6,5202,56023
187,536,56023,5
5202,187,5,955
56023,5202,955,385
5,56023,385,4
955,5,4,124
385,955,124,18783
4,385,18783,8
124,4,8,18
18783,124,18,16503
8,18783,16503,857
18,8,857,3830
16503,18,3830,4
857,16503,4,1684
3830,857,1684,5
4,3830,5,70
1684,4,70,45
5,1684,45,34
70,5,34,21
45,70,21,17
34,45,17,9638
21,34,9638,4
17,21,4,7754
9638,17,7754,160
4,9638,160,8
7754,4,8,45
160,7754,45,16
8,160,16,25
45,8,25,3648
16,45,3648,6258
25,16,6258,9
3648,25,9,5289
6258,3648,5289,25
9,6258,25,6258
5289,9,6258,8
25,5289,8,8
6258,25,8,76
8,6258,76,5
8,8,5,81
76,8,81,230
5,76,230,149
81,5,149,1595
230,81,1595,4
149,230,4,492
1595,149,492,1950
4,1595,1950,650
492,4,650,6630
1950,492,6630,34473
650,1950,34473,96
6630,650,96,89
34473,6630,89,477
96,34473,477,3
89,96,3,17
477,89,17,2
3,477,2,108209
17,3,108209,5289
2,17,5289,34
108209,2,34,21
5289,108209,21,154
34,5289,154,1271
21,34,1271,38
154,21,38,15706
1271,154,15706,34
38,1271,34,1627
15706,38,1627,2670
34,15706,2670,41
1627,34,41,67
2670,1627,67,19671
41,2670,19671,41
67,41,41,4
19671,67,4,41
41,19671,41,465
4,41,465,6
41,4,6,1677
465,41,1677,581
6,465,581,24
1677,6,24,4400
581,1677,4400,176
24,581,176,102
4400,24,102,5225
176,4400,5225,24
102,176,24,100999
5225,102,100999,1116
24,5225,1116,52
100999,24,52,11
1116,100999,11,192
52,1116,192,36
11,52,36,689
192,11,689,24
36,192,24,1715
689,36,1715,2797
24,689,2797,24
1715,24,24,1758
2797,1715,1758,79295
24,2797,79295,45
1758,24,45,12
79295,1758,12,207
45,79295,207,210
12,45,210,4
207,12,4,5
210,207,5,376
4,210,376,53
5,4,53,34
376,5,34,17
53,376,17,41
34,53,41,5289
17,34,5289,136
41,17,136,41
5289,41,41,5289
136,5289,5289,5
41,136,5,4273
5289,41,4273,9501
5,5289,9501,36500
4273,5,36500,581
9501,4273,581,5
36500,9501,5,2082
581,36500,2082,1083
5,581,1083,124
2082,5,124,8
1083,2082,8,13602
124,1083,13602,12
8,124,12,4
13602,8,4,12
12,13602,12,64
4,12,64,323
12,4,323,31
64,12,31,7
323,64,7,1869
31,323,1869,3834
7,31,3834,6
1869,7,6,119
3834,1869,119,70937
6,3834,70937,64
119,6,64,91
70937,119,91,6
64,70937,6,5133
91,64,5133,4893
6,91,4893,21
5133,6,21,51
4893,5133,51,30
21,4893,30,322
51,21,322,29
30,51,29,9126
322,30,9126,68
29,322,68,64
9126,29,64,91
68,9126,91,6
64,68,6,5133
91,64,5133,8
6,91,8,20
5133,6,20,743
8,5133,743,7
20,8,7,2053
743,20,2053,8524
7,743,8524,18244
2053,7,18244,76
8524,2053,76,7233
18244,8524,7233,19038
76,18244,19038,27946
7233,76,27946,5
19038,7233,5,17665
27946,19038,17665,2057
5,27946,2057,541
17665,5,541,570
2057,17665,570,23
541,2057,23,20
570,541,20,994
23,570,994,60
20,23,60,10
994,20,10,7
60,994,7,6
10,60,6,209
7,10,209,11220
6,7,11220,4
209,6,4,8993
11220,209,8993,5
4,11220,5,4905
8993,4,4905,655
5,8993,655,5
4905,5,5,88
655,4905,88,921
5,655,921,163
88,5,163,6
921,88,6,770
163,921,770,655
6,163,655,3
770,6,3,5952
655,770,5952,586
3,655,586,820
5952,3,820,48
586,5952,48,337
820,586,337,4
48,820,4,2372
337,48,2372,38
4,337,38,215
2372,4,215,4
38,2372,4,288
215,38,288,4352
4,215,4352,74
288,4,74,59438
4352,288,59438,10344
74,4352,10344,323
59438,74,323,8
10344,59438,8,90
323,10344,90,52
8,323,52,21
90,8,21,88
52,90,88,5
21,52,5,6547
88,21,6547,4
5,88,4,21857
6547,5,21857,5
4,6547,5,20
21857,4,20,213
5,21857,213,108230
20,5,108230,6
213,20,6,10
108230,213,10,41783
6,108230,41783,10
10,6,10,10344
41783,10,10344,323
10,41783,323,8
10344,10,8,3384
323,10344,3384,4350
8,323,4350,30296
3384,8,30296,4
4350,3384,4,1715
30296,4350,1715,3701
4,30296,3701,1938
1715,4,1938,18
3701,1715,18,247
1938,3701,247,665
18,1938,665,7491
247,18,7491,9
665,247,9,95
7491,665,95,31
9,7491,31,137
95,9,137,586
31,95,586,2
137,31,2,108315
586,137,108315,10
2,586,10,10344
108315,2,10344,323
10,108315,323,52
10344,10,52,195
323,10344,195,4
52,323,4,35902
195,52,35902,5117
4,195,5117,178
35902,4,178,6
5117,35902,6,108260
178,5117,108260,26
6,178,26,15383
108260,6,15383,36
26,108260,36,52
15383,26,52,26
36,15383,26,16
52,36,16,5306
26,52,5306,91182
16,26,91182,10
5306,16,10,10344
91182,5306,10344,323
10,91182,323,52
10344,10,52,26
323,10344,26,340
52,323,340,178
26,52,178,38
340,26,38,13966
178,340,13966,554
38,178,554,10615
13966,38,10615,16
554,13966,16,4762
10615,554,4762,5
16,10615,5,108319
4762,16,108319,77374
5,4762,77374,5
108319,5,5,8542
77374,108319,8542,79927
5,77374,79927,8
8542,5,8,34
79927,8542,34,1409
8,79927,1409,685
34,8,685,48
1409,34,48,36
685,1409,36,52
48,685,52,26
36,48,26,116
52,36,116,586
26,52,586,3
116,26,3,17
586,116,17,51
3,586,51,26
17,3,26,245
51,17,245,16
26,51,16,3406
245,26,3406,2753
16,245,2753,29185
3406,16,29185,19
2753,3406,19,5424
29185,2753,5424,117
19,29185,117,284
5424,19,284,13
117,5424,13,47
284,117,47,183
13,284,183,2
47,13,2,241
183,47,241,952
2,183,952,5
241,2,5,4905
952,241,4905,655
5,952,655,19
4905,5,19,2
655,4905,2,2082
19,655,2082,698
2,19,698,8
2082,2,8,18
698,2082,18,15128
8,698,15128,56
18,8,56,244
15128,18,244,4
56,15128,4,1320
244,56,1320,4
4,244,4,475
1320,4,475,5
4,1320,5,169
475,4,169,5
5,475,5,70
169,5,70,4
5,169,4,392
70,5,392,2
4,70,2,852
392,4,852,1239
2,392,1239,5
852,2,5,124
1239,852,124,4843
5,1239,4843,4
124,5,4,2638
4843,124,2638,74
4,4843,74,136
2638,4,136,5
74,2638,5,59446
