382,6,4,12
426,382,12,382
4,426,382,3317
12,4,3317,793
382,12,793,3
3317,382,3,137
793,3317,137,475
3,793,475,2
137,3,2,10633
475,137,10633,4
2,475,4,8760
10633,2,8760,20
4,10633,20,7
8760,4,7,2
20,8760,2,475
7,20,475,115
2,7,115,21
475,2,21,12030
115,475,12030,81
21,115,81,29
12030,21,29,17018
81,12030,17018,81
29,81,81,23
17018,29,23,183
81,17018,183,60
23,81,60,45
183,23,45,137
60,183,137,64
45,60,64,280
137,45,280,2281
64,137,2281,36
280,64,36,242
2281,280,242,9
36,2281,9,1972
242,36,1972,476
9,242,476,6509
1972,9,6509,343
476,1972,343,4
6509,476,4,5694
343,6509,5694,188
4,343,188,811
5694,4,811,2925
188,5694,2925,876
811,188,876,1265
2925,811,1265,426
876,2925,426,18
1265,876,18,48
426,1265,48,2920
18,426,2920,5
48,18,5,923
2920,48,923,85
5,2920,85,574
923,5,574,5
85,923,5,381
574,85,381,656
5,574,656,3
381,5,3,294
656,381,294,574
3,656,574,5
294,3,5,3223
574,294,3223,29
5,574,29,80
3223,5,80,6
29,3223,6,88
80,29,88,1108
6,80,1108,6413
88,6,6413,408
1108,88,408,5
6413,1108,5,553
408,6413,553,18
5,408,18,64
553,5,64,280
18,553,280,748
64,18,748,12
280,64,12,105
748,280,105,428
12,748,428,4
105,12,4,64
428,105,64,1234
4,428,1234,4
64,4,4,280
1234,64,280,748
4,1234,748,12
280,4,12,191
748,280,191,45
12,748,45,448
191,12,448,4
45,191,4,16955
448,45,16955,1670
4,448,1670,175
16955,4,175,38
1670,16955,38,385
175,1670,385,4
38,175,4,698
385,38,698,1641
4,385,1641,5
698,4,5,86
1641,698,86,1817
5,1641,1817,376
86,5,376,2
1817,86,2,376
376,1817,376,698
2,376,698,682
376,2,682,1386
698,376,1386,284
682,698,284,7
1386,682,7,8
284,1386,8,2971
7,284,2971,4
8,7,4,85
2971,8,85,1136
4,2971,1136,465
85,4,465,392
1136,85,392,1066
465,1136,1066,9
392,465,9,874
1066,392,874,45
9,1066,45,25
874,9,25,21
45,874,21,23
25,45,23,48
21,25,48,106
23,21,106,2
48,23,2,158
106,48,158,4
2,106,4,7515
158,2,7515,152
4,158,152,1970
7515,4,1970,2803
152,7515,2803,81
1970,152,81,3
2803,1970,3,1183
81,2803,1183,2
3,81,2,882
1183,3,882,675
2,1183,675,2803
882,2,2803,81
675,882,81,3
2803,675,3,166
81,2803,166,578
3,81,578,8
166,3,8,86
578,166,86,644
8,578,644,50
86,8,50,196
644,86,196,239
50,644,239,274
196,50,274,36
239,196,36,196
274,239,196,239
36,274,239,101
196,36,101,16
239,196,16,470
101,239,470,3507
16,101,3507,695
470,16,695,4
3507,470,4,1333
695,3507,1333,105
4,695,105,10565
1333,4,10565,619
105,1333,619,23
10565,105,23,99
619,10565,99,104
23,619,104,11676
99,23,11676,284
104,99,284,50
11676,104,50,10564
284,11676,10564,873
50,284,873,10779
10564,50,10779,36
873,10564,36,600
10779,873,600,29
36,10779,29,59
600,36,59,26
29,600,26,716
59,29,716,41
26,59,41,3669
716,26,3669,45
41,716,45,739
3669,41,739,254
45,3669,254,8
739,45,8,770
254,739,770,115
8,254,115,21
770,8,21,610
115,770,610,95
21,115,95,23
610,21,23,2327
95,610,2327,5
23,95,5,191
2327,23,191,4
5,2327,4,13
191,5,13,21
4,191,21,321
13,4,321,8279
21,13,8279,5997
321,21,5997,3
8279,321,3,17
5997,8279,17,458
3,5997,458,3
17,3,3,453
458,17,453,874
3,458,874,100
453,3,100,5317
874,453,5317,9
100,874,9,166
5317,100,166,201
9,5317,201,36
166,9,36,26
201,166,26,4064
36,201,4064,79
26,36,79,5425
4064,26,5425,4
79,4064,4,873
5425,79,873,10
4,5425,10,284
873,4,284,5
10,873,5,238
284,10,238,1722
5,284,1722,263
238,5,263,1391
1722,238,1391,542
263,1722,542,4
1391,263,4,1580
542,1391,1580,7
4,542,7,40
1580,4,40,73
7,1580,73,3
40,7,3,18
73,40,18,156
3,73,156,2
18,3,2,1391
156,18,1391,1115
2,156,1115,164
1391,2,164,6
1115,1391,6,204
164,1115,204,29
6,164,29,26114
204,6,26114,20
29,204,20,7
26114,29,7,21
20,26114,21,187
7,20,187,30
21,7,30,18
187,21,18,21
30,187,21,80
18,30,80,450
21,18,450,687
80,21,687,152
450,80,152,1970
687,450,1970,5
152,687,5,73
1970,152,73,5
5,1970,5,390
73,5,390,3463
5,73,3463,4
390,5,4,57
3463,390,57,30
4,3463,30,551
57,4,551,25
30,57,25,21
551,30,21,18
25,551,18,20
21,25,20,359
18,21,359,5
20,18,5,5104
359,20,5104,321
5,359,321,2
5104,5,2,9
321,5104,9,366
2,321,366,8
9,2,8,5627
366,9,5627,4
8,366,4,2126
5627,8,2126,18
4,5627,18,3166
2126,4,3166,6495
18,2126,6495,7488
3166,18,7488,4
6495,3166,4,1390
7488,6495,1390,1290
4,7488,1290,82
1390,4,82,30
1290,1390,30,16
82,1290,16,21
30,82,21,631
16,30,631,37
21,16,37,2126
631,21,2126,36
37,631,36,476
2126,37,476,73
36,2126,73,8
476,36,8,29
73,476,29,37
8,73,37,2653
29,8,2653,45
37,29,45,2653
2653,37,2653,553
45,2653,553,31
2653,45,31,16
553,2653,16,1444
31,553,1444,976
16,31,976,6
1444,16,6,992
976,1444,992,674
6,976,674,8
992,6,8,7
674,992,7,255
8,674,255,19
7,8,19,107
255,7,107,15
19,255,15,105
107,19,105,1022
15,107,1022,260
105,15,260,13692
1022,105,13692,2
260,1022,2,10
13692,260,10,7
2,13692,7,4
10,2,4,15
7,10,15,85
4,7,85,15754
15,4,15754,3
85,15,3,17
15754,85,17,4
3,15754,4,4471
17,3,4471,9
4,17,9,160
4471,4,160,29
9,4471,29,12008
160,9,12008,472
29,160,472,5
12008,29,5,412
472,12008,412,29
5,472,29,954
412,5,954,4
29,412,4,7186
954,29,7186,61
4,954,61,6110
7186,4,6110,82
61,7186,82,31
6110,61,31,726
82,6110,726,480
31,82,480,2
726,31,2,17448
480,726,17448,31
2,480,31,3515
17448,2,3515,15
31,17448,15,894
3515,31,894,52
15,3515,52,33
894,15,33,2463
52,894,2463,180
33,52,180,20
2463,33,20,72
180,2463,72,801
20,180,801,820
72,20,820,48
801,72,48,4899
820,801,4899,4
48,820,4,4240
4899,48,4240,2
4,4899,2,234
4240,4,234,23
2,4240,23,1193
234,2,1193,94
23,234,94,100
1193,23,100,1467
94,1193,1467,276
100,94,276,3145
1467,100,3145,8
276,1467,8,26
3145,276,26,50
8,3145,50,146
26,8,146,24
50,26,24,183
146,50,183,1438
24,146,1438,82
183,24,82,841
1438,183,841,7
82,1438,7,849
841,82,849,52
7,841,52,53
849,7,53,7
52,849,7,98
53,52,98,10
7,53,10,313
98,7,313,2
10,98,2,52
313,10,52,698
2,313,698,25
52,2,25,21
698,52,21,137
25,698,137,9415
21,25,9415,31565
137,21,31565,6
9415,137,6,770
31565,9415,770,4
6,31565,4,7720
770,6,7720,5
4,770,5,311
7720,4,311,674
5,7720,674,122
311,5,122,23
674,311,23,183
122,674,183,60
23,122,60,26
183,23,26,9043
60,183,9043,1651
26,60,1651,354
9043,26,354,8
1651,9043,8,6
354,1651,6,130
8,354,130,737
6,8,737,16
130,6,16,4088
737,130,4088,3
16,737,3,1769
4088,16,1769,4
3,4088,4,150
1769,3,150,1947
4,1769,1947,4
150,4,4,6
1947,150,6,856
4,1947,856,187
6,4,187,6
856,6,6,76
187,856,76,426
6,187,426,26
76,6,26,8712
426,76,8712,150
26,426,150,385
8712,26,385,4
150,8712,4,11049
385,150,11049,3829
4,385,3829,6
11049,4,6,917
3829,11049,917,9
6,3829,9,8803
917,6,8803,5
9,917,5,43240
8803,9,43240,20
5,8803,20,8757
43240,5,8757,194
20,43240,194,31
8757,20,31,7
194,8757,7,340
31,194,340,5627
7,31,5627,3049
340,7,3049,674
5627,340,674,5
3049,5627,5,16551
674,3049,16551,3090
5,674,3090,4
16551,5,4,5735
3090,16551,5735,54
4,3090,54,7
5735,4,7,6
54,5735,6,209
7,54,209,465
6,7,465,21
209,6,21,612
465,209,612,4
21,465,4,21
612,21,21,2013
4,612,2013,19
21,4,19,770
2013,21,770,36
19,2013,36,408
770,19,408,5
36,770,5,553
408,36,553,31
5,408,31,14
553,5,14,1357
31,553,1357,4
14,31,4,3591
1357,14,3591,148
4,1357,148,82
3591,4,82,3356
148,3591,3356,361
82,148,361,974
3356,82,974,5
361,3356,5,38
974,361,38,426
5,974,426,1684
38,5,1684,9
426,38,9,38
1684,426,38,244
9,1684,244,4
38,9,4,244
244,38,244,5
4,244,5,38
244,4,38,397
5,244,397,6282
38,5,6282,38
397,38,38,1769
6282,397,1769,1947
38,6282,1947,4
1769,38,4,945
1947,1769,945,1661
4,1947,1661,214
945,4,214,9
1661,945,9,586
214,1661,586,4
9,214,4,38
586,9,38,552
4,586,552,42
38,4,42,45
552,38,45,16
42,552,16,1003
45,42,1003,299
16,45,299,3
1003,16,3,137
299,1003,137,62
3,299,62,834
137,3,834,7
62,137,7,5955
834,62,5955,24
7,834,24,2
5955,7,2,4065
24,5955,4065,447
2,24,447,3
4065,2,3,4
447,4065,4,4123
3,447,4123,42
4,3,42,62
4123,4,62,2
42,4123,2,430
62,42,430,167
2,62,167,77
430,2,77,2861
167,430,2861,101
77,167,101,746
2861,77,746,81
101,2861,81,12
746,101,12,235
81,746,235,401
12,81,401,52
235,12,52,21
401,235,21,12
52,401,12,38
21,52,38,83
12,21,83,401
38,12,401,122
83,38,122,98
401,83,98,7769
122,401,7769,2507
98,122,2507,82
7769,98,82,24
2507,7769,24,2
82,2507,2,11655
24,82,11655,2487
2,24,2487,3
11655,2,3,4
2487,11655,4,2653
3,2487,2653,1498
4,3,1498,82
2653,4,82,55
1498,2653,55,17
82,1498,17,91
55,82,91,3
17,55,3,1518
91,17,1518,56
3,91,56,2
1518,3,2,687
56,1518,687,936
2,56,936,2824
687,2,2824,430
936,687,430,167
2824,936,167,8
430,2824,8,18
167,430,18,533
8,167,533,236
18,8,236,6
533,18,6,268
236,533,268,281
6,236,281,66
268,6,66,6
281,268,6,2405
66,281,2405,4
6,66,4,57
2405,6,57,43
4,2405,43,1163
57,4,1163,890
43,57,890,2555
1163,43,2555,2141
890,1163,2141,4
2555,890,4,1626
2141,2555,1626,1163
4,2141,1163,2
1626,4,2,149
1163,1626,149,2
2,1163,2,3763
149,2,3763,6
2,149,6,67
3763,2,67,83
6,3763,83,133
67,6,133,62
83,67,62,8
133,83,8,430
62,133,430,25
8,62,25,21
430,8,21,147
25,430,147,1882
21,25,1882,36
147,21,36,15330
1882,147,15330,1820
36,1882,1820,82
15330,36,82,26
1820,15330,26,55
82,1820,55,309
26,82,309,5833
55,26,5833,12
309,55,12,38
5833,309,38,83
12,5833,83,26
38,12,26,72
83,38,72,147
26,83,147,1651
72,26,1651,3984
147,72,3984,102
1651,147,102,38
3984,1651,38,2006
102,3984,2006,8
38,102,8,7
2006,38,7,102
8,2006,102,33
7,8,33,4
102,7,4,43
33,102,43,430
4,33,430,447
43,4,447,7
430,43,7,2
447,430,2,314
7,447,314,482
2,7,482,5
314,2,5,62
482,314,62,45
5,482,45,1845
62,5,1845,3
45,62,3,8362
1845,45,8362,6173
3,1845,6173,1160
8362,3,1160,4
6173,8362,4,434
1160,6173,434,5
4,1160,5,961
434,4,961,447
5,434,447,30
961,5,30,137
447,961,137,20
30,447,20,6
137,30,6,107
20,137,107,343
6,20,343,6
107,6,6,278
343,107,278,16
6,343,16,2392
278,6,2392,64
16,278,64,42
2392,16,42,13
64,2392,13,3943
42,64,3943,6
13,42,6,3683
3943,13,3683,7137
6,3943,7137,4
3683,6,4,3421
7137,3683,3421,2
4,7137,2,105
3421,4,105,2462
2,3421,2462,428
105,2,428,42
2462,105,42,40
428,2462,40,113
42,428,113,8
40,42,8,30
113,40,30,40
8,113,40,18
30,8,18,2302
40,30,2302,3
18,40,3,243
2302,18,243,570
3,2302,570,2
243,3,2,677
570,243,677,725
2,570,725,102
677,2,102,834
725,677,834,84
102,725,84,75
834,102,75,156
84,834,156,4094
75,84,4094,1505
156,75,1505,2454
4094,156,2454,315
1505,4094,315,4
2454,1505,4,831
315,2454,831,1816
4,315,1816,29
831,4,29,20
1816,831,20,13
29,1816,13,21
20,29,21,721
13,20,721,4
21,13,4,20
721,21,20,677
4,721,677,725
20,4,725,13
677,20,13,21
725,677,21,1362
13,725,1362,130
21,13,130,520
1362,21,520,588
130,1362,588,15
520,130,15,63
588,520,63,5
15,588,5,143
63,15,143,35
5,63,35,18
143,5,18,21
35,143,21,981
18,35,981,284
21,18,284,536
981,21,536,53
284,981,53,50
536,284,50,45
53,536,45,6
50,53,6,197
45,50,197,990
6,45,990,3
197,6,3,25
990,197,25,622
3,990,622,451
25,3,451,3
622,25,3,1090
451,622,1090,104
3,451,104,588
1090,3,588,24
104,1090,24,118
588,104,118,4176
24,588,4176,6
118,24,6,1031
4176,118,1031,20
6,4176,20,48
1031,6,48,1740
20,1031,1740,4
48,20,4,102598
1740,48,102598,4
4,1740,4,7
102598,4,7,40
4,102598,40,44
7,4,44,7330
40,7,7330,478
44,40,478,12
7330,44,12,177
478,7330,177,5
12,478,5,701
177,12,701,426
5,177,426,3
701,5,3,319
426,701,319,395
3,426,395,183
319,3,183,1437
395,319,1437,36
183,395,36,2
1437,183,2,30
36,1437,30,44
2,36,44,164
30,2,164,6
44,30,6,204
164,44,204,319
6,164,319,5282
204,6,5282,12
319,204,12,183
5282,319,183,6209
12,5282,6209,30
183,12,30,48
6209,183,48,137
30,6209,137,51
48,30,51,7
137,48,7,1352
51,137,1352,6
7,51,6,1319
1352,7,1319,386
6,1352,386,1209
1319,6,1209,4
386,1319,4,2
1209,386,2,217
4,1209,217,5
2,4,5,57
217,2,57,426
5,217,426,7
57,5,7,18
426,57,18,3
7,426,3,706
18,7,706,120
3,18,120,16
706,3,16,284
120,706,284,5
16,120,5,431
284,16,431,102
5,284,102,834
431,5,834,4
102,431,4,4149
834,102,4149,1506
4,834,1506,615
4149,4,615,23
1506,4149,23,108
615,1506,108,2
23,615,2,2
108,23,2,668
2,108,668,53
2,2,53,16
668,2,16,76
53,668,76,284
16,53,284,6
76,16,6,994
284,76,994,818
6,284,818,4
994,6,4,1880
818,994,1880,29
4,818,29,53
1880,4,53,7
29,1880,7,64
53,29,64,450
7,53,450,284
64,7,284,4
450,64,4,430
284,450,430,447
4,284,447,218
430,4,218,3
447,430,3,1627
218,447,1627,30
3,218,30,48
1627,3,48,1062
30,1627,1062,18164
48,30,18164,6
1062,48,6,76
18164,1062,76,1035
6,18164,1035,74
76,6,74,916
1035,76,916,2205
74,1035,2205,120
916,74,120,16
2205,916,16,104
120,2205,104,14308
16,120,14308,270
104,16,270,204
14308,104,204,251
270,14308,251,9
204,270,9,2
251,204,2,1617
9,251,1617,431
2,9,431,102
1617,2,102,834
431,1617,834,155
102,431,155,1233
834,102,1233,51
155,834,51,41
1233,155,41,26
51,1233,26,218
41,51,218,3
26,41,3,1060
218,26,1060,1931
3,218,1931,4
1060,3,4,1733
1931,1060,1733,430
4,1931,430,151
1733,4,151,6
430,1733,6,403
151,430,403,5
6,151,5,501
403,6,501,81
5,403,81,3
501,5,3,1666
81,501,1666,38
3,81,38,83
1666,3,83,105
38,1666,105,2265
83,38,2265,20
105,83,20,7
2265,105,7,2
20,2265,2,131
7,20,131,1130
2,7,1130,868
131,2,868,4
1130,131,4,7
868,1130,7,16
4,868,16,2026
7,4,2026,370
16,7,370,285
2026,16,285,1715
370,2026,1715,6
285,370,6,20
1715,285,20,187
6,1715,187,16
20,6,16,41
187,20,41,11591
16,187,11591,7281
41,16,7281,4
11591,41,4,2038
7281,11591,2038,65
4,7281,65,33
2038,4,33,4
65,2038,4,52
33,65,52,33
4,33,33,671
52,4,671,104
33,52,104,868
671,33,868,15
104,671,15,81
868,104,81,33
15,868,33,34
81,15,34,445
33,81,445,689
34,33,689,1580
445,34,1580,10
689,445,10,7
1580,689,7,314
10,1580,314,8
7,10,8,414
314,7,414,543
8,314,543,121
414,8,121,3620
543,414,3620,12
121,543,12,280
3620,121,280,255
12,3620,255,1451
280,12,1451,2107
255,280,2107,270
1451,255,270,1469
2107,1451,1469,5
270,2107,5,54
1469,270,54,34
5,1469,34,96
54,5,96,67
34,54,67,108
96,34,108,2
67,96,2,4769
108,67,4769,4
2,108,4,41
4769,2,41,1485
4,4769,1485,236
41,4,236,4
1485,41,4,96
236,1485,96,213
4,236,213,5
96,4,5,414
213,96,414,815
5,213,815,15903
414,5,15903,4
815,414,4,41
15903,815,41,1770
4,15903,1770,2
41,4,2,7
1770,41,7,28
2,1770,28,10
7,2,10,7
28,7,7,2580
10,28,2580,3
7,10,3,4365
2580,7,4365,15096
3,2580,15096,24
4365,3,24,271
15096,4365,271,9
24,15096,9,2
271,24,2,1595
9,271,1595,281
2,9,281,79
1595,2,79,271
281,1595,271,9
79,281,9,48
271,79,48,10
9,271,10,7
48,9,7,130
10,48,130,1199
7,10,1199,1252
130,7,1252,8
1199,130,8,30
1252,1199,30,55
8,1252,55,2754
30,8,2754,104
55,30,104,447
2754,55,447,4
104,2754,4,567
447,104,567,86
4,447,86,19
567,4,19,400
86,567,400,570
19,86,570,12
400,19,12,2593
570,400,2593,479
12,570,479,5
2593,12,5,414
479,2593,414,141
5,479,141,4
414,5,4,143
141,414,143,226
4,141,226,5197
143,4,5197,270
226,143,270,10
