23,43,21,23
275,23,23,735
21,275,735,301
23,21,301,2217
735,23,2217,992
301,735,992,77
2217,301,77,1646
992,2217,1646,611
77,992,611,37
1646,77,37,183
611,1646,183,284
37,611,284,329
183,37,329,43
284,183,43,549
329,284,549,619
43,329,619,9
549,43,9,2
619,549,2,532
9,619,532,209
2,9,209,8
532,2,8,2217
209,532,2217,4935
8,209,4935,7
2217,8,7,9844
4935,2217,9844,4
7,4935,4,10600
9844,7,10600,1103
4,9844,1103,4
10600,4,4,8
1103,10600,8,32
4,1103,32,1506
8,4,1506,2466
32,8,2466,16
1506,32,16,13851
2466,1506,13851,1309
16,2466,1309,78
13851,16,78,32
1309,13851,32,35
78,1309,35,2478
32,78,2478,9
35,32,9,587
2478,35,587,212
9,2478,212,16
587,9,16,2
212,587,2,314
16,212,314,5169
2,16,5169,5
314,2,5,49
5169,314,49,478
5,5169,478,3
49,5,3,91
478,49,91,212
3,478,212,2
91,3,2,2
212,91,2,14882
2,212,14882,102
2,2,102,1103
14882,2,1103,4
102,14882,4,626
1103,102,626,3674
4,1103,3674,511
626,4,511,65
3674,626,65,1724
511,3674,1724,10
65,511,10,3
1724,65,3,2863
10,1724,2863,10
3,10,10,4202
2863,3,4202,2364
10,2863,2364,4957
4202,10,4957,8009
2364,4202,8009,3
4957,2364,3,32
8009,4957,32,2344
3,8009,2344,101
32,3,101,5
2344,32,5,225
101,2344,225,4
5,101,4,7742
225,5,7742,59
4,225,59,11
7742,4,11,7
59,7742,7,8563
11,59,8563,880
7,11,880,554
8563,7,554,1977
880,8563,1977,3
554,880,3,226
1977,554,226,8
3,1977,8,18399
226,3,18399,7503
8,226,7503,4
18399,8,4,1377
7503,18399,1377,232
4,7503,232,5
1377,4,5,104
232,1377,104,151
5,232,151,469
104,5,469,3591
151,104,3591,9
469,151,9,48
3591,469,48,3
9,3591,3,137
48,9,137,640
3,48,640,118
137,3,118,10503
640,137,10503,1233
118,640,1233,19
10503,118,19,310
1233,10503,310,32
19,1233,32,1664
310,19,1664,3
32,310,3,921
1664,32,921,1450
3,1664,1450,4
921,3,4,2002
1450,921,2002,4
4,1450,4,13846
2002,4,13846,748
4,2002,748,5
13846,4,5,8
748,13846,8,6630
5,748,6630,222
8,5,222,528
6630,8,528,553
222,6630,553,143
528,222,143,14
553,528,14,5
143,553,5,376
14,143,376,190
5,14,190,1755
376,5,1755,6
190,376,6,5155
1755,190,5155,4957
6,1755,4957,32
5155,6,32,7
4957,5155,7,859
32,4957,859,2002
7,32,2002,4
859,7,4,1536
2002,859,1536,36
4,2002,36,1704
1536,4,1704,1816
36,1536,1816,921
1704,36,921,1450
1816,1704,1450,18
921,1816,18,47
1450,921,47,8260
18,1450,8260,6
47,18,6,1825
8260,47,1825,37
6,8260,37,2648
1825,6,2648,5
37,1825,5,70
2648,37,70,2035
5,2648,2035,80
70,5,80,52
2035,70,52,553
80,2035,553,143
52,80,143,50
553,52,50,2
143,553,2,1660
50,143,1660,9
2,50,9,1682
1660,2,1682,11083
9,1660,11083,246
1682,9,246,3004
11083,1682,3004,5
246,11083,5,10
3004,246,10,748
5,3004,748,40
10,5,40,5846
748,10,5846,235
40,748,235,3
5846,40,3,10115
235,5846,10115,2648
3,235,2648,5
10115,3,5,449
2648,10115,449,6009
5,2648,6009,15
449,5,15,54
6009,449,54,200
15,6009,200,4
54,15,4,78
200,54,78,32
4,200,32,18
78,4,18,47
32,78,47,13280
18,32,13280,9
47,18,9,568
13280,47,568,36
9,13280,36,7625
568,9,7625,11067
36,568,11067,5
7625,36,5,528
11067,7625,528,3050
5,11067,3050,19
528,5,19,575
3050,528,575,1667
19,3050,1667,159
575,19,159,2826
1667,575,2826,19504
159,1667,19504,3021
2826,159,3021,3
19504,2826,3,5194
3021,19504,5194,20414
3,3021,20414,12472
5194,3,12472,6
20414,5194,6,157
12472,20414,157,480
6,12472,480,15
157,6,15,894
480,157,894,32
15,480,32,68
894,15,68,18
32,894,18,2
68,32,2,241
18,68,241,1648
2,18,1648,42
241,2,42,147
1648,241,147,21
42,1648,21,740
147,42,740,3
21,147,3,15837
740,21,15837,12814
3,740,12814,8349
15837,3,8349,210
12814,15837,210,405
8349,12814,405,32
210,8349,32,185
405,210,185,1246
32,405,1246,3
185,32,3,11282
1246,185,11282,51
3,1246,51,2
11282,3,2,78
51,11282,78,32
2,51,32,711
78,2,711,230
32,78,230,234
711,32,234,73
230,711,73,49
234,230,49,297
73,234,297,3
49,73,3,1388
297,49,1388,82
3,297,82,4
1388,3,4,774
82,1388,774,95
4,82,95,6
774,4,6,3439
95,774,3439,5
6,95,5,1279
3439,6,1279,8
5,3439,8,266
1279,5,266,82
8,1279,82,121
266,8,121,10411
82,266,10411,859
121,82,859,10339
10411,121,10339,640
859,10411,640,14985
10339,859,14985,11203
640,10339,11203,5
14985,640,5,492
11203,14985,492,310
5,11203,310,882
492,5,882,152
310,492,152,53
882,310,53,7
152,882,7,2608
53,152,2608,416
7,53,416,9
2608,7,9,80
416,2608,80,88
9,416,88,29306
80,9,29306,39
88,80,39,1788
29306,88,1788,3
39,29306,3,1097
1788,39,1097,1734
3,1788,1734,8
1097,3,8,11
1734,1097,11,4
8,1734,4,135
11,8,135,18492
4,11,18492,1017
135,4,1017,49
18492,135,49,4
1017,18492,4,54
49,1017,54,5010
4,49,5010,617
54,4,617,71
5010,54,71,691
617,5010,691,3
71,617,3,191
691,71,191,16
3,691,16,3750
191,3,3750,16184
16,191,16184,6
3750,16,6,264
16184,3750,264,44
6,16184,44,30
264,6,30,380
44,264,380,247
30,44,247,1471
380,30,1471,5
247,380,5,48
1471,247,48,2624
5,1471,2624,5
48,5,5,9844
2624,48,9844,8773
5,2624,8773,4
9844,5,4,2862
8773,9844,2862,5684
4,8773,5684,8
2862,4,8,47
5684,2862,47,855
8,5684,855,3
47,8,3,2163
855,47,2163,6
3,855,6,502
2163,3,502,32
6,2163,32,612
502,6,612,24
32,502,24,135
612,32,135,158
24,612,158,7373
135,24,7373,15
158,135,15,1179
7373,158,1179,5
15,7373,5,713
1179,15,713,125
5,1179,125,783
713,5,783,291
125,713,291,3
783,125,3,25741
291,783,25741,5
3,291,5,531
25741,3,531,2186
5,25741,2186,6
531,5,6,987
2186,531,987,6
6,2186,6,316
987,6,316,3
6,987,3,4148
316,6,4148,166
3,316,166,2896
4148,3,2896,5
166,4148,5,32
2896,166,32,3303
5,2896,3303,3
32,5,3,264
3303,32,264,1856
3,3303,1856,5
264,3,5,8578
1856,264,8578,25991
5,1856,25991,297
8578,5,297,12
25991,8578,12,177
297,25991,177,5
12,297,5,32
177,12,32,69
5,177,69,135
32,5,135,150
69,32,150,369
135,69,369,4
150,135,4,119
369,150,119,111
4,369,111,1932
119,4,1932,368
111,119,368,164
1932,111,164,7
368,1932,7,8
164,368,8,78
7,164,78,32
8,7,32,929
78,8,929,2
32,78,2,674
929,32,674,5
2,929,5,45
674,2,45,31
5,674,31,11858
45,5,11858,80
31,45,80,8275
11858,31,8275,19265
80,11858,19265,1265
8275,80,1265,629
19265,8275,629,6
1265,19265,6,38
629,1265,38,41397
6,629,41397,4
38,6,4,23573
41397,38,23573,51
4,41397,51,48
23573,4,48,70
51,23573,70,82
48,51,82,21
70,48,21,72
82,70,72,114
21,82,114,4
72,21,4,21
114,72,21,72
4,114,72,58
21,4,58,82
72,21,82,147
58,72,147,3
82,58,3,1366
147,82,1366,7
3,147,7,8
1366,3,8,195
7,1366,195,23
8,7,23,1522
195,8,1522,446
23,195,446,6
1522,23,6,58
446,1522,58,97
6,446,97,16
58,6,16,207
97,58,207,1067
16,97,1067,2
207,16,2,16875
1067,207,16875,2
2,1067,2,10887
16875,2,10887,2108
2,16875,2108,5
10887,2,5,135
2108,10887,135,97
5,2108,97,31
135,5,31,513
97,135,513,22429
31,97,22429,3
513,31,3,415
22429,513,415,61
3,22429,61,2
415,3,2,2868
61,415,2868,11294
2,61,11294,28584
2868,2,28584,23
11294,2868,23,941
28584,11294,941,1691
23,28584,1691,4
941,23,4,811
1691,941,811,80
4,1691,80,106
811,4,106,9
80,811,9,38
106,80,38,94
9,106,94,3790
38,9,3790,194
94,38,194,7
3790,94,7,20
194,3790,20,6
7,194,6,117
20,7,117,16
6,20,16,30
117,6,30,3
16,117,3,17
30,16,17,7591
3,30,7591,19
17,3,19,34
7591,17,34,5
19,7591,5,45
34,19,45,36
5,34,36,16
45,5,16,30
36,45,30,110
16,36,110,3
30,16,3,218
110,30,218,5133
3,110,5133,8
218,3,8,30
5133,218,30,18
8,5133,18,2
30,8,2,1102
18,30,1102,92
2,18,92,59
1102,2,59,30
92,1102,30,16
59,92,16,6
30,59,6,660
16,30,660,118
6,16,118,328
660,6,328,19
118,660,19,10763
328,118,10763,4601
19,328,4601,2467
10763,19,2467,405
4601,10763,405,2
2467,4601,2,9698
405,2467,9698,11893
2,405,11893,5
9698,2,5,92
4,24,89889,3
1316,4,3,2
89889,1316,2,197
3,89889,197,35
2,3,35,12065
197,2,12065,157
35,197,157,7
12065,35,7,9443
157,12065,9443,15
7,157,15,2
9443,7,2,4819
15,9443,4819,175
2,15,175,980
4819,2,980,101
175,4819,101,4
980,175,4,665
101,980,665,1556
4,101,1556,29
665,4,29,53
1556,665,53,16
29,1556,16,1082
53,29,1082,65834
16,53,65834,754
1082,16,754,1100
65834,1082,1100,16
754,65834,16,470
1100,754,470,8216
16,1100,8216,79
470,16,79,38
8216,470,38,83
79,8216,83,68665
38,79,68665,35
83,38,35,964
68665,83,964,32012
35,68665,32012,32328
964,35,32328,3792
32012,964,3792,15
32328,32012,15,57
3792,32328,57,4038
15,3792,4038,35
57,15,35,665
4038,57,665,574
35,4038,574,141
665,35,141,23
574,665,23,35
141,574,35,1592
23,141,1592,6
35,23,6,334
1592,35,334,1342
6,1592,1342,128
334,6,128,10329
1342,334,10329,264
128,1342,264,3270
10329,128,3270,102
264,10329,102,665
3270,264,665,5290
102,3270,5290,141
665,102,141,6
5290,665,6,1316
141,5290,1316,4
6,141,4,2032
1316,6,2032,7
4,1316,7,416
2032,4,416,5
7,2032,5,4
416,7,4,1136
5,416,1136,3130
4,5,3130,2578
1136,4,2578,8
3130,1136,8,7
2578,3130,7,7192
8,2578,7192,133
7,8,133,4
7192,7,4,2233
133,7192,2233,3
4,133,3,8079
2233,4,8079,3004
3,2233,3004,5
8079,3,5,665
3004,8079,665,1556
5,3004,1556,6
665,5,6,47314
1556,665,47314,7
6,1556,7,1734
47314,6,1734,5
7,47314,5,2
1734,7,2,217
5,1734,217,5
2,5,5,2950
217,2,2950,4
5,217,4,755
2950,5,755,31
4,2950,31,16
755,4,16,2520
31,755,2520,143
16,31,143,35
2520,16,35,587
143,2520,587,212
35,143,212,3
587,35,3,803
212,587,803,20
3,212,20,2578
803,3,2578,59
20,803,59,10
2578,20,10,485
59,2578,485,5127
10,59,5127,864
485,10,864,12
5127,485,12,1063
864,5127,1063,6
12,864,6,2
1063,12,2,595
6,1063,595,5080
2,6,5080,187
595,2,187,2359
5080,595,2359,1470
187,5080,1470,38884
2359,187,38884,42
1470,2359,42,210
38884,1470,210,16
42,38884,16,980
210,42,980,903
16,210,903,31
980,16,31,16
903,980,16,1279
31,903,1279,601
16,31,601,685
1279,16,685,5
601,1279,5,1770
685,601,1770,1509
5,685,1509,4
1770,5,4,4151
1509,1770,4151,6
4,1509,6,2
4151,4,2,770
6,4151,770,8
2,6,8,13
770,2,13,241
8,770,241,163
13,8,163,81
241,13,81,79
163,241,79,16894
81,163,16894,1190
79,81,1190,36
16894,79,36,4931
1190,16894,4931,32136
36,1190,32136,57
4931,36,57,210
32136,4931,210,16
57,32136,16,665
210,57,665,222
16,210,222,31
665,16,31,44
222,665,44,26
31,222,26,16
44,31,16,118
26,44,118,10495
16,26,10495,3
118,16,3,144
10495,118,144,3553
3,10495,3553,2025
144,3,2025,6
3553,144,6,1717
2025,3553,1717,8
6,2025,8,7784
1717,6,7784,38
8,1717,38,665
7784,8,665,50797
38,7784,50797,101
665,38,101,843
50797,665,843,1172
101,50797,1172,4
843,101,4,4937
1172,843,4937,592
4,1172,592,23
4937,4,23,587
592,4937,587,212
23,592,212,16
587,23,16,961
212,587,961,41
16,212,41,1895
961,16,1895,6
41,961,6,2596
1895,41,2596,222
6,1895,222,90
2596,6,90,653
222,2596,653,8
90,222,8,98
653,90,98,5290
8,653,5290,5
98,8,5,665
5290,98,665,1252
5,5290,1252,6
665,5,6,1976
1252,665,1976,5
6,1252,5,980
1976,6,980,101
5,1976,101,40
980,5,40,869
101,980,869,3
40,101,3,2
869,40,2,1314
3,869,1314,3
2,3,3,71637
1314,2,71637,2557
3,1314,2557,8
71637,3,8,139
2557,71637,139,7
8,2557,7,574
139,8,574,5
7,139,5,3693
574,7,3693,665
5,574,665,5290
3693,5,5290,4321
665,3693,4321,18
5290,665,18,47
4321,5290,47,420
18,4321,420,3
47,18,3,1227
420,47,1227,1684
3,420,1684,5
1227,3,5,12003
1684,1227,12003,102
5,1684,102,42
12003,5,42,1175
102,12003,1175,26
42,102,26,49660
1175,42,49660,4
26,1175,4,2032
49660,26,2032,50
4,49660,50,72
2032,4,72,759
50,2032,759,9963
72,50,9963,6
759,72,6,51
9963,759,51,77
6,9963,77,247
51,6,247,2
77,51,2,372
247,77,372,1738
2,247,1738,173
372,2,173,9
1738,372,9,99
173,1738,99,60
9,173,60,6
99,9,6,43
60,99,43,352
6,60,352,2
43,6,2,13801
352,43,13801,338
2,352,338,4
13801,2,4,105
338,13801,105,163
4,338,163,313
105,4,313,210
163,105,210,12
313,163,12,3418
210,313,3418,13997
12,210,13997,36
3418,12,36,5486
13997,3418,5486,665
36,13997,665,5290
5486,36,5290,184
665,5486,184,3
5290,665,3,2950
184,5290,2950,31
3,184,31,763
2950,3,763,665
31,2950,665,66104
763,31,66104,15
665,763,15,587
66104,665,587,212
15,66104,212,1093
587,15,1093,3
212,587,3,123
1093,212,123,61
3,1093,61,1470
123,3,1470,680
61,123,680,76
1470,61,76,1353
680,1470,1353,16
76,680,16,2008
1353,76,2008,422
16,1353,422,212
2008,16,212,34
422,2008,34,800
212,422,800,12187
34,212,12187,4701
800,34,4701,3
12187,800,3,2
4701,12187,2,226
3,4701,226,5924
2,3,5924,175
226,2,175,7713
5924,226,7713,103771
175,5924,103771,35
7713,175,35,73
103771,7713,73,1316
35,103771,1316,18
73,35,18,630
1316,73,630,3
18,1316,3,16
630,18,16,665
3,630,665,5290
16,3,5290,210
665,16,210,5
5290,665,5,5887
210,5290,5887,122
5,210,122,57
5887,5,57,73
122,5887,73,2213
57,122,2213,18
73,57,18,533
2213,73,533,2
18,2213,2,41
533,18,41,2413
2,533,2413,997
41,2,997,82
2413,41,82,3059
997,2413,3059,1251
82,997,1251,5290
3059,82,5290,4
1251,3059,4,12895
5290,1251,12895,141
4,5290,141,42490
12895,4,42490,123
141,12895,123,646
42490,141,646,41
123,42490,41,65
646,123,65,72
41,646,72,229
65,41,229,1470
72,65,1470,903
229,72,903,34
1470,229,34,17
903,1470,17,458
34,903,458,3
17,34,3,3496
458,17,3496,2
3,458,2,6894
3496,3,6894,36
2,3496,36,3706
6894,2,3706,36
36,6894,36,3749
3706,36,3749,9
36,3706,9,38
3749,36,38,4725
9,3749,4725,1292
38,9,1292,23
4725,38,23,123
1292,4725,123,7
23,1292,7,2
123,23,2,11817
7,123,11817,2469
2,7,2469,5
11817,2,5,290
2469,11817,290,6
5,2469,6,157
290,5,157,4217
6,290,4217,82
157,6,82,12
4217,157,12,332
82,4217,332,210
12,82,210,9
332,12,9,87035
210,332,87035,20151
9,210,20151,2
87035,9,2,719
20151,87035,719,2950
2,20151,2950,5
719,2,5,665
2950,719,665,1556
5,2950,1556,13
665,5,13,123
1556,665,123,56
13,1556,56,2
123,13,2,311
56,123,311,585
2,56,585,423
311,2,423,6
585,311,6,5320
423,585,5320,2578
6,423,2578,175
5320,6,175,980
2578,5320,980,101
175,2578,101,4
980,175,4,665
101,980,665,101
4,101,101,11
665,4,11,251
101,665,251,22
11,101,22,997
251,11,997,1556
22,251,1556,4
997,22,4,279
1556,997,279,9
4,1556,9,46870
279,4,46870,658
9,279,658,680
46870,9,680,7
658,46870,7,2
680,658,2,306
7,680,306,1108
2,7,1108,9
306,2,9,399
1108,306,399,1556
9,1108,1556,29
399,9,29,1318
1556,399,1318,3
29,1556,3,2189
1318,29,2189,3
3,1318,3,41596
2189,3,41596,2774
3,2189,2774,34
41596,3,34,392
2774,41596,392,2
34,2774,2,668
392,34,668,39
2,392,39,303
668,2,303,5
39,668,5,255
303,39,255,9
5,303,9,3674
255,5,3674,5
9,255,5,95
3674,9,95,665
5,3674,665,528
95,5,528,4
665,95,4,5403
528,665,5403,31
4,528,31,55
5403,4,55,21
31,5403,21,56992
55,31,56992,1283
21,55,1283,36
56992,21,36,5010
1283,56992,5010,156
36,1283,156,680
5010,36,680,863
156,5010,863,371
680,156,371,20151
863,680,20151,2
371,863,2,1051
20151,371,1051,23
2,20151,23,393
1051,2,393,5
23,1051,5,1117
393,23,1117,391
5,393,391,5
1117,5,5,141
391,1117,141,6
5,391,6,2
141,5,2,24533
6,141,24533,52318
2,6,52318,7
24533,2,7,2520
52318,24533,2520,422
7,52318,422,212
2520,7,212,3
422,2520,3,1283
212,422,1283,2
3,212,2,1387
1283,3,1387,101
2,1283,101,3
1387,2,3,1470
101,1387,1470,680
3,101,680,4
1470,3,4,11
680,1470,11,178
4,680,178,35
11,4,35,121
178,11,121,862
35,178,862,141
121,35,141,6005
862,121,6005,2474
141,862,2474,292
6005,141,292,12
2474,6005,12,1069
292,2474,1069,30458
12,292,30458,11
1069,12,11,68
30458,1069,68,950
11,30458,950,4363
68,11,4363,665
950,68,665,574
4363,950,574,5658
665,4363,5658,141
574,665,141,23
5658,574,23,35
141,5658,35,446
23,141,446,4
35,23,4,11
446,35,11,7
4,446,7,2520
11,4,2520,279
7,11,279,3
2520,7,3,96
279,2520,96,314
3,279,314,6
96,3,6,38
314,96,38,737
6,314,737,8
38,6,8,665
737,38,665,222
8,737,222,4361
665,8,4361,2129
222,665,2129,574
