15,1866,397,147
103,15,147,41
397,103,41,65
147,397,65,1161
41,147,1161,509
65,41,509,3
1161,65,3,93
509,1161,93,19
3,509,19,6
93,3,6,413
19,93,413,673
6,19,673,41
413,6,41,65
673,413,65,1161
41,673,1161,509
65,41,509,6
1161,65,6,39
509,1161,39,249
6,509,249,35
39,6,35,4
249,39,4,557
35,249,557,1161
4,35,1161,509
557,4,509,6
1161,557,6,197
509,1161,197,832
6,509,832,109
197,6,109,35
832,197,35,4
109,832,4,197
35,109,197,832
4,35,832,18
197,4,18,2
832,197,2,1058
18,832,1058,1699
2,18,1699,965
1058,2,965,9
1699,1058,9,9325
965,1699,9325,639
9,965,639,727
9325,9,727,5
639,9325,5,9325
727,639,9325,639
5,727,639,16
9325,5,16,66
639,9325,66,547
16,639,547,36
66,16,36,2018
547,66,2018,4
36,547,4,9325
2018,36,9325,639
4,2018,639,16
9325,4,16,258
639,9325,258,60
16,639,60,2
258,16,2,253
60,258,253,2
2,60,2,57
253,2,57,639
2,253,639,3
57,2,3,17
639,57,17,10914
3,639,10914,51
17,3,51,786
10914,17,786,5
51,10914,5,2
786,51,2,1605
5,786,1605,9
2,5,9,45
1605,2,45,31
9,1605,31,796
45,9,796,645
31,45,645,2
796,31,2,107
645,796,107,3
2,645,3,2
107,2,2,282
3,107,282,290
2,3,290,20
282,2,20,133
290,282,133,545
20,290,545,836
133,20,836,771
545,133,771,800
836,545,800,2
771,836,2,3896
800,771,3896,661
2,800,661,41
3896,2,41,65
661,3896,65,169
41,661,169,70
65,41,70,84
169,65,84,1518
70,169,1518,76
84,70,76,446
1518,84,446,5
76,1518,5,545
446,76,545,836
5,446,836,545
545,5,545,1846
836,545,1846,836
545,836,836,6
1846,545,6,20
836,1846,20,133
6,836,133,84
20,6,84,896
133,20,896,41
84,133,41,65
896,84,65,1814
41,896,1814,4
65,41,4,10
1814,65,10,502
4,1814,502,901
10,4,901,677
502,10,677,1605
901,502,1605,28237
677,901,28237,24542
1605,677,24542,173
28237,1605,173,3
24542,28237,3,2
173,24542,2,39
3,173,39,763
2,3,763,24
39,2,24,1288
763,39,1288,5
24,763,5,645
1288,24,645,656
5,1288,656,4
645,5,4,1330
656,645,1330,54
4,656,54,62
1330,4,62,8
54,1330,8,932
62,54,932,9842
8,62,9842,6234
932,8,6234,84
9842,932,84,2277
6234,9842,2277,15
84,6234,15,6
2277,84,6,836
15,2277,836,2
6,15,2,129
836,6,129,443
2,836,443,24
129,2,24,128
443,129,128,66
24,443,66,678
128,24,678,852
66,128,852,965
678,66,965,678
852,678,678,691
965,852,691,80
678,965,80,875
691,678,875,59
80,691,59,577
875,80,577,5
59,875,5,545
577,59,545,836
5,577,836,7
545,5,7,10531
836,545,10531,6
7,836,6,150
10531,7,150,3823
6,10531,3823,1995
150,6,1995,9
3823,150,9,545
1995,3823,545,836
9,1995,836,154
545,9,154,3
836,545,3,1161
154,836,1161,205
3,154,205,545
1161,3,545,836
205,1161,836,577
545,205,577,443
836,545,443,150
577,836,150,932
443,577,932,852
150,443,852,965
932,150,965,24
852,932,24,3
965,852,3,1161
24,965,1161,509
3,24,509,2620
1161,3,2620,645
509,1161,645,2277
2620,509,2277,2459
645,2620,2459,2807
2277,645,2807,875
2459,2277,875,965
2807,2459,965,29
875,2807,29,2474
965,875,2474,322
29,965,322,19
2474,29,19,225
322,2474,225,4
19,322,4,45
225,19,45,5
4,225,5,1897
45,4,1897,1000
5,45,1000,3
1897,5,3,1496
1000,1897,1496,965
3,1000,965,17144
1496,3,17144,9
965,1496,9,482
17144,965,482,1241
9,17144,1241,70
482,9,70,16
1241,482,16,4860
70,1241,4860,41
16,70,41,253
4860,16,253,3
41,4860,3,123
253,41,123,12
3,253,12,545
123,3,545,836
12,123,836,8
545,12,8,119
836,545,119,70
8,836,70,4
119,8,4,16
70,119,16,41
4,70,41,253
16,4,253,3
41,16,3,155
253,41,155,3
3,253,3,69846
155,3,69846,432
3,155,432,1182
69846,3,1182,225
432,69846,225,4
1182,432,4,45
225,1182,45,5
4,225,5,1897
45,4,1897,16
5,45,16,41
1897,5,41,253
16,1897,253,3
41,16,3,179
253,41,179,6
3,253,6,9325
179,3,9325,3327
6,179,3327,25
9325,6,25,101808
3327,9325,101808,965
25,3327,965,1894
101808,25,1894,104
965,101808,104,151
1894,965,151,5365
104,1894,5365,965
151,104,965,2474
5365,151,2474,7
965,5365,7,68
2474,965,68,2
7,2474,2,1170
68,7,1170,255
2,68,255,161
1170,2,161,9
255,1170,9,545
161,255,545,836
9,161,836,2847
545,9,2847,4
836,545,4,8652
2847,836,8652,639
4,2847,639,2
8652,4,2,2
639,8652,2,668
2,639,668,2
2,2,2,181
668,2,181,383
2,668,383,372
181,2,372,15
383,181,15,2
372,383,2,422
15,372,422,4759
2,15,4759,5
422,2,5,119
4759,422,119,1873
5,4759,1873,156
119,5,156,2
1873,119,2,1447
156,1873,1447,4
2,156,4,294
1447,2,294,1008
4,1447,1008,137
294,4,137,1712
1008,294,1712,6072
137,1008,6072,5
1712,137,5,23
6072,1712,23,183
5,6072,183,60
23,5,60,2333
183,23,2333,4
60,183,4,6459
2333,60,6459,54
4,2333,54,137
6459,4,137,41
54,6459,41,225
137,54,225,4
41,137,4,45
225,41,45,5
4,225,5,1897
45,4,1897,18
5,45,18,3823
1897,5,3823,1712
18,1897,1712,6072
3823,18,6072,5
1712,3823,5,4
6072,1712,4,1161
5,6072,1161,66
4,5,66,5137
1161,4,5137,1058
66,1161,1058,80
5137,66,80,65
1058,5137,65,1349
80,1058,1349,852
65,80,852,965
1349,65,965,9
852,1349,9,2
965,852,2,795
9,965,795,1866
2,9,1866,2474
795,2,2474,6
1866,795,6,4004
2474,1866,4004,4
6,2474,4,57
4004,6,57,4813
4,4004,4813,255
57,4,255,123
4813,57,123,2
255,4813,2,1973
123,255,1973,3737
2,123,3737,9
1973,2,9,332
3737,1973,332,670
9,3737,670,720
332,9,720,3
670,332,3,119
720,670,119,1873
3,720,1873,645
119,3,645,2277
1873,119,2277,15
645,1873,15,1304
2277,645,1304,220
15,2277,220,471
1304,15,471,16
220,1304,16,720
471,220,720,3315
16,471,3315,1499
720,16,1499,16
3315,720,16,720
1499,3315,720,3315
16,1499,3315,220
720,16,220,225
3315,720,225,16
220,3315,16,720
225,220,720,3315
16,225,3315,4
720,16,4,13197
3315,720,13197,16
4,3315,16,720
13197,4,720,3315
6183,198,82,19
39,6183,19,3714
82,39,3714,20093
19,82,20093,2
3714,19,2,166
20093,3714,166,391
2,20093,391,158
166,2,158,6
391,166,6,410
158,391,410,13
6,158,13,956
410,6,956,553
13,410,553,3
956,13,3,431
553,956,431,20831
3,553,20831,19
431,3,19,1716
20831,431,1716,98
19,20831,98,397
1716,19,397,26
98,1716,26,1211
397,98,1211,230
26,397,230,21
1211,26,21,17
230,1211,17,6
21,230,6,391
17,21,391,36
6,17,36,118
391,6,118,2820
36,391,2820,46
118,36,46,211
2820,118,211,17102
46,2820,17102,907
211,46,907,10
17102,211,10,7
907,17102,7,48
10,907,48,177
7,10,177,5
48,7,5,4
177,48,4,32647
5,177,32647,1908
4,5,1908,228
32647,4,228,559
1908,32647,559,1701
228,1908,1701,61
559,228,61,6
1701,559,6,54
61,1701,54,1440
6,61,1440,5
54,6,5,2585
1440,54,2585,826
5,1440,826,410
2585,5,410,16
826,2585,16,956
410,826,956,3
16,410,3,17
956,16,17,12
3,956,12,11724
17,3,11724,9
12,17,9,397
11724,12,397,21
9,11724,21,6
397,9,6,391
21,397,391,4
6,21,4,3
391,6,3,181
4,391,181,81
3,4,81,3
181,3,3,391
81,181,391,158
3,81,158,36
391,3,36,3
158,391,3,176
36,158,176,2
3,36,2,20831
176,3,20831,181
2,176,181,55
20831,2,55,345
181,20831,345,3
55,181,3,2
345,55,2,308
3,345,308,833
2,3,833,19
308,2,19,2498
833,308,2498,5746
19,833,5746,36
2498,19,36,176
5746,2498,176,4
36,5746,4,1679
176,36,1679,1783
4,176,1783,5
1679,4,5,804
1783,1679,804,1014
5,1783,1014,1489
804,5,1489,43724
1014,804,43724,425
1489,1014,425,188
43724,1489,188,5
425,43724,5,2585
188,425,2585,826
5,188,826,391
2585,5,391,847
826,2585,847,7
391,826,7,3
847,391,3,117
7,847,117,141
3,7,141,772
117,3,772,3
141,117,3,308
772,141,308,5
3,772,5,2519
308,3,2519,23152
5,308,23152,1119
2519,5,1119,52
23152,2519,52,104
1119,23152,104,553
52,1119,553,25
104,52,25,251
553,104,251,180
25,553,180,7
251,25,7,18
180,251,18,64
7,180,64,107
18,7,107,5
64,18,5,2419
107,64,2419,37124
5,107,37124,1226
2419,5,1226,437
37124,2419,437,5
1226,37124,5,545
437,1226,545,427
5,437,427,9
545,5,9,391
427,545,391,213
9,427,213,134
391,9,134,1014
213,391,1014,1489
134,213,1489,25
1014,134,25,52
1489,1014,52,10
25,1489,10,2
52,25,2,25621
10,52,25621,2713
2,10,2713,17
25621,2,17,2
2713,25621,2,25621
17,2713,25621,2713
2,17,2713,72
25621,2,72,251
2713,25621,251,180
72,2713,180,4
251,72,4,329
180,251,329,180
4,180,180,833
329,4,833,56
180,329,56,743
833,180,743,1226
56,833,1226,1235
743,56,1235,8
1226,743,8,17102
1235,1226,17102,397
8,1235,397,55
17102,8,55,17
397,17102,17,6446
55,397,6446,9
17,55,9,23152
6446,17,23152,29
9,6446,29,956
23152,9,956,553
29,23152,553,3
956,29,3,181
553,956,181,81
3,553,81,25
181,3,25,391
81,181,391,874
25,81,874,55
391,25,55,1773
874,391,1773,1119
55,874,1119,543
1773,55,543,34
1119,1773,34,137
543,1119,137,81
34,543,81,231
137,34,231,879
81,137,879,4
231,81,4,26
879,231,26,113
4,879,113,3956
26,4,3956,26
113,26,26,219
3956,113,219,21
26,3956,21,118
219,26,118,2820
21,219,2820,100
118,21,100,1119
2820,118,1119,543
100,2820,543,7
1119,100,7,101
543,1119,101,1226
7,543,1226,28
101,7,28,308
1226,101,308,391
28,1226,391,605
308,28,605,441
391,308,441,1648
605,391,1648,702
441,605,702,26383
1648,441,26383,5882
702,1648,5882,481
26383,702,481,1226
5882,26383,1226,4
481,5882,4,2585
1226,481,2585,826
4,1226,826,10419
2585,4,10419,254
826,2585,254,8
10419,826,8,122
254,10419,122,20831
8,254,20831,7
122,8,7,2
20831,122,2,255
7,20831,255,37186
2,7,37186,121
255,2,121,21
37186,255,21,17
121,37186,17,1943
21,121,1943,112
17,21,112,304
1943,17,304,835
112,1943,835,8
304,112,8,597
835,304,597,121
8,835,121,181
597,8,181,397
121,597,397,26
181,121,26,113
397,181,113,16
26,397,16,118
113,26,118,2820
16,113,2820,750
118,16,750,599
2820,118,599,6
750,2820,6,67
599,750,67,737
6,599,737,20
67,6,20,7
737,67,7,2
20,737,2,2424
7,20,2424,1031
2,7,1031,4
2424,2,4,34
1031,2424,34,12605
4,1031,12605,2
34,4,2,2212
12605,34,2212,5
2,12605,5,3760
2212,2,3760,4
5,2212,4,4540
3760,5,4540,102
4,3760,102,37186
4540,4,37186,6
102,4540,6,543
37186,102,543,5882
6,37186,5882,481
543,6,481,3
5882,543,3,1226
481,5882,1226,75
3,481,75,2
1226,3,2,804
75,1226,804,796
2,75,796,49
804,2,49,12
796,804,12,1014
49,796,1014,4
12,49,4,3340
1014,12,3340,3
4,1014,3,37146
3340,4,37146,3150
3,3340,3150,4294
37146,3,4294,198
3150,37146,198,6183
4294,3150,6183,39
181,39,114,18
346,181,18,64
114,346,64,354
18,114,354,62
64,18,62,2104
354,64,2104,26
62,354,26,1192
2104,62,1192,3
26,2104,3,17
1192,26,17,37
3,1192,37,476
17,3,476,2564
37,17,2564,349
476,37,349,10745
2564,476,10745,139
349,2564,139,5336
10745,349,5336,356
139,10745,356,5336
5336,139,5336,85
356,5336,85,197
5336,356,197,46
85,5336,46,254
197,85,254,8
46,197,8,23
254,46,23,20
8,254,20,173
23,8,173,26
20,23,26,50
173,20,50,72
26,173,72,470
50,26,470,38
72,50,38,325
470,72,325,8439
38,470,8439,23
325,38,23,62
8439,325,62,26
23,8439,26,121
62,23,121,4099
26,62,4099,3
121,26,3,332
4099,121,332,39
3,4099,39,954
332,3,954,8
39,332,8,1362
954,39,1362,37
8,954,37,127
1362,8,127,287
37,1362,287,114
127,37,114,409
287,127,409,133
114,287,133,2011
409,114,2011,473
133,409,473,26
2011,133,26,13
473,2011,13,64
26,473,64,5001
13,26,5001,62
64,13,62,2104
5001,64,2104,26
62,5001,26,16
2104,62,16,1192
26,2104,1192,3
16,26,3,17
1192,16,17,37
3,1192,37,476
17,3,476,2564
37,17,2564,10
476,37,10,313
2564,476,313,73
10,2564,73,53
313,10,53,2
73,313,2,39
53,73,39,1856
2,53,1856,8
39,2,8,154
1856,39,154,56
8,1856,56,332
154,8,332,44
56,154,44,37
332,56,37,27
44,332,27,36
37,44,36,78
27,37,78,4
36,27,4,3
78,36,3,17
4,78,17,1888
3,4,1888,7
17,3,7,77
1888,17,77,80
7,1888,80,870
77,7,870,3
80,77,3,468
870,80,468,33
3,870,33,54
468,3,54,42
33,468,42,7
54,33,7,121
42,54,121,72
7,42,72,3978
121,7,3978,130
72,121,130,573
3978,72,573,23
130,3978,23,4
573,130,4,54
23,573,54,42
4,23,42,16
54,4,16,1155
42,54,1155,340
16,42,340,502
1155,16,502,773
340,1155,773,61
502,340,61,37
773,502,37,28
61,773,28,31368
37,61,31368,21260
28,37,21260,114
31368,28,114,4629
21260,31368,4629,106182
114,21260,106182,31
4629,114,31,383
106182,4629,383,8
31,106182,8,175
383,31,175,264
8,383,264,1414
175,8,1414,39
264,175,39,3152
1414,264,3152,11
39,1414,11,495
3152,39,495,37
11,3152,37,221
495,11,221,3576
37,495,3576,4
221,37,4,291
3576,221,291,79
4,3576,79,32
291,4,32,125
79,291,125,72
32,79,72,44
125,32,44,805
72,125,805,5
44,72,5,85
805,44,85,4
5,805,4,6310
85,5,6310,5
4,85,5,17836
6310,4,17836,259
5,6310,259,24
17836,5,24,542
259,17836,542,12
24,259,12,558
542,24,558,2045
12,542,2045,23
558,12,23,536
2045,558,536,135
23,2045,135,94
536,23,94,36
135,536,36,221
94,135,221,437
36,94,437,10
221,36,10,14
437,221,14,490
10,437,490,362
14,10,362,3
490,14,3,468
362,490,468,54
3,362,54,210
468,3,210,3
54,468,3,340
210,54,340,17
3,210,17,12279
340,3,12279,455
17,340,455,329
12279,17,329,1074
455,12279,1074,62
329,455,62,1758
1074,329,1758,3
62,1074,3,93
1758,62,93,7
3,1758,7,1047
93,3,1047,73
7,93,73,10
1047,7,10,14
73,1047,14,1049
10,73,1049,314
14,10,314,8
1049,14,8,7
314,1049,7,121
8,314,121,17
7,8,17,687
121,7,687,23
17,121,23,27
687,17,27,9
23,687,9,51
27,23,51,11
9,27,11,28
51,9,28,12
11,51,12,8
28,11,8,3017
12,28,3017,4
8,12,4,23
3017,8,23,78
4,3017,78,9
23,4,9,1222
78,23,1222,444
9,78,444,401
1222,9,401,1139
444,1222,1139,382
401,444,382,148
1139,401,148,65
382,1139,65,11
148,382,11,14
65,148,14,1222
11,65,1222,43
14,11,43,29
1222,14,29,51
43,1222,51,37
29,43,37,48
51,29,48,8
37,51,8,32
48,37,32,479
8,48,479,1781
32,8,1781,121
479,32,121,7
1781,479,7,17
121,1781,17,4237
7,121,4237,36
17,7,36,72
4237,17,72,329
36,4237,329,8
72,36,8,659
329,72,659,7
8,329,7,1139
659,8,1139,182
7,659,182,74
1139,7,74,164
182,1139,164,23
74,182,23,310
164,74,310,60
23,164,60,226
310,23,226,1606
60,310,1606,13
226,60,13,2426
1606,226,2426,12
13,1606,12,118
2426,13,118,1139
12,2426,1139,16666
118,12,16666,3
1139,118,3,622
16666,1139,622,24
3,16666,24,164
622,3,164,12
24,622,12,56
164,24,56,336
12,164,336,20
56,12,20,460
336,56,460,527
20,336,527,61
460,20,61,9
527,460,9,6043
61,527,6043,3193
9,61,3193,276
6043,9,276,112
3193,6043,112,4671
276,3193,4671,4784
112,276,4784,271
4671,112,271,3
4784,4671,3,25
271,4784,25,814
3,271,814,1676
1893,58,150,440
38,1893,440,164
150,38,164,473
440,150,473,330
164,440,330,19
473,164,19,20992
330,473,20992,5152
19,330,5152,167
20992,19,167,12
5152,20992,12,78
167,5152,78,32
12,167,32,79
78,12,79,8513
32,78,8513,3
79,32,3,138
8513,79,138,27
3,8513,27,5944
138,3,5944,1594
27,138,1594,4
5944,27,4,6756
1594,5944,6756,3
4,1594,3,17
6756,4,17,5485
3,6756,5485,6
17,3,6,322
5485,17,322,5
6,5485,5,430
322,6,430,167
5,322,167,12
430,5,12,1860
167,430,1860,4
12,167,4,231
1860,12,231,106815
4,1860,106815,58
231,4,58,150
106815,231,150,440
58,106815,440,295
150,58,295,198
440,150,198,3
295,440,3,2
198,295,2,4653
3,198,4653,483
2,3,483,87
4653,2,87,5
483,4653,5,4
87,483,4,1921
5,87,1921,6652
4,5,6652,18458
1921,4,18458,27
6652,1921,27,146
18458,6652,146,2
27,18458,2,25884
146,27,25884,8985
2,146,8985,12
25884,2,12,440
8985,25884,440,695
12,8985,695,3
440,12,3,1872
695,440,1872,22
3,695,22,872
1872,3,872,3801
22,1872,3801,650
872,22,650,381
3801,872,381,14
650,3801,14,2
381,650,2,2891
14,381,2891,5
2,14,5,4
2891,2,4,1704
5,2891,1704,10416
4,5,10416,35739
1704,4,35739,18
10416,1704,18,47
35739,10416,47,15
18,35739,15,138
47,18,138,9
15,47,9,66
138,15,66,4
9,138,4,7
66,9,7,18
4,66,18,47
7,4,47,1471
18,7,1471,5
47,18,5,22
1471,47,22,552
5,1471,552,9
