1748,14,4,1619
19,1748,1619,2679
4,19,2679,3463
1619,4,3463,4737
2679,1619,4737,15
3463,2679,15,8
4737,3463,8,339
15,4737,339,2296
8,15,2296,4
339,8,4,6965
2296,339,6965,1376
4,2296,1376,228
6965,4,228,10466
1376,6965,10466,2
228,1376,2,11
10466,228,11,1872
2,10466,1872,1313
11,2,1313,12
1872,11,12,339
1313,1872,339,24
12,1313,24,16450
339,12,16450,3
24,339,3,1575
16450,24,1575,19
3,16450,19,211
1575,3,211,2
19,1575,2,2889
211,19,2889,228
2,211,228,4023
2889,2,4023,1575
228,2889,1575,120
4023,228,120,7
1575,4023,7,130
120,1575,130,2
7,120,2,2679
130,7,2679,49572
2,130,49572,18
2679,2,18,2
49572,2679,2,41
18,49572,41,13525
2,18,13525,234
41,2,234,12
13525,41,12,62
234,13525,62,1081
12,234,1081,808
62,12,808,400
1081,62,400,80
808,1081,80,52
400,808,52,30
80,400,30,16280
52,80,16280,643
30,52,643,1880
16280,30,1880,1230
643,16280,1230,234
1880,643,234,23
1230,1880,23,62
234,1230,62,3058
23,234,3058,1395
62,23,1395,4483
3058,62,4483,472
1395,3058,472,5
4483,1395,5,947
472,4483,947,99
5,472,99,28
947,5,28,1310
99,947,1310,9
28,99,9,2
1310,28,2,1015
9,1310,1015,75
2,9,75,1532
1015,2,1532,51811
75,1015,51811,73735
1532,75,73735,5
51811,1532,5,3339
73735,51811,3339,573
5,73735,573,4
3339,5,4,322
573,3339,322,2882
4,573,2882,3
322,4,3,6273
2882,322,6273,56928
3,2882,56928,692
6273,3,692,1395
56928,6273,1395,36
692,56928,36,44836
1395,692,44836,1568
36,1395,1568,1395
44836,36,1395,319
1568,44836,319,2869
1395,1568,2869,231
319,1395,231,1376
2869,319,1376,2149
231,2869,2149,2
1376,231,2,1474
2149,1376,1474,234
2,2149,234,21
1474,2,21,3
234,1474,3,11652
21,234,11652,9432
3,21,9432,43293
11652,3,43293,859
9432,11652,859,5717
43293,9432,5717,4
859,43293,4,48723
5717,859,48723,1576
4,5717,1576,34114
48723,4,34114,67
1576,48723,67,1070
34114,1576,1070,2
67,34114,2,149
1070,67,149,2
2,1070,2,33081
149,2,33081,13567
2,149,13567,203
33081,2,203,1376
13567,33081,1376,1070
203,13567,1070,78831
1376,203,78831,2
1070,1376,2,182
78831,1070,182,73
2,78831,73,5644
182,2,5644,668
73,182,668,339
5644,73,339,234
668,5644,234,73
339,668,73,2
234,339,2,695
73,234,695,42
2,73,42,824
695,2,824,4
42,695,4,5947
824,42,5947,18
4,824,18,72
5947,4,72,91
18,5947,91,2
72,18,2,19119
91,72,19119,1745
2,91,1745,9
19119,2,9,38
1745,19119,38,865
9,1745,865,1709
38,9,1709,2
865,38,2,977
1709,865,977,2481
2,1709,2481,23
977,2,23,124
2481,977,124,672
23,2481,672,883
124,23,883,797
672,124,797,1296
883,672,1296,12
797,883,12,501
1296,797,501,91747
12,1296,91747,3089
501,12,3089,6
91747,501,6,38
3089,91747,38,1391
6,3089,1391,13257
38,6,13257,60
1391,38,60,394
13257,1391,394,1376
60,13257,1376,14
394,60,14,398
1376,394,398,2
14,1376,2,5513
398,14,5513,54
2,398,54,599
5513,2,599,25
54,5513,25,1198
599,54,1198,180
25,599,180,285
1198,25,285,10
180,1198,10,1671
285,180,1671,10466
10,285,10466,4
1671,10,4,146
10466,1671,146,190
4,10466,190,97866
146,4,97866,1089
190,146,1089,54
97866,190,54,14
1089,97866,14,140
54,1089,140,758
14,54,758,19
140,14,19,76
758,140,76,4794
19,758,4794,93017
76,19,93017,791
4794,76,791,491
93017,4794,491,124
791,93017,124,797
491,791,797,4
124,491,4,152
797,124,152,843
4,797,843,12
152,4,12,22
843,152,22,672
12,843,672,1128
22,12,1128,49582
672,22,49582,10
1128,672,10,9477
49582,1128,9477,29
10,49582,29,152
9477,10,152,843
29,9477,843,101540
152,29,101540,4023
843,152,4023,13
101540,843,13,86
4023,101540,86,259
13,4023,259,555
86,13,555,3
259,86,3,166
555,259,166,4
3,555,4,99
166,3,99,5
4,166,5,81
99,4,81,7
5,99,7,2
81,5,2,1089
7,81,1089,5
2,7,5,2
1089,2,2,4082
5,1089,4082,489
2,5,489,19
4082,2,19,7549
489,4082,7549,258
19,489,258,128
7549,19,128,16
258,7549,16,22946
128,258,22946,5
16,128,5,8930
22946,16,8930,10466
5,22946,10466,3706
8930,5,3706,4271
10466,8930,4271,11
3706,10466,11,2331
4271,3706,2331,9
11,4271,9,22
2331,11,22,1089
9,2331,1089,397
22,9,397,5
1089,22,5,278
397,1089,278,4
5,397,4,263
278,5,263,959
4,278,959,43
263,4,43,2216
959,263,2216,1567
43,959,1567,209
2216,43,209,338
1567,2216,338,152
209,1567,152,641
338,209,641,73
152,338,73,8
641,152,8,16
73,641,16,392
8,73,392,19
16,8,19,701
392,16,701,797
19,392,797,15
701,19,15,72
797,701,72,42
15,797,42,2265
72,15,2265,46
42,72,46,3
2265,42,3,1798
46,2265,1798,1176
3,46,1176,1089
1798,3,1089,4
1176,1798,4,339
1089,1176,339,51509
4,1089,51509,204
339,4,204,9
51509,339,9,4023
204,51509,4023,3643
9,204,3643,512
4023,9,512,102
3643,4023,102,604
512,3643,604,45
102,512,45,2679
5,99,1237,3801
48,5,3801,11
1237,48,11,14
3801,1237,14,72
11,3801,72,424
14,11,424,3
72,14,3,25
424,72,25,49
3,424,49,177
25,3,177,4
49,25,4,93
177,49,93,1239
4,177,1239,56
93,4,56,5
1239,93,5,53
56,1239,53,11
5,56,11,13691
53,5,13691,21
11,53,21,2
13691,11,2,357
21,13691,357,24
2,21,24,5921
357,2,5921,1848
24,357,1848,59
5921,24,59,3110
1848,5921,3110,19
59,1848,19,8910
3110,59,8910,357
19,3110,357,46
8910,19,46,73
357,8910,73,59
46,357,59,6679
73,46,6679,324
59,73,324,56
6679,59,56,2
324,6679,2,27281
56,324,27281,3956
2,56,3956,26
27281,2,26,219
3956,27281,219,72687
26,3956,72687,5
219,26,5,48
72687,219,48,62
5,72687,62,1239
48,5,1239,115
62,48,115,20
1239,62,20,80
115,1239,80,505
20,115,505,790
80,20,790,339
505,80,339,5
790,505,5,3801
339,790,3801,4
5,339,4,2712
3801,5,2712,71
4,3801,71,43138
2712,4,43138,993
71,2712,993,332
43138,71,332,57
993,43138,57,4
332,993,4,33
57,332,33,93
4,57,93,2
33,4,2,448
93,33,448,5
2,93,5,62
448,2,62,13526
5,448,13526,4107
62,5,4107,14
13526,62,14,4
4107,13526,4,62
14,4107,62,89217
4,14,89217,20
62,4,20,27557
89217,62,27557,7
20,89217,7,52
27557,20,52,480
7,27557,480,481
52,7,481,381
480,52,381,9
481,480,9,3801
381,481,3801,62
9,381,62,7
3801,9,7,8
62,3801,8,417
7,62,417,93
8,7,93,1900
417,8,1900,4
93,417,4,52
1900,93,52,3801
4,1900,3801,481
52,4,481,10
3801,52,10,1313
481,3801,1313,31
10,481,31,329
1313,10,329,8
31,1313,8,505
329,31,505,328
8,329,328,9
505,8,9,99
328,505,99,7901
9,328,7901,4
99,9,4,99
7901,99,99,5972
4,7901,5972,25
99,4,25,21
5972,99,21,1306
25,5972,1306,112
21,25,112,83
1306,21,83,43755
112,1306,43755,187
83,112,187,33
43755,83,33,2941
187,43755,2941,10
33,187,10,7
2941,33,7,1876
10,2941,1876,3
7,10,3,80666
1876,7,80666,17456
3,1876,17456,11618
80666,3,11618,46
17456,80666,46,8
11618,17456,8,3801
46,11618,3801,3822
8,46,3822,76
3801,8,76,5128
3822,3801,5128,56
76,3822,56,5
5128,76,5,2712
56,5128,2712,71
5,56,71,440
2712,5,440,381
71,2712,381,10
440,71,10,7
381,440,7,2
10,381,2,372
7,10,372,6412
2,7,6412,3
372,2,3,27
6412,372,27,69
3,6412,69,4
27,3,4,261
69,27,261,967
4,69,967,3
261,4,3,3801
967,261,3801,8
3,967,8,28
3801,3,28,329
8,3801,329,21
28,8,21,5956
329,28,5956,10
21,329,10,2180
5956,21,2180,1544
10,5956,1544,6
2180,10,6,39
1544,2180,39,1790
6,1544,1790,2628
39,6,2628,27422
1790,39,27422,228
2628,1790,228,10
27422,2628,10,3053
228,27422,3053,47132
10,228,47132,313
3053,10,313,74
47132,3053,74,172
313,47132,172,10
74,313,10,21730
172,74,21730,5509
10,172,5509,101
21730,10,101,84
5509,21730,84,6
101,5509,6,509
84,101,509,10
6,84,10,635
509,6,635,50595
10,509,50595,954
635,10,954,13
50595,635,13,2
954,50595,2,24669
13,954,24669,1375
2,13,1375,954
24669,2,954,2075
1375,24669,2075,33
954,1375,33,3257
2075,954,3257,4
33,2075,4,319
3257,33,319,5233
4,3257,5233,3257
319,4,3257,275
5233,319,275,718
3257,5233,718,93
275,3257,93,4270
718,275,4270,1487
93,718,1487,4
4270,93,4,296
1487,4270,296,56
4,1487,56,5
296,4,5,1276
56,296,1276,6
5,56,6,2
1276,5,2,44
6,1276,44,7
2,6,7,113
44,2,113,3801
7,44,3801,7
113,7,7,5
3801,113,5,2966
7,3801,2966,86979
5,7,86979,2075
2966,5,2075,33
86979,2966,33,3257
2075,86979,3257,2
33,2075,2,954
3257,33,954,147
2,3257,147,3
954,2,3,1652
147,954,1652,271
3,147,271,8631
1652,3,8631,13171
271,1652,13171,20
8631,271,20,14
13171,8631,14,8
20,13171,8,273
14,20,273,2
8,14,2,224
273,8,224,11
2,273,11,138
224,2,138,872
11,224,872,21
138,11,21,138
872,138,138,3
21,872,3,319
138,21,319,5233
3,138,5233,3257
319,3,3257,2
5233,319,2,954
3257,5233,954,147
2,3257,147,3
954,2,3,18
147,954,18,4
3,147,4,1735
18,3,1735,4012
4,18,4012,20
1735,4,20,7
4012,1735,7,8
20,4012,8,1735
7,20,1735,36
8,7,36,4633
1735,8,4633,194
36,1735,194,5
4633,36,5,62
194,4633,62,20
5,194,20,11170
62,5,11170,721
20,62,721,7
11170,20,7,1155
721,11170,1155,2
7,721,2,460
1155,7,460,29
2,1155,29,21
460,2,21,2
29,460,2,182
21,29,182,5
2,21,5,100107
182,2,100107,20
5,182,20,15
100107,5,15,954
20,100107,954,5
15,20,5,18157
954,15,18157,27
5,954,27,69
18157,5,69,1286
27,18157,1286,5884
69,27,5884,3589
1286,69,3589,31
5884,1286,31,1992
3589,5884,1992,12373
31,3589,12373,2
1992,31,2,1434
12373,1992,1434,523
2,12373,523,1060
1434,2,1060,6
523,1434,6,2
1060,523,2,14177
6,1060,14177,2624
2,6,2624,8
14177,2,8,1296
2624,14177,1296,110
8,2624,110,4
1296,8,4,110
110,1296,110,87
4,110,87,1674
110,4,1674,50
87,110,50,131
1674,87,131,13171
50,1674,13171,1137
131,50,1137,4
13171,131,4,4012
1137,13171,4012,14
4,1137,14,1735
4012,4,1735,7
14,4012,7,11
1735,14,11,245
7,1735,245,25
11,7,25,10
245,11,10,2
25,245,2,897
10,25,897,207
2,10,207,903
897,2,903,5
207,897,5,44
903,207,44,36
5,903,36,25
44,5,25,10
36,44,10,819
25,36,819,2
10,25,2,39
819,10,39,339
2,819,339,1362
39,2,1362,10
339,39,10,14
1362,339,14,4
10,1362,4,3665
14,10,3665,4561
4,14,4561,53416
3665,4,53416,7
4561,3665,7,42
53416,4561,42,5
7,53416,5,95
42,7,95,6
5,42,6,8
95,5,8,6745
6,95,6745,797
8,6,797,29
6745,8,29,21
797,6745,21,629
29,797,629,36
21,29,36,38
629,21,38,7253
36,629,7253,6
38,36,6,59
7253,38,59,438
6,7253,438,9
59,6,9,63
438,59,63,1140
9,438,1140,927
63,9,927,25883
1140,63,25883,1424
927,1140,1424,3011
25883,927,3011,24
1424,25883,24,5317
3011,1424,5317,97
24,3011,97,629
5317,24,629,7079
97,5317,7079,76490
629,97,76490,54
7079,629,54,146
76490,7079,146,9
54,76490,9,8822
146,54,8822,1203
9,146,1203,6
8822,9,6,617
1203,8822,617,71
6,1203,71,3822
617,6,3822,3011
71,617,3011,24
3822,71,24,2170
3011,3822,2170,20766
24,3011,20766,21720
2170,24,21720,3065
20766,2170,3065,2
21720,20766,2,7773
3065,21720,7773,8
2,3065,8,71
7773,2,71,13228
8,7773,13228,19324
71,8,19324,351
13228,71,351,19
19324,13228,19,254
351,19324,254,3065
19,351,3065,13
254,19,13,1094
3065,254,1094,368
13,3065,368,87
1094,13,87,5
368,1094,5,103
87,368,103,471
5,87,471,336
103,5,336,3856
471,103,3856,161
336,471,161,471
3856,336,471,7
161,3856,7,3264
471,161,3264,6
7,471,6,241
3264,7,241,96688
6,3264,96688,20
241,6,20,34
96688,241,34,1072
20,96688,1072,27
34,20,27,2
1072,34,2,334
27,1072,334,29
2,27,29,21
334,2,21,136
29,334,136,40570
21,29,40570,7
136,21,7,470
40570,136,470,236
7,40570,236,6
470,7,6,10642
236,470,10642,21
6,236,21,6
10642,6,6,157
21,10642,157,852
6,21,852,968
157,6,968,10
852,157,10,4054
968,852,4054,29
10,968,29,10
4054,10,10,671
29,4054,671,79
10,29,79,64
671,10,64,20553
79,671,20553,2222
64,79,2222,1530
20553,64,1530,8
2222,20553,8,27
1530,2222,27,69
8,1530,69,7
27,8,7,19408
69,27,19408,4
7,69,4,4653
19408,7,4653,6
4,19408,6,10
4653,4,10,559
6,4653,559,7
10,6,7,508
559,10,508,3
7,559,3,105
508,7,105,23868
3,508,23868,29
105,3,29,21
23868,105,21,2100
29,23868,2100,166
21,29,166,2944
2100,21,2944,30
166,2100,30,17
2944,166,17,2251
30,2944,2251,37
17,30,37,76
2251,17,76,57
37,2251,57,22491
76,37,22491,4
57,76,4,107
22491,57,107,148
4,22491,148,16
107,4,16,110
148,107,110,30
16,148,30,18
110,16,18,41
30,110,41,65
18,30,65,2
41,18,2,281
65,41,281,3
2,65,3,1386
281,2,1386,24
599,99,2,736
7,599,736,3271
2,7,3271,24
736,2,24,966
3271,736,966,310
24,3271,310,4
966,24,4,1472
310,966,1472,105
4,310,105,1882
1472,4,1882,12
105,1472,12,44
1882,105,44,88
12,1882,88,344
44,12,344,105
88,44,105,1030
344,88,1030,4
105,344,4,206
1030,105,206,26
4,1030,26,80135
206,4,80135,4049
26,206,4049,115
80135,26,115,4804
4049,80135,4804,1485
115,4049,1485,237
4804,115,237,942
1485,4804,942,31270
237,1485,31270,64
942,237,64,13140
31270,942,13140,6
64,31270,6,3597
13140,64,3597,8
6,13140,8,78
3597,6,78,55818
8,3597,55818,27
78,8,27,127
55818,78,127,237
27,55818,237,13
127,27,13,47
237,127,47,13638
13,237,13638,30
47,13,30,821
13638,47,821,2185
30,13638,2185,803
821,30,803,48
2185,821,48,5
803,2185,5,16116
48,803,16116,532
5,48,532,1501
16116,5,1501,3522
532,16116,3522,781
1501,532,781,1726
3522,1501,1726,657
781,3522,657,656
1726,781,656,2464
657,1726,2464,339
656,657,339,9155
2464,656,9155,7068
339,2464,7068,27
9155,339,27,1134
7068,9155,1134,3
27,7068,3,1231
1134,27,1231,4851
3,1134,4851,5
1231,3,5,3081
4851,1231,3081,8958
5,4851,8958,4
3081,5,4,185
8958,3081,185,48
4,8958,48,5
185,4,5,81
48,185,81,640
5,48,640,81
81,5,81,48
640,81,48,301
81,640,301,237
48,81,237,13
301,48,13,47
237,301,47,4804
13,237,4804,1485
47,13,1485,72
4804,47,72,234
1485,4804,234,23
72,1485,23,150
234,72,150,16242
23,234,16242,199
150,23,199,217
16242,150,217,170
199,16242,170,2202
217,199,2202,115
170,217,115,8
2202,170,8,3356
115,2202,3356,160
8,115,160,75
3356,8,75,221
160,3356,221,437
75,160,437,892
221,75,892,530
437,221,530,4049
892,437,4049,466
530,892,466,8
4049,530,8,22
466,4049,22,528
8,466,528,1410
22,8,1410,5
528,22,5,2122
1410,528,2122,5
5,1410,5,39
2122,5,39,125
5,2122,125,8
39,5,8,477
125,39,477,5033
8,125,5033,3
477,8,3,10
5033,477,10,1011
3,5033,1011,291
10,3,291,79
1011,10,79,32
291,1011,32,125
79,291,125,1031
32,79,1031,42
125,32,42,42
1031,125,42,435
42,1031,435,987
42,42,987,30
435,42,30,821
987,435,821,388
30,987,388,25
821,30,25,239
388,821,239,835
25,388,835,8
239,25,8,114
835,239,114,469
8,835,469,6
114,8,6,38
469,114,38,1177
6,469,1177,2734
38,6,2734,184
1177,38,184,3
2734,1177,3,20
184,2734,20,1180
3,184,1180,197
20,3,197,4673
1180,20,4673,199
197,1180,199,5
4673,197,5,114
199,4673,114,28
5,199,28,221
114,5,221,937
28,114,937,96
221,28,96,64
937,221,64,841
96,937,841,4
64,96,4,223
841,64,223,31
4,841,31,44
223,4,44,10
31,223,10,96
44,31,96,81
10,44,81,186
96,10,186,253
81,96,253,3
186,81,3,142
253,186,142,32
3,253,32,95
142,3,95,114
32,142,114,16
95,32,16,5365
114,95,5365,58
16,114,58,4
5365,16,4,17049
58,5365,17049,679
4,58,679,51
17049,4,51,41
679,17049,41,91003
51,679,91003,199
41,51,199,30
91003,41,30,821
199,91003,821,388
30,199,388,164
821,30,164,4
388,821,4,164
164,388,164,18
4,164,18,245
164,4,245,9638
18,164,9638,23
245,18,23,275
9638,245,275,21
23,9638,21,321
275,23,321,12
21,275,12,57
321,21,57,435
12,321,435,10
57,12,10,13
435,57,13,208
10,435,208,47
13,10,47,2
208,13,2,1280
47,208,1280,9
2,47,9,32
1280,2,32,1075
9,1280,1075,20
32,9,20,478
1075,32,478,127
20,1075,127,237
478,20,237,59
127,478,59,744
237,127,744,13
59,237,13,47
744,59,47,12
13,744,12,49
47,13,49,613
12,47,613,12
49,12,12,1073
613,49,1073,5
12,613,5,125
1073,12,125,1038
5,1073,1038,44
125,5,44,3
1038,125,3,155
44,1038,155,174
3,44,174,759
155,3,759,974
174,155,974,6
759,174,6,530
974,759,530,103483
6,974,103483,164
530,6,164,16
103483,530,16,48
164,103483,48,5
16,164,5,759
48,16,759,974
5,48,974,6
759,5,6,530
974,759,530,1066
6,974,1066,221
530,6,221,2561
1066,530,2561,2
221,1066,2,2425
2561,221,2425,3
2,2561,3,1273
2425,2,1273,125
3,2425,125,960
1273,3,960,3
125,1273,3,2109
960,125,2109,5
3,960,5,78
2109,3,78,32
5,2109,32,432
78,5,432,783
32,78,783,8
432,32,8,50
783,432,50,1588
8,783,1588,12
