393,3047,824,5
4,393,5,8542
824,4,8542,406
5,824,406,5
8542,5,5,3484
406,8542,3484,63074
151,2,3758,471
5,151,471,514
3758,5,514,17211
471,3758,17211,9
514,471,9,99
17211,514,99,60
9,17211,60,69939
99,9,69939,1061
60,99,1061,19
69939,60,19,11451
1061,69939,11451,14767
19,1061,14767,12
11451,19,12,1029
14767,11451,1029,109
12,14767,109,2656
1029,12,2656,14988
109,1029,14988,880
2656,109,880,2300
14988,2656,2300,21
880,14988,21,597
2300,880,597,7
21,2300,7,2
597,21,2,1162
7,597,1162,1998
2,7,1998,4
1162,2,4,21
1998,1162,21,597
4,1998,597,346
21,4,346,17211
597,21,17211,15655
346,597,15655,7
17211,346,7,12479
15655,17211,12479,7
7,15655,7,380
12479,7,380,445
7,12479,445,47
380,7,47,2
445,380,2,1736
47,445,1736,417
2,47,417,340
1736,2,340,29
417,1736,29,6
340,417,6,264
29,340,264,66
6,29,66,7
264,6,7,380
66,264,380,247
7,66,247,131
380,7,131,4996
247,380,4996,3
131,247,3,130
4996,131,130,15655
3,4996,15655,1162
130,3,1162,196
15655,130,196,6
1162,15655,6,20
196,1162,20,339
6,196,339,2
20,6,2,151
339,20,151,5
2,339,5,273
151,2,273,21384
5,151,21384,756
273,5,756,2745
21384,273,2745,2
756,21384,2,15913
2745,756,15913,1162
2,2745,1162,2262
15913,2,2262,5755
1162,15913,5755,4
2262,1162,4,50
5755,2262,50,398
4,5755,398,924
50,4,924,3
398,50,3,671
924,398,671,15
3,924,15,17211
671,3,17211,26
15,671,26,50
17211,15,50,3758
26,17211,3758,29
50,26,29,33
3758,50,33,55
29,3758,55,946
33,29,946,137
55,33,137,62
946,55,62,26
137,946,26,5857
62,137,5857,20
26,62,20,7
5857,26,7,13320
20,5857,13320,329
7,20,329,43
13320,7,43,116
329,13320,116,112
43,329,112,486
116,43,486,23
112,116,23,521
486,112,521,157
23,486,157,558
521,23,558,1128
157,521,1128,527
558,157,527,61
1128,558,61,9
527,1128,9,67
61,527,67,361
9,61,361,814
67,9,814,3193
361,67,3193,3
814,361,3,495
3193,814,495,41
3,3193,41,306
495,3,306,1030
41,495,1030,73
306,41,73,20
1030,306,20,42
73,1030,42,11451
20,73,11451,14767
42,20,14767,7
11451,42,7,1835
14767,11451,1835,4
7,14767,4,7294
1835,7,7294,5
4,1835,5,521
7294,4,521,157
5,7294,157,4
521,5,4,11084
157,521,11084,232
4,157,232,5
11084,4,5,751
232,11084,751,274
5,232,274,11
751,5,11,13
274,751,13,757
11,274,757,88
13,11,88,5
757,13,5,49
88,757,49,1433
5,88,1433,2830
49,5,2830,400
1433,49,400,15
2830,1433,15,275
400,2830,275,5
15,400,5,104
275,15,104,4
5,275,4,5826
104,5,5826,4
4,104,4,6044
5826,4,6044,684
4,5826,684,11
6044,4,11,4277
684,6044,4277,37
11,684,37,38
4277,11,38,1151
37,4277,1151,3
38,37,3,942
1151,38,942,12
3,1151,12,172
942,3,172,5
12,942,5,1597
172,12,1597,11
5,172,11,71674
1597,5,71674,49
11,1597,49,558
71674,11,558,1128
49,71674,1128,663
558,49,663,49
1128,558,49,12
663,1128,12,672
49,663,672,36
12,49,36,2629
672,12,2629,15
36,672,15,49
2629,36,49,880
15,2629,880,10608
49,15,10608,11
880,49,11,68
10608,880,68,13746
11,10608,13746,6819
68,11,6819,7779
13746,68,7779,520
6819,13746,520,2268
7779,6819,2268,4
520,7779,4,2
2268,520,2,12153
4,2268,12153,1299
2,4,1299,2268
12153,2,2268,8
1299,12153,8,7
2268,1299,7,2
8,2268,2,1147
7,8,1147,5
2,7,5,552
1147,2,552,346
5,1147,346,49
552,5,49,3549
346,552,3549,4
49,346,4,1166
3549,49,1166,1012
4,3549,1012,37
1166,4,37,11451
1012,1166,11451,14767
37,1012,14767,11451
11451,37,11451,14767
14767,11451,14767,7
11451,14767,7,2
14767,11451,2,36035
7,14767,36035,6217
2,7,6217,2
36035,2,2,5179
6217,36035,5179,5
2,6217,5,5145
5179,2,5145,11672
5,5179,11672,2
5145,5,2,795
11672,5145,795,2625
2,11672,2625,4
795,2,4,1835
2625,795,1835,4
4,2625,4,7294
1835,4,7294,5
4,1835,5,521
7294,4,521,157
5,7294,157,4
521,5,4,11084
157,521,11084,232
4,157,232,5
11084,4,5,751
232,11084,751,274
5,232,274,11
751,5,11,13
274,751,13,757
11,274,757,88
13,11,88,5
757,13,5,49
88,757,49,1433
5,88,1433,2830
49,5,2830,400
1433,49,400,15
2830,1433,15,275
400,2830,275,5
15,400,5,104
275,15,104,5826
5,275,5826,4
104,5,4,6044
5826,104,6044,684
4,5826,684,3664
6044,4,3664,45
684,6044,45,852
3664,684,852,6
45,3664,6,2297
852,45,2297,17848
6,852,17848,2328
2297,6,2328,4
17848,2297,4,5332
2328,17848,5332,45
4,2328,45,11
5332,4,11,7
45,5332,7,2
11,45,2,5607
7,11,5607,4727
2,7,4727,755
5607,2,755,15
4727,5607,15,150
755,4727,150,4727
15,755,4727,1288
150,15,1288,2
4727,150,2,39542
1288,4727,39542,5607
2,1288,5607,4727
39542,2,4727,974
5607,39542,974,1604
4727,5607,1604,4
974,4727,4,2
1604,974,2,5607
4,1604,5607,6631
2,4,6631,9
5607,2,9,3977
6631,5607,3977,28029
9,6631,28029,3895
3977,9,3895,5
28029,3977,5,1264
3895,28029,1264,1566
5,3895,1566,4139
1264,5,4139,663
1566,1264,663,49
4139,1566,49,12
663,4139,12,672
49,663,672,558
12,49,558,36
672,12,36,10608
558,672,10608,11
36,558,11,68
10608,36,68,13
11,10608,13,2
68,11,2,6819
13,68,6819,7779
2,13,7779,520
6819,2,520,2268
7779,6819,2268,2
520,7779,2,60
2268,520,60,1636
2,2268,1636,2268
60,2,2268,2
1636,60,2,777
2268,1636,777,3021
2,2268,3021,3
777,2,3,3413
3021,777,3413,45
3,3021,45,3
3413,3,3,599
45,3413,599,3464
3,45,3464,5319
599,3,5319,985
3464,599,985,2
5319,3464,2,44
985,5319,44,4
2,985,4,2
44,2,2,12153
4,44,12153,1299
2,4,1299,2268
12153,2,2268,8
1299,12153,8,7
2268,1299,7,2
8,2268,2,1147
7,8,1147,5
2,7,5,552
1147,2,552,346
5,1147,346,49
552,5,49,3549
346,552,3549,4
49,346,4,1166
3549,49,1166,1012
4,3549,1012,1394
1166,4,1394,164
1012,1166,164,3
1394,1012,3,1132
164,1394,1132,7822
3,164,7822,2
1132,3,2,25466
7822,1132,25466,2629
320,4067,4840,14071
364,320,14071,3557
4840,364,3557,2
14071,4840,2,12392
3557,14071,12392,2124
2,3557,2124,7
12392,2,7,425
2124,12392,425,3
7,2124,3,17
425,7,17,203
3,425,203,2843
17,3,2843,3
203,17,3,345
2843,203,345,216
27,138,10730,2
13,27,2,16499
10730,13,16499,5
2,10730,5,1322
16499,2,1322,1030
5,16499,1030,8
1322,5,8,2233
1030,1322,2233,3
8,1030,3,5714
2233,8,5714,22
3,2233,22,69
5714,3,69,24
22,5714,24,10
69,22,10,479
24,69,479,52
10,24,52,11
479,10,11,115
52,479,115,172
11,52,172,267
115,11,267,958
172,115,958,4
267,172,4,620
958,267,620,27
4,958,27,5323
620,4,5323,16
27,620,16,105008
5323,27,105008,172
16,5323,172,2512
105008,16,2512,46
172,105008,46,211
2512,172,211,58
46,2512,58,150
211,46,150,369
58,211,369,802
150,58,802,5040
369,150,5040,3779
802,369,3779,159
5040,802,159,111
3779,5040,111,681
159,3779,681,3653
111,159,3653,2417
681,111,2417,4
3653,681,4,159
2417,3653,159,39
4,2417,39,249
159,4,249,1600
39,159,1600,5580
249,39,5580,3104
1600,249,3104,46
5580,1600,46,16
3104,5580,16,424
46,3104,424,3
16,46,3,2839
424,16,2839,27
3,424,27,3
2839,3,3,317
27,2839,317,268
3,27,268,22
317,3,22,5069
268,317,5069,15
22,268,15,804
5069,22,804,5
15,5069,5,500
804,15,500,386
5,804,386,124
500,5,124,1305
386,500,1305,11278
124,386,11278,2675
1305,124,2675,172
11278,1305,172,8948
2675,11278,8948,1204
172,2675,1204,58
8948,172,58,73
1204,8948,73,111
58,1204,111,681
73,58,681,457
111,73,457,688
681,111,688,4
457,681,4,117
688,457,117,256
4,688,256,1618
117,4,1618,4
256,117,4,12772
1618,256,12772,22
4,1618,22,167
12772,4,167,12
22,12772,12,78
167,22,78,14932
12,167,14932,403
78,12,403,16
14932,78,16,422
403,14932,422,223
16,403,223,58
422,16,58,767
223,422,767,8
58,223,8,27
767,58,27,55
8,767,55,96
27,8,96,156
55,27,156,2
96,55,2,1803
156,96,1803,160
2,156,160,23
1803,2,23,20
160,1803,20,173
23,160,173,4
20,23,4,27
173,20,27,69
4,173,69,1525
27,4,1525,1336
69,27,1336,8
1525,69,8,98
1336,1525,98,1844
8,1336,1844,7
98,8,7,4404
1844,98,4404,23
7,1844,23,10450
4404,7,10450,738
23,4404,738,7
10450,23,7,8
738,10450,8,7
7,738,7,25
8,7,25,113
7,8,113,580
25,7,580,13
113,25,13,98
580,113,98,748
13,580,748,74
98,13,74,27
748,98,27,2
74,748,2,97
27,74,97,333
2,27,333,134
97,2,134,1472
333,97,1472,83713
134,333,83713,202
1472,134,202,1584
83713,1472,1584,16
202,83713,16,1136
1584,202,1136,4260
16,1584,4260,23
1136,16,23,51
4260,1136,51,173
23,4260,173,94
51,23,94,34
173,51,34,3505
94,173,3505,972
34,94,972,15
3505,34,15,27
972,3505,27,36
15,972,36,97
27,15,97,34
36,27,34,7760
97,36,7760,1071
34,97,1071,24
7760,34,24,127
1071,7760,127,237
24,1071,237,3
127,24,3,573
237,127,573,198
3,237,198,2
573,3,2,1462
198,573,1462,83
2,198,83,99381
1462,2,99381,25
83,1462,25,14
99381,83,14,3
25,99381,3,29
14,25,29,11
3,14,11,2962
29,3,2962,45
11,29,45,435
2962,11,435,202
45,2962,202,1584
435,45,1584,688
202,435,688,1226
1584,202,1226,134
688,1584,134,1472
1226,688,1472,39
134,1226,39,1226
1472,134,1226,607
39,1472,607,69
1226,39,69,2
607,1226,2,10874
69,607,10874,4
2,69,4,21428
10874,2,21428,24
4,10874,24,42
21428,4,42,10216
24,21428,10216,1768
42,24,1768,3
10216,42,3,32952
1768,10216,32952,767
3,1768,767,474
32952,3,474,97
767,32952,97,55
474,767,55,4464
97,474,4464,29
55,97,29,26
4464,55,26,396
29,4464,396,44
26,29,44,26
396,26,26,50
44,396,50,105006
26,44,105006,13
50,26,13,146
105006,50,146,4353
13,105006,4353,4
146,13,4,1796
4353,146,1796,304
4,4353,304,24
1796,4,24,985
304,1796,985,11
24,304,11,510
985,24,510,22
11,985,22,69
510,11,69,128
22,510,128,66
69,22,66,4
128,69,4,11
66,128,11,12149
4,66,12149,58
11,4,58,970
12149,11,970,23
58,12149,23,207
970,58,207,664
23,970,664,525
207,23,525,19100
664,207,19100,6286
525,664,6286,1011
19100,525,1011,35634
6286,19100,35634,24
1011,6286,24,97
35634,1011,97,4269
24,35634,4269,3
97,24,3,160
4269,97,160,376
3,4269,376,75
160,3,75,791
376,160,791,1501
75,376,1501,602
791,75,602,3522
1501,791,3522,4715
602,1501,4715,2
3522,602,2,1018
4715,3522,1018,12
2,4715,12,449
1018,2,449,4562
12,1018,4562,3
449,12,3,143
4562,449,143,35
3,4562,35,5702
143,3,5702,117
35,143,117,638
5702,35,638,193
117,5702,193,810
638,117,810,3
193,638,3,256
810,193,256,2096
3,810,2096,1884
256,3,1884,3128
2096,256,3128,4
1884,2096,4,1825
3128,1884,1825,61
4,3128,61,2
1825,4,2,227
61,1825,227,741
2,61,741,1501
227,2,1501,3035
741,227,3035,2
1501,741,2,2062
3035,1501,2062,5
2,3035,5,51185
2062,2,51185,899
5,2062,899,98
51185,5,98,359
899,51185,359,5
98,899,5,18112
359,98,18112,2
5,359,2,202
18112,5,202,2108
2,18112,2108,28
202,2,28,8
2108,202,8,21
28,2108,21,130
8,28,130,737
21,8,737,10
130,21,10,149
737,130,149,61661
10,737,61661,27
149,10,27,2402
61661,149,2402,2654
27,61661,2654,114
2402,27,114,23
2654,2402,23,1691
114,2654,1691,301
23,114,301,11
1691,23,11,68
301,1691,68,1920
11,301,1920,2115
68,11,2115,1515
1920,68,1515,2669
2115,1920,2669,3
1515,2115,3,1097
2669,1515,1097,22
3,2669,22,593
1097,3,593,423
22,1097,423,29
593,22,29,257
423,593,257,85
29,423,85,7
257,29,7,1225
85,257,1225,4
7,85,4,3613
1225,7,3613,4
4,1225,4,5632
3613,4,5632,5
4,3613,5,593
5632,4,593,3022
5,5632,3022,524
593,5,524,87219
3022,593,87219,256
524,3022,256,9983
87219,524,9983,1299
256,87219,1299,4
9983,256,4,5389
1299,9983,5389,2081
4,1299,2081,5
5389,4,5,69
2081,5389,69,1286
5,2081,1286,457
69,5,457,2042
1286,69,2042,12
457,1286,12,298
2042,457,298,330
12,2042,330,31
298,12,31,228
330,298,228,3326
31,330,3326,9838
228,31,9838,4
3326,228,4,28
9838,3326,28,2042
4,9838,2042,14
28,4,14,10618
2042,28,10618,10
14,2042,10,6
10618,14,6,75
10,10618,75,7711
6,10,7711,8
75,6,8,27
7711,75,27,14
8,7711,14,6191
27,8,6191,5
14,27,5,470
6191,14,470,22
5,6191,22,49398
470,5,49398,333
22,470,333,958
49398,22,958,69
333,49398,69,134
958,333,134,1472
69,958,1472,39
134,69,39,8
1472,134,8,9983
39,1472,9983,641
8,39,641,14
9983,8,14,48
641,9983,48,560
14,641,560,4
48,14,4,8
560,48,8,1655
4,560,1655,14
8,4,14,107
1655,8,107,901
14,1655,901,65
107,14,65,45
901,107,45,93909
65,901,93909,994
45,65,994,5391
93909,45,5391,3
994,93909,3,20
5391,994,20,153
3,5391,153,2029
20,3,2029,7
153,20,7,27
2029,153,27,3467
7,2029,3467,423
27,7,423,6
3467,27,6,199
423,3467,199,102
6,423,102,32
199,6,32,31
102,199,31,477
32,102,477,3
31,32,3,17
477,31,17,6905
3,477,6905,2
17,3,2,372
6905,17,372,6163
2,6905,6163,24
372,2,24,128
6163,372,128,153
24,6163,153,135
128,24,135,57564
153,128,57564,1337
135,153,1337,32
57564,135,32,21
1337,57564,21,86
32,1337,86,5486
21,32,5486,27
86,21,27,1113
5486,86,1113,24
27,5486,24,22
1113,27,22,83
24,1113,83,440
22,24,440,29
83,22,29,68
440,83,68,13343
29,440,13343,2593
68,29,2593,345
13343,68,345,11
2593,13343,11,621
345,2593,621,126
11,345,126,221
621,11,221,437
126,621,437,892
221,126,892,530
437,221,530,1187
892,437,1187,5
530,892,5,49
1187,530,49,125
5,1187,125,1031
49,5,1031,5356
125,49,5356,49
1031,125,49,14062
5356,1031,14062,88
49,5356,88,264
14062,49,264,1472
88,14062,1472,15298
264,88,15298,199
1472,264,199,243
15298,1472,243,89
199,15298,89,405
243,199,405,32
89,243,32,129
405,89,129,3
32,405,3,129
129,32,129,15
3,129,15,1850
129,3,1850,114
15,129,114,2
1850,15,2,421
114,1850,421,39
2,114,39,199
421,2,199,307
39,421,307,442
199,39,442,726
307,199,726,32
442,307,32,2
726,442,2,109
32,726,109,129
2,32,129,77436
109,2,77436,6311
129,109,6311,16
77436,129,16,1119
6311,77436,1119,13711
16,6311,13711,29
1119,16,29,370
13711,1119,370,237
29,13711,237,2426
370,29,2426,53
237,370,53,16
2426,237,16,281
53,2426,281,2281
16,53,2281,9
281,16,9,94
2281,281,94,3
9,2281,3,96
94,9,96,61
3,94,61,585
96,3,585,395
61,96,395,27
585,61,27,7773
395,585,7773,613
27,395,613,27135
7773,27,27135,5506
613,7773,5506,870
27135,613,870,20
5506,27135,20,1180
870,5506,1180,395
20,870,395,10
1180,20,10,2092
395,1180,2092,9
10,395,9,27
2092,10,27,3
9,2092,3,192
27,9,192,361
3,27,361,152
192,3,152,9
361,192,9,136
152,361,136,5
9,152,5,205
136,9,205,11
5,136,11,77
205,5,77,96
11,205,96,10
77,11,10,61
96,77,61,19
10,96,19,2788
61,10,2788,1014
19,61,1014,60
2788,19,60,29
1014,2788,29,32
60,1014,32,69
29,60,69,4
32,29,4,767
69,32,767,151
4,69,151,18
767,4,18,1157
151,767,1157,169
18,151,169,6
1157,18,6,2
169,1157,2,168
6,169,168,355
2,6,355,46
168,2,46,1013
355,168,1013,3
46,355,3,186
1013,46,186,65
3,1013,65,169
186,3,169,12
65,186,12,27
169,65,27,14401
12,169,14401,186
27,12,186,253
14401,27,253,27
186,14401,27,234
253,186,234,3
27,253,3,192
234,27,192,4
3,234,4,41
192,3,41,2527
4,192,2527,11
41,4,11,234
2527,41,234,15
11,2527,15,531
234,11,531,360
15,234,360,151
531,15,151,41
360,531,41,1020
151,360,1020,58
41,151,58,94
1020,41,94,6
58,1020,6,2660
94,58,2660,237
6,94,237,34
2660,6,34,322
237,2660,322,3
34,237,3,3414
322,34,3414,24762
3,322,24762,27
3414,3,27,14
24762,3414,14,43
27,24762,43,3
14,27,3,96
43,14,96,2
3,43,2,655
96,3,655,175
2,96,175,67
655,2,67,387
175,655,387,4
67,175,4,1102
387,67,1102,4
4,387,4,89
1102,4,89,10
4,1102,10,635
89,4,635,17
10,89,17,89
635,10,89,190
17,635,190,202
89,17,202,2108
190,89,2108,6
202,190,6,2
2108,202,2,904
6,2108,904,35
2,6,35,134
904,2,134,1472
35,904,1472,39621
134,35,39621,10
1472,134,10,2
39621,1472,2,7881
10,39621,7881,1449
2,10,1449,52
7881,2,52,58
1449,7881,58,94
52,1449,94,3552
58,52,3552,27
94,58,27,117
3552,94,117,146
27,3552,146,97
117,27,97,2108
146,117,2108,2991
97,146,2991,5356
2108,97,5356,114
2991,2108,114,230
5356,2991,230,942
114,5356,942,308
230,114,308,4
942,230,4,549
308,942,549,227
4,308,227,4
549,4,4,35
227,549,35,94
4,227,94,2492
35,4,2492,3
94,35,3,4
2492,94,4,906
3,2492,906,106388
4,3,106388,58
906,4,58,94
106388,906,94,6
58,106388,6,76
94,58,76,904
6,94,904,35
76,6,35,18
904,76,18,6952
35,904,6952,805
18,35,805,5
6952,18,5,27
805,6952,27,19
5,805,19,11701
27,5,11701,586
19,27,586,24
11701,19,24,22
586,11701,22,41
24,586,41,1534
22,24,1534,423
41,22,423,26
1534,41,26,165
