25,3,4,7455
15,25,7455,124
4,15,124,175
7455,4,175,539
124,7455,539,4
175,124,4,204
539,175,204,4
4,539,4,143
204,4,143,3988
4,204,3988,447
143,4,447,7
3988,143,7,1189
447,3988,1189,65
7,447,65,42
1189,7,42,55
65,1189,55,1327
42,65,1327,829
55,42,829,16
1327,55,16,6
829,1327,6,579
16,829,579,339
6,16,339,2908
579,6,2908,5269
339,579,5269,1928
2908,339,1928,3
5269,2908,3,677
1928,5269,677,448
3,1928,448,62
677,3,62,982
448,677,982,2656
62,448,2656,3
982,62,3,67
2656,982,67,2300
3,2656,2300,1545
67,3,1545,4
2300,67,4,25
1545,2300,25,1966
4,1545,1966,3
25,4,3,73
1966,25,73,43
3,1966,43,20
73,3,20,7
43,73,7,2947
20,43,2947,325
7,20,325,6
2947,7,6,686
325,2947,686,4844
6,325,4844,888
686,6,888,6715
4844,686,6715,7
888,4844,7,2
6715,888,2,3765
7,6715,3765,1978
2,7,1978,25
3765,2,25,1427
1978,3765,1427,375
25,1978,375,10
1427,25,10,7
375,1427,7,196
10,375,196,500
7,10,500,1394
196,7,1394,164
500,196,164,9
1394,500,9,41
164,1394,41,294
9,164,294,1394
41,9,1394,164
294,41,164,9
1394,294,9,41
164,1394,41,294
9,164,294,3713
41,9,3713,1099
294,41,1099,3
3713,294,3,558
1099,3713,558,21628
3,1099,21628,558
558,3,558,1099
21628,558,1099,64
558,21628,64,5347
1099,558,5347,64
64,1099,64,5450
5347,64,5450,82
64,5347,82,527
5450,64,527,61
82,5450,61,164
527,82,164,109
71,63,429,34
12,71,34,1153
429,12,1153,3
34,429,3,712
1153,34,712,162
3,1153,162,405
712,3,405,2
162,712,2,779
405,162,779,1122
2,405,1122,1239
779,2,1239,307
1122,779,307,235
1239,1122,235,153
307,1239,153,8
235,307,8,40
153,235,40,1016
8,153,1016,591
40,8,591,41
1016,40,41,6
591,1016,6,9458
41,591,9458,1253
6,41,1253,65
9458,6,65,40
1253,9458,40,17
65,1253,17,918
40,65,918,203
17,40,203,749
918,17,749,3018
203,918,3018,2171
749,203,2171,19
3018,749,19,233
2171,3018,233,378
19,2171,378,66
233,19,66,404
378,233,404,6
66,378,6,4
404,66,4,740
6,404,740,3
4,6,3,1257
740,4,1257,227
3,740,227,2314
1257,3,2314,184
227,1257,184,3
2314,227,3,119
184,2314,119,111
3,184,111,12212
119,3,12212,1122
111,119,1122,2
12212,111,2,129
1122,12212,129,443
2,1122,443,74
129,2,74,7579
443,129,7579,446
74,443,446,364
7579,74,364,591
446,7579,591,12
364,446,12,14535
591,364,14535,9458
12,591,9458,210
14535,12,210,4
9458,14535,4,443
210,9458,443,5
4,210,5,591
443,4,591,74
5,443,74,749
591,5,749,3018
74,591,3018,4
749,74,4,591
3018,749,591,6
4,3018,6,441
591,4,441,749
6,591,749,4
441,6,4,443
749,441,443,5
4,749,5,591
443,4,591,74
5,443,74,749
591,5,749,53670
74,591,53670,240
749,74,240,3148
53670,749,3148,4
240,53670,4,2247
3148,240,2247,8294
4,3148,8294,24
2247,4,24,31146
8294,2247,31146,7
24,8294,7,88
31146,24,88,521
7,31146,521,10537
88,7,10537,5760
521,88,5760,63
10537,521,63,30
5760,10537,30,821
63,5760,821,13
30,63,13,6
821,30,6,352
13,821,352,28
6,13,28,265
352,6,265,1435
28,352,1435,369
265,28,369,802
1435,265,802,8293
369,1435,8293,2997
802,369,2997,7225
8293,802,7225,6
2997,8293,6,4
7225,2997,4,407
6,7225,407,7
4,6,7,25
407,4,25,116
7,407,116,206
25,7,206,11
116,25,11,115
206,116,115,137
11,206,137,29379
115,11,29379,34
137,115,34,5376
29379,137,5376,22
34,29379,22,240
5376,34,240,6
22,5376,6,1184
240,22,1184,3
6,240,3,111
1184,6,111,162
3,1184,162,23
111,3,23,38
162,111,38,4319
23,162,4319,6
38,23,6,1797
4319,38,1797,12
6,4319,12,8901
1797,6,8901,63
12,1797,63,779
8901,12,779,1122
63,8901,1122,34
779,63,34,1403
1122,779,1403,2219
34,1122,2219,95
1403,34,95,642
2219,1403,642,9
95,2219,9,1432
642,95,1432,2478
9,642,2478,4
1432,9,4,2642
2478,1432,2642,95
4,2478,95,1253
2642,4,1253,30391
95,2642,30391,15
1253,95,15,1071
30391,1253,1071,67
15,30391,67,925
1071,15,925,147
67,1071,147,3
925,67,3,319
147,925,319,157
3,147,157,1106
319,3,1106,28
157,319,28,252
1106,157,252,158
28,1106,158,31
252,28,31,14
158,252,14,21
31,158,21,2293
14,31,2293,3
21,14,3,628
2293,21,628,12
3,2293,12,94185
628,3,94185,1868
12,628,1868,7887
94185,12,7887,168
1868,94185,168,779
7887,1868,779,302
168,7887,302,309
779,168,309,6
302,779,6,13211
309,302,13211,749
6,309,749,642
13211,6,642,8
749,13211,8,50
642,749,50,4357
8,642,4357,3
50,8,3,896
4357,50,896,1814
3,4357,1814,4
896,3,4,50
1814,896,50,1637
4,1814,1637,3
50,4,3,870
1637,50,870,6
3,1637,6,4
870,3,4,117
6,870,117,6
4,6,6,7030
117,4,7030,1159
6,117,1159,74
7030,6,74,39691
1159,7030,39691,89275
74,1159,89275,1195
39691,74,1195,3
89275,39691,3,4385
1195,89275,4385,749
3,1195,749,3018
4385,3,3018,7
749,4385,7,260
3018,749,260,3677
7,3018,3677,2
260,7,2,431
3677,260,431,15
2,3677,15,58
431,2,58,31
15,431,31,18
58,15,18,1512
31,58,1512,89
18,31,89,9
1512,18,9,2719
89,1512,2719,3
9,89,3,1627
2719,9,1627,92
3,2719,92,23
1627,3,23,2
92,1627,2,60
23,92,60,59
2,23,59,965
60,2,965,18
59,60,18,18904
965,59,18904,4792
18,965,4792,685
18904,18,685,5
4792,18904,5,288
685,4792,288,94240
5,685,94240,178
288,5,178,53
94240,288,53,16
178,94240,16,6640
53,178,6640,107
16,53,107,3
6640,16,3,642
107,6640,642,749
3,107,749,65
642,3,65,7887
749,642,7887,4
65,749,4,18
7887,65,18,893
4,7887,893,1053
18,4,1053,3
893,18,3,1603
1053,893,1603,10
3,1053,10,1373
1603,3,1373,60
10,1603,60,86
1373,10,86,3
60,1373,3,137
86,60,137,63
3,86,63,218
137,3,218,3
63,137,3,1042
218,63,1042,436
3,218,436,3471
1042,3,3471,28
436,1042,28,7429
3471,436,7429,21855
28,3471,21855,1007
7429,28,1007,9
21855,7429,9,111
1007,21855,111,681
9,1007,681,256
111,9,256,2
681,111,2,975
256,681,975,375
2,256,375,11
975,2,11,93
375,975,93,718
11,375,718,37
93,11,37,7632
718,93,7632,67
37,718,67,2237
7632,37,2237,749
67,7632,749,255
2237,67,255,10
749,2237,10,490
255,749,490,3
10,255,3,123
490,10,123,89
3,490,89,35648
123,3,35648,22
89,123,22,16
35648,89,16,3
22,35648,3,1204
16,22,1204,162
3,16,162,71
1204,3,71,68
162,1204,68,240
71,162,240,3
68,71,3,2453
240,68,2453,147
3,240,147,9
2453,3,9,233
147,2453,233,3
9,147,3,862
233,9,862,2
3,233,2,705
862,3,705,3
2,862,3,715
705,2,715,216
3,705,216,5
715,3,5,1860
216,715,1860,214
5,216,214,820
1860,5,820,3240
214,1860,3240,59
820,214,59,710
3240,820,710,715
59,3240,715,16
710,59,16,303
715,710,303,3
16,715,3,3846
303,16,3846,111
3,303,111,58
3846,3,58,16
111,3846,16,2719
58,111,2719,3
16,58,3,91
2719,16,91,8
3,2719,8,2872
91,3,2872,3
8,91,3,163
2872,8,163,71
3,2872,71,3
163,3,3,1205
71,163,1205,2
3,71,2,17563
1205,3,17563,5
2,1205,5,22
17563,2,22,526
5,17563,526,297
22,5,297,12
526,22,12,487
297,526,487,510
12,297,510,6
487,12,6,355
19,12995,251,9
226,19,9,2
251,226,2,724
9,251,724,3
2,9,3,2429
724,2,2429,2
3,724,2,2465
2429,3,2465,6006
2,2429,6006,4471
2465,2,4471,3
6006,2465,3,4886
4471,6006,4886,342
3,4471,342,537
4886,3,537,719
342,4886,719,455
537,342,455,38
719,537,38,896
455,719,896,8786
38,455,8786,100
896,38,100,143
8786,896,143,226
100,8786,226,12
143,100,12,429
226,143,429,2697
12,226,2697,2
429,12,2,5080
2697,429,5080,1469
2,2697,1469,791
5080,2,791,9
1469,5080,9,2470
791,1469,2470,8786
9,791,8786,5
2470,9,5,342
8786,2470,342,537
5,8786,537,106905
342,5,106905,11797
537,342,11797,14
106905,537,14,2222
11797,106905,2222,19
14,11797,19,2
2222,14,2,106
19,2222,106,5
2,19,5,15
106,2,15,232
5,106,232,226
15,5,226,15606
232,15,15606,106
226,232,106,14
15606,226,14,621
106,15606,621,171
14,106,171,2
621,14,2,518
171,621,518,5
2,171,5,99
518,2,99,369
5,518,369,5
99,5,5,700
369,99,700,257
5,369,257,3971
700,5,3971,54
257,700,54,224
3971,257,224,15
54,3971,15,9993
224,54,9993,4
15,224,4,414
9993,15,414,214
4,9993,214,80151
414,4,80151,80
214,414,80,568
80151,214,568,700
80,80151,700,13
568,80,13,1289
700,568,1289,5
13,700,5,837
1289,13,837,5
5,1289,5,342
837,5,342,537
5,837,537,4
342,5,4,45
537,342,45,5823
4,537,5823,18
45,4,18,4146
5823,45,4146,9
18,5823,9,38
4146,18,38,13458
9,4146,13458,270
38,9,270,408
13458,38,408,5
270,13458,5,35
408,270,35,945
5,408,945,2207
35,5,2207,3
945,35,3,9287
2207,945,9287,104
3,2207,104,537
9287,3,537,28
104,9287,28,27376
537,104,27376,64930
28,537,64930,526
27376,28,526,437
64930,27376,437,5
526,64930,5,414
437,526,414,69
5,437,69,3
414,5,3,7838
69,414,7838,342
3,69,342,537
7838,3,537,71533
342,7838,71533,31466
537,342,31466,2
71533,537,2,3503
31466,71533,3503,5
2,31466,5,5696
3503,2,5696,4
5,3503,4,719
5696,5,719,5179
4,5696,5179,5
719,4,5,2
5179,719,2,1018
5,5179,1018,68
2,5,68,2303
1018,2,2303,429
68,1018,429,31976
2303,68,31976,7
429,2303,7,2
31976,429,2,1519
7,31976,1519,1804
2,7,1804,532
1519,2,532,9
1804,1519,9,478
532,1804,478,108
9,532,108,31466
478,9,31466,28
108,478,28,9
31466,108,9,95
28,31466,95,5
9,28,5,43
95,9,43,31
5,95,31,1920
43,5,1920,3947
31,43,3947,1687
1920,31,1687,5
3947,1920,5,5696
1687,3947,5696,4
5,1687,4,13235
5696,5,13235,10
4,5696,10,7
13235,4,7,2
10,13235,2,131
7,10,131,18441
2,7,18441,2811
131,2,2811,30
18441,131,30,18
2811,18441,18,47
30,2811,47,1645
18,30,1645,25
47,18,25,241
1645,47,241,9
25,1645,9,20
241,25,20,44
9,241,44,3
20,9,3,56504
44,20,56504,761
3,44,761,342
56504,3,342,191
761,56504,191,211
342,761,211,143
191,342,143,35
211,191,35,1101
143,211,1101,1946
35,143,1946,546
1101,35,546,204
1946,1101,204,4
546,1946,4,143
204,546,143,2892
4,204,2892,2
143,4,2,149
2892,143,149,2
2,2892,2,363
149,2,363,5
2,149,5,38
363,2,38,846
5,363,846,767
38,5,767,50
846,38,50,223
767,846,223,226
50,767,226,31
223,50,31,106
226,223,106,102
31,226,102,27346
106,31,27346,14
102,106,14,2
27346,102,2,241
14,27346,241,3545
2,14,3545,3
241,2,3,93
3545,241,93,3
3,3545,3,20
93,3,20,173
3,93,173,29
20,3,29,1776
173,20,1776,1155
29,173,1155,10
1776,29,10,67409
1155,1776,67409,65150
10,1155,65150,46
67409,10,46,969
65150,67409,969,37329
46,65150,37329,80980
969,46,80980,318
2102,27,689,15
86,2102,15,6792
689,86,6792,706
15,689,706,267
6792,15,267,3
706,6792,3,790
267,706,790,987
3,267,987,89923
790,3,89923,465
987,790,465,956
89923,987,956,267
465,89923,267,3
956,465,3,93
267,956,93,56
3,267,56,4
93,3,4,106
56,93,106,29
4,56,29,138
106,4,138,27
29,106,27,14
138,29,14,81
27,138,81,3
14,27,3,155
81,14,155,606
3,81,606,93
155,3,93,56
606,155,56,4
93,606,4,106
56,93,106,4
4,56,4,140
106,4,140,123
4,106,123,56
140,4,56,987
123,140,987,236
56,123,236,3
987,56,3,790
236,987,790,9
3,236,9,54697
790,3,54697,2
9,790,2,466
54697,9,466,69
2,54697,69,343
466,2,343,6
69,466,6,21166
343,69,21166,862
6,343,862,58
21166,6,58,127
862,21166,127,287
58,862,287,28
127,58,28,360
287,127,360,230
28,287,230,21
360,28,21,17
230,360,17,362
21,230,362,9
17,21,9,89
362,17,89,3
9,362,3,3442
89,9,3442,86
3,89,86,107
3442,3,107,30
86,3442,30,55
107,86,55,689
30,107,689,6
55,30,6,130
689,55,130,737
6,689,737,46
130,6,46,7
737,130,7,245
46,737,245,242
7,46,242,20
245,7,20,46
242,245,46,6
20,242,6,1331
46,20,1331,7
6,46,7,52
1331,6,52,6792
7,1331,6792,801
52,7,801,12
6792,52,12,27
801,6792,27,28
12,801,28,30
27,12,30,18
28,27,18,3
30,28,3,251
18,30,251,61
3,18,61,141
251,3,141,772
61,251,772,4
141,61,4,30
772,141,30,18
4,772,18,3
30,4,3,18
18,30,18,2498
3,18,2498,4
18,3,4,176
2498,18,176,582
4,2498,582,4
176,4,4,1663
582,176,1663,105118
4,582,105118,697
1663,4,697,114
105118,1663,114,586
697,105118,586,3
114,697,3,93
586,114,93,646
3,586,646,2
93,3,2,16582
646,93,16582,403
2,646,403,33
16582,2,33,45
403,16582,45,55
33,403,55,1026
45,33,1026,5
55,45,5,21
1026,55,21,72
5,1026,72,106
21,5,106,12
72,21,12,155
106,72,155,231
12,106,231,4
155,12,4,234
231,155,234,4
4,231,4,790
234,4,790,57
4,234,57,987
790,4,987,236
57,790,236,4
987,57,4,96
236,987,96,507
4,236,507,8
96,4,8,10
507,96,10,129
8,507,129,1695
10,8,1695,27
129,10,27,17796
1695,129,17796,50
27,1695,50,72
17796,27,72,22596
50,17796,22596,1184
72,50,1184,9
22596,72,9,27
1184,22596,27,12
9,1184,12,22
27,9,22,69
12,27,69,1087
22,12,1087,33
69,22,33,55
1087,69,55,527
33,1087,527,61
55,33,61,3
527,55,3,2027
61,527,2027,3
3,61,3,17
2027,3,17,2
3,2027,2,27
17,3,27,85
2,17,85,85079
27,2,85079,18
85,27,18,7292
85079,85,7292,22
18,85079,22,251
7292,18,251,3
22,7292,3,114
251,22,114,2
3,251,2,114
114,3,114,4389
2,114,4389,54
114,2,54,7
4389,114,7,72527
54,4389,72527,22
7,54,22,1184
72527,7,1184,16
22,72527,16,277
1184,22,277,3
16,1184,3,17
277,16,17,114
3,277,114,4389
17,3,4389,4
114,17,4,52
4389,114,52,27
4,4389,27,7
52,4,7,819
27,52,819,4
7,27,4,406
819,7,406,5
4,819,5,58
406,4,58,150
5,406,150,369
58,5,369,10
150,58,10,40
369,150,40,68
10,369,68,1834
40,10,1834,2
68,40,2,3114
1834,68,3114,4532
2,1834,4532,4377
3114,2,4377,2044
4532,3114,2044,24
4377,4532,24,156
2044,4377,156,44814
24,2044,44814,4532
156,24,4532,54
44814,156,54,13
4532,44814,13,47
54,4532,47,6
13,54,6,236
47,13,236,170
6,47,170,14
236,6,14,2317
170,236,2317,6
14,170,6,411
2317,14,411,3
6,2317,3,366
411,6,366,5
3,411,5,114
366,3,114,4389
5,366,4389,102
114,5,102,2361
4389,114,2361,6
102,4389,6,4
2361,102,4,184
6,2361,184,3
4,6,3,2143
184,4,2143,2600
3,184,2600,67005
2143,3,67005,3114
2600,2143,3114,4532
67005,2600,4532,35
3114,67005,35,8
4532,3114,8,2044
35,4532,2044,327
8,35,327,5917
2044,8,5917,24
327,2044,24,9131
5917,327,9131,98
24,5917,98,785
9131,24,785,214
98,9131,214,1717
785,98,1717,6
214,785,6,987
1717,214,987,236
6,1717,236,36
987,6,36,85
236,987,85,847
36,236,847,120
85,36,120,1217
847,85,1217,36
120,847,36,2225
1217,120,2225,10828
36,1217,10828,5
2225,36,5,156
10828,2225,156,847
5,10828,847,7
156,5,7,2
847,156,2,1302
7,847,1302,6
2,7,6,335
1302,2,335,3
6,1302,3,2349
335,6,2349,95
3,335,95,27194
2349,3,27194,609
95,2349,609,1919
27194,95,1919,199
609,27194,199,1685
1919,609,1685,73
199,1919,73,5227
1685,199,5227,267
73,1685,267,3
5227,73,3,106
267,5227,106,29
3,267,29,21
106,3,21,476
29,106,476,2045
21,29,2045,23
476,21,23,114
2045,476,114,5459
23,2045,5459,73
114,23,73,3229
5459,114,3229,1218
73,5459,1218,1696
3229,73,1696,23
1218,3229,23,987
1696,1218,987,1880
23,1696,1880,36
987,23,36,2800
1880,987,2800,45
36,1880,45,6
2800,36,6,4
45,2800,4,9742
6,45,9742,107
4,6,107,126
9742,4,126,26
107,9742,26,17711
126,107,17711,451
26,126,451,27
17711,26,27,7
451,17711,7,424
27,451,424,3
7,27,3,91
424,7,91,20
3,424,20,2
91,3,2,2
20,91,2,1749
2,20,1749,9295
2,2,9295,3
1749,2,3,93
9295,1749,93,45
3,9295,45,320
93,3,320,44
45,93,44,1477
320,45,1477,21951
44,320,21951,2
1477,44,2,141
21951,1477,141,1051
2,21951,1051,23
141,2,23,393
1051,141,393,5
23,1051,5,731
393,23,731,13169
5,393,13169,52
731,5,52,8
13169,731,8,51
52,13169,51,20
8,52,20,7
51,8,7,7
20,51,7,17
7,20,17,5516
7,7,5516,29
17,7,29,11
5516,17,11,1568
29,5516,1568,15
11,29,15,583
1568,11,583,17087
15,1568,17087,43
583,15,43,587
17087,583,587,212
43,17087,212,2257
587,43,2257,2044
212,587,2044,3937
2257,212,3937,3
2044,2257,3,1300
3937,2044,1300,4532
3,3937,4532,6
1300,3,6,29
4532,1300,29,453
6,4532,453,4
29,6,4,9957
453,29,9957,1388
4,453,1388,5
9957,4,5,2758
1388,9957,2758,109
5,1388,109,52
2758,5,52,27
109,2758,27,7
52,109,7,3992
27,52,3992,4532
7,27,4532,1054
3992,7,1054,77
4532,3992,77,706
1054,4532,706,9
77,1054,9,4
706,77,4,3448
