3402,35,834,305
5,3402,305,4
834,5,4,9100
305,834,9100,481
4,305,481,12
9100,4,12,466
481,9100,466,6
12,481,6,2
466,12,2,5490
6,466,5490,750
2,6,750,3
5490,2,3,1484
750,5490,1484,41
3,750,41,960
99,1589,2739,5707
980,99,5707,14
2739,980,14,621
5707,2739,621,6
14,5707,6,132
621,14,132,13382
6,621,13382,66
132,6,66,75
13382,132,75,9990
66,13382,9990,14
75,66,14,28180
9990,75,28180,6
14,9990,6,204
28180,14,204,10
6,28180,10,14
204,6,14,1192
10,204,1192,3
14,10,3,17
1192,14,17,2
3,1192,2,18441
17,3,18441,2811
2,17,2811,1096
18441,2,1096,5
2811,18441,5,2
1096,2811,2,39
5,1096,39,1675
2,5,1675,5
39,2,5,8117
1675,39,8117,9
5,1675,9,3261
8117,5,3261,56738
9,8117,56738,7
3261,9,7,859
56738,3261,859,179
7,56738,179,56
859,7,56,8
179,859,8,107
56,179,107,3261
8,56,3261,17268
107,8,17268,8
3261,107,8,44
17268,3261,44,3579
8,17268,3579,15
44,8,15,2127
3579,44,2127,176
15,3579,176,31
2127,15,31,630
176,2127,630,3
31,176,3,172
630,31,172,343
3,630,343,30
172,3,30,6826
343,172,6826,271
30,343,271,131
6826,30,131,1483
271,6826,1483,4676
131,271,4676,6
1483,131,6,263
4676,1483,263,770
6,4676,770,76
263,6,76,131
770,263,131,1309
76,770,1309,191
131,76,191,5
1309,131,5,9051
191,1309,9051,4
5,191,4,581
9051,5,581,44
4,9051,44,30225
581,4,30225,49988
44,581,49988,2
30225,44,2,1951
49988,30225,1951,3261
2,49988,3261,101
1951,2,101,843
3261,1951,843,31
101,3261,31,2399
843,101,2399,79803
31,843,79803,2
2399,31,2,281
79803,2399,281,205
2,79803,205,394
281,2,394,204
205,281,204,796
394,205,796,10
204,394,10,99
796,204,99,2073
10,796,2073,9361
99,10,9361,141
2073,99,141,893
9361,2073,893,6
141,9361,6,11844
893,141,11844,311
6,893,311,389
11844,6,389,5
311,11844,5,1589
389,311,1589,10
5,389,10,14
1589,5,14,99
10,1589,99,158
14,10,158,527
99,14,527,8
158,99,8,263
527,158,263,874
8,527,874,40
263,8,40,2814
874,263,2814,3261
40,874,3261,578
2814,40,578,46
3261,2814,46,2
578,3261,2,2119
46,578,2119,8
2,46,8,13
2119,2,13,2323
8,2119,2323,4
13,8,4,247
2323,13,247,1136
4,2323,1136,1311
247,4,1311,2
1136,247,2,3261
1311,1136,3261,4935
2,1311,4935,13
3261,2,13,2323
4935,3261,2323,74
13,4935,74,128
2323,13,128,28150
74,2323,28150,581
128,74,581,704
28150,128,704,6358
581,28150,6358,12972
704,581,12972,6
6358,704,6,355
12972,6358,355,59
6,12972,59,11
355,6,11,2399
59,355,2399,2
11,59,2,2974
2399,11,2974,518
2,2399,518,9
2974,2,9,3261
518,2974,3261,543
9,518,543,4
3261,9,4,542
543,3261,542,228
4,543,228,10074
542,4,10074,1761
228,542,1761,97
10074,228,97,6
1761,10074,6,28
97,1761,28,9798
6,97,9798,10
28,6,10,14
9798,28,14,2
10,9798,2,236
14,10,236,3
2,14,3,9787
236,2,9787,4183
3,236,4183,76
9787,3,76,1761
4183,9787,1761,4
76,4183,4,671
1761,76,671,76
4,1761,76,868
671,4,868,12972
76,671,12972,44
868,76,44,10
12972,868,10,14
44,12972,14,2
10,44,2,105
14,10,105,343
2,14,343,4
105,2,4,12972
343,105,12972,14
4,343,14,136
12972,4,136,9
14,12972,9,92620
136,14,92620,547
9,136,547,879
92620,9,879,13
547,92620,13,2
879,547,2,21990
13,879,21990,1329
2,13,1329,8
21990,2,8,1180
1329,21990,1180,2
8,1329,2,4929
1180,8,4929,1906
2,1180,1906,647
4929,2,647,102
1906,4929,102,2638
647,1906,2638,365
102,647,365,236
2638,102,236,6
365,2638,6,312
236,365,312,9976
6,236,9976,1046
312,6,1046,401
9976,312,401,235
1046,9976,235,44
401,1046,44,12
235,401,12,355
44,235,355,1761
12,44,1761,97
355,12,97,14
1761,355,14,41
97,1761,41,4053
14,97,4053,65
41,14,65,103636
4053,41,103636,796
65,4053,796,103
103636,65,103,756
796,103636,756,235
103,796,235,3
756,103,3,1224
235,756,1224,2149
3,235,2149,4010
1224,3,4010,12972
2149,1224,12972,2385
4010,2149,2385,75
12972,4010,75,8
2385,12972,8,7
75,2385,7,485
8,75,485,350
7,8,350,99
485,7,99,42
350,485,42,704
99,350,704,130
42,99,130,1070
704,42,1070,26
130,704,26,7395
1070,130,7395,120
26,1070,120,34
7395,26,34,33
120,7395,33,296
34,120,296,35907
33,34,35907,100
296,33,100,4
35907,296,4,42
100,35907,42,704
4,100,704,180
42,4,180,363
704,42,363,60
180,704,60,15
363,180,15,2
60,363,2,4114
15,60,4114,8755
2,15,8755,140
4114,2,140,3251
8755,4114,3251,866
140,8755,866,351
3251,140,351,42
866,3251,42,5
351,866,5,503
42,351,503,3252
5,42,3252,3735
503,5,3735,405
3252,503,405,130
3735,3252,130,1070
405,3735,1070,176
130,405,176,866
1070,130,866,2
176,1070,2,511
866,176,511,12636
2,866,12636,291
511,2,291,4
12636,511,4,64
291,12636,64,42
4,291,42,14
64,4,14,367
42,64,367,48658
14,42,48658,716
367,14,716,4
48658,367,4,16543
716,48658,16543,2616
4,716,2616,46
16543,4,46,72
2616,16543,72,42
46,2616,42,5
72,46,5,2
42,72,2,961
5,42,961,217
2,5,217,6
961,2,6,204
217,961,204,3261
6,217,3261,543
204,6,543,31
3261,204,31,380
543,3261,380,47
31,543,47,1511
380,31,1511,36
47,380,36,6620
1511,47,6620,6
36,1511,6,51
6620,36,51,13
6,6620,13,247
51,6,247,4
13,51,4,1871
247,13,1871,5683
4,247,5683,6
1871,4,6,88
5683,1871,88,5
6,5683,5,652
88,6,652,980
5,88,980,101
652,5,101,13
980,652,13,388
101,980,388,6558
13,101,6558,5058
388,13,5058,6
6558,388,6,128
5058,6558,128,568
6,5058,568,204
128,6,204,13
568,128,13,21
204,568,21,72
13,204,72,47
21,13,47,274
72,21,274,405
47,72,405,29
274,47,29,13
405,274,13,247
29,405,247,12038
13,29,12038,901
247,13,901,4
12038,247,4,41
901,12038,41,1130
4,901,1130,184
41,4,184,3
1130,41,3,41
184,1130,41,65
3,184,65,103
41,3,103,1168
65,41,1168,626
103,65,626,30
1168,103,30,957
626,1168,957,15
30,626,15,6
957,30,6,566
15,957,566,263
6,15,263,1163
566,6,1163,74
263,566,74,776
1163,263,776,153
74,1163,153,5
776,74,5,1716
153,776,1716,12
5,153,12,556
1716,5,556,4
12,1716,4,150
556,12,150,446
4,556,446,2
150,4,2,952
446,150,952,5
2,446,5,1515
952,2,1515,9361
5,952,9361,1391
1515,5,1391,141
9361,1515,141,50
1391,9361,50,893
141,1391,893,8
50,141,8,146
893,50,146,10
8,893,10,713
146,8,713,3
10,146,3,1643
713,10,1643,3261
3,713,3261,2228
1643,3,2228,15
3261,1643,15,2735
2228,3261,2735,36
15,2228,36,3
2735,15,3,3900
36,2735,3900,156
3,36,156,294
3900,3,294,3
156,3900,3,81
294,156,81,80
3,294,80,52
81,3,52,10
80,81,10,4737
52,80,4737,15
10,52,15,283
4737,10,283,29393
15,4737,29393,2
283,15,2,133
29393,283,133,8
2,29393,8,1136
133,2,1136,4514
8,133,4514,57
1136,8,57,4
4514,1136,4,120
57,4514,120,581
4,57,581,102
120,4,102,1595
581,120,1595,151
102,581,151,4
1595,102,4,626
151,1595,626,7
4,151,7,465
626,4,465,4413
7,626,4413,46
465,7,46,4
4413,465,4,80
46,4413,80,1397
4,46,1397,46
80,4,46,19
1397,80,19,35
46,1397,35,53
19,46,53,247
35,19,247,64
53,35,64,1189
247,53,1189,809
64,247,809,65
1189,64,65,118
809,1189,118,3261
65,809,3261,2
118,65,2,543
3261,118,543,8
2,3261,8,14
543,2,14,72
8,543,72,1096
14,8,1096,3
72,14,3,1635
1096,72,1635,277
3,1096,277,682
1635,3,682,203
277,1635,203,1137
682,277,1137,809
203,682,809,5
1137,203,5,2
809,1137,2,11229
5,809,11229,263
2,5,263,24796
11229,2,24796,8
263,11229,8,13
24796,263,13,84
8,24796,84,47
13,8,47,5354
84,13,5354,6
47,84,6,38421
5354,47,38421,9
6,5354,9,12972
38421,6,12972,782
9,38421,782,11
12972,9,11,486
782,12972,486,37
11,782,37,3266
486,11,3266,6
37,486,6,22
3266,37,22,1553
6,3266,1553,778
22,6,778,786
1553,22,786,5
778,1553,5,118
786,778,118,980
5,786,980,6
118,5,6,204
980,118,204,14
6,980,14,1292
204,6,1292,72
14,204,72,196
1292,14,196,422
72,1292,422,73
196,72,73,41
422,196,41,4
73,422,4,41
41,73,41,980
4,41,980,4
41,4,4,3548
980,41,3548,74
4,980,74,128
3548,4,128,103
74,3548,103,66
128,74,66,12972
103,128,12972,13
66,103,13,13
12972,66,13,362
13,12972,362,5
13,13,5,204
362,13,204,2
5,362,2,236
204,5,236,120
2,204,120,22
236,2,22,1069
120,236,1069,4795
22,120,4795,1074
1069,22,1074,819
4795,1069,819,3
1074,4795,3,96
819,1074,96,89
3,819,89,4
96,3,4,1809
89,96,1809,5
4,89,5,97538
1809,4,97538,7
5,1809,7,25
97538,5,25,116
7,97538,116,62
25,7,62,7
116,25,7,488
62,116,488,37
7,62,37,10
488,7,10,12972
37,488,12972,44
10,37,44,37
12972,10,37,5661
44,12972,5661,5
37,44,5,8
5661,37,8,44
5,5661,44,7
8,5,7,488
44,8,488,8
7,44,8,7
488,7,7,18
8,488,18,1968
7,8,1968,91
18,7,91,3
1968,18,3,10
91,1968,10,74
3,91,74,268
10,3,268,66
74,10,66,7
268,74,7,353
66,268,353,1144
7,66,1144,41
353,7,41,37
1144,353,37,2281
41,1144,2281,805
37,41,805,4
2281,37,4,475
805,2281,475,7
4,805,7,14
475,4,14,3
7,475,3,858
14,7,858,6
3,14,6,143
858,3,143,35
6,858,35,6
143,6,6,878
35,143,878,2
6,35,2,334
878,6,334,41
2,878,41,65
334,2,65,776
41,334,776,205
65,41,205,75
776,65,75,167
205,776,167,12972
75,205,12972,1452
167,75,1452,6
12972,167,6,39
1452,12972,39,32213
6,1452,32213,61129
39,6,61129,3213
32213,39,3213,4618
61129,32213,4618,12972
3213,61129,12972,146
4618,3213,146,22
12972,4618,22,107
146,12972,107,3
22,146,3,197
107,22,197,832
3,107,832,120
197,3,120,11
832,197,11,1588
120,832,1588,4
11,120,4,3261
1588,11,3261,543
4,1588,543,8
3261,4,8,14
543,3261,14,56
8,543,56,4
14,8,4,555
56,14,555,4
4,56,4,852
555,4,852,261
4,555,261,623
852,4,623,12972
261,852,12972,516
623,261,516,3
12972,623,3,666
516,12972,666,3
3,516,3,96
666,3,96,2
3,666,2,290
96,3,290,164
2,96,164,4
290,2,4,3
164,290,3,1153
4,164,1153,105
3,4,105,3382
1153,3,3382,6
105,1153,6,143
3382,105,143,16462
6,3382,16462,14
143,6,14,42
16462,143,42,5
14,16462,5,90
42,14,90,263
5,42,263,980
90,5,980,4
263,90,4,3548
980,263,3548,3
4,980,3,96
3548,4,96,8
3,3548,8,12321
96,3,12321,43
8,96,43,3382
12321,8,3382,2785
43,12321,2785,24
3382,43,24,263
2785,3382,263,1881
24,2785,1881,129
263,24,129,1506
1881,263,1506,6
129,1881,6,59
1506,129,59,53
6,1506,53,50
59,6,50,39
53,59,39,187
50,53,187,43
39,50,43,92
187,39,92,115
43,187,115,21
92,43,21,307
115,92,307,337
21,115,337,45
307,21,45,1153
337,307,1153,3382
45,337,3382,29
1153,45,29,3382
3382,1153,3382,5248
29,3382,5248,73
3382,29,73,12972
5248,3382,12972,44
73,5248,44,3730
12972,73,3730,7
44,12972,7,23
3730,44,23,275
7,3730,275,6
23,7,6,177
275,23,177,2
6,275,2,284
177,6,284,5
2,177,5,5683
284,2,5683,12
5,284,12,3261
5683,5,3261,56733
12,5683,56733,44
3261,12,44,8
56733,3261,8,130
44,56733,130,187
8,44,187,7
130,8,7,21
187,130,21,131
7,187,131,831
21,7,831,87
131,21,87,10
831,131,10,13
87,831,13,47
10,87,47,25
13,10,25,149
47,13,149,4068
25,47,4068,12972
149,25,12972,44
4068,149,44,74
12972,4068,74,4488
44,12972,4488,23
74,44,23,52523
4488,74,52523,4
23,4488,4,7963
52523,23,7963,12
4,52523,12,4929
7963,4,4929,401
12,7963,401,6
4929,12,6,6942
401,4929,6942,832
6,401,832,80
6942,6,80,143
832,6942,143,226
80,832,226,331
143,80,331,204
226,143,204,37
331,226,37,130
204,331,130,53016
37,204,53016,2636
130,37,2636,3218
53016,130,3218,177
2636,53016,177,5
3218,2636,5,428
177,3218,428,170
5,177,170,3382
428,5,3382,5248
170,428,5248,147
3382,170,147,3
5248,3382,3,988
147,5248,988,8
3,147,8,26
988,3,26,16
8,988,16,6
26,8,6,837
16,26,837,23
6,16,23,70483
837,6,70483,5661
23,837,5661,12972
70483,23,12972,7
5661,70483,7,42
12972,5661,42,5
7,12972,5,5123
42,7,5123,42
5,42,42,3261
5123,5,3261,843
42,5123,843,2849
3261,42,2849,6
843,3261,6,1589
2849,843,1589,28
6,2849,28,9798
1589,6,9798,76150
28,1589,76150,4
9798,28,4,33039
76150,9798,33039,44
4,76150,44,53
33039,4,53,7
44,33039,7,2
53,44,2,6454
7,53,6454,446
2,7,446,5
6454,2,5,2680
446,6454,2680,9
5,446,9,95
2680,5,95,31
9,2680,31,942
95,9,942,405
31,95,405,48
942,31,48,5
405,942,5,2
48,405,2,3808
5,48,3808,45
2,5,45,739
3808,2,739,791
45,3808,791,43
739,45,43,86473
791,739,86473,44
43,791,44,23036
86473,43,23036,31933
44,86473,31933,2
23036,44,2,3548
31933,23036,3548,843
2,31933,843,15
3548,2,15,2
843,3548,2,151
15,843,151,228
2,15,228,30989
151,2,30989,2050
228,151,2050,30989
30989,228,30989,7
2050,30989,7,2
30989,2050,2,2441
7,30989,2441,12204
2,7,12204,528
2441,2,528,8
12204,2441,8,420
528,12204,420,605
8,528,605,2235
420,8,2235,4
605,420,4,543
2235,605,543,456
4,2235,456,9
543,4,9,3261
456,543,3261,543
9,456,543,6
3261,9,6,19269
543,3261,19269,54
6,543,54,659
19269,6,659,76
54,19269,76,311
659,54,311,24
76,659,24,1589
311,76,1589,4
24,311,4,7
1589,24,7,777
4,1589,777,5
7,4,5,204
777,7,204,99
5,777,99,372
204,5,372,59360
99,204,59360,44
372,99,44,11
59360,372,11,913
44,59360,913,3
11,44,3,17
913,11,17,583
3,913,583,20
17,3,20,548
583,17,548,205
20,583,205,24
548,20,24,49
205,548,49,262
24,205,262,2
49,24,2,2
262,49,2,1051
2,262,1051,23
2,2,23,1837
1051,2,1837,4168
23,1051,4168,227
1837,23,227,393
4168,1837,393,87
227,4168,87,5
393,227,5,49
87,393,49,4935
5,87,4935,2
49,5,2,263
4935,49,263,1200
2,4935,1200,6631
263,2,6631,31933
1200,263,31933,44
6631,1200,44,11
31933,6631,11,47
44,31933,47,398
11,44,398,4
47,11,4,15529
398,47,15529,7
4,398,7,13
15529,4,13,3
7,15529,3,549
13,7,549,130
3,13,130,262
549,3,262,36
130,549,36,172
262,130,172,130
36,262,130,1717
172,36,1717,6
130,172,6,30989
1717,130,30989,29657
6,1717,29657,37017
30989,6,37017,2080
29657,30989,2080,31066
37017,29657,31066,23
2080,37017,23,393
31066,2080,393,44
23,31066,44,53
393,23,53,18
44,393,18,47
53,44,47,1110
18,53,1110,5
47,18,5,2
1110,47,2,520
5,1110,520,1160
2,5,1160,621
520,2,621,15
1160,520,15,31933
621,1160,31933,29
15,621,29,1065
31933,15,1065,86
29,31933,86,12
1065,29,12,1538
86,1065,1538,5
12,86,5,49
1538,12,49,4987
214,150,3253,951
710,214,951,433
3253,710,433,2200
951,3253,2200,348
433,951,348,14
2200,433,14,4737
348,2200,4737,2
14,348,2,2083
4737,14,2083,429
2,4737,429,2
2083,2,2,2
429,2083,2,227
2,429,227,922
2,2,922,212
227,2,212,28
922,227,28,1534
212,922,1534,348
28,212,348,4385
1534,28,4385,51
348,1534,51,233
4385,348,233,13
51,4385,13,918
233,51,918,4
13,233,4,956
918,13,956,1004
4,918,1004,3
956,4,3,664
1004,956,664,9745
3,1004,9745,26348
664,3,26348,1975
9745,664,1975,5
26348,9745,5,43
1975,26348,43,3489
5,1975,3489,212
43,5,212,5
3489,43,5,922
212,3489,922,6
5,212,6,3160
922,5,3160,4476
6,922,4476,150
3160,6,150,214
4476,3160,214,710
150,4476,710,348
214,150,348,3
710,214,3,218
348,710,218,3834
3,348,3834,2
218,3,2,10
3834,218,10,830
2,3834,830,4
10,2,4,48
830,10,48,29
4,830,29,982
48,4,982,9
29,48,9,233
982,29,233,3
9,982,3,282
233,9,282,1830
3,233,1830,120
282,3,120,4899
1830,282,4899,63517
120,1830,63517,849
4899,120,849,5
63517,4899,5,4460
849,63517,4460,150
5,849,150,214
4460,5,214,385
150,4460,385,23
214,150,23,123
385,214,123,30
23,385,30,313
123,23,313,10
30,123,10,12758
313,30,12758,3
10,313,3,3935
12758,10,3935,3
3,12758,3,609
3935,3,609,4
3,3935,4,924
609,3,924,9
4,609,9,185
924,4,185,6
9,924,6,233
185,9,233,8
6,185,8,132
233,6,132,36
8,233,36,132
132,8,132,21
36,132,21,6551
132,36,6551,3946
21,132,3946,605
6551,21,605,4093
3946,6551,4093,737
605,3946,737,1238
4093,605,1238,19
737,4093,19,3489
1238,737,3489,741
19,1238,741,6099
3489,19,6099,1484
741,3489,1484,45659
6099,741,45659,257
1484,6099,257,2879
45659,1484,2879,1484
257,45659,1484,4
2879,257,4,57
1484,2879,57,71
4,1484,71,252
57,4,252,158
71,57,158,28
252,71,28,26
158,252,26,16
28,158,16,4480
26,28,4480,335
16,26,335,122
4480,16,122,658
335,4480,658,78035
122,335,78035,1004
658,122,1004,5942
78035,658,5942,41940
1004,78035,41940,7
5942,1004,7,2
41940,5942,2,10330
7,41940,10330,335
2,7,335,9
10330,2,9,48
335,10330,48,5434
9,335,5434,5
