241,2,30,16
2,241,16,21
30,2,21,507
16,30,507,5
21,16,5,2057
507,21,2057,4
5,507,4,337
2057,5,337,5
4,2057,5,16205
337,4,16205,2806
5,337,2806,22334
16205,5,22334,2477
2806,16205,2477,51110
22334,2806,51110,95969
2477,22334,95969,9150
51110,2477,9150,353
95969,51110,353,540
9150,95969,540,263
353,9150,263,50
540,353,50,165
263,540,165,110
50,263,110,19
165,50,19,26019
110,165,26019,1922
19,110,1922,6
26019,19,6,1344
1922,26019,1344,9798
6,1922,9798,3780
1344,6,3780,198
9798,1344,198,415
3780,9798,415,36
198,3780,36,119
415,198,119,34087
36,415,34087,4
119,36,4,8906
34087,119,8906,6468
4,34087,6468,9
8906,4,9,397
6468,8906,397,2
9,6468,2,1485
397,9,1485,621
2,397,621,2
1485,2,2,1168
621,1485,1168,53566
2,621,53566,5
1168,2,5,11742
53566,1168,11742,9743
5,53566,9743,3935
11742,5,3935,6
9743,11742,6,725
3935,9743,725,5
6,3935,5,4631
725,6,4631,126
5,725,126,77602
4631,5,77602,1922
126,4631,1922,6961
77602,126,6961,50
1922,77602,50,1131
6961,1922,1131,9
50,6961,9,347
1131,50,347,232
9,1131,232,76
347,9,76,5
232,347,5,2291
76,232,2291,50
5,76,50,1645
2291,5,1645,9
50,2291,9,2484
1645,50,2484,5
9,1645,5,38
2484,9,38,552
5,2484,552,42
38,5,42,3
552,38,3,17
42,552,17,95440
3,42,95440,28
17,3,28,8
95440,17,8,40
28,95440,40,870
8,28,870,394
40,8,394,540
870,40,540,37
394,870,37,45
540,394,45,13
37,540,13,398
45,37,398,1033
13,45,1033,2608
398,13,2608,3
1033,398,3,248
2608,1033,248,2041
3,2608,2041,59170
248,3,59170,851
2041,248,851,52
59170,2041,52,4798
851,59170,4798,1034
52,851,1034,5
4798,52,5,294
1034,4798,294,3
5,1034,3,1362
294,5,1362,747
3,294,747,50
1362,3,50,98560
747,1362,98560,1129
50,747,1129,14
98560,50,14,2845
1129,98560,2845,898
14,1129,898,2559
2845,14,2559,59
898,2845,59,10
2559,898,10,4344
59,2559,4344,24
10,59,24,3831
4344,10,3831,3291
24,4344,3291,2558
3831,24,2558,658
3291,3831,658,5877
2558,3291,5877,1828
658,2558,1828,21140
5877,658,21140,204
1828,5877,204,2
21140,1828,2,11066
204,21140,11066,39
2,204,39,1545
11066,2,1545,4
39,11066,4,57
1545,39,57,263
4,1545,263,152
57,4,152,1970
263,57,1970,16
152,263,16,254
1970,152,254,2828
16,1970,2828,425
254,16,425,2755
2828,254,2755,255
425,2828,255,4
2755,425,4,4103
255,2755,4103,2
4,255,2,5502
4103,4,5502,23
2,4103,23,7626
5502,2,7626,1922
23,5502,1922,126
7626,23,126,1129
1922,7626,1129,30
126,1922,30,2360
1129,126,2360,158
30,1129,158,18
2360,30,18,21
158,2360,21,12014
18,158,12014,95
21,18,95,95195
12014,21,95195,204
95,12014,204,68
95195,95,68,1299
204,95195,1299,65354
68,204,65354,1087
1299,68,1087,2
65354,1299,2,254
1087,65354,254,1129
2,1087,1129,14
254,2,14,13011
1129,254,13011,23
14,1129,23,2
13011,14,2,497
23,13011,497,5
2,23,5,4589
497,2,4589,1161
5,497,1161,985
4589,5,985,36
1161,4589,36,20289
985,1161,20289,126
36,985,126,3831
20289,36,3831,1765
126,20289,1765,14
3831,126,14,78911
1765,3831,78911,2658
14,1765,2658,6
78911,14,6,418
2658,78911,418,14
6,2658,14,314
418,6,314,390
14,418,390,95134
314,14,95134,1129
390,314,1129,14
95134,390,14,38296
1129,95134,38296,1941
14,1129,1941,5338
38296,14,5338,7
1941,38296,7,4691
5338,1941,4691,508
7,5338,508,2
4691,7,2,80900
508,4691,80900,2806
2,508,2806,777
80900,2,777,7
2806,80900,7,6
777,2806,6,1837
7,777,1837,177
6,7,177,5
1837,6,5,7456
177,1837,7456,746
5,177,746,2
7456,5,2,879
746,7456,879,228
2,746,228,70981
879,2,70981,109
228,879,109,5559
70981,228,5559,311
109,70981,311,24
5559,109,24,2085
311,5559,2085,16913
24,311,16913,2558
2085,24,2558,1032
16913,2085,1032,624
2558,16913,624,266
1032,2558,266,21140
624,1032,21140,777
266,624,777,7
21140,266,7,425
777,21140,425,3
7,777,3,17
425,7,17,6
3,425,6,2
17,3,2,17326
6,17,17326,418
2,6,418,165
17326,2,165,2558
418,17326,2558,2262
165,418,2262,2414
2558,165,2414,146
2262,2558,146,38
2414,2262,38,107
146,2414,107,53
38,146,53,4
107,38,4,158
53,107,158,28
4,53,28,2484
158,4,2484,18
28,158,18,47
2484,28,47,277
18,2484,277,4
47,18,4,16
277,47,16,118
4,277,118,7582
16,4,7582,3
118,16,3,5810
7582,118,5810,9367
3,7582,9367,18
5810,3,18,25
9367,5810,25,239
18,9367,239,317
25,18,317,2484
239,25,2484,3
317,239,3,158
2484,317,158,32244
3,2484,32244,15277
158,3,15277,4
32244,158,4,57
15277,32244,57,1572
4,15277,1572,6
57,4,6,2558
1572,57,2558,53643
6,1572,53643,1032
2558,6,1032,624
53643,2558,624,15121
1032,53643,15121,22116
624,1032,22116,1118
15121,624,1118,15
22116,15121,15,624
1118,22116,624,4
15,1118,4,214
624,15,214,158
4,624,158,2
214,4,2,434
158,214,434,5
2,158,5,2806
434,2,2806,2036
5,434,2036,2
2806,5,2,4012
2036,2806,4012,88
2,2036,88,1130
4012,2,1130,177
88,4012,177,5
1130,88,5,98
177,1130,98,1941
5,177,1941,16
98,5,16,14005
1941,98,14005,4
16,1941,4,5502
14005,16,5502,10
4,14005,10,7
5502,4,7,2221
10,5502,2221,9
7,10,9,2
2221,7,2,1129
9,2221,1129,3
2,9,3,848
1129,2,848,24
3,1129,24,2893
848,3,2893,23
24,848,23,16873
2893,24,16873,32795
23,2893,32795,63
16873,23,63,1726
32795,16873,1726,657
63,32795,657,2317
1726,63,2317,1032
657,1726,1032,624
2317,657,624,6358
1032,2317,6358,10624
624,1032,10624,3
6358,624,3,555
10624,6358,555,4
3,10624,4,291
555,3,291,79
4,555,79,2806
291,4,2806,3753
79,291,3753,28
2806,79,28,4
3753,2806,4,657
28,3753,657,873
4,28,873,4
657,4,4,158
873,657,158,44
4,873,44,5
158,4,5,7344
44,158,7344,540
5,44,540,9
7344,5,9,104056
540,7344,104056,63
9,540,63,10145
104056,9,10145,15055
63,104056,15055,11600
10145,63,11600,228
15055,10145,228,657
11600,15055,657,3
228,11600,3,2334
657,228,2334,22
3,657,22,6321
2334,3,6321,184
22,2334,184,3
6321,22,3,76775
184,6321,76775,2436
3,184,2436,371
76775,3,371,657
2436,76775,657,8
371,2436,8,999
657,371,999,34
8,657,34,17
999,8,17,392
34,999,392,9
17,34,9,12444
392,17,12444,451
9,392,451,3350
12444,9,3350,5
451,12444,5,263
3350,451,263,755
5,3350,755,6
263,5,6,291
755,263,291,5
6,755,5,1129
291,6,1129,2806
5,291,2806,3753
1129,5,3753,304
2806,1129,304,12899
3753,2806,12899,269
304,3753,269,5
12899,304,5,35
269,12899,35,256
5,269,256,1495
35,5,1495,957
256,35,957,3
1495,256,3,263
957,1495,263,238
3,957,238,624
263,3,624,7024
238,263,7024,5765
624,238,5765,3
7024,624,3,2334
5765,7024,2334,22
3,5765,22,6321
2334,3,6321,4
22,2334,4,800
6321,22,800,70
4,6321,70,2432
800,4,2432,52
70,800,52,816
2432,70,816,184
52,2432,184,3
816,52,3,35
184,816,35,13032
3,184,13032,263
35,3,263,1924
13032,35,1924,1828
263,13032,1828,28
1924,263,28,10
1828,1924,10,14
28,1828,14,1172
10,28,1172,566
14,10,566,1129
1172,14,1129,3
566,1172,3,418
1129,566,418,3
3,1129,3,248
418,3,248,15
3,418,15,451
248,3,451,2262
15,248,2262,4
451,15,4,291
2262,451,291,4
4,2262,4,204
291,4,204,1893
4,291,1893,2
204,4,2,11658
1893,204,11658,9
2,1893,9,2291
11658,2,2291,90
9,11658,90,5
2291,9,5,894
90,2291,894,2373
5,90,2373,23
894,5,23,1922
2373,894,1922,6
23,2373,6,1344
1922,23,1344,9798
6,1922,9798,120
1344,6,120,26
9798,1344,26,13
120,9798,13,761
26,120,761,38
13,26,38,552
761,13,552,42
38,761,42,3
552,38,3,48687
42,552,48687,2291
3,42,2291,18
48687,3,18,398
2291,48687,398,1033
18,2291,1033,2608
398,18,2608,3
1033,398,3,248
2608,1033,248,2041
3,2608,2041,104053
248,3,104053,2
2041,248,2,1344
104053,2041,1344,9798
2,104053,9798,1922
1344,2,1922,7231
9798,1344,7231,2
1922,9798,2,7769
7231,1922,7769,10270
2,7231,10270,14
7769,2,14,303
10270,7769,303,61
14,10270,61,9
303,14,9,95
61,303,95,31
9,61,31,22720
95,9,22720,15
31,95,15,1881
22720,31,1881,6895
15,22720,6895,4
1881,15,4,8906
6895,1881,8906,47707
4,6895,47707,1129
8906,4,1129,4918
47707,8906,4918,139
1129,47707,139,2
4918,1129,2,304
139,4918,304,12
2,139,12,672
304,2,672,30
12,304,30,16
672,12,16,1471
30,672,1471,5
16,30,5,152
1471,16,152,181
5,1471,181,1475
152,5,1475,599
181,152,599,315
1475,181,315,16
599,1475,16,84
315,599,84,110
16,315,110,455
84,16,455,8927
110,84,8927,743
455,110,743,149
8927,455,149,420
743,8927,420,41
149,743,41,294
420,149,294,2
41,420,2,850
294,41,850,2
2,294,2,1131
243,226,79,2050
85,243,2050,19
79,85,19,4980
2050,79,4980,682
19,2050,682,76
4980,19,76,3108
682,4980,3108,5
76,682,5,550
3108,76,550,7984
5,3108,7984,93
550,5,93,6087
7984,550,6087,19
93,7984,19,4082
6087,93,4082,72
19,6087,72,373
4082,19,373,75
72,4082,75,26
373,72,26,2997
75,373,2997,197
26,75,197,46
2997,26,46,254
197,2997,254,26
46,197,26,1047
254,46,1047,4772
26,254,4772,4
1047,26,4,5442
4772,1047,5442,72
4,4772,72,44
5442,4,44,126
72,5442,126,2611
44,72,2611,3
126,44,3,199
2611,126,199,3
3,2611,3,516
199,3,516,2
3,199,2,2926
516,3,2926,7036
2,516,7036,127
2926,2,127,237
7036,2926,237,70
127,7036,70,1075
237,127,1075,133
70,237,133,1454
1075,70,1454,365
133,1075,365,2
1454,133,2,532
365,1454,532,429
2,365,429,3
532,2,3,243
429,532,243,85
3,429,85,79
243,3,79,2050
85,243,2050,19
79,85,19,4980
2050,79,4980,586
19,2050,586,8
4980,19,8,76
586,4980,76,3108
8,586,3108,5
76,8,5,550
3108,76,550,7984
5,3108,7984,16
550,5,16,6087
7984,550,6087,19
16,7984,19,4082
6087,16,4082,72
19,6087,72,373
4082,19,373,75
72,4082,75,26
373,72,26,2997
75,373,2997,1578
26,75,1578,1647
2997,26,1647,1686
1578,2997,1686,504
1647,1578,504,3490
1686,1647,3490,75
504,1686,75,760
3490,504,760,5013
75,3490,5013,12
760,75,12,547
5013,760,547,1553
12,5013,1553,70
547,12,70,5045
1553,547,5045,1578
70,1553,1578,46
5045,70,46,454
1578,5045,454,2214
46,1578,2214,6
454,46,6,3174
2214,454,3174,2
6,2214,2,38
3174,6,38,504
2,3174,504,7157
38,2,7157,75
504,38,75,2
7157,504,2,108
75,7157,108,952
2,75,952,345
108,2,345,232
952,108,232,5
345,952,5,1578
232,345,1578,1647
5,232,1647,1188
1578,5,1188,594
1647,1578,594,429
1188,1647,429,8
594,1188,8,528
429,594,528,13
8,429,13,47
528,8,47,3490
13,528,3490,9
47,13,9,760
3490,47,760,38
9,3490,38,5013
760,9,5013,12
38,760,12,4
5013,38,4,3053
12,5013,3053,547
4,12,547,1553
3053,4,1553,70
547,3053,70,5045
1553,547,5045,181
70,1553,181,85
5045,70,85,44
181,5045,44,88
85,181,88,70
44,85,70,100
88,44,100,86
70,88,86,60
100,70,60,6
86,100,6,118
60,86,118,6
6,60,6,183
118,6,183,968
6,118,968,15
183,6,15,417
968,183,417,1017
15,968,1017,57
417,15,57,94
1017,417,94,197
57,1017,197,46
94,57,46,184
197,94,184,3
46,197,3,2
184,46,2,181
3,184,181,307
2,3,307,429
181,2,429,19
307,181,19,2517
429,307,2517,654
19,429,654,456
2517,19,456,85
654,2517,85,44
456,654,44,34
85,456,34,9
44,85,9,408
34,44,408,5
9,34,5,70
408,9,70,963
5,408,963,86
70,5,86,60
963,70,60,20
86,963,20,66
60,86,66,26
20,60,26,34
66,20,34,3987
26,66,3987,183
34,26,183,968
3987,34,968,2
183,3987,2,2
968,183,2,417
2,968,417,31
2,2,31,144
417,2,144,2
31,417,2,382
144,31,382,127
2,144,127,94
382,2,94,4314
127,382,4314,2654
94,127,2654,3664
4314,94,3664,272
2654,4314,272,11
3664,2654,11,72
272,3664,72,83
11,272,83,1040
72,11,1040,52
83,72,52,11
1040,83,11,483
52,1040,483,3
11,52,3,210
483,11,210,326
3,483,326,18740
210,3,18740,9461
326,210,9461,46
18740,326,46,9374
9461,18740,9374,89
46,9461,89,8
9374,46,8,11
89,9374,11,100
8,89,100,17
11,8,17,23
100,11,23,22
17,100,22,210
23,17,210,6
22,23,6,2
210,22,2,18436
6,210,18436,556
2,6,556,4314
18436,2,4314,10139
556,18436,10139,10300
4314,556,10300,3427
10139,4314,3427,4
10300,10139,4,3664
3427,10300,3664,1440
4,3427,1440,23
3664,4,23,17920
1440,3664,17920,6883
23,1440,6883,852
17920,23,852,543
6883,17920,543,8
852,6883,8,11
543,852,11,14
8,543,14,72
11,8,72,83
14,11,83,1040
72,14,1040,52
83,72,52,11
1040,83,11,739
52,1040,739,3
11,52,3,210
739,11,210,333
3,739,333,425
210,3,425,298
992,2319,759,1745
72,992,1745,3
759,72,3,1365
1745,759,1365,34
3,1745,34,5
1365,3,5,45
34,1365,45,355
5,34,355,109
45,5,109,3714
355,45,3714,10884
109,355,10884,75
3714,109,75,2971
10884,3714,2971,146
75,10884,146,2319
2971,75,2319,451
146,2971,451,7
2319,146,7,1289
451,2319,1289,8
7,451,8,492
1289,7,492,40
8,1289,40,25
492,8,25,622
40,492,622,451
25,40,451,3
622,25,3,172
451,622,172,10
3,451,10,8
172,3,8,121
10,172,121,21
8,10,21,154
121,8,154,2
21,121,2,2
154,21,2,1066
2,154,1066,3
2,2,3,580
1066,2,580,2319
3,1066,2319,14
580,3,14,131
2319,580,131,136
14,2319,136,2
131,14,2,973
136,131,973,4641
2,136,4641,650
973,2,650,456
4641,973,456,50
650,4641,50,149
456,650,149,620
50,456,620,456
149,50,456,5
620,149,5,191
456,620,191,492
5,456,492,7
191,5,7,9195
492,191,9195,4
7,492,4,1602
9195,7,1602,2674
4,9195,2674,3
1602,4,3,10
2674,1602,10,4
3,2674,4,42
10,3,42,5
4,10,5,88
42,4,88,1661
5,42,1661,107
88,5,107,8
1661,88,8,213
107,1661,213,13
8,107,13,5
213,8,5,11511
13,213,11511,648
5,13,648,10
11511,5,10,115
648,11511,115,73
10,648,73,7
115,10,7,3
73,115,3,6986
7,73,6986,81
3,7,81,6
6986,3,6,6652
81,6986,6652,415
6,81,415,2183
6652,6,2183,4
415,6652,4,2
2183,415,2,136
4,2183,136,12744
2,4,12744,2
136,2,2,451
12744,136,451,25
2,12744,25,2
451,2,2,3
25,451,3,96
2,25,96,81
3,2,81,43112
96,3,43112,377
81,96,377,8
43112,81,8,3
377,43112,3,2
8,377,2,2319
3,8,2319,7
2,3,7,20821
2319,2,20821,29
7,2319,29,10
20821,7,10,165
29,20821,165,1352
10,29,1352,183
165,10,183,547
1352,165,547,868
183,1352,868,240
547,183,240,7
868,547,7,3
240,868,3,72
7,240,72,19372
3,7,19372,10
72,3,10,83
19372,72,83,2
10,19372,2,136
83,10,136,2
2,83,2,451
136,2,451,375
2,136,375,10
451,2,10,3026
375,451,3026,694
10,375,694,296
3026,10,296,83
694,3026,83,10
296,694,10,773
83,296,773,6
10,83,6,268
773,10,268,10
6,773,10,132
268,6,132,21
10,268,21,179
132,10,179,20
21,132,20,60
179,21,60,29
20,179,29,8
60,20,8,635
29,60,635,172
8,29,172,81
635,8,81,24
172,635,24,424
81,172,424,17541
24,81,17541,2319
424,24,2319,168
17541,424,168,2574
2319,17541,2574,4
168,2319,4,8103
2574,168,8103,10757
4,2574,10757,212
8103,4,212,992
10757,8103,992,7
212,10757,7,856
992,212,856,3
7,992,3,25
856,7,25,8
3,856,8,319
25,3,319,10
8,25,10,110
319,8,110,168
10,319,168,28836
110,10,28836,241
168,110,241,362
28836,168,362,4
241,28836,4,928
362,241,928,10
4,362,10,2548
928,4,2548,155
10,928,155,351
5,600,27,1275
138,5,1275,58
27,138,58,287
1275,27,287,9
58,1275,9,63
287,58,63,18
9,287,18,1126
63,9,1126,24
18,63,24,1523
1126,18,1523,3
24,1126,3,6205
1523,24,6205,122
3,1523,122,78
6205,3,78,32
122,6205,32,600
78,122,600,5
32,78,5,118
600,32,118,162
5,600,162,18
118,5,18,317
162,118,317,24
18,162,24,253
317,18,253,3
24,317,3,1878
253,24,1878,856
3,253,856,25
1878,3,25,6005
856,1878,6005,41
25,856,41,1066
6005,25,1066,10
41,6005,10,584
1066,41,584,110
10,1066,110,3
584,10,3,17
110,584,17,78
3,110,78,1582
17,3,1582,138
78,17,138,6
1582,78,6,64229
138,1582,64229,7
6,138,7,64
64229,6,64,4012
7,64229,4012,37
64,7,37,32
4012,64,32,95
37,4012,95,31
32,37,31,144
95,32,144,49
31,95,49,2
144,31,2,149
49,144,149,2
2,49,2,95
149,2,95,31
2,149,31,768
95,2,768,49
31,95,49,18
768,31,18,334
49,768,334,1474
18,49,1474,3168
334,18,3168,206
1474,334,206,27
3168,1474,27,7
206,3168,7,190
27,206,190,323
7,27,323,64
190,7,64,42
323,190,42,7
64,323,7,116
42,64,116,40
7,42,40,80
116,7,80,803
40,116,803,360
80,40,360,9
803,80,9,27
360,803,27,25
9,360,25,31
27,9,31,16
25,27,16,48
31,25,48,104
16,31,104,169
48,16,169,31
104,48,31,144
169,104,144,89
31,169,89,206
144,31,206,26
89,144,26,16
206,89,16,3309
26,206,3309,119
16,26,119,471
3309,16,471,30
119,3309,30,16
471,119,16,134
30,471,134,31
16,30,31,488
134,16,488,5102
31,134,5102,19
488,31,19,1318
5102,488,1318,5
19,5102,5,161
1318,19,161,675
5,1318,675,3
161,5,3,224
675,161,224,15
3,675,15,8147
224,3,8147,935
