190,72,9,20
357,190,20,92129
9,357,92129,32
20,9,32,2
92129,20,2,678
32,92129,678,3874
2,32,3874,5597
678,2,5597,19
3874,678,19,3985
5597,3874,3985,31
19,5597,31,16
3985,19,16,2984
31,3985,2984,1791
16,31,1791,49
2984,16,49,74
1791,2984,74,27
49,1791,27,929
74,49,929,2
27,74,2,6690
929,27,6690,5
2,929,5,20
6690,2,20,1190
5,6690,1190,2587
20,5,2587,46
1190,20,46,2
2587,1190,2,1190
46,2587,1190,2587
2,46,2587,169
1190,2,169,993
2587,1190,993,169
169,2587,169,5
993,169,5,70
169,993,70,18
5,169,18,28
70,5,28,26
18,70,26,900
28,18,900,3
26,28,3,4413
900,26,4413,47909
3,900,47909,16
4413,3,16,2486
47909,4413,2486,9
16,47909,9,1441
2486,16,1441,160
9,2486,160,4
1441,9,4,145
160,1441,145,13
4,160,13,1266
145,4,1266,2
13,145,2,39
1266,13,39,1082
2,1266,1082,32
39,2,32,13
1082,39,13,8431
32,1082,8431,1974
13,32,1974,8
8431,13,8,70
1974,8431,70,55
8,1974,55,21
70,8,21,18
55,70,18,1661
21,55,1661,148
18,21,148,8
1661,18,8,136
148,1661,136,5
8,148,5,108
136,8,108,123
5,136,123,9
108,5,9,1916
123,108,1916,46
9,123,46,4626
1916,9,4626,283
46,1916,283,299
4626,46,299,361
283,4626,361,166
299,283,166,875
361,299,875,842
166,361,842,1831
875,166,1831,648
842,875,648,8
1831,842,8,25
648,1831,25,3139
8,648,3139,12
25,8,12,3719
3139,25,3719,2131
12,3139,2131,1450
3719,12,1450,8
2131,3719,8,1546
1450,2131,1546,1473
8,1450,1473,145
1546,8,145,44
1473,1546,44,22641
145,1473,22641,135
44,145,135,97
22641,44,97,7
135,22641,7,2
97,135,2,97
7,97,97,5
2,7,5,955
97,2,955,748
5,97,748,4
955,5,4,215
748,955,215,191
4,748,191,10
215,4,10,7
191,215,7,54962
10,191,54962,5
7,10,5,22715
54962,7,22715,15
5,54962,15,195
22715,5,195,73
15,22715,73,1503
195,15,1503,1600
73,195,1600,12266
1503,73,12266,3954
1600,1503,3954,46
12266,1600,46,31
3954,12266,31,1730
46,3954,1730,83
31,46,83,166
1730,31,166,391
83,1730,391,117
166,83,117,146
391,166,146,4
117,391,4,1104
146,117,1104,61
4,146,61,176
1104,4,176,936
61,1104,936,5
176,61,5,4019
936,176,4019,220
5,936,220,1440
4019,5,1440,46
220,4019,46,36
1440,220,36,4268
46,1440,4268,3015
36,46,3015,2577
4268,36,2577,46
3015,4268,46,31
2577,3015,31,7
46,2577,7,400
31,46,400,3
7,31,3,248
400,7,248,1846
3,400,1846,68940
248,3,68940,5
1846,248,5,148
68940,1846,148,8
5,68940,8,18
148,5,18,47
8,148,47,228
18,8,228,9
47,18,9,19
228,47,19,138
9,228,138,27
19,9,27,2
138,19,2,12059
27,138,12059,6018
2,27,6018,18
12059,2,18,260
6018,12059,260,47
18,6018,47,4176
260,18,4176,19
47,260,19,135
4176,47,135,11784
19,4176,11784,71
135,19,71,252
11784,135,252,13
71,11784,13,4498
252,71,4498,41
13,252,41,65
4498,13,65,169
41,4498,169,45
65,41,45,46
169,65,46,41
45,169,41,65
46,45,65,98
41,46,98,57
65,41,57,63
98,65,63,10
57,98,10,7
63,57,7,1172
10,63,1172,813
7,10,813,70
1172,7,70,1059
813,1172,1059,3187
70,813,3187,581
1059,70,581,142
3187,1059,142,3
581,3187,3,120
142,581,120,26
3,142,26,16
120,3,16,489
26,120,489,71
16,26,71,252
489,16,252,7
71,489,7,41
252,71,41,4
7,252,4,41
41,7,41,1892
4,41,1892,25420
41,4,25420,614
1892,41,614,2
25420,1892,2,428
614,25420,428,8
2,614,8,608
428,2,608,15
8,428,15,32
608,8,32,252
15,608,252,2375
32,15,2375,5
252,32,5,4253
2375,252,4253,71
5,2375,71,252
4253,5,252,7
71,4253,7,13773
252,71,13773,102
7,252,102,449
13773,7,449,1075
102,13773,1075,770
449,102,770,15
1075,449,15,2528
770,1075,2528,176
15,770,176,1640
2528,15,1640,4
176,2528,4,62483
1640,176,62483,525
4,1640,525,15
62483,4,15,8811
525,62483,8811,648
15,525,648,73
8811,15,73,2689
648,8811,2689,590
73,648,590,59
2689,73,59,32
590,2689,32,69
59,590,69,4
32,59,4,49
69,32,49,267
4,69,267,10582
49,4,10582,70
267,49,70,3
10582,267,3,768
70,10582,768,145
3,70,145,87
768,3,87,11
145,768,11,7
87,145,7,21
11,87,21,2
7,11,2,162
21,7,162,10
2,21,10,7
162,2,7,412
10,162,412,41
7,10,41,65
412,7,65,2
41,412,2,11669
65,41,11669,922
2,65,922,3
11669,2,3,1142
922,11669,1142,51
3,922,51,26
1142,3,26,16
51,1142,16,245
26,51,245,254
16,26,254,7
245,16,7,3960
254,245,3960,3
7,254,3,135
3960,7,135,97
3,3960,97,7
135,3,7,41
97,135,41,344
7,97,344,65
41,7,65,3960
344,41,3960,3
65,344,3,3494
3960,65,3494,2809
3,3960,2809,8
3494,3,8,10
2809,3494,10,3660
8,2809,3660,9425
10,8,9425,20
3660,10,20,7
9425,3660,7,6291
20,9425,6291,2391
7,20,2391,5
6291,7,5,2384
2391,6291,2384,16288
5,2391,16288,9
2384,5,9,81
16288,2384,81,118
9,16288,118,2
81,9,2,3137
118,81,3137,162
2,118,162,7
3137,2,7,41
162,3137,41,344
7,162,344,65
41,7,65,454
344,41,454,3494
65,344,3494,356
454,65,356,203
3494,454,203,1038
356,3494,1038,66
203,356,66,5
1038,203,5,2
66,1038,2,135
5,66,135,127
2,5,127,252
135,2,252,290
127,135,290,9
252,127,9,932
290,252,932,3309
9,290,3309,70
932,9,70,4
3309,932,4,774
70,3309,774,9
4,70,9,932
774,4,932,3309
9,774,3309,70
932,9,70,5
3309,932,5,1897
70,3309,1897,13
5,70,13,21
1897,5,21,1968
13,1897,1968,282
21,13,282,10
1968,21,10,13
282,1968,13,1968
10,282,1968,901
13,10,901,32
1968,13,32,88
901,1968,88,921
32,901,921,163
88,32,163,6
921,88,6,135
163,921,135,97
6,163,97,505
135,6,505,3
97,135,3,19632
505,97,19632,622
3,505,622,8
19632,3,8,7
622,19632,7,732
8,622,732,15
7,8,15,10
732,7,10,10
15,732,10,14
10,15,14,203
10,10,203,38
14,10,38,792
203,14,792,8
38,203,8,97
792,38,97,365
8,792,365,10
97,8,10,88
365,97,88,8311
10,365,8311,4
88,10,4,13686
8311,88,13686,484
4,8311,484,200
13686,4,200,4
484,13686,4,78
200,484,78,9716
4,200,9716,2626
78,4,2626,4
9716,78,4,893
2626,9716,893,45983
4,2626,45983,441
893,4,441,5
45983,893,5,680
441,45983,680,309
5,441,309,200
680,5,200,4
309,680,4,78
200,309,78,1353
4,200,1353,9
78,4,9,4350
1353,78,4350,506
9,1353,506,224
4350,9,224,73
506,4350,73,4253
224,506,4253,4
73,224,4,3657
4253,73,3657,2064
4,4253,2064,200
3657,4,200,4
2064,3657,4,78
200,2064,78,18
4,200,18,146
78,4,146,169
18,78,169,5
146,18,5,670
169,146,670,876
5,169,876,9
670,5,9,1450
876,670,1450,4
9,876,4,493
1450,9,493,2824
4,1450,2824,32
493,4,32,16
2824,493,16,42
32,2824,42,5
16,32,5,88
42,16,88,1536
5,42,1536,907
88,5,907,6
1536,88,6,43
907,1536,43,356
6,907,356,32
43,6,32,479
356,43,479,13
32,356,13,47
479,32,47,607
13,479,607,19
47,13,19,2612
607,47,2612,797
19,607,797,5316
2612,19,5316,37548
797,2612,37548,2
5316,797,2,2
37548,5316,2,1515
2,37548,1515,4690
2,2,4690,3020
1515,2,3020,13
4690,1515,13,522
3020,4690,522,2
13,3020,2,2
522,13,2,1660
2,522,1660,3
2,2,3,13198
1660,2,13198,246
3,1660,246,4
13198,3,4,3
246,13198,3,5952
4,246,5952,347
3,4,347,542
5952,3,542,1948
347,5952,1948,8
542,347,8,5
1948,542,5,32
8,1948,32,145
5,8,145,100
32,5,100,433
145,32,433,7
100,145,7,21
433,100,21,72
7,433,72,2176
21,7,2176,10
72,21,10,7
2176,72,7,30953
10,2176,30953,1622
7,10,1622,4
30953,7,4,10
1622,30953,10,7
4,1622,7,2176
10,4,2176,4
7,10,4,30953
2176,7,30953,1622
4,2176,1622,3038
30953,4,3038,87
1622,30953,87,145
3038,1622,145,7
87,3038,7,21
145,87,21,4
7,145,4,15328
21,7,15328,145
4,21,145,2
15328,4,2,1927
145,15328,1927,679
2,145,679,7
1927,2,7,21
679,1927,21,2
7,679,2,97
21,7,97,3084
2,21,3084,11
97,2,11,7
3084,97,7,2
11,3084,2,1291
7,11,1291,3298
2,7,3298,31
1291,2,31,7
3298,1291,7,86
31,3298,86,438
7,31,438,12
86,7,12,135
438,86,135,1813
12,438,1813,87
135,12,87,11
1813,135,11,116
87,1813,116,20
11,87,20,23
116,11,23,735
20,116,735,105
23,20,105,532
735,23,532,7
105,735,7,86
532,105,86,107
7,532,107,11
86,7,11,77
107,86,77,18
11,107,18,2
77,11,2,600
18,77,600,5
2,18,5,817
600,2,817,59
5,600,59,10
817,5,10,154
59,817,154,3
10,59,3,667
154,10,667,675
3,154,675,43
667,3,43,7
675,667,7,4
43,675,4,3053
7,43,3053,10732
4,7,10732,133
3053,4,133,88
10732,3053,88,5
133,10732,5,108
88,133,108,6413
5,88,6413,18
108,5,18,76
6413,108,76,359
18,6413,359,5
76,18,5,905
359,76,905,9
5,359,9,84274
905,5,84274,675
9,905,675,4
84274,9,4,6
675,84274,6,136
4,675,136,5
6,4,5,730
136,6,730,6
5,136,6,994
730,5,994,120
6,730,120,92
994,6,92,16
120,994,16,292
92,120,292,12
16,92,12,4406
292,16,4406,213
12,292,213,667
4406,12,667,675
213,4406,675,55
667,213,55,671
675,667,671,23
55,675,23,275
671,55,275,2
23,671,2,503
275,23,503,564
2,275,564,6
503,2,6,105
564,503,105,213
6,564,213,20
105,6,20,7
213,105,7,21
20,213,21,25
7,20,25,6
21,7,6,43
25,21,43,120
6,25,120,53
43,6,53,16
120,43,16,3794
53,120,3794,3423
16,53,3423,3
3794,16,3,923
3423,3794,923,6
3,3423,6,43
923,3,43,85
6,923,85,46
43,6,46,15
85,43,15,1504
46,85,1504,185
15,46,185,349
1504,15,349,1225
185,1504,1225,7114
349,185,7114,2337
1225,349,2337,4
7114,1225,4,5
2337,7114,5,376
4,2337,376,906
5,4,906,645
376,5,645,145
906,376,145,100
645,906,100,3303
145,645,3303,988
100,145,988,8
3303,100,8,70
988,3303,70,16
8,988,16,6258
70,8,6258,9
16,70,9,280
6258,16,280,3494
9,6258,3494,356
280,9,356,9
3494,280,9,359
356,3494,359,5
9,356,5,3494
359,9,3494,356
5,359,356,135
3494,5,135,97
356,3494,97,13
135,356,13,241
97,135,241,3286
13,97,3286,209
241,13,209,8
3286,241,8,2
209,3286,2,14856
8,209,14856,4
2,8,4,3034
14856,2,3034,20880
4,14856,20880,272
3034,4,272,2
20880,3034,2,1384
272,20880,1384,387
2,272,387,15
1384,2,15,2
387,1384,2,3142
15,387,3142,656
2,15,656,894
3142,2,894,88
656,3142,88,70
894,656,70,13
88,894,13,208
70,88,208,485
13,70,485,5
208,13,5,375
485,208,375,20
5,485,20,66
375,5,66,13
20,375,13,47
66,20,47,377
13,66,377,25
47,13,25,3053
377,47,3053,149
25,377,149,7
3053,25,7,2
149,3053,2,5584
7,149,5584,3
2,7,3,72
5584,2,72,62
3,5584,62,973
72,3,973,46
62,72,46,4
973,62,4,42
46,973,42,230
4,46,230,80
42,4,80,44
230,42,44,1817
80,230,1817,46
44,80,46,22
1817,44,22,2035
46,1817,2035,354
22,46,354,16
2035,22,16,4
354,2035,4,2454
16,354,2454,3083
4,16,3083,578
2454,4,578,13
3083,2454,13,47
578,3083,47,1326
13,578,1326,231
47,13,231,145
1326,47,145,20
231,1326,20,578
145,231,578,13
20,145,13,4089
578,20,4089,6
13,578,6,131
4089,13,131,334
6,4089,334,60
131,6,60,10
334,131,10,7
60,334,7,186
10,60,186,19
7,10,19,2328
186,7,2328,774
19,186,774,19
2328,19,19,534
774,2328,534,225
19,774,225,4
534,19,4,45
225,534,45,5
4,225,5,1897
45,4,1897,51
5,45,51,30
1897,5,30,16
51,1897,16,6066
30,51,6066,101
16,30,101,84
6066,16,84,7
101,6066,7,8144
84,101,8144,5
7,84,5,2
8144,7,2,39
5,8144,39,274
2,5,274,1075
39,2,1075,43
274,39,43,46
1075,274,46,4
43,1075,4,1075
46,43,1075,108
4,46,108,145
1075,4,145,7
108,1075,7,177
145,108,177,5
7,145,5,20
177,7,20,136
5,177,136,1457
20,5,1457,414
136,20,414,1420
1457,136,1420,15
414,1457,15,678
1420,414,678,73
15,1420,73,5640
678,15,5640,11586
73,678,11586,6
5640,73,6,1886
11586,5640,1886,36
6,11586,36,90262
1886,6,90262,6
36,1886,6,1789
90262,36,1789,4
6,90262,4,145
1789,6,145,7
4,1789,7,1471
145,4,1471,5
7,145,5,20
1471,7,20,59
5,1471,59,11
20,5,11,44
59,20,44,21
11,59,21,180
44,11,180,43
21,44,43,11
180,21,11,7
43,180,7,4768
11,43,4768,8
7,11,8,338
4768,7,338,578
8,4768,578,231
338,8,231,89
578,338,89,16
231,578,16,136
89,231,136,41
16,89,41,344
136,16,344,65
41,136,65,11
344,41,11,7
65,344,7,2
11,65,2,2
7,11,2,2928
2,7,2928,626
2,2,626,209
2928,2,209,8
626,2928,8,11
209,626,11,13
8,209,13,411
11,8,411,3
13,11,3,1020
411,13,1020,24
3,411,24,220
1020,3,220,244
24,1020,244,323
220,24,323,4
244,220,4,1240
323,244,1240,4255
4,323,4255,578
1240,4,578,1740
4255,1240,1740,20
578,4255,20,95
1740,578,95,73
20,1740,73,78
95,20,78,32
73,95,32,31
78,73,31,16
32,78,16,2486
31,32,2486,3
16,31,3,8767
2486,16,8767,12
3,2486,12,3
8767,3,3,547
12,8767,547,12351
3,12,12351,5
547,3,5,492
12351,547,492,191
5,12351,191,16
492,5,16,21
191,492,21,177
16,191,177,5
21,16,5,20
177,21,20,39
5,177,39,3494
20,5,3494,8144
39,20,8144,26
3494,39,26,16
8144,3494,16,6
26,8144,6,209
16,26,209,10912
6,16,10912,3
209,6,3,10
10912,209,10,80
3,10912,80,52
10,3,52,145
80,10,145,115
52,80,115,21
145,52,21,192
115,145,192,289
21,115,289,42
192,21,42,5
289,192,5,22
42,289,22,90
5,42,90,344
22,5,344,4767
90,22,4767,34
344,90,34,17
4767,344,17,1426
34,4767,1426,3
17,34,3,1341
1426,17,1341,3
3,1426,3,169
1341,3,169,993
3,1341,993,169
169,3,169,5
993,169,5,70
169,993,70,72
5,169,72,62
70,5,62,8311
72,70,8311,4
62,72,4,1536
8311,62,1536,135
4,8311,135,97
1536,4,97,7
135,1536,7,11
97,135,11,121
7,97,121,17
11,7,17,5853
121,11,5853,9
17,121,9,20
5853,17,20,21
9,5853,21,2923
122,197,252,335
71,122,335,3
252,71,3,4202
335,252,4202,293
3,335,293,4773
4202,3,4773,102
293,4202,102,751
4773,293,751,4
102,4773,4,57
751,102,57,2361
4,751,2361,2
57,4,2,3417
2361,57,3417,7
2,2361,7,344
3417,2,344,90
7,3417,90,2991
344,7,2991,8
90,344,8,10
2991,90,10,86
8,2991,86,1096
10,8,1096,5
86,10,5,22824
1096,86,22824,130
5,1096,130,2279
22824,5,2279,3335
130,22824,3335,7
2279,130,7,1390
3335,2279,1390,9
7,3335,9,3417
1390,7,3417,102
9,1390,102,151
3417,9,151,6
102,3417,6,1746
151,102,1746,203
6,151,203,10
1746,6,10,302
203,1746,302,1495
10,203,1495,28
302,10,28,501
1495,302,501,5727
28,1495,5727,6227
501,28,6227,9
5727,501,9,2382
6227,5727,2382,48598
9,6227,48598,2
2382,9,2,1170
48598,2382,1170,99
2,48598,99,664
1170,2,664,455
99,1170,455,2376
664,99,2376,751
455,664,751,24
2376,455,24,293
751,2376,293,4
24,751,4,57
293,24,57,467
4,293,467,1277
57,4,1277,6
467,57,6,386
1277,467,386,4
6,1277,4,107799
386,6,107799,2382
4,386,2382,6
107799,4,6,311
2382,107799,311,389
6,2382,389,178
311,6,178,26
389,311,26,55
178,389,55,959
26,178,959,15210
55,26,15210,10517
959,55,10517,4
15210,959,4,1704
10517,15210,1704,2458
4,10517,2458,751
1704,4,751,4
2458,1704,4,57
751,2458,57,665
4,751,665,2361
57,4,2361,4
665,57,4,26
2361,665,26,178
4,2361,178,26
26,4,26,55
178,26,55,25
26,178,25,10
55,26,10,261
25,55,261,9316
10,25,9316,28
261,10,28,38060
9316,261,38060,2450
28,9316,2450,824
38060,28,824,5
2450,38060,5,563
824,2450,563,8782
5,824,8782,22108
563,5,22108,1837
8782,563,1837,386
22108,8782,386,16694
1837,22108,16694,751
386,1837,751,16
16694,386,16,4
751,16694,4,2369
16,751,2369,45
4,16,45,6490
2369,4,6490,24
45,2369,24,99
6490,45,99,2583
24,6490,2583,5
99,24,5,55090
2583,99,55090,16694
5,2583,16694,5
55090,5,5,311
16694,55090,311,389
5,16694,389,30
311,5,30,16
389,311,16,12
30,389,12,5589
16,30,5589,5
12,16,5,8801
5589,12,8801,1289
5,5589,1289,75792
8801,5,75792,41994
1289,8801,41994,1835
75792,1289,1835,4
41994,75792,4,63
1835,41994,63,5
4,1835,5,1127
63,4,1127,751
5,63,751,2174
1127,5,2174,1133
751,1127,1133,4
2174,751,4,528
1133,2174,528,8
4,1133,8,459
528,4,459,3555
8,528,3555,37
459,8,37,7503
3555,459,7503,933
37,3555,933,6
7503,37,6,74309
933,7503,74309,644
6,933,644,2745
74309,6,2745,98004
644,74309,98004,6
2745,644,6,10984
98004,2745,10984,3591
6,98004,3591,5
10984,6,5,386
3591,10984,386,120
5,3591,120,751
386,5,751,18
120,386,18,3649
751,120,3649,24
18,751,24,13781
3649,18,13781,308
