762,2409,3350,6
50333,762,6,1378
3350,50333,1378,135
6,3350,135,1339
1378,6,1339,822
135,1378,822,2
1339,135,2,7681
822,1339,7681,74
2,822,74,949
7681,2,949,190
74,7681,190,3413
949,74,3413,527
190,949,527,9
3413,190,9,32
527,3413,32,31
9,527,31,517
32,9,517,106
31,32,106,6
517,31,6,161
106,517,161,1482
6,106,1482,289
161,6,289,1614
1482,161,1614,68
289,1482,68,796
1614,289,796,162
68,1614,162,858
796,68,858,2
162,796,2,345
858,162,345,6
2,858,6,114
345,2,114,3376
6,345,3376,6
114,6,6,1378
3376,114,1378,122
6,3376,122,4
1378,6,4,1496
122,1378,1496,12193
4,122,12193,6680
1496,4,6680,1635
12193,1496,1635,19
6680,12193,19,1055
1635,6680,1055,151
19,1635,151,13
1055,19,13,855
151,1055,855,589
13,151,589,5
855,13,5,39
589,855,39,1290
5,589,1290,114
39,5,114,79
1290,39,79,66064
114,1290,66064,483
79,114,483,5
66064,79,5,20
483,66064,20,85
5,483,85,1614
20,5,1614,1378
85,20,1378,13
1614,85,13,595
1378,1614,595,39
13,1378,39,1499
595,13,1499,114
39,595,114,211
1499,39,211,1348
114,1499,1348,2328
211,114,2328,31
1348,211,31,34
2328,1348,34,154
31,2328,154,5
34,31,5,360
154,34,360,406
5,154,406,20
360,5,20,1482
406,360,1482,4
20,406,4,605
1482,20,605,2969
4,1482,2969,1440
605,4,1440,2916
2969,605,2916,9
1440,2969,9,2565
2916,1440,2565,184
9,2916,184,3
2565,9,3,1902
184,2565,1902,15908
3,184,15908,104428
1902,3,104428,2632
15908,1902,2632,3
104428,15908,3,485
2632,104428,485,24
3,2632,24,45
485,3,45,31
24,485,31,208
45,24,208,13
31,45,13,2
208,31,2,337
13,208,337,3
2,13,3,106
337,2,106,36
3,337,36,876
106,3,876,5
36,106,5,2565
876,36,2565,9594
5,876,9594,45
2565,5,45,31
9594,2565,31,18
45,9594,18,208
31,45,208,13
18,31,13,2
208,18,2,337
13,208,337,3
2,13,3,247
337,2,247,553
3,337,553,375
247,3,375,84
553,247,84,28
375,553,28,5565
84,375,5565,1656
28,84,1656,693
5565,28,693,437
1656,5565,437,5
693,1656,5,1055
437,693,1055,792
5,437,792,1815
1055,5,1815,5
792,1055,5,1378
1815,792,1378,240
5,1815,240,54
1378,5,54,1611
240,1378,1611,4902
54,240,4902,3236
1611,54,3236,30
4902,1611,30,744
3236,4902,744,12
30,3236,12,6038
744,30,6038,1320
12,744,1320,5
6038,12,5,1897
1320,6038,1897,25
5,1320,25,30
1897,5,30,966
25,1897,966,182
30,25,182,5
966,30,5,45
182,966,45,23
5,182,23,3017
45,5,3017,1489
23,45,1489,2626
3017,23,2626,266
1489,3017,266,36
2626,1489,36,620
266,2626,620,670
36,266,670,1364
620,36,1364,26
670,620,26,91
1364,670,91,3
26,1364,3,21
91,26,21,299
3,91,299,29
21,3,29,84
299,21,84,26
29,299,26,137
84,29,137,138
26,84,138,27
137,26,27,4
138,137,4,8
27,138,8,4290
4,27,4290,3
8,4,3,98723
4290,8,98723,1716
3,4290,1716,19
98723,3,19,13226
1716,98723,13226,23952
19,1716,23952,6
13226,19,6,39
23952,13226,39,249
34,27,966,15
68,34,15,8143
966,68,8143,1316
15,966,1316,117
8143,15,117,4
1316,8143,4,2138
117,1316,2138,159
4,117,159,2123
2138,4,2123,636
159,2138,636,17383
2123,159,17383,2066
636,2123,2066,4
17383,636,4,9069
2066,17383,9069,6039
4,2066,6039,2
9069,4,2,11031
6039,9069,11031,58
2,6039,58,812
11031,2,812,17637
58,11031,17637,265
3519,264,676,102
5,3519,102,176
676,5,176,4732
102,676,4732,18
176,102,18,160
4732,176,160,107
18,4732,107,274
160,18,274,113
107,160,113,37
274,107,37,6864
113,274,6864,547
37,113,547,521
6864,37,521,354
547,6864,354,54
521,547,54,6725
354,521,6725,175
54,354,175,1929
6725,54,1929,676
175,6725,676,201
1929,175,201,4
676,1929,4,6864
201,676,6864,572
4,201,572,13
6864,4,13,398
572,6864,398,107
13,572,107,3
398,13,3,2
107,398,2,41
3,107,41,1277
2,3,1277,1312
41,2,1312,2127
1277,41,2127,179
1312,1277,179,2340
2127,1312,2340,575
179,2127,575,55219
2340,179,55219,6
575,2340,6,7262
55219,575,7262,29
6,55219,29,640
7262,6,640,30342
29,7262,30342,5
640,29,5,173
30342,640,173,4
5,30342,4,478
173,5,478,7148
4,173,7148,5
478,4,5,152
7148,478,152,176
5,7148,176,4
152,5,4,18111
176,152,18111,543
4,176,543,195
18111,4,195,218
543,18111,218,3
195,543,3,666
218,195,666,3
3,218,3,1463
666,3,1463,43
3,666,43,1704
1463,3,1704,8441
43,1463,8441,79
1704,43,79,67
8441,1704,67,573
79,8441,573,2
67,79,2,1530
573,67,1530,5
2,573,5,2
1530,2,2,16253
5,1530,16253,8
2,5,8,13
16253,2,13,208
8,16253,208,773
13,8,773,12
208,13,12,10
773,208,10,83
12,773,83,292
10,12,292,12
83,10,12,2
292,83,2,8669
12,292,8669,1585
2,12,1585,5
8669,2,5,658
1585,8669,658,101
5,1585,101,578
658,5,578,4604
101,658,4604,1626
578,101,1626,9768
4604,578,9768,122
1626,4604,122,4768
9768,1626,4768,8676
122,9768,8676,5
4768,122,5,3941
8676,4768,3941,581
5,8676,581,653
3941,5,653,2127
581,3941,2127,55
653,581,55,345
2127,653,345,3
55,2127,3,280
345,55,280,3066
3,345,3066,160
280,3,160,6
3066,280,6,3833
160,3066,3833,1152
6,160,1152,5366
3833,6,5366,39464
1152,3833,39464,5098
5366,1152,5098,2211
39464,5366,2211,14580
5098,39464,14580,5
2211,5098,5,1767
14580,2211,1767,1779
5,14580,1779,2
1767,5,2,2
1779,1767,2,1745
2,1779,1745,5
2,2,5,2119
1745,2,2119,7
5,1745,7,241
2119,5,241,4
7,2119,4,2513
241,7,2513,1566
4,241,1566,48567
2513,4,48567,58989
1566,2513,58989,1544
48567,1566,1544,6
58989,48567,6,60
1544,58989,60,706
6,1544,706,7
60,6,7,6864
706,60,6864,25
7,706,25,732
6864,7,732,4
25,6864,4,2065
732,25,2065,3
4,732,3,661
2065,4,661,49
3,2065,49,83
661,3,83,194
49,661,194,6
83,49,6,83393
194,83,83393,1234
6,194,1234,577
83393,6,577,5
1234,83393,5,1311
577,1234,1311,676
5,577,676,16
1311,5,16,2636
676,1311,2636,15007
16,676,15007,45
2636,16,45,31
15007,2636,31,132
45,15007,132,21
31,45,21,18
132,31,18,476
21,132,476,3
18,21,3,25
476,18,25,15
3,476,15,3970
25,3,3970,5550
15,25,5550,93
3970,15,93,2261
5550,3970,2261,36
93,5550,36,489
2261,93,489,38
36,2261,38,11316
489,36,11316,16
38,489,16,12597
11316,38,12597,1320
16,11316,1320,6
12597,16,6,54
1320,12597,54,6864
6,1320,6864,123
54,6,123,236
6864,54,236,2731
123,6864,2731,1767
236,123,1767,1072
2731,236,1072,8
1767,2731,8,55
1072,1767,55,16170
8,1072,16170,9
55,8,9,568
16170,55,568,4
9,16170,4,2906
568,9,2906,176
4,568,176,411
2906,4,411,392
176,2906,392,39
411,176,39,837
392,411,837,9
39,392,9,2525
837,39,2525,8024
9,837,8024,92561
2525,9,92561,36
8024,2525,36,45631
92561,8024,45631,864
36,92561,864,4926
45631,36,4926,20
864,45631,20,2
4926,864,2,1310
20,4926,1310,786
2,20,786,5
1310,2,5,9868
786,1310,9868,338
5,786,338,160
9868,5,160,6864
338,9868,6864,55
160,338,55,2448
6864,160,2448,769
55,6864,769,223
2448,55,223,45
769,2448,45,31
223,769,31,230
45,223,230,1704
31,45,1704,1233
230,31,1233,3970
1704,230,3970,999
1233,1704,999,8
3970,1233,8,276
999,3970,276,691
8,999,691,3
276,8,3,10926
691,276,10926,7
3,691,7,2431
10926,3,2431,187
7,10926,187,8
2431,7,8,76
187,2431,76,1280
8,187,1280,338
76,8,338,683
1280,76,683,18
338,1280,18,1362
683,338,1362,6
18,683,6,411
1362,18,411,3
6,1362,3,6864
411,6,6864,9768
3,411,9768,2891
6864,3,2891,29516
9768,6864,29516,1579
2891,9768,1579,4
29516,2891,4,3036
1579,29516,3036,315
4,1579,315,6
3036,4,6,861
315,3036,861,2198
6,315,2198,176
861,6,176,216
2198,861,216,29
176,2198,29,194
216,176,194,7
29,216,7,21
194,29,21,229
7,194,229,6864
21,7,6864,367
229,21,367,4112
6864,229,4112,2
367,6864,2,4716
4112,367,4716,411
2,4112,411,29
4716,2,29,229
411,4716,229,10
29,411,10,115
229,29,115,25
10,229,25,6
115,10,6,257
25,115,257,4794
6,25,4794,32003
257,6,32003,4
4794,257,4,2110
32003,4794,2110,1051
4,32003,1051,23
2110,4,23,216
1051,2110,216,5
23,1051,5,356
216,23,356,23
5,216,23,5986
356,5,5986,13
23,356,13,758
5986,23,758,2
13,5986,2,7235
758,13,7235,39
2,758,39,986
7235,2,986,4325
39,7235,4325,20
986,39,20,131
4325,986,131,194
20,4325,194,4
131,20,4,22
194,131,22,661
4,194,661,7
22,4,7,314
661,22,314,2127
7,661,2127,12
314,7,12,668
2127,314,668,3573
12,2127,3573,2
668,12,2,2674
3573,668,2674,2009
2,3573,2009,411
2674,2,411,26
2009,2674,26,2448
411,2009,2448,769
26,411,769,48
2448,26,48,101
769,2448,101,29
48,769,29,732
101,48,732,76497
29,101,76497,796
732,29,796,103
76497,732,103,12715
796,76497,12715,1564
103,796,1564,5
12715,103,5,676
1564,12715,676,3986
5,1564,3986,15770
676,5,15770,3815
3986,676,3815,4
15770,3986,4,2744
3815,15770,2744,6864
4,3815,6864,68
2744,4,68,796
6864,2744,796,58
68,6864,58,97
796,68,97,3536
58,796,3536,555
97,58,555,39
3536,97,39,224
555,3536,224,902
39,555,902,19
224,39,19,223
902,224,223,57
19,902,57,148
223,19,148,3890
57,223,3890,3
148,57,3,166
3890,148,166,594
3,3890,594,37
166,3,37,141
594,166,141,4
37,594,4,316
141,37,316,6
4,141,6,6733
316,4,6733,881
6,316,881,3740
6733,6,3740,207
881,6733,207,818
3740,881,818,5
207,3740,5,133
818,207,133,1848
5,818,1848,413
133,5,413,438
1848,133,438,2
413,1848,2,521
438,413,521,92177
2,438,92177,69
521,2,69,6
92177,521,6,1477
69,92177,1477,1909
6,69,1909,517
1477,6,517,2
1909,1477,2,10037
517,1909,10037,592
2,517,592,12
10037,2,12,1631
592,10037,1631,5
12,592,5,338
1631,12,338,49899
5,1631,49899,72
338,5,72,51
49899,338,51,434
72,49899,434,160
51,72,160,6
434,51,6,166
160,434,166,737
6,160,737,7
166,6,7,1633
737,166,1633,8520
7,737,8520,32003
1633,7,32003,2757
8520,1633,2757,255
32003,8520,255,6
2757,32003,6,382
255,2757,382,107
6,255,107,42
382,6,42,2034
107,382,2034,11
42,107,11,91
2034,42,91,7
11,2034,7,3
91,11,3,1013
7,91,1013,166
3,7,166,594
1013,3,594,9
166,1013,9,658
594,166,658,101
9,594,101,4
658,9,4,10
101,658,10,594
4,101,594,9
10,4,9,338
594,10,338,302
9,594,302,15
338,9,15,1311
302,338,1311,4
15,302,4,3986
1311,15,3986,676
4,1311,676,26
3986,4,26,2642
676,3986,2642,61
26,676,61,1049
2642,26,1049,55875
61,2642,55875,13
1049,61,13,190
55875,1049,190,80
13,55875,80,41
190,13,41,10662
80,190,10662,2034
41,80,2034,11
10662,41,11,234
2034,10662,234,23
11,2034,23,58343
234,11,58343,360
23,234,360,4
58343,23,4,1013
360,58343,1013,10
4,360,10,15
1013,4,15,1311
10,1013,1311,4
15,10,4,3986
1311,15,3986,676
4,1311,676,44806
3986,4,44806,28026
676,3986,28026,360
44806,676,360,2087
28026,44806,2087,7
360,28026,7,346
2087,360,346,8
7,2087,8,33643
346,7,33643,676
8,346,676,6
33643,8,6,54
676,33643,54,76
6,676,76,581
54,6,581,2861
76,54,2861,16
581,76,16,693
2861,581,693,15
16,2861,15,2
693,16,2,9551
15,693,9551,851
2,15,851,877
9551,2,877,6
851,9551,6,135
877,851,135,31963
6,877,31963,6
135,6,6,109
31963,135,109,4
6,31963,4,127
109,6,127,85
4,109,85,33643
127,4,33643,3986
85,127,3986,676
33643,85,676,19
3986,33643,19,1514
676,3986,1514,5620
19,676,5620,2
1514,19,2,9551
5620,1514,9551,851
2,5620,851,1280
9551,2,1280,919
851,9551,919,15
1280,851,15,28026
919,1280,28026,135
15,919,135,31963
28026,15,31963,6
135,28026,6,183
31963,135,183,1088
6,31963,1088,606
183,6,606,7
1088,183,7,346
606,1088,346,8
7,606,8,6
346,7,6,127
8,346,127,85
6,8,85,3169
127,6,3169,3
85,127,3,1311
3169,85,1311,676
3,3169,676,434
1311,3,434,2
676,1311,2,877
434,676,877,6
2,434,6,135
877,2,135,31963
6,877,31963,5818
135,6,5818,34825
31963,135,34825,1934
5818,31963,1934,6
34825,5818,6,85
1934,34825,85,7
6,1934,7,1181
85,6,1181,8
7,85,8,2097
1181,7,2097,1311
8,1181,1311,676
2097,8,676,16
1311,2097,16,693
676,1311,693,15
16,676,15,2
693,16,2,4931
15,693,4931,443
2,15,443,4791
4931,2,4791,8
443,4931,8,135
4791,443,135,127
8,4791,127,287
135,8,287,12576
127,135,12576,9452
287,127,9452,40
12576,287,40,18
9452,12576,18,3767
40,9452,3767,58
18,40,58,287
3767,18,287,1477
58,3767,1477,1909
287,58,1909,2
1477,287,2,1241
1909,1477,1241,70
2,1909,70,50
1241,2,50,1680
70,1241,1680,1628
50,70,1628,15
1680,50,15,135
1628,1680,135,97
15,1628,97,6
135,15,6,20
97,135,20,60
6,97,60,1088
20,6,1088,130
60,20,130,284
1088,60,284,835
130,1088,835,8
284,130,8,6
835,284,6,23
8,835,23,275
6,8,275,76
23,6,76,1976
275,23,1976,105
76,275,105,581
1976,76,581,19
105,1976,19,2
581,105,2,7830
19,581,7830,151
2,19,151,132
7830,2,132,1000
151,7830,1000,3
132,151,3,2
1000,132,2,3270
3,1000,3270,223
2,3,223,3386
3270,2,3386,5
223,3270,5,4069
3386,223,4069,151
5,3386,151,4
4069,5,4,1397
151,4069,1397,1179
4,151,1179,995
1397,4,995,23
1179,1397,23,25
995,1179,25,15
23,995,15,2953
25,23,2953,5
15,25,5,92616
2953,15,92616,346
5,2953,346,8
92616,5,8,3986
346,92616,3986,15770
8,346,15770,676
3986,8,676,7
15770,3986,7,21
676,15770,21,3551
7,676,3551,2
21,7,2,150
3551,21,150,3270
2,3551,3270,29
150,2,29,8
3270,150,8,1311
29,3270,1311,676
8,29,676,4
1311,8,4,6197
676,1311,6197,7
4,676,7,1677
6197,4,1677,1072
7,6197,1072,6930
1677,7,6930,993
1072,1677,993,1237
6930,1072,1237,2744
993,6930,2744,2114
1237,993,2114,19
2744,1237,19,6864
2114,2744,6864,115
19,2114,115,21
6864,19,21,18
115,6864,18,56808
21,115,56808,4222
18,21,4222,5
56808,18,5,6695
4222,56808,6695,107
5,4222,107,9
6695,5,9,41
107,6695,41,1055
9,107,1055,648
41,9,648,472
1055,41,472,10
648,1055,10,3599
472,648,3599,1072
10,472,1072,19
3599,10,19,2813
1072,3599,2813,2
19,1072,2,11408
2813,19,11408,49901
2,2813,49901,25577
11408,2,25577,141
49901,11408,141,4
25577,49901,4,316
141,25577,316,3270
4,141,3270,2990
316,4,2990,2
3270,316,2,1564
2990,3270,1564,5
2,2990,5,12779
1564,2,12779,18057
5,1564,18057,648
12779,5,648,8
18057,12779,8,1328
648,18057,1328,168
8,648,168,9
1328,8,9,568
168,1328,568,15
9,168,15,156
568,9,156,163
15,568,163,8
156,15,8,80
163,156,80,162
8,163,162,73
80,8,73,200
162,80,200,32
73,162,32,1047
200,73,1047,147
32,200,147,3
1047,32,3,1064
147,1047,1064,81
3,147,81,6
1064,3,6,316
81,1064,316,3
6,81,3,192
316,6,192,85
3,316,85,8
192,3,8,1564
85,192,1564,13
8,85,13,945
1564,8,945,9107
13,1564,9107,4
945,13,4,392
9107,945,392,905
4,9107,905,9
392,4,9,5417
905,392,5417,683
9,905,683,35465
5417,9,35465,4
683,5417,4,3626
35465,683,3626,12
4,35465,12,543
3626,4,543,3756
12,3626,3756,4
543,12,4,57
3756,543,57,1908
4,3756,1908,8
57,4,8,80
1908,57,80,18
8,1908,18,2082
80,8,2082,144
18,80,144,52
2082,18,52,1311
144,2082,1311,676
52,144,676,6
1311,52,6,2033
676,1311,2033,4
6,676,4,2012
2033,6,2012,31820
4,2033,31820,3986
2012,4,3986,676
31820,2012,676,32003
3986,31820,32003,654
676,3986,654,4244
32003,676,4244,8
654,32003,8,521
4244,654,521,532
8,4244,532,230
521,8,230,276
532,521,276,107
230,532,107,3
276,230,3,190
107,276,190,8311
3,107,8311,1675
1892,390,3923,12
1218,1892,12,466
3923,1218,466,583
12,3923,583,13791
466,12,13791,23
583,466,23,2428
13791,583,2428,23
23,13791,23,2
2428,23,2,1925
23,2428,1925,5757
2,23,5757,2981
1925,2,2981,4
5757,1925,4,57
2981,5757,57,6
4,2981,6,6198
57,4,6198,1035
6,57,1035,38938
6198,6,38938,134
1035,6198,134,34485
38938,1035,34485,275
134,38938,275,45
34485,134,45,50
275,34485,50,489
45,275,489,6
50,45,6,167
489,50,167,6
6,489,6,54
167,6,54,4
6,167,4,1109
54,6,1109,22852
4,54,22852,151
1109,4,151,7
22852,1109,7,470
151,22852,470,4510
7,151,4510,95030
470,7,95030,45
4510,470,45,739
95030,4510,739,643
45,95030,643,26
739,45,26,50
643,739,50,643
26,643,643,23
50,26,23,1663
643,50,1663,261
23,643,261,1379
1663,23,1379,2
261,1663,2,795
1379,261,795,194
2,1379,194,26
795,2,26,50
194,795,50,643
26,194,643,23
50,26,23,476
643,50,476,8
23,643,8,317
476,23,317,42016
8,476,42016,34893
317,8,34893,28
42016,317,28,5
34893,42016,5,167
28,34893,167,23
5,28,23,11400
167,5,11400,4688
23,167,4688,1925
11400,23,1925,6
4688,11400,6,50197
1925,4688,50197,272
6,1925,272,7
50197,6,7,11115
272,50197,11115,10773
7,272,10773,8169
11115,7,8169,28
10773,11115,28,34893
8169,10773,34893,31
28,8169,31,14
34893,28,14,400
31,34893,400,6
14,31,6,2740
400,14,2740,120
6,400,120,5536
2740,6,5536,14
120,2740,14,3783
5536,120,3783,3251
14,5536,3251,4636
3783,14,4636,73
3251,3783,73,26
4636,3251,26,50
73,4636,50,24
26,73,24,1837
50,26,1837,6198
24,50,6198,11
1837,24,11,134
6198,1837,134,9427
11,6198,9427,12953
134,11,12953,87252
9427,134,87252,28
12953,9427,28,4
87252,12953,4,3251
28,87252,3251,3533
