3,1041,206,20
137,3,20,1741
206,137,1741,13
20,206,13,4375
1741,20,4375,25
13,1741,25,136
4375,13,136,3270
25,4375,3270,8447
136,25,8447,146
3270,136,146,4
8447,3270,4,4437
146,8447,4437,1510
4,146,1510,12
4437,4,12,2
1510,4437,2,150
12,1510,150,1334
2,12,1334,358
150,2,358,62
1334,150,62,6
358,1334,6,120
62,358,120,11
6,62,11,510
120,6,510,3
11,120,3,108
510,11,108,8
3,510,8,11
108,3,11,14
8,108,14,118
11,8,118,13594
14,11,13594,294
118,14,294,54
13594,118,54,1289
294,13594,1289,89
54,294,89,5
1289,54,5,7455
89,1289,7455,9001
5,89,9001,19
7455,5,19,1125
9001,7455,1125,1907
19,9001,1907,5990
1125,19,5990,54
1907,1125,54,5987
5990,1907,5987,75
54,5990,75,407
5987,54,407,14
75,5987,14,28
407,75,28,19
14,407,19,8447
28,14,8447,3
19,28,3,17
8447,19,17,2
3,8447,2,3933
17,3,3933,9
2,17,9,89
3933,2,89,4
9,3933,4,22
89,9,22,347
4,89,347,11
22,4,11,77
347,22,77,1400
11,347,1400,83
77,11,83,401
1400,77,401,261
83,1400,261,118
401,83,118,5564
261,401,5564,23
118,261,23,8447
5564,118,8447,394
23,5564,394,35
8447,23,35,8
394,8447,8,3652
35,394,3652,13
8,35,13,303
3652,8,303,89
13,3652,89,361
303,13,361,6
89,303,6,2
361,89,2,448
6,361,448,1724
2,6,1724,89
448,2,89,3
1724,448,3,317
89,1724,317,845
3,89,845,15
317,3,15,22
845,317,22,519
15,845,519,3
22,15,3,108
519,22,108,261
3,519,261,84
108,3,84,454
261,108,454,1891
84,261,1891,37
454,84,37,51
1891,454,51,45
37,1891,45,486
51,37,486,37
45,51,37,89
486,45,89,6
37,486,6,568
89,37,568,8
6,89,8,1219
568,6,1219,8447
8,568,8447,9526
1219,8,9526,56
8447,1219,56,563
9526,8447,563,75
56,9526,75,563
563,56,563,3807
75,563,3807,108
563,75,108,947
3807,563,947,241
108,3807,241,4830
947,108,4830,12
241,947,12,1160
4830,241,1160,5
12,4830,5,738
1160,12,738,3232
5,1160,3232,45
738,5,45,699
3232,738,699,6
45,3232,6,2238
699,45,2238,3
6,699,3,31
2238,6,31,7
3,2238,7,245
31,3,245,438
7,31,438,67
245,7,67,108
438,245,108,8447
67,438,8447,345
108,67,345,2
8447,108,2,707
345,8447,707,1637
2,345,1637,454
707,2,454,72
1637,707,72,1135
454,1637,1135,22
72,454,22,509
1135,72,509,3869
22,1135,3869,108
509,22,108,3482
3869,509,3482,54
108,3869,54,14
3482,108,14,547
54,3482,547,56
14,54,56,6
547,14,6,1373
56,547,1373,426
6,56,426,171
1373,6,171,2904
426,1373,2904,4830
171,426,4830,11
2904,171,11,4364
4830,2904,4364,993
11,4830,993,1597
4364,11,1597,156
993,4364,156,2
1597,993,2,14376
156,1597,14376,2239
2,156,2239,22728
14376,2,22728,3037
2239,14376,3037,5436
22728,2239,5436,4
3037,22728,4,22
5436,3037,22,88
4,5436,88,4437
22,4,4437,1741
88,22,1741,1539
4437,88,1539,2
1741,4437,2,9816
1539,1741,9816,5075
2,1539,5075,237
9816,2,237,8
5075,9816,8,7
237,5075,7,4490
8,237,4490,67
7,8,67,108
4490,7,108,3
67,4490,3,870
108,67,870,3
3,108,3,920
870,3,920,1703
3,870,1703,1741
920,3,1741,8447
1703,920,8447,1731
1741,1703,1731,593
8447,1741,593,623
1731,8447,623,35
593,1731,35,5
623,593,5,67
35,623,67,10755
5,35,10755,623
67,5,623,5
10755,67,5,51
623,10755,51,57
5,623,57,45
51,5,45,113
57,51,113,7
45,57,7,35
113,45,35,5
7,113,5,2896
35,7,2896,8
5,35,8,172
2896,5,172,45
8,2896,45,395
172,8,395,2
45,172,2,841
395,45,841,174
2,395,174,33
841,2,33,55
174,841,55,86
33,174,86,96
55,33,96,2
86,55,2,841
96,86,841,6
2,96,6,2
841,2,2,108
6,841,108,5
2,6,5,19035
108,2,19035,52
5,108,52,33
19035,5,33,1838
52,19035,1838,620
33,52,620,5
1838,33,5,8
620,1838,8,19035
5,620,19035,174
8,5,174,30
19035,8,30,536
174,19035,536,123
30,174,123,8
536,30,8,12
123,536,12,36
8,123,36,30
12,8,30,25
36,12,25,6
30,36,6,54
25,30,54,187
6,25,187,412
54,6,412,160
187,54,160,30
412,187,30,16
160,412,16,84
30,160,84,23
16,30,23,20
84,16,20,236
23,84,236,120
20,23,120,30
236,20,30,55
120,236,55,155
30,120,155,83
55,30,83,42
155,55,42,1562
83,155,1562,4
42,83,4,576
1562,42,576,574
4,1562,574,73
576,4,73,30
574,576,30,380
73,574,380,208
30,73,208,80
380,30,80,2607
208,380,2607,51
80,208,51,574
2607,80,574,7
51,2607,7,30
574,51,30,155
7,574,155,83
30,7,83,57
155,30,57,42
83,155,42,42
57,83,42,8
42,57,8,302
42,42,302,1820
8,42,1820,14
302,8,14,140
1820,302,140,30
14,1820,30,219
140,14,219,2685
30,140,2685,9
219,30,9,4
2685,219,4,86984
9,2685,86984,450
4,9,450,35
86984,4,35,562
450,86984,562,8447
35,450,8447,7066
562,35,7066,3515
8447,562,3515,64
7066,8447,64,41
3515,7066,41,8447
64,3515,8447,1178
41,64,1178,8
8447,41,8,5841
1178,8447,5841,13
8,1178,13,47
5841,8,47,3399
13,5841,3399,3
47,13,3,247
3399,47,247,7243
3,3399,7243,168
247,3,168,91
7243,247,91,5
168,7243,5,7801
91,168,7801,19
5,91,19,152
7801,5,152,4
19,7801,4,356
152,19,356,9564
4,152,9564,302
356,4,302,74
9564,356,74,67
302,9564,67,686
74,302,686,538
67,74,538,4
686,67,4,603
538,686,603,1931
4,538,1931,31706
603,4,31706,83
1931,603,83,5
31706,1931,5,146
83,31706,146,19
5,83,19,3610
146,5,3610,717
19,146,717,4
3610,19,4,4262
717,3610,4262,4
4,717,4,590
4262,4,590,801
4,4262,801,12
590,4,12,29
801,590,29,4397
12,801,4397,115
29,12,115,172
4397,29,172,53
115,4397,53,2
172,115,2,8447
53,172,8447,35
2,53,35,37
8447,2,37,5623
35,8447,5623,208
37,35,208,1172
5623,37,1172,4057
208,5623,4057,5
1172,208,5,12765
4057,1172,12765,2723
5,4057,2723,93196
12765,5,93196,82
2723,12765,82,80791
93196,2723,80791,71199
82,93196,71199,9816
80791,82,9816,3342
71199,80791,3342,992
9816,71199,992,674
3342,9816,674,2819
992,3342,2819,3682
674,992,3682,347
2819,674,347,63
3682,2819,63,4
347,3682,4,1032
63,347,1032,624
4,63,624,18
1032,4,18,392
624,1032,392,4205
18,624,4205,5
392,18,5,118
4205,392,118,1321
5,4205,1321,992
118,5,992,2484
1321,118,2484,59
992,1321,59,6
2484,992,6,209
59,2484,209,26
6,59,26,18
209,6,18,445
26,209,445,47
18,26,47,12
445,18,12,183
47,445,183,504
12,47,504,5
183,12,5,1026
504,183,1026,53
5,504,53,7
1026,5,7,2
53,1026,2,21327
7,53,21327,8
2,7,8,13
21327,2,13,47
8,21327,47,6971
13,8,6971,1296
47,13,1296,5966
6971,47,5966,9
1296,6971,9,406
5966,1296,406,11181
9,5966,11181,40587
406,9,40587,4
11181,406,4,50348
40587,11181,50348,2
4,40587,2,2413
50348,4,2413,19268
2,50348,19268,66835
2413,2,66835,1071
19268,2413,1071,1652
66835,19268,1652,8
1071,66835,8,48
1652,1071,48,43
8,1652,43,63
48,8,63,18
43,48,18,1328
63,43,1328,846
18,63,846,3682
1328,18,3682,21327
846,1328,21327,79
3682,846,79,266
21327,3682,266,74
79,21327,74,376
266,79,376,5
74,266,5,352
376,74,352,20
5,376,20,364
352,5,364,200
20,352,200,32
364,20,32,189
200,364,189,347
32,200,347,617
189,32,617,71
347,189,71,256
617,347,256,1495
71,617,1495,4
256,71,4,25
1495,256,25,12
4,1495,12,4
25,4,4,25
12,25,25,3188
4,12,3188,2840
25,4,2840,5
3188,25,5,450
2840,3188,450,698
5,2840,698,347
450,5,347,1751
698,450,1751,52
347,698,52,30
1751,347,30,1519
52,1751,1519,244
30,52,244,6
1519,30,6,2
244,1519,2,135
6,244,135,213
2,6,213,62
135,2,62,7
213,135,7,10
62,213,10,8
7,62,8,207
10,7,207,795
8,10,795,417
207,8,417,855
795,207,855,79
417,795,79,266
855,417,266,13
79,855,13,47
266,79,47,5
13,266,5,1005
47,13,1005,4
5,47,4,846
1005,5,846,3682
4,1005,3682,3185
846,4,3185,51
3682,846,51,16
3185,3682,16,600
51,3185,600,5
16,51,5,20
600,16,20,1612
5,600,1612,43
20,5,43,2393
1612,20,2393,9
43,1612,9,38
2393,43,38,2980
9,2393,2980,5
38,9,5,730
2980,38,730,6
5,2980,6,11181
730,5,11181,40587
6,730,40587,96
11181,6,96,2
40587,11181,2,571
96,40587,571,2901
2,96,2901,8
571,2,8,85
2901,571,85,16
8,2901,16,21
85,8,21,245
16,85,245,292
21,16,292,12
245,21,12,2
292,245,2,166
12,292,166,360
2,12,360,213
166,2,213,29
360,166,29,511
213,360,511,26
29,213,26,16
511,29,16,292
26,511,292,993
16,26,993,1522
292,16,1522,1398
993,292,1398,5
1522,993,5,3682
1398,1522,3682,66909
5,1398,66909,96
3682,5,96,148
66909,3682,148,80
96,66909,80,41
148,96,41,9516
80,148,9516,7
41,80,7,209
9516,41,209,8
7,9516,8,4853
209,7,4853,14592
8,209,14592,18539
4853,8,18539,12164
14592,4853,12164,17322
18539,14592,17322,4
12164,18539,4,2037
17322,12164,2037,12089
4,17322,12089,76
2037,4,76,5
12089,2037,5,2464
76,12089,2464,911
5,76,911,883
2464,5,883,68
911,2464,68,8410
883,911,8410,24
68,883,24,20
8410,68,20,14461
24,8410,14461,51
20,24,51,77
14461,20,77,48
51,14461,48,5
77,51,5,20
48,77,20,72879
5,48,72879,801
20,5,801,12
72879,20,12,3
801,72879,3,10908
12,801,10908,1741
3,12,1741,5
10908,3,5,4515
1741,10908,4515,4639
5,1741,4639,54
4515,5,54,35
4639,4515,35,8
54,4639,8,67
35,54,67,1677
8,35,1677,738
67,8,738,7
1677,67,7,2
738,1677,2,5574
7,738,5574,474
2,7,474,67
5574,2,67,634
474,5574,634,4
67,474,4,8
634,67,8,23
4,634,23,88
8,4,88,1661
23,8,1661,4515
88,23,4515,446
1661,88,446,85908
4515,1661,85908,5
446,4515,5,323
85908,446,323,7
5,85908,7,1176
323,5,1176,2101
7,323,2101,2
1176,7,2,5864
2101,1176,5864,472
2,2101,472,5
5864,2,5,48861
472,5864,48861,849
5,472,849,24
48861,5,24,323
849,48861,323,1861
24,849,1861,79
323,24,79,67
1861,323,67,1070
79,1861,1070,1620
67,79,1620,1306
1070,67,1306,61
1620,1070,61,849
1306,1620,849,54
61,1306,54,1636
849,61,1636,2
54,849,2,2
1636,54,2,26675
2,1636,26675,705
2,2,705,24
26675,2,24,3380
705,26675,3380,849
24,705,849,3498
3380,24,3498,4
849,3380,4,31561
3498,849,31561,5864
4,3498,5864,36
31561,4,36,43503
5864,31561,43503,79
36,5864,79,4
43503,36,4,806
79,43503,806,474
4,79,474,1332
806,4,1332,20
474,806,20,7
1332,474,7,183
20,1332,183,9
7,20,9,1173
183,7,1173,10
9,183,10,7
1173,9,7,2
10,1173,2,5864
7,10,5864,375
2,7,375,10
5864,2,10,7
375,5864,7,21620
10,375,21620,19
7,10,19,1332
21620,7,1332,2263
19,21620,2263,5436
1332,19,5436,2586
2263,1332,2586,115
5436,2263,115,313
2586,5436,313,25
115,2586,25,10864
313,115,10864,399
25,313,399,1332
10864,25,1332,55
399,10864,55,86
1332,399,86,137
55,1332,137,4
86,55,4,1581
137,86,1581,1504
4,137,1504,3498
1581,4,3498,5
1504,1581,5,694
3498,1504,694,2
5,3498,2,30
694,5,30,116
2,694,116,53
30,2,53,16
116,30,16,2
53,116,2,12742
16,53,12742,5
2,16,5,382
12742,2,382,729
5,12742,729,5
382,5,5,694
729,382,694,6
5,729,6,67
694,5,67,2239
6,694,2239,4
67,6,4,589
2239,67,589,5
4,2239,5,382
589,4,382,9008
5,589,9008,231
382,5,231,43
9008,382,43,23
231,9008,23,98
43,231,98,398
23,43,398,532
98,23,532,8
398,98,8,30
532,398,30,55
8,532,55,21
30,8,21,137
55,30,137,156
21,55,156,2
137,21,2,1202
156,137,1202,4
2,156,4,4760
1202,2,4760,1564
4,1202,1564,8447
4760,4,8447,835
1564,4760,835,8
8447,1564,8,303
835,8447,303,4
8,835,4,57
303,8,57,118
4,303,118,830
57,4,830,6
118,57,6,67
830,118,67,2239
6,830,2239,29
67,6,29,26
2239,67,26,1838
29,2239,1838,23
26,29,23,2
1838,26,2,5116
23,1838,5116,72
2,23,72,898
5116,2,898,51
72,5116,51,399
898,72,399,634
51,898,634,7
399,51,7,28
634,399,28,3
7,634,3,17
28,7,17,458
3,28,458,3
17,3,3,20
458,17,20,77
3,458,77,920
20,3,920,3058
77,20,3058,7048
920,77,7048,5
3058,920,5,2783
7048,3058,2783,8
5,7048,8,313
2783,5,313,3
8,2783,3,477
313,8,477,4
3,313,4,5364
477,3,5364,6
4,477,6,4
5364,4,4,73734
6,5364,73734,10
4,6,10,17
73734,4,17,8
10,73734,8,2783
17,10,2783,36
8,17,36,303
2783,8,303,16
36,2783,16,1108
303,36,1108,362
16,303,362,8
1108,16,8,26
362,1108,26,55
8,362,55,459
26,8,459,36
55,26,36,1058
459,55,1058,38
36,459,38,5116
1058,36,5116,3
38,1058,3,154
5116,38,154,6
3,5116,6,4
154,3,4,56
6,154,56,5
4,6,5,3380
56,4,3380,849
5,56,849,5116
3380,5,5116,3498
849,3380,3498,20
5116,849,20,7
3498,5116,7,271
20,3498,271,8
7,20,8,8447
271,7,8447,44
8,271,44,992
8447,8,992,698
44,8447,698,16
992,44,16,1471
698,992,1471,5
16,698,5,1583
1471,16,1583,8
5,1471,8,7
1583,5,7,91
8,1583,91,3
7,8,3,3399
91,7,3399,5841
3,91,5841,79
3399,3,79,1144
5841,3399,1144,8
79,5841,8,67
1144,79,67,576
8,1144,576,7
67,8,7,1504
576,67,1504,3
7,576,3,2
1504,7,2,93889
3,1504,93889,44
2,3,44,9816
93889,2,9816,302
44,93889,302,2560
9816,44,2560,63781
302,9816,63781,168
2560,302,168,4397
63781,2560,4397,5
168,63781,5,399
4397,168,399,1033
5,4397,1033,10
399,5,10,7
1033,399,7,64
10,1033,64,696
7,10,696,270
64,7,270,8
696,64,8,108
270,696,108,7
8,270,7,328
108,8,328,19
7,108,19,246
328,7,246,4
19,328,4,191
246,19,191,1450
4,246,1450,4
191,4,4,493
1450,191,493,18
4,1450,18,41
493,4,41,191
18,493,191,65
41,18,65,45
191,41,45,25
65,191,25,4
45,65,4,20
25,45,20,7
4,25,7,271
20,4,271,8
7,20,8,7
271,7,7,1096
8,271,1096,3
7,8,3,247
1096,7,247,1283
3,1096,1283,19
247,3,19,2
1283,247,2,529
19,1283,529,408
2,19,408,5
529,2,5,684
408,529,684,53
5,408,53,7
684,5,7,2
53,684,2,108
7,53,108,92
2,7,92,54
108,2,54,4796
92,108,4796,1323
54,92,1323,5
4796,54,5,478
1323,4796,478,1473
5,1323,1473,4
478,5,4,48
1473,478,48,5
4,1473,5,10
48,4,10,213
5,48,213,44
10,5,44,8447
213,10,8447,20
44,213,20,108
8447,44,108,92
20,8447,92,7
108,20,7,228
92,108,228,6259
7,92,6259,19
228,7,19,90
6259,228,90,782
19,6259,782,53
90,19,53,16
782,90,16,1373
53,782,1373,320
16,53,320,9
1373,16,9,382
320,1373,382,446
9,320,446,5
382,9,5,20
446,382,20,528
5,446,528,405
20,5,405,349
528,20,349,1224
405,528,1224,23
349,405,23,1522
1224,349,1522,446
23,1224,446,5
1522,23,5,92
446,1522,92,696
5,446,696,4444
92,5,4444,328
696,92,328,15
4444,696,15,22358
328,4444,22358,255
15,328,255,7
22358,15,7,8
255,22358,8,580
7,255,580,31
8,7,31,1346
580,8,1346,20
31,580,20,294
1346,31,294,4
20,1346,4,628
294,20,628,56
4,294,56,1525
628,4,1525,2
56,628,2,2
1525,56,2,719
2,1525,719,163
2,2,163,102
719,2,102,104
163,719,104,696
102,163,696,4444
104,102,4444,7
696,104,7,946
4444,696,946,2584
7,4444,2584,256
946,7,256,1884
2584,946,1884,3128
256,2584,3128,7
1884,256,7,2
3128,1884,2,1960
7,3128,1960,482
2,7,482,5
1960,2,5,20
482,1960,20,6
5,482,6,22
20,5,22,2505
6,20,2505,128
22,6,128,381
2505,22,381,21
128,2505,21,196
381,128,196,241
21,381,241,126
196,21,126,11
241,196,11,14
126,241,14,350
11,126,350,11
14,11,11,4364
350,14,4364,993
11,350,993,1073
4364,11,1073,5
993,4364,5,696
1073,993,696,992
5,1073,992,24021
696,5,24021,131
992,696,131,357
24021,992,357,4739
131,24021,4739,100
357,131,100,7
4739,357,7,11831
100,4739,11831,6
7,100,6,2
11831,7,2,361
6,11831,361,4
2,6,4,555
361,2,555,770
4,361,770,4
555,4,4,30
770,555,30,16
4,770,16,2
30,4,2,2
16,30,2,45
2,16,45,5495
2,2,5495,4
45,2,4,2926
5495,45,2926,768
4,5495,768,3
2926,4,3,696
768,2926,696,4444
3,768,4444,3
696,3,3,696
4444,696,696,3476
3,4444,3476,4
696,3,4,696
3476,696,696,3964
4,3476,3964,174
696,4,174,9
3964,696,9,30
174,3964,30,16
9,174,16,768
30,9,768,231
16,30,231,108
768,16,108,19
231,768,19,2
108,231,2,15276
19,108,15276,4
2,19,4,7818
15276,2,7818,1807
4,15276,1807,8
7818,4,8,3524
1807,7818,3524,12
8,1807,12,4862
3524,8,4862,242
12,3524,242,9
4862,12,9,3049
242,4862,3049,10
9,242,10,5573
3049,9,5573,5
10,3049,5,748
5573,10,748,82
5,5573,82,12
748,5,12,11291
82,748,11291,472
12,82,472,5
11291,12,5,1990
472,11291,1990,12
5,472,12,11470
1990,5,11470,472
12,1990,472,5
11470,12,5,85
472,11470,85,12
5,472,12,4389
85,5,4389,472
12,85,472,5
4389,12,5,361
