108992,174,48,159
16606,108992,159,636
48,16606,636,1221
159,48,1221,2071
636,159,2071,8793
1221,636,8793,20
2071,1221,20,1180
8793,2071,1180,9
20,8793,9,2
1180,20,2,1413
9,1180,1413,3
2,9,3,74188
1413,2,74188,3082
3,1413,3082,195
74188,3,195,5
3082,74188,5,2417
195,3082,2417,817
5,195,817,832
2417,5,832,504
817,2417,504,651
832,817,651,1460
504,832,1460,931
651,504,931,13
1460,651,13,320
931,1460,320,6057
13,931,6057,37001
320,13,37001,2
6057,320,2,159
37001,6057,159,3653
2,37001,3653,2417
159,2,2417,2108
3653,159,2108,2
2417,3653,2,22
2108,2417,22,413
2,2108,413,673
22,2,673,35
413,22,35,74389
673,413,74389,671
35,673,671,1474
74389,35,1474,23
671,74389,23,1085
1474,671,1085,78
23,1474,78,1634
1085,23,1634,7100
78,1085,7100,12
1634,78,12,504
7100,1634,504,78
12,7100,78,39
504,12,39,5
78,504,5,2
39,78,2,3698
5,39,3698,474
2,5,474,69
3698,2,69,420
474,3698,420,5115
69,474,5115,9
420,69,9,1584
5115,420,1584,135
9,5115,135,1584
1584,9,1584,8866
135,1584,8866,3121
1584,135,3121,4
8866,1584,4,159
3121,8866,159,58
4,3121,58,265
159,4,265,2001
58,159,2001,256
265,58,256,6185
2001,265,6185,1166
256,2001,1166,191
6185,256,191,671
1166,6185,671,350
191,1166,350,1079
671,191,1079,5923
350,671,5923,3
1079,350,3,1643
5923,1079,1643,1151
3,5923,1151,223
1643,3,223,32
1151,1643,32,34863
223,1151,34863,790
32,223,790,69573
34863,32,69573,296
790,34863,296,12
69573,790,12,51
296,69573,51,30
12,296,30,18
51,12,18,42
30,51,42,100
18,30,100,1228
42,18,1228,135
100,42,135,127
1228,100,127,287
135,1228,287,121
127,135,121,1818
287,127,1818,1938
121,287,1938,5
1818,121,5,2
1938,1818,2,667
5,1938,667,461
2,5,461,5
667,2,5,71
461,667,71,711
5,461,711,823
71,5,823,63
711,71,63,28
823,711,28,429
63,823,429,171
28,63,171,2
429,28,2,381
171,429,381,23
2,171,23,6209
381,2,6209,393
23,381,393,6
6209,23,6,452
393,6209,452,7
6,393,7,251
452,6,251,10
7,452,10,3806
251,7,3806,15
10,251,15,51
3806,10,51,179
15,3806,179,100
51,15,100,927
179,51,927,873
100,179,873,16
927,100,16,14
873,927,14,8376
16,873,8376,2
14,16,2,2
8376,14,2,600
2,8376,600,9
2,2,9,927
600,2,927,3
9,600,3,920
927,9,920,76
3,927,76,5
920,3,5,354
76,920,354,1872
5,76,1872,6
354,5,6,63
1872,354,63,71
6,1872,71,264
63,6,264,35
71,63,35,5
264,71,5,637
35,264,637,16
5,35,16,29
637,5,29,823
16,637,823,63
29,16,63,1214
823,29,1214,2283
63,823,2283,3
1214,63,3,2
2283,1214,2,1012
3,2283,1012,5
2,3,5,62
1012,2,62,11
5,1012,11,796
62,5,796,14242
11,62,14242,5
796,11,5,127
14242,796,127,237
5,14242,237,174
127,5,174,823
237,127,823,63
174,237,63,28
823,174,28,85
63,823,85,40
28,63,40,17
85,28,17,48
40,85,48,37
17,40,37,100
48,17,100,536
37,48,536,2320
100,37,2320,71
536,100,71,288
2320,536,288,648
71,2320,648,36
288,71,36,3957
648,288,3957,3
36,648,3,58
3957,36,58,12313
3,3957,12313,100
58,3,100,1641
12313,58,1641,296
100,12313,296,12
1641,100,12,51
296,1641,51,30
12,296,30,18
51,12,18,42
30,51,42,83
18,30,83,51
42,18,51,30
83,42,30,18
51,83,18,42
30,51,42,524
18,30,524,9
42,18,9,51
524,42,51,30
9,524,30,18
51,9,18,42
30,51,42,1235
18,30,1235,51
42,18,51,30
1235,42,30,18
51,1235,18,42
30,51,42,100
18,30,100,927
42,18,927,46372
100,42,46372,56
927,100,56,154
46372,927,154,56
56,46372,56,5286
154,56,5286,33
56,154,33,16
5286,56,16,326
33,5286,326,3475
16,33,3475,3216
326,16,3216,150
3475,326,150,202
3216,3475,202,2108
150,3216,2108,2
202,150,2,3299
2108,202,3299,13549
2,2108,13549,23
3299,2,23,823
13549,3299,823,63
23,13549,63,343
823,23,343,429
63,823,429,8
343,63,8,630
429,343,630,3
8,429,3,1195
630,8,1195,354
3,630,354,8
1195,3,8,78
354,1195,78,32
8,354,32,3151
78,8,3151,24
32,78,24,127
3151,32,127,69
24,3151,69,1455
127,24,1455,242
69,127,242,11
1455,69,11,3294
242,1455,3294,24
11,242,24,114
3294,11,114,100
24,3294,100,2
114,24,2,49
100,114,49,199
2,100,199,217
49,2,217,62
199,49,62,59
217,199,59,78
62,217,78,7
59,62,7,2329
78,59,2329,11
7,78,11,136
2329,7,136,186
11,2329,186,973
136,11,973,51
186,136,51,86
973,186,86,107
51,973,107,21
86,51,21,3
107,86,3,313
21,107,313,73
3,21,73,11
313,3,11,2329
73,313,2329,155
11,73,155,79
2329,11,79,3294
155,2329,3294,100
79,155,100,58
3294,79,58,150
100,3294,150,369
58,100,369,1215
150,58,1215,437
369,150,437,2321
1215,369,2321,10663
437,1215,10663,481
2321,437,481,6
10663,2321,6,2
481,10663,2,39
6,481,39,307
2,6,307,298
39,2,298,10989
307,39,10989,6
298,307,6,2
10989,298,2,6124
6,10989,6124,3454
2,6,3454,15
6124,2,15,159
3454,6124,159,58
15,3454,58,265
159,15,265,408
58,159,408,195
265,58,195,200
408,265,200,19793
195,408,19793,32
200,195,32,251
19793,200,251,9
32,19793,9,397
251,32,397,283
9,251,283,1121
397,9,1121,348
283,397,348,3
1121,283,3,17
348,1121,17,63758
3,348,63758,152
17,3,152,80248
63758,17,80248,20
152,63758,20,153
80248,152,153,3697
20,80248,3697,5079
153,20,5079,1905
3697,153,1905,159
5079,3697,159,390
1905,5079,390,2936
159,1905,2936,8492
390,159,8492,5216
2936,390,5216,4
8492,2936,4,159
5216,8492,159,2234
4,5216,2234,39
159,4,39,63
2234,159,63,562
39,2234,562,43612
63,39,43612,3
562,63,3,1643
43612,562,1643,3725
3,43612,3725,4557
1643,3,4557,5282
3725,1643,5282,83
4557,3725,83,2628
5282,4557,2628,1226
83,5282,1226,118
2628,83,118,3199
1226,2628,3199,439
118,1226,439,5
3199,118,5,2494
439,3199,2494,5020
5,439,5020,4
2494,5,4,63
5020,2494,63,71
4,5020,71,254
63,4,254,152
71,63,152,87525
254,71,87525,447
152,254,447,5
87525,152,5,834
447,87525,834,790
5,447,790,7476
834,5,7476,540
790,834,540,23
7476,790,23,353
540,7476,353,303
23,540,303,15
353,23,15,2
303,353,2,373
15,303,373,6992
2,15,6992,23
373,2,23,1171
6992,373,1171,59
23,6992,59,33
1171,23,33,299
59,1171,299,362
33,59,362,3
299,33,3,2741
362,299,2741,1155
3,362,1155,5
2741,3,5,26529
1155,2741,26529,5100
5,1155,5100,29470
26529,5,29470,5100
5100,26529,5100,176
29470,5100,176,16
5100,29470,16,3843
176,5100,3843,9
16,176,9,2
3843,16,2,29068
9,3843,29068,31
2,9,31,477
29068,2,477,3
31,29068,3,18
477,31,18,20942
3,477,20942,44
18,3,44,1517
20942,18,1517,6
44,20942,6,634
1517,44,634,2
6,1517,2,565
634,6,565,89777
2,634,89777,3571
565,2,3571,5
89777,565,5,4670
3571,89777,4670,23
5,3571,23,6668
4670,5,6668,696
23,4670,696,23
6668,23,23,22301
696,6668,22301,2550
23,696,2550,503
22301,23,503,12
2550,22301,12,747
503,2550,747,379
12,503,379,8502
747,12,8502,43745
379,747,43745,28
8502,379,28,429
43745,8502,429,2519
28,43745,2519,15493
429,28,15493,243
2519,429,243,4670
15493,2519,4670,6
243,15493,6,258
4670,243,258,5493
6,4670,5493,3153
258,6,3153,6
5493,258,6,2
3153,5493,2,2456
6,3153,2456,12
2,6,12,1364
2456,2,1364,4347
12,2456,4347,103
1364,12,103,509
4347,1364,509,4
103,4347,4,32317
509,103,32317,43745
4,509,43745,28
32317,4,28,4675
43745,32317,4675,9
28,43745,9,4670
4675,28,4670,14
9,4675,14,1181
4670,9,1181,23
14,4670,23,41
1181,14,41,65
23,1181,65,4
41,23,4,84
65,41,84,2
4,65,2,357
84,4,357,24
2,84,24,2022
357,2,2022,174
24,357,174,92
2022,24,92,115
174,2022,115,96
92,174,96,246
115,92,246,10
96,115,10,123
246,96,123,10
10,246,10,4
123,10,4,10
10,123,10,123
4,10,123,10
10,4,10,24
123,10,24,3020
10,123,3020,8
24,10,8,16
3020,24,16,1516
8,3020,1516,551
16,8,551,34
1516,16,34,21
551,1516,21,1283
34,551,1283,782
21,34,782,7
1283,21,7,569
782,1283,569,507
7,782,507,11
569,7,11,47
507,569,47,134
11,507,134,170
47,11,170,11
134,47,11,208
170,134,208,47
11,170,47,6
208,11,6,432
47,208,432,1808
6,47,1808,8
432,6,8,59
1808,432,59,33
8,1808,33,863
59,8,863,2
33,59,2,141
863,33,141,15
2,863,15,1169
141,2,1169,829
15,141,829,45
1169,15,45,16
829,1169,16,110
45,829,110,3
16,45,3,179
110,16,179,474
3,110,474,95
179,3,95,829
474,179,829,3
95,474,3,666
829,95,666,3
3,829,3,6273
666,3,6273,2437
3,666,2437,10
6273,3,10,511
2437,6273,511,5161
10,2437,5161,29
511,10,29,11
5161,511,11,165
29,5161,165,115
11,29,115,93
165,11,93,10
115,165,10,46
93,115,46,2022
10,93,2022,10014
46,10,10014,12
2022,46,12,722
10014,2022,722,181
12,10014,181,15
722,12,15,5480
181,722,5480,4462
15,181,4462,790
5480,15,790,12094
4462,5480,12094,5923
790,4462,5923,7
12094,790,7,2094
5923,12094,2094,356
7,5923,356,1301
2094,7,1301,9
356,2094,9,421
1301,356,421,39
9,1301,39,548
421,9,548,14
39,421,14,421
548,39,421,39
14,548,39,99
421,14,99,6
39,421,6,112
99,39,112,6107
6,99,6107,207
112,6,207,44
6107,112,44,527
207,6107,527,61
44,207,61,12094
527,44,12094,5923
61,527,5923,1443
12094,61,1443,421
5923,12094,421,39
1443,5923,39,1545
421,1443,1545,5959
39,421,5959,6
1545,39,6,878
5959,1545,878,5
6,5959,5,4
878,6,4,522
5,878,522,2
4,5,2,2094
522,4,2094,356
2,522,356,1301
2094,2,1301,292
356,2094,292,6
1301,356,6,197
292,1301,197,832
6,292,832,4047
197,6,4047,11
832,197,11,824
4047,832,824,814
11,4047,814,421
824,11,421,39
814,824,39,99
421,814,99,105
39,421,105,39
99,39,39,383
105,99,383,4
39,105,4,350
383,39,350,191
4,383,191,671
350,4,671,2
191,350,2,1468
671,191,1468,339
2,671,339,952
1468,2,952,12
339,1468,12,4868
952,339,4868,5923
12,952,5923,96
4868,12,96,3669
5923,4868,3669,1510
96,5923,1510,12
3669,96,12,703
1510,3669,703,211
12,1510,211,1508
703,12,1508,1057
211,703,1057,722
1508,211,722,181
1057,1508,181,15
722,1057,15,5480
181,722,5480,4462
15,181,4462,4
5480,15,4,421
4462,5480,421,39
4,4462,39,540
421,4,540,15
39,421,15,1079
540,39,1079,3075
15,540,3075,11
1079,15,11,68
3075,1079,68,420
11,3075,420,755
68,11,755,105
420,68,105,1312
755,420,1312,9
105,755,9,421
1312,105,421,39
9,1312,39,1203
421,9,1203,5
39,421,5,35
1203,39,35,775
5,1203,775,4
35,5,4,127
775,35,127,85
119,2,3630,489
1873,119,489,258
3630,1873,258,45
489,3630,45,211
258,489,211,42
45,258,42,176
211,45,176,379
42,211,379,4
176,42,4,2261
379,176,2261,1610
4,379,1610,57
2261,4,57,466
1610,2261,466,23
57,1610,23,2
466,57,2,943
23,466,943,1839
2,23,1839,6
943,2,6,1742
1839,943,1742,2205
6,1839,2205,3630
1742,6,3630,13
2205,1742,13,47
3630,2205,47,1628
13,3630,1628,2
47,13,2,1208
1628,47,1208,4831
2,1628,4831,2313
1208,2,2313,10
4831,1208,10,165
2313,4831,165,21
10,2313,21,314
165,10,314,51
21,165,51,3346
314,21,3346,3026
51,314,3026,14
3346,51,14,29
3026,3346,29,10
14,3026,10,314
29,14,314,8
10,29,8,11
314,10,11,739
8,314,739,22
11,8,22,643
739,11,643,735
22,739,735,23
643,22,23,943
735,643,943,1839
23,735,1839,4
943,23,4,3735
1839,943,3735,26327
4,1839,26327,68
3735,4,68,314
26327,3735,314,8
68,26327,8,447
314,68,447,11888
8,314,11888,4
447,8,4,581
11888,447,581,102
4,11888,102,915
581,4,915,3178
102,581,3178,4
915,102,4,3046
3178,915,3046,18
4,3178,18,3771
3046,4,3771,170
18,3046,170,20
3771,18,20,1308
170,3771,1308,59
20,170,59,6003
1308,20,6003,843
59,1308,843,307
6003,59,307,19586
843,6003,19586,6090
307,843,6090,339
19586,307,339,8
6090,19586,8,908
339,6090,908,943
8,339,943,1839
908,8,1839,5
943,908,5,2339
1839,943,2339,2003
5,1839,2003,88298
2339,5,88298,6
2003,2339,6,1029
88298,2003,1029,2130
6,88298,2130,425
1029,6,425,8
2130,1029,8,221
425,2130,221,13
8,425,13,1466
221,8,1466,4
13,221,4,7681
1466,13,7681,6
4,1466,6,167
7681,4,167,12
6,7681,12,6214
167,6,6214,283
12,167,283,299
6214,12,299,2874
283,6214,2874,170
299,283,170,99
2874,299,99,339
170,2874,339,14
99,170,14,307
339,99,307,19
14,339,19,6003
307,14,6003,151
19,307,151,456
6003,19,456,9
151,6003,9,1081
456,151,1081,1418
9,456,1418,14223
1081,9,14223,53
1418,1081,53,50
14223,1418,50,1610
53,14223,1610,618
50,53,618,36
1610,50,36,3685
618,1610,3685,1146
36,618,1146,211
3685,36,211,4267
1146,3685,4267,167
211,1146,167,447
4267,211,447,4
167,4267,4,6306
447,167,6306,24
4,447,24,878
6306,4,878,59
24,6306,59,339
878,24,339,99
59,878,99,324
339,59,324,56
99,339,56,168
324,99,168,39126
56,324,39126,221
168,56,221,625
39126,168,625,2627
221,39126,2627,23
625,221,23,60
2627,625,60,277
23,2627,277,104
60,23,104,167
277,60,167,50
104,277,50,2176
167,104,2176,15
50,167,15,297
2176,50,297,5
15,2176,5,4442
297,15,4442,4712
5,297,4712,501
4442,5,501,1745
4712,4442,1745,5
501,4712,5,6306
1745,501,6306,4
5,1745,4,447
6306,5,447,48
4,6306,48,5
447,4,5,54
48,447,54,16
5,48,16,3218
54,5,3218,5
16,54,5,4976
3218,16,4976,1715
5,3218,1715,578
4976,5,578,2824
1715,4976,2824,181
578,1715,181,28
2824,578,28,10
181,2824,10,14
28,181,14,253
10,28,253,618
14,10,618,36
253,14,36,3685
618,253,3685,1146
36,618,1146,34
3685,36,34,218
1146,3685,218,3
34,1146,3,17
218,34,17,2599
3,218,2599,102
17,3,102,6214
2599,17,6214,283
102,2599,283,299
6214,102,299,3178
283,6214,3178,38
299,283,38,808
3178,299,808,4
38,3178,4,63991
808,38,63991,65
4,808,65,103
63991,4,103,153
65,63991,153,75
103,65,75,2130
153,103,2130,425
75,153,425,8
2130,75,8,190
425,2130,190,915
8,425,915,3046
190,8,3046,14
915,190,14,16993
3046,915,16993,6
14,3046,6,731
16993,14,731,10
6,16993,10,14
731,6,14,2363
10,731,2363,6306
14,10,6306,23
2363,14,23,2
6306,2363,2,943
23,6306,943,1839
2,23,1839,1880
943,2,1880,6
1839,943,6,2
1880,1839,2,90
6,1880,90,10329
2,6,10329,2527
90,2,2527,1246
10329,90,1246,2599
2527,10329,2599,23
1246,2527,23,943
2599,1246,943,1839
23,2599,1839,13
943,23,13,1130
1839,943,1130,1359
13,1839,1359,28
1130,13,28,117
1359,1130,117,9736
28,1359,9736,7172
117,28,7172,6
9736,117,6,2
7172,9736,2,310
6,7172,310,307
2,6,307,23
310,2,23,60
307,310,60,10
23,307,10,117
60,23,117,2
10,60,2,1901
117,10,1901,8
2,117,8,501
1901,2,501,581
8,1901,581,3
501,8,3,349
581,501,349,3046
3,581,3046,4
349,3,4,5262
3046,349,5262,1836
4,3046,1836,1604
5262,4,1604,4
1836,5262,4,225
1604,1836,225,7
4,1604,7,3010
225,4,3010,10
7,225,10,7
3010,7,7,84560
10,3010,84560,184
7,10,184,3
84560,7,3,25517
184,84560,25517,53
3,184,53,18
25517,3,18,47
53,25517,47,1038
18,53,1038,1377
47,18,1377,2338
1038,47,2338,1377
1377,1038,1377,1687
2338,1377,1687,4
1377,2338,4,6306
1687,1377,6306,102
4,1687,102,915
6306,4,915,3046
102,6306,3046,4
915,102,4,92689
3046,915,92689,3178
4,3046,3178,18
92689,4,18,388
3178,92689,388,4
18,3178,4,1871
388,18,1871,443
4,388,443,6
1871,4,6,1114
443,1871,1114,381
6,443,381,4
1114,6,4,447
381,1114,447,170
4,381,170,14223
447,4,14223,339
170,447,339,324
14223,170,324,56
339,14223,56,20953
324,339,20953,21200
56,324,21200,63
20953,56,63,4
21200,20953,4,1887
63,21200,1887,5
4,63,5,150
1887,4,150,915
5,1887,915,3747
150,5,3747,28
915,150,28,6
3747,915,6,2
28,3747,2,304
6,28,304,466
2,6,466,1146
304,2,1146,5
466,304,5,4869
1146,466,4869,23
5,1146,23,943
4869,5,943,1839
23,4869,1839,2874
943,23,2874,443
1839,943,443,83897
2874,1839,83897,6
443,2874,6,878
83897,443,878,59
6,83897,59,339
878,6,339,324
59,878,324,56
339,59,56,74
324,339,74,860
56,324,860,184
74,56,184,3
860,74,3,2
184,860,2,4402
3,184,4402,9
2,3,9,4798
4402,2,4798,6263
9,4402,6263,8
4798,9,8,25517
6263,4798,25517,1057
8,6263,1057,20
25517,8,20,205
1057,25517,205,102
20,1057,102,14223
205,20,14223,4
102,205,4,10
14223,102,10,1835
4,14223,1835,562
10,4,562,46556
1835,10,46556,18
562,1835,18,47
46556,562,47,859
18,46556,859,1686
47,18,1686,8
859,47,8,20
1686,859,20,443
8,1686,443,6
20,8,6,447
443,20,447,40
6,443,40,345
447,6,345,3
40,447,3,2
345,40,2,1311
3,345,1311,167
2,3,167,73
1311,2,73,30
167,1311,30,796
73,167,796,270
30,73,270,21200
796,30,21200,4373
270,796,4373,4
21200,270,4,318
4373,21200,318,1468
4,4373,1468,23
318,4,23,4568
1468,318,4568,23892
23,1468,23892,33559
4568,23,33559,2849
23892,4568,2849,21200
33559,23892,21200,4
2849,33559,4,1102
21200,2849,1102,24
4,21200,24,57
1102,4,57,6214
24,1102,6214,283
57,24,283,151
6214,57,151,26
283,6214,26,48
151,283,48,948
26,151,948,339
