16,163,2492,3
1776,16,3,603
2492,1776,603,191
3,2492,191,2
603,3,2,264
191,603,264,109
2,191,109,37818
264,2,37818,124
109,264,124,4
37818,109,4,386
124,37818,386,124
4,124,124,18
386,4,18,1407
124,386,1407,37805
18,124,37805,4
1407,18,4,13745
37805,1407,13745,1745
4,37805,1745,16
13745,4,16,86
1745,13745,86,403
16,1745,403,9
86,16,9,95
403,86,95,8
9,403,8,899
95,9,899,603
8,95,603,1104
899,8,1104,7
603,899,7,163
1104,603,163,40
7,1104,40,325
163,7,325,2803
40,163,2803,3
325,40,3,8454
2803,325,8454,409
3,2803,409,818
8454,3,818,4
409,8454,4,218
818,409,218,38
4,818,38,22022
218,4,22022,167
38,218,167,1704
22022,38,1704,26
167,22022,26,692
1704,167,692,118
26,1704,118,1748
692,26,1748,29
118,692,29,118
1748,118,118,1165
29,1748,1165,33676
118,29,33676,534
1165,118,534,5204
33676,1165,5204,7
534,33676,7,132
5204,534,132,21
7,5204,21,7043
132,7,7043,215
21,132,215,3280
7043,21,3280,4
215,7043,4,3123
3280,215,3123,6
4,3280,6,950
3123,4,950,5
6,3123,5,395
950,6,395,2
5,950,2,128
395,5,128,524
2,395,524,6
128,2,6,4843
524,128,4843,5
6,524,5,1438
4843,6,1438,4
5,4843,4,3375
1438,5,3375,59
4,1438,59,20
3375,4,20,505
59,3375,505,701
20,59,701,195
505,20,195,34
701,505,34,2959
195,701,2959,3
34,195,3,366
2959,34,366,21240
3,2959,21240,5
366,3,5,9698
21240,366,9698,6324
5,21240,6324,102
9698,5,102,986
6324,9698,986,6218
102,6324,6218,5
986,102,5,293
6218,986,293,109
5,6218,109,77948
293,5,77948,960
4590,19,2,503
33528,4590,503,867
2,33528,867,1342
503,2,1342,3472
867,503,3472,777
1342,867,777,6
3472,1342,6,464
777,3472,464,1393
6,777,1393,228
464,6,228,2412
1393,464,2412,1152
228,1393,1152,1085
2412,228,1085,13
1152,2412,13,47
1085,1152,47,9104
13,1085,9104,79
47,13,79,150
9104,47,150,39
79,9104,39,1530
150,79,1530,579
39,150,579,38
1530,39,38,524
579,1530,524,102
38,579,102,1393
524,38,1393,656
470,58,5,233
302,470,233,20
5,302,20,541
233,5,541,153
20,233,153,34
541,20,34,666
153,541,666,3
34,153,3,2754
666,34,2754,38
3,666,38,2326
2754,3,2326,2
38,2754,2,2
2326,38,2,1159
2,2326,1159,97
2,2,97,12572
1159,2,12572,19
97,1159,19,10285
12572,97,10285,19
19,12572,19,400
10285,19,400,3
19,10285,3,8141
400,19,8141,188
3,400,188,6
8141,3,6,107
188,8141,107,8
6,188,8,70
107,6,70,34
8,107,34,488
70,8,488,6
34,70,6,955
488,34,955,12938
6,488,12938,12
955,6,12,6498
12938,955,6498,1616
12,12938,1616,4
6498,12,4,23
1616,6498,23,1276
4,1616,1276,92842
23,4,92842,369
1276,23,369,9645
92842,1276,9645,16
369,92842,16,2489
9645,369,2489,2381
16,9645,2381,3373
2489,16,3373,5
2381,2489,5,227
3373,2381,227,1446
5,3373,1446,122
227,5,122,8503
1446,227,8503,232
122,1446,232,34
8503,122,34,17
232,8503,17,1397
34,232,1397,3
17,34,3,91
1397,17,91,2
3,1397,2,39
91,3,39,779
2,91,779,240
39,2,240,4
779,39,4,92
240,779,92,749
4,240,749,200
92,4,200,3
749,92,3,5483
200,749,5483,351
3,200,351,23
5483,3,23,63
351,5483,63,71
23,351,71,1831
63,23,1831,1323
71,63,1323,1836
1831,71,1836,683
1323,1831,683,4
1836,1323,4,3852
683,1836,3852,3
4,683,3,1621
3852,4,1621,4
3,3852,4,74233
1621,3,74233,66
4,1621,66,5
74233,4,5,11371
66,74233,11371,15
5,66,15,119
11371,5,119,111
15,11371,111,58
119,15,58,16
111,119,16,3184
58,111,3184,3
16,58,3,1740
3184,16,1740,8305
3,3184,8305,4
1740,3,4,76
8305,1740,76,446
4,8305,446,5
76,4,5,2082
446,76,2082,108438
5,446,108438,15
2082,5,15,71
108438,2082,71,4
15,108438,4,162
71,15,162,166
4,71,166,6029
162,4,6029,15
166,162,15,197
6029,166,197,5629
15,6029,5629,469
197,15,469,422
5629,197,422,4
469,5629,4,15
422,469,15,127
4,422,127,69
15,4,69,1096
127,15,1096,6
69,127,6,2569
1096,69,2569,2100
6,1096,2100,114
2569,6,114,385
2100,2569,385,46
114,2100,46,613
385,114,613,223
46,385,223,679
613,46,679,4
223,613,4,162
679,223,162,46
4,679,46,77
162,4,77,243
46,162,243,264
77,46,264,202
243,77,202,1113
264,243,1113,23
202,264,23,692
1113,202,692,6
23,1113,6,186
692,23,186,65
6,692,65,103
186,6,103,26774
65,186,26774,148
103,65,148,120
26774,103,120,30
148,26774,30,596
120,148,596,934
30,120,934,34
596,30,34,17
934,596,17,3
34,934,3,96
17,34,96,2
3,17,2,141
96,3,141,21
2,96,21,72
141,2,72,243
21,141,243,271
72,21,271,12
243,72,12,3920
271,243,3920,7327
12,271,7327,265
3920,12,265,408
7327,3920,408,195
265,7327,195,2488
408,265,2488,1325
195,408,1325,4555
2488,195,4555,28
1325,2488,28,6
4555,1325,6,4
28,4555,4,407
6,28,407,1197
4,6,1197,394
407,4,394,7
1197,407,7,14
394,1197,14,3
7,394,3,96
14,7,96,10
3,14,10,314
96,3,314,478
10,96,478,9
314,10,9,2
478,314,2,3118
9,478,3118,7
2,9,7,21
3118,2,21,110
7,3118,110,3
21,7,3,4581
110,21,4581,622
3,110,622,8
4581,3,8,30
622,4581,30,87819
8,622,87819,764
30,8,764,3011
87819,30,3011,5
764,87819,5,200
3011,764,200,34
5,3011,34,633
200,5,633,1325
34,200,1325,4
633,34,4,111
1325,633,111,681
4,1325,681,256
111,4,256,2
681,111,2,975
256,681,975,5141
2,256,5141,3
975,2,3,1816
5141,975,1816,15
3,5141,15,162
1816,3,162,122
15,1816,122,1174
162,15,1174,570
122,162,570,38
1174,122,38,83
570,1174,83,2384
38,570,2384,54
83,38,54,18
2384,83,18,3579
54,2384,3579,1214
18,54,1214,74
3579,18,74,139
1214,3579,139,156
74,1214,156,2
139,74,2,749
156,139,749,4
2,156,4,487
749,2,487,90
4,749,90,202
487,4,202,195
90,487,195,403
202,90,403,8
195,202,8,38
403,195,38,841
8,403,841,55
38,8,55,17
841,38,17,303
55,841,303,619
17,55,619,6
303,17,6,950
619,303,950,5
6,619,5,2168
950,6,2168,32112
5,950,32112,111
2168,5,111,4
32112,2168,4,265
111,32112,265,2925
4,111,2925,22910
265,4,22910,298
2925,265,298,39
22910,2925,39,232
298,22910,232,34
39,298,34,17
232,39,17,3268
34,232,3268,6
17,34,6,4
3268,17,4,172
6,3268,172,195
4,6,195,4
172,4,4,369
195,172,369,9645
4,195,9645,2925
369,4,2925,6352
9645,369,6352,12
2925,9645,12,2
6352,2925,2,44
12,6352,44,13373
2,12,13373,6
44,2,6,2153
13373,44,2153,4
6,13373,4,54226
2153,6,54226,4
4,2153,4,1325
54226,4,1325,34
4,54226,34,17
1325,4,17,1521
34,1325,1521,19
17,34,19,1457
1521,17,1457,202
19,1521,202,4396
1457,19,4396,58
202,1457,58,6
4396,202,6,111
58,4396,111,46
6,58,46,97
111,6,97,1247
46,111,1247,408
97,46,408,170
1247,97,170,72
408,1247,72,75
170,408,75,108
72,170,108,124
75,72,124,293
108,75,293,46
124,108,46,4
293,124,4,202
46,293,202,387
4,46,387,4
202,4,4,4435
387,202,4435,1113
4,387,1113,29
4435,4,29,865
1113,4435,865,5
29,1113,5,106
865,29,106,633
5,865,633,3
106,5,3,2754
633,106,2754,88
3,633,88,6652
2754,3,6652,4242
88,2754,4242,8
6652,88,8,162
4242,6652,162,34
8,4242,34,18
162,8,18,23
34,162,23,38
18,34,38,37809
23,18,37809,265
38,23,265,17520
37809,38,17520,315
265,37809,315,34
17520,265,34,870
315,17520,870,15
34,315,15,694
870,34,694,40854
15,870,40854,240
694,15,240,3
40854,694,3,483
240,40854,483,22
3,240,22,2451
483,3,2451,2
22,483,2,265
2451,22,265,408
2,2451,408,195
265,2,195,15
408,265,15,2
195,408,2,11254
15,195,11254,185
2,15,185,12
11254,2,12,150
185,11254,150,694
12,185,694,188
150,12,188,4478
694,150,4478,24
188,694,24,2
4478,188,2,39
24,4478,39,649
2,24,649,1150
39,2,1150,3
649,39,3,1385
1150,649,1385,649
3,1150,649,7302
1385,3,7302,11
649,1385,11,13
7302,649,13,68
11,7302,68,627
13,11,627,2843
68,13,2843,5
627,68,5,521
2843,627,521,47021
5,2843,47021,14
521,5,14,3
47021,521,3,91
14,47021,91,1534
3,14,1534,1122
91,3,1122,3
1534,91,3,2293
1122,1534,2293,1953
3,1122,1953,5
2293,3,5,4036
1953,2293,4036,5998
5,1953,5998,1150
4036,5,1150,2
5998,4036,2,66931
1150,5998,66931,9
2,1150,9,2
66931,2,2,10874
9,66931,10874,265
2,9,265,185
10874,2,185,37
265,10874,37,143
185,265,143,35
37,185,35,100
143,37,100,694
35,143,694,475
100,35,475,6
694,100,6,54
475,694,54,161
6,475,161,210
54,6,210,34
161,54,34,18
210,161,18,924
34,210,924,3
18,34,3,800
924,18,800,4
3,924,4,185
800,3,185,41
4,800,41,8056
185,4,8056,694
41,185,694,139
8056,41,139,65
694,8056,65,2688
139,694,2688,1150
65,139,1150,92530
2688,65,92530,55
1150,2688,55,2243
92530,1150,2243,20
55,92530,20,73
2243,55,73,2
20,2243,2,718
73,20,718,4
2,73,4,851
718,2,851,694
4,718,694,185
851,4,185,1325
694,851,1325,28
185,694,28,6
1325,185,6,4
28,1325,4,407
6,28,407,126
4,6,126,3234
407,4,3234,6
126,407,6,22
3234,126,22,1592
6,3234,1592,39989
22,6,39989,13
1592,22,13,6286
39989,1592,6286,202
13,39989,202,315
6286,13,315,3
202,6286,3,2293
315,202,2293,1150
3,315,1150,29
2293,3,29,1168
1150,2293,1168,5
29,1150,5,1248
1168,29,1248,775
5,1168,775,162
1248,5,162,144
775,1248,144,200
162,775,200,4
144,162,4,2
200,144,2,2100
4,200,2100,694
2,4,694,59643
2100,2,59643,162
694,2100,162,16
59643,694,16,2982
162,59643,2982,5
16,162,5,1325
2982,16,1325,20533
5,2982,20533,194
1325,5,194,2
20533,1325,2,3
194,20533,3,229
2,194,229,233
3,2,233,55
229,3,55,93
233,229,93,476
55,233,476,42
93,55,42,7
476,93,7,54
42,476,54,107
7,42,107,58
54,7,58,792
107,54,792,801
58,107,801,117
792,58,117,2022
801,792,2022,326
117,801,326,4858
2022,117,4858,3246
326,2022,3246,28
4858,326,28,6
3246,4858,6,4
28,3246,4,407
6,28,407,747
4,6,747,52
407,4,52,26
747,407,26,329
52,747,329,1761
26,52,1761,97
329,26,97,1711
1761,329,1711,81
97,1761,81,3
1711,97,3,101
81,1711,101,79
3,81,79,1082
101,3,1082,5
79,101,5,13237
1082,79,13237,4
5,1082,4,4351
13237,5,4351,30
4,13237,30,93
4351,4,93,412
30,4351,412,86305
93,30,86305,256
412,93,256,29049
86305,412,29049,31204
256,86305,31204,2
29049,256,2,345
31204,29049,345,824
2,31204,824,5
345,2,5,4036
824,345,4036,200
5,824,200,28
4036,5,28,8
200,4036,8,58
28,200,58,240
8,28,240,3
58,8,3,803
240,58,803,1122
3,240,1122,1724
803,3,1724,3873
1122,803,3873,5
1724,1122,5,29703
3873,1724,29703,1125
5,3873,1125,1276
29703,5,1276,3
1125,29703,3,276
1276,1125,276,35
3,1276,35,92
276,3,92,1189
35,276,1189,191
92,35,191,3
1189,92,3,4796
191,1189,4796,17117
3,191,17117,13076
4796,3,13076,4
17117,4796,4,3
13076,17117,3,4718
4,13076,4718,227
3,4,227,92
4718,3,92,564
227,4718,564,6
92,227,6,1953
564,92,1953,5
6,564,5,18060
1953,6,18060,1276
5,1953,1276,89821
18060,5,89821,25
1276,18060,25,113
89821,1276,113,30
25,89821,30,18
113,25,18,4
30,113,4,694
18,30,694,200
4,18,200,8
694,4,8,115
200,694,115,18
8,200,18,2
115,8,2,135
18,115,135,10504
2,18,10504,12
135,2,12,10
10504,135,10,11
12,10504,11,28
10,12,28,87
11,10,87,23
28,11,23,117
87,28,117,5
23,87,5,44
117,23,44,33
5,117,33,380
44,5,380,295
33,44,295,3
380,33,3,93
295,380,93,23
3,295,23,275
93,3,275,106
23,93,106,3
275,23,3,314
106,275,314,6652
3,106,6652,71269
314,3,71269,555
6652,314,555,428
71269,6652,428,7
555,71269,7,177
428,555,177,5
7,428,5,1325
177,7,1325,315
5,177,315,3
1325,5,3,244
315,1325,244,61
3,315,61,3
244,3,3,22
61,244,22,1098
3,61,1098,3
22,3,3,2537
1098,22,2537,265
3,1098,265,2030
2537,3,2030,2153
265,2537,2153,5
2030,265,5,361
2153,2030,361,4
5,2153,4,601
361,5,601,185
4,361,185,122
601,4,122,68
185,601,68,5194
122,185,5194,222
68,122,222,434
5194,68,434,2
222,5194,2,489
434,222,489,6547
2,434,6547,6
489,2,6,91
6547,489,91,5
6,6547,5,265
91,6,265,11945
5,91,11945,6652
265,5,6652,328
11945,265,328,3
6652,11945,3,317
328,6652,317,36
3,328,36,1365
317,3,1365,1053
36,317,1053,1325
1365,36,1325,13
1053,1365,13,1098
1325,1053,1098,3
13,1325,3,91
1098,13,91,95
3,1098,95,328
91,3,328,3
95,91,3,853
328,95,853,222
3,328,222,192
853,3,192,11
222,853,11,13
192,222,13,47
11,192,47,15780
13,11,15780,202
47,13,202,387
15780,47,387,8
202,15780,8,38
387,202,38,88
8,387,88,253
38,8,253,1082
88,38,1082,3
253,88,3,192
1082,253,192,34
3,1082,34,154
192,3,154,12
34,192,12,1906
154,34,1906,749
12,154,749,200
1906,12,200,9
749,1906,9,227
200,749,227,92
9,200,92,46
227,9,46,54
92,227,54,58
46,92,58,18
54,46,18,3909
58,54,3909,768
18,58,768,12
3909,18,12,585
768,3909,585,8
12,768,8,26
585,12,26,1016
8,585,1016,196
26,8,196,136
1016,26,136,2135
196,1016,2135,82092
136,196,82092,97
2135,136,97,195
82092,2135,195,4949
97,82092,4949,95
195,97,95,2630
4949,195,2630,7
95,4949,7,113
2630,95,113,2
7,2630,2,408
113,7,408,1283
2,113,1283,8
408,2,8,30
1283,408,30,18
8,1283,18,3
30,8,3,3436
18,30,3436,11830
3,18,11830,28
3436,3,28,117
11830,3436,117,256
28,11830,256,1618
117,28,1618,6210
256,117,6210,31
1618,256,31,34
6210,1618,34,247
31,6210,247,802
34,31,802,5
247,34,5,1218
802,247,1218,427
5,802,427,369
1218,5,369,30
427,1218,30,18
369,427,18,3
30,369,3,62
18,30,62,8
3,18,8,30
62,3,30,55
8,62,55,17
30,8,17,2
55,30,2,4716
17,55,4716,97
2,17,97,4
4716,2,4,8
97,4716,8,7
4,97,7,113
8,4,113,34
7,8,34,18
113,7,18,2
34,113,2,1234
18,34,1234,660
2,18,660,12
1234,2,12,229
660,1234,229,30
12,660,30,219
229,12,219,458
30,229,458,3
219,30,3,1595
458,219,1595,2
3,458,2,58
1595,3,58,2
2,1595,2,63
58,2,63,6
2,58,6,29
63,2,29,84
6,63,84,15
29,6,15,302
84,29,302,5
15,84,5,111
302,15,111,4
5,302,4,265
111,5,265,58
4,111,58,18
265,4,18,41
58,265,41,9258
18,58,9258,3
41,18,3,12915
9258,41,12915,188
3,9258,188,7370
12915,3,7370,3
188,12915,3,749
7370,188,749,200
3,7370,200,8
749,3,8,34
200,749,34,4718
8,200,4718,227
34,8,227,1446
4718,34,1446,6
227,4718,6,38
1446,227,38,3373
6,1446,3373,5
38,6,5,1831
3373,38,1831,1147
5,3373,1147,4
1831,5,4,57
1147,1831,57,1323
4,1147,1323,104
57,4,104,165
1323,57,165,132
104,1323,132,1382
165,104,1382,127
132,165,127,7120
1382,132,7120,29
127,1382,29,1325
7120,127,1325,178
29,7120,178,8
1325,29,8,58
178,1325,58,34
8,178,34,18
58,8,18,3325
34,58,3325,3
18,34,3,93
3325,18,93,76
3,3325,76,2159
93,3,2159,364
76,93,364,72
2159,76,72,2
364,2159,2,18534
72,364,18534,749
2,72,749,705
18534,2,705,1507
749,18534,1507,128
705,749,128,205
1507,705,205,364
128,1507,364,1200
205,128,1200,1023
364,205,1023,19
1200,364,19,444
1023,1200,444,401
19,1023,401,1199
444,19,1199,395
401,444,395,5327
1199,401,5327,100309
395,1199,100309,111
5327,395,111,88
100309,5327,88,5
111,100309,5,341
88,111,341,153
5,88,153,34
341,5,34,313
153,341,313,73
34,153,73,2
313,34,2,30430
73,313,30430,5
2,73,5,268
30430,2,268,103
5,30430,103,66
268,5,66,46
103,268,46,1848
66,103,1848,8
46,66,8,90
1848,46,90,5
8,1848,5,200
90,8,200,893
5,90,893,34
200,5,34,93
893,200,93,106149
34,893,106149,265
93,34,265,57355
106149,93,57355,99
265,106149,99,7
57355,265,7,2
99,57355,2,745
7,99,745,2504
2,7,2504,200
745,2,200,8
2504,745,8,893
200,2504,893,128
8,200,128,66
893,8,66,15
128,893,15,2082
66,128,2082,144
15,66,144,184
2082,15,184,3
144,2082,3,669
184,144,669,792
3,184,792,619
669,3,619,53
792,669,53,7
619,792,7,68
53,619,68,2
7,53,2,200
68,7,200,3
2,68,3,17251
200,2,17251,179
3,200,179,2469
17251,3,2469,303
179,17251,303,19
2469,179,19,1961
303,2469,1961,299
19,303,299,309
1961,19,309,4
299,1961,4,2
309,299,2,707
4,309,707,200
2,4,200,3
707,2,3,2293
200,707,2293,4036
3,200,4036,25876
2293,3,25876,373
4036,2293,373,153
25876,4036,153,5
373,25876,5,1001
153,373,1001,34
5,153,34,17
1001,5,17,3540
34,1001,3540,3
17,34,3,2
3540,17,2,39
3,3540,39,749
2,3,749,240
39,2,240,9
749,39,9,216
240,749,216,5
9,240,5,1860
216,9,1860,214
5,216,214,749
1860,5,749,200
214,1860,200,715
749,214,715,2187
200,749,2187,86
715,200,86,375
2187,715,375,117
86,2187,117,5
375,86,5,1360
117,375,1360,2
