7,1788,36,22
395,7,22,36
36,395,36,49
22,36,49,7678
36,22,7678,40
49,36,40,17
7678,49,17,2193
40,7678,2193,1058
17,40,1058,4249
2193,17,4249,9259
1058,2193,9259,31
4249,1058,31,663
9259,4249,663,283
31,9259,283,299
663,31,299,141
283,663,141,9
299,283,9,4310
141,299,4310,9757
9,141,9757,347
4310,9,347,479
9757,4310,479,28
347,9757,28,5
479,347,5,443
28,479,443,1788
5,28,1788,34
443,5,34,17
1788,443,17,322
34,1788,322,20
17,34,20,66
322,17,66,15
20,322,15,21
66,20,21,86
15,66,86,273
21,15,273,2676
86,21,2676,443
273,86,443,29
2676,273,29,68
443,2676,68,15
29,443,15,2
68,29,2,3467
15,68,3467,217
2,15,217,5
3467,2,5,4664
217,3467,4664,3855
5,217,3855,4
4664,5,4,8
3855,4664,8,34
4,3855,34,345
8,4,345,3
34,8,3,2
345,34,2,10406
3,345,10406,555
2,3,555,5201
10406,2,5201,1088
555,10406,1088,138
5201,555,138,27
1088,5201,27,69
138,1088,69,1007
27,138,1007,2823
69,27,2823,2838
1007,69,2838,28
2823,1007,28,6
2838,2823,6,2
28,2838,2,304
6,28,304,12
2,6,12,473
304,2,473,20
12,304,20,62
473,12,62,206
20,473,206,478
62,20,478,348
206,62,348,327
478,206,327,17
348,478,17,7653
327,348,7653,4
17,327,4,1603
7653,17,1603,2838
4,7653,2838,453
1603,4,453,122
2838,1603,122,78
453,2838,78,32
122,453,32,14
78,122,14,3
32,78,3,1899
14,32,1899,784
3,14,784,348
1899,3,348,508
784,1899,508,2
348,784,2,887
508,348,887,371
2,508,371,27
887,2,27,116
371,887,116,86
27,371,86,107
116,27,107,3
86,116,3,1729
107,86,1729,67
3,107,67,226
1729,3,226,2245
67,1729,2245,283
226,67,283,299
2245,226,299,213
283,2245,213,7
299,283,7,1135
213,299,1135,4
7,213,4,896
1135,7,896,683
4,1135,683,181
896,4,181,18
683,896,18,1289
181,683,1289,8
18,181,8,20
1289,18,20,14
8,1289,14,541
20,8,541,83
14,20,83,3730
541,14,3730,9
83,541,9,76
3730,83,76,60
9,3730,60,301
76,9,301,9729
60,76,9729,3183
301,60,3183,805
9729,301,805,5
3183,9729,5,555
805,3183,555,5201
5,805,5201,1096
555,5,1096,1986
5201,555,1986,46
1096,5201,46,42
1986,1096,42,153
46,1986,153,126
42,46,126,85
153,42,85,46
126,153,46,7
85,126,7,253
46,85,253,3
7,46,3,434
253,7,434,372
3,253,372,9031
434,3,9031,9
372,434,9,90
9031,372,90,45
9,9031,45,20
90,9,20,4948
45,90,4948,7
20,45,7,21
4948,20,21,3837
7,4948,3837,536
21,7,536,46
3837,21,46,10
536,3837,10,912
46,536,912,51
10,46,51,63
912,10,63,71
51,912,71,4
63,51,4,162
71,63,162,287
4,71,287,78
162,4,78,32
287,162,32,697
78,287,697,3
32,78,3,505
697,32,505,887
3,697,887,14
505,3,14,208
887,505,208,117
14,887,117,934
208,14,934,511
117,208,511,10
934,117,10,14
511,934,14,2
10,511,2,5282
14,10,5282,1152
2,14,1152,455
5282,2,455,4626
1152,5282,4626,13093
455,1152,13093,1836
4626,455,1836,8
13093,4626,8,7
1836,13093,7,2
8,1836,2,273
7,8,273,337
2,7,337,206
273,2,206,71
337,273,71,14
206,337,14,32
71,206,32,3
14,71,3,247
32,14,247,63
3,32,63,46
247,3,46,22
63,247,22,2341
46,63,2341,7
22,46,7,23
2341,22,23,123
7,2341,123,71
23,7,71,2341
123,23,2341,7
71,123,7,1138
2341,71,1138,5868
7,2341,5868,61
1138,7,61,6
5868,1138,6,887
61,5868,887,4
6,61,4,51
887,6,51,10
4,887,10,345
51,4,345,3
10,51,3,32
345,10,32,630
3,345,630,3
32,3,3,1195
630,32,1195,20
3,630,20,99
1195,3,99,664
20,1195,664,171
99,20,171,49
664,99,49,60
171,664,60,2
49,171,2,99
60,49,99,1220
2,60,1220,4
99,2,4,784
1220,99,784,29
4,1220,29,999
784,4,999,34
29,784,34,17
999,29,17,10088
34,999,10088,9
17,34,9,49
10088,17,49,3
9,10088,3,155
49,9,155,80
3,49,80,606
155,3,606,121
80,155,121,11
606,80,11,17
121,606,17,612
11,121,612,52
17,11,52,32
612,17,32,247
52,612,247,63
32,52,63,53
247,32,53,64
63,247,64,967
53,63,967,8
64,53,8,49
967,64,49,235
8,967,235,664
49,8,664,34
235,49,34,17
664,235,17,3
34,664,3,317
17,34,317,3
3,17,3,4626
317,3,4626,1836
3,317,1836,887
4626,3,887,7
1836,4626,7,572
887,1836,572,53
7,887,53,64
572,7,64,967
53,572,967,37
64,53,37,10
967,64,10,29
37,967,29,4626
10,37,4626,92
29,10,92,1836
4626,29,1836,40
92,4626,40,17
1836,92,17,80
40,1836,80,901
363,6,2988,339
11885,363,339,1110
2988,11885,1110,1256
339,2988,1256,6180
1110,339,6180,159
1256,1110,159,150
6180,1256,150,662
159,6180,662,437
150,159,437,23
662,150,23,70
437,662,70,143
23,437,143,9
70,23,9,160
143,70,160,1857
9,143,1857,3
160,9,3,4082
1857,160,4082,30372
3,1857,30372,46
4082,3,46,8128
30372,4082,8128,10440
46,30372,10440,23
8128,46,23,46
10440,8128,46,138
23,10440,138,27
46,23,27,1691
138,46,1691,3
27,138,3,1382
1691,27,1382,1322
3,1691,1322,152
1382,3,152,48978
1322,1382,48978,607
152,1322,607,9928
48978,152,9928,15
607,48978,15,2494
9928,607,2494,4233
15,9928,4233,5301
2494,15,5301,5
4233,2494,5,3621
5301,4233,3621,151
5,5301,151,923
3621,5,923,1120
151,3621,1120,3
923,151,3,243
1120,923,243,45
3,1120,45,6
243,3,6,368
45,243,368,23
6,45,23,725
368,6,725,21083
23,368,21083,3
725,23,3,93
21083,725,93,6
3,21083,6,725
93,3,725,23
6,93,23,712
725,6,712,25
23,725,25,8
712,23,8,59
25,712,59,27
8,25,27,154
59,8,154,83
27,59,83,6556
154,27,6556,368
83,154,368,26
6556,83,26,219
368,6556,219,42
26,368,42,1379
219,26,1379,89
42,219,89,194
1379,42,194,6
89,1379,6,725
194,89,725,5
6,194,5,523
725,6,523,87
5,725,87,26
523,5,26,219
87,523,219,41029
26,87,41029,42305
219,26,42305,9706
41029,219,9706,8
42305,41029,8,359
9706,42305,359,5
8,9706,5,559
359,8,559,33
5,359,33,18
559,5,18,3
33,559,3,483
18,33,483,142
3,18,142,15
483,3,15,45
142,483,45,103
15,142,103,153
45,15,153,805
103,45,805,5
153,103,5,60
805,153,60,4
5,805,4,1733
60,5,1733,81
4,60,81,62
1733,4,62,3
81,1733,3,706
62,81,706,194
3,62,194,6180
706,3,6180,920
194,706,920,33
6180,194,33,18
920,6180,18,3
33,920,3,1733
18,33,1733,81
3,18,81,3
1733,3,3,4082
81,1733,4082,85703
3,81,85703,6180
4082,3,6180,26408
85703,4082,26408,11
6180,85703,11,44
26408,6180,44,16
11,26408,16,4507
44,11,4507,2102
16,44,2102,45
4507,16,45,8
2102,4507,8,30
45,2102,30,513
8,45,513,3
30,8,3,25
513,30,25,70319
3,513,70319,128
25,3,128,66
70319,25,66,7
128,70319,7,380
66,128,380,720
7,66,720,198
380,7,198,2
720,380,2,281
198,720,281,4239
2,198,4239,756
281,2,756,3
4239,281,3,25
756,4239,25,76
3,756,76,2698
25,3,2698,1781
76,25,1781,4
2698,76,4,7
1781,2698,7,380
4,1781,380,68
7,4,68,533
380,7,533,81
68,380,81,9
533,68,9,1478
81,533,1478,4
9,81,4,7
1478,9,7,380
4,1478,380,68
7,4,68,146
380,7,146,507
68,380,507,26
146,68,26,13
507,146,13,2
26,507,2,1925
13,26,1925,4
2,13,4,2
1925,2,2,6188
4,1925,6188,548
2,4,548,4
6188,2,4,7
548,6188,7,243
4,548,243,81
7,4,81,6
243,7,6,2
81,243,2,348
6,81,348,11
2,6,11,8381
348,2,8381,73
11,348,73,7
8381,11,7,380
73,8381,380,42
7,73,42,98508
380,7,98508,143
42,380,143,9
98508,42,9,160
143,98508,160,4720
9,143,4720,642
160,9,642,807
4720,160,807,15
642,4720,15,6180
807,642,6180,184
15,807,184,3
6180,15,3,2
184,6180,2,304
3,184,304,24
2,3,24,151
304,2,151,573
24,304,573,4853
151,24,4853,106634
573,151,106634,4
4853,573,4,753
106634,4853,753,3839
4,106634,3839,18
753,4,18,47
3839,753,47,1512
18,3839,1512,6
47,18,6,268
1512,47,268,301
6,1512,301,9
268,6,9,6971
301,268,6971,8413
9,301,8413,2889
6971,9,2889,3
8413,6971,3,96
2889,8413,96,1176
3,2889,1176,44602
96,3,44602,6047
1176,96,6047,2426
44602,1176,2426,2
6047,44602,2,2480
2426,6047,2480,9
2,2426,9,548
2480,2,548,75
9,2480,75,8413
548,9,8413,2
75,548,2,3353
8413,75,3353,15
2,8413,15,4
3353,2,4,13467
15,3353,13467,909
4,15,909,31
13467,4,31,4720
909,13467,4720,182
31,909,182,22
4720,31,22,262
182,4720,262,3297
22,182,3297,75
262,22,75,6047
3297,262,6047,4
75,3297,4,4
6047,75,4,693
4,6047,693,1363
4,4,1363,2
693,4,2,812
1363,693,812,2404
2,1363,2404,15
812,2,15,449
2404,812,449,6009
15,2404,6009,6
449,15,6,2
6009,449,2,7236
6,6009,7236,559
2,6,559,23
7236,2,23,3755
559,7236,3755,9383
23,559,9383,2759
3755,23,2759,6090
9383,3755,6090,339
2759,9383,339,102
6090,2759,102,1382
339,6090,1382,2889
102,339,2889,4
1382,102,4,277
2889,1382,277,16188
4,2889,16188,60685
277,4,60685,2902
16188,277,2902,3
60685,16188,3,159
2902,60685,159,39
3,2902,39,249
159,3,249,312
39,159,312,1600
249,39,1600,5580
312,249,5580,3104
1600,312,3104,24835
5580,1600,24835,105
3104,5580,105,100725
24835,3104,100725,280
105,24835,280,36
100725,105,36,1532
280,100725,1532,7
36,280,7,3239
1532,36,3239,3
7,1532,3,536
3239,7,536,97
3,3239,97,6
536,3,6,1206
97,536,1206,2143
6,97,2143,425
1206,6,425,8
2143,1206,8,2310
425,2143,2310,26693
8,425,26693,2
2310,8,2,2859
26693,2310,2859,4820
2,26693,4820,272
2859,2,272,9337
4820,2859,9337,15
272,4820,15,138
9337,272,138,27
15,9337,27,69
138,15,69,53940
27,138,53940,58
69,27,58,127
53940,69,127,287
58,53940,287,895
127,58,895,3
287,127,3,3509
895,287,3509,294
3,895,294,37
3509,3,37,2108
294,3509,2108,4
37,294,4,38
2108,37,38,1994
4,2108,1994,1539
38,4,1539,27
1994,38,27,3743
1539,1994,3743,2
27,1539,2,2784
3743,27,2784,5
2,3743,5,2531
2784,2,2531,1141
5,2784,1141,6027
2531,5,6027,211
1141,2531,211,8
6027,1141,8,5
211,6027,5,2
8,211,2,1434
5,8,1434,5908
2,5,5908,6
1434,2,6,2747
5908,1434,2747,26693
6,5908,26693,13100
2747,6,13100,6
26693,2747,6,125
13100,26693,125,951
6,13100,951,251
125,6,251,4
951,125,4,672
251,951,672,519
4,251,519,37
672,4,37,22348
519,672,22348,14305
37,519,14305,1091
22348,37,1091,15
14305,22348,15,73
1091,14305,73,5
15,1091,5,500
73,15,500,3121
5,73,3121,19284
500,5,19284,37267
3121,500,37267,963
19284,3121,963,15
37267,19284,15,2722
963,37267,2722,708
15,963,708,3
2722,15,3,43469
708,2722,43469,38831
3,708,38831,13914
43469,3,13914,4
38831,43469,4,2194
13914,38831,2194,81
4,13914,81,3
2194,4,3,155
81,2194,155,89527
3,81,89527,6
155,3,6,11211
89527,155,11211,46
6,89527,46,48
11211,6,48,6
46,11211,6,4
48,46,4,2156
6,48,2156,740
4,6,740,3
2156,4,3,21903
740,2156,21903,41
3,740,41,37
21903,3,37,2108
41,21903,2108,4
37,41,4,38
2108,37,38,1994
4,2108,1994,1539
38,4,1539,27
1994,38,27,223
1539,1994,223,26693
27,1539,26693,809
223,27,809,58
26693,223,58,1987
809,26693,1987,2732
58,809,2732,4
1987,58,4,23973
2732,1987,23973,75153
4,2732,75153,4
23973,4,4,1548
75153,23973,1548,2858
4,75153,2858,8274
1548,4,8274,13845
2858,1548,13845,184
8274,2858,184,3
13845,8274,3,181
184,13845,181,809
3,184,809,5
181,3,5,2706
809,181,2706,25
5,809,25,21
2706,5,21,178
25,2706,178,8
21,25,8,26693
178,21,26693,607
8,178,607,19
26693,8,19,22
607,26693,22,83
19,607,83,1164
22,19,1164,2
83,22,2,4507
1164,83,4507,2102
2,1164,2102,14
4507,2,14,2080
2102,4507,2080,1074
14,2102,1074,194
2080,14,194,50
1074,2080,50,5
194,1074,5,156
50,194,156,2
5,50,2,1304
156,5,1304,5
2,156,5,67771
1304,2,67771,4
5,1304,4,15355
67771,5,15355,4
4,67771,4,105
15355,4,105,9148
4,15355,9148,8
105,4,8,1520
9148,105,1520,13
8,9148,13,105
1520,8,105,576
13,1520,576,10
105,13,10,40
576,105,40,17
10,576,17,490
40,10,490,9
17,40,9,89
490,17,89,3
9,490,3,154
89,9,154,61
3,89,61,15
154,3,15,81
61,154,81,28
15,61,28,2732
81,15,2732,573
28,81,573,5
2732,28,5,2
573,2732,2,92207
5,573,92207,1025
2,5,1025,305
92207,2,305,996
1025,92207,996,1317
305,1025,1317,171
996,305,171,1225
1317,996,1225,2732
171,1317,2732,1094
1225,171,1094,451
2732,1225,451,2278
1094,2732,2278,5
451,1094,5,15004
2278,451,15004,96
5,2278,96,157
15004,5,157,306
96,15004,306,285
157,96,285,1317
306,157,1317,373
285,306,373,10287
1317,285,10287,5
373,1317,5,4142
10287,373,4142,339
5,10287,339,7
4142,5,7,1637
339,4142,1637,3
7,339,3,1639
1637,7,1639,298
4208,2033,12342,676
46,4208,676,74
12342,46,74,439
676,12342,439,5
74,676,5,4
439,74,4,4019
5,439,4019,220
4,5,220,4139
4019,4,4139,164
220,4019,164,128
4139,220,128,1308
164,4139,1308,6141
128,164,6141,20
1308,128,20,1344
6141,1308,1344,3224
20,6141,3224,3307
1344,20,3307,4
3224,1344,4,10
3307,3224,10,1440
4,3307,1440,79
10,4,79,4
1440,10,4,414
79,1440,414,3939
4,79,3939,4
414,4,4,10412
3939,414,10412,6
4,3939,6,2
10412,4,2,66
6,10412,66,5
2,6,5,150
66,2,150,54449
5,66,54449,176
150,5,176,379
54449,150,379,9620
176,54449,9620,2732
379,176,2732,31
9620,379,31,7
2732,9620,7,119
31,2732,119,6706
7,31,6706,350
119,7,350,969
6706,119,969,1513
350,6706,1513,2418
969,350,2418,2
1513,969,2,220
2418,1513,220,12
2,2418,12,4774
220,2,4774,109
12,220,109,3508
4774,12,3508,500
109,4774,500,72
3508,109,72,103
500,3508,103,985
72,500,985,29
103,72,29,643
985,103,643,186
29,985,186,3
643,29,3,205
186,643,205,5
3,186,5,989
205,3,989,4
5,205,4,23
989,5,23,60
4,989,60,1311
23,4,1311,676
60,23,676,108
1311,60,108,2214
676,1311,2214,2
108,676,2,787
2214,108,787,4242
2,2214,4242,4265
787,2,4265,4
4242,787,4,7932
4265,4242,7932,12152
4,4265,12152,1364
7932,4,1364,122
12152,7932,122,176
1364,12152,176,6
122,1364,6,215
176,122,215,3449
6,176,3449,4216
215,6,4216,2551
3449,215,2551,1276
4216,3449,1276,4
2551,4216,4,3579
1276,2551,3579,15
4,1276,15,95
3579,4,95,12
15,3579,12,100638
95,15,100638,2850
12,95,2850,15707
100638,12,15707,2033
2850,100638,2033,1021
15707,2850,1021,3633
2033,15707,3633,198
1021,2033,198,2
3633,1021,2,578
198,3633,578,231
2,198,231,1532
578,2,1532,1146
231,578,1146,5
1532,231,5,176
1146,1532,176,4632
5,1146,4632,719
176,5,719,3
4632,176,3,1691
719,4632,1691,6
3,719,6,363
1691,3,363,1163
6,1691,1163,15
363,6,15,156
1163,363,156,187
15,1163,187,782
156,15,782,2
187,156,2,2030
782,187,2030,2316
2,782,2316,7
2030,2,7,21
2316,2030,21,8257
7,2316,8257,2732
21,7,2732,4
8257,21,4,279
2732,8257,279,216
4,2732,216,877
279,4,877,3
216,279,3,611
877,216,611,618
3,877,618,496
611,3,496,102
618,611,102,379
496,618,379,1513
102,496,1513,1311
379,102,1311,439
1513,379,439,3148
1311,1513,3148,2
439,1311,2,150
3148,439,150,234
2,3148,234,23
150,2,23,1532
234,150,1532,1217
23,234,1217,5914
1532,23,5914,176
1217,1532,176,4732
5914,1217,4732,4
176,5914,4,919
4732,176,919,175
4,4732,175,176
919,4,176,379
175,919,379,4
176,175,4,1320
379,176,1320,5
4,379,5,56391
1320,4,56391,66
5,1320,66,394
56391,5,394,48
66,56391,48,7
394,66,7,55
48,394,55,44
7,48,44,7
55,7,7,8
44,55,8,1221
7,44,1221,1513
8,7,1513,22
1221,8,22,439
1513,1221,439,22
22,1513,22,1377
439,22,1377,18
22,439,18,398
1377,22,398,180
18,1377,180,2
398,18,2,39
180,398,39,448
2,180,448,5
39,2,5,1370
448,39,1370,6
5,448,6,290
1370,5,290,4
6,1370,4,8
290,6,8,7
4,290,7,3
8,4,3,445
7,8,445,17
3,7,17,2
445,3,2,699
17,445,699,17586
2,17,17586,4
699,2,4,3
17586,699,3,942
4,17586,942,560
3,4,560,3
942,3,3,206
560,942,206,7
3,560,7,324
206,3,324,56
7,206,56,12
324,7,12,4774
56,324,4774,44
12,56,44,29463
4774,12,29463,19630
44,4774,19630,31
29463,44,31,1362
19630,29463,1362,2
31,19630,2,195
1362,31,195,6
2,1362,6,220
195,2,220,244
6,195,244,323
220,6,323,578
244,220,578,2
323,244,2,676
578,323,676,2178
2,578,2178,7
676,2,7,7
2178,676,7,154
7,2178,154,87
7,7,87,53
154,7,53,14
87,154,14,4
53,87,4,528
14,53,528,8
4,14,8,331
528,4,331,180
8,528,180,3
331,8,3,154
180,331,154,7
3,180,7,324
154,3,324,87
7,154,87,7
324,7,7,14
87,324,14,2539
7,87,2539,5
14,7,5,1649
2539,14,1649,220
5,2539,220,45
1649,5,45,550
220,1649,550,6
45,220,6,401
550,45,401,19
6,550,19,435
401,6,435,5
19,401,5,176
435,19,176,85502
5,435,85502,8193
176,5,8193,79
85502,176,79,2
8193,85502,2,2064
79,8193,2064,5
2,79,5,195
2064,2,195,4
5,2064,4,528
195,5,528,128
