61,2514,3172,19099
175,61,19099,4
3172,175,4,18541
19099,3172,18541,11110
4,19099,11110,74
18541,4,74,6672
11110,18541,6672,935
74,11110,935,1670
6672,74,1670,175
935,6672,175,6445
1670,935,6445,4
175,1670,4,1143
6445,175,1143,6
4,6445,6,38
1143,4,38,847
6,1143,847,927
38,6,927,3
847,38,3,1058
927,847,1058,1478
3,927,1478,9
1058,3,9,4239
1478,1058,4239,3
9,1478,3,25
4239,9,25,41
3,4239,41,4239
25,3,4239,55
41,25,55,2189
4239,41,2189,2641
55,4239,2641,247
2189,55,247,108
2641,2189,108,195
247,2641,195,1429
108,247,1429,4188
195,108,4188,3
1429,195,3,1736
4188,1429,1736,71
3,4188,71,389
1736,3,389,1736
71,1736,1736,247
389,71,247,108
1736,389,108,195
247,1736,195,157
108,247,157,2669
195,108,2669,4188
157,195,4188,464
2669,157,464,3396
4188,2669,3396,195
464,4188,195,2836
3396,464,2836,83
195,3396,83,4188
2836,195,4188,9
83,2836,9,631
4188,83,631,37
9,4188,37,887
631,9,887,23
37,631,23,347
887,37,347,3234
23,887,3234,97
347,23,97,119
3234,347,119,111
97,3234,111,1900
119,97,1900,6538
111,119,6538,12973
1900,111,12973,11731
6538,1900,11731,527
12973,6538,527,11665
11731,12973,11665,3
527,11731,3,248
11665,527,248,1852
3,11665,1852,887
248,3,887,2641
1852,248,2641,11708
887,1852,11708,700
2641,887,700,2836
11708,2641,2836,83
700,11708,83,2698
2836,700,2698,4188
83,2836,4188,3
2698,83,3,319
4188,2698,319,89
3,4188,89,24
319,3,24,10389
89,319,10389,190
24,89,190,347
10389,24,347,3234
190,10389,3234,13250
347,190,13250,1857
3234,347,1857,10
13250,3234,10,2235
1857,13250,2235,9
10,1857,9,418
2235,10,418,843
9,2235,843,3
418,9,3,276
843,418,276,887
3,843,887,358
276,3,358,23
887,276,23,643
358,887,643,1573
23,358,1573,14
643,23,14,2
1573,643,2,572
14,1573,572,354
2,14,354,63
572,2,63,2207
354,572,2207,887
63,354,887,4948
2207,63,4948,15
887,2207,15,526
4948,887,526,316
15,4948,316,2977
526,15,2977,48
316,526,48,70
2977,316,70,2748
48,2977,2748,2111
70,48,2111,71
2748,70,71,3
2111,2748,3,250
71,2111,250,52
3,71,52,33
250,3,33,73
52,250,73,112
33,52,112,342
73,33,342,348
112,73,348,33
342,112,33,55
348,342,55,319
33,348,319,112
55,33,112,342
319,55,342,348
112,319,348,16742
342,112,16742,543
348,342,543,2104
16742,348,2104,19
543,16742,19,19760
2104,543,19760,541
19,2104,541,24
19760,19,24,197
541,19760,197,832
24,541,832,71
197,24,71,7
832,197,7,569
71,832,569,21
7,71,21,774
569,7,774,1651
21,569,1651,7
774,21,7,178
1651,774,178,6
7,1651,6,2
178,7,2,201
6,178,201,4974
2,6,4974,7439
201,2,7439,240
4974,201,240,10263
7439,4974,10263,71
240,7439,71,13
10263,240,13,64
71,10263,64,1583
13,71,1583,11
64,13,11,47
1583,64,47,5577
11,1583,5577,375
47,11,375,11
5577,47,11,599
375,5577,599,37
11,375,37,10
599,11,10,6
37,599,6,556
10,37,556,1458
6,10,1458,128
556,6,128,153
1458,556,153,783
128,1458,783,255
153,128,255,23
783,153,23,8812
255,783,8812,25
23,255,25,572
8812,23,572,10
25,8812,10,84
572,25,84,10539
10,572,10539,2059
84,10,2059,519
10539,84,519,1033
2059,10539,1033,963
519,2059,963,150
1033,519,150,325
963,1033,325,542
150,963,542,44
325,150,44,15
542,325,15,158
44,542,158,1260
15,44,1260,92
158,15,92,7
1260,158,7,112
92,1260,112,325
7,92,325,542
112,7,542,30
325,112,30,116
542,325,116,33
30,542,33,73
116,30,73,64
33,116,64,42
73,33,42,765
64,73,765,50
42,64,50,445
765,42,445,53
50,765,53,50
445,50,50,445
53,445,445,1095
50,53,1095,3
445,50,3,1795
1095,445,1795,1109
3,1095,1109,2144
1795,3,2144,4528
1109,1795,4528,167
2144,1109,167,12
4528,2144,12,1076
167,4528,1076,2344
12,167,2344,1935
1076,12,1935,5
2344,1076,5,887
1935,2344,887,2
5,1935,2,2938
887,5,2938,362
2,887,362,63
2938,2,63,759
362,2938,759,631
63,362,631,173
759,63,173,12
631,759,12,887
173,631,887,7
12,173,7,7
887,12,7,858
7,887,858,8
7,7,8,17182
858,7,17182,15
8,858,15,1330
17182,8,1330,71
15,17182,71,8892
1330,15,8892,22
71,1330,22,4934
8892,71,4934,973
22,8892,973,1836
4934,22,1836,2171
973,4934,2171,3
1836,973,3,12570
2171,1836,12570,6485
3,2171,6485,1002
12570,3,1002,887
6485,12570,887,8423
1002,6485,8423,635
887,1002,635,234
8423,887,234,2
635,8423,2,572
234,635,572,154
2,234,154,11661
572,2,11661,197
154,572,197,8890
11661,154,8890,1639
197,11661,1639,197
8890,197,197,24
1639,8890,24,38
197,1639,38,320
24,197,320,2
38,24,2,1796
320,38,1796,3
2,320,3,88
1796,2,88,70
3,1796,70,199
88,3,199,5
70,88,5,70
199,70,70,950
5,199,950,6600
70,5,6600,3189
950,70,3189,74
6600,950,74,15462
3189,6600,15462,3692
74,3189,3692,3189
15462,74,3189,92
3692,15462,92,1259
3189,3692,1259,52
92,3189,52,33
1259,92,33,50
52,1259,50,458
33,52,458,3
50,33,3,1135
458,50,1135,887
3,458,887,729
1135,3,729,1141
887,1135,1141,10
729,887,10,14
1141,729,14,2
10,1141,2,2132
14,10,2132,4912
2,14,4912,1087
2132,2,1087,33
4912,2132,33,121
1087,4912,121,181
33,1087,181,1141
121,33,1141,1230
181,121,1230,4
1141,181,4,160
1230,1141,160,48
4,1230,48,112
160,4,112,12235
48,160,12235,71
112,48,71,252
12235,112,252,93
71,12235,93,718
252,71,718,2233
93,252,2233,278
718,93,278,15
2233,718,15,887
278,2233,887,71
15,278,71,2293
887,15,2293,91
71,887,91,5
2293,71,5,823
91,2293,823,63
5,91,63,1140
823,5,1140,927
63,823,927,18680
1140,63,18680,7744
927,1140,7744,3
18680,927,3,583
7744,18680,583,2
3,7744,2,903
583,3,903,5
2,583,5,3131
903,2,3131,23
5,903,23,278
3131,5,278,6820
23,3131,6820,1149
278,23,1149,3682
6820,278,3682,121
1149,6820,121,18
3682,1149,18,320
121,3682,320,2003
18,121,2003,10724
320,18,10724,19
2003,320,19,3099
10724,2003,3099,575
19,10724,575,26
3099,19,26,210
575,3099,210,15
26,575,15,119
210,26,119,1348
15,210,1348,1116
119,15,1116,10436
1348,119,10436,1054
1116,1348,1054,1371
10436,1116,1371,5604
1054,10436,5604,837
1371,1054,837,297
5604,1371,297,678
837,5604,678,2065
297,837,2065,3
678,297,3,715
2065,678,715,2
3,2065,2,3003
715,3,3003,1426
2,715,1426,3503
3003,2,3503,5
1426,3003,5,58
3503,1426,58,124
5,3503,124,12
58,5,12,225
124,58,225,3824
12,124,3824,3550
225,12,3550,2372
3824,225,2372,915
3550,3824,915,101
2372,3550,101,3
915,2372,3,4082
101,915,4082,4
3,101,4,7851
4082,3,7851,16043
4,4082,16043,3875
7851,4,3875,7355
16043,7851,7355,4518
3875,16043,4518,3
7355,3875,3,274
4518,7355,274,71
3,4518,71,52
274,3,52,7
71,274,7,13
52,71,13,2
7,52,2,12417
13,7,12417,11
2,13,11,40
12417,2,40,234
11,12417,234,73
40,11,73,16390
234,40,16390,20090
73,234,20090,8217
16390,73,8217,212
20090,16390,212,17569
8217,20090,17569,304
212,8217,304,3539
17569,212,3539,10
304,17569,10,8496
3539,304,8496,2
10,3539,2,92
8496,10,92,6557
2,8496,6557,3886
92,2,3886,207
6557,92,207,60
3886,6557,60,887
207,3886,887,93
60,207,93,4950
887,60,4950,2
93,887,2,9755
4950,93,9755,3549
2,4950,3549,210
9755,2,210,202
3549,9755,202,3
210,3549,3,4858
202,210,4858,163
3,202,163,601
4858,3,601,4434
163,4858,4434,5
601,163,5,887
4434,601,887,126
5,4434,126,36
887,5,36,3320
126,887,3320,34
36,126,34,208
3320,36,208,192
34,3320,192,190
208,34,190,85
192,208,85,71
190,192,71,52
85,190,52,7
71,85,7,13
52,71,13,2
7,52,2,12
13,7,12,64
2,13,64,1427
12,2,1427,130
64,12,130,1412
1427,64,1412,55
130,1427,55,84
1412,130,84,5273
55,1412,5273,2
84,55,2,565
5273,84,565,5022
2,5273,5022,7206
565,2,7206,3094
5022,565,3094,1340
7206,5022,1340,1652
3094,7206,1652,8
1340,3094,8,170
1652,1340,170,1216
8,1652,1216,5
170,8,5,11275
1216,170,11275,50
5,1216,50,2912
11275,5,2912,3664
50,11275,3664,36
2912,50,36,1761
3664,2912,1761,11372
36,3664,11372,14
1761,36,14,21
11372,1761,21,4
14,11372,4,309
21,14,309,5
4,21,5,834
309,4,834,39
5,309,39,6177
834,5,6177,117
39,834,117,3703
6177,39,3703,16153
117,6177,16153,1609
3703,117,1609,55
16153,3703,55,137
1609,16153,137,1946
55,1609,1946,24
137,55,24,413
1946,137,413,1393
24,1946,1393,2816
413,24,2816,3480
1393,413,3480,1999
2816,1393,1999,297
3480,2816,297,102
1999,3480,102,1761
297,1999,1761,675
102,297,675,434
1761,102,434,19
675,1761,19,12898
434,675,12898,2300
19,434,2300,339
12898,19,339,8
2300,12898,8,14
339,2300,14,4391
8,339,4391,3
14,8,3,38
4391,14,38,1175
3,4391,1175,5382
38,3,5382,181
1175,38,181,1257
5382,1175,1257,9702
181,5382,9702,3
1257,181,3,1540
9702,1257,1540,48
3,9702,48,119
1540,3,119,111
48,1540,111,954
119,48,954,1939
111,119,1939,42
954,111,42,1128
1939,954,1128,71
42,1939,71,1999
1128,42,1999,7
71,1128,7,2
1999,71,2,1387
7,1999,1387,101
2,7,101,72
1387,2,72,73
101,1387,73,373
72,101,373,1167
73,72,1167,119
373,73,119,111
1167,373,111,172
119,1167,172,71
111,119,71,158
172,111,158,501
71,172,501,696
158,71,696,125
501,158,125,641
696,501,641,2
125,696,2,284
641,125,284,5
2,641,5,572
284,2,572,10
5,284,10,2235
572,5,2235,3
10,572,3,1227
2235,10,1227,4671
3,2235,4671,2614
1227,3,2614,24
4671,1227,24,7484
2614,4671,7484,3513
24,2614,3513,6485
7484,24,6485,3
3513,7484,3,1282
6485,3513,1282,8494
3,6485,8494,208
1282,3,208,28
8494,1282,28,476
208,8494,476,5832
28,208,5832,71
476,28,71,52
5832,476,52,7
71,5832,7,13
52,71,13,2
7,52,2,980
13,7,980,12
2,13,12,11
980,2,11,234
12,980,234,73
11,12,73,2823
234,11,2823,5680
73,234,5680,19833
2823,73,19833,266
5680,2823,266,6
19833,5680,6,1707
266,19833,1707,459
6,266,459,19
1707,6,19,1999
459,1707,1999,882
19,459,882,152
1999,19,152,1375
882,1999,1375,4232
152,882,4232,567
1375,152,567,3
4232,1375,3,1388
567,4232,1388,1999
3,567,1999,2377
1388,3,2377,20585
1999,1388,20585,3261
2377,1999,3261,151
20585,2377,151,345
3261,20585,345,3
151,3261,3,19811
345,151,19811,436
3,345,436,3405
19811,3,3405,6
436,19811,6,43
3405,436,43,352
6,3405,352,75
43,6,75,9619
352,43,9619,8027
75,352,8027,2403
9619,75,2403,800
8027,9619,800,3
2403,8027,3,8022
800,2403,8022,2405
3,800,2405,3154
8022,3,3154,11903
2405,8022,11903,19303
3154,2405,19303,933
11903,3154,933,664
19303,11903,664,61
933,19303,61,15
664,933,15,2676
61,664,2676,725
15,61,725,5838
2676,15,5838,2586
725,2676,2586,2405
5838,725,2405,71
2586,5838,71,252
2405,2586,252,3
71,2405,3,20651
252,71,20651,5371
3,252,5371,1687
20651,3,1687,2
5371,20651,2,20557
1687,5371,20557,581
2,1687,581,763
20557,2,763,1330
581,20557,1330,13
763,581,13,90
1330,763,90,810
13,1330,810,29
90,13,29,1318
810,90,1318,247
29,810,247,2
1318,29,2,92
247,1318,92,348
2,247,348,43
92,2,43,152
348,92,152,55
43,348,55,1890
152,43,1890,2295
55,152,2295,1679
1890,55,1679,314
2295,1890,314,61
1679,2295,61,4259
314,1679,4259,5735
61,314,5735,4
4259,61,4,2266
5735,4259,2266,261
4,5735,261,4288
2266,4,4288,1011
261,2266,1011,252
4288,261,252,2712
1011,4288,2712,71
252,1011,71,1673
2712,252,1673,1180
71,2712,1180,7363
1673,71,7363,19
1180,1673,19,1503
7363,1180,1503,4139
19,7363,4139,2
1503,19,2,201
4139,1503,201,107
2,4139,107,3
201,2,3,2659
107,201,2659,9176
3,107,9176,4
2659,3,4,942
9176,2659,942,2111
4,9176,2111,20
942,4,20,17415
2111,942,17415,71
20,2111,71,956
17415,20,956,22
71,17415,22,1073
956,71,1073,3
22,956,3,720
1073,22,720,7196
3,1073,7196,1576
720,3,1576,898
7196,720,898,1224
1576,7196,1224,6
898,1576,6,316
1224,898,316,3
6,1224,3,1227
316,6,1227,7887
3,316,7887,119
1227,3,119,111
7887,1227,111,3
119,7887,3,70
111,119,70,397
3,111,397,7887
70,3,7887,434
397,70,434,7614
7887,397,7614,223
434,7887,223,13116
7614,434,13116,8
223,7614,8,1220
13116,223,1220,7160
8,13116,7160,3601
1220,8,3601,20897
7160,1220,20897,7160
3601,7160,7160,19410
20897,3601,19410,3
7160,20897,3,17
19410,7160,17,1603
3,19410,1603,19
17,3,19,1501
1603,17,1501,19473
19,1603,19473,60
1501,19,60,17261
19473,1501,17261,320
60,19473,320,9037
17261,60,9037,8391
320,17261,8391,108
9037,320,108,16963
8391,9037,16963,9937
108,8391,9937,616
16963,108,616,3638
9937,16963,3638,5807
616,9937,5807,7
3638,616,7,419
5807,3638,419,96
7,5807,96,9889
419,7,9889,1949
96,419,1949,24
9889,96,24,391
1949,9889,391,763
24,1949,763,361
391,24,361,10956
763,391,10956,18691
361,763,18691,899
10956,361,899,6449
18691,10956,6449,5907
899,18691,5907,2712
6449,899,2712,71
5907,6449,71,510
2712,5907,510,10612
71,2712,10612,5027
510,71,5027,5
10612,510,5,2464
5027,10612,2464,4
5,5027,4,35
2464,5,35,1140
4,2464,1140,15633
35,4,15633,1361
1140,35,1361,101
15633,1140,101,5
1361,15633,5,225
101,1361,225,3
5,101,3,17
225,5,17,1819
3,225,1819,6
17,3,6,9979
1819,17,9979,1655
6,1819,1655,3522
9979,6,3522,4
1655,9979,4,20629
3522,1655,20629,121
4,3522,121,179
20629,4,179,570
121,20629,570,3
179,121,3,1090
570,179,1090,419
3,570,419,581
1090,3,581,9
419,1090,9,677
581,419,677,201
9,581,201,2202
677,9,2202,5
201,677,5,283
2202,201,283,4
5,2202,4,399
283,5,399,427
4,283,427,2201
399,4,2201,1819
427,399,1819,19
2201,427,19,18838
1819,2201,18838,8000
19,1819,8000,2
18838,19,2,2161
8000,18838,2161,1453
2,8000,1453,1120
2161,2,1120,3753
1453,2161,3753,243
1120,1453,243,56
3753,1120,56,1259
243,3753,1259,21
56,243,21,3
1259,56,3,18734
21,1259,18734,657
3,21,657,1324
18734,3,1324,11335
657,18734,11335,1520
1324,657,1520,19319
11335,1324,19319,6243
1520,11335,6243,3388
19319,1520,3388,196
6243,19319,196,1311
3388,6243,1311,71
196,3388,71,317
1311,196,317,3
71,1311,3,1872
317,71,1872,996
3,317,996,2147
1872,3,2147,540
996,1872,540,472
2147,996,472,2181
540,2147,2181,800
472,540,800,3
2181,472,3,2372
800,2181,2372,342
3,800,342,7113
2372,3,7113,3
342,2372,3,1104
7113,342,1104,43
3,7113,43,121
1104,3,121,157
43,1104,157,2731
121,43,2731,2938
157,121,2938,167
2731,157,167,12
2938,2731,12,10
167,2938,10,83
12,167,83,441
10,12,441,749
83,10,749,3894
441,83,3894,1635
749,441,1635,42
3894,749,42,591
1635,3894,591,225
42,1635,225,3
591,42,3,676
225,591,676,1873
3,225,1873,4923
676,3,4923,15
1873,676,15,42
4923,1873,42,591
15,4923,591,5268
42,15,5268,4771
591,42,4771,2744
5268,591,2744,543
4771,5268,543,676
2744,4771,676,1600
543,2744,1600,2356
676,543,2356,1018
1600,676,1018,12
2356,1600,12,19702
1018,2356,19702,4640
12,1018,4640,5635
19702,12,5635,4837
4640,19702,4837,1137
5635,4640,1137,537
4837,5635,537,1229
1137,4837,1229,15
537,1137,15,4275
1229,537,4275,439
15,1229,439,3737
4275,15,3737,2693
439,4275,2693,800
3737,439,800,3
2693,3737,3,117
800,2693,117,8864
3,800,8864,871
117,3,871,3
8864,117,3,1503
871,8864,1503,5762
3,871,5762,2990
1503,3,2990,243
5762,1503,243,4
2990,5762,4,117
243,2990,117,3
4,243,3,1761
117,4,1761,97
3,117,97,15
1761,3,15,39
97,1761,39,58
15,97,58,9
39,15,9,162
58,39,162,788
9,58,788,2045
162,9,2045,23
788,162,23,1444
2045,788,1444,85
23,2045,85,5342
1444,23,5342,166
85,1444,166,5078
5342,85,5078,63
166,5342,63,71
5078,166,71,2293
63,5078,2293,5334
71,63,5334,2147
2293,71,2147,167
5334,2293,167,12
2147,5334,12,48
167,2147,48,10012
12,167,10012,809
48,12,809,1075
10012,48,1075,133
809,10012,133,10012
1075,809,10012,19010
133,1075,19010,1336
10012,133,1336,366
19010,10012,366,11
1336,19010,11,13
366,1336,13,47
11,366,47,350
13,11,350,19
47,13,19,63
350,47,63,29
19,350,29,803
63,19,803,1972
29,63,1972,22
803,29,22,320
1972,803,320,3
22,1972,3,5523
320,22,5523,119
3,320,119,111
5523,3,111,307
119,5523,307,39
111,119,39,4297
307,111,4297,1089
39,307,1089,5
4297,39,5,71
1089,4297,71,867
5,1089,867,1869
71,5,1869,615
867,71,615,6969
1869,867,6969,4
615,1869,4,80
6969,615,80,6401
4,6969,6401,6
80,4,6,4
6401,80,4,56
6,6401,56,39
4,6,39,249
56,4,249,60
39,56,60,3051
249,39,3051,19
60,249,19,1402
3051,60,1402,92
19,3051,92,457
1402,19,457,8645
92,1402,8645,288
457,92,288,648
8645,457,648,2595
288,8645,2595,119
648,288,119,111
2595,648,111,59
119,2595,59,63
111,119,63,2963
59,111,2963,10012
63,59,10012,11
2963,63,11,1928
10012,2963,1928,3225
11,10012,3225,3
1928,11,3,686
3225,1928,686,493
3,3225,493,8
686,3,8,1429
493,686,1429,311
8,493,311,674
1429,8,674,3
311,1429,3,988
674,311,988,11
3,674,11,7
988,3,7,718
11,988,718,71
7,11,71,2201
718,7,2201,1218
71,718,1218,1696
2201,71,1696,1250
1218,2201,1250,9
1696,1218,9,63
1250,1696,63,7249
9,1250,7249,4
63,9,4,38
7249,63,38,907
4,7249,907,1868
38,4,1868,9979
907,38,9979,1464
1868,907,1464,231
9979,1868,231,81
1464,9979,81,472
231,1464,472,35
81,231,35,2202
472,81,2202,3
35,472,3,117
2202,35,117,70
3,2202,70,645
117,3,645,545
70,117,545,3
645,70,3,539
545,645,539,2
3,545,2,214
539,3,214,9
2,539,9,43
214,2,43,836
9,214,836,2601
43,9,2601,3513
836,43,3513,6485
2601,836,6485,1109
3513,2601,1109,2144
6485,3513,2144,7
1109,6485,7,12
2144,1109,12,296
7,2144,296,26
