2,73,690,58
108518,2,58,108520
690,108518,108520,1022
58,690,1022,29
108520,58,29,15
1022,108520,15,2
29,1022,2,3097
15,29,3097,3
2,15,3,1262
3097,2,1262,12
3,3097,12,2140
1262,3,2140,4
12,1262,4,6522
2140,12,6522,28
4,2140,28,10927
6522,4,10927,7546
28,6522,7546,2
10927,28,2,159
7546,10927,159,871
2,7546,871,3
159,2,3,823
871,159,823,63
3,871,63,927
823,3,927,31
63,823,31,179
927,63,179,23
31,927,23,456
179,31,456,5
23,179,5,779
456,23,779,4
5,456,4,188
779,5,188,91970
4,779,91970,44
188,4,44,10
91970,188,10,196
44,91970,196,341
10,44,341,3
196,10,3,1382
341,196,1382,1734
3,341,1734,29
1382,3,29,26
1734,1382,26,383
29,1734,383,8
26,29,8,52
383,26,52,189
8,383,189,4
52,8,4,57
189,52,57,58
4,189,58,346
57,4,346,39
58,57,39,107
346,58,107,3
39,346,3,1262
107,39,1262,3676
3,107,3676,114
1262,3,114,15
3676,1262,15,2126
114,3676,2126,2228
15,114,2228,1020
2126,15,1020,12
2228,2126,12,32
1020,2228,32,34
12,1020,34,2736
32,12,2736,72233
34,32,72233,16
2736,34,16,110
72233,2736,110,3
16,72233,3,3264
110,16,3264,1056
3,110,1056,33
3264,3,33,9
1056,3264,9,4768
33,1056,4768,20
9,33,20,255
4768,9,255,29
20,4768,29,51
255,20,51,16
29,255,16,33
51,29,33,110
16,51,110,3
33,16,3,25
110,33,25,37
3,110,37,10
25,3,10,100
37,25,100,3712
10,37,3712,7546
100,10,7546,28
3712,100,28,7
7546,3712,7,40
28,7546,40,653
7,28,653,8
40,7,8,162
653,40,162,16
8,653,16,110
162,8,110,3
16,162,3,18
110,16,18,3
3,110,3,18
18,3,18,41
3,18,41,6
18,3,6,38
41,18,38,17612
6,41,17612,65
38,6,65,1699
17612,38,1699,965
65,17612,965,4
1699,65,4,2801
965,1699,2801,22809
249,39,15733,860
15733,249,860,497
15733,15733,497,3471
860,15733,3471,8
497,860,8,14
3471,497,14,27438
8,3471,27438,1676
14,8,1676,24
27438,14,24,444
1676,27438,444,401
24,1676,401,2973
444,24,2973,3920
401,444,3920,75
2973,401,75,43
3920,2973,43,25088
75,3920,25088,1115
43,75,1115,704
25088,43,704,444
1115,25088,444,6
704,1115,6,132
444,704,132,92
6,444,92,28
132,6,28,262
92,132,262,50
28,92,50,392
262,28,392,6
50,262,6,132
392,50,132,107
6,392,107,107
132,6,107,107
107,132,107,5594
107,107,5594,1044
107,107,1044,1737
5594,107,1737,39
1044,5594,39,423
1737,1044,423,444
39,1737,444,401
423,39,401,2259
444,423,2259,13
401,444,13,47
2259,401,47,63589
13,2259,63589,14
47,13,14,1375
63589,47,1375,205
14,63589,205,9
1375,14,9,262
205,1375,262,2446
9,205,2446,170
262,9,170,1029
2446,262,1029,5022
170,2446,5022,107510
1029,170,107510,227
5022,1029,227,1157
107510,5022,1157,13
227,107510,13,47
1157,227,47,2299
13,1157,2299,308
47,13,308,519
2299,47,519,8
308,2299,8,10
519,308,10,14
8,519,14,2389
10,8,2389,3
14,10,3,3471
2389,14,3471,385
3,2389,385,497
3471,3,497,6
385,3471,6,541
497,385,541,205
6,497,205,82
541,6,82,4
205,541,4,714
82,205,714,2
4,82,2,341
714,4,341,2
2,714,2,860
341,2,860,82
2,341,82,52
860,2,52,262
82,860,262,535
52,82,535,4
262,52,4,515
535,262,515,218
4,535,218,3
515,4,3,2863
218,515,2863,149
3,218,149,4
2863,3,4,966
149,2863,966,38
4,149,38,41
966,4,41,14060
38,966,14060,36183
41,38,36183,132
14060,41,132,262
36183,14060,262,181
132,36183,181,14
262,132,14,572
181,262,572,245
14,181,245,50034
572,14,50034,7
245,572,7,357
50034,245,357,91
7,50034,91,19
357,7,19,2310
91,357,2310,41761
19,91,41761,582
2310,19,582,2259
41761,2310,2259,23
582,41761,23,82557
2259,582,82557,131
23,2259,131,2021
82557,23,2021,11571
131,82557,11571,6
2021,131,6,1079
11571,2021,1079,21865
6,11571,21865,63
1079,6,63,5
21865,1079,5,108
63,21865,108,535
5,63,535,23
108,5,23,63138
535,108,63138,138
23,535,138,27
63138,23,27,2133
138,63138,2133,58
27,138,58,127
2133,27,127,287
58,2133,287,1824
127,58,1824,56
287,127,56,8
1824,287,8,13839
56,1824,13839,262
8,56,262,217
13839,8,217,7536
262,13839,7536,3
217,262,3,2
7536,217,2,51815
3,7536,51815,4049
2,3,4049,962
51815,2,962,25
4049,51815,25,2021
962,4049,2021,14
25,962,14,132
2021,25,132,262
14,2021,262,1415
132,14,1415,8
262,132,8,444
1415,262,444,401
8,1415,401,84
444,8,84,137
401,444,137,1878
84,401,1878,2
137,84,2,1752
1878,137,1752,600
2,1878,600,5
1752,2,5,1351
600,1752,1351,1249
5,600,1249,23
1351,5,23,10
1249,1351,10,860
23,1249,860,518
10,23,518,54
860,10,54,972
518,860,972,61
54,518,61,12
972,54,12,860
61,972,860,7
12,61,7,11105
860,12,11105,217
7,860,217,5
11105,7,5,639
217,11105,639,453
5,217,453,6
639,5,6,462
453,639,462,776
6,453,776,66
462,6,66,21865
776,462,21865,134
66,776,134,1076
21865,66,1076,270
134,21865,270,880
1076,134,880,61347
270,1076,61347,16400
880,270,16400,262
61347,880,262,181
16400,61347,181,14
262,16400,14,307
181,262,307,25
14,181,25,5
307,14,5,2
25,307,2,860
5,25,860,3471
2,5,3471,4672
860,2,4672,3
3471,860,3,37
4672,3471,37,83
3,4672,83,3418
37,3,3418,24
83,37,24,126
3418,83,126,561
24,3418,561,50
126,24,50,307
561,126,307,184
50,561,184,3
307,50,3,475
184,307,475,535
3,184,535,5143
475,3,5143,19
535,475,19,55951
5143,535,55951,68030
19,5143,68030,59
55951,19,59,26
68030,55951,26,486
59,68030,486,10
26,59,10,14
486,26,14,1106
10,486,1106,3
14,10,3,155
1106,14,155,142
3,1106,142,79
155,3,79,538
142,155,538,1351
79,142,1351,93
538,79,93,704
1351,538,704,15
93,1351,15,20
704,93,20,77871
15,704,77871,561
20,15,561,173
77871,20,173,12
561,77871,12,262
173,561,262,41761
12,173,41761,134
262,12,134,3071
41761,262,3071,6
134,41761,6,2
3071,134,2,181
6,3071,181,20
2,6,20,84
181,2,84,2436
20,181,2436,8
84,20,8,860
2436,84,860,7
8,2436,7,198
860,8,198,1485
7,860,1485,29
198,7,29,132
1485,198,132,21
29,1485,21,328
132,29,328,56
21,132,56,25103
328,21,25103,1604
56,328,1604,2124
25103,56,2124,16
1604,25103,16,165
2124,1604,165,21
16,2124,21,1095
165,16,1095,3
21,165,3,328
1095,21,328,56
3,1095,56,2
328,3,2,3471
56,328,3471,6
2,56,6,878
3471,2,878,82
6,3471,82,23
878,6,23,275
82,878,275,21
23,82,21,321
275,23,321,2
21,275,2,53
321,21,53,7
2,321,7,2
53,2,2,182
7,53,182,5
2,7,5,288
182,2,288,561
5,182,561,3
288,5,3,154
561,288,154,175
3,561,175,84
154,3,84,4
175,154,4,878
84,175,878,600
4,84,600,5
878,4,5,2
600,878,2,878
5,600,878,3471
2,5,3471,4672
878,2,4672,3
3471,878,3,24
4672,3471,24,349
3,4672,349,3
24,3,3,535
349,24,535,1805
3,349,1805,14
535,3,14,4418
1805,535,4418,1630
14,1805,1630,11296
4418,14,11296,2
1630,4418,2,2124
11296,1630,2124,84
2,11296,84,18
2124,2,18,3
84,2124,3,1891
18,84,1891,37
3,18,37,2
1891,3,2,451
37,1891,451,8651
2,37,8651,6
451,2,6,262
8651,451,262,2446
6,8651,2446,54
262,6,54,7
2446,262,7,2
54,2446,2,1322
7,54,1322,9
2,7,9,515
1322,2,515,692
9,1322,692,37
515,9,37,1594
692,515,1594,5
37,692,5,43
1594,37,43,515
5,1594,515,10044
43,5,10044,1280
515,43,1280,984
10044,515,984,5
1280,10044,5,1058
984,1280,1058,385
5,984,385,497
1058,5,497,21865
385,1058,21865,45687
497,385,45687,4112
21865,497,4112,1915
45687,21865,1915,2
4112,45687,2,2124
1915,4112,2124,4797
2,1915,4797,142
2124,2,142,79
4797,2124,79,43
142,4797,43,92
79,142,92,2286
43,79,2286,2
92,43,2,447
2286,92,447,5
2,2286,5,4
447,2,4,4959
5,447,4959,1351
4,5,1351,497
4959,4,497,3471
1351,4959,3471,5011
497,1351,5011,43
3471,497,43,670
5011,3471,670,6224
43,5011,6224,2
670,43,2,1351
6224,670,1351,93711
2,6224,93711,8517
1351,2,8517,93
93711,1351,93,1439
8517,93711,1439,49934
93,8517,49934,2606
1439,93,2606,497
49934,1439,497,9128
2606,49934,9128,83
497,2606,83,3
9128,497,3,29
83,9128,29,122
3,83,122,8
29,3,8,217
122,29,217,1173
8,122,1173,201
217,8,201,10
1173,217,10,7
201,1173,7,3245
10,201,3245,91
7,10,91,3
3245,7,3,190
91,3245,190,273
3,91,273,1639
190,3,1639,6
273,190,6,1147
1639,273,1147,163
6,1639,163,44
1147,6,44,457
163,1147,457,21112
44,163,21112,582
457,44,582,43
21112,457,43,2259
582,21112,2259,23
43,582,23,1035
2259,43,1035,59985
23,2259,59985,7
1035,23,7,1637
59985,1035,1637,3
7,59985,3,628
1637,7,628,12
3,1637,12,473
628,3,473,21112
12,628,21112,2
473,12,2,444
21112,473,444,401
2,21112,401,34
444,2,34,17
401,444,17,2983
34,401,2983,82
17,34,82,55876
2983,17,55876,121
82,2983,121,420
55876,82,420,41
121,55876,41,3632
420,121,3632,12
41,420,12,1351
3632,41,1351,1144
12,3632,1144,473
1351,12,473,11
1144,1351,11,28
473,1144,28,880
11,473,880,125
2546,280,2482,292
696,2546,292,277
2482,696,277,6
292,2482,6,3037
277,292,3037,101635
6,277,101635,14983
3037,6,14983,9019
101635,3037,9019,280
14983,101635,280,2546
9019,14983,2546,7
280,9019,7,120
2546,280,120,33
7,2546,33,346
120,7,346,271
33,120,271,12
346,33,12,12157
271,346,12157,2019
12,271,2019,8
12157,12,8,55
2019,12157,55,21
8,2019,21,1679
55,8,1679,830
21,55,830,1520
1679,21,1520,480
830,1679,480,1326
1520,830,1326,10
480,1520,10,64
1326,480,64,107
10,1326,107,10
64,10,10,2
107,64,2,1125
10,107,1125,4743
2,10,4743,271
1125,2,271,7286
4743,1125,7286,8
271,4743,8,5801
7286,271,5801,5291
8,7286,5291,16
5801,8,16,72
5291,5801,72,21
16,5291,21,451
72,16,451,261
21,72,261,46654
451,21,46654,4060
261,451,4060,41
46654,261,41,3851
4060,46654,3851,419
41,4060,419,16104
3851,41,16104,2062
419,3851,2062,5
16104,419,5,625
2062,16104,625,24
5,2062,24,2493
625,5,2493,3525
565,4239,27,1400
789,565,1400,5
27,789,5,4058
1400,27,4058,883
5,1400,883,24
4058,5,24,1311
883,4058,1311,3298
24,883,3298,7
1311,24,7,569
3298,1311,569,3105
7,3298,3105,1033
569,7,1033,942
3105,569,942,164
1033,3105,164,4
942,1033,4,790
164,942,790,20
4,164,20,4
790,4,4,96
20,790,96,507
4,20,507,1601
96,4,1601,4364
507,96,4364,10
1601,507,10,1079
4364,1601,1079,39048
10,4364,39048,294
1079,10,294,5171
39048,1079,5171,318
294,39048,318,109
5171,294,109,300
318,5171,300,921
109,318,921,339
300,109,339,62
921,300,62,2
339,921,2,4239
62,339,4239,565
2,62,565,2376
4239,2,2376,138
565,4239,138,27
2376,565,27,1400
138,2376,1400,5
27,138,5,4058
1400,27,4058,883
5,1400,883,75
4058,5,75,10
883,4058,10,14
75,883,14,7620
10,75,7620,19
14,10,19,2
7620,14,2,618
19,7620,618,3298
2,19,3298,2
618,2,2,10242
3298,618,10242,2134
2,3298,2134,181
10242,2,181,565
2134,10242,565,14
181,2134,14,388
565,181,388,1174
14,565,1174,61
388,14,61,2
1174,388,2,527
61,1174,527,1569
2,61,1569,169
527,2,169,713
1569,527,713,4
169,1569,4,70
713,169,70,3515
4,713,3515,12
70,4,12,401
3515,70,401,6
12,3515,6,638
401,12,638,106
6,401,106,27
638,6,27,10
106,638,10,14
27,106,14,15441
10,27,15441,12
14,10,12,183
15441,14,183,44
12,15441,44,44
183,12,44,75
44,183,75,20
44,44,20,4239
75,44,4239,27
20,75,27,267
4239,20,267,30
27,4239,30,3
267,27,3,789
30,267,789,10
3,30,10,7
789,3,7,3105
10,789,3105,1033
7,10,1033,942
3105,7,942,164
1033,3105,164,4
942,1033,4,790
164,942,790,20
4,164,20,4
790,4,4,96
20,790,96,507
4,20,507,1601
96,4,1601,4364
507,96,4364,10
1601,507,10,11
4364,1601,11,14
10,4364,14,485
11,10,485,254
14,11,254,4239
485,14,4239,27
254,485,27,267
4239,254,267,1696
27,4239,1696,6655
267,27,6655,883
1696,267,883,12
6655,1696,12,2464
883,6655,2464,14883
12,883,14883,102
2464,12,102,48
14883,2464,48,9756
102,14883,9756,49966
48,102,49966,2992
9756,48,2992,46
49966,9756,46,89433
2992,49966,89433,23425
46,2992,23425,23424
89433,46,23424,89434
23425,89433,89434,318
23424,23425,318,109
89434,23424,109,339
318,89434,339,336
109,318,336,12
339,109,12,16327
336,339,16327,62
12,336,62,2078
16327,12,2078,5
62,16327,5,5211
2078,62,5211,3298
5,2078,3298,2307
5211,5,2307,4
3298,5211,4,167
2307,3298,167,565
4,2307,565,9
167,4,9,1017
565,167,1017,27
9,565,27,6
1017,9,6,20
27,1017,20,865
6,27,865,339
20,6,339,886
865,20,886,3
339,865,3,2300
886,339,2300,42
3,886,42,1758
2300,3,1758,220
42,2300,220,272
1758,42,272,7
220,1758,7,388
272,220,388,4821
7,272,4821,6
388,7,6,49
4821,388,49,322
6,4821,322,4
49,6,4,1379
322,49,1379,49
4,322,49,25
1379,4,25,33
49,1379,33,116
25,49,116,112
33,25,112,227
116,33,227,92
112,116,92,7
227,112,7,21
92,227,21,80
7,92,80,97
21,7,97,5
80,21,5,21803
97,80,21803,92
5,97,92,25
21803,5,25,33
92,21803,33,116
25,92,116,8
33,25,8,11
116,33,11,706
8,116,706,64
11,8,64,7
706,11,7,7
64,706,7,113
7,64,113,25
7,7,25,11
113,7,11,44
25,113,44,10567
11,25,10567,190
44,11,190,565
10567,44,565,6
190,10567,6,787
565,190,787,5631
6,565,5631,6
787,6,6,588
5631,787,588,555
6,5631,555,112
588,6,112,1070
555,588,1070,11
112,555,11,44
1070,112,44,6
11,1070,6,187
44,11,187,580
6,44,580,7
187,6,7,21
580,187,21,1471
7,580,1471,227
21,7,227,92
1471,21,92,7
227,1471,7,177
92,227,177,5
7,92,5,92
177,7,92,122
5,177,122,78
92,5,78,32
122,92,32,14
78,122,14,3
32,78,3,611
14,32,611,6
3,14,6,169
611,3,169,5
6,611,5,4091
169,6,4091,3
5,169,3,123
4091,5,123,262
3,4091,262,4
123,3,4,2626
262,123,2626,24
4,262,24,9101
2626,4,9101,5
24,2626,5,70
9101,24,70,138
5,9101,138,27
70,5,27,14
138,70,14,3
27,138,3,248
14,27,248,67
3,14,67,83
248,3,83,4
67,248,4,243
83,67,243,147
4,83,147,5
243,4,5,70
147,243,70,99
5,147,99,3193
70,5,3193,527
99,70,527,61
3193,99,61,93
527,3193,93,759
61,527,759,1414
93,61,1414,39
759,93,39,722
1414,759,722,24
39,1414,24,3311
722,39,3311,2016
24,722,2016,4
3311,24,4,4245
2016,3311,4245,2414
4,2016,2414,960
4245,4,960,463
3591,119,46,21
3246,3591,21,3
46,3246,3,17
21,46,17,18687
3,21,18687,19
17,3,19,49
18687,17,49,58
19,18687,58,970
49,19,970,78
58,49,78,32
970,58,32,583
78,970,583,198
32,78,198,2
583,32,2,952
198,583,952,5
2,198,5,15830
952,2,15830,519
5,952,519,747
15830,5,747,12
519,15830,12,101570
747,519,101570,1475
12,747,1475,326
101570,12,326,74
1475,101570,74,135
326,1475,135,127
74,326,127,287
135,74,287,641
127,135,641,4737
287,127,4737,15
641,287,15,2
4737,641,2,131
15,4737,131,382
2,15,382,1073
131,2,1073,323
382,131,323,65
1073,382,65,95
323,1073,95,4115
65,323,4115,37
95,65,37,2
4115,95,2,159
37,4115,159,50531
2,37,50531,1653
159,2,1653,19
50531,159,19,138
1653,50531,138,27
19,1653,27,509
138,19,509,33458
27,138,33458,472
509,27,472,1065
33458,509,1065,12
472,33458,12,150
1065,472,150,427
12,1065,427,2
150,12,2,1073
427,150,1073,3
2,427,3,54
1073,2,54,11
3,1073,11,13
54,3,13,3540
11,54,3540,2
13,11,2,381
3540,13,381,6
2,3540,6,410
381,2,410,12
6,381,12,21852
410,6,21852,2
12,410,2,201
21852,12,201,2
2,21852,2,60
201,2,60,2
2,201,2,98
60,2,98,3
2,60,3,1475
98,2,1475,37
3,98,37,150
1475,3,150,427
37,1475,427,28
150,37,28,99
427,150,99,42
28,427,42,541
99,28,541,23
42,99,23,183
541,42,183,60
23,541,60,8
183,23,8,27
60,183,27,739
8,60,739,22
27,8,22,3074
739,27,3074,5
22,739,5,8640
3074,22,8640,1475
5,3074,1475,37
8640,5,37,159
1475,8640,159,1902
37,1475,1902,2239
159,37,2239,9155
1902,159,9155,38753
2239,1902,38753,235
9155,2239,235,32
38753,9155,32,1475
235,38753,1475,7003
32,235,7003,2
1475,32,2,1954
7003,1475,1954,357
2,7003,357,5
1954,2,5,23157
357,1954,23157,16
5,357,16,889
23157,5,889,5
16,23157,5,589
889,16,589,41
5,889,41,47344
589,5,47344,2785
41,589,2785,65
47344,41,65,259
2785,47344,259,3543
65,2785,3543,10
259,65,10,599
3543,259,599,329
10,3543,329,1899
599,10,1899,10
329,599,10,24
1899,329,24,1906
10,1899,1906,232
24,10,232,3
1906,24,3,1475
232,1906,1475,46
3,232,46,363
1475,3,363,41
46,1475,41,1219
363,46,1219,46
41,363,46,50
1219,41,50,759
46,1219,759,1272
50,46,1272,19
759,50,19,32
1272,759,32,3
19,1272,3,319
32,19,319,2
3,32,2,3939
319,3,3939,12
2,319,12,51
3939,2,51,11
12,3939,11,607
51,12,607,466
11,51,466,2
607,11,2,27
466,607,27,541
2,466,541,102673
27,2,102673,22
541,27,22,1475
102673,541,1475,58
22,102673,58,127
1475,22,127,287
58,1475,287,228
