138,4288,1114,1246
27,138,1246,174
1114,27,174,209
1246,1114,209,8
174,1246,8,7
209,174,7,295
8,209,295,1297
7,8,1297,61
295,7,61,270
1297,295,270,8
61,1297,8,72
270,61,72,998
8,270,998,51
72,8,51,11
998,72,11,377
51,998,377,3
11,51,3,22
377,11,22,787
3,377,787,1075
22,3,1075,69
787,22,69,3688
1075,787,3688,27
69,1075,27,13
3688,69,13,24241
27,3688,24241,12
13,27,12,22
24241,13,22,2583
12,24241,2583,7
22,12,7,380
2583,22,380,486
7,2583,486,5
380,7,5,8
486,380,8,368
5,486,368,6
8,5,6,534
368,8,534,19785
6,368,19785,59
534,6,59,1758
19785,534,1758,100503
59,19785,100503,10424
1758,59,10424,16
100503,1758,16,134
10424,100503,134,19
16,10424,19,556
134,16,556,176
19,134,176,2662
556,19,2662,2
176,556,2,2127
2662,176,2127,7
2,2662,7,4
2127,2,4,3406
7,2127,3406,148
4,7,148,4
3406,4,4,7
148,3406,7,113
4,148,113,8
7,4,8,10
113,7,10,7
8,113,7,72
10,8,72,37
7,10,37,60
72,7,60,30
37,72,30,13
60,37,13,42
30,60,42,1062
13,30,1062,51
42,13,51,27
1062,42,27,28
51,1062,28,59
27,51,59,2
28,27,2,1021
59,28,1021,14
2,59,14,4800
1021,2,4800,56
14,1021,56,5
4800,14,5,2
56,4800,2,1360
5,56,1360,712
2,5,712,6
1360,2,6,1609
712,1360,1609,2756
6,712,2756,7
1609,6,7,552
2756,1609,552,547
7,2756,547,44
552,7,44,46
547,552,46,33
44,547,33,116
46,44,116,51
33,46,51,26
116,33,26,91
51,116,91,3
26,51,3,25
91,26,25,3
3,91,3,756
25,3,756,73
3,25,73,8
756,3,8,59
73,756,59,26
8,73,26,50
59,8,50,6
26,59,6,2
50,26,2,236
6,50,236,73
2,6,73,20
236,2,20,26
73,236,26,100
20,73,100,17
26,20,17,1328
100,26,1328,56
17,100,56,12
1328,17,12,2
56,1328,2,14707
12,56,14707,1780
2,12,1780,174
14707,2,174,7
1780,14707,7,100
174,1780,100,73
7,174,73,3
100,7,3,5377
73,100,5377,89
3,73,89,6
5377,3,6,322
89,5377,322,19
6,89,19,84
322,6,84,33
19,322,33,380
84,19,380,485
33,84,485,10
380,33,10,48
485,380,48,126
10,485,126,4
48,10,4,8094
126,48,8094,5
4,126,5,659
8094,4,659,4353
5,8094,4353,366
659,5,366,4
4353,659,4,2307
366,4353,2307,13
4,366,13,8191
2307,4,8191,25
13,2307,25,422
8191,13,422,8
25,8191,8,90
422,25,90,5
8,422,5,43
90,8,43,18
5,90,18,247
43,5,247,15308
18,43,15308,4
247,18,4,9862
15308,247,9862,24
4,15308,24,4703
9862,4,4703,15443
24,9862,15443,5
4703,24,5,27
15443,4703,27,23869
5,15443,23869,33
27,5,33,55
23869,27,55,86
33,23869,86,155
55,33,155,3
86,55,3,25
155,86,25,90
3,155,90,8787
25,3,8787,35632
90,25,35632,126
8787,90,126,3296
35632,8787,3296,5
126,35632,5,15921
3296,126,15921,708
5,3296,708,8357
15921,5,8357,247
708,15921,247,3759
8357,708,3759,1736
247,8357,1736,6878
3759,247,6878,51
1736,3759,51,41
6878,1736,41,33
51,6878,33,55
41,51,55,653
33,41,653,8
55,33,8,239
653,55,239,41
8,653,41,11683
239,8,11683,4
41,239,4,5961
11683,41,5961,16
4,11683,16,1736
5961,4,1736,6878
16,5961,6878,167
1736,16,167,3890
6878,1736,3890,3
167,6878,3,6584
3890,167,6584,4274
3,3890,4274,5
6584,3,5,6482
4274,6584,6482,4
5,4274,4,3672
6482,5,3672,759
4,6482,759,2400
3672,4,2400,2
759,3672,2,24
2400,759,24,27
2,2400,27,69
24,2,69,8
27,24,8,15
69,27,15,5099
8,69,5099,16301
15,8,16301,173
5099,15,173,2821
16301,5099,2821,23
173,16301,23,2
2821,173,2,450
23,2821,450,191
2,23,191,1820
450,2,1820,8
191,450,8,7
1820,191,7,1390
8,1820,1390,9
7,8,9,288
1390,7,288,335
9,1390,335,8
288,9,8,18
335,288,18,7097
8,335,7097,67
18,8,67,400
7097,18,400,674
67,7097,674,159
400,67,159,109
674,400,109,876
159,674,876,15
109,159,15,267
876,109,267,23
15,876,23,2
267,15,2,69
23,267,69,712
2,23,712,6
69,2,6,4135
712,69,4135,1613
6,712,1613,647
4135,6,647,109
1613,4135,109,1089
647,1613,1089,19
109,647,19,13725
1089,109,13725,13813
19,1089,13813,2
13725,19,2,2600
13813,13725,2600,5975
2,13813,5975,383
2600,2,383,23
5975,2600,23,631
383,5975,631,173
23,383,173,2401
631,23,2401,378
173,631,378,6962
2401,173,6962,13776
378,2401,13776,70
6962,378,70,572
13776,6962,572,756
70,13776,756,6
572,70,6,2
756,572,2,16
6,756,16,78
2,6,78,32
16,2,32,575
78,16,575,1667
32,78,1667,1048
575,32,1048,7033
1667,575,7033,5022
1048,1667,5022,7128
7033,1048,7128,1048
5022,7033,1048,1351
7128,5022,1351,1719
1048,7128,1719,4
1351,1048,4,9070
1719,1351,9070,10477
4,1719,10477,1048
9070,4,1048,2506
10477,9070,2506,2818
1048,10477,2818,1887
2506,1048,1887,174
2818,2506,174,20
1887,2818,20,7
174,1887,7,4
20,174,4,2
7,20,2,1368
4,7,1368,3
2,4,3,922
1368,2,922,3
3,1368,3,10149
922,3,10149,4
3,922,4,1798
10149,3,1798,5099
4,10149,5099,354
1798,4,354,174
5099,1798,174,20
354,5099,20,7
174,354,7,7323
20,174,7323,4
7,20,4,19
7323,7,19,2648
4,7323,2648,10
19,4,10,7
2648,19,7,64
10,2648,64,3867
7,10,3867,164
64,7,164,7
3867,64,7,271
164,3867,271,2157
7,164,2157,7504
271,7,7504,481
2157,271,481,142
7504,2157,142,6
481,7504,6,132
142,481,132,27
6,142,27,11
132,6,11,28
27,132,28,7
11,27,7,1324
28,11,1324,12
7,28,12,2
1324,7,2,1564
12,1324,1564,5
2,12,5,1789
1564,2,1789,8
5,1564,8,11
1789,5,11,208
8,1789,208,13
11,8,13,1047
208,11,1047,11
13,208,11,7
1047,13,7,1324
11,1047,1324,12
7,11,12,2
1324,7,2,1564
12,1324,1564,5
2,12,5,2680
1564,2,2680,11
5,1564,11,208
2680,5,208,13
11,2680,13,7166
208,11,7166,820
13,208,820,38
7166,13,38,552
820,7166,552,5
38,820,5,89
552,38,89,53
5,552,53,7
89,5,7,64
53,89,64,2877
7,53,2877,8
64,7,8,11
2877,64,11,7
8,2877,7,2
11,8,2,1483
7,11,1483,1471
2,7,1471,5
1483,2,5,51
1471,1483,51,13
5,1471,13,6367
51,5,6367,22
13,51,22,691
6367,13,691,2
22,6367,2,45
691,22,45,650
2,691,650,623
45,2,623,4
650,45,4,967
623,650,967,4
4,623,4,811
967,4,811,2638
4,967,2638,13
811,4,13,6367
2638,811,6367,22
13,2638,22,691
6367,13,691,38
22,6367,38,262
691,22,262,7
38,691,7,165
262,38,165,3
7,262,3,1427
165,7,1427,6
3,165,6,368
1427,3,368,3792
6,1427,3792,12
368,6,12,9670
3792,368,9670,4
12,3792,4,276
9670,12,276,89
4,9670,89,12053
276,4,12053,8
89,276,8,11
12053,89,11,13
8,12053,13,2579
11,8,2579,87
13,11,87,75
2579,13,75,48
87,2579,48,11
75,87,11,7
48,75,7,11
11,48,11,27
7,11,27,4
11,7,4,26
27,11,26,219
4,27,219,21
26,4,21,4
219,26,4,8
21,219,8,34
4,21,34,208
8,4,208,160
34,8,160,2
208,34,2,10
160,208,10,48
2,160,48,61
10,2,61,4
48,10,4,3
61,48,3,180
4,61,180,20
3,4,20,7
180,3,7,51
20,180,51,10
7,20,10,154
51,7,154,83
10,51,83,3
154,10,3,25
83,154,25,33
3,83,33,14
25,3,14,3
33,25,3,244
14,33,244,6
3,14,6,2
244,3,2,143
6,244,143,35
2,6,35,120
143,2,120,837
35,143,837,3940
120,35,3940,4
837,120,4,623
3940,837,623,328
4,3940,328,4
623,4,4,210
328,623,210,7
4,328,7,2197
210,4,2197,2
7,210,2,4679
2197,7,4679,36
2,2197,36,6
4679,2,6,2
36,4679,2,133
6,36,133,120
2,6,120,30
133,2,30,666
120,133,666,3
30,120,3,966
666,30,966,207
3,666,207,139
966,3,139,24
207,966,24,834
139,207,834,3
24,139,3,842
834,24,842,15
3,834,15,314
842,3,314,1070
15,842,1070,4
314,15,4,2
1070,314,2,4072
4,1070,4072,634
2,4,634,20
4072,2,20,66
634,4072,66,655
20,634,655,16
66,20,16,239
655,66,239,24
16,655,24,1960
239,16,1960,29
24,239,29,4156
1960,24,4156,2
29,1960,2,655
4156,29,655,327
2,4156,327,17
655,2,17,146
327,655,146,3
17,327,3,1299
146,17,1299,2
3,146,2,2996
1299,3,2996,810
2,1299,810,31
2996,2,31,178
810,2996,178,6
31,810,6,156
178,31,156,148
6,178,148,1556
156,6,1556,370
148,156,370,182
1556,148,182,7
370,1556,7,182
182,370,182,3257
7,182,3257,20
182,7,20,77
3257,182,77,17
20,3257,17,923
77,20,923,128
17,77,128,172
923,17,172,106
128,923,106,969
172,128,969,32109
106,172,32109,7
969,106,7,15020
32109,969,15020,7413
7,32109,7413,669
15020,7,669,1799
7413,15020,1799,5
669,7413,5,17327
1799,669,17327,733
5,1799,733,4
17327,5,4,33609
733,17327,33609,4
4,733,4,2
33609,4,2,159
4,33609,159,669
2,4,669,1544
159,2,1544,1204
669,159,1204,23
1544,669,23,188
1204,1544,188,4
23,1204,4,3289
188,23,3289,151
4,188,151,9684
3289,4,9684,663
151,3289,663,89
9684,151,89,12
663,9684,12,672
89,663,672,23
12,89,23,81024
259,20,1910,758
14,259,758,12
1910,14,12,20
758,1910,20,777
12,758,777,99
20,12,99,96527
777,20,96527,21131
99,777,21131,1755
96527,99,1755,4809
21131,96527,4809,4122
1755,21131,4122,5
4809,1755,5,14
4122,4809,14,621
5,4122,621,12
14,5,12,318
621,14,318,10
12,621,10,365
318,12,365,236
10,318,236,6
365,10,6,4655
236,365,4655,175
6,236,175,2558
4655,6,2558,1163
175,4655,1163,5
2558,175,5,60739
1163,2558,60739,4
5,1163,4,12390
60739,5,12390,263
4,60739,263,11524
12390,4,11524,925
263,12390,925,1452
11524,263,1452,6
925,11524,6,1241
1452,925,1241,3317
6,1452,3317,9
1241,6,9,99
3317,1241,99,60
9,3317,60,74
99,9,74,263
60,99,263,4
74,60,4,2558
263,74,2558,40474
4,263,40474,365
2558,4,365,177
40474,2558,177,6
365,40474,6,3354
177,365,3354,41
6,177,41,65
3354,6,65,2590
41,3354,2590,4
65,41,4,1129
2590,65,1129,2507
4,2590,2507,5
1129,4,5,46242
2507,1129,46242,215
5,2507,215,7180
46242,5,7180,50
215,46242,50,646
7180,215,646,263
50,7180,263,4
646,50,4,2558
263,646,2558,14291
4,263,14291,1031
2558,4,1031,29717
14291,2558,29717,4
1031,14291,4,8786
29717,1031,8786,5
4,29717,5,1261
8786,4,1261,151
5,8786,151,6
1261,5,6,4655
151,1261,4655,999
6,151,999,238
4655,6,238,1102
999,4655,1102,211
238,999,211,1896
1102,238,1896,4
211,1102,4,215
1896,211,215,4996
4,1896,4996,50
215,4,50,735
4996,215,735,6
50,4996,6,2543
735,50,2543,5
6,735,5,2048
2543,6,2048,2558
5,2543,2558,215
2048,5,215,16
2558,2048,16,110
215,2558,110,3
16,215,3,91
110,16,91,576
3,110,576,5
91,3,5,263
576,91,263,11524
5,576,11524,925
263,5,925,6
11524,263,6,431
925,11524,431,102
6,925,102,414
431,6,414,834
102,431,834,6
414,102,6,204
834,414,204,4
6,834,4,2485
204,6,2485,621
4,204,621,38
2485,4,38,99
621,2485,99,1617
38,621,1617,8101
99,38,8101,1755
1617,99,1755,6
8101,1617,6,4131
1755,8101,4131,746
6,1755,746,12390
4131,6,12390,235
746,4131,235,96503
12390,746,96503,1617
235,12390,1617,3354
96503,235,3354,132
1617,96503,132,17
3354,1617,17,621
132,3354,621,6
17,132,6,204
621,17,204,235
6,621,235,66
204,6,66,960
179,4451,42,22539
5,179,22539,1100
42,5,1100,77
22539,42,77,42
1100,22539,42,44
77,1100,44,3364
42,77,3364,43
44,42,43,3
3364,44,3,1627
43,3364,1627,4196
3,43,4196,3966
1627,3,3966,616
4196,1627,616,177
3966,4196,177,2107
616,3966,2107,6
177,616,6,257
2107,177,257,4
6,2107,4,399
257,6,399,6
4,257,6,994
399,4,994,18
6,399,18,42
994,6,42,1605
18,994,1605,3
42,18,3,244
1605,42,244,752
3,1605,752,65
244,3,65,19233
752,244,19233,406
65,752,406,52
19233,65,52,30
406,19233,30,77
52,406,77,244
30,52,244,3257
77,30,3257,149
244,77,149,8
3257,244,8,100
149,3257,100,17
8,149,17,72
100,8,72,149
17,100,149,208
72,17,208,634
149,72,634,34658
208,149,34658,9950
634,208,9950,3
34658,634,3,354
9950,34658,354,5
3,9950,5,72
354,3,72,20982
5,354,20982,56
72,5,56,547
20982,72,547,5030
56,20982,5030,9
547,56,9,11754
5030,547,11754,19761
9,5030,19761,42
11754,9,42,30
19761,11754,30,219
42,19761,219,165
30,42,165,2
219,30,2,241
165,219,241,107
2,165,107,24
241,2,24,687
107,241,687,3859
24,107,3859,616
687,24,616,177
3859,687,177,507
616,3859,507,53
177,616,53,230
507,177,230,17
53,507,17,2
230,53,2,281
17,230,281,8911
2,17,8911,12635
281,2,12635,3583
8911,281,3583,21442
12635,8911,21442,3
3583,12635,3,1169
21442,3583,1169,147
3,21442,147,5
1169,3,5,129
147,1169,129,29
5,147,29,104
129,5,104,25
29,129,25,412
104,29,412,3
25,104,3,685
412,25,685,798
3,412,798,5
685,3,5,5841
798,685,5841,337
5,798,337,405
5841,5,405,20
337,5841,20,7
405,337,7,8
20,405,8,852
7,20,852,323
8,7,323,7
852,8,7,3053
323,852,3053,43591
7,323,43591,4
3053,7,4,10
43591,3053,10,1635
4,43591,1635,729
10,4,729,7
1635,10,7,490
729,1635,490,3
7,729,3,1627
490,7,1627,620
3,490,620,5
1627,3,5,852
620,1627,852,98981
5,620,98981,482
852,5,482,33
98981,852,33,77
482,98981,77,12189
33,482,12189,4
77,33,4,1627
12189,77,1627,6732
4,12189,6732,1620
1627,4,1620,6
6732,1627,6,2
1620,6732,2,4876
6,1620,4876,29
2,6,29,33
4876,2,33,40
29,4876,40,117
33,29,117,61
40,33,61,15
117,40,15,4
61,117,4,2652
15,61,2652,687
4,15,687,2160
2652,4,2160,3
687,2652,3,522
2160,687,522,98
3,2160,98,3179
522,3,3179,2364
98,522,2364,8
3179,98,8,87
2364,3179,87,2
8,2364,2,6732
87,8,6732,7
2,87,7,136
6732,2,136,41
7,6732,41,65
136,7,65,2
41,136,2,217
65,41,217,5
2,65,5,69544
217,2,69544,1620
5,217,1620,104
69544,5,104,1620
1620,69544,1620,147
104,1620,147,3
1620,104,3,729
147,1620,729,5386
3,147,5386,54
729,3,54,7
5386,729,7,1351
54,5386,1351,19
7,54,19,1576
1351,7,1576,3485
19,1351,3485,4
1576,19,4,18055
3485,1576,18055,19
4,3485,19,2
18055,4,2,703
19,18055,703,5
2,19,5,16247
703,2,16247,48
5,703,48,20
16247,5,20,147
48,16247,147,3
20,48,3,10
147,20,10,958
3,147,958,2
10,3,2,33945
958,10,33945,228
2,958,228,35853
33945,2,35853,5436
228,33945,5436,59941
35853,228,59941,7450
5436,35853,7450,190
59941,5436,190,5436
7450,59941,5436,1634
190,7450,1634,148
5436,190,148,99781
1634,5436,99781,6
148,1634,6,1668
99781,148,1668,16
6,99781,16,399
1668,6,399,1620
16,1668,1620,961
399,16,961,12
1620,399,12,4
961,1620,4,3233
12,961,3233,6441
4,12,6441,53022
3233,4,53022,961
6441,3233,961,5030
53022,6441,5030,6
961,53022,6,4876
5030,961,4876,1100
6,5030,1100,25
4876,6,25,18
1100,4876,18,2
25,1100,2,182
18,25,182,5
2,18,5,1244
182,2,1244,1539
5,182,1539,23887
1244,5,23887,26
1539,1244,26,91
23887,1539,91,10
26,23887,10,536
91,26,536,333
10,91,333,24
536,10,24,244
333,536,244,2199
24,333,2199,4
244,24,4,27602
2199,244,27602,36
4,2199,36,2739
27602,4,2739,24
36,27602,24,14620
2739,36,14620,1201
24,2739,1201,161
14620,24,161,104
1201,14620,104,1031
161,1201,1031,16
104,161,16,17604
1031,104,17604,4
16,1031,4,25998
17604,16,25998,2598
4,17604,2598,149
25998,4,149,928
2598,25998,928,21
149,2598,21,47922
928,149,47922,91
21,928,91,4
47922,21,4,3233
91,47922,3233,4
4,91,4,10
3233,4,10,577
4,3233,577,88992
10,4,88992,55222
577,10,55222,2028
88992,577,2028,7638
55222,88992,7638,68
2028,55222,68,2
7638,2028,2,1051
68,7638,1051,23
2,68,23,393
1051,2,393,5
23,1051,5,12713
393,23,12713,7638
5,393,7638,116
12713,5,116,86
7638,12713,86,107
116,7638,107,3
86,116,3,1519
107,86,1519,610
3,107,610,108
1519,3,108,231
610,1519,231,43
108,610,43,7
231,108,7,3
43,231,3,17
7,43,17,5007
3,7,5007,4
17,3,4,30435
5007,17,30435,8
4,5007,8,7
30435,4,7,62
8,30435,62,11
7,8,11,295
62,7,295,3180
11,62,3180,2954
295,11,2954,9
3180,295,9,961
2954,3180,961,399
9,2954,399,2313
961,9,2313,24
399,961,24,3233
2313,399,3233,78073
24,2313,78073,316
3233,24,316,3
78073,3233,3,25
316,78073,25,20
3,316,20,7638
25,3,7638,4
20,25,4,22
7638,20,22,504
4,7638,504,324
22,4,324,61
504,22,61,15
324,504,15,76
61,324,76,2735
15,61,2735,8283
76,15,8283,3
2735,76,3,4165
8283,2735,4165,35159
3,8283,35159,4358
4165,3,4358,8
35159,4165,8,16
4358,35159,16,2459
8,4358,2459,2541
16,8,2541,3
2459,16,3,2101
2541,2459,2101,5030
3,2541,5030,4
2101,3,4,5386
5030,2101,5386,35159
4,5030,35159,7
5386,4,7,428
35159,5386,428,168
7,35159,168,54
428,7,54,1620
168,428,1620,16
54,168,16,18213
1620,54,18213,56
16,1620,56,24
18213,16,24,5386
56,18213,5386,1293
24,56,1293,405
5386,24,405,86
1293,5386,86,35853
405,1293,35853,5436
86,405,5436,1100
35853,86,1100,18
5436,35853,18,47
1100,5436,47,377
18,1100,377,20
47,18,20,9
377,47,9,568
