246,1016,5993,13200
4,246,13200,876
5993,4,876,6
13200,5993,6,22
876,13200,22,308
6,876,308,35
22,6,35,5
308,22,5,1384
35,308,1384,54
5,35,54,11
1384,5,11,517
54,1384,517,10251
11,54,10251,11
517,11,11,1098
10251,517,1098,3
11,10251,3,942
1098,11,942,6
3,1098,6,375
942,3,375,48
6,942,48,35
375,6,35,18
48,375,18,106
35,48,106,374
18,35,374,16
106,18,16,1471
374,106,1471,9525
16,374,9525,25
1471,16,25,145
9525,1471,145,34
25,9525,34,165
145,25,165,93
34,145,93,76
165,34,76,24
93,165,24,35
76,93,35,120
24,76,120,11
35,24,11,295
120,35,295,5939
11,120,5939,56
295,11,56,145
5939,295,145,69
56,5939,69,2194
145,56,2194,523
69,145,523,3
2194,69,3,2
523,2194,2,1082
3,523,1082,845
2,3,845,5536
1082,2,5536,394
845,1082,394,20
5536,845,20,736
394,5536,736,120
20,394,120,26
736,20,26,3064
120,736,3064,2
26,120,2,1741
3064,26,1741,5
2,3064,5,187
1741,2,187,19
5,1741,19,747
187,5,747,387
19,187,387,34
747,19,34,69
387,747,69,6
34,387,6,3138
69,34,3138,1338
6,69,1338,4753
3138,6,4753,3086
1338,3138,3086,2255
4753,1338,2255,2047
3086,4753,2047,4
2255,3086,4,742
2047,2255,742,4
4,2047,4,11
742,4,11,18
4,742,18,246
11,4,246,3
18,11,3,942
246,18,942,6
3,246,6,2
942,3,2,241
6,942,241,2
2,6,2,11
241,2,11,14
2,241,14,11
11,2,11,459
14,11,459,169
11,14,169,6
459,11,6,1360
169,459,1360,211
6,169,211,169
1360,6,169,12
211,1360,12,473
169,211,473,46940
12,169,46940,48
473,12,48,2134
46940,473,2134,16
48,46940,16,791
2134,48,791,237
16,2134,237,9
791,16,9,32
237,791,32,145
9,237,145,567
32,9,567,14
145,32,14,6201
567,145,6201,19
14,567,19,2
6201,14,2,4742
19,6201,4742,5359
2,19,5359,162
4742,2,162,16
5359,4742,16,2
162,5359,2,5388
16,162,5388,2
2,16,2,11
5388,2,11,816
2,5388,816,81
11,2,81,3
816,11,3,17
81,816,17,3742
3,81,3742,8105
17,3,8105,863
3742,17,863,122
8105,3742,122,129
863,8105,129,5
122,863,5,58
129,122,58,113
5,129,113,30
58,5,30,219
113,58,219,12
30,113,12,732
219,30,732,1562
12,219,1562,86
732,12,86,129
1562,732,129,5
86,1562,5,162
129,86,162,86536
5,129,86536,830
162,5,830,199
86536,162,199,6
830,86536,6,1117
199,830,1117,277
6,199,277,8
1117,6,8,776
277,1117,776,6
8,277,6,135
776,8,135,114
6,776,114,697
135,6,697,3
114,135,3,218
697,114,218,71
3,697,71,648
218,3,648,32
71,218,32,517
648,71,517,95
32,648,95,114
517,32,114,19
95,517,19,37
114,95,37,173
19,114,173,122
37,19,122,145
173,37,145,621
122,173,621,2
145,122,2,345
621,145,345,223
2,621,223,95
345,2,95,31
223,345,31,697
95,223,697,41
31,95,41,521
697,31,521,648
41,697,648,576
521,41,576,14
648,521,14,88
576,648,88,478
14,576,478,2368
88,14,2368,37
478,88,37,2
2368,478,2,667
37,2368,667,5
2,37,5,114
667,2,114,2602
5,667,2602,10
114,5,10,2
2602,114,2,88
10,2602,88,344
2,10,344,2920
88,2,2920,6
344,88,6,3099
2920,344,3099,31
6,2920,31,3
3099,6,3,106
31,3099,106,9
3,31,9,4
106,3,4,78
9,106,78,517
4,9,517,1610
78,4,1610,6
517,78,6,5
1610,517,5,81
6,1610,81,207
5,6,207,58
81,5,58,3722
207,81,3722,15
58,207,15,2
3722,58,2,289
15,3722,289,567
2,15,567,1920
289,2,1920,2733
567,289,2733,117
1920,567,117,1477
2733,1920,1477,9033
117,2733,9033,3744
1477,117,3744,2
9033,1477,2,11841
3744,9033,11841,19
2,3744,19,3265
11841,2,3265,129
19,11841,129,5
3265,19,5,106
129,3265,106,25
5,129,25,7
106,5,7,202
25,106,202,3722
7,25,3722,964
202,7,964,6519
3722,202,6519,26197
964,3722,26197,4
6519,964,4,10482
26197,6519,10482,33918
4,26197,33918,15704
10482,4,15704,39
33918,10482,39,181
15704,33918,181,4
39,15704,4,6
181,39,6,598
4,181,598,111
6,4,111,107
598,6,107,4
111,598,4,242
107,111,242,369
4,107,369,802
242,4,802,2794
369,242,2794,7275
802,369,7275,4
2794,802,4,328
7275,2794,328,369
4,7275,369,802
328,4,802,9097
369,328,9097,1688
802,369,1688,332
9097,802,332,1529
1688,9097,1529,517
332,1688,517,18452
1529,332,18452,14524
517,1529,14524,305
18452,517,305,4721
14524,18452,4721,788
305,14524,788,7
4721,305,7,513
788,4721,513,76
7,788,76,7761
513,7,7761,11
76,513,11,324
7761,76,324,474
11,7761,474,173
324,11,173,5
474,324,5,817
173,474,817,1117
5,173,1117,87
817,5,87,5
1117,817,5,22
87,1117,22,1594
5,87,1594,6
22,5,6,3307
1594,22,3307,620
6,1594,620,832
3307,6,832,4
620,3307,4,9542
832,620,9542,29
4,832,29,27
9542,4,27,5442
29,9542,5442,22
27,29,22,3466
5442,27,3466,6
22,5442,6,41
3466,22,41,2647
6,3466,2647,418
41,6,418,211
2647,41,211,69520
418,2647,69520,3711
211,418,3711,3
69520,211,3,652
3711,69520,652,4
3,3711,4,99412
652,3,99412,818
4,652,818,6
99412,4,6,413
818,99412,413,4
6,818,4,2396
413,6,2396,362
4,413,362,106
2396,4,106,6
362,2396,6,3307
106,362,3307,3
6,106,3,1362
3307,6,1362,7685
3,3307,7685,457
1362,3,457,27809
7685,1362,27809,920
457,7685,920,27
27809,457,27,14
920,27809,14,458
27,920,458,3
14,27,3,514
458,14,514,198
3,458,198,305
514,3,305,6
198,514,6,177
305,198,177,87
6,305,87,728
177,6,728,68
87,177,68,365
728,87,365,106
68,728,106,6
365,68,6,1837
106,365,1837,1117
6,106,1117,211
1837,6,211,129
1117,1837,129,6
211,1117,6,8802
129,211,8802,312
6,129,312,4
8802,6,4,129
312,8802,129,6
4,312,6,848
129,4,848,55189
6,129,55189,67
848,6,67,1117
55189,848,1117,830
67,55189,830,199
1117,67,199,129
830,1117,129,5
199,830,5,58
129,199,58,114
5,129,114,28
58,5,28,26
114,58,26,40
28,114,40,17
26,28,17,8245
40,26,8245,15
17,40,15,27
8245,17,27,1275
15,8245,1275,97
27,15,97,287
1275,27,287,95
97,1275,95,31
287,97,31,146
95,287,146,61
31,95,61,38
146,31,38,634
61,146,634,6
38,61,6,268
634,38,268,153
6,634,153,1558
268,6,1558,9
153,268,9,305
1558,153,305,74
9,1558,74,27
305,9,27,27
74,305,27,517
27,74,517,471
27,27,471,19
517,27,19,173
471,517,173,29
19,471,29,182
173,19,182,225
29,173,225,3
182,29,3,305
225,182,305,19
3,225,19,566
305,3,566,173
19,305,173,27
566,19,27,517
173,566,517,114
27,173,114,31
517,27,31,18
114,517,18,64
31,114,64,41
18,31,41,65
64,18,65,2
41,64,2,422
65,41,422,391
2,65,391,18408
422,2,18408,19
391,422,19,173
18408,391,173,305
19,18408,305,517
173,19,517,58
305,173,58,15
517,305,15,645
58,517,645,1304
15,58,1304,5316
645,15,5316,19560
1304,645,19560,13
5316,1304,13,1855
19560,5316,1855,334
13,19560,334,4667
1855,13,4667,6
334,1855,6,22
4667,334,22,308
6,4667,308,35
22,6,35,159
308,22,159,1117
35,308,1117,702
159,35,702,257
1117,159,257,31
702,1117,31,557
257,702,557,517
31,257,517,11266
557,31,11266,6
517,557,6,30
11266,517,30,48
6,11266,48,6
30,6,6,9
48,30,9,193
6,48,193,11
9,6,11,80
193,9,80,822
11,193,822,61
80,11,61,23
822,80,23,2
61,822,2,305
23,61,305,343
2,23,343,12
305,2,12,540
343,305,540,3
12,343,3,1512
540,12,1512,89
3,540,89,14074
1512,3,14074,231
89,1512,231,310
14074,89,310,1016
231,14074,1016,103014
310,231,103014,6
1016,310,6,117
103014,1016,117,193
6,103014,193,295
117,6,295,72
193,117,72,129
295,193,129,11
72,295,11,80
129,72,80,2673
11,129,2673,667
80,11,667,223
2673,80,223,1690
667,2673,1690,27
223,667,27,295
1690,223,295,129
27,1690,129,3
295,27,3,305
129,295,305,129
3,129,129,4
305,3,4,193
129,305,193,129
4,129,129,41
193,4,41,433
129,193,433,1912
41,129,1912,217
433,41,217,9
1912,433,9,58
217,1912,58,378
9,217,378,60
58,9,60,2
378,58,2,90
60,378,90,106
2,60,106,6
90,2,6,1117
106,90,1117,2
6,106,2,6
1117,6,6,4
2,1117,4,41
6,2,41,65
4,6,65,1944
41,4,1944,2
65,41,2,90
1944,65,90,2
2,1944,2,106
90,2,106,6
2,90,6,27
106,2,27,630
6,106,630,3
27,6,3,309
630,27,309,73
3,630,73,2133
309,3,2133,287
73,309,287,171
2133,73,171,2
287,2133,2,13750
171,287,13750,310
2,171,310,724
13750,2,724,11
310,13750,11,4670
724,310,4670,32
11,724,32,2
4670,11,2,2
32,4670,2,832
2,32,832,1950
2,2,1950,4
832,2,4,228
1950,832,228,491
4,1950,491,2
228,4,2,8771
491,228,8771,222
2,491,222,7
8771,2,7,353
222,8771,353,2
7,222,2,26543
353,7,26543,11
2,353,11,28
26543,2,28,59
11,26543,59,30
28,11,30,5926
59,28,5926,53
30,59,53,1601
5926,30,1601,1601
53,5926,1601,8
1601,53,8,110
1601,1601,110,3
8,1601,3,1297
110,8,1297,103666
3,110,103666,6
1297,3,6,27
103666,1297,27,445
6,103666,445,8911
27,6,8911,3797
445,27,3797,6811
8911,445,6811,94
3797,8911,94,873
6811,3797,873,592
94,6811,592,12
873,94,12,22
592,873,22,83
12,592,83,461
22,12,461,53
83,22,53,14
461,83,14,64
53,461,64,790
14,53,790,97
64,14,97,15
790,64,15,267
97,790,267,8642
15,97,8642,881
267,15,881,383
8642,267,383,64
881,8642,64,4134
383,881,4134,4721
64,383,4721,1925
4134,64,1925,8752
4721,4134,8752,368
1925,4721,368,15
8752,1925,15,1334
368,8752,1334,19358
15,368,19358,284
1334,15,284,4
19358,1334,4,2805
284,19358,2805,64
4,284,64,555
2805,4,555,1760
64,2805,1760,893
555,64,893,48150
1760,555,48150,36
893,1760,36,2228
48150,893,2228,4183
36,48150,4183,64
2228,36,64,4094
4183,2228,4094,592
64,4183,592,381
4094,64,381,15
592,4094,15,22
381,592,22,872
15,381,872,23
22,15,23,22
872,22,22,210
23,872,210,64
22,23,64,7850
210,22,7850,11
64,210,11,165
7850,64,165,115
11,7850,115,21
165,11,21,18
115,165,18,2
21,115,2,2410
18,21,2410,36
2,18,36,2
2410,2,2,9517
36,2410,9517,78
2,36,78,68
9517,2,68,1065
78,9517,1065,49
68,78,49,592
1065,68,592,381
49,1065,381,12
592,49,12,257
381,592,257,15
12,381,15,4
257,12,4,1070
15,257,1070,12
4,15,12,27
1070,4,27,157
12,1070,157,208
27,12,208,1593
157,27,1593,118
208,157,118,306
1593,208,306,11
118,1593,11,28
306,118,28,6
11,306,6,2324
28,11,2324,30
6,28,30,18
2324,6,18,3
30,2324,3,96
18,30,96,157
3,18,157,668
96,3,668,30
157,96,30,18
668,157,18,3
30,668,3,2700
18,30,2700,6
3,18,6,51
2700,3,51,47
6,2700,47,15128
51,6,15128,56
47,51,56,11
15128,47,11,453
56,15128,453,10
11,56,10,314
453,11,314,1904
10,453,1904,8
314,10,8,123
1904,314,123,5
8,1904,5,20
123,8,20,85
5,123,85,18
20,5,18,208
85,20,208,47
18,85,47,875
208,18,875,4
47,208,4,1246
875,47,1246,30
4,875,30,219
1246,4,219,1107
30,1246,1107,12
219,30,12,57
1107,219,57,210
12,1107,210,13
57,12,13,208
210,57,208,47
13,210,47,1058
208,13,1058,6
47,208,6,2
1058,47,2,35
6,1058,35,5
2,6,5,51
35,2,51,257
5,35,257,85
51,5,85,77
257,51,77,488
85,257,488,73
77,85,73,27
488,77,27,28
73,488,28,171
27,73,171,22
28,27,22,381
171,28,381,8
22,171,8,11
381,22,11,113
8,381,113,96
11,8,96,157
113,11,157,306
96,113,306,285
157,96,285,13
306,157,13,2
285,306,2,136
13,285,136,282
2,13,282,3734
136,2,3734,3
282,136,3,10
3734,282,10,65
3,3734,65,96
10,3,96,157
65,10,157,668
96,65,668,23476
157,96,23476,88
668,157,88,7201
23476,668,7201,532
88,23476,532,5
7201,88,5,128
532,7201,128,83829
5,532,83829,891
128,5,891,20469
83829,128,20469,3223
891,83829,3223,2
20469,891,2,27
3223,20469,27,957
2,3223,957,1776
27,2,1776,1982
957,27,1982,1141
1776,957,1141,1110
1982,1776,1110,891
1141,1982,891,757
1110,1141,757,478
891,1110,478,381
757,891,381,4821
478,757,4821,106835
381,478,106835,8170
4821,381,8170,17442
106835,4821,17442,863
8170,106835,863,7
17442,8170,7,18
863,17442,18,208
7,863,208,388
18,7,388,480
208,18,480,5005
388,208,5005,25
480,388,25,6443
5005,480,6443,261
25,5005,261,501
6443,25,501,22
261,6443,22,3754
501,261,3754,126
22,501,126,10
3754,22,10,40
126,3754,40,18
10,126,18,47
40,10,47,2899
18,40,2899,52
47,18,52,10
2899,47,10,13
52,2899,13,21
10,52,21,47
13,10,47,25
21,13,25,6140
47,21,6140,10
25,47,10,14
6140,25,14,21
10,6140,21,2
14,10,2,42350
21,14,42350,8900
2,21,8900,8
42350,2,8,40
8900,42350,40,11473
8,8900,11473,1424
40,8,1424,4
11473,40,4,20006
1424,11473,20006,2613
4,1424,2613,10
20006,4,10,11236
2613,20006,11236,11
10,2613,11,1492
11236,10,1492,2
11,11236,2,52
1492,11,52,11
2,1492,11,13
52,2,13,388
11,52,388,2
13,11,2,6022
388,13,6022,4
2,388,4,6022
6022,2,6022,13
4,6022,13,146
6022,4,146,89
13,6022,89,790
146,13,790,82619
89,146,82619,210
790,89,210,285
82619,790,285,11
210,82619,11,13
285,210,13,1070
11,285,1070,5
13,11,5,2
1070,13,2,272
5,1070,272,31
2,5,31,13
272,2,13,1492
31,272,1492,79
13,31,79,910
1492,13,910,5
79,1492,5,849
910,79,849,2584
5,910,2584,2
849,5,2,272
2584,849,272,31
2,2584,31,13
272,2,13,388
31,272,388,532
13,31,532,5
388,13,5,22
532,388,22,9714
5,532,9714,24489
22,5,24489,4
9714,22,4,388
24489,9714,388,8797
4,24489,8797,65601
388,4,65601,514
8797,388,514,22
65601,8797,22,2138
514,65601,2138,4
22,514,4,39657
2138,22,39657,6
4,2138,6,865
39657,4,865,11
6,39657,11,1492
865,6,1492,45129
11,865,45129,76
1492,11,76,1805
45129,1492,1805,3
76,45129,3,2
1805,76,2,532
3,1805,532,8
2,3,8,34
532,2,34,2131
8,532,2131,39
34,8,39,1369
2131,34,1369,498
39,2131,498,848
1369,39,848,24
498,1369,24,4538
848,498,4538,15
24,848,15,222
4538,24,222,72
15,4538,72,2
222,15,2,136
72,222,136,2
2,72,2,14388
136,2,14388,71
2,136,71,75
14388,2,75,23250
71,14388,23250,98
75,71,98,75047
23250,75,75047,33
98,23250,33,50
75047,98,50,77638
33,75047,77638,20
50,33,20,590
77638,50,590,13
20,77638,13,47
590,20,47,1782
13,590,1782,3
47,13,3,364
1782,47,364,2
3,1782,2,6901
364,3,6901,1421
2,364,1421,5
6901,2,5,2507
1421,6901,2507,1011
5,1421,1011,1421
2507,5,1421,28
1011,2507,28,8
1421,1011,8,1156
28,1421,1156,925
8,28,925,50
1156,8,50,2056
925,1156,2056,56
50,925,56,167
2056,50,167,6
56,2056,6,88035
167,56,88035,418
6,167,418,501
88035,6,501,67427
418,88035,67427,105312
501,418,105312,48185
67427,501,48185,12
105312,67427,12,58
48185,105312,58,13962
12,48185,13962,14
58,12,14,4737
13962,58,4737,2
14,13962,2,2083
4737,14,2083,19
2,4737,19,39
2083,2,39,249
19,2083,249,587
39,19,587,212
249,39,212,54
587,249,54,328
212,587,328,8
54,212,8,169
328,54,169,1230
8,328,1230,2480
169,8,2480,102
1230,169,102,27
2480,1230,27,393
102,2480,393,77
27,102,77,317
393,27,317,845
77,393,845,1528
317,77,1528,187
845,317,187,42
1528,845,42,664
187,1528,664,1702
42,187,1702,3
664,42,3,2
1702,664,2,3608
3,1702,3608,166
2,3,166,1725
3608,2,1725,13673
166,3608,13673,52471
1725,166,52471,827
13673,1725,827,189
52471,13673,189,1215
827,52471,1215,437
189,827,437,2067
1215,189,2067,2838
437,1215,2838,1443
2067,437,1443,2068
2838,2067,2068,996
1443,2838,996,1317
2068,1443,1317,67
996,2068,67,1291
1317,996,1291,69997
67,1317,69997,1256
1291,67,1256,17550
69997,1291,17550,15471
1256,69997,15471,2
17550,1256,2,8143
15471,17550,8143,1248
2,15471,1248,650
8143,2,650,847
1248,8143,847,14
650,1248,14,7878
847,650,7878,517
14,847,517,19
7878,14,19,27
517,7878,27,886
19,517,886,4
27,19,4,555
886,27,555,750
4,886,750,12
555,4,12,2
750,555,2,1117
12,750,1117,222
2,12,222,2268
1117,2,2268,1864
222,1117,1864,2853
2268,222,2853,21
1864,2268,21,3
2853,1864,3,106
21,2853,106,9
3,21,9,27
106,3,27,130
9,106,130,552
27,9,552,9
130,27,9,67
552,130,67,133
9,552,133,8206
67,9,8206,130
133,67,130,3960
8206,133,3960,3
130,8206,3,67
3960,130,67,97
3,3960,97,17550
67,3,17550,481
97,67,481,4
17550,97,4,3
481,17550,3,244
4,481,244,15
3,4,15,2
244,3,2,314
15,244,314,3693
2,15,3693,7
314,2,7,34
3693,314,34,21
7,3693,21,144
34,7,144,2
21,34,2,287
144,21,287,25
2,144,25,4749
287,2,4749,6
25,287,6,2279
4749,25,2279,3378
6,4749,3378,4
2279,6,4,1764
3378,2279,1764,816
4,3378,816,3
1764,4,3,17
816,1764,17,67
3,816,67,226
17,3,226,56548
67,17,56548,43
226,67,43,15199
56548,226,15199,24
43,56548,24,3419
15199,43,3419,3725
24,15199,3725,25368
3419,24,25368,3
3725,3419,3,1140
25368,3725,1140,10185
3,25368,10185,31
1140,3,31,13
