64,28,3,31
1013,64,31,28
3,1013,28,811
31,3,811,86
28,31,86,28
811,28,28,811
86,811,811,12
28,86,12,1739
811,28,1739,122
12,811,122,28
1739,12,28,64
122,1739,64,46
28,122,46,301
64,28,301,28
46,64,28,43
301,46,43,92
28,301,92,121
43,28,121,319
92,43,319,1017
121,92,1017,709
319,121,709,1213
1017,319,1213,6
709,1017,6,8
1213,709,8,124
6,1213,124,201
8,6,201,4396
124,8,4396,68
201,124,68,768
4396,201,768,2181
68,4396,2181,8730
768,68,8730,342
2181,768,342,537
8730,2181,537,1476
342,8730,1476,8730
537,342,8730,342
1476,537,342,537
8730,1476,537,36
342,8730,36,43
537,342,43,2095
36,537,2095,17573
43,36,17573,102
2095,43,102,2
17573,2095,2,1402
102,17573,1402,167
2,102,167,31
1402,2,31,12607
167,1402,12607,104
31,167,104,1934
12607,31,1934,20
104,12607,20,15272
1934,104,15272,3413
20,1934,3413,1186
15272,20,1186,5
3413,15272,5,166
1186,3413,166,2630
5,1186,2630,524
166,5,524,6
2630,166,6,4106
524,2630,4106,1514
6,524,1514,3
4106,6,3,43
1514,4106,43,152
3,1514,152,1203
43,3,1203,5
152,43,5,124
1203,152,124,6
5,1203,6,257
124,5,257,4
6,124,4,278
257,6,278,6
4,257,6,994
278,4,994,39
6,278,39,249
994,6,249,60
39,994,60,100
249,39,100,6739
60,249,6739,15215
100,60,15215,7
6739,100,7,990
15215,6739,990,9
7,15215,9,2
990,7,2,1708
9,990,1708,124
2,9,124,2
1708,2,2,16
124,1708,16,2766
2,124,2766,6
16,2,6,197
2766,16,197,259
6,2766,259,4
197,6,4,1076
259,197,1076,270
4,259,270,2
1076,4,2,149
270,1076,149,2
2,270,2,5
149,2,5,376
2,149,376,3338
5,2,3338,3
376,5,3,4
3338,376,4,57
3,3338,57,5385
4,3,5385,631
57,4,631,573
5385,57,573,1404
631,5385,1404,78
573,631,78,32
1404,573,32,300
78,1404,300,3
32,78,3,2506
300,32,2506,2818
3,300,2818,8
2506,3,8,2
2818,2506,2,64
8,2818,64,3492
2,8,3492,1464
64,2,1464,40
3492,64,40,633
1464,3492,633,936
40,1464,936,2
633,40,2,182
936,633,182,5
2,936,5,604
182,2,604,13
5,182,13,495
604,5,495,3012
13,604,3012,186
495,13,186,310
3012,495,310,65
186,3012,65,49
310,186,49,4378
65,310,4378,251
49,65,251,9
4378,49,9,1694
251,4378,1694,2
9,251,2,2246
1694,9,2246,64
2,1694,64,3492
2246,2,3492,1464
64,2246,1464,4
3492,64,4,2943
1464,3492,2943,8794
4,1464,8794,5
2943,4,5,8
8794,2943,8,1122
5,8794,1122,2
8,5,2,377
1122,8,377,271
2,1122,271,46
377,2,46,6
271,377,6,1514
46,271,1514,3
6,46,3,86
1514,6,86,57
3,1514,57,1244
86,3,1244,377
57,86,377,412
1244,57,412,166
377,1244,166,301
412,377,301,2403
166,412,2403,86
301,166,86,271
2403,301,271,8
86,2403,8,12
271,86,12,800
8,271,800,4
12,8,4,72
800,12,72,230
4,800,230,6268
72,4,6268,23
230,72,23,924
6268,230,924,3
23,6268,3,666
924,23,666,271
3,924,271,765
666,3,765,52
271,666,52,580
765,271,580,367
52,765,367,1178
580,52,1178,476
367,580,476,765
76,122,216,291
279,76,291,16
216,279,16,10464
291,216,10464,2
16,291,2,39
10464,16,39,1561
2,10464,1561,5
39,2,5,10824
1561,39,10824,683
5,1561,683,7
10824,5,7,2657
683,10824,2657,176
7,683,176,6
2657,7,6,76
176,2657,76,1163
6,176,1163,2
76,6,2,26
1163,76,26,346
2,1163,346,586
26,2,586,364
346,26,364,2
586,346,2,177
364,586,177,5
2,364,5,85962
177,2,85962,9
5,177,9,2
85962,5,2,2701
9,85962,2701,109
2,9,109,4702
2701,2,4702,2012
109,2701,2012,1600
4702,109,1600,7376
2012,4702,7376,12272
1600,2012,12272,243
7376,1600,243,6
12272,7376,6,2
243,12272,2,251
6,243,251,3
2,6,3,43
251,2,43,216
3,251,216,5
43,3,5,279
216,43,279,3
5,216,3,706
279,5,706,9
3,279,9,2
706,3,2,658
9,706,658,101
2,9,101,291
658,2,291,79
101,658,79,2012
291,101,2012,176
79,291,176,216
2012,79,216,1297
176,2012,1297,2076
216,176,2076,96845
1297,216,96845,251
2076,1297,251,21
96845,2076,21,80
251,96845,80,2
21,251,2,153
80,21,153,75
2,80,75,2
153,2,2,556
75,153,556,1554
2,75,1554,496
556,2,496,776
1554,556,776,176
496,1554,176,379
776,496,379,15
176,776,15,512
379,176,512,211
15,379,211,1377
512,15,1377,9
211,512,9,38
1377,211,38,1532
9,1377,1532,564
38,9,564,6
1532,38,6,439
564,1532,439,5
6,564,5,5691
439,6,5691,1810
5,439,1810,7
5691,5,7,177
1810,5691,177,5
7,1810,5,2
177,7,2,2100
5,177,2100,1420
2,5,1420,5
2100,2,5,10824
1420,2100,10824,683
5,1420,683,175
10824,5,175,197
683,10824,197,4
175,683,4,556
197,175,556,75871
4,197,75871,2781
556,4,2781,37
75871,556,37,156
2781,75871,156,291
37,2781,291,7
156,37,7,8
291,156,8,26
7,291,26,25
8,7,25,72
26,8,72,5563
25,26,5563,176
72,25,176,29
5563,72,29,68
176,5563,68,2265
29,176,2265,3
68,29,3,248
2265,68,248,379
3,2265,379,942
248,3,942,1106
379,248,1106,4
942,379,4,789
1106,942,789,553
4,1106,553,2
789,4,2,149
553,789,149,2
2,553,2,62
149,2,62,8
2,149,8,26
62,2,26,16
8,62,16,177
26,8,177,5
16,26,5,85970
177,16,85970,209
5,177,209,579
85970,5,579,2
209,85970,2,2012
579,209,2012,700
2,579,700,952
2012,2,952,12
700,2012,12,176
952,700,176,1494
12,952,1494,6
176,12,6,312
1494,176,312,128
6,1494,128,66
312,6,66,176
128,312,176,3717
66,128,3717,1806
176,66,1806,8756
3717,176,8756,2757
1806,3717,2757,279
8756,1806,279,216
2757,8756,216,3
279,2757,3,1754
216,279,1754,2
3,216,2,10824
1754,3,10824,937
2,1754,937,54
10824,2,54,13
937,10824,13,47
54,937,47,203
13,54,203,107
47,13,107,44
203,47,44,371
107,203,371,1810
44,107,1810,210
371,44,210,122
1810,371,122,6
210,1810,6,176
122,210,176,59081
6,122,59081,2508
176,6,2508,291
59081,176,291,16
2508,59081,16,10464
291,2508,10464,2
16,291,2,176
10464,16,176,11976
2,10464,11976,23
176,2,23,212
11976,176,212,316
23,11976,316,4
212,23,4,227
316,212,227,2349
4,316,2349,29
227,4,29,2
2349,227,2,227
29,2349,227,291
2,29,291,79
227,2,79,229
291,227,229,2012
79,291,2012,2076
229,79,2076,3909
2012,229,3909,1834
2076,2012,1834,45
3909,2076,45,658
1834,3909,658,101
45,1834,101,7
658,45,7,253
101,658,253,3
7,101,3,3607
253,7,3607,707
3,253,707,2109
3607,3,2109,6
707,3607,6,1609
2109,707,1609,2756
6,2109,2756,4
1609,6,4,1797
2756,1609,1797,120
4,2756,120,176
1797,4,176,582
120,1797,582,18
176,120,18,47
582,176,47,458
18,582,458,3
47,18,3,91
458,47,91,227
3,458,227,1340
91,3,1340,3
227,91,3,1113
1340,227,1113,3325
3,1340,3325,15
1113,3,15,612
3325,1113,612,158
15,3325,158,4
612,15,4,68
158,612,68,91
4,158,91,209
68,4,209,3
91,68,3,13970
209,91,13970,366
3,209,366,19
13970,3,19,176
366,13970,176,379
19,366,379,8
176,19,8,26
379,176,26,219
8,379,219,377
26,8,377,412
219,26,412,732
377,219,732,44
412,377,44,353
732,412,353,1542
44,732,1542,2
353,44,2,14251
1542,353,14251,23
2,1542,23,393
14251,2,393,5
23,14251,5,4753
393,23,4753,23
5,393,23,86004
4753,5,86004,17
23,4753,17,507
86004,23,507,371
17,86004,371,1542
507,17,1542,44
371,507,44,10
1542,371,10,196
44,1542,196,341
10,44,341,3
196,10,3,468
341,196,468,229
3,341,229,156
468,3,156,1844
229,468,1844,55
156,229,55,611
1844,156,611,359
55,1844,359,5
611,55,5,1803
359,611,1803,683
5,359,683,8
1803,5,8,1600
683,1803,1600,12272
8,683,12272,7
1600,8,7,2008
12272,1600,2008,3
7,12272,3,346
2008,7,346,6
3,2008,6,3201
346,3,3201,5
6,346,5,1810
3201,6,1810,439
5,3201,439,4
1810,5,4,3899
439,1810,3899,3
4,439,3,557
3899,4,557,2076
3,3899,2076,171
557,3,171,1311
2076,557,1311,41798
171,2076,41798,53
1311,171,53,7
41798,1311,7,961
53,41798,961,416
7,53,416,8
961,7,8,156
416,961,156,10824
8,416,10824,315
156,8,315,55
10824,156,55,248
315,10824,248,1320
55,315,1320,8229
248,55,8229,15
1320,248,15,1037
8229,1320,1037,1629
15,8229,1629,175
1037,15,175,176
1629,1037,176,4
175,1629,4,2114
176,175,2114,4
4,176,4,858
2114,4,858,976
4,2114,976,231
858,4,231,677
976,858,677,934
231,976,934,73
677,231,73,1036
934,677,1036,4151
73,934,4151,4
1036,73,4,11527
4151,1036,11527,5
4,4151,5,38556
11527,4,38556,1609
5,11527,1609,2756
38556,5,2756,176
1609,38556,176,350
2756,1609,350,2
176,2756,2,433
350,176,433,45
2,350,45,6
433,2,6,312
45,433,312,608
6,45,608,10
312,6,10,83
608,312,83,683
10,608,683,4
83,10,4,331
683,83,331,216
4,683,216,5
331,4,5,279
216,331,279,9
5,216,9,248
279,5,248,2
9,279,2,66
248,9,66,394
2,248,394,6
66,2,6,2508
394,66,2508,608
6,394,608,39
2508,6,39,6167
608,2508,6167,348
39,608,348,16917
6167,39,16917,1037
348,6167,1037,79
16917,348,79,1031
1037,16917,1031,1563
79,1037,1563,2603
1031,79,2603,4
1563,1031,4,648
2603,1563,648,3
4,2603,3,2052
648,4,2052,56
3,648,56,120
2052,3,120,379
56,2052,379,50
120,56,50,110
379,120,110,732
50,379,732,4
110,50,4,120
732,110,120,648
4,732,648,784
120,4,784,16325
648,120,16325,5
784,648,5,1609
16325,784,1609,2756
5,16325,2756,216
1609,5,216,13
2756,1609,13,1135
216,2756,1135,1168
13,216,1168,5
1135,13,5,831
1168,1135,831,683
5,1168,683,211
831,5,211,13355
683,831,13355,10
211,683,10,101970
13355,211,101970,188
10,13355,188,3
101970,10,3,364
188,101970,364,2
3,188,2,1664
364,3,1664,3
2,364,3,379
1664,2,379,4768
3,1664,4768,11527
379,3,11527,5
4768,379,5,399
11527,4768,399,290
5,11527,290,2
399,5,2,26
290,399,26,96
2,290,96,1170
26,2,1170,40795
96,26,40795,335
1170,96,335,216
40795,1170,216,453
335,40795,453,1515
216,335,1515,31034
453,216,31034,1563
1515,453,1563,3
31034,1515,3,276
1563,31034,276,379
3,1563,379,41
276,3,41,1244
379,276,1244,65
41,379,65,2290
1244,41,2290,3237
65,1244,3237,5
2290,65,5,2460
3237,2290,2460,163
5,3237,163,2
2460,5,2,26
163,2460,26,12589
2,163,12589,15
26,2,15,14667
12589,26,14667,8146
15,12589,8146,36
14667,15,36,4507
8146,14667,4507,2102
36,8146,2102,553
4507,36,553,170
2102,4507,170,140
553,2102,140,217
170,553,217,5
140,170,5,20409
217,140,20409,643
5,217,643,6
20409,5,6,1609
643,20409,1609,2756
6,643,2756,13
1609,6,13,3735
2756,1609,3735,1044
13,2756,1044,2211
3735,13,2211,932
1044,3735,932,66
2211,1044,66,3
932,2211,3,11504
66,932,11504,647
3,66,647,279
11504,3,279,216
647,11504,216,425
279,647,425,142
216,279,142,12
425,216,12,1031
142,425,1031,5
12,142,5,1797
1031,12,1797,176
5,1031,176,216
1797,5,216,54
176,1797,54,13
216,176,13,388
54,216,388,2
13,54,2,3459
388,13,3459,5
2,388,5,66
3459,2,66,6
5,3459,6,54
66,5,54,176
6,66,176,489
54,6,489,2
176,54,2,417
489,176,417,557
2,489,557,207
417,2,207,153
557,417,153,90
207,557,90,5
153,207,5,81
90,153,81,4019
5,90,4019,2508
81,5,2508,504
4019,81,504,54
2508,4019,54,14
504,2508,14,146
54,504,146,61
14,54,61,5
146,14,5,3756
61,146,3756,755
5,61,755,4
3756,5,4,21
755,3756,21,1554
4,755,1554,307
21,4,307,2
1554,21,2,3217
307,1554,3217,5
2,307,5,1340
3217,2,1340,8
5,3217,8,1093
1340,5,1093,3
8,1340,3,255
1093,8,255,6
3,1093,6,161
255,3,161,188
6,255,188,4
161,6,4,100403
188,161,100403,3
4,188,3,76
100403,4,76,90
3,100403,90,2165
76,3,2165,324
90,76,324,24
2165,90,24,379
324,2165,379,586
24,324,586,223
379,24,223,1340
586,379,1340,50
223,586,50,2165
1340,223,2165,24
50,1340,24,379
2165,50,379,8
24,2165,8,26
379,24,26,50
8,379,50,21
26,8,21,3707
50,26,3707,2397
21,50,2397,3
3707,21,3,224
2397,3707,224,15
3,2397,15,1311
224,3,1311,1211
15,224,1211,1563
1311,15,1563,816
1211,1311,816,3
1563,1211,3,17
816,1563,17,186
3,816,186,695
17,3,695,4
186,17,4,41
695,186,41,31034
4,695,31034,379
41,4,379,28
31034,41,28,211
379,31034,211,1724
28,379,1724,26408
211,28,26408,3
1724,211,3,8229
26408,1724,8229,15
3,26408,15,332
8229,3,332,57
15,8229,57,3
332,15,3,1346
57,332,1346,96846
3,57,96846,2827
1346,3,2827,1750
96846,1346,1750,486
2827,96846,486,8
1750,2827,8,3795
486,1750,3795,1745
8,486,1745,1563
3795,8,1563,1266
1745,3795,1266,23
1563,1745,23,4045
1266,1563,4045,1065
23,1266,1065,196
4045,23,196,136
1065,4045,136,12
196,1065,12,605
136,196,605,4472
12,136,4472,4
605,12,4,21
4472,605,21,362
4,4472,362,12
21,4,12,3000
362,21,3000,3594
12,362,3594,4
3000,12,4,4479
3594,3000,4479,2034
4,3594,2034,9
4479,4,9,6773
2034,4479,6773,2
9,2034,2,1677
6773,9,1677,3508
2,6773,3508,2508
1677,2,2508,181
3508,1677,181,35
2508,3508,35,26
181,2508,26,7
35,181,7,21
26,35,21,178
7,26,178,8
21,7,8,5997
178,21,5997,1080
8,178,1080,81
5997,8,81,9
1080,5997,9,2
81,1080,2,1677
9,81,1677,61868
2,9,61868,24
1677,2,24,947
61868,1677,947,195
24,61868,195,490
947,24,490,209
195,947,209,3
490,195,3,179
209,490,179,15
3,209,15,156
179,3,156,181
15,179,181,55
156,15,55,68
181,156,68,248
55,181,248,1361
68,55,1361,176
248,68,176,379
1361,248,379,80
176,1361,80,286
379,176,286,90
80,379,90,176
286,80,176,643
90,286,643,18
176,90,18,2
643,176,2,1217
18,643,1217,7700
2,18,7700,279
1217,2,279,216
7700,1217,216,277
279,7700,277,8
216,279,8,1797
277,216,1797,176
8,277,176,7
1797,8,7,21
176,1797,21,18
7,176,18,2
21,7,2,255
18,21,255,15
2,18,15,1217
255,2,1217,23047
15,255,23047,6
1217,15,6,209
23047,1217,209,4019
6,23047,4019,119
209,6,119,1873
4019,209,1873,50
119,4019,50,41
1873,119,41,253
50,1873,253,3
41,50,3,17
253,41,17,350
3,253,350,4
17,3,4,489
350,17,489,19
4,350,19,1797
489,4,1797,176
19,489,176,65
1797,19,65,4019
176,1797,4019,220
65,176,220,38810
4019,65,38810,14
220,4019,14,3
38810,220,3,2334
14,38810,2334,3284
3,14,3284,9
2334,3,9,48
3284,2334,48,31
9,3284,31,18
48,9,18,47
31,48,47,350
18,31,350,6
47,18,6,1797
350,47,1797,1092
6,350,1092,36
1797,6,36,176
1092,1797,176,379
36,1092,379,207
176,36,207,290
379,176,290,7
207,379,7,5036
290,207,5036,6
7,290,6,20
5036,7,20,312
6,5036,312,4
20,6,4,20
312,20,20,133
4,312,133,25
20,4,25,30
133,20,30,147
25,133,147,3
30,25,3,1500
147,30,1500,20
3,147,20,446
1500,3,446,5
20,1500,5,744
446,20,744,1797
5,446,1797,1600
744,5,1600,969
1797,744,969,13897
1600,1797,13897,28
969,1600,28,6
13897,969,6,647
28,13897,647,50
6,28,50,42
647,6,42,273
50,647,273,312
42,50,312,597
273,42,597,14
312,273,14,3
597,312,3,17
14,597,17,1106
3,14,1106,553
17,3,553,14
1106,17,14,3
553,1106,3,17
14,553,17,1106
3,14,1106,176
17,3,176,379
1106,17,379,14
176,1106,14,3
379,176,3,17
14,379,17,45026
3,14,45026,279
17,3,279,216
45026,17,216,13
279,45026,13,1535
216,279,1535,658
13,216,658,101
1535,13,101,291
658,1535,291,170
101,658,170,5282
291,101,5282,61
170,291,61,315
5282,170,315,6
61,5282,6,71
315,61,71,1675
6,315,1675,15
71,6,15,566
1675,71,566,176
15,1675,176,216
566,15,216,541
176,566,541,203
216,176,203,227
541,216,227,3904
203,541,3904,6
227,203,6,1074
3904,227,1074,76
6,3904,76,5
1074,6,5,95
76,1074,95,291
5,76,291,18
95,5,18,47
291,95,47,7007
18,291,7007,211
47,18,211,2
7007,47,2,181
211,7007,181,6
2,211,6,647
181,2,647,8
6,181,8,4068
647,6,4068,1494
8,647,1494,19
4068,8,19,2033
1494,4068,2033,4208
19,1494,4208,176
2033,19,176,216
4208,2033,216,8
176,4208,8,914
216,176,914,2131
8,216,2131,676
914,8,676,6
2131,914,6,1665
676,2131,1665,5
6,676,5,969
1665,6,969,1513
5,1665,1513,439
969,5,439,128
1513,969,128,1206
439,1513,1206,23
128,439,23,435
1206,128,435,5
23,1206,5,2
435,23,2,176
5,435,176,85518
2,5,85518,239
176,2,239,702
85518,176,702,257
239,85518,257,2879
702,239,2879,1484
257,702,1484,13
2879,257,13,21
1484,2879,21,2430
13,1484,2430,3
21,13,3,2012
2430,21,2012,1600
3,2430,1600,1281
2012,3,1281,9
1600,2012,9,2
1281,1600,2,1321
9,1281,1321,658
2,9,658,101
1321,2,101,1494
658,1321,1494,41091
101,658,41091,1281
1494,101,1281,96
41091,1494,96,314
1281,41091,314,8
96,1281,8,312
314,96,312,176
8,314,176,584
312,8,584,18
176,312,18,255
584,176,255,8
18,584,8,155
255,18,155,820
8,255,820,1509
155,8,1509,5
820,155,5,67808
1509,820,67808,312
5,1509,312,13
67808,5,13,2426
312,67808,2426,41
13,312,41,65
2426,13,65,1644
41,2426,1644,35610
65,41,35610,557
1644,65,557,169
35610,1644,169,6
557,35610,6,187
