98,119,4902,3443
57,98,3443,121
4902,57,121,17
3443,4902,17,3460
121,3443,3460,6
17,121,6,2
3460,17,2,133
6,3460,133,8
2,6,8,10682
133,2,10682,3
8,133,3,17
10682,8,17,1832
3,10682,1832,133
17,3,133,12
1832,17,12,1028
133,1832,1028,3
12,133,3,524
1028,12,524,102
3,1028,102,220
524,3,220,244
102,524,244,323
220,102,323,7
244,220,7,3
323,244,3,596
7,323,596,8
3,7,8,220
596,3,220,45
8,596,45,121
220,8,121,6
45,220,6,209
121,45,209,17
6,121,17,373
209,6,373,674
17,209,674,553
373,17,553,6
674,373,6,38
553,674,38,83
6,553,83,133
38,6,133,7562
83,38,7562,10
133,83,10,13
7562,133,13,247
10,7562,247,11923
13,10,11923,314
247,13,314,6
11923,247,6,264
314,11923,264,205
6,314,205,8
264,6,8,48
205,264,48,244
8,205,244,323
48,8,323,7
244,48,7,39
323,244,39,119
7,323,119,191
39,7,191,9
119,39,9,406
191,119,406,5
9,191,5,71
406,9,71,654
5,406,654,12
71,5,12,105
654,71,105,2252
12,654,2252,734
105,12,734,4
2252,105,4,70
734,2252,70,352
4,734,352,13
70,4,13,1214
352,70,1214,1740
13,352,1740,90
1214,13,90,107
1740,1214,107,8
90,1740,8,3361
107,90,3361,4
8,107,4,1775
3361,8,1775,7
4,3361,7,84
1775,4,84,183
7,1775,183,148
84,7,148,6
183,84,6,15378
148,183,15378,101
6,148,101,1675
15378,6,1675,157
101,15378,157,691
1675,101,691,5
157,1675,5,1761
691,157,1761,97
5,691,97,202
1761,5,202,1552
97,1761,1552,14003
202,97,14003,1356
1552,202,1356,3809
14003,1552,3809,4
1356,14003,4,3406
3809,1356,3406,4181
4,3809,4181,2106
3406,4,2106,12910
4181,3406,12910,4
2106,4181,4,1807
12910,2106,1807,3736
4,12910,3736,455
1807,4,455,617
3736,1807,617,71
455,3736,71,315
617,455,315,3
71,617,3,1546
315,71,1546,1113
3,315,1113,5
1546,3,5,658
1113,1546,658,101
5,1113,101,578
658,5,578,4
101,658,4,84
578,101,84,76633
4,578,76633,8540
84,4,8540,4
76633,84,4,3940
8540,76633,3940,102
4,8540,102,4157
3940,4,4157,602
102,3940,602,4
4157,102,4,604
602,4157,604,1059
4,602,1059,16
604,4,16,593
1059,604,593,343
16,1059,343,2
593,16,2,4
343,593,4,482
2,343,482,5
4,2,5,58
482,4,58,97
5,482,97,119
58,5,119,4680
97,58,4680,4795
119,97,4795,4
4680,119,4,2075
4795,4680,2075,4
4,4795,4,87
2075,4,87,11
4,2075,11,922
87,4,922,3
11,87,3,88
922,11,88,630
3,922,630,20001
88,3,20001,4
630,88,4,8311
20001,630,8311,177
4,20001,177,5
8311,4,5,70
177,8311,70,2009
5,177,2009,7
70,5,7,138
2009,70,138,27
7,2009,27,1691
138,7,1691,16
27,138,16,1106
1691,27,1106,905
16,1691,905,46
1106,16,46,9
905,1106,9,12192
46,905,12192,119
9,46,119,1775
12192,9,1775,4
119,12192,4,1136
1775,119,1136,581
3991,2,77,18
6,3991,18,3067
77,6,3067,1359
18,77,1359,9
3067,18,9,3231
1359,3067,3231,4598
1142,605,363,150
9,1142,150,214
363,9,214,348
150,363,348,3846
214,150,3846,23
348,214,23,4096
3846,348,4096,540
23,3846,540,4
4096,23,4,34
540,4096,34,21
4,540,21,17
34,4,17,3575
21,34,3575,9
17,21,9,23
3575,17,23,275
9,3575,275,103
23,9,103,44
275,23,44,75
103,275,75,265
44,103,265,58
75,44,58,195
265,75,195,50
58,265,50,2160
195,58,2160,3
50,195,3,5272
2160,50,5272,231
3,2160,231,117
5272,3,117,866
231,5272,866,457
117,231,457,4555
866,117,4555,2
457,866,2,127
4555,457,127,94
2,4555,94,31
127,2,31,1219
94,127,1219,168
31,94,168,12
1219,31,12,2
168,1219,2,1098
12,168,1098,3
2,12,3,1365
1098,2,1365,4
3,1098,4,3448
1365,3,3448,5
4,1365,5,13199
3448,4,13199,265
5,3448,265,349
13199,5,349,2
265,13199,2,2479
349,265,2479,540
2,349,540,1688
2479,2,1688,261
540,2479,261,6305
1688,540,6305,86
261,1688,86,1053
6305,261,1053,8
86,6305,8,40
1053,86,40,18
8,1053,18,16692
40,8,16692,2
18,40,2,6113
16692,18,6113,6
2,16692,6,1142
6113,2,1142,46
6,6113,46,2
1142,6,2,13765
46,1142,13765,200
2,46,200,8
13765,2,8,40
200,13765,40,420
8,200,420,9
40,8,9,4
420,40,4,11004
9,420,11004,2552
4,9,2552,351
11004,4,351,24
2552,11004,24,88
351,2552,88,1534
24,351,1534,348
88,24,348,2293
1534,88,2293,203
348,1534,203,593
2293,348,593,141
203,2293,141,150
593,203,150,214
141,593,214,710
150,141,710,3253
214,150,3253,2200
710,214,2200,5
3253,710,5,251
2200,3253,251,433
5,2200,433,24
251,5,24,3305
433,251,3305,56779
24,433,56779,19
3305,24,19,7455
56779,3305,7455,2872
19,56779,2872,387
7455,19,387,106
2872,7455,106,2984
387,2872,2984,3
106,387,3,3
2984,106,3,2065
3,2984,2065,15
3,3,15,705
2065,3,705,540
15,2065,540,2
705,15,2,153
540,705,153,75
2,540,75,26
153,2,26,7
75,153,7,309
26,75,309,12
7,26,12,10
309,7,10,126
12,309,126,1712
10,12,1712,2
126,10,2,10428
1712,126,10428,264
2,1712,264,29
10428,2,29,457
264,10428,457,203
29,264,203,265
457,29,265,328
203,457,328,14
265,203,14,458
328,265,458,3
14,328,3,2581
458,14,2581,764
3,458,764,3011
2581,3,3011,5
764,2581,5,200
3011,764,200,375
5,3011,375,23
200,5,23,275
375,200,275,31637
23,375,31637,473
275,23,473,111
31637,275,111,408
473,31637,408,195
111,473,195,2794
408,111,2794,2086
195,408,2086,8505
2794,195,8505,4359
2086,2794,4359,22
8505,2086,22,2953
4359,8505,2953,3
22,4359,3,18
2953,22,18,265
3,2953,265,862
18,3,862,46995
265,18,46995,111
862,265,111,200
46995,862,200,261
111,46995,261,98
200,111,98,1167
261,200,1167,25
98,261,25,8
1167,98,8,10
25,1167,10,55
8,25,55,17
10,8,17,326
55,10,326,3
17,55,3,63
326,17,63,71
3,326,71,3920
63,3,3920,946
71,63,946,9
3920,71,9,10
946,3920,10,16926
9,946,16926,79
10,9,79,141
16926,10,141,7
79,16926,7,165
141,79,165,113
7,141,113,325
165,7,325,2235
113,165,2235,9
325,113,9,81
2235,325,81,7
9,2235,7,3
81,9,3,862
7,81,862,67
3,7,67,200
862,3,200,2086
67,862,2086,134
200,67,134,523
2086,200,523,473
134,2086,473,736
523,134,736,11
473,523,11,877
736,473,877,363
11,736,363,2281
877,11,2281,3
363,877,3,44
2281,363,44,229
3,2281,229,11
44,3,11,40
229,44,40,1205
11,229,1205,98
40,11,98,160
1205,40,160,19
98,1205,19,265
160,98,265,54
19,160,54,40
265,19,40,633
54,265,633,111
40,54,111,3
633,40,3,6134
111,633,6134,13480
3,111,13480,17228
6134,3,17228,325
13480,6134,325,1244
17228,13480,1244,9
325,17228,9,1250
1244,325,1250,5
9,1244,5,20
1250,9,20,133
5,1250,133,7
20,5,7,3
133,20,3,862
7,133,862,67
3,7,67,200
862,3,200,11
67,862,11,45919
200,67,45919,75
11,200,75,106
45919,11,106,457
75,45919,457,365
106,75,365,1616
457,106,1616,4
365,457,4,608
1616,365,608,22
4,1616,22,1184
608,4,1184,19
22,608,19,12477
1184,22,12477,8
19,1184,8,705
12477,19,705,11
8,12477,11,768
705,8,768,40
11,705,40,1409
768,11,1409,862
40,768,862,29
1409,40,29,75
862,1409,75,11
29,862,11,274
75,29,274,1616
11,75,1616,11
274,11,11,873
1616,274,873,592
11,1616,592,87
873,11,87,111
592,873,111,200
87,592,200,508
111,87,508,2
200,111,2,1076
508,200,1076,574
2,508,574,309
1076,2,309,40
574,1076,40,117
309,574,117,92
40,309,92,2200
117,40,2200,5
92,117,5,951
2200,92,951,22911
5,2200,22911,173
951,5,173,30
22911,951,30,697
173,22911,697,3
30,173,3,96
697,30,96,7
3,697,7,30
96,3,30,55
7,96,55,165
30,7,165,3360
55,30,3360,430
165,55,430,501
3360,165,501,1103
430,3360,1103,11
501,430,11,28
1103,501,28,7
11,1103,7,5048
28,11,5048,5
7,28,5,177
5048,7,177,8
5,5048,8,117
177,5,117,3253
8,177,3253,2200
117,8,2200,19
3253,117,19,92
2200,3253,92,130
19,2200,130,594
92,19,594,7
130,92,7,8
594,130,8,30
7,594,30,230
8,7,230,17
30,8,17,13694
230,30,13694,3253
17,230,3253,2200
13694,17,2200,19
3253,13694,19,92
2200,3253,92,3253
19,2200,3253,2200
92,19,2200,19
3253,92,19,951
2200,3253,951,56784
19,2200,56784,4
951,19,4,15830
56784,951,15830,1688
4,56784,1688,12
15830,4,12,132
1688,15830,132,457
12,1688,457,91
132,12,91,22
457,132,22,191
91,457,191,203
22,91,203,265
191,22,265,328
203,191,328,3
265,203,3,3719
328,265,3719,408
3,328,408,195
3719,3,195,2488
408,3719,2488,1325
195,408,1325,315
2488,195,315,3
1325,2488,3,2372
315,1325,2372,2101
3,315,2101,1142
2372,3,1142,9
2101,2372,9,44
1142,2101,44,2
9,1142,2,153
44,9,153,36
2,44,36,80
153,2,80,42
36,153,42,44
80,36,44,12
42,80,12,540
44,42,540,11
12,44,11,8485
540,12,8485,3
11,540,3,2
8485,11,2,1122
3,8485,1122,24
2,3,24,1325
1122,2,1325,4555
24,1122,4555,8
1325,24,8,40
4555,1325,40,18
8,4555,18,2904
40,8,2904,77629
18,40,77629,1640
2904,18,1640,348
77629,2904,348,122
1640,77629,122,185
348,1640,185,37
122,348,37,1033
185,122,1033,3305
37,185,3305,348
1033,37,348,56261
3305,1033,56261,3148
348,3305,3148,2
56261,348,2,8609
3148,56261,8609,1616
2,3148,1616,381
8609,2,381,24
1616,8609,24,1325
381,1616,1325,31
24,381,31,908
1325,24,908,457
31,1325,457,4
908,31,4,57
457,908,57,895
4,457,895,5
57,4,5,1033
895,57,1033,348
5,895,348,5
1033,5,5,3447
348,1033,3447,6
5,348,6,2
3447,5,2,69
6,3447,69,5
2,6,5,8415
69,2,8415,4
5,69,4,7049
8415,5,7049,3148
4,8415,3148,19
7049,4,19,713
3148,7049,713,297
19,3148,297,5
713,19,5,159
297,713,159,1033
5,297,1033,2976
159,5,2976,2873
1033,159,2873,84784
2976,1033,84784,121
2873,2976,121,17
84784,2873,17,17119
121,84784,17119,6665
17,121,6665,2
17119,17,2,67
6665,17119,67,2006
2,6665,2006,1627
67,2,1627,41
2006,67,41,4635
1627,2006,4635,4
41,1627,4,1895
4635,41,1895,28
4,4635,28,1325
1895,4,1325,31
28,1895,31,13
1325,28,13,1064
31,1325,1064,457
13,31,457,9
1064,13,9,63
457,1064,63,4
9,457,4,1492
63,9,1492,995
4,63,995,23
1492,4,23,457
995,1492,457,23
23,995,23,60
457,23,60,2
23,457,2,11
60,23,11,1714
2,60,1714,22
11,2,22,1184
1714,11,1184,11
22,1714,11,394
1184,22,394,146
11,1184,146,6652
394,11,6652,317
146,394,317,3
6652,146,3,1090
317,6652,1090,457
3,317,457,24
1090,3,24,2017
457,1090,2017,1167
24,457,1167,11
2017,24,11,13
1167,2017,13,1023
11,1167,1023,3
13,11,3,749
1023,13,749,13550
3,1023,13550,1033
749,3,1033,2200
13550,749,2200,5
1033,13550,5,951
2200,1033,951,433
5,2200,433,608
951,5,608,6
433,951,6,696
608,433,696,75
6,608,75,2202
696,6,2202,548
75,696,548,167
2202,75,167,4
548,2202,4,14
167,548,14,394
4,167,394,2293
14,4,2293,68
394,14,68,6
2293,394,6,696
68,2293,696,19
6,68,19,2
696,6,2,212
19,696,212,203
2,19,203,1898
212,2,1898,548
203,212,548,5
1898,203,5,1076
548,1898,1076,2079
5,548,2079,309
1076,5,309,46
2079,1076,46,1952
309,2079,1952,8
46,309,8,7
1952,46,7,303
8,1952,303,3
7,8,3,3846
303,7,3846,6690
3,303,6690,5
3846,3,5,348
6690,3846,348,4
5,6690,4,10
348,5,10,4543
4,348,4543,50
10,4,50,1254
4543,10,1254,6
50,4543,6,19
1254,50,19,84704
6,1254,84704,540
19,6,540,1325
84704,19,1325,13
540,84704,13,6286
1325,540,6286,470
13,1325,470,297
6286,13,297,12
470,6286,12,111
297,470,111,200
12,297,200,2251
111,12,2251,2856
200,111,2856,57
2251,200,57,531
2856,2251,531,58
57,2856,58,387
531,57,387,8
58,531,8,10
387,58,10,40
8,387,40,21
10,8,21,25
40,10,25,362
21,40,362,3
25,21,3,3329
362,25,3329,1310
3,362,1310,3535
3329,3,3535,53615
1310,3329,53615,387
3535,1310,387,12
53615,3535,12,540
387,53615,540,1098
12,387,1098,3
540,12,3,5874
1098,540,5874,1076
3,1098,1076,574
5874,3,574,309
1076,5874,309,3
574,1076,3,420
309,574,420,606
3,309,606,5601
420,3,5601,8
606,420,8,625
5601,606,625,158
8,5601,158,34
625,8,34,18
158,625,18,7235
34,158,7235,656
18,34,656,3
7235,18,3,951
656,7235,951,433
3,656,433,80
951,3,80,52
433,951,52,26
80,433,26,469
52,80,469,6
26,52,6,432
469,26,432,435
6,469,435,52
432,6,52,200
435,432,200,7
52,435,7,8365
200,52,8365,10
7,200,10,40
8365,7,40,155
10,8365,155,142
40,10,142,3
155,40,3,111
142,155,111,650
3,142,650,195
111,3,195,18
650,111,18,6286
195,650,6286,98
18,195,98,2901
6286,18,2901,8
98,6286,8,41
2901,98,41,160
8,2901,160,16
41,8,16,816
160,41,816,606
16,160,606,5748
816,16,5748,6113
606,816,6113,6
5748,606,6,49247
6113,5748,49247,681
6,6113,681,256
49247,6,256,2
681,49247,2,975
256,681,975,5141
2,256,5141,12
975,2,12,540
5141,975,540,2063
12,5141,2063,251
540,12,251,9
2063,540,9,265
251,2063,265,3
9,251,3,862
265,9,862,1076
3,265,1076,574
862,3,574,309
1076,862,309,54
574,1076,54,40
309,574,40,420
54,309,420,9
40,54,9,4
420,40,4,11004
9,420,11004,2552
4,9,2552,351
11004,4,351,24
2552,11004,24,3253
351,2552,3253,2200
24,351,2200,348
3253,24,348,4
2200,3253,4,3745
348,2200,3745,111
4,348,111,544
3745,4,544,20
111,3745,20,205
544,111,205,19
20,544,19,4
205,20,4,2476
19,205,2476,106
4,19,106,5
2476,4,5,3
106,2476,3,3288
5,106,3288,2407
3,5,2407,4
3288,3,4,57
2407,3288,57,430
4,2407,430,231
57,4,231,2760
430,57,2760,218
231,430,218,3
2760,231,3,2586
218,2760,2586,167
3,218,167,12
2586,3,12,157
167,2586,157,4
12,167,4,67
157,12,67,767
4,157,767,975
67,4,975,28
767,67,28,501
975,767,501,4
28,975,4,6227
501,28,6227,9
4,501,9,467
6227,4,467,35
9,6227,35,580
467,9,580,31
35,467,31,7
580,35,7,3765
31,580,3765,15
7,31,15,3176
3765,7,3176,20
15,3765,20,1170
3176,15,1170,625
20,3176,625,5104
1170,20,5104,155
625,1170,155,1682
5104,625,1682,7
155,5104,7,470
1682,155,470,430
7,1682,430,447
470,7,447,1638
430,470,1638,7
447,430,7,100
1638,447,100,956
7,1638,956,265
100,7,265,3
956,100,3,862
265,956,862,2082
3,265,2082,1076
862,3,1076,574
2082,862,574,309
1076,2082,309,4
574,1076,4,25
309,574,25,25
4,309,25,63597
25,4,63597,437
25,25,437,256
63597,25,256,7276
437,63597,7276,28
256,437,28,540
7276,256,540,8
28,7276,8,15045
540,28,15045,348
8,540,348,16
15045,8,16,7600
348,15045,7600,3
16,348,3,395
7600,16,395,507
3,7600,507,8
395,3,8,30
507,395,30,219
8,507,219,458
30,8,458,3
219,30,3,172
458,219,172,430
3,458,430,6
172,3,6,38
430,172,38,100298
6,430,100298,113
38,6,113,8
100298,38,8,53
113,100298,53,13
8,113,13,47
53,8,47,2
13,53,2,334
47,13,334,196
2,47,196,136
334,2,136,105
196,334,105,15969
136,196,15969,4
105,136,4,18061
15969,105,18061,9
4,15969,9,1651
18061,4,1651,434
9,18061,434,8
1651,9,8,18
434,1651,18,8838
8,434,8838,185
18,8,185,12
8838,18,12,20
185,8838,20,139
12,185,139,11
20,12,11,28
139,20,28,12
11,139,12,2130
28,11,2130,322
12,28,322,226
2130,12,226,29
322,2130,29,104
226,322,104,1555
29,226,1555,16
104,29,16,344
1555,104,344,3
16,1555,3,70
344,16,70,78552
3,344,78552,28
70,3,28,430
78552,70,430,2040
28,78552,2040,16
430,28,16,1685
2040,430,1685,233
16,2040,233,297
1685,16,297,131
233,1685,131,3222
297,233,3222,4
131,297,4,16
3222,131,16,615
4,3222,615,9
16,4,9,19569
615,16,19569,3
9,615,3,1838
19569,9,1838,106430
3,19569,106430,7
1838,3,7,271
106430,1838,271,8
7,106430,8,30
271,7,30,396
8,271,396,2301
30,8,2301,3
396,30,3,25
2301,396,25,101
3,2301,101,84
25,3,84,87
101,25,87,52
84,101,52,33
87,84,33,234
52,87,234,23
33,52,23,4273
234,33,4273,430
23,234,430,167
4273,23,167,4
430,4273,4,581
167,430,581,8
4,167,8,7
581,4,7,118
8,581,118,5511
7,8,5511,231
118,7,231,2760
5511,118,2760,30
231,5511,30,147
2760,231,147,3
30,2760,3,319
147,30,319,67
3,147,67,133
319,3,133,1106
67,319,1106,11
133,67,11,44873
1106,133,44873,265
11,1106,265,14121
44873,11,14121,540
265,44873,540,119
14121,265,119,111
540,14121,111,310
119,540,310,269
111,119,269,2600
310,111,2600,2569
269,310,2569,6
2600,269,6,2
2569,2600,2,304
6,2569,304,228
2,6,228,12
304,2,12,387
228,304,387,3
12,228,3,1061
387,12,1061,20
3,387,20,5760
1061,3,5760,6113
20,1061,6113,6
5760,20,6,874
6113,5760,874,7
6,6113,7,2
874,6,2,13132
7,874,13132,2
2,7,2,90328
13132,2,90328,2
2,13132,2,323
90328,2,323,2
2,90328,2,1170
323,2,1170,2
2,323,2,67
1170,2,67,150
2,1170,150,214
67,2,214,626
150,67,626,387
214,150,387,327
626,214,327,243
387,626,243,619
327,387,619,38
243,327,38,1177
619,243,1177,3984
