525,52960,6231,44
2646,525,44,120
6231,2646,120,9862
44,6231,9862,31567
120,44,31567,253
9862,120,253,1593
31567,9862,1593,9
253,31567,9,2
1593,253,2,5879
9,1593,5879,5
2,9,5,4168
5879,2,4168,31207
5,5879,31207,53
4168,5,53,16
31207,4168,16,433
53,31207,433,9
16,53,9,707
433,16,707,492
9,433,492,525
707,9,525,2646
492,707,2646,6231
525,492,6231,863
2646,525,863,2
6231,2646,2,3669
863,6231,3669,8637
2,863,8637,14
3669,2,14,66140
8637,3669,66140,93204
14,8637,93204,2078
66140,14,2078,20
93204,66140,20,1868
2078,93204,1868,2
20,2078,2,2087
1868,20,2087,9
2,1868,9,27
2087,2,27,2621
9,2087,2621,402
27,9,402,1561
2621,27,1561,10
402,2621,10,7242
1561,402,7242,61
10,1561,61,6
7242,10,6,42
61,7242,42,3618
6,61,3618,1851
42,6,1851,3211
3618,42,3211,6272
1851,3618,6272,1948
3211,1851,1948,57
6272,3211,57,67353
1948,6272,67353,1958
57,1948,1958,6231
67353,57,6231,481
1958,67353,481,1366
6231,1958,1366,8
481,6231,8,325
1366,481,325,107
8,1366,107,3
325,8,3,93
107,325,93,14
3,107,14,3
93,3,3,1220
14,93,1220,83
3,14,83,22
1220,3,22,1306
83,1220,1306,4
22,83,4,17111
1306,22,17111,4
4,1306,4,1306
17111,4,1306,61
4,17111,61,22
1306,4,22,5054
61,1306,5054,12146
22,61,12146,12152
5054,22,12152,4
12146,5054,4,1453
12152,12146,1453,100
4,12152,100,6
1453,4,6,22
100,1453,22,258
6,100,258,66
22,6,66,6
258,22,6,1946
66,258,1946,27
6,66,27,1893
1946,6,1893,4168
27,1946,4168,2740
1893,27,2740,4
4168,1893,4,1925
2740,4168,1925,6
4,2740,6,103
1925,4,103,1880
6,1925,1880,15
103,6,15,2
1880,103,2,1120
15,1880,1120,46
2,15,46,99
1120,2,99,12
46,1120,12,5475
99,46,5475,2572
12,99,2572,6
5475,12,6,1837
2572,5475,1837,8373
6,2572,8373,4
1837,6,4,140
8373,1837,140,1249
4,8373,1249,10
140,4,10,3
1249,140,3,105990
10,1249,105990,19147
3,10,19147,38
105990,3,38,101621
19147,105990,101621,106633
38,19147,106633,492
101621,38,492,3170
106633,101621,3170,2
492,106633,2,2326
3170,492,2326,2
2,3170,2,9962
2326,2,9962,21609
2,2326,21609,6
9962,2,6,418
21609,9962,418,6231
6,21609,6231,28
418,6,28,46
6231,418,46,2017
28,6231,2017,8938
46,28,8938,2868
2017,46,2868,34076
8938,2017,34076,4
2868,8938,4,22673
34076,2868,22673,10
4,34076,10,1266
22673,4,1266,41
10,22673,41,65
1266,10,65,686
41,1266,686,109
65,41,109,1453
686,65,1453,6231
109,686,6231,481
1453,109,481,11
6231,1453,11,1461
481,6231,1461,1458
11,481,1458,2
1461,11,2,1876
1458,1461,1876,25637
2,1458,25637,3
1876,2,3,11032
25637,1876,11032,46
3,25637,46,5771
11032,3,5771,432
46,11032,432,5586
5771,46,5586,9
432,5771,9,5972
5586,432,5972,4
9,5586,4,2004
5972,9,2004,6
4,5972,6,968
2004,4,968,25
6,2004,25,7790
968,6,7790,77
25,968,77,3762
7790,25,3762,780
77,7790,780,52
3762,77,52,26
780,3762,26,3595
52,780,3595,3
26,52,3,513
3595,26,513,9
3,3595,9,427
513,3,427,8
9,513,8,107
427,9,107,42
8,427,42,19147
107,8,19147,700
42,107,700,1799
19147,42,1799,82220
700,19147,82220,37
1799,700,37,10469
82220,1799,10469,36522
37,82220,36522,9
10469,37,9,795
36522,10469,795,471
9,36522,471,4168
795,9,4168,13
471,795,13,325
4168,471,325,2740
13,4168,2740,11
325,13,11,481
2740,325,481,29
11,2740,29,7
481,11,7,2992
29,481,2992,1453
7,29,1453,30091
2992,7,30091,2254
1453,2992,2254,4413
30091,1453,4413,96393
2254,30091,96393,53
4413,2254,53,50
96393,4413,50,2699
53,96393,2699,184
50,53,184,3
2699,50,3,6637
184,2699,6637,2621
3,184,2621,1799
6637,3,1799,17446
2621,6637,17446,27411
1799,2621,27411,45
17446,1799,45,322
27411,17446,322,163
45,27411,163,5317
322,45,5317,36
163,322,36,23721
5317,163,23721,24
36,5317,24,879
23721,36,879,52
24,23721,52,26
879,24,26,8764
52,879,8764,23
26,52,23,708
8764,26,708,146
23,8764,146,2
708,23,2,166
146,708,166,20717
2,146,20717,36
166,2,36,675
20717,166,675,12
36,20717,12,3106
675,36,3106,44
12,675,44,32775
3106,12,32775,4
44,3106,4,4771
32775,44,4771,1040
4,32775,1040,8708
4771,4,8708,4
1040,4771,4,402
8708,1040,402,111
4,8708,111,50
402,4,50,1730
111,402,1730,3656
50,111,3656,42
1730,50,42,985
3656,1730,985,126
42,3656,126,4096
985,42,4096,12
126,985,12,747
4096,126,747,27411
12,4096,27411,481
747,12,481,6
27411,747,6,38266
481,27411,38266,7174
6,481,7174,103
38266,6,103,985
7174,38266,985,126
103,7174,126,7676
985,103,7676,11724
126,985,11724,23
7676,126,23,64389
11724,7676,64389,1485
23,11724,1485,40
64389,23,40,123
1485,64389,123,22
40,1485,22,790
123,40,790,24
22,123,24,22
790,22,22,3147
24,790,3147,4
22,24,4,251
3147,22,251,56
4,3147,56,128
251,4,128,484
56,251,484,616
128,56,616,7
484,128,7,40
616,484,40,251
7,616,251,89
40,7,89,2
251,40,2,15365
89,251,15365,100
2,89,100,27
15365,2,27,4144
100,15365,4144,2
27,100,2,4028
4144,27,4028,33770
2,4144,33770,15565
4028,2,15565,29
33770,4028,29,6231
15565,33770,6231,4735
29,15565,4735,7
6231,29,7,40
4735,6231,40,251
7,4735,251,89
40,7,89,2
251,40,2,15365
89,251,15365,11
2,89,11,28
15365,2,28,10469
11,15365,10469,95713
28,11,95713,14
10469,28,14,177
95713,10469,177,5
14,95713,5,2740
177,14,2740,3729
5,177,3729,6
2740,5,6,95
3729,2740,95,879
6,3729,879,4
95,6,4,10
879,95,10,21
4,879,21,314
10,4,314,62
21,10,62,3443
314,21,3443,773
62,314,773,2
3443,62,2,2031
773,3443,2031,424
2,773,424,3
2031,2,3,3409
424,2031,3409,402
3,424,402,3
3409,3,3,22
402,3409,22,2740
3,402,2740,5
22,3,5,376
2740,22,376,11
5,2740,11,40
376,5,40,18
11,376,18,12152
40,11,12152,5
18,40,5,376
12152,18,376,11
5,12152,11,40
376,5,40,4525
11,376,4525,1041
40,11,1041,656
4525,40,656,3
1041,4525,3,225
656,1041,225,2
3,656,2,15365
225,3,15365,7
2,225,7,7
15365,2,7,113
7,15365,113,2
7,7,2,382
113,7,382,402
2,113,402,1561
382,2,1561,19
402,382,19,341
1561,402,341,1474
19,1561,1474,14
341,19,14,7858
1474,341,7858,30091
14,1474,30091,510
7858,14,510,240
30091,7858,240,3
510,30091,3,21274
240,510,21274,11032
3,240,11032,4
21274,3,4,4822
11032,21274,4822,9221
4,11032,9221,4
4822,4,4,12152
9221,4822,12152,27
4,9221,27,93093
12152,4,93093,15
27,12152,15,22
93093,27,22,1120
15,93093,1120,780
22,15,780,971
1120,22,971,50
780,1120,50,502
971,780,502,27666
50,971,27666,4898
502,50,4898,14
27666,502,14,74
4898,27666,74,10544
14,4898,10544,27
74,14,27,1366
10544,74,1366,6231
27,10544,6231,481
1366,27,481,11
6231,1366,11,13
481,6231,13,146
11,481,146,246
13,11,246,714
146,13,714,80
246,146,80,41
714,246,41,2221
80,714,2221,6
41,80,6,19147
2221,41,19147,11
6,2221,11,13
19147,6,13,68
11,19147,68,1296
13,11,1296,10
68,13,10,4
1296,68,4,8591
10,1296,8591,15
4,10,15,2
8591,4,2,3066
15,8591,3066,30191
2,15,30191,11
3066,2,11,2283
30191,3066,2283,3
11,30191,3,1476
2283,11,1476,15
3,2283,15,6
1476,3,6,270
15,1476,270,2091
6,15,2091,4
270,6,4,277
2091,270,277,2
4,2091,2,872
277,4,872,29
2,277,29,11
872,2,11,14
29,872,14,5549
11,29,5549,2
14,11,2,2
5549,14,2,93435
2,5549,93435,9
2,2,9,118
93435,2,118,351
9,93435,351,4
118,9,4,1275
351,118,1275,2
4,351,2,43
1275,4,43,553
2,1275,553,171
43,2,171,22
553,43,22,215
171,553,215,66
22,171,66,25
215,22,25,11
66,215,11,14
25,66,14,4498
11,25,4498,24
14,11,24,22
4498,14,22,83
24,4498,83,133
22,24,133,11
83,22,11,11969
133,83,11969,2
11,133,2,1642
11969,11,1642,9
2,11969,9,39
1642,2,39,249
9,1642,249,22
39,9,22,872
249,39,872,4928
22,249,4928,15
872,22,15,138
4928,872,138,2
15,4928,2,4269
138,15,4269,27
2,138,27,210
4269,2,210,5
27,4269,5,7505
210,27,7505,6
5,210,6,1293
7505,5,1293,405
6,7505,405,76
1293,6,76,280
405,1293,280,1662
76,405,1662,22
280,76,22,12
1662,280,12,1326
22,1662,1326,1624
12,22,1624,22
1326,12,22,13738
1624,1326,13738,450
22,1624,450,2075
13738,22,2075,4748
450,13738,4748,38
2075,450,38,7908
4748,2075,7908,7
38,4748,7,84
7908,38,84,438
7,7908,438,9
84,7,9,63
438,84,63,12
9,438,12,2
63,9,2,1467
12,63,1467,5
2,12,5,79299
1467,2,79299,29
5,1467,29,138
79299,5,138,4
29,79299,4,19845
138,29,19845,336
4,138,336,76
19845,4,76,4108
336,19845,4108,46
76,336,46,4
4108,76,4,11608
46,4108,11608,2212
4,46,2212,4
11608,4,4,17007
2212,11608,17007,11117
4,2212,11117,6230
17007,4,6230,6
11117,17007,6,1946
6230,11117,1946,138
6,6230,138,1118
1946,6,1118,22
138,1946,22,99
1118,138,99,872
22,1118,872,11704
99,22,11704,23
872,99,23,22467
11704,872,22467,5506
23,11704,5506,960
22467,23,960,259
275,23,45,50
1610,275,50,1480
45,1610,1480,442
50,45,442,4
1480,50,4,1344
442,1480,1344,3224
4,442,3224,176
1344,4,176,91
3224,1344,91,2551
176,3224,2551,1276
91,176,1276,3
2551,91,3,314
1276,2551,314,2
3,1276,2,401
314,3,401,5
2,314,5,1021
401,2,1021,75
5,401,75,4
1021,5,4,1218
75,1021,1218,272
4,75,272,3187
1218,4,3187,24
272,1218,24,379
3187,272,379,14
24,3187,14,350
379,24,350,4
14,379,4,489
350,14,489,59
4,350,59,11
489,4,11,1093
59,489,1093,2
11,59,2,419
1093,11,419,23
2,1093,23,98704
419,2,98704,3224
23,419,3224,176
98704,23,176,582
3224,98704,582,353
176,3224,353,20440
582,176,20440,28
353,582,28,23
20440,353,23,2
28,20440,2,310
23,28,310,724
2,23,724,500
310,2,500,442
724,310,442,330
500,724,330,8
442,500,8,2
330,442,2,151
8,330,151,5
2,8,5,1021
151,2,1021,31
5,151,31,13
1021,5,13,2937
31,1021,2937,4
13,31,4,6824
2937,13,6824,4216
4,2937,4216,2837
6824,4,2837,4265
4216,6824,4265,4
2837,4216,4,6788
4265,2837,6788,23
4,4265,23,379
6788,4,379,4
23,6788,4,900
379,23,900,316
4,379,316,3
900,4,3,314
316,900,314,17561
3,316,17561,12599
314,3,12599,1276
17561,314,1276,14
12599,17561,14,91
1276,12599,91,4
14,1276,4,59
91,14,59,8
4,91,8,7
59,4,7,18
8,59,18,98
7,8,98,660
18,7,660,12
98,18,12,787
660,98,787,176
12,660,176,723
787,12,723,3
176,787,3,2551
723,176,2551,1276
3,723,1276,3
2551,3,3,314
1276,2551,314,6824
3,1276,6824,20440
314,3,20440,28
6824,314,28,95
20440,6824,95,1480
28,20440,1480,322
95,28,322,496
1480,95,496,5
322,1480,5,13155
496,322,13155,2770
5,496,2770,5
13155,5,5,3001
2770,13155,3001,4
5,2770,4,7809
3001,5,7809,1783
4,3001,1783,11
7809,4,11,4373
1783,7809,4373,1345
11,1783,1345,3
4373,11,3,1783
1345,4373,1783,379
3,1345,379,411
1783,3,411,3
379,1783,3,181
411,379,181,5
3,411,5,33902
181,3,33902,6
5,181,6,418
33902,5,418,4
6,33902,4,583
418,6,583,216
4,418,216,14
583,4,14,228
216,583,228,75
14,216,75,2
228,14,2,708
75,228,708,14
2,75,14,303
708,2,303,14791
14,708,14791,184
303,14,184,3
14791,303,3,87077
184,14791,87077,582
3,184,582,948
87077,3,948,512
582,87077,512,12
948,582,12,45
512,948,45,1279
12,512,1279,25609
45,12,25609,6
1279,45,6,2
25609,1279,2,2114
6,25609,2114,4318
2,6,4318,19
2114,2,19,581
4318,2114,581,20440
19,4318,20440,453
581,19,453,8
20440,581,8,176
453,20440,176,40
8,453,40,307
176,8,307,339
40,176,339,998
307,40,998,8
339,307,8,379
998,339,379,726
8,998,726,1373
379,8,1373,316
726,379,316,3
1373,726,3,314
316,1373,314,401
3,316,401,4
314,3,4,1214
401,314,1214,1289
4,401,1289,8
1214,4,8,2551
1289,1214,2551,1276
8,1289,1276,40
2551,8,40,17
1276,2551,17,19006
40,1276,19006,759
17,40,759,643
19006,17,643,324
759,19006,324,15
643,759,15,1629
324,643,1629,260
15,324,260,422
1629,15,422,6
260,1629,6,418
422,260,418,75
6,422,75,581
418,6,581,4696
75,418,4696,171
581,75,171,363
4696,581,363,343
171,4696,343,544
363,171,544,20
343,363,20,205
544,343,205,5703
20,544,5703,4113
205,20,4113,5
5703,205,5,439
4113,5703,439,5
5,4113,5,969
439,5,969,1513
5,439,1513,6706
969,5,6706,350
1513,969,350,128
6706,1513,128,66
350,6706,66,19
128,350,19,2
66,128,2,176
19,66,176,379
2,19,379,6
176,2,6,2737
379,176,2737,64711
6,379,64711,28
2737,6,28,103
64711,2737,103,176
28,64711,176,379
103,28,379,2177
176,103,2177,2
379,176,2,1273
2177,379,1273,2425
2,2177,2425,442
1273,2,442,1921
2425,1273,1921,23
442,2425,23,2
1921,442,2,308
23,1921,308,6
2,23,6,2
308,2,2,58607
6,308,58607,1898
2,6,1898,5
58607,2,5,312
1898,58607,312,464
5,1898,464,210
312,5,210,7166
464,312,7166,103
210,464,103,1211
7166,210,1211,42
103,7166,42,5
1211,103,5,54
42,1211,54,14
5,42,14,25328
54,5,25328,16700
14,54,16700,1211
25328,14,1211,50
16700,25328,50,3187
1211,16700,3187,308
50,1211,308,2
3187,50,2,16700
308,3187,16700,31
2,308,31,14
16700,2,14,220
31,16700,220,723
14,31,723,4
220,14,4,1093
723,220,1093,2
4,723,2,4826
1093,4,4826,23
2,1093,23,379
4826,2,379,31
23,4826,31,350
379,23,350,89
31,379,89,582
350,31,582,28
89,350,28,16700
582,89,16700,210
28,582,210,23
16700,28,23,54187
210,16700,54187,379
23,210,379,31
54187,23,31,16
379,54187,16,119
31,379,119,50
16,31,50,26541
119,16,26541,184
50,119,184,3
26541,50,3,2
184,26541,2,176
3,184,176,95166
2,3,95166,28
176,2,28,378
95166,176,378,419
28,95166,419,211
378,28,211,4826
419,378,4826,9586
211,419,9586,19
4826,211,19,16700
9586,4826,16700,4
19,9586,4,3536
16700,19,3536,7283
4,16700,7283,50
3536,4,50,4161
7283,3536,4161,23
50,7283,23,36
4161,50,36,746
23,4161,746,308
36,23,308,54
746,36,54,128
308,746,128,66
54,308,66,9598
128,54,9598,713
66,128,713,419
9598,66,419,171
713,9598,171,2
419,713,2,176
171,419,176,1273
2,171,1273,176
176,2,176,16
1273,176,16,3843
176,1273,3843,9
16,176,9,373
3843,16,373,1211
9,3843,1211,31
373,9,31,26
1211,373,26,28
31,1211,28,7
26,31,7,178
28,26,178,3
7,28,3,17
178,7,17,6
3,178,6,22
17,3,22,81657
6,17,81657,97913
22,6,97913,272
81657,22,272,4
97913,81657,4,565
272,97913,565,31
4,272,31,50
565,4,50,68
31,565,68,958
50,31,958,308
68,50,308,50
958,68,50,1480
308,958,1480,20440
50,308,20440,11129
1480,50,11129,2561
20440,1480,2561,1273
11129,20440,1273,2425
2561,11129,2425,87
1273,2561,87,26
2425,1273,26,178
87,2425,178,308
26,87,308,15112
178,26,15112,1211
308,178,1211,6
15112,308,6,57
1211,15112,57,512
6,1211,512,20440
57,6,20440,28
512,57,28,11
20440,512,11,7
28,20440,7,6852
11,28,6852,54
7,11,54,512
6852,7,512,29
54,6852,29,383
512,54,383,8
29,512,8,2
383,29,2,936
8,383,936,721
2,8,721,12
936,2,12,183
721,936,183,401
12,721,401,473
183,12,473,4
401,183,4,2
473,401,2,2737
4,473,2737,535
2,4,535,72
2737,2,72,14
535,2737,14,5991
72,535,5991,19
14,72,19,52741
5991,14,52741,418
19,5991,418,68
52741,19,68,7
418,52741,7,746
68,418,746,120
7,68,120,2
746,7,2,745
120,746,745,31
2,120,31,14
745,2,14,177
31,745,177,5
14,31,5,16516
177,14,16516,16638
5,177,16638,220
16516,5,220,108
16638,16516,108,124
220,16638,124,293
108,220,293,2828
124,108,2828,14
293,124,14,944
2828,293,944,5
14,2828,5,512
944,14,512,1944
5,944,1944,474
512,5,474,2
1944,512,2,281
474,1944,281,985
2,474,985,540
281,2,540,118
985,281,118,7097
540,985,7097,4
118,540,4,140
7097,118,140,454
4,7097,454,22
140,4,22,708
454,140,708,2595
22,454,2595,745
708,22,745,14
2595,708,14,26542
745,2595,26542,4
14,745,4,22
26542,14,22,708
4,26542,708,14
22,4,14,277
708,22,277,298
14,708,298,1365
277,14,1365,24
298,277,24,120
1365,298,120,10
24,1365,10,14
120,24,14,96978
10,120,96978,45
14,10,45,2373
96978,14,2373,442
45,96978,442,1921
2373,45,1921,746
442,2373,746,1303
1921,442,1303,5
746,1921,5,643
1303,746,643,2800
5,1303,2800,91
643,5,91,5
2800,643,5,2460
91,2800,2460,163
5,91,163,76
2460,5,76,3533
163,2460,3533,220
76,163,220,244
3533,76,244,323
220,3533,323,2
244,220,2,5900
323,244,5900,91
2,323,91,75
5900,2,75,1513
91,5900,1513,439
75,91,439,2
1513,75,2,176
439,1513,176,1300
2,439,1300,38
176,2,38,6777
1300,176,6777,2183
38,1300,2183,8
6777,38,8,18036
2183,6777,18036,198
8,2183,198,1303
18036,8,1303,1168
198,18036,1168,5
1303,198,5,45
1168,1303,45,9662
5,1168,9662,12
45,5,12,308
9662,45,308,725
12,9662,725,4459
308,12,4459,90
725,308,90,4689
4459,725,4689,2307
90,4459,2307,4
4689,90,4,21889
2307,4689,21889,22581
4,2307,22581,23
21889,4,23,379
22581,21889,379,363
23,22581,363,10649
379,23,10649,3528
363,379,3528,626
10649,363,626,379
3528,10649,379,6067
626,3528,6067,23
379,626,23,26319
6067,379,26319,2328
23,6067,2328,83
26319,23,83,19
2328,26319,19,435
83,2328,435,5
19,83,5,176
435,19,176,1453
5,435,1453,85270
176,5,85270,31
1453,176,31,244
85270,1453,244,2737
31,85270,2737,134
