102,431,68055,1619
1261,102,1619,324
68055,1261,324,72
1619,68055,72,509
324,1619,509,75
72,324,75,2907
509,72,2907,2836
75,509,2836,103
2907,75,103,1261
2836,2907,1261,2298
103,2836,2298,6
1261,103,6,411
2298,1261,411,3
6,2298,3,936
411,6,936,5
3,411,5,29490
936,3,29490,29
5,936,29,2828
29490,5,2828,810
29,29490,810,134
2828,29,134,2309
810,2828,2309,103
134,810,103,3387
2309,134,3387,50
103,2309,50,21
3387,103,21,362
50,3387,362,3
21,50,3,9897
362,21,9897,22
3,362,22,12
9897,3,12,21610
22,9897,21610,14
12,22,14,35
21610,12,35,3
14,21610,3,93
35,14,93,4890
3,35,4890,9
93,3,9,130
4890,93,130,12
9,4890,12,1576
130,9,1576,168
12,130,168,41
1576,12,41,3387
168,1576,3387,5
41,168,5,95
3387,41,95,45
5,3387,45,31
95,5,31,663
45,95,663,20
31,45,20,618
663,31,618,151
20,663,151,8
618,20,8,336
151,618,336,412
8,151,412,15
336,8,15,1599
412,336,1599,21101
15,412,21101,13493
1599,15,13493,134
21101,1599,134,18869
13493,21101,18869,3655
134,13493,3655,1145
18869,134,1145,2231
3655,18869,2231,11424
1145,3655,11424,74
2231,1145,74,13493
11424,2231,13493,6426
74,11424,6426,6
13493,74,6,1423
6426,13493,1423,2907
6,6426,2907,2
1423,6,2,1039
2907,1423,1039,720
2,2907,720,2
1039,2,2,6321
720,1039,6321,1134
2,720,1134,3
6321,2,3,2828
1134,6321,2828,347
3,1134,347,4
2828,3,4,10033
347,2828,10033,491
4,347,491,2
10033,4,2,159
491,10033,159,257
2,491,257,4
159,2,4,722
257,159,722,163
4,257,163,1784
722,4,1784,1093
163,722,1093,23
1784,163,23,1129
1093,1784,1129,2
23,1093,2,11
1129,23,11,23
2,1129,23,235
11,2,235,3
23,11,3,2828
235,23,2828,64439
3,235,64439,13
2828,3,13,28
64439,2828,28,2907
13,64439,2907,411
28,13,411,34
2907,28,34,17
411,2907,17,3896
34,411,3896,87
17,34,87,20
3896,17,20,430
87,3896,430,528
20,87,528,7
430,20,7,21
528,430,21,86
7,528,86,794
21,7,794,43
86,21,43,29
794,86,29,68
43,794,68,794
29,43,794,1599
68,29,1599,4
794,68,4,10
1599,794,10,3057
4,1599,3057,103763
10,4,103763,1080
3057,10,1080,1184
103763,3057,1184,1714
1080,103763,1714,6
1184,1080,6,197
1714,1184,197,429
6,1714,429,19
197,6,19,2907
429,197,2907,1896
19,429,1896,3
2907,19,3,43
1896,2907,43,4190
3,1896,4190,28
43,3,28,450
4190,43,450,449
28,4190,449,543
450,28,543,7
449,450,7,289
543,449,289,809
7,543,809,5
289,7,5,430
809,289,430,6
5,809,6,311
430,5,311,35112
6,430,35112,618
311,6,618,2265
35112,311,2265,3
618,35112,3,3886
2265,618,3886,56
3,2265,56,290
3886,3,290,4
56,3886,4,101
290,56,101,2434
4,290,2434,38
101,4,38,1114
2434,101,1114,4
38,2434,4,1377
1114,38,1377,13
4,1114,13,1123
1377,4,1123,1723
13,1377,1723,730
1123,13,730,1802
1723,1123,1802,157
730,1723,157,4
1802,730,4,2681
157,1802,2681,4190
4,157,4190,28
2681,4,28,19
4190,2681,19,3384
28,4190,3384,936
19,28,936,5
3384,19,5,38
936,3384,38,2298
5,936,2298,4
38,5,4,7005
2298,38,7005,26
4,2298,26,1153
7005,4,1153,3
26,7005,3,514
1153,26,514,907
3,1153,907,409
514,3,409,108
907,514,108,2236
409,907,2236,3
108,409,3,38
2236,108,38,58813
3,2236,58813,2978
38,3,2978,425
58813,38,425,8
2978,58813,8,1202
425,2978,1202,4
8,425,4,1334
1202,8,1334,1489
4,1202,1489,1596
1334,4,1596,4551
1489,1334,4551,3453
1596,1489,3453,4
4551,1596,4,2231
3453,4551,2231,4071
4,3453,4071,19768
2231,4,19768,74
4071,2231,74,1035
19768,4071,1035,4
74,19768,4,13493
1035,74,13493,70528
4,1035,70528,2521
13493,4,2521,3
70528,13493,3,155
2521,70528,155,30
3,2521,30,34
155,3,34,959
30,155,959,48
34,30,48,95
959,34,95,5178
48,959,5178,42
95,48,42,272
5178,95,272,28
42,5178,28,5
272,42,5,1083
28,272,1083,151
5,28,151,1112
1083,5,1112,10
151,1083,10,123
1112,151,123,3
10,1112,3,2749
123,10,2749,81
3,123,81,7
2749,3,7,51
81,2749,51,30
7,81,30,34
51,7,34,2985
30,51,2985,16
34,30,16,48
2985,34,48,28886
16,2985,28886,4
48,16,4,30
28886,48,30,16
4,28886,16,579
30,4,579,92
16,30,92,15
579,16,15,64
92,579,64,4211
15,92,4211,6
64,15,6,20
4211,64,20,431
6,4211,431,102
20,6,102,104
431,20,104,19832
102,431,19832,430
104,102,430,2
19832,104,2,7140
430,19832,7140,7790
2,430,7790,107709
7140,2,107709,16181
7790,7140,16181,47101
107709,7790,47101,134
16181,107709,134,986
47101,16181,986,18
134,47101,18,33
986,134,33,388
18,986,388,8
33,18,8,339
388,33,339,7
8,388,7,242
339,8,242,245
7,339,245,62
242,7,62,6
245,242,6,2107
62,245,2107,77
6,62,77,20
2107,6,20,17
77,2107,17,2
20,77,2,72
17,20,72,3073
2,17,3073,9
72,2,9,98
3073,72,98,89358
9,3073,89358,13
98,9,13,1274
89358,98,1274,47
13,89358,47,486
1274,13,486,3
47,1274,3,17
486,47,17,308
3,486,308,3
17,3,3,589
308,17,589,5
3,308,5,267
589,3,267,5
5,589,5,293
267,5,293,2892
5,267,2892,7
293,5,7,10789
2892,293,10789,19
7,2892,19,363
10789,7,363,338
19,10789,338,255
363,19,255,211
338,363,211,2
255,338,2,2771
211,255,2771,288
2,211,288,8677
2771,2,8677,8
288,2771,8,13
8677,288,13,186
8,8677,186,3
13,8,3,422
186,13,422,2606
3,186,2606,223
422,3,223,534
2606,422,534,471
223,2606,471,31
534,223,31,16
471,534,16,2459
31,471,2459,2
16,31,2,13341
2459,16,13341,5
2,2459,5,595
13341,2,595,293
5,13341,293,4182
595,5,4182,1197
293,595,1197,3
4182,293,3,2
1197,4182,2,1497
3,1197,1497,8596
2,3,8596,3263
1497,2,3263,16
8596,1497,16,1527
3263,8596,1527,5
16,3263,5,889
1527,16,889,5
5,1527,5,589
889,5,589,5
5,889,5,124
589,5,124,1059
5,589,1059,24
124,5,24,386
1059,124,386,4
24,1059,4,278
386,24,278,31
4,386,31,18
278,4,18,6365
31,278,6365,409
18,31,409,614
6365,18,614,6
409,6365,6,15386
614,409,15386,21615
6,614,21615,264
15386,6,264,205
21615,15386,205,6931
264,21615,6931,874
205,264,874,18
6931,205,18,11059
874,6931,11059,61
18,874,61,1168
11059,18,1168,5
61,11059,5,2519
1168,61,2519,293
5,1168,293,267
2519,5,267,6
293,2519,6,4
267,293,4,341
6,267,341,411
4,6,411,3
341,4,3,15973
411,341,15973,339
3,411,339,2907
15973,3,2907,2836
339,15973,2836,103
2907,339,103,1127
2836,2907,1127,1109
103,2836,1109,2144
1127,103,2144,2298
1109,1127,2298,32667
2144,1109,32667,32789
2298,2144,32789,4
32667,2298,4,32235
32789,32667,32235,46703
4,32789,46703,126
32235,4,126,13417
46703,32235,13417,21007
126,46703,21007,197
13417,126,197,1004
21007,13417,1004,24
197,21007,24,161
1004,197,161,675
24,1004,675,18
161,24,18,228
675,161,228,12
18,675,12,71
228,18,71,252
12,228,252,3
71,12,3,3055
252,71,3055,61
3,252,61,15010
3055,3,15010,5
61,3055,5,1706
15010,61,1706,177
5,15010,177,25568
1706,5,25568,2461
177,1706,2461,4
25568,177,4,57
2461,25568,57,537
4,2461,537,3
57,4,3,75667
537,57,75667,256
3,537,256,1618
75667,3,1618,93698
256,75667,93698,5
1618,256,5,265
93698,1618,265,1218
5,93698,1218,427
265,5,427,369
1218,265,369,28
427,1218,28,11
369,427,11,761
28,369,761,22
11,28,22,1975
761,11,1975,3
22,761,3,7126
1975,22,7126,1507
3,1975,1507,1053
7126,3,1053,791
1507,7126,791,9
1053,1507,9,443
791,1053,443,28
9,791,28,11
443,9,11,2063
28,443,2063,22
11,28,22,1187
2063,11,1187,8
22,2063,8,71
1187,22,71,252
8,1187,252,13
71,8,13,64
252,71,64,788
13,252,788,9
64,13,9,1829
788,64,1829,15
9,788,15,467
1829,9,467,35
15,1829,35,151
467,15,151,4
35,467,4,28
151,35,28,11
4,151,11,403
28,4,403,339
11,28,339,5
403,11,5,13493
339,403,13493,439
5,339,439,34
13493,5,34,8225
439,13493,8225,21
34,439,21,86
8225,34,86,43
21,8225,43,792
86,21,792,29
43,86,29,916
792,43,916,106817
29,792,106817,232
916,29,232,5
106817,916,5,265
232,106817,265,1218
5,232,1218,427
265,5,427,369
1218,265,369,481
427,1218,481,6
369,427,6,2
481,369,2,750
6,481,750,3
2,6,3,269
750,2,269,5
3,750,5,35
269,3,35,256
5,269,256,1495
35,5,1495,4
256,35,4,441
1495,256,441,269
4,1495,269,3338
441,4,3338,13748
269,441,13748,8
3338,269,8,2907
13748,3338,2907,743
8,13748,743,4
2907,8,4,23205
743,2907,23205,5
4,743,5,902
23205,4,902,4817
5,23205,4817,1715
902,5,1715,1042
4817,902,1042,8
1715,4817,8,30
1042,1715,30,317
8,1042,317,15
30,8,15,3055
317,30,3055,3
15,317,3,1061
3055,15,1061,26
3,3055,26,495
1061,3,495,215
26,1061,215,25347
495,26,25347,26
215,495,26,95320
25347,215,95320,119
26,25347,119,111
95320,26,111,1007
119,95320,1007,2600
111,119,2600,2569
1007,111,2569,28
2600,1007,28,252
2569,2600,252,40
28,2569,40,803
252,28,803,98
40,252,98,28
803,40,28,3729
98,803,3729,243
28,98,243,845
3729,28,845,19
243,3729,19,233
845,243,233,29
19,845,29,8
233,19,8,119
29,233,119,111
8,29,111,40
119,8,40,17
111,119,17,615
40,111,615,9
17,40,9,2
615,17,2,1169
9,615,1169,1281
2,9,1281,24
1169,2,24,2907
1281,1169,2907,67592
24,1281,67592,39
2907,24,39,1221
67592,2907,1221,3954
39,67592,3954,4
1221,39,4,693
3954,1221,693,310
4,3954,310,1000
693,4,1000,3
310,693,3,20
1000,310,20,181
884,355,6373,39
4204,884,39,109
6373,4204,109,31266
39,6373,31266,3095
109,39,3095,19
31266,109,19,1672
3095,31266,1672,11948
19,3095,11948,109
1672,19,109,2
11948,1672,2,1274
109,11948,1274,425
2,109,425,19
1274,2,19,263
425,1274,263,2205
19,425,2205,293
263,19,293,100
2205,263,100,152
293,2205,152,904
100,293,904,4
152,100,4,46491
904,152,46491,710
4,904,710,12
46491,4,12,1571
710,46491,1571,5
12,710,5,355
1571,12,355,2
5,1571,2,263
355,5,263,2590
2,355,2590,14
263,2,14,350
2590,263,350,83
14,2590,83,746
350,14,746,14568
83,350,14568,6
746,83,6,76335
14568,746,76335,2136
6,14568,2136,847
76335,6,847,6
2136,76335,6,604
847,2136,604,2897
6,847,2897,5
604,6,5,9450
2897,604,9450,394
5,2897,394,1828
9450,5,1828,5
394,9450,5,441
1828,394,441,5
5,1828,5,204
441,5,204,1336
5,441,1336,181
204,5,181,8
1336,204,8,263
181,1336,263,14291
8,181,14291,50
263,8,50,489
14291,263,489,1828
50,14291,1828,7
489,50,7,2216
1828,489,2216,8
7,1828,8,171
2216,7,171,3387
8,2216,3387,5
171,8,5,2
3387,171,2,722
5,3387,722,559
2,5,559,12
722,2,12,2246
559,722,2246,7006
12,559,7006,5162
2246,12,5162,12
7006,2246,12,355
5162,7006,355,2
12,5162,2,263
355,12,263,215
2,355,215,2590
263,2,2590,146
215,263,146,4
2590,215,4,1924
146,2590,1924,5502
4,146,5502,5559
1924,4,5559,6942
5502,1924,6942,5
5559,5502,5,14568
6942,5559,14568,4
5,6942,4,10
14568,5,10,2414
4,14568,2414,14
10,4,14,3198
2414,10,3198,5250
14,2414,5250,19
3198,14,19,263
5250,3198,263,1273
19,5250,1273,4
263,19,4,2262
1273,263,2262,163
4,1273,163,544
2262,4,544,293
163,2262,293,430
544,163,430,425
293,544,425,8
430,293,8,263
425,430,263,1218
8,425,1218,163
263,8,163,2590
1218,263,2590,14
163,1218,14,350
2590,163,350,83
14,2590,83,19
350,14,19,2
83,350,2,2098
19,83,2098,1148
2,19,1148,430
2098,2,430,18
1148,2098,18,72
430,1148,72,758
18,430,758,2889
72,18,2889,5
758,72,5,2262
2889,758,2262,559
5,2889,559,4
2262,5,4,1779
559,2262,1779,5
4,559,5,2590
1779,4,2590,6
5,1779,6,4655
2590,5,4655,746
6,2590,746,14568
4655,6,14568,339
746,4655,339,4
14568,746,4,1089
339,14568,1089,1003
4,339,1003,62
1089,4,62,263
1003,1089,263,722
62,1003,722,163
263,62,163,12
722,263,12,5151
163,722,5151,6218
12,163,6218,708
5151,12,708,4
6218,5151,4,104661
708,6218,104661,18166
4,708,18166,2414
104661,4,2414,15
18166,104661,15,4
2414,18166,4,215
15,2414,215,4186
4,15,4186,2590
215,4,2590,171
4186,215,171,2262
2590,4186,2262,2590
171,2590,2590,14005
2262,171,14005,1072
2590,2262,1072,4089
14005,2590,4089,75
1072,14005,75,54
4089,1072,54,722
75,4089,722,163
54,75,163,11004
722,54,11004,274
163,722,274,1303
11004,163,1303,12
274,11004,12,5151
1303,274,5151,1660
12,1303,1660,4
5151,12,4,6
1660,5151,6,2262
4,1660,2262,2590
6,4,2590,350
2262,6,350,9216
2590,2262,9216,3
350,2590,3,789
9216,350,789,102
3,9216,102,20288
789,3,20288,12
102,789,12,338
20288,102,338,703
12,20288,703,10
338,12,10,13
703,338,13,47
10,703,47,1094
13,10,1094,8
47,13,8,2590
1094,47,2590,77
8,1094,77,18
2590,8,18,47
77,2590,47,7434
18,77,7434,19
47,18,19,722
7434,47,722,163
19,7434,163,87
722,19,87,5
163,722,5,22124
87,163,22124,5
5,87,5,470
22124,5,470,10
5,22124,10,142
470,5,142,3
10,470,3,292
142,10,292,184
3,142,184,3
292,3,3,190
184,292,190,1741
3,184,1741,4089
190,3,4089,75
1741,190,75,118
4089,1741,118,704
75,4089,704,19
118,75,19,4
704,118,4,20288
19,704,20288,4163
4,19,4163,583
20288,4,583,19
4163,20288,19,1261
583,4163,1261,456
19,583,456,9
1261,19,9,6860
456,1261,6860,5
9,456,5,11898
6860,9,11898,675
5,6860,675,6
11898,5,6,278
675,11898,278,4720
6,675,4720,425
278,6,425,829
4720,278,829,5
425,4720,5,1924
829,425,1924,743
5,829,743,171
1924,5,171,4628
743,1924,4628,5
171,743,5,2590
4628,171,2590,19
5,4628,19,2414
2590,5,2414,12
19,2590,12,1303
2414,19,1303,5502
12,2414,5502,418
1303,12,418,14
5502,1303,14,5663
418,5502,5663,3
14,418,3,8106
5663,14,8106,583
3,5663,583,19
8106,3,19,1261
583,8106,1261,2590
19,583,2590,14
1261,19,14,1072
2590,1261,1072,3330
14,2590,3330,10
1072,14,10,24
3330,1072,24,5833
10,3330,5833,3655
24,10,3655,3
5833,24,3,10
3655,5833,10,603
3,3655,603,292
10,3,292,263
603,10,263,441
292,603,441,1828
263,292,1828,68
441,263,68,10052
1828,441,10052,8
68,1828,8,2414
10052,68,2414,7
8,10052,7,21
2414,8,21,2731
7,2414,2731,4
21,7,4,14
2731,21,14,2918
4,2731,2918,5250
14,4,5250,19
2918,14,19,1273
5250,2918,1273,4
19,5250,4,2262
1273,19,2262,2590
4,1273,2590,3
2262,4,3,263
2590,2262,263,215
3,2590,215,292
263,3,292,23
215,263,23,70336
292,215,70336,6
23,292,6,2897
70336,23,2897,5
6,70336,5,13823
2897,6,13823,23
5,2897,23,60
13823,5,60,2939
23,13823,2939,5
60,23,5,1072
2939,60,1072,1706
5,2939,1706,14
1072,5,14,21
1706,1072,21,508
14,1706,508,1669
21,14,1669,2590
508,21,2590,14
1669,508,14,1532
2590,1669,1532,3
14,2590,3,18
1532,14,18,47
3,1532,47,2056
18,3,2056,56
47,18,56,215
2056,47,215,1786
56,2056,1786,5
215,56,5,2835
1786,215,2835,2
5,1786,2,4186
2835,5,4186,2590
2,2835,2590,3468
4186,2,3468,2246
2590,4186,2246,28
3468,2590,28,21082
2246,3468,21082,663
28,2246,663,43
21082,28,43,12
663,21082,12,558
43,663,558,10762
12,43,10762,663
558,12,663,43
10762,558,43,12
663,10762,12,672
43,663,672,10761
12,43,10761,1928
16,33,308,43
164,16,43,2
308,164,2,3470
43,308,3470,5
2,43,5,842
3470,2,842,7242
5,3470,7242,61
842,5,61,19
7242,842,19,42
61,7242,42,5772
19,61,5772,2
42,19,2,3470
5772,42,3470,5
2,5772,5,842
3470,2,842,7242
5,3470,7242,61
842,5,61,19
7242,842,19,42
61,7242,42,5772
19,61,5772,318
42,19,318,109
5772,42,109,6540
318,5772,6540,1208
109,318,1208,24569
6540,109,24569,181
1208,6540,181,8
24569,1208,8,312
181,24569,312,5
8,181,5,6545
312,8,6545,13
5,312,13,154
6545,5,154,61
13,6545,61,15
154,13,15,2
61,154,2,5166
15,61,5166,354
2,15,354,3
5166,2,3,93
354,5166,93,157
3,354,157,14215
93,3,14215,142
157,93,142,12
14215,157,12,1562
142,14215,1562,15
12,142,15,67
1562,12,67,226
15,1562,226,4499
67,15,4499,213
226,67,213,6
4499,226,6,24675
213,4499,24675,4
6,213,4,67
24675,6,67,545
4,24675,545,377
67,4,377,901
545,67,901,4
377,545,4,901
901,377,901,1013
4,901,1013,15
901,4,15,57
1013,901,57,226
15,1013,226,901
57,15,901,65
226,57,65,20183
901,226,20183,391
65,901,391,158
20183,65,158,18
391,20183,18,516
158,391,516,3
18,158,3,1018
516,18,1018,10265
3,516,10265,8
1018,3,8,273
10265,1018,273,240
8,10265,240,24
273,8,24,1780
240,273,1780,650
24,240,650,312
1780,24,312,13
650,1780,13,88
312,650,88,1413
13,312,1413,1760
88,13,1760,1161
1413,88,1161,8569
1760,1413,8569,4
1161,1760,4,650
8569,1161,650,9080
4,8569,9080,7
650,4,7,319
9080,650,319,6545
7,9080,6545,4189
319,7,4189,240
6545,319,240,82
4189,6545,82,3
240,4189,3,1018
82,240,1018,48
3,82,48,10265
1018,3,10265,6
48,1018,6,5161
10265,48,5161,391
6,10265,391,82
5161,6,82,30
391,5161,30,79
82,391,79,660
30,82,660,15
79,30,15,483
660,79,483,5
15,660,5,391
483,15,391,20
5,483,20,153
391,5,153,472
20,391,472,40214
153,20,40214,181
472,153,181,164
40214,472,164,7
181,40214,7,51
164,181,51,391
7,164,391,468
51,7,468,545
391,51,545,3
468,391,3,25
545,468,25,15
3,545,15,38
25,3,38,361
15,25,361,60
38,15,60,28088
361,38,28088,15
60,361,15,112
