102392,798,16,2960
53,102392,2960,7155
16,53,7155,15
2960,16,15,20
7155,2960,20,359
15,7155,359,5
20,15,5,2834
359,20,2834,409
5,359,409,568
2834,5,568,803
409,2834,803,72
568,409,72,42
803,568,42,482
72,803,482,3
42,72,3,1304
482,42,1304,8
3,482,8,3823
1304,3,3823,2623
8,1304,2623,935
3823,8,935,18
2623,3823,18,4517
935,2623,4517,74
18,935,74,268
4517,18,268,727
74,4517,727,1242
268,74,1242,2
727,268,2,273
1242,727,273,337
2,1242,337,7
273,2,7,87
337,273,87,5
7,337,5,752
87,7,752,509
5,87,509,773
752,5,773,41
509,752,41,65
773,509,65,1324
41,773,1324,965
65,41,965,2
1324,65,2,225
965,1324,225,18
2,965,18,1443
225,2,1443,4727
18,225,4727,6
1443,18,6,57
4727,1443,57,357
6,4727,357,103
57,6,103,45
357,57,45,16
103,357,16,84
45,103,84,400
16,45,400,6
84,16,6,90
400,84,90,2623
6,400,2623,472
90,6,472,5
2623,90,5,86251
472,2623,86251,7705
5,472,7705,280
86251,5,280,3823
7705,86251,3823,935
280,7705,935,165
3823,280,165,13
935,3823,13,1693
165,935,1693,61
13,165,61,3
1693,13,3,30836
61,1693,30836,446
3,61,446,4
30836,3,4,6
446,30836,6,76
4,446,76,1951
6,4,1951,418
76,6,418,5
1951,76,5,3676
418,1951,3676,749
5,418,749,577
3676,5,577,18
749,3676,18,1519
577,749,1519,4177
18,577,4177,6
1519,18,6,268
4177,1519,268,2051
6,4177,2051,54268
268,6,54268,597
2051,268,597,31
54268,2051,31,113
597,54268,113,5
31,597,5,586
113,31,586,2
5,113,2,311
586,5,311,674
2,586,674,14
311,2,14,38
674,311,38,1015
14,674,1015,3
38,14,3,155
1015,38,155,3
3,1015,3,645
155,3,645,4
3,155,4,577
645,3,577,5
4,645,5,645
577,4,645,13
5,577,13,350
645,5,350,61
13,645,61,2
350,13,2,182
61,350,182,4124
2,61,4124,65
182,2,65,2499
4124,182,2499,6
65,4124,6,257
2499,65,257,44
6,2499,44,2663
257,6,2663,38182
44,257,38182,2
2663,44,2,8856
38182,2663,8856,31
2,38182,31,1210
8856,2,1210,1972
31,8856,1972,3157
1210,31,3157,5
1972,1210,5,382
3157,1972,382,935
5,3157,935,151
382,5,151,6
935,382,6,47317
151,935,47317,11
6,151,11,2839
47317,6,2839,8
11,47317,8,852
2839,11,852,854
8,2839,854,18
852,8,18,1296
854,852,1296,1324
18,854,1324,9
1296,18,9,88
1324,1296,88,45
9,1324,45,42
88,9,42,1357
45,88,1357,8759
42,45,8759,5
1357,42,5,5096
8759,1357,5096,142
5,8759,142,6
5096,5,6,70
142,5096,70,1506
6,142,1506,757
70,6,757,3163
1506,70,3163,5
757,1506,5,38
3163,757,38,935
5,3163,935,72
38,5,72,12
935,38,12,686
72,935,686,5000
12,72,5000,4
686,12,4,2093
5000,686,2093,19
4,5000,19,8
2093,4,8,13
19,2093,13,11296
8,19,11296,1044
13,8,1044,129
11296,13,129,190
1044,11296,190,932
129,1044,932,43
190,129,43,290
932,190,290,12056
43,932,12056,1881
290,43,1881,80
12056,290,80,66
1881,12056,66,3
80,1881,3,406
66,80,406,175
3,66,175,4
406,3,4,194
175,406,194,5401
4,175,5401,206
194,4,206,25
5401,194,25,45
206,5401,45,488
25,206,488,2
45,25,2,52
488,45,52,10
2,488,10,3527
52,2,3527,3
10,52,3,1500
3527,10,1500,2
3,3527,2,3676
1500,3,3676,290
2,1500,290,52
3676,2,52,852
290,3676,852,854
52,290,854,16
852,52,16,61
854,852,61,42
16,854,42,337
61,16,337,7
42,61,7,8
337,42,8,2097
7,337,2097,70
8,7,70,16
2097,8,16,6
70,2097,6,209
16,70,209,177
6,16,177,5
209,6,5,2707
177,209,2707,311
5,177,311,306
2707,5,306,687
311,2707,687,5
306,311,5,45
687,306,45,15
5,687,15,311
45,5,311,935
15,45,935,13
311,15,13,877
935,311,877,2
13,935,2,2
877,13,2,336
2,877,336,5
2,2,5,1506
336,2,1506,684
5,336,684,251
1506,5,251,10
684,1506,10,50305
251,684,50305,16899
10,251,16899,217
50305,10,217,5
16899,50305,5,70
217,16899,70,31
5,217,31,18
70,5,18,317
31,70,317,79
18,31,79,43152
317,18,43152,6312
79,317,6312,13
43152,79,13,2649
6312,43152,2649,4
13,6312,4,25
2649,13,25,18
4,2649,18,2384
25,4,2384,5
18,25,5,95
2384,18,95,6
5,2384,6,8097
95,5,8097,6312
6,95,6312,6
8097,6,6,57
6312,8097,57,357
6,6312,357,2829
57,6,2829,12
357,57,12,332
2829,357,332,117
12,2829,117,7
332,12,7,502
117,332,502,7042
7,117,7042,122
502,7,122,311
7042,502,311,7
122,7042,7,502
311,122,502,99068
7,311,99068,5
502,7,5,20
99068,502,20,4041
5,99068,4041,24
20,5,24,11420
4041,20,11420,5
24,4041,5,70
11420,24,70,515
5,11420,515,9
70,5,9,568
515,70,568,6604
9,515,6604,5
568,9,5,6498
6604,568,6498,262
5,6604,262,13
6498,5,13,326
262,6498,326,3833
13,262,3833,2346
326,13,2346,168
3833,326,168,1320
2346,3833,1320,529
168,2346,529,4
1320,168,4,503
529,1320,503,25810
4,529,25810,461
503,4,461,6288
25810,503,6288,4331
461,25810,4331,6
6288,461,6,5904
4331,6288,5904,4
6,4331,4,1293
5904,6,1293,76
4,5904,76,879
1293,4,879,15
76,1293,15,2
879,76,2,4973
15,879,4973,15963
2,15,15963,5
4973,2,5,27485
15963,4973,27485,2876
5,15963,2876,2575
27485,5,2575,531
2876,27485,531,1399
2575,2876,1399,5
531,2575,5,160
1399,531,160,18
5,1399,18,47
160,5,47,1383
18,160,1383,4
47,18,4,2
1383,47,2,67196
4,1383,67196,1147
2,4,1147,20209
67196,2,20209,7388
1147,67196,7388,13
20209,1147,13,3740
7388,20209,3740,168
13,7388,168,427
3740,13,427,1808
168,3740,1808,196
427,168,196,23306
1808,427,23306,61
196,1808,61,6116
23306,196,6116,5
61,23306,5,14763
6116,61,14763,262
5,6116,262,8
14763,5,8,77
262,14763,77,68
8,262,68,17
77,8,17,8011
68,77,8011,56
17,68,56,5
8011,17,5,2122
56,8011,2122,36
5,56,36,14560
2122,5,14560,2799
36,2122,2799,1042
14560,36,1042,9
2799,14560,9,37054
1042,2799,37054,639
9,1042,639,13
37054,9,13,218
639,37054,218,3
13,639,3,1899
218,13,1899,2
3,218,2,13
1899,3,13,1042
2,1899,1042,9
13,2,9,38696
1042,13,38696,11715
9,1042,11715,31
38696,9,31,396
11715,38696,396,17
31,11715,17,1603
396,31,1603,19
17,396,19,1115
1603,17,1115,82
19,1603,82,24
1115,19,24,29422
82,1115,29422,4
24,82,4,38373
29422,24,38373,3
4,29422,3,11194
38373,4,11194,106730
3,38373,106730,160
11194,3,160,16
106730,11194,16,12
160,106730,12,2725
16,160,2725,164
12,16,164,6
2725,12,6,10544
164,2725,10544,4640
6,164,4640,120
10544,6,120,3823
4640,10544,3823,935
120,4640,935,7
3823,120,7,2
935,3823,2,1067
7,935,1067,898
2,7,898,150
1067,2,150,446
898,1067,446,4
150,898,4,37190
446,150,37190,7
4,446,7,2
37190,4,2,1067
7,37190,1067,1044
2,7,1044,932
1067,2,932,8288
1044,1067,8288,6
932,1044,6,99
8288,932,99,12066
6,8288,12066,5
99,6,5,16670
12066,99,16670,2535
5,12066,2535,312
16670,5,312,13
2535,16670,13,2
312,2535,2,94048
13,312,94048,4446
2,13,4446,15
94048,2,15,2
4446,94048,2,58488
15,4446,58488,41147
2,15,41147,262
58488,2,262,3263
41147,58488,3263,164
262,41147,164,1573
3263,262,1573,24
164,3263,24,52874
1573,164,52874,1164
24,1573,1164,2611
52874,24,2611,6
1164,52874,6,4
2611,1164,4,56
6,2611,56,5
4,6,5,3882
56,4,3882,826
5,56,826,6599
3882,5,6599,3
826,3882,3,65573
6599,826,65573,639
3,6599,639,31
65573,3,31,522
639,65573,522,38
31,639,38,10956
522,31,10956,23
38,522,23,236
10956,38,236,73
23,10956,73,7140
236,23,7140,84008
73,236,84008,120
7140,73,120,35635
84008,7140,35635,364
120,84008,364,22050
35635,120,22050,70548
364,35635,70548,4
22050,364,4,34230
70548,22050,34230,3601
4,70548,3601,50925
34230,4,50925,18
3601,34230,18,3
50925,3601,3,234
18,50925,234,2
3,18,2,1067
234,3,1067,2092
2,234,2092,3
1067,2,3,346
2092,1067,346,11337
3,2092,11337,262
346,3,262,29
11337,346,29,26
262,11337,26,219
29,262,219,165
26,29,165,164
219,26,164,567
165,219,567,7
164,165,7,8
567,164,8,26
7,567,26,82
8,7,82,73
26,8,73,37042
82,26,37042,262
73,82,262,82
37042,73,82,1750
262,37042,1750,633
82,262,633,41
1750,82,41,842
633,1750,842,65
41,633,65,26
842,41,26,91
65,842,91,17617
26,65,17617,18
91,26,18,3
17617,91,3,18
18,17617,18,2
3,18,2,1034
18,3,1034,5
2,18,5,986
1034,2,986,3
5,1034,3,93
986,5,93,2
3,986,2,262
93,3,262,44
2,93,44,1508
262,2,1508,33602
44,262,33602,2
1508,44,2,534
33602,1508,534,545
2,33602,545,31
534,2,31,7
545,534,7,3100
31,545,3100,2
7,31,2,1304
3100,7,1304,6
2,3100,6,2094
1304,2,2094,152
6,1304,152,2648
2094,6,2648,23
152,2094,23,10544
2648,152,10544,543
23,2648,543,645
10544,23,645,49
543,10544,49,2
645,543,2,14
49,645,14,458
2,49,458,3
14,2,3,18
458,14,18,2
3,458,2,64309
18,3,64309,1433
2,18,1433,400
64309,2,400,12
1433,64309,12,1447
400,1433,1447,3213
12,400,3213,4
1447,12,4,214
3213,1447,214,261
4,3213,261,367
214,4,367,502
261,214,502,2
367,261,2,1304
502,367,1304,820
2,502,820,422
1304,2,422,55063
820,1304,55063,73
422,820,73,569
55063,422,569,33602
73,55063,33602,16
569,73,16,1144
33602,569,1144,490
16,33602,490,37
1144,16,37,38
490,1144,38,554
37,490,554,475
38,37,475,2
554,38,2,149
475,554,149,2
2,475,2,62
149,2,62,26
2,149,26,55
62,2,55,17
26,62,17,5
55,26,5,427
17,55,427,3
5,17,3,108
427,5,108,5520
3,427,5520,160
108,3,160,13
5520,108,13,146
160,5520,146,38
13,160,38,655
146,13,655,41
38,146,41,4322
655,38,4322,2
41,655,2,1433
4322,41,1433,1087
2,4322,1087,1266
1433,2,1266,19
1087,1433,19,645
1266,1087,645,62
19,1266,62,545
645,19,545,48
62,645,48,556
545,62,556,262
48,545,262,1131
556,48,1131,6
262,556,6,332
1131,262,332,1304
6,1131,1304,348
332,6,348,4
1304,332,4,38
348,1304,38,88647
4,348,88647,262
38,4,262,924
88647,38,924,8
262,88647,8,1382
924,262,1382,45
8,924,45,79
1382,8,79,67
45,1382,67,3534
79,45,3534,44
67,79,44,4346
3534,67,4346,616
44,3534,616,4
4346,44,4,5238
616,4346,5238,23
4,616,23,56360
5238,4,56360,527
23,5238,527,5
56360,23,5,842
527,56360,842,1324
5,527,1324,2180
842,5,2180,6
1324,842,6,86
2180,1324,86,37
6,2180,37,2
86,6,2,2051
37,86,2051,5
2,37,5,70
2051,2,70,15
5,2051,15,76
70,5,76,645
15,70,645,576
76,15,576,29
645,76,29,64
576,645,64,12421
29,576,12421,1304
64,29,1304,236
12421,64,236,586
1304,12421,586,6
236,1304,6,1058
586,236,1058,36
6,586,36,78992
1058,6,78992,3534
36,1058,3534,6
78992,36,6,2517
3534,78992,2517,654
6,3534,654,456
2517,6,456,1186
654,2517,1186,84
456,654,84,8
1186,456,8,4759
84,1186,4759,7
8,84,7,1944
4759,8,1944,2
7,4759,2,422
1944,7,422,89187
2,1944,89187,80
422,2,80,52
89187,422,52,33
80,89187,33,18
52,80,18,2
33,52,2,182
18,33,182,5
2,18,5,842
182,2,842,53
5,182,53,7
842,5,7,64
53,842,64,1833
7,53,1833,5
64,7,5,2
1833,64,2,24755
5,1833,24755,262
2,5,262,36
24755,2,36,10303
262,24755,10303,4250
36,262,4250,270
10303,36,270,803
4250,10303,803,743
270,4250,743,5
803,270,5,569
743,803,569,2163
5,743,2163,13484
569,5,13484,1051
2163,569,1051,6
13484,2163,6,4
1051,13484,4,36257
6,1051,36257,13
4,6,13,2
36257,4,2,5177
13,36257,5177,6
2,13,6,2333
5177,2,2333,5319
6,5177,5319,29
2333,6,29,49
5319,2333,49,1984
29,5319,1984,262
49,29,262,3000
1984,49,3000,23
262,1984,23,103
3000,262,103,645
23,3000,645,25
103,23,25,513
645,103,513,2
25,645,2,149
513,25,149,2
2,513,2,2
149,2,2,56205
2,149,56205,18535
2,2,18535,423
56205,2,423,11
18535,56205,11,13
423,18535,13,2
11,423,2,568
13,11,568,4
2,13,4,2
568,2,2,727
4,568,727,26925
2,4,26925,552
727,2,552,51
26925,727,51,7
552,26925,7,25
51,552,25,7
7,51,7,72
25,7,72,1114
7,25,1114,400
72,7,400,999
1114,72,999,11
400,1114,11,49585
999,400,49585,594
11,999,594,16
49585,11,16,42
594,49585,42,8
16,594,8,6730
42,16,6730,5
8,42,5,639
6730,8,639,84
5,6730,84,322
639,5,322,422
84,639,422,852
322,84,852,577
422,322,577,80
852,422,80,15
577,852,15,2
80,577,2,41489
15,80,41489,3249
2,15,3249,545
41489,2,545,1846
3249,41489,1846,3
545,3249,3,513
1846,545,513,198
3,1846,198,4
513,3,4,11477
198,513,11477,5
4,198,5,2419
11477,4,2419,59
5,11477,59,82
2419,5,82,36
59,2419,36,52
82,59,52,82
36,82,82,38
52,36,38,235
82,52,235,2190
38,82,2190,34
235,38,34,56491
2190,235,56491,128
34,2190,128,173
56491,34,173,4603
128,56491,4603,7
173,128,7,531
4603,173,531,9
7,4603,9,529
531,7,529,4
9,531,4,584
529,9,584,961
4,529,961,336
584,4,336,5
961,584,5,639
336,961,639,6
5,336,6,12549
639,5,12549,515
6,639,515,229
12549,6,229,33
515,12549,33,2920
229,515,2920,10
33,229,10,3
2920,33,3,39
10,2920,39,1383
3,10,1383,4
39,3,4,18535
1383,39,18535,3836
4,1383,3836,36
18535,4,36,3
3836,18535,3,11929
36,3836,11929,6397
3,36,6397,191
11929,3,191,5
6397,11929,5,639
191,6397,639,2
5,191,2,961
639,5,961,7149
2,639,7149,5
961,2,5,43
7149,961,43,4727
5,7149,4727,7
43,5,7,1615
4727,43,1615,12
7,4727,12,251
1615,7,251,82
12,1615,82,2976
251,12,2976,21849
82,251,21849,4
2976,82,4,6538
21849,2976,6538,639
4,21849,639,31
6538,4,31,1119
639,6538,1119,93
31,639,93,334
1119,31,334,1108
93,1119,1108,1466
334,93,1466,5
1108,334,5,229
1466,1108,229,26
5,1466,26,34
229,5,34,179
26,229,179,2
34,26,2,1356
179,34,1356,36
2,179,36,84492
1356,2,84492,567
36,1356,567,25
84492,36,25,172
567,84492,172,15
25,567,15,45
172,25,45,31
15,172,31,899
45,15,899,5014
31,45,5014,6072
899,31,6072,423
5014,899,423,4250
6072,5014,4250,132
423,6072,132,17
4250,423,17,3929
132,4250,3929,29
17,132,29,14613
3929,17,14613,5
29,3929,5,37685
14613,29,37685,2623
5,14613,2623,4
37685,5,4,8172
2623,37685,8172,8581
4,2623,8581,31
8172,4,31,16
8581,8172,16,1426
31,8581,1426,3
16,31,3,144
1426,16,144,38
3,1426,38,397
144,3,397,4
38,144,4,2
397,38,2,804
4,397,804,36
2,4,36,103
804,2,103,23
36,804,23,370
103,36,370,2
23,103,2,3
370,23,3,554
2,370,554,1151
3,2,1151,5
554,3,5,35942
1151,554,35942,899
5,1151,899,5
35942,5,5,103
899,35942,103,935
5,899,935,6
103,5,6,2
935,103,2,347
6,935,347,7
2,6,7,4
347,2,4,2454
7,347,2454,1302
4,7,1302,9
2454,4,9,90
1302,2454,90,2623
9,1302,2623,44
90,9,44,2712
2623,90,2712,26822
44,2623,26822,2
2712,44,2,1698
26822,2712,1698,283
2,26822,283,8202
1698,2,8202,31
283,1698,31,14
8202,283,14,2
31,8202,2,795
14,31,795,1010
2,14,1010,75
795,2,75,49
1010,795,49,1120
75,1010,1120,71881
49,75,71881,2408
1120,49,2408,11
71881,1120,11,44
2408,71881,44,2914
11,2408,2914,18
44,11,18,3647
2914,44,3647,6
18,2914,6,177
3647,18,177,2
6,3647,2,11
177,6,11,4
2,177,4,49
11,2,49,1043
4,11,1043,16509
49,4,16509,55
1043,49,55,75757
16509,1043,75757,5041
55,16509,5041,73
75757,55,73,28542
5041,75757,28542,9755
73,5041,9755,38
28542,73,38,7518
9755,28542,7518,1412
38,9755,1412,3
7518,38,3,43377
1412,7518,43377,868
3,1412,868,29
43377,3,29,3
868,43377,3,569
29,868,569,26822
3,29,26822,90
569,3,90,577
26822,569,577,165
90,26822,165,313
577,90,313,875
165,577,875,65
313,165,65,26
875,313,26,91
65,875,91,3
26,65,3,27415
91,26,27415,14
3,91,14,64
27415,3,64,391
14,27415,391,1429
64,14,1429,59
391,64,59,7
1429,391,7,14
59,1429,14,6
7,59,6,391
14,7,391,3
6,14,3,17
391,6,17,12
3,391,12,2
17,3,2,504
12,17,504,11
2,12,11,44
504,2,44,59
11,504,59,9755
44,11,9755,14
59,44,14,1892
9755,59,1892,79
14,9755,79,15982
1892,14,15982,1906
79,1892,1906,87339
15982,79,87339,1429
1906,15982,1429,1074
87339,1906,1074,1563
1429,87339,1563,1085
1074,1429,1085,1636
1563,1074,1636,2014
1085,1563,2014,324
1636,1085,324,3
2014,1636,3,2
324,2014,2,26822
3,324,26822,31
2,3,31,244
26822,2,244,6
31,26822,6,22233
244,31,22233,81047
6,244,81047,16
22233,6,16,95
81047,22233,95,86
16,81047,86,1324
95,16,1324,577
86,95,577,6596
1324,86,6596,907
577,1324,907,270
6596,577,270,12
907,6596,12,363
270,907,363,725
12,270,725,6552
363,12,6552,7
725,363,7,41
6552,725,41,7839
7,6552,7839,283
41,7,283,299
7839,41,299,80
283,7839,80,286
299,283,286,2
80,299,2,433
286,80,433,336
2,286,336,5
433,2,5,70
336,433,70,13
5,336,13,283
70,5,283,1121
13,70,1121,82
283,13,82,15
1121,283,15,264
82,1121,264,1113
15,82,1113,7361
264,15,7361,19
1113,264,19,1961
7361,1113,1961,299
19,7361,299,309
1961,19,309,508
299,1961,508,2
309,299,2,887
508,309,887,82
2,508,82,217
887,2,217,5
82,887,5,95
217,82,95,31
