1563,2,793,3
4885,1563,3,18
793,4885,18,388
3,793,388,2
18,3,2,264
388,18,264,1639
2,388,1639,6
264,2,6,38
1639,264,38,965
6,1639,965,3297
38,6,3297,45
965,38,45,31
3297,965,31,123
45,3297,123,2
31,45,2,717
123,31,717,132
2,123,132,17
717,2,17,95
132,717,95,31
17,132,31,18
95,17,18,784
31,95,784,57
18,31,57,729
784,18,729,5
57,784,5,10715
729,57,10715,962
5,729,962,90
10715,5,90,5
962,10715,5,841
90,962,841,6
5,90,6,284
841,5,284,175
6,841,175,8602
284,6,8602,4
175,284,4,84252
8602,175,84252,1210
4,8602,1210,55
84252,4,55,17
1210,84252,17,4017
55,1210,4017,21
17,55,21,3
4017,17,3,841
21,4017,841,6
3,21,6,7202
841,3,7202,29
6,841,29,3
7202,6,3,841
29,7202,841,6
3,29,6,684
841,3,684,3
6,841,3,54
684,6,54,26
3,684,26,2553
54,3,2553,3911
26,54,3911,100
2553,26,100,255
3911,2553,255,41
100,3911,41,1750
255,100,1750,5355
41,255,5355,8
1750,41,8,2
5355,1750,2,1509
8,5355,1509,179
2,8,179,6
1509,2,6,42
179,1509,42,743
6,179,743,7
42,6,7,7721
743,42,7721,2021
7,743,2021,416
7721,7,416,8
2021,7721,8,10
416,2021,10,34
8,416,34,179
10,8,179,6
34,10,6,183
179,34,183,107
6,179,107,2322
183,6,2322,20
107,183,20,7
2322,107,7,3911
20,2322,3911,100
7,20,100,255
3911,7,255,51
100,3911,51,115
255,100,115,10
51,255,10,123
115,51,123,3
10,115,3,609
123,10,609,43
3,123,43,3
609,3,3,91
43,609,91,284
3,43,284,6
91,3,6,39
284,91,39,1976
6,284,1976,229
39,6,229,188
1976,39,188,1976
229,1976,1976,36
188,229,36,6
1976,188,6,974
36,1976,974,5
6,36,5,1741
974,6,1741,10
5,974,10,55
1741,5,55,86
10,1741,86,17
55,10,17,1823
86,55,1823,19
17,86,19,501
1823,17,501,1011
19,1823,1011,1583
501,19,1583,4
1011,501,4,1585
1583,1011,1585,210
4,1583,210,19
1585,4,19,13150
210,1585,13150,9531
19,210,9531,474
13150,19,474,76
9531,13150,76,1820
474,9531,1820,1820
76,474,1820,8
1820,76,8,2409
1820,1820,2409,13276
8,1820,13276,9531
2409,8,9531,93
13276,2409,93,10
9531,13276,10,2903
93,9531,2903,24
10,93,24,2704
2903,10,2704,3
24,2903,3,91
2704,24,91,52
3,2704,52,30
91,3,30,14
52,91,14,3
30,52,3,155
14,30,155,24
3,14,24,4
155,3,4,9531
24,155,9531,3
4,24,3,188
9531,4,188,30
3,9531,30,147
188,3,147,3
30,188,3,858
147,30,858,2
3,147,2,2542
858,3,2542,24
2,858,24,9531
2542,2,9531,3
24,2542,3,188
9531,24,188,64
3,9531,64,323
188,3,323,62
64,188,62,7222
323,64,7222,36
62,323,36,3132
7222,62,3132,9531
36,7222,9531,52
3132,36,52,2542
9531,3132,2542,7
52,9531,7,1326
2542,52,1326,19
7,2542,19,2
1326,7,2,68732
19,1326,68732,37566
2,19,37566,8
68732,2,8,188
37566,68732,188,1976
8,37566,1976,7
188,8,7,2053
1976,188,2053,707
7,1976,707,3
2053,7,3,8602
707,2053,8602,1976
3,707,1976,10703
8602,3,10703,6
1976,8602,6,1725
10703,1976,1725,115
6,10703,115,412
1725,6,412,3
115,1725,3,144
412,115,144,2
3,412,2,188
144,3,188,6
2,144,6,98
188,2,98,2633
6,188,2633,5
98,6,5,416
2633,98,416,10
5,2633,10,7
416,5,7,11105
10,416,11105,1243
7,10,1243,8
11105,7,8,1024
1243,11105,1024,1506
8,1243,1506,1594
1024,8,1594,5
1506,1024,5,366
1594,1506,366,21
5,1594,21,2933
366,5,2933,501
21,366,501,284
2933,21,284,5
501,2933,5,4
284,501,4,9531
5,284,9531,55
4,5,55,21
9531,4,21,551
55,9531,551,17
21,55,17,2
551,21,2,323
17,551,323,5
2,17,5,1357
323,2,1357,24395
5,323,24395,24
1357,5,24,3666
24395,1357,3666,3
24,24395,3,190
3666,24,190,1976
3,3666,1976,7143
190,3,7143,660
1976,190,660,2224
7143,1976,2224,12
660,7143,12,1858
2224,660,1858,6
12,2224,6,54
1858,12,54,26
6,1858,26,16
54,6,16,5747
26,54,5747,4
16,26,4,465
5747,16,465,2224
4,5747,2224,12
465,4,12,1302
2224,465,1302,8
12,2224,8,230
1302,12,230,17
8,1302,17,2924
230,8,2924,474
17,230,474,8602
2924,17,8602,1858
474,2924,1858,29
8602,474,29,382
1858,8602,382,2322
29,1858,2322,80
382,29,80,1524
2322,382,1524,5
80,2322,5,27701
1524,80,27701,55
5,1524,55,2224
27701,5,2224,12
55,27701,12,1976
2224,55,1976,30
12,2224,30,18
1976,12,18,2
30,1976,2,282
18,30,282,600
2,18,600,5
282,2,5,10723
600,282,10723,284
5,600,284,52
10723,5,52,30
284,10723,30,7511
52,284,7511,139
30,52,139,59
7511,30,59,18100
139,7511,18100,3666
59,139,3666,82
18100,59,82,54
3666,18100,54,682
82,3666,682,633
54,82,633,1559
682,54,1559,3
633,682,3,76
1559,633,76,359
3,1559,359,5
76,3,5,1820
359,76,1820,82
5,359,82,4
1820,5,4,666
82,1820,666,3
4,82,3,1773
666,4,1773,660
3,666,660,5
1773,3,5,1302
660,1773,1302,8
5,660,8,16
1302,5,16,253
8,1302,253,3
16,8,3,7993
253,16,7993,2322
3,253,2322,261
7993,3,261,2
2322,7993,2,1820
261,2322,1820,261
2,261,261,4
1820,2,4,1585
261,1820,1585,5
4,261,5,206
1585,4,206,660
5,1585,660,179
206,5,179,30
660,206,30,21
179,660,21,86
30,179,86,55
21,30,55,21
86,21,21,4186
55,86,4186,29
21,55,29,30
4186,21,30,55
29,4186,55,21
30,29,21,870
55,30,870,3
21,55,3,25
870,21,25,2626
3,870,2626,288
25,3,288,72
2626,25,72,87
288,2626,87,4
72,288,4,1844
87,72,1844,179
4,87,179,4
1844,4,4,87
179,1844,87,1436
4,179,1436,113
87,4,113,1844
1436,87,1844,96
113,1436,96,45
1844,113,45,282
96,1844,282,198
45,96,198,7
282,45,7,64
198,282,64,1833
7,198,1833,8
64,7,8,10
1833,64,10,340
8,1833,340,115
10,8,115,25
340,10,25,261
115,340,261,2419
25,115,2419,206
261,25,206,148
2419,261,148,505
206,2419,505,4
148,206,4,206
505,148,206,45
4,505,45,25
206,4,25,148
45,206,148,30
25,45,30,296
148,25,296,692
30,148,692,5
296,30,5,8921
692,296,8921,7143
5,692,7143,13051
8921,5,13051,460
7143,8921,460,100
13051,7143,100,7143
460,13051,7143,98828
100,460,98828,4
7143,100,4,30
98828,7143,30,18
4,98828,18,398
30,4,398,61
18,30,61,12
398,18,12,42
61,398,42,5
12,61,5,813
42,12,813,1786
5,42,1786,5
813,5,5,288
1786,813,288,137
5,1786,137,1774
288,5,1774,259
137,288,259,9
1774,137,9,1664
259,1774,1664,4993
10552,2816,1301,6
7,10552,6,582
1301,7,582,5
6,1301,5,150
582,6,150,6337
5,582,6337,1416
150,5,1416,54
6337,150,54,3021
1416,6337,3021,10
54,1416,10,478
3021,54,478,355
10,3021,355,139
478,10,139,3
355,478,3,754
139,355,754,160
3,139,160,737
754,3,737,1188
160,754,1188,6
737,160,6,20
1188,737,20,2805
6,1188,2805,16
20,6,16,3518
2805,20,3518,95
16,2805,95,5
3518,16,5,14844
95,3518,14844,59
5,95,59,150
14844,5,150,6337
59,14844,6337,99
150,59,99,326
6337,150,326,76
99,6337,76,5
326,99,5,108
76,326,108,325
5,76,325,5848
108,5,5848,4
325,108,4,79763
5848,325,79763,12
4,5848,12,8363
79763,4,8363,41
12,79763,41,65
8363,12,65,66
41,8363,66,404
65,41,404,30
66,65,30,7
404,66,7,303
30,404,303,3
7,30,3,1692
303,7,1692,126
3,303,126,1089
1692,3,1089,9
126,1692,9,4
1089,126,4,24935
9,1089,24935,1473
4,9,1473,29
24935,4,29,8
1473,24935,8,912
29,1473,912,51
8,29,51,68786
912,8,68786,568
51,912,568,24
68786,51,24,80155
568,68786,80155,3
24,568,3,306
80155,24,306,3444
3,80155,3444,11043
306,3,11043,3
3444,306,3,652
11043,3444,652,8544
3,11043,8544,2439
652,3,2439,3773
8544,652,3773,104
2439,8544,104,18412
3773,2439,18412,13697
104,3773,13697,716
18412,104,716,6983
13697,18412,6983,41488
716,13697,41488,5
6983,716,5,754
41488,6983,754,54479
5,41488,54479,8
754,5,8,433
54479,754,433,7
8,54479,7,19221
433,8,19221,314
7,433,314,170
19221,7,170,500
314,19221,500,1242
170,314,1242,1028
500,170,1028,932
1242,500,932,2931
1028,1242,2931,13
932,1028,13,443
2931,932,443,1304
13,2931,1304,16974
443,13,16974,7072
1304,443,7072,6338
16974,1304,6338,4
7072,16974,4,1586
6338,7072,1586,550
4,6338,550,29664
1586,4,29664,63
550,1586,63,617
29664,550,617,71
63,29664,71,383
617,63,383,20
71,617,20,66
383,71,66,6822
20,383,6822,2439
66,20,2439,3018
6822,66,3018,163
2439,6822,163,150
3018,2439,150,6337
163,3018,6337,3
150,163,3,96
6337,150,96,911
3,6337,911,160
96,3,160,6
911,96,6,10
160,911,10,12415
6,160,12415,170
10,6,170,2049
12415,10,2049,637
170,12415,637,1558
2049,170,1558,48046
637,2049,48046,1737
1558,637,1737,2
48046,1558,2,2672
1737,48046,2672,5
2,1737,5,5055
2672,2,5055,17508
5,2672,17508,54
5055,5,54,1364
17508,5055,1364,2
54,17508,2,2051
1364,54,2051,5
2,1364,5,108
2051,2,108,2276
5,2051,2276,277
108,5,277,12
2276,108,12,778
277,2276,778,13
12,277,13,47
778,12,47,1748
13,778,1748,74
47,13,74,268
1748,47,268,66
74,1748,66,6
268,74,6,1100
66,268,1100,7337
6,66,7337,4901
1100,6,4901,4030
7337,1100,4030,5788
4901,7337,5788,3074
4030,4901,3074,4
5788,4030,4,57
3074,5788,57,2658
4,3074,2658,343
57,4,343,128
2658,57,128,66
343,2658,66,8
128,343,8,217
66,128,217,5524
8,66,5524,3
217,8,3,16
5524,217,16,2
3,5524,2,1264
16,3,1264,14787
2,16,14787,3108
1264,2,3108,72
14787,1264,72,706
3108,14787,706,24631
72,3108,24631,37751
706,72,37751,31
24631,706,31,6
37751,24631,6,357
31,37751,357,5
6,31,5,42
357,6,42,12894
5,357,12894,30
42,5,30,24
12894,42,24,17642
30,12894,17642,5016
24,30,5016,3
17642,24,3,558
5016,17642,558,6
3,5016,6,186
558,3,186,65
6,558,65,2
186,6,2,1242
65,186,1242,29
2,65,29,67
1242,2,67,32303
29,1242,32303,13
67,29,13,78308
32303,67,78308,160
13,32303,160,7
78308,13,7,4994
160,78308,4994,557
7,160,557,622
4994,7,622,10
557,4994,10,16097
622,557,16097,478
10,622,478,938
16097,10,938,6052
478,16097,6052,567
938,478,567,3
6052,938,3,67
567,6052,67,283
3,567,283,9347
67,3,9347,67
283,67,67,3919
9347,283,3919,4
67,9347,4,2424
3919,67,2424,67
4,3919,67,150
2424,4,150,15839
67,2424,15839,194
150,67,194,30
15839,150,30,322
194,15839,322,2
30,194,2,797
322,30,797,31
2,322,31,6796
797,2,6796,35
31,797,35,5
6796,31,5,1473
35,6796,1473,7
5,35,7,4106
1473,5,4106,34
7,1473,34,30
4106,7,30,863
34,4106,863,2
30,34,2,39
863,30,39,3618
2,863,3618,6
39,2,6,1418
3618,39,1418,5
6,3618,5,12578
1418,6,12578,36
5,1418,36,34
12578,5,34,30
36,12578,30,863
34,36,863,25635
30,34,25635,5
863,30,5,35094
25635,863,35094,108
5,25635,108,195
35094,5,195,966
108,35094,966,6
195,108,6,890
966,195,890,20
6,966,20,205
890,6,205,9
20,890,9,700
205,20,700,754
9,205,754,160
700,9,160,724
754,700,724,10
160,754,10,477
724,160,477,9554
10,724,9554,8
477,10,8,66
9554,477,66,5
8,9554,5,37895
66,8,37895,4
5,66,4,3816
37895,5,3816,945
4,37895,945,132
3816,4,132,17
945,3816,17,405
132,945,405,43
17,132,43,122
405,17,122,76
43,405,76,719
122,43,719,127
76,122,127,94
719,76,94,218
127,719,218,3
94,127,3,194
218,94,194,1008
3,218,1008,4
194,3,4,984
1008,194,984,5
4,1008,5,754
984,4,754,160
5,984,160,264
754,5,264,199
160,754,199,62
264,160,62,8
199,264,8,11070
62,199,11070,5
8,62,5,70
11070,8,70,84
5,11070,84,1235
70,5,1235,8
84,70,8,754
1235,84,754,160
8,1235,160,7
754,8,7,36822
160,754,36822,7
7,160,7,1170
36822,7,1170,8
7,36822,8,30
1170,7,30,858
8,1170,858,12
30,8,12,20
858,30,20,81983
12,858,81983,48
20,12,48,358
81983,20,358,5
48,81983,5,1099
358,48,1099,694
5,358,694,5044
1099,5,5044,1292
694,1099,1292,88
5044,694,88,344
1292,5044,344,333
88,1292,333,5
344,88,5,694
333,344,694,7
5,333,7,48
694,5,48,5
7,694,5,43
48,7,43,8
5,48,8,206
43,5,206,48
8,43,48,5
206,8,5,43
48,206,43,626
5,48,626,1587
43,5,1587,4
626,43,4,92
1587,626,92,18
4,1587,18,2
92,4,2,1445
18,92,1445,3
2,18,3,1729
1445,2,1729,255
3,1445,255,30
1729,3,30,18
255,1729,18,54034
30,255,54034,520
18,30,520,4338
54034,18,4338,10
520,54034,10,1041
4338,520,1041,3
10,4338,3,1718
1041,10,1718,8
3,1041,8,42
1718,3,42,417
8,1718,417,396
42,8,396,1894
417,42,1894,67
396,417,67,2020
1894,396,2020,108
67,1894,108,4
2020,67,4,8
108,2020,8,177
4,108,177,5
8,4,5,51
177,8,51,96
5,177,96,754
51,5,754,160
96,51,160,156
754,96,156,2
160,754,2,9373
156,160,9373,139
2,156,139,3
9373,2,3,4520
139,9373,4520,29
3,139,29,42
4520,3,42,417
29,4520,417,55
42,29,55,96
417,42,96,2
55,417,2,72130
96,55,72130,112
2,96,112,708
72130,2,708,23
112,72130,23,308
708,112,308,1944
23,708,1944,2
308,23,2,153
1944,308,153,55
2,1944,55,642
153,2,642,4678
55,153,4678,5
642,55,5,2276
4678,642,2276,2294
5,4678,2294,6676
2276,5,6676,52
2294,2276,52,932
6676,2294,932,70
52,6676,70,347
932,52,347,7
70,932,7,8648
347,70,8648,15
7,347,15,1411
8648,7,1411,538
15,8648,538,8
1411,15,8,77
538,1411,77,888
8,538,888,4592
77,8,4592,5
888,77,5,2
4592,888,2,66
5,4592,66,2
2,5,2,9
66,2,9,48
2,66,48,951
9,2,951,23963
48,9,23963,4
951,48,4,57
23963,951,57,2544
4,23963,2544,8
57,4,8,30
2544,57,30,9098
8,2544,9098,6
30,8,6,4
9098,30,4,25
6,9098,25,91
4,6,91,95
25,4,95,3891
91,25,3891,3209
95,91,3209,5
3891,95,5,2
3209,3891,2,1168
5,3209,1168,191
2,5,191,1417
1168,2,1417,1874
191,1168,1874,8
1417,191,8,551
1874,1417,551,6987
8,1874,6987,12
551,8,12,4
6987,551,4,198
12,6987,198,2
4,12,2,191
198,4,191,1413
2,198,1413,77
191,2,77,888
1413,191,888,112
77,1413,112,2623
888,77,2623,61
112,888,61,3
2623,112,3,2
61,2623,2,66
3,61,66,122
2,3,122,68
66,2,68,1426
122,66,1426,3
68,122,3,888
1426,68,888,1473
3,1426,1473,10
888,3,10,72
1473,888,72,801
10,1473,801,3
72,10,3,62
801,72,62,8
3,801,8,59
62,3,59,10
8,62,10,154
59,8,154,3
10,59,3,754
154,10,754,160
3,154,160,53
754,3,53,64
160,754,64,156
53,160,156,148
64,53,148,2
156,64,2,17994
148,156,17994,27735
2,148,27735,183
17994,2,183,60
27735,17994,60,1100
183,27735,1100,402
60,183,402,195
1100,60,195,4
402,1100,4,5308
195,402,5308,4286
4,195,4286,16
5308,4,16,6211
4286,5308,6211,685
16,4286,685,5
6211,16,5,2
685,6211,2,1425
5,685,1425,515
2,5,515,229
1425,2,229,10
515,1425,10,372
229,515,372,43
10,229,43,1450
372,10,1450,2355
43,372,2355,169
1450,43,169,19
2355,1450,19,2390
169,2355,2390,694
19,169,694,91
2390,19,91,3
694,2390,3,7945
91,694,7945,1587
3,91,1587,2339
7945,3,2339,2367
1587,7945,2367,849
2339,1587,849,3
2367,2339,3,22592
849,2367,22592,4989
3,849,4989,6
22592,3,6,1442
4989,22592,1442,4
6,4989,4,82844
1442,6,82844,72
4,1442,72,5
82844,4,5,3893
72,82844,3893,6
5,72,6,143
3893,5,143,35
6,3893,35,154
143,6,154,24
35,143,24,4981
154,35,4981,1383
24,154,1383,29
4981,24,29,52
1383,4981,52,70
29,1383,70,940
52,29,940,1519
70,52,1519,2495
940,70,2495,3
1519,940,3,20
2495,1519,20,9131
3,2495,9131,143
20,3,143,35
9131,20,35,77
143,9131,77,17
35,143,17,3
77,35,3,406
17,77,406,5
3,17,5,754
406,3,754,160
5,406,160,51
754,5,51,30
160,754,30,50
51,160,50,9
30,51,9,294
50,30,294,406
9,50,406,1399
294,9,1399,4
406,294,4,10790
1399,406,10790,5
4,1399,5,2
10790,4,2,3885
5,10790,3885,60005
2,5,60005,92
3885,2,92,147
60005,3885,147,3
92,60005,3,8225
147,92,8225,2
3,147,2,150
8225,3,150,4
2,8225,4,414
150,2,414,411
4,150,411,3
414,4,3,20
411,414,20,5614
3,411,5614,567
20,3,567,5
5614,20,5,67
567,5614,67,60
5,567,60,3164
67,5,3164,123
60,67,123,3476
3164,60,3476,5
123,3164,5,266
3476,123,266,6
5,3476,6,34
266,5,34,21
6,266,21,86
34,6,86,147
21,34,147,3
86,21,3,2429
147,86,2429,4
3,147,4,4849
2429,3,4849,3
4,2429,3,4560
4849,4,4560,1194
3,4849,1194,12
4560,3,12,2276
1194,4560,2276,2294
12,1194,2294,29
2276,12,29,11
2294,2276,11,36
29,2294,36,11
11,29,11,34
36,11,34,147
11,36,147,3
34,11,3,1397
147,34,1397,157
3,147,157,5184
1397,3,5184,79
157,1397,79,2
5184,157,2,3484
79,5184,3484,85237
2,79,85237,30
3484,2,30,821
85237,3484,821,388
30,85237,388,426
821,30,426,156
388,821,156,2
426,388,2,1476
156,426,1476,345
2,156,345,107
1476,2,107,6615
345,1476,6615,41
107,345,41,65
6615,107,65,2
41,6615,2,2051
65,41,2051,5
2,65,5,10
