957,158,999,5
12,957,5,3269
999,12,3269,6
5,999,6,368
3269,5,368,15
6,3269,15,35
368,6,35,216
15,368,216,328
35,15,328,12
216,35,12,3271
328,216,3271,37
12,328,37,6081
3271,12,6081,97042
37,3271,97042,12
6081,37,12,250
97042,6081,250,654
12,97042,654,4
250,12,4,974
654,250,974,5
4,654,5,5482
974,4,5482,68
5,974,68,50
5482,5,50,8343
68,5482,8343,701
50,68,701,158
8343,50,158,46288
701,8343,46288,13
158,701,13,392
46288,158,392,2
13,46288,2,15396
392,13,15396,5482
2,392,5482,8
15396,2,8,10
5482,15396,10,44
8,5482,44,7168
10,8,7168,3334
44,10,3334,60
7168,44,60,4124
3334,7168,4124,65
60,3334,65,10
4124,60,10,735
65,4124,735,12652
10,65,12652,1561
735,10,1561,43
12652,735,43,4
1561,12652,4,10
43,1561,10,1120
4,43,1120,14
10,4,14,3
1120,10,3,13627
14,1120,13627,654
3,14,654,8
13627,3,8,40
654,13627,40,443
8,654,443,3874
40,8,3874,3055
443,40,3055,5
3874,443,5,395
3055,3874,395,362
5,3055,362,11492
395,5,11492,3334
362,395,3334,9
11492,362,9,2
3334,11492,2,1198
9,3334,1198,370
2,9,370,1194
1198,2,1194,12
370,1198,12,250
1194,370,250,348
12,1194,348,16
250,12,16,78194
348,250,78194,158
16,348,158,28
78194,16,28,204
158,78194,204,768
28,158,768,43
204,28,43,423
768,204,423,8
43,768,8,98
423,43,98,700
8,423,700,6049
98,8,6049,3822
700,98,3822,6
6049,700,6,376
3822,6049,376,5
6,3822,5,2
376,6,2,224
5,376,224,121
2,5,121,17
224,2,17,16412
121,224,16412,946
17,121,946,52
16412,17,52,2617
946,16412,2617,14648
52,946,14648,12
2617,52,12,98
14648,2617,98,56628
12,14648,56628,701
98,12,701,158
56628,98,158,28
701,56628,28,250
158,701,250,14
28,158,14,7809
250,28,7809,740
14,250,740,3
7809,14,3,96
740,7809,96,4628
3,740,4628,4
96,3,4,57
4628,96,57,107
4,4628,107,5
57,4,5,11484
107,57,11484,2
5,107,2,11700
11484,5,11700,2
2,11484,2,25908
11700,2,25908,14
2,11700,14,9826
25908,2,9826,588
14,25908,588,12
9826,14,12,1738
588,9826,1738,2
12,588,2,83300
1738,12,83300,5514
2,1738,5514,79
83300,2,79,2
5514,83300,2,1561
79,5514,1561,8
2,79,8,276
1561,2,276,198
8,1561,198,186
276,8,186,7797
198,276,7797,2855
186,198,2855,65
7797,186,65,1910
2855,7797,1910,15876
65,2855,15876,7797
1910,65,7797,73
15876,1910,73,7168
7797,15876,7168,3334
73,7797,3334,7
7168,73,7,2
3334,7168,2,1082
7,3334,1082,3
2,7,3,342
1082,2,342,105391
3,1082,105391,4
342,3,4,43
105391,342,43,50
4,105391,50,2848
43,4,2848,3176
50,43,3176,250
2848,50,250,296
3176,2848,296,5482
250,3176,5482,23
296,250,23,4
5482,296,4,4326
23,5482,4326,8763
4,23,8763,8
4326,4,8,13
8763,4326,13,47
8,8763,47,91
13,8,91,3
47,13,3,5952
91,47,5952,3334
3,91,3334,1115
5952,3,1115,40
3334,5952,40,981
1115,3334,981,25016
40,1115,25016,9
981,40,9,1929
25016,981,1929,2785
9,25016,2785,158
1929,9,158,16641
2785,1929,16641,298
158,2785,298,2872
16641,158,2872,4937
298,16641,4937,4
2872,298,4,255
4937,2872,255,1841
4,4937,1841,43
255,4,43,269
1841,255,269,5
43,1841,5,35
269,43,35,256
5,269,256,1495
35,5,1495,4529
256,35,4529,240
1495,256,240,540
4529,1495,540,3
240,4529,3,766
540,240,766,3
3,540,3,143
766,3,143,35
3,766,35,9
143,3,9,4
35,143,4,343
9,35,343,8442
4,9,8442,500
343,4,500,43
8442,343,43,117
500,8442,117,2873
43,500,2873,1884
117,43,1884,1005
2873,117,1005,238
1884,2873,238,624
1005,1884,624,17224
238,1005,17224,15049
624,238,15049,4
17224,624,4,17016
15049,17224,17016,12810
4,15049,12810,22
17016,4,22,1626
12810,17016,1626,4120
22,12810,4120,15815
1626,22,15815,943
4120,1626,943,1413
15815,4120,1413,3
943,15815,3,76149
1413,943,76149,13
3,1413,13,47
76149,3,47,6
13,76149,6,1012
47,13,1012,15
6,47,15,1052
1012,6,1052,238
15,1012,238,624
1052,15,624,6040
238,1052,6040,7464
624,238,7464,5463
6040,624,5463,170
7464,6040,170,8901
5463,7464,8901,693
170,5463,693,310
8901,170,310,1000
693,8901,1000,3
310,693,3,20
1000,310,20,11418
3,1000,11418,9
20,3,9,41
11418,20,41,24
9,11418,24,39
41,9,39,249
24,41,249,60
3283,9917,46,7
452,3283,7,13
46,452,13,42
7,46,42,5
13,7,5,88
42,13,88,3866
5,42,3866,1691
88,5,1691,5
3866,88,5,130
1691,3866,130,478
5,1691,478,1433
130,5,1433,101
478,130,101,164
1433,478,164,6
101,1433,6,200
164,101,200,32
6,164,32,28
200,6,28,19
32,200,19,107
28,32,107,5
19,28,5,1766
107,19,1766,3
5,107,3,787
1766,5,787,5
3,1766,5,41
787,3,41,65
5,787,65,12
41,5,12,747
65,41,747,83874
12,65,83874,44
747,12,44,126
83874,747,126,452
44,83874,452,1551
126,44,1551,9917
452,126,9917,3283
1551,452,3283,630
9917,1551,630,3
3283,9917,3,1843
630,3283,1843,8
3,630,8,183
1843,3,183,547
8,1843,547,1329
183,8,1329,3
547,183,3,22
1329,547,22,872
3,1329,872,78
22,3,78,11196
872,22,11196,787
78,872,787,42
11196,78,42,565
787,11196,565,621
42,787,621,2
565,42,2,527
621,565,527,8
2,621,8,28
527,2,28,66
8,527,66,5
28,8,5,471
66,28,471,10
5,66,10,49
471,5,49,484
10,471,484,76
49,10,76,1328
484,49,1328,527
76,484,527,4
1328,76,4,563
527,1328,563,57
4,527,57,13
563,4,13,3248
57,563,3248,24
13,57,24,2
3248,13,2,239
24,3248,239,2
2,24,2,2255
239,2,2255,26
2,239,26,13
2255,2,13,4605
26,2255,4605,509
13,26,509,80
4605,13,80,75
509,4605,75,583
80,509,583,5974
75,80,5974,134
583,75,134,81
5974,583,81,53
134,5974,53,14
81,134,14,64
53,81,64,41
14,53,41,968
64,14,968,958
41,64,958,422
968,41,422,391
958,968,391,68342
422,958,68342,15447
391,422,15447,787
68342,391,787,3533
15447,68342,3533,2850
787,15447,2850,4
3533,787,4,23880
2850,3533,23880,15
4,2850,15,8934
23880,4,8934,375
15,23880,375,945
8934,15,945,200
375,8934,200,78
945,375,78,4
200,945,4,3950
78,200,3950,32
4,78,32,48
3950,4,48,939
32,3950,939,12
48,32,12,695
939,48,695,15996
12,939,15996,4
695,12,4,509
15996,695,509,405
4,15996,405,1637
509,4,1637,2
405,509,2,26
1637,405,26,11424
2,1637,11424,78
26,2,78,32
11424,26,32,50482
78,11424,50482,13
32,78,13,47
50482,32,47,2
13,50482,2,241
47,13,241,4130
2,47,4130,6
241,2,6,452
4130,241,452,9
6,4130,9,32
452,6,32,69
9,452,69,54
32,9,54,13
69,32,13,1151
54,69,1151,16208
13,54,16208,3
1151,13,3,3978
16208,1151,3978,3879
3,16208,3879,8
3978,3,8,10
3879,3978,10,267
8,3879,267,396
10,8,396,9782
267,10,9782,3207
396,267,3207,5
9782,396,5,10
3207,9782,10,970
5,3207,970,2512
10,5,2512,2
970,10,2,1551
2512,970,1551,746
2,2512,746,4
1551,2,4,15
746,1551,15,248
4,746,248,5
15,4,5,2
248,15,2,159
5,248,159,63
2,5,63,694
159,2,694,446
63,159,446,23
694,63,23,49
446,694,49,343
23,446,343,16
49,23,16,4254
343,49,4254,18347
16,343,18347,16549
4254,16,16549,2
18347,4254,2,7145
16549,18347,7145,681
2,16549,681,28
7145,2,28,55252
681,7145,55252,4137
28,681,4137,6
55252,28,6,257
4137,55252,257,7
6,4137,7,44
257,6,44,11
7,257,11,2
44,7,2,1708
11,44,1708,1382
2,11,1382,9
1708,2,9,89055
1382,1708,89055,330
9,1382,330,34
89055,9,34,243
330,89055,243,69
34,330,69,205
243,34,205,5
69,243,5,38
205,69,38,179
5,205,179,3
38,5,3,930
179,38,930,55
3,179,55,69
930,3,69,528
55,930,528,611
69,55,611,56
528,69,56,38
611,528,38,267
56,611,267,55
38,56,55,94
267,38,94,4573
55,267,4573,17712
94,55,17712,31
4573,94,31,819
17712,4573,819,3
31,17712,3,1382
819,31,1382,12
3,819,12,69856
1382,3,69856,694
12,1382,694,196
69856,12,196,23
694,69856,23,456
196,694,456,5
23,196,5,10
456,23,10,48
5,456,48,4
10,5,4,1714
48,10,1714,2
4,48,2,2084
1714,4,2084,2400
2,1714,2400,97511
2084,2,97511,30
2400,2084,30,147
97511,2400,147,7
30,97511,7,2
147,30,2,240
7,147,240,4
2,7,4,2
240,2,2,1559
4,240,1559,32
2,4,32,28
1559,2,28,23
32,1559,23,172
28,32,172,5
23,28,5,49
172,23,49,104385
5,172,104385,180
49,5,180,811
104385,49,811,1056
180,104385,1056,33
811,180,33,32
1056,811,32,65035
33,1056,65035,66
32,33,66,394
65035,32,394,32
66,65035,32,7
394,66,7,6
32,394,6,452
7,32,452,370
6,7,370,285
452,6,285,1451
370,452,1451,51
285,370,51,77
1451,285,77,17
51,1451,17,2
77,51,2,39489
17,77,39489,1734
2,17,1734,5
39489,2,5,2
1734,39489,2,10563
5,1734,10563,69
2,5,69,32
10563,2,32,1235
69,10563,1235,8
32,69,8,10
1235,32,10,7
8,1235,7,72
10,8,72,49
7,10,49,69
72,7,69,8
49,72,8,13
69,49,13,160
8,69,160,170
13,8,170,49
160,13,49,2938
170,160,2938,861
49,170,861,164
2938,49,164,6
861,2938,6,49
164,861,49,128
6,164,128,296
49,6,296,11
128,49,11,196
296,128,196,13
11,296,13,160
196,11,160,46
13,196,46,4
160,13,4,1577
46,160,1577,11
4,46,11,134
1577,4,134,390
11,1577,390,12
134,11,12,33178
390,134,33178,113
12,390,113,7
33178,12,7,353
113,33178,353,2
7,113,2,382
353,7,382,4
2,353,4,714
382,2,714,2
4,382,2,282
714,4,282,94
2,714,94,25
282,2,25,7
94,282,7,403
25,94,403,8
7,25,8,68
403,7,68,62
8,403,62,32
68,8,32,28
62,68,28,6
32,62,6,4
28,32,4,407
6,28,407,15
4,6,15,703
407,4,703,8
15,407,8,82300
703,15,82300,404
8,703,404,452
82300,8,452,819
404,82300,819,3
452,404,3,17
819,452,17,7616
3,819,7616,24
17,3,24,49
7616,17,49,5693
24,7616,5693,29
49,24,29,69
5693,49,69,619
29,5693,619,16
69,29,16,1329
619,69,1329,41
16,619,41,2084
1329,16,2084,84
41,1329,84,2
2084,41,2,4505
84,2084,4505,5
2,84,5,1280
4505,2,1280,39
5,4505,39,1490
1280,5,1490,4
39,1280,4,759
1490,39,759,199
4,1490,199,24
759,4,24,326
199,759,326,3475
24,199,3475,3216
326,24,3216,4
3475,326,4,2356
3216,3475,2356,39
4,3216,39,1337
2356,4,1337,8184
39,2356,8184,13
1337,39,13,23
8184,1337,23,275
13,8184,275,6933
23,13,6933,8
275,23,8,199
6933,275,199,1050
8,6933,1050,780
199,8,780,854
1050,199,854,6
780,1050,6,452
854,780,452,726
6,854,726,32
452,6,32,2
726,452,2,5643
32,726,5643,345
2,32,345,74
5643,2,74,49
345,5643,49,970
74,345,970,1384
49,74,1384,117
970,49,117,494
1384,970,494,47594
117,1384,47594,162
494,117,162,16
47594,494,16,5147
162,47594,5147,5
16,162,5,105
5147,16,105,21056
5,5147,21056,26
105,5,26,7
21056,105,7,62
26,21056,62,10
7,26,10,18753
62,7,18753,480
10,62,480,6
18753,10,6,1263
480,18753,1263,2056
6,480,2056,3950
1263,6,3950,32
2056,1263,32,563
3950,2056,563,49
32,3950,49,810
563,32,810,6463
49,563,6463,1056
810,49,1056,33
6463,810,33,534
1056,6463,534,565
33,1056,565,9
534,33,9,1174
565,534,1174,61
9,565,61,49
1174,9,49,51876
61,1174,51876,32
49,61,32,31
51876,49,31,13
32,51876,13,757
31,32,757,44
13,31,44,15819
757,13,15819,35
44,757,35,12
15819,44,12,22
35,15819,22,872
12,35,872,2267
22,12,2267,13
872,22,13,2426
2267,872,2426,1529
13,2267,1529,79
2426,13,79,20
1529,2426,20,564
79,1529,564,2
20,79,2,51915
564,20,51915,11
2,564,11,1220
51915,2,1220,198
11,51915,198,188
1220,11,188,1293
198,1220,1293,8
188,198,8,3
1293,188,3,22
8,1293,22,872
3,8,872,11
22,3,11,1065
872,22,1065,472
11,872,472,12
1065,11,12,51
472,1065,51,11
12,472,11,116
51,12,116,37
11,51,37,25092
116,11,25092,16
37,116,16,856
25092,37,856,462
16,25092,462,22068
856,16,22068,5451
462,856,5451,8
22068,462,8,1024
5451,22068,1024,229
8,5451,229,2
1024,8,2,63
229,1024,63,2220
2,229,2220,36
63,2,36,21
2220,63,21,32
36,2220,32,28
21,36,28,22
32,21,22,926
28,32,926,31012
22,28,31012,80
926,22,80,4
31012,926,4,762
80,31012,762,33
4,80,33,147
762,4,147,2
33,762,2,6466
147,33,6466,2
2,147,2,6466
6466,2,6466,480
2,6466,480,31
6466,2,31,635
480,6466,635,3196
31,480,3196,12
635,31,12,43948
3196,635,43948,325
12,3196,325,23
43948,12,23,8
325,43948,8,7
23,325,7,380
8,23,380,367
7,8,367,508
380,7,508,11
367,380,11,453
27,138,255,18
7349,27,18,1126
255,7349,1126,24
18,255,24,572
1126,18,572,3
24,1126,3,901
572,24,901,3
3,572,3,15922
901,3,15922,4054
3,901,4054,164
15922,3,164,2143
4054,15922,2143,15
164,4054,15,20538
2143,164,20538,24
15,2143,24,20
20538,15,20,1180
24,20538,1180,1742
20,24,1742,202
1180,20,202,440
1742,1180,440,759
202,1742,759,1303
440,202,1303,5
759,440,5,27
1303,759,27,60975
5,1303,60975,64115
27,5,64115,6
60975,27,6,88
64115,60975,88,57
6,64115,57,35
88,6,35,58
57,88,58,6
35,57,6,1742
58,35,1742,19547
6,58,19547,240
1742,6,240,9
19547,1742,9,2
240,19547,2,41
9,240,41,1349
2,9,1349,289
41,2,289,36
1349,41,36,1339
289,1349,1339,3
36,289,3,2609
1339,36,2609,10
3,1339,10,374
2609,3,374,3
10,2609,3,20
374,10,20,1308
3,374,1308,150
20,3,150,440
1308,20,440,6
150,1308,6,1578
440,150,1578,472
6,440,472,35
1578,6,35,202
472,1578,202,612
35,472,612,258
202,35,258,374
612,202,374,24
258,612,24,332
374,258,332,5
24,374,5,35
332,24,35,80
5,332,80,775
35,5,775,847
80,35,847,23
775,80,23,626
847,775,626,949
23,847,949,6
626,23,6,44
949,626,44,719
6,949,719,61
44,6,61,3
719,44,3,35
61,719,35,440
3,61,440,4
35,3,4,140
440,35,140,1841
4,440,1841,374
140,4,374,23
1841,140,23,3887
374,1841,3887,343
23,374,343,20
3887,23,20,268
343,3887,268,1180
20,343,1180,10
268,20,10,14
1180,268,14,2
10,1180,2,511
14,10,511,14241
2,14,14241,428
511,2,428,8
14241,511,8,3667
428,14241,3667,69
8,428,69,8
3667,8,8,2607
69,3667,2607,328
8,69,328,4
2607,8,4,8
328,2607,8,13
4,328,13,585
8,4,585,868
13,8,868,1310
585,13,1310,3
868,585,3,123
1310,868,123,1255
3,1310,1255,5
123,3,5,81
1255,123,81,46
5,1255,46,36
81,5,36,243
46,81,243,190
36,46,190,107
243,36,107,21
190,243,21,27
107,190,27,19420
21,107,19420,99
27,21,99,103
19420,27,103,37916
99,19420,37916,949
103,99,949,1143
37916,103,1143,504
949,37916,504,822
1143,949,822,61
504,1143,61,261
822,504,261,4
61,822,4,1507
261,61,1507,590
4,261,590,5
1507,4,5,374
590,1507,374,3
5,590,3,862
374,5,862,56
3,374,56,3
862,3,3,4192
56,862,4192,1293
3,56,1293,267
4192,3,267,7524
1293,4192,7524,5
267,1293,5,894
7524,267,894,3
5,7524,3,142
894,5,142,4
3,894,4,140
142,3,140,23
4,142,23,128
140,4,128,429
23,140,429,949
128,23,949,103
429,128,103,5
949,429,5,258
103,949,258,374
5,103,374,12
258,5,12,27
374,258,27,69
12,374,69,590
27,12,590,50
69,27,50,340
590,69,340,12
50,590,12,158
340,50,158,785
12,340,785,170
158,12,170,26
785,158,26,784
170,785,784,3
26,170,3,513
784,26,513,1310
3,784,1310,3376
513,3,3376,35989
1310,513,35989,268
3376,1310,268,1180
35989,3376,1180,25455
268,35989,25455,286
1180,268,286,14
25455,1180,14,4
286,25455,4,80
14,286,80,1708
4,14,1708,6412
80,4,6412,170
1708,80,170,23
6412,1708,23,275
170,6412,275,42
23,170,42,5
275,23,5,80
42,275,80,81518
5,42,81518,320
80,5,320,12
81518,80,12,100983
320,81518,100983,590
12,320,590,368
100983,12,368,61
590,100983,61,15
368,590,15,2
61,368,2,58879
15,61,58879,374
2,15,374,184
58879,2,184,3
374,58879,3,1472
184,374,1472,39
3,184,39,80
1472,3,80,261
39,1472,261,8
80,39,8,25455
261,80,25455,286
8,261,286,193
25455,8,193,40
286,25455,40,18
193,286,18,253
40,193,253,3740
18,40,3740,949
253,18,949,2433
3740,253,2433,398
949,3740,398,22
2433,949,22,19106
398,2433,19106,60976
22,398,60976,1115
19106,22,1115,27
60976,19106,27,1085
1115,60976,1085,286
27,1115,286,939
1085,27,939,3
286,1085,3,948
939,286,948,35
3,939,35,202
948,3,202,9
35,948,9,1437
202,35,1437,2272
9,202,2272,3
1437,9,3,15146
2272,1437,15146,175
3,2272,175,374
15146,3,374,2098
175,15146,2098,886
374,175,886,12
2098,374,12,97
886,2098,97,1087
12,886,1087,4
97,12,4,2739
1087,97,2739,1201
4,1087,1201,3900
2739,4,3900,23
1201,2739,23,343
3900,1201,343,149
23,3900,149,25
343,23,25,1112
149,343,1112,10
25,149,10,123
1112,25,123,3
10,1112,3,789
123,10,789,3799
3,123,3799,5
789,3,5,67
3799,789,67,144
5,3799,144,6
67,5,6,1742
144,67,1742,27
6,144,27,619
1742,6,619,4420
27,1742,4420,19496
619,27,19496,134
4420,619,134,1472
19496,4420,1472,1862
134,19496,1862,69
1472,134,69,132
1862,1472,132,567
69,1862,567,284
132,69,284,1003
