5706,48,282,198
15,5706,198,545
282,15,545,87
198,282,87,26
545,198,26,25
87,545,25,18
26,87,18,749
25,26,749,246
18,25,246,3
749,18,3,609
246,749,609,81
3,246,81,3
609,3,3,25
81,609,25,8
3,81,8,29
25,3,29,104
8,25,104,2286
29,8,2286,420
104,29,420,9
2286,104,9,749
420,2286,749,246
9,420,246,86
749,9,86,9
246,749,9,89156
86,246,89156,1370
9,86,1370,73
89156,9,73,842
1370,89156,842,682
73,1370,682,80
842,73,80,286
682,842,286,110
80,682,110,12
286,80,12,1015
110,286,1015,1413
12,110,1413,15
1015,12,15,57
1413,1015,57,1015
15,1413,1015,230
57,15,230,17
1015,57,17,531
230,1015,531,3
17,230,3,288
531,17,288,7699
3,531,7699,10
288,3,10,40
7699,288,40,17
10,7699,17,1602
40,10,1602,3460
17,40,3460,9
1602,17,9,2
3460,1602,2,92
9,3460,92,348
2,9,348,3
92,2,3,513
348,92,513,9
3,348,9,8
513,3,8,1026
9,513,1026,5
8,9,5,148
1026,8,148,19
5,1026,19,9074
148,5,9074,88290
19,148,88290,669
9074,19,669,654
88290,9074,654,1459
669,88290,1459,23
654,669,23,1288
1459,654,1288,9
23,1459,9,39
1288,23,39,288
9,1288,288,1144
39,9,1144,1910
288,39,1910,758
1144,288,758,23
1910,1144,23,1288
758,1910,1288,9
23,758,9,39
1288,23,39,288
9,1288,288,1144
39,9,1144,1087
288,39,1087,1327
1144,288,1327,8
1087,1144,8,2
1327,1087,2,220
8,1327,220,977
2,8,977,24
220,2,24,2
977,220,2,347
24,977,347,5
2,24,5,3882
347,2,3882,1071
5,347,1071,93
3882,5,93,924
1071,3882,924,3
93,1071,3,2189
924,93,2189,4
3,924,4,698
2189,3,698,645
4,2189,645,18770
698,4,18770,391
645,698,391,2500
18770,645,2500,19
391,18770,19,2
2500,391,2,552
19,2500,552,5
2,19,5,2726
552,2,2726,4
5,552,4,571
2726,5,571,478
4,2726,478,3
571,4,3,1666
478,571,1666,11
3,478,11,18173
1666,3,18173,6
11,1666,6,391
18173,11,391,4
6,18173,4,801
391,6,801,12
4,391,12,3
801,4,3,2189
12,801,2189,1264
3,12,1264,4842
2189,3,4842,4283
1264,2189,4283,3100
4842,1264,3100,1108
4283,4842,1108,1304
3100,4283,1304,2431
1108,3100,2431,8
1304,1108,8,977
2431,1304,977,7
8,2431,7,149
977,8,149,5132
7,977,5132,3
149,7,3,14104
5132,149,14104,6195
3,5132,6195,5
14104,3,5,288
6195,14104,288,3830
5,6195,3830,6
288,5,6,157
3830,288,157,101
6,3830,101,21
157,6,21,25
101,157,25,1487
21,101,1487,934
25,21,934,5
1487,25,5,12949
934,1487,12949,554
5,934,554,1549
12949,5,1549,3
554,12949,3,48
1549,554,48,70
3,1549,70,2118
48,3,2118,5
70,48,5,237
2118,70,237,93
5,2118,93,2117
237,5,2117,5
93,237,5,3408
2117,93,3408,409
5,2117,409,105
3408,5,105,3498
409,3408,3498,29
105,409,29,25
3498,105,25,239
29,3498,239,20
25,29,20,934
239,25,934,13
20,239,13,2036
934,20,2036,63278
13,934,63278,11604
2036,13,11604,3
63278,2036,3,610
11604,63278,610,206
3,11604,206,33
610,3,33,18
206,610,18,3
33,206,3,116
18,33,116,62
3,18,62,45
116,3,45,154
62,116,154,19
45,62,19,1549
154,45,1549,6
19,154,6,99
1549,19,99,236
6,1549,236,10
99,6,10,973
236,99,973,3
10,236,3,44
973,10,44,8
3,973,8,30
44,3,30,858
8,44,858,1549
30,8,1549,168
858,30,168,3278
1549,858,3278,46
168,1549,46,19
3278,168,19,3135
46,3278,3135,563
19,46,563,400
3135,19,400,490
563,3135,490,4
400,563,4,2355
490,400,2355,246
4,490,246,738
2355,4,738,7
246,2355,7,2
738,246,2,334
7,738,334,382
2,7,382,268
334,2,268,4063
382,334,4063,1877
268,382,1877,735
4063,268,735,738
1877,4063,738,48682
735,1877,48682,4031
738,735,4031,116
48682,738,116,20
4031,48682,20,24
116,4031,24,520
20,116,520,576
24,20,576,640
520,24,640,22
576,520,22,347
640,576,347,3882
22,640,3882,242
347,22,242,46
3882,347,46,21
242,3882,21,1237
46,242,1237,29
21,46,29,2534
1237,21,2534,7403
29,1237,7403,46
2534,29,46,11
7403,2534,11,2399
46,7403,2399,3142
11,46,3142,542
2399,11,542,391
3142,2399,391,4
542,3142,4,698
391,542,698,432
4,391,432,1182
698,4,1182,120
432,698,120,1659
1182,432,1659,2453
120,1182,2453,338
1659,120,338,279
2453,1659,279,4031
338,2453,4031,739
279,338,739,645
4031,279,645,23
739,4031,23,39938
645,739,39938,3415
23,645,3415,3
39938,23,3,1153
3415,39938,1153,56
3,3415,56,22
1153,3,22,1082
56,1153,1082,3
22,56,3,70
1082,22,70,1605
3,1082,1605,29
70,3,29,11
1605,70,11,850
29,1605,850,277
11,29,277,56
850,11,56,8
277,850,8,1082
56,277,1082,14
8,56,14,82195
1082,8,82195,9
14,1082,9,76
82195,14,76,65
9,82195,65,9
76,9,9,57
65,76,57,48
9,65,48,231
57,9,231,89
48,57,89,119
231,48,119,1015
89,231,1015,24
119,89,24,7403
1015,119,7403,907
24,1015,907,50
7403,24,50,502
907,7403,502,833
50,907,833,6
502,50,6,2614
833,502,2614,24
6,833,24,38
2614,6,38,804
24,2614,804,46
38,24,46,246
804,38,246,8
46,804,8,77
246,46,77,17
8,246,17,757
77,8,757,12
17,77,12,5330
757,17,5330,35854
12,757,35854,1717
5330,12,1717,4
35854,5330,4,359
1717,35854,359,5
4,1717,5,39961
359,4,39961,8
5,359,8,858
39961,5,858,1604
8,39961,1604,703
858,8,703,220
1604,858,220,545
703,1604,545,5
220,703,5,41
545,220,41,3882
5,545,3882,242
41,5,242,12
3882,41,12,57
242,3882,57,435
12,242,435,50
57,12,50,465
435,57,465,23
50,435,23,2
465,50,2,5826
23,465,5826,80
2,23,80,59
5826,2,59,38
80,5826,38,804
59,80,804,50
38,59,50,458
804,38,458,3
50,804,3,248
458,50,248,5625
3,458,5625,52
248,3,52,26
5625,248,26,495
52,5625,495,246
26,52,246,24
495,26,24,308
246,495,308,148
24,246,148,2958
308,24,2958,563
148,308,563,3625
2958,148,3625,554
563,2958,554,769
3625,563,769,183
554,3625,183,14
769,554,14,560
183,769,560,52
14,183,52,26
560,14,26,13
52,560,13,2
26,52,2,262
13,26,262,80
2,13,80,59
262,2,59,220
80,262,220,545
59,80,545,773
220,59,773,490
545,220,490,4
773,545,4,888
490,773,888,12595
4,490,12595,246
888,4,246,14
12595,888,14,465
246,12595,465,2852
14,246,2852,9
465,14,9,126
2852,465,126,10
9,2852,10,14
126,9,14,60
10,126,60,3
14,10,3,513
60,14,513,5330
3,60,5330,200
513,3,200,9
5330,513,9,13672
200,5330,13672,337
9,200,337,13
13672,9,13,3
337,13672,3,25
13,337,25,15
3,13,15,8983
25,3,8983,660
15,25,660,5
8983,15,5,4292
660,8983,4292,5
5,660,5,3922
4292,5,3922,288
5,4292,288,5826
3922,5,5826,8
288,3922,8,220
5826,288,220,907
8,5826,907,18
220,8,18,1061
907,220,1061,24
18,907,24,4305
1061,18,4305,3
24,1061,3,1697
4305,24,1697,787
3,4305,787,4
1697,3,4,820
787,1697,820,2341
4,787,2341,5
820,4,5,95
2341,820,95,2622
5,2341,2622,17080
95,5,17080,7
2622,95,7,8
17080,2622,8,80
7,17080,80,59
8,7,59,4
80,8,4,626
59,80,626,347
4,59,347,7
626,4,7,458
347,626,458,3
7,347,3,1097
458,7,1097,311
3,458,311,674
1097,3,674,53
311,1097,53,7
674,311,7,165
53,674,165,253
7,53,253,3
165,7,3,17
253,165,17,2
3,253,2,10830
17,3,10830,5
2,17,5,9298
10830,2,9298,2904
5,10830,2904,347
9298,5,347,232
2904,9298,232,6
347,2904,6,147
232,347,147,5
6,232,5,1193
147,6,1193,359
5,147,359,5
1193,5,5,554
359,1193,554,2432
5,359,2432,59
554,5,59,26
2432,554,26,251
59,2432,251,33
26,59,33,248
251,26,248,52
33,251,52,33
248,33,33,55
52,248,55,2259
33,52,2259,251
55,33,251,20
2259,55,20,1549
251,2259,1549,25224
20,251,25224,4031
1549,20,4031,1466
25224,1549,1466,20
4031,25224,20,2738
1466,4031,2738,671
20,1466,671,56
2738,20,56,223
671,2738,223,220
56,671,220,545
223,56,545,23
220,223,23,391
545,220,391,4
23,545,4,6
391,23,6,1604
4,391,1604,5088
6,4,5088,511
1604,6,511,65
5088,1604,65,6905
511,5088,6905,1071
65,511,1071,24
6905,65,24,804
1071,6905,804,4
24,1071,4,10556
804,24,10556,26
4,804,26,465
10556,4,465,13
26,10556,13,3
465,26,3,420
13,465,420,246
3,13,246,9
420,3,9,6084
246,420,6084,13242
9,246,13242,4188
6084,9,4188,4
13242,6084,4,8634
4188,13242,8634,75
4,4188,75,6646
8634,4,6646,22
75,8634,22,5177
6646,75,5177,6
22,6646,6,288
5177,22,288,23
6,5177,23,102388
288,6,102388,1228
23,288,1228,4031
102388,23,4031,31
1228,102388,31,84
4031,1228,84,5384
31,4031,5384,288
84,31,288,4
5384,84,4,2744
288,5384,2744,188
4,288,188,23
2744,4,23,39
188,2744,39,391
23,188,391,6
39,23,6,39
391,39,39,249
6,391,249,1065
39,6,1065,12
249,39,12,62
1065,249,62,2297
12,1065,2297,6
62,12,6,347
2297,62,347,443
6,2297,443,1217
347,6,1217,1549
443,347,1549,1670
1217,443,1670,9
1549,1217,9,311
1670,1549,311,674
9,1670,674,220
311,9,220,626
674,311,626,333
220,674,333,5
626,220,5,1549
333,626,1549,760
5,333,760,6
1549,5,6,157
760,1549,157,11
6,760,11,1366
157,6,1366,7
11,157,7,186
1366,11,186,51
7,1366,51,33
186,7,33,888
51,186,888,65
33,51,65,112
888,33,112,2543
65,888,2543,3
112,65,3,3606
2543,112,3606,6
3,2543,6,4
3606,3,4,1625
6,3606,1625,168
4,6,168,246
1625,4,246,398
168,1625,398,19
246,168,19,804
398,246,804,4
19,398,4,10556
804,19,10556,104
4,804,104,2398
10556,4,2398,16
104,10556,16,1170
2398,104,1170,3
16,2398,3,6576
1170,16,6576,5
3,1170,5,1625
6576,3,1625,73
5,6576,73,2
1625,5,2,308
73,1625,308,36
2,73,36,2
308,2,2,503
36,308,503,402
2,36,402,46
503,2,46,359
402,503,359,5
46,402,5,148
359,46,148,8
5,359,8,633
148,5,633,1002
8,148,1002,83
633,8,83,1995
1002,633,1995,52
83,1002,52,33
1995,83,33,219
52,1995,219,21
33,52,21,7898
219,33,7898,362
21,219,362,3
7898,21,3,93
362,7898,93,8
3,362,8,83
93,3,83,1995
8,93,1995,36
83,8,36,18
1995,83,18,8
36,1995,8,1071
18,36,1071,23
8,18,23,2
1071,8,2,531
23,1071,531,12628
2,23,12628,5
531,2,5,112
12628,531,112,290
5,12628,290,2383
112,5,2383,4031
290,112,4031,33
2383,290,33,34
4031,2383,34,21
33,4031,21,18
34,33,18,8
21,34,8,6748
18,21,6748,455
8,18,455,760
6748,8,760,288
455,6748,288,214
760,455,214,8
288,760,8,2031
214,288,2031,765
8,214,765,13
2031,8,13,33
765,2031,33,77
13,765,77,17
33,13,17,2
77,33,2,13807
17,77,13807,33
2,17,33,77
13807,2,77,17
33,13807,17,2
77,33,2,201
17,77,201,417
2,17,417,10
201,2,10,13
417,201,13,334
10,417,334,3
13,10,3,25
334,13,25,15
3,334,15,994
25,3,994,626
15,25,626,20
994,15,20,3280
626,994,3280,6096
20,626,6096,6
3280,20,6,322
6096,3280,322,5
6,6096,5,78738
322,6,78738,1252
5,322,1252,8
78738,5,8,842
1252,78738,842,4
8,1252,4,490
842,8,490,179
4,842,179,16
490,4,16,306
179,490,306,35612
16,179,35612,6
306,16,6,70
35612,306,70,770
6,35612,770,90
70,6,90,165
770,70,165,2340
90,770,2340,8
165,90,8,136
2340,165,136,735
8,2340,735,44
136,8,44,2140
735,136,2140,7
44,735,7,434
2140,44,434,19
7,2140,19,572
434,7,572,626
19,434,626,335
572,19,335,4
626,572,4,21
335,626,21,19
4,335,19,4366
21,4,4366,255
19,21,255,693
4366,19,693,15
255,4366,15,2474
693,255,2474,29
15,693,29,1424
2474,15,1424,2140
29,2474,2140,175
1424,29,175,220
2140,1424,220,4
175,2140,4,119
220,175,119,553
4,220,553,835
119,4,835,8
553,119,8,53
835,553,53,41
8,835,41,110
53,8,110,12
41,53,12,65
110,41,65,1237
12,110,1237,655
65,12,655,6
1237,65,6,184
655,1237,184,3
6,655,3,227
184,6,227,1157
3,184,1157,1186
227,3,1186,5
1157,227,5,1788
1186,1157,1788,1435
5,1186,1435,3823
1788,5,3823,2623
1435,1788,2623,1549
3823,1435,1549,14
2623,3823,14,9
1549,2623,9,119
14,1549,119,1013
9,14,1013,3
119,9,3,2
1013,119,2,12722
3,1013,12722,9
2,3,9,220
12722,2,220,70
9,12722,70,337
220,9,337,44
70,220,44,4031
337,70,4031,7
44,337,7,1049
4031,44,1049,314
7,4031,314,6
1049,7,6,2
314,1049,2,3918
6,314,3918,213
2,6,213,52
3918,2,52,33
213,3918,33,899
52,213,899,1035
33,52,1035,10
899,33,10,72
1035,899,72,3636
10,1035,3636,6
72,10,6,2140
3636,72,2140,6813
6,3636,6813,11
2140,6,11,113
6813,2140,113,255
11,6813,255,55
113,11,55,17
255,113,17,8737
55,255,8737,52
17,55,52,30
8737,17,30,16
52,8737,16,1095
30,52,1095,3
16,30,3,2265
1095,16,2265,167
3,1095,167,23
2265,3,23,333
167,2265,333,4031
23,167,4031,4
333,23,4,22
4031,333,22,1580
4,4031,1580,1226
22,4,1226,2
1580,22,2,33078
1226,1580,33078,2418
2,1226,2418,5
33078,2,5,3149
2418,33078,3149,393
5,2418,393,16
3149,5,16,31565
393,3149,31565,2259
16,393,2259,10057
31565,16,10057,6
2259,31565,6,4
10057,2259,4,3060
6,10057,3060,101755
4,6,101755,5
3060,4,5,338
101755,3060,338,1008
5,101755,1008,31
338,5,31,744
1008,338,744,12
31,1008,12,4366
744,31,4366,5758
12,744,5758,5
4366,12,5,2
5758,4366,2,417
5,5758,417,288
2,5,288,423
417,2,423,26
288,417,26,1178
423,288,1178,2
26,423,2,1154
1178,26,1154,3
2,1178,3,1549
1154,2,1549,2140
3,1154,2140,8
1549,3,8,132
2140,1549,132,922
8,2140,922,409
132,8,409,105
922,132,105,3498
409,922,3498,206
105,409,206,21
3498,105,21,276
206,3498,276,207
21,206,207,70
276,21,70,2003
207,276,2003,137
70,207,137,1035
2003,70,1035,25
137,2003,25,26
1035,137,26,55
25,1035,55,1627
26,25,1627,61
55,26,61,3
1627,55,3,123
61,1627,123,177
3,61,177,6
123,3,6,3918
177,123,3918,213
6,177,213,20
3918,6,20,77
213,3918,77,17
20,213,17,42
77,20,42,26
17,77,26,653
42,17,653,168
26,42,168,2003
653,26,2003,2286
168,653,2286,8
2003,168,8,40
2286,2003,40,17
8,2286,17,303
40,8,303,61
17,40,61,9
303,17,9,207
61,303,207,977
9,61,977,1284
207,9,1284,62
977,207,62,2003
1284,977,2003,2286
62,1284,2286,179
2003,62,179,2003
2286,2003,2003,2286
179,2286,2286,6
2003,179,6,4031
2286,2003,4031,11624
6,2286,11624,40
4031,6,40,17
11624,4031,17,3050
40,11624,3050,995
17,40,995,56
3050,17,56,5
995,3050,5,2589
56,995,2589,4
5,56,4,621
2589,5,621,6
4,2589,6,4
621,4,4,641
6,621,641,19
4,6,19,227
641,4,227,92
19,641,92,707
227,19,707,3
92,227,3,338
707,92,338,214
3,707,214,869
338,3,869,2
214,338,2,977
869,214,977,495
2,869,495,40
977,2,40,2224
495,977,2224,12
40,495,12,1549
2224,40,1549,423
12,2224,423,79
1549,12,79,54
423,1549,54,11
79,423,11,7
54,79,7,1284
11,54,1284,52
7,11,52,11
1284,7,11,12214
52,1284,12214,5
11,52,5,20431
12214,11,20431,43695
5,12214,43695,4
20431,5,4,200
43695,20431,200,3144
4,43695,3144,11
200,4,11,230
3144,200,230,93
11,3144,93,29
230,11,29,4021
93,230,4021,5
29,93,5,52
4021,29,52,11
5,4021,11,7
52,5,7,1284
11,52,1284,23
7,11,23,3517
1284,7,3517,18897
23,1284,18897,5
3517,23,5,288
18897,3517,288,6195
5,18897,6195,932
288,5,932,869
6195,288,869,9
932,6195,9,2
869,932,2,977
9,869,977,40
2,9,40,17
977,2,17,231
40,977,231,641
17,40,641,40
231,17,40,17
641,231,17,1833
40,641,1833,2
17,40,2,11759
1833,17,11759,42
2,1833,42,4
11759,2,4,2
42,11759,2,727
4,42,727,497
2,4,497,5
727,2,5,766
497,727,766,4
5,497,4,11019
766,5,11019,40
4,766,40,21
11019,4,21,123
40,11019,123,236
21,40,236,375
123,21,375,977
236,123,977,247
375,236,247,4
977,375,4,1866
247,977,1866,23
4,247,23,8
1866,4,8,60
23,1866,60,33
8,23,33,93
60,8,93,3
33,60,3,1016
93,33,1016,246
3,93,246,46
1016,3,46,29
246,1016,29,21
46,246,21,72
29,46,72,12
21,29,12,476
72,21,476,715
12,72,715,40
476,12,40,18
715,476,18,3
40,715,3,17
18,40,17,91
3,18,91,9
17,3,9,2
91,17,2,1003
9,91,1003,1830
2,9,1830,1625
1003,2,1625,9424
1830,1003,9424,1777
1625,1830,1777,73
9424,1625,73,4298
1777,9424,4298,2
73,1777,2,15835
4298,73,15835,842
2,4298,842,6132
15835,2,6132,2
842,15835,2,402
6132,842,402,36
2,6132,36,2788
402,2,2788,2
36,402,2,308
2788,36,308,348
2,2788,348,40
308,2,40,147
348,308,147,3
40,348,3,17
147,40,17,903
3,147,903,15
17,3,15,554
903,17,554,683
15,903,683,4
554,15,4,1323
683,554,1323,3
4,683,3,10969
1323,4,10969,6456
3,1323,6456,660
10969,3,660,211
6456,10969,211,2416
660,6456,2416,5330
211,660,5330,443
2416,211,443,2045
5330,2416,2045,23
443,5330,23,8425
2045,443,8425,51095
23,2045,51095,534
8425,23,534,1866
51095,8425,1866,2003
534,51095,2003,2286
1866,534,2286,3804
2003,1866,3804,2
