369,3,3,706
682,369,706,194
3,682,194,8
706,3,8,50
194,706,50,21
8,194,21,1368
50,8,1368,3
21,50,3,2074
1368,21,2074,49
3,1368,49,90645
2074,3,90645,164
49,2074,164,640
90645,49,640,48
164,90645,48,1011
640,164,1011,291
48,640,291,4
1011,48,4,48
291,1011,48,358
4,291,358,37
48,4,37,1177
358,48,1177,1022
37,358,1022,7
1177,37,7,164
1022,1177,164,3
7,1022,3,2070
164,7,2070,95
3,164,95,30
2070,3,30,182
95,2070,182,32
30,95,32,28
182,30,28,130
32,182,130,567
28,32,567,3
130,28,3,33
567,130,33,232
3,567,232,5
33,3,5,20
232,33,20,369
5,232,369,7
20,5,7,183
369,20,183,567
7,369,567,7
183,7,7,243
567,183,243,3
7,567,3,2125
243,7,2125,329
3,243,329,17
2125,3,17,5051
329,2125,5051,5
17,329,5,976
5051,17,976,70
5,5051,70,45
976,5,45,18
70,976,18,14168
45,70,14168,993
18,45,993,19063
14168,18,19063,369
993,14168,369,802
19063,993,802,1893
369,19063,1893,1107
802,369,1107,15
1893,802,15,2
1107,1893,2,241
15,1107,241,441
2,15,441,5
241,2,5,10
441,241,10,101
5,441,101,3
10,5,3,830
101,10,830,4577
3,101,4577,608
830,3,608,19
4577,830,19,631
608,4577,631,37
19,608,37,22
631,19,22,83
37,631,83,179
22,37,179,46
83,22,46,2095
179,83,2095,22
46,179,22,369
2095,46,369,24
22,2095,24,1674
369,22,1674,8
24,369,8,10
1674,24,10,7
8,1674,7,2
10,8,2,1177
7,10,1177,315
2,7,315,6346
1177,2,6346,2
315,1177,2,2
6346,315,2,24415
2,6346,24415,1975
2,2,1975,8
24415,2,8,2901
1975,24415,2901,14
8,1975,14,146
2901,8,146,19
14,2901,19,2
146,14,2,172
19,146,172,232
2,19,232,5
172,2,5,111
232,172,111,202
5,232,202,408
111,5,408,195
202,111,195,2794
408,202,2794,2086
195,408,2086,3715
2794,195,3715,2
2086,2794,2,281
3715,2086,281,153
2,3715,153,544
281,2,544,2086
153,281,2086,735
544,153,735,3
2086,544,3,44
735,2086,44,51
3,735,51,284
44,3,284,58
51,44,58,408
284,51,408,13
58,284,13,981
408,58,981,383
13,408,383,8
981,13,8,32
383,981,32,127
8,383,127,199
32,8,199,217
127,32,217,13
199,127,13,877
217,199,877,75
13,217,75,111
877,13,111,291
75,877,291,608
111,75,608,10
291,111,10,106783
608,291,106783,16
10,608,16,45
106783,10,45,46
16,106783,46,3034
45,16,3034,6
46,45,6,161
3034,46,161,675
6,3034,675,46
161,6,46,8
675,161,8,18
46,675,18,1094
8,46,1094,8
18,8,8,20
1094,18,20,291
8,1094,291,7
20,8,7,37
291,20,37,33
7,291,33,10
37,7,10,7
33,37,7,21
10,33,21,28
7,10,28,4577
21,7,4577,2
28,21,2,159
4577,28,159,1554
2,4577,1554,612
159,2,612,3
1554,159,3,233
612,1554,233,6
3,612,6,10
233,3,10,7
6,233,7,37
10,6,37,51
7,10,51,721
37,7,721,126
51,37,126,171
721,51,171,4
126,721,4,75
171,126,75,167
4,171,167,8
75,4,8,489
167,75,489,81
8,167,81,10
489,8,10,7
81,489,7,37
10,81,37,51
7,10,51,20
37,7,20,133
51,37,133,2985
20,51,2985,3
133,20,3,95
2985,133,95,31
3,2985,31,692
95,3,692,38
31,95,38,244
692,31,244,3
38,692,3,522
244,38,522,10
3,244,10,4
522,3,4,10
10,522,10,7
4,10,7,37
10,4,37,1803
7,10,1803,1445
37,7,1445,5
1803,37,5,92
1445,1803,92,3
5,1445,3,468
92,5,468,101197
3,92,101197,6
468,3,6,22
101197,468,22,1766
6,101197,1766,304
22,6,304,3192
1766,22,3192,51
304,1766,51,11
3192,304,11,28
51,3192,28,50
11,51,50,5359
28,11,5359,6
50,28,6,268
5359,50,268,291
6,5359,291,254
268,6,254,26
291,268,26,50
254,291,50,536
26,254,536,9045
50,26,9045,36
536,50,36,196
9045,536,196,349
36,9045,349,3
196,36,3,71
349,196,71,252
3,349,252,11
71,3,11,28
252,71,28,8
11,252,8,22
28,11,22,369
8,28,369,14
22,8,14,99
369,22,99,3
14,369,3,3875
99,14,3875,4043
3,99,4043,209
3875,3,209,211
4043,3875,211,8
209,4043,8,32
211,209,32,13
8,211,13,91
32,8,91,2
13,32,2,432
91,13,432,125
2,91,125,783
432,2,783,3
125,432,3,1754
783,125,1754,92
3,783,92,402
1754,3,402,23
92,1754,23,60
402,92,60,5
23,402,5,23662
60,23,23662,28
5,60,28,8
23662,5,8,32
28,23662,32,13
8,28,13,21
32,8,21,47
13,32,47,2849
21,13,2849,12
47,21,12,1228
2849,47,1228,375
12,2849,375,84
1228,12,84,87
375,1228,87,5
84,375,5,32
87,84,32,83
5,87,83,125
32,5,125,3443
83,32,3443,54
125,83,54,1389
3443,125,1389,11
54,3443,11,365
1389,54,365,4043
11,1389,4043,125
365,11,125,15
4043,365,15,49
125,4043,49,59
15,125,59,11
49,15,11,274
59,49,274,85540
11,59,85540,1296
274,11,1296,166
85540,274,166,433
1296,85540,433,3
166,1296,3,1570
433,166,1570,9
3,433,9,462
1570,3,462,103
9,1570,103,66
462,9,66,4577
103,462,4577,28
66,103,28,4
4577,66,4,10
28,4577,10,14
4,28,14,33
10,4,33,4
14,10,4,112
33,14,112,702
4,33,702,31
112,4,31,516
702,112,516,51
31,702,51,3
516,31,3,484
51,516,484,6
3,51,6,4
484,3,4,51
6,484,51,3
4,6,3,61045
51,4,61045,13023
3,51,13023,8982
61045,3,8982,172
13023,61045,172,162
8982,13023,162,12
172,8982,12,369
162,172,369,1219
12,162,1219,4577
369,12,4577,15
1219,369,15,22
4577,1219,22,83
15,4577,83,1766
22,15,1766,304
83,22,304,46
1766,83,46,4
304,1766,4,167
46,304,167,12
4,46,12,22
167,4,22,83
12,167,83,1975
22,12,1975,2903
83,22,2903,8982
1975,83,8982,496
2903,1975,496,8
8982,2903,8,369
496,8982,369,13
8,496,13,893
369,8,893,61
13,369,61,600
893,13,600,3
61,893,3,407
600,61,407,57
3,600,57,92
407,3,92,158
57,407,158,6
92,57,6,316
158,92,316,3
6,158,3,744
316,6,744,12
3,316,12,32
744,3,32,69601
12,744,69601,303
32,12,303,61
69601,32,61,20
303,69601,20,1595
61,303,1595,369
20,61,369,15
1595,20,15,64
369,1595,64,328
15,369,328,64
64,15,64,2872
328,64,2872,4
64,328,4,4
2872,64,4,5334
4,2872,5334,779
4,4,779,4
5334,4,4,26
779,5334,26,303
4,779,303,81
26,4,81,3981
303,26,3981,12650
81,303,12650,269
3981,81,269,87
12650,3981,87,33
269,12650,33,219
87,269,219,438
33,87,438,9
219,33,9,63
438,219,63,1979
9,438,1979,2332
63,9,2332,28
1979,63,28,58
2332,1979,58,16
28,2332,16,20612
58,28,20612,169
16,58,169,5
20612,16,5,2135
169,20612,2135,670
5,169,670,12
2135,5,12,20
670,2135,20,7400
12,670,7400,315
20,12,315,3
7400,20,3,5421
315,7400,5421,269
3,315,269,32
5421,3,32,127
269,5421,127,53354
32,269,53354,383
127,32,383,300
53354,127,300,24
383,53354,24,2086
300,383,2086,4
24,300,4,57
2086,24,57,8
4,2086,8,11
57,4,11,28
8,57,28,1337
11,8,1337,1177
28,11,1177,1160
1337,28,1160,5
1177,1337,5,369
1160,1177,369,179
5,1160,179,203
369,5,203,4577
179,369,4577,792
203,179,792,11
4577,203,11,228
792,4577,228,369
11,792,369,20
228,11,20,16466
369,228,16466,6499
20,369,6499,9208
2,72,50,9931
3777,2,9931,4
50,3777,4,588
9931,50,588,12
4,9931,12,250
588,4,250,342
12,588,342,348
250,12,348,12
342,250,12,473
348,342,473,259
12,348,259,523
473,12,523,2823
259,473,2823,12786
523,259,12786,14
2823,523,14,10730
12786,2823,10730,3
14,12786,3,2
10730,14,2,2617
3,10730,2617,212
2,3,212,9
2617,2,9,190
212,2617,190,1688
9,212,1688,5
190,9,5,22
1688,190,22,696
5,1688,696,11699
22,5,11699,4
696,22,4,6077
11699,696,6077,105
4,11699,105,1725
6077,4,1725,30
105,6077,30,346
1725,105,346,10
30,1725,10,490
346,30,490,3
10,346,3,178
490,10,178,20
3,490,20,14
178,3,14,2
20,178,2,56232
14,20,56232,12786
2,14,12786,2
56232,2,2,731
12786,56232,731,1553
2,12786,1553,31
731,2,31,14
1553,731,14,1480
31,1553,1480,72
14,31,72,203
1480,14,203,2
72,1480,2,66
203,72,66,404
2,203,404,13
66,2,13,47
404,66,47,24169
13,404,24169,163
47,13,163,79
24169,47,79,4
163,24169,4,17856
79,163,17856,564
4,79,564,6
17856,4,6,241
564,17856,241,1505
6,564,1505,175
241,6,175,2617
1505,241,2617,4
175,1505,4,2
2617,175,2,2743
4,2617,2743,902
2,4,902,46
2743,2,46,2
902,2743,2,7636
46,902,7636,91
2,46,91,19
7636,2,19,6621
91,7636,6621,3
19,91,3,2074
6621,19,2074,8620
3,6621,8620,36
2074,3,36,714
8620,2074,714,3
36,8620,3,1740
714,36,1740,8
3,714,8,98
1740,3,98,4372
8,1740,4372,250
98,8,250,971
4372,98,971,15
250,4372,15,652
971,250,652,34
15,971,34,21
652,15,21,3946
34,652,3946,10
21,34,10,12779
3946,21,12779,1432
10,3946,1432,991
12779,10,991,36
1432,12779,36,10
991,1432,10,21136
36,991,21136,648
10,36,648,12222
21136,10,12222,13
648,21136,13,6930
12222,648,6930,7116
13,12222,7116,1677
6930,13,1677,4
7116,6930,4,3521
1677,7116,3521,2336
4,1677,2336,12
3521,4,12,2
2336,3521,2,797
12,2336,797,31
2,12,31,317
797,2,317,3
31,797,3,250
317,31,250,15
3,317,15,3043
250,3,3043,5
15,250,5,3929
3043,15,3929,70
5,3043,70,100
3929,5,100,1585
70,3929,1585,5
100,70,5,10
1585,100,10,45
5,1585,45,4
10,5,4,58967
45,10,58967,84
4,45,84,8
58967,4,8,342
84,58967,342,224
8,84,224,7
342,8,7,1135
224,342,1135,10
7,224,10,7
1135,7,7,268
10,1135,268,60
7,10,60,9
268,7,9,1052
60,268,1052,874
9,60,874,3
1052,9,3,307
874,1052,307,371
3,874,371,3712
307,3,3712,12786
371,307,12786,525
3712,371,525,15
12786,3712,15,103
525,12786,103,4
15,525,4,1679
103,15,1679,258
4,103,258,57
1679,4,57,70
258,1679,70,5967
57,258,5967,6
70,57,6,133
5967,70,133,211
6,5967,211,2952
133,6,2952,6303
211,133,6303,14100
2952,211,14100,4
6303,2952,4,1270
14100,6303,1270,43
4,14100,43,2423
1270,4,2423,11940
43,1270,11940,28973
2423,43,28973,63
11940,2423,63,71
28973,11940,71,4
63,28973,4,269
71,63,269,5
4,71,5,35
269,4,35,256
5,269,256,2096
35,5,2096,1495
256,35,1495,18
2096,256,18,2852
1495,2096,2852,3542
18,1495,3542,5
2852,18,5,19457
3542,2852,19457,2
5,3542,2,39
19457,5,39,376
2,19457,376,6
39,2,6,815
376,39,815,175
6,376,175,426
815,6,426,52
175,815,52,8
426,175,8,7
52,426,7,3
8,52,3,505
7,8,505,307
3,7,307,5
505,3,5,2298
307,505,2298,327
5,307,327,17
2298,5,17,99
327,2298,99,98112
17,327,98112,7464
99,17,7464,5463
98112,99,5463,1052
7464,98112,1052,238
5463,7464,238,624
1052,5463,624,31
238,1052,31,68
624,238,68,13
31,624,13,2365
68,31,2365,23
13,68,23,2
2365,13,2,39
23,2365,39,1675
2,23,1675,5
39,2,5,2210
1675,39,2210,1023
5,1675,1023,3
2210,5,3,610
1023,2210,610,20
3,1023,20,5213
610,3,5213,11
20,610,11,13
5213,20,13,228
11,5213,228,371
13,11,371,12786
228,13,12786,2
371,228,2,542
12786,371,542,4
2,12786,4,2
542,2,2,201
4,542,201,523
2,4,523,11
201,2,11,7
523,201,7,1003
11,523,1003,1471
7,11,1471,8
1003,7,8,53
1471,1003,53,7
8,1471,7,64
53,8,64,1631
7,53,1631,9
64,7,9,6416
1631,64,6416,496
9,1631,496,855
6416,9,855,102
496,6416,102,89
855,496,89,171
102,855,171,1505
89,102,1505,371
171,89,371,5463
1505,171,5463,5275
371,1505,5275,194
5463,371,194,37
5275,5463,37,259
194,5275,259,523
37,194,523,4
259,37,4,23
523,259,23,42
4,523,42,173
23,4,173,80
42,23,80,1094
173,42,1094,13464
80,173,13464,8
1094,80,8,11
13464,1094,11,230
8,13464,230,18
11,8,18,47
230,11,47,11881
18,230,11881,79
47,18,79,3811
11881,47,3811,84
79,11881,84,11
3811,79,11,4
84,3811,4,63
11,84,63,4340
4,11,4340,8702
63,4,8702,121
4340,63,121,17
8702,4340,17,10343
121,8702,10343,3
17,121,3,243
10343,17,243,2
3,10343,2,172
243,3,172,3
2,243,3,2
172,2,2,14704
3,172,14704,8
2,3,8,7
14704,2,7,998
8,14704,998,81
7,8,81,3
998,7,3,17
81,998,17,8687
3,81,8687,3
17,3,3,302
8687,17,302,1432
3,8687,1432,6621
302,3,6621,31
1432,302,31,1153
6621,1432,1153,3
31,6621,3,5595
1153,31,5595,342
3,1153,342,45479
5595,3,45479,924
342,5595,924,9
45479,342,9,18000
924,45479,18000,7
9,924,7,4959
18000,9,4959,184
7,18000,184,3
4959,7,3,371
184,4959,371,12786
3,184,12786,1010
371,3,1010,3703
12786,371,3703,52292
1010,12786,52292,12786
3703,1010,12786,49
52292,3703,49,12
12786,52292,12,121
49,12786,121,850
12,49,850,17
121,12,17,2916
850,121,2916,9
17,850,9,307
2916,17,307,12
9,2916,12,5729
307,9,5729,2
12,307,2,141
5729,12,141,303
2,5729,303,2
141,2,2,3817
303,141,3817,1194
2,303,1194,5
3817,2,5,42
1194,3817,42,66
5,1194,66,9
42,5,9,1052
66,42,1052,5618
9,66,5618,650
1052,9,650,1725
5618,1052,1725,18
650,5618,18,21
1725,650,21,47
18,1725,47,1135
21,18,1135,371
47,21,371,12786
1135,47,12786,7
371,1135,7,4842
12786,371,4842,19
7,12786,19,250
4842,7,250,2
19,4842,2,2
250,19,2,553
2,250,553,25
2,2,25,1952
553,2,1952,121
25,553,121,2553
1952,25,2553,3
121,1952,3,89
2553,121,89,11
3,2553,11,14
89,3,14,533
11,89,533,24
14,11,24,22
533,14,22,308
24,533,308,12
22,24,12,878
308,22,878,525
12,308,525,15
878,12,15,22
525,878,22,1052
15,525,1052,872
22,15,872,107496
1052,22,107496,19224
872,1052,19224,31
107496,872,31,7
19224,107496,7,68
31,19224,68,12
7,31,12,1725
68,7,1725,29
12,68,29,13
1725,12,13,47
29,1725,47,307
13,29,307,12
47,13,12,50065
307,47,50065,43
12,307,43,158
50065,12,158,18
43,50065,18,459
158,43,459,371
18,158,371,12786
459,18,12786,187
371,459,187,4
12786,371,4,371
187,12786,371,71
4,187,71,1525
371,4,1525,228
71,371,228,9
1525,71,9,22
228,1525,22,307
9,228,307,22
22,9,22,187
307,22,187,4
22,307,4,95
187,22,95,5
4,187,5,57
95,4,57,70
5,95,70,50
57,5,50,21
70,57,21,177
50,70,177,5
21,50,5,342
177,21,342,1505
5,177,1505,122
342,5,122,8
1505,342,8,132
122,1505,132,18
8,122,18,47
132,8,47,2389
18,132,2389,371
47,18,371,12786
2389,47,12786,307
371,2389,307,121
12786,371,121,17
307,12786,17,2
121,307,2,999
17,121,999,9
2,17,9,98
999,2,98,606
9,999,606,4390
98,9,4390,6
606,98,6,815
4390,606,815,52
6,4390,52,8702
815,6,8702,92
52,815,92,3442
8702,52,3442,3
92,8702,3,62
3442,92,62,8
3,3442,8,10
62,3,10,55
8,62,55,4052
10,8,4052,15
55,10,15,652
4052,55,652,12
15,4052,12,323
652,15,323,820
12,652,820,10
323,12,10,342
820,323,342,348
10,820,348,329
342,10,329,10
348,342,10,483
329,348,483,19
10,329,19,11253
483,10,11253,2823
19,483,2823,12786
15,390,32,405
78,15,405,6
32,78,6,39
405,32,39,632
6,405,632,4
39,6,4,1174
632,39,1174,12
4,632,12,3
1174,4,3,2
12,1174,2,10638
3,12,10638,1381
2,3,1381,74
10638,2,74,1384
1381,10638,1384,117
74,1381,117,494
1384,74,494,145
117,1384,145,6
494,117,6,452
145,494,452,39
6,145,39,5002
452,6,5002,199
39,452,199,6
5002,39,6,1378
199,5002,1378,4
6,199,4,413
1378,6,413,673
4,1378,673,835
413,4,835,32
673,413,32,514
835,673,514,571
32,835,571,144
514,32,144,6
571,514,6,103
144,571,103,35
6,144,35,8
103,6,8,77
35,103,77,988
8,35,988,3
77,8,3,17
988,77,17,2
3,988,2,7305
17,3,7305,9
2,17,9,22000
7305,2,22000,13
9,7305,13,144
22000,9,144,5
13,22000,5,5
144,13,5,95
5,144,95,31
5,5,31,44
95,5,44,26
31,95,26,16
44,31,16,253
26,44,253,3
16,26,3,2189
253,16,2189,135
3,253,135,1339
2189,3,1339,1637
135,2189,1637,9
1339,135,9,1360
1637,1339,1360,6
9,1637,6,1378
1360,9,1378,54
6,1360,54,671
1378,6,671,350
54,1378,350,3
671,54,3,99
350,671,99,185
3,350,185,223
99,3,223,873
185,99,873,135
223,185,135,94
873,223,94,12
135,873,12,298
94,135,298,4
12,94,4,7
298,12,7,99
4,298,99,35
7,4,35,3
99,7,3,1595
35,99,1595,374
3,35,374,75
1595,3,75,452
374,1595,452,4
75,374,4,39
452,75,39,68620
4,452,68620,663
39,4,663,23
68620,39,23,140
663,68620,140,823
23,663,823,63
140,23,63,1140
823,140,1140,927
63,823,927,23
1140,63,23,15
927,1140,15,798
23,927,798,5
15,23,5,662
798,15,662,14332
5,798,14332,186
662,5,186,65
14332,662,65,103255
186,14332,103255,12477
65,186,12477,711
103255,65,711,3
12477,103255,3,27
711,12477,27,6
3,711,6,2
27,3,2,951
6,27,951,251
2,6,251,544
951,2,544,32
251,951,32,1823
544,251,1823,267
32,544,267,4
