253,16,137,32
3,253,32,1400
137,3,1400,2
32,137,2,20910
1400,32,20910,117
2,1400,117,3411
20910,2,3411,3
117,20910,3,112
3411,117,112,34452
3,3411,34452,542
112,3,542,4
34452,112,4,137
542,34452,137,62
4,542,62,136
137,4,136,112
62,137,112,2896
136,62,2896,5428
112,136,5428,12
2896,112,12,20
5428,2896,20,33
12,5428,33,17
20,12,17,8739
33,20,8739,53
17,33,53,230
8739,17,230,17
53,8739,17,4
230,53,4,2466
17,230,2466,738
4,17,738,6
2466,4,6,67
738,2466,67,108
6,738,108,29
67,6,29,67
108,67,67,1332
29,108,1332,7
67,29,7,2769
1332,67,2769,3
7,1332,3,17
2769,7,17,458
3,2769,458,3
17,3,3,137
458,17,137,10
3,458,10,67
137,3,67,1332
10,137,1332,86
67,10,86,2769
1332,67,2769,3
86,1332,3,25
2769,86,25,262
3,2769,262,5
25,3,5,1634
262,25,1634,43
5,262,43,2666
1634,5,2666,25
43,1634,25,30
2666,43,30,77
25,2666,77,30877
30,25,30877,8
77,30,8,242
30877,77,242,738
8,30877,738,33
242,8,33,137
738,242,137,82
33,738,82,2077
137,33,2077,6
82,137,6,112
2077,82,112,573
6,2077,573,82
112,6,82,55
573,112,55,17
82,573,17,1776
55,82,1776,382
17,55,382,24
1776,17,24,2516
382,1776,2516,4
24,382,4,462
2516,24,462,828
4,2516,828,7
462,4,7,321
828,462,321,30
7,828,30,55
321,7,55,161
30,321,161,93
55,30,93,19
161,55,19,6
93,161,6,20
19,93,20,108
6,19,108,128
20,6,128,66
108,20,66,59
128,108,59,90
66,128,90,2048
59,66,2048,50
90,59,50,254
2048,90,254,27
50,2048,27,14
254,50,14,2
27,254,2,2386
14,27,2386,43008
2,14,43008,3692
2386,2,3692,7
43008,2386,7,14
3692,43008,14,254
7,3692,254,11
14,7,11,14
254,14,14,2
11,254,2,2072
14,11,2072,40678
2,14,40678,2134
2072,2,2134,28
40678,2072,28,11
2134,40678,11,1233
28,2134,1233,209
11,28,209,87
1233,11,87,11
209,1233,11,7
87,209,7,116
11,87,116,81
7,11,81,36
116,7,36,87
81,116,87,11
36,81,11,14
87,36,14,2
11,87,2,3349
14,11,3349,7
2,14,7,28
3349,2,28,11
7,3349,11,1233
28,7,1233,209
11,28,209,87
1233,11,87,209
209,1233,209,16
87,209,16,8334
209,87,8334,9
16,209,9,7793
8334,16,7793,27
9,8334,27,77
7793,9,77,1346
27,7793,1346,182
77,27,182,5
1346,77,5,209
182,1346,209,52
5,182,52,11
209,5,11,697
52,209,697,3
11,52,3,25
697,11,25,25
3,697,25,29
25,3,29,11
25,25,11,1077
29,25,1077,10
11,29,10,14
1077,11,14,2
10,1077,2,2855
14,10,2855,5
2,14,5,60
2855,2,60,104
5,2855,104,16
60,5,16,103
104,60,103,1776
16,104,1776,382
103,16,382,384
1776,103,384,5
382,1776,5,738
384,382,738,4
5,384,4,321
738,5,321,26
4,738,26,7
321,4,7,21
26,321,21,844
7,26,844,32
21,7,32,267
844,21,267,165
32,844,165,137
267,32,137,2386
165,267,2386,43008
137,165,43008,3692
2386,137,3692,4
43008,2386,4,7
3692,43008,7,165
4,3692,165,137
7,4,137,2072
165,7,2072,40678
137,165,40678,30
2072,137,30,244
40678,2072,244,6
30,40678,6,1776
244,30,1776,382
6,244,382,2077
1776,6,2077,4
382,1776,4,321
2077,382,321,30
4,2077,30,55
321,4,55,165
30,321,165,6624
55,30,6624,15
165,55,15,332
6624,165,332,57
15,6624,57,165
332,15,165,389
57,332,389,4
165,57,4,4183
389,165,4183,165
4,389,165,30877
4183,4,30877,59
165,4183,59,1310
30877,165,1310,738
59,30877,738,7
1310,59,7,51
738,1310,51,33
7,738,33,486
51,7,486,10
33,51,10,14
486,33,14,2
10,486,2,66
14,10,66,404
2,14,404,112
66,2,112,2077
404,66,2077,7
112,404,7,130
2077,112,130,2077
7,2077,2077,29
130,7,29,201
2077,130,201,39
29,2077,39,7
201,29,7,8
39,201,8,33
7,39,33,18
8,7,18,191
33,8,191,3
18,33,3,7096
191,18,7096,541
3,191,541,1303
7096,3,1303,5
541,7096,5,112
1303,541,112,2077
5,1303,2077,4
112,5,4,95
2077,112,95,1303
4,2077,1303,55
95,4,55,17
1303,95,17,476
55,1303,476,8
17,55,8,7
476,17,7,328
8,476,328,56
7,8,56,19
328,7,19,112
56,328,112,83
19,56,83,3934
112,19,3934,84
83,112,84,790
3934,83,790,20
84,3934,20,32
790,84,32,339
20,790,339,4
32,20,4,1466
339,32,1466,62
4,339,62,32
1466,4,32,1400
62,1466,1400,4506
32,62,4506,112
1400,32,112,2226
4506,1400,2226,64
112,4506,64,323
2226,112,323,51
64,2226,51,112
323,64,112,2226
51,323,2226,16
112,51,16,8
2226,112,8,3183
16,2226,3183,2137
8,16,2137,4
3183,8,4,10
2137,3183,10,7
4,2137,7,88
10,4,88,344
7,10,344,148
88,7,148,33
344,88,33,34
148,344,34,367
33,148,367,1346
34,33,1346,2096
367,34,2096,333
1346,367,333,3790
2096,1346,3790,1467
333,2096,1467,1986
3790,333,1986,336
1467,3790,336,20
3611,3412,429,74
12,3611,74,2
429,12,2,451
74,429,451,185
2,74,185,175
451,2,175,138
185,451,138,27
175,185,27,4
138,175,4,494
27,138,494,47571
4,27,47571,5433
494,4,5433,198
47571,494,198,2
5433,47571,2,152
198,5433,152,7584
2,198,7584,19
152,2,19,3641
7584,152,3641,4
19,7584,4,800
3641,19,800,3
4,3641,3,185
800,4,185,145
3,800,145,27
185,3,27,160
145,185,160,22
27,145,22,634
160,27,634,23
22,160,23,275
634,22,275,1944
23,634,1944,6
275,23,6,183
1944,275,183,44
6,1944,44,59
183,6,59,735
44,183,735,37
59,44,37,229
735,59,229,11
37,735,11,14
229,37,14,718
11,229,718,37
14,11,37,1684
718,14,1684,3059
37,718,3059,523
1684,37,523,12
3059,1684,12,429
523,3059,429,6
12,523,6,22
429,12,22,99
6,429,99,310
22,6,310,724
99,22,724,75
310,99,75,4491
724,310,4491,3835
75,724,3835,5
4491,75,5,374
3835,4491,374,816
5,3835,816,3
374,5,3,247
816,374,247,58
3,816,58,287
247,3,287,27
58,247,27,4359
287,58,4359,22
27,287,22,3097
4359,27,3097,3
22,4359,3,185
3097,22,185,145
3,3097,145,9
185,3,9,3003
145,185,3003,3
9,145,3,3614
3003,9,3614,5
3,3003,5,23
3614,3,23,275
5,3614,275,324
23,5,324,75
275,23,75,27
324,275,27,69
75,324,69,28
27,75,28,544
69,27,544,6
28,69,6,44
544,28,44,8
6,544,8,58
44,6,58,14
8,44,14,86
58,8,86,7922
14,58,7922,59
86,14,59,11
7922,86,11,99
59,7922,99,1188
11,59,1188,22
99,11,22,8117
1188,99,8117,3
22,1188,3,5247
8117,22,5247,145
3,8117,145,171
5247,3,171,4
145,5247,4,1510
171,145,1510,12
4,171,12,2234
1510,4,2234,4008
12,1510,4008,13191
2234,12,13191,244
4008,2234,244,12
13191,4008,12,105790
244,13191,105790,100
12,244,100,552
105790,12,552,3
100,105790,3,185
552,100,185,494
3,552,494,82
185,3,82,11
494,185,11,2
82,494,2,1605
11,82,1605,27
2,11,27,28
1605,2,28,23
27,1605,23,310
28,27,310,724
23,28,724,6
310,23,6,7417
724,310,7417,464
6,724,464,1393
7417,6,1393,12
464,7417,12,8901
1393,464,8901,255
12,1393,255,15
8901,12,15,5247
255,8901,5247,494
15,255,494,7
5247,15,7,11
494,5247,11,3105
7,494,3105,1033
11,7,1033,689
3105,11,689,174
1033,3105,174,29
689,1033,29,7
174,689,7,100
29,174,100,185
7,29,185,89
100,7,89,2433
185,100,2433,30
89,185,30,380
2433,89,380,260
30,2433,260,13
380,30,13,2
260,380,2,903
13,260,903,5
2,13,5,251
903,2,251,24
5,903,24,703
251,5,703,25
24,251,25,30
703,24,30,60293
25,703,60293,453
30,25,453,52
60293,30,52,7
453,60293,7,185
52,453,185,89
7,52,89,30
185,7,30,40
89,185,40,18
30,89,18,156
40,30,156,422
18,40,422,1557
156,18,1557,4
422,156,4,7
1557,422,7,113
4,1557,113,30
7,4,30,121
113,7,121,123
30,113,123,8
121,30,8,246
123,121,246,4
8,123,4,276
246,8,276,10
4,246,10,3
276,4,3,76
10,276,76,5051
3,10,5051,3003
76,3,3003,27
5051,76,27,900
3003,5051,900,3
27,3003,3,123
900,27,123,177
3,900,177,6
123,3,6,98
177,123,98,606
6,177,606,58
98,6,58,185
606,98,185,75
58,606,75,410
185,58,410,289
75,185,289,59
410,75,59,662
289,410,662,23370
59,289,23370,83
662,59,83,3
23370,662,3,258
83,23370,258,14907
3,83,14907,300
258,3,300,3319
14907,258,3319,22
300,14907,22,1184
3319,300,1184,3
22,3319,3,13191
1184,22,13191,6
3,1184,6,4
13191,3,4,407
6,13191,407,330
4,6,330,126
407,4,126,59
330,407,59,11
126,330,11,134
59,126,134,10301
11,59,10301,18907
134,11,18907,350
10301,134,350,52
18907,10301,52,7
350,18907,7,185
52,350,185,89
7,52,89,30
185,7,30,40
89,185,40,18
30,89,18,156
40,30,156,422
18,40,422,1557
156,18,1557,4
422,156,4,7
1557,422,7,113
4,1557,113,30
7,4,30,121
113,7,121,123
30,113,123,8
121,30,8,246
123,121,246,4
8,123,4,276
246,8,276,10
4,246,10,3
276,4,3,76
10,276,76,5051
3,10,5051,54620
76,3,54620,3494
5051,76,3494,387
54620,5051,387,24
3494,54620,24,1384
387,3494,1384,31
24,387,31,7
1384,24,7,10601
31,1384,10601,405
7,31,405,32
10601,7,32,6
405,10601,6,374
32,405,374,237
6,32,237,3
374,6,3,4903
237,374,4903,135
3,237,135,499
4903,3,499,411
135,4903,411,1019
499,135,1019,6
411,499,6,2
1019,411,2,1475
6,1019,1475,107081
2,6,107081,100
1475,2,100,69
107081,1475,69,1298
100,107081,1298,11
69,100,11,14
1298,69,14,718
11,1298,718,37
14,11,37,924
718,14,924,52
37,718,52,27
924,37,27,14
52,924,14,29
27,52,29,4
14,27,4,619
29,14,619,3
4,29,3,27
619,4,27,6404
3,619,6404,12
27,3,12,429
6404,27,429,8
12,6404,8,159
429,12,159,738
8,429,738,1014
159,8,1014,883
738,159,883,14
1014,738,14,7922
883,1014,7922,4
14,883,4,13
7922,14,13,64
4,7922,64,1994
13,4,1994,3
64,13,3,340
1994,64,340,185
3,1994,185,145
340,3,145,2
185,340,2,185
145,185,185,175
2,145,175,94
185,2,94,24
175,185,24,161
94,175,161,675
24,94,675,126
161,24,126,1734
675,161,1734,5
126,675,5,2776
1734,126,2776,428
5,1734,428,40
2776,5,40,18
428,2776,18,47
40,428,47,1264
18,40,1264,2221
47,18,2221,4
1264,47,4,2
2221,1264,2,595
4,2221,595,9031
2,4,9031,9
595,2,9,32
9031,595,32,31
9,9031,31,723
32,9,723,83
31,32,83,4
723,31,4,4504
83,723,4504,24
4,83,24,421
4504,4,421,39
24,4504,39,3
421,24,3,185
39,421,185,145
3,39,145,544
185,3,544,20
145,185,20,153
544,145,153,82
20,544,82,2344
153,20,2344,147
82,153,147,3
2344,82,3,1356
147,2344,1356,3449
3,147,3449,455
1356,3,455,5320
3449,1356,5320,838
455,3449,838,15
5320,455,15,27
838,5320,27,6
15,838,6,84661
27,15,84661,178
6,27,178,8
84661,6,8,78
178,84661,78,32
8,178,32,60
78,8,60,7
32,78,7,325
60,32,325,757
7,60,757,2329
325,7,2329,4
757,325,4,518
2329,757,518,995
4,2329,995,15
518,4,15,114
995,518,114,409
15,995,409,731
114,15,731,4
409,114,4,2489
731,409,2489,9
4,731,9,2
2489,4,2,257
9,2489,257,85
2,9,85,69
257,2,69,8
85,257,8,34
69,85,34,1061
8,69,1061,119
34,8,119,111
1061,34,111,469
119,1061,469,6
111,119,6,135
469,111,135,435
6,469,435,32
135,6,32,69
435,135,69,2477
32,435,2477,5555
69,32,5555,6537
2477,69,6537,28
5555,2477,28,6
6537,5555,6,2
28,6537,2,31311
6,28,31311,185
2,6,185,171
31311,2,171,8697
185,31311,8697,5
171,185,5,289
8697,171,289,1614
5,8697,1614,40
289,5,40,962
1614,289,962,522
40,1614,522,2
962,40,2,41
522,962,41,6786
2,522,6786,3
41,2,3,145
6786,41,145,2017
3,6786,2017,89
145,3,89,190
2017,145,190,166
89,2017,166,1467
190,89,1467,3
166,190,3,96
1467,166,96,22
3,1467,22,187
96,3,187,6
22,96,6,51
187,22,51,13
6,187,13,47
51,6,47,2
13,51,2,9978
47,13,9978,949
2,47,949,102
9978,2,102,32
949,9978,32,387
102,949,387,13
32,102,13,465
387,32,465,2206
13,387,2206,3
465,13,3,199
2206,465,199,217
3,2206,217,12
199,3,12,3738
217,199,3738,8
12,217,8,62
3738,12,62,89
8,3738,89,18186
62,8,18186,282
89,62,282,65
18186,89,65,32
282,18186,32,6
65,282,6,2
32,65,2,4788
6,32,4788,4474
2,6,4474,102
4788,2,102,27
4474,4788,27,782
102,4474,782,32
27,102,32,13
782,27,13,7156
32,782,7156,8
13,32,8,11
7156,13,11,13
8,7156,13,757
11,8,757,41
13,11,41,65
757,13,65,103
41,757,103,568
65,41,568,6
103,65,6,166
568,103,166,1070
6,568,1070,4682
166,6,4682,145
1070,166,145,13
4682,1070,13,321
145,4682,321,3
13,145,3,17
321,13,17,8350
3,321,8350,23
17,3,23,150
8350,17,150,77918
23,8350,77918,782
150,23,782,7031
77918,150,7031,4810
782,77918,4810,3
7031,782,3,185
4810,7031,185,387
3,4810,387,13
185,3,13,146
387,185,146,11369
13,387,11369,455
146,13,455,145
11369,146,145,100
455,11369,100,267
145,455,267,19
100,145,19,7018
267,100,7018,38
19,267,38,2165
7018,19,2165,8
38,7018,8,492
2165,38,492,7
8,2165,7,400
492,8,400,6
7,492,6,32
400,7,32,64509
6,400,64509,213
32,6,213,7
64509,32,7,1502
213,64509,1502,102
7,213,102,89
1502,7,89,27
102,1502,27,134
89,102,134,13191
27,89,13191,1876
134,27,1876,3
13191,134,3,145
1876,13191,145,7
3,1876,7,113
145,3,113,10
7,145,10,131
113,7,131,102611
10,113,102611,4
131,10,4,32
102611,131,32,128
4,102611,128,322
32,4,322,198
128,32,198,12
322,128,12,185
198,322,185,695
12,198,695,12
185,12,12,647
695,185,647,6
12,695,6,2324
647,12,2324,170
6,647,170,140
2324,6,140,32
170,2324,32,13
140,170,13,3961
32,140,3961,2193
13,32,2193,1702
3961,13,1702,3
2193,3961,3,1829
1702,2193,1829,499
3,1702,499,29
1829,3,29,13
499,1829,13,165
29,499,165,182
13,29,182,2
165,13,2,952
182,165,952,5
2,182,5,949
952,2,949,3
5,952,3,145
949,5,145,525
3,949,525,105227
145,3,105227,13
525,145,13,3909
105227,525,3909,496
13,105227,496,8
3909,13,8,1054
496,3909,1054,54
8,496,54,469
1054,8,469,2204
54,1054,2204,3825
469,54,3825,6
2204,469,6,289
3825,2204,289,7
6,3825,7,6153
289,6,6153,32
7,289,32,19
6153,7,19,4792
32,6153,4792,185
19,32,185,4
4792,19,4,10492
185,4792,10492,81
4,185,81,12
10492,4,12,1180
81,10492,1180,59
12,81,59,53
1180,12,53,40
59,1180,40,17
53,59,17,186
40,53,186,5
17,40,5,4
186,17,4,1263
5,186,1263,387
4,5,387,5427
1263,4,5427,9
387,1263,9,97
5427,387,97,195
9,5427,195,3771
97,9,3771,128
195,97,128,153
3771,195,153,59
128,3771,59,145
153,128,145,28
59,153,28,11
145,59,11,40
28,145,40,21
11,28,21,31043
40,11,31043,4268
21,40,4268,3015
31043,21,3015,2577
4268,31043,2577,2
3015,4268,2,1719
2577,3015,1719,5
2,2577,5,1054
1719,2,1054,52
5,1719,52,612
1054,5,612,63
52,1054,63,4
612,52,4,1064
63,612,1064,49
4,63,49,289
1064,4,289,895
49,1064,895,2
289,49,2,11
895,289,11,1153
2,895,1153,2000
11,2,2000,3
1153,11,3,233
2000,1153,233,6
3,2000,6,413
233,3,413,65418
6,233,65418,15461
413,6,15461,2
65418,413,2,135
15461,65418,135,1584
2,15461,1584,4
135,2,4,1835
1584,135,1835,5
4,1584,5,12461
1835,4,12461,12309
5,1835,12309,39
12461,5,39,162
12309,12461,162,703
39,12309,703,481
162,39,481,6
703,162,6,2
481,703,2,2362
6,481,2362,20
2,6,20,153
2362,2,153,8
20,2362,8,731
153,20,731,185
8,153,185,121
731,8,121,2065
185,731,2065,2
121,185,2,2254
2065,121,2254,943
2,2065,943,175
2254,2,175,32
943,2254,32,4
175,943,4,32909
32,175,32909,1054
4,32,1054,3
32909,4,3,1400
1054,32909,1400,351
3,1054,351,24
1400,3,24,185
351,1400,185,84
24,351,84,398
185,24,398,8
84,185,8,145
398,84,145,13
8,398,13,4746
145,8,4746,22
13,145,22,478
4746,13,478,3
22,4746,3,2065
478,22,2065,34
3,478,34,86
2065,3,86,2216
34,2065,2216,1375
86,34,1375,3760
2216,86,3760,5
1375,2216,5,145
3760,1375,145,1177
5,3760,1177,15461
145,5,15461,481
12,886,109,19
318,12,19,651
109,318,651,13684
19,109,13684,544
651,19,544,20
13684,651,20,153
544,13684,153,12
20,544,12,318
153,20,318,109
12,153,109,802
318,12,802,5
109,318,5,1617
802,109,1617,582
5,802,582,5
1617,5,5,808
582,1617,808,257
5,582,257,1140
808,5,1140,6663
257,808,6663,326
1140,257,326,2
6663,1140,2,4952
326,6663,4952,1034
2,326,1034,5
4952,2,5,1215
1034,4952,1215,1851
5,1034,1851,6873
1215,5,6873,67
1851,1215,67,3476
6873,1851,3476,3
67,6873,3,207
3476,67,207,232
3,3476,232,5
207,3,5,43
232,207,43,1218
5,232,1218,427
43,5,427,383
1218,43,383,257
427,1218,257,3119
383,427,3119,6663
257,383,6663,2418
3119,257,2418,109
6663,3119,109,14
2418,6663,14,19508
