2973,36097,36,37
808,2973,37,6970
36,808,6970,4
37,36,4,19225
6970,37,19225,59
4,6970,59,331
19225,4,331,37
59,19225,37,62
331,59,62,5216
37,331,5216,6289
62,37,6289,516
5216,62,516,3
6289,5216,3,96
516,6289,96,160
3,516,160,2973
96,3,2973,582
160,96,582,638
2973,160,638,1306
582,2973,1306,28
638,582,28,11
1306,638,11,3667
28,1306,3667,2
11,28,2,3290
3667,11,3290,82518
2,3667,82518,365
3290,2,365,384
82518,3290,384,5
365,82518,5,470
384,365,470,1191
5,384,1191,2394
470,5,2394,1306
1191,470,1306,28
2394,1191,28,6
1306,2394,6,64592
28,1306,64592,48225
6,28,48225,2818
64592,6,2818,1058
48225,64592,1058,997
2818,48225,997,132
1058,2818,132,1861
997,1058,1861,2
132,997,2,478
1861,132,478,3
2,1861,3,1227
478,2,1227,2390
3,478,2390,196
1227,3,196,136
2390,1227,136,52
196,2390,52,2973
136,196,2973,36
52,136,36,13653
2973,52,13653,154
36,2973,154,10385
13653,36,10385,142
154,13653,142,582
10385,154,582,526
142,10385,526,379
582,142,379,9070
526,582,9070,10477
379,526,10477,13
9070,379,13,2852
10477,9070,2852,37
13,10477,37,3266
2852,13,3266,13888
37,2852,13888,3
3266,37,3,1406
13888,3266,1406,3
3,13888,3,2443
1406,3,2443,2281
3,1406,2281,59
2443,3,59,26
2281,2443,26,48508
59,2281,48508,68
26,59,68,132
48508,26,132,1861
68,48508,1861,4
132,68,4,4637
1861,132,4637,8
4,1861,8,295
4637,4,295,55916
8,4637,55916,2
295,8,2,66
55916,295,66,8133
2,55916,8133,6
66,2,6,1001
8133,66,1001,2
6,8133,2,417
1001,6,417,1632
2,1001,1632,15
417,2,15,1199
1632,417,1199,1144
15,1632,1144,28
1199,15,28,2506
1144,1199,2506,2818
28,1144,2818,14
2506,28,14,14515
2818,2506,14515,642
14,2818,642,3
14515,14,3,41
642,14515,41,65
3,642,65,129
41,3,129,5
65,41,5,10
129,65,10,36097
5,129,36097,808
10,5,808,19
36097,10,19,647
808,36097,647,8
19,808,8,40
647,19,40,1899
8,647,1899,3
40,8,3,41
1899,40,41,65
3,1899,65,129
41,3,129,29
65,41,29,186
129,65,186,65
29,129,65,129
186,29,129,4
65,186,4,19
129,65,19,132
4,129,132,7792
19,4,7792,262
132,19,262,642
7792,132,642,218
262,7792,218,75
642,262,75,65168
218,642,65168,2443
75,218,2443,14
65168,75,14,1375
2443,65168,1375,9
14,2443,9,483
1375,14,483,5
9,1375,5,2
483,9,2,66
5,483,66,6
2,5,6,10477
66,2,10477,6697
6,66,6697,2451
10477,6,2451,122
6697,10477,122,2973
2451,6697,2973,402
122,2451,402,6311
2973,122,6311,142
402,2973,142,6
6311,402,6,373
142,6311,373,4
6,142,4,667
373,6,667,2051
4,373,2051,896
667,4,896,2973
2051,667,2973,2443
896,2051,2443,9
2973,896,9,99
2443,2973,99,1610
9,2443,1610,205
99,9,205,877
1610,99,877,129
205,1610,129,24
877,205,24,128
129,877,128,4847
24,129,4847,2991
128,24,2991,1466
4847,128,1466,25
2991,4847,25,1692
1466,2991,1692,2844
25,1466,2844,620
1692,25,620,39
2844,1692,39,249
620,2844,249,4
39,620,4,26
249,39,26,25
4,249,25,364
26,4,364,5145
25,26,5145,2588
364,25,2588,41
5145,364,41,65
2588,5145,65,2
41,2588,2,11270
65,41,11270,1120
2,65,1120,18
11270,2,18,274
1120,11270,274,2506
18,1120,2506,2818
274,18,2818,20
2506,274,20,66
2818,2506,66,184
20,2818,184,3
66,20,3,1608
184,66,1608,2401
3,184,2401,2561
1608,3,2561,19
2401,1608,19,51632
2561,2401,51632,2506
19,2561,2506,115
51632,19,115,7
2506,51632,7,7571
115,2506,7571,33785
7,115,33785,28
7571,7,28,20
33785,7571,20,132
28,33785,132,17
20,28,17,2
132,20,2,1901
17,132,1901,36
2,17,36,2
1901,2,2,527
36,1901,527,8
2,36,8,53
527,2,53,16
8,527,16,160
53,8,160,118
16,53,118,146
160,16,146,8077
118,160,8077,36
146,118,36,53
8077,146,53,16
36,8077,16,1587
53,36,1587,4
16,53,4,418
1587,16,418,8
4,1587,8,16
418,4,16,21
8,418,21,5708
16,8,5708,48830
21,16,48830,7
5708,21,7,40
48830,5708,40,319
7,48830,319,4
40,7,4,1070
319,40,1070,12
4,319,12,10
2908,575,12,5
189,2908,5,159
12,189,159,410
5,12,410,498
159,5,498,827
410,159,827,189
498,410,189,651
827,498,651,28
189,827,28,540
651,189,540,12
28,651,12,2234
540,28,2234,20
12,540,20,153
2234,12,153,8
20,2234,8,22
153,20,22,810
8,153,810,7
22,8,7,1638
810,22,1638,1612
7,810,1612,2
1638,7,2,127
1612,1638,127,296
2,1612,296,6
127,2,6,113
296,127,113,10
6,296,10,41
113,6,41,65
10,113,65,253
41,10,253,8
65,41,8,11
253,65,11,947
8,253,947,20
11,8,20,718
947,11,718,486
20,947,486,6
718,20,6,1249
486,718,1249,845
6,486,845,8
1249,6,8,1239
845,1249,1239,296
8,845,296,11
1239,8,11,15623
296,1239,15623,68
11,296,68,28
15623,11,28,347
68,15623,347,40
28,68,40,17
347,28,17,405
40,347,405,548
17,40,548,129
405,17,129,52
548,405,52,11
129,548,11,516
52,129,516,3
11,52,3,296
931,1460,13,2
13,931,2,131
13,13,131,3058
2,13,3058,903
131,2,903,5
3058,131,5,153
903,3058,153,329
5,903,329,123
153,5,123,2
329,153,2,532
123,329,532,3
2,123,3,937
532,2,937,3038
3,532,3038,51
937,3,51,27202
3038,937,27202,1158
51,3038,1158,9
27202,51,9,58
1158,27202,58,127
9,1158,127,499
58,9,499,13
127,58,13,11472
499,127,11472,170
13,499,170,3996
11472,13,3996,185
170,11472,185,6
3996,170,6,500
185,3996,500,318
6,185,318,23
500,6,23,8
318,500,8,185
23,318,185,11
8,23,11,14
185,8,14,567
11,185,567,12
14,11,12,22
567,14,22,919
12,567,919,15
22,12,15,2
919,22,2,5695
15,919,5695,12207
2,15,12207,4221
5695,2,4221,733
12207,5695,733,8
4221,12207,8,1852
733,4221,1852,19717
8,733,19717,3214
1852,8,3214,3
19717,1852,3,131
3214,19717,131,1650
3,3214,1650,45
131,3,45,931
1650,131,931,1336
45,1650,1336,98
931,45,98,919
1336,931,919,3974
98,1336,3974,640
919,98,640,90
3974,919,90,720
640,3974,720,1800
90,640,1800,4
720,90,4,11811
1800,720,11811,339
4,1800,339,11
11811,4,11,7
339,11811,7,9
11,339,9,151
7,11,151,6
9,7,6,44
151,9,44,8
6,151,8,1219
44,6,1219,10
8,44,10,14
1219,8,14,1254
10,1219,1254,8
14,10,8,931
1254,14,931,113
8,1254,113,306
931,8,306,6371
113,931,6371,5
306,113,5,2485
6371,306,2485,50
5,6371,50,1326
2485,5,1326,19
50,2485,19,3119
1326,50,3119,3
19,1326,3,1364
3119,19,1364,7592
3,3119,7592,82
1364,3,82,2
7592,1364,2,5344
82,7592,5344,78442
2,82,78442,384
5344,2,384,8
78442,5344,8,7
384,78442,7,1232
8,384,1232,19
7,8,19,3038
1232,7,3038,1752
19,1232,1752,2211
3038,19,2211,36
1752,3038,36,13512
2211,1752,13512,28439
36,2211,28439,3956
13512,36,3956,30
28439,13512,30,219
3956,28439,219,21
30,3956,21,42
219,30,42,321
21,219,321,44
42,21,44,75
321,42,75,6371
44,321,6371,148
75,44,148,931
6371,75,931,295
148,6371,295,79
931,148,79,2
295,931,2,431
79,295,431,15
2,79,15,390
431,2,390,59
15,431,59,703
390,15,703,425
59,390,425,8
703,59,8,4379
425,703,4379,542
8,425,542,4
4379,8,4,13468
542,4379,13468,5
4,542,5,94
13468,4,94,25
5,13468,25,1062
94,5,1062,931
25,94,931,118
1062,25,118,1311
931,1062,1311,4
118,931,4,1474
1311,118,1474,2328
4,1311,2328,11
1474,4,11,366
2328,1474,366,3
11,2328,3,18
366,11,18,47
3,366,47,20
18,3,20,186
47,18,186,3
20,47,3,3434
186,20,3434,5220
3,186,5220,5
3434,3,5,931
5220,3434,931,2
5,5220,2,94
931,5,94,9
2,931,9,711
94,2,711,6335
9,94,6335,3723
711,9,3723,8
6335,711,8,11
3723,6335,11,7
8,3723,7,6
11,8,6,209
7,11,209,666
6,7,666,3
209,6,3,7100
666,209,7100,2
3,666,2,417
7100,3,417,4
2,7100,4,98
417,2,98,2901
4,417,2901,8
98,4,8,11
2901,98,11,7
8,2901,7,666
11,8,666,3
7,11,3,1377
666,7,1377,480
3,666,480,15
1377,3,15,2
480,1377,2,7061
15,480,7061,7
2,15,7,2
7061,2,2,80448
7,7061,80448,3217
2,7,3217,5
80448,2,5,11985
3217,80448,11985,16713
5,3217,16713,343
11985,5,343,10207
16713,11985,10207,12
343,16713,12,466
10207,343,466,15
12,10207,15,2
466,12,2,2143
15,466,2143,181
2,15,181,8
2143,2,8,931
181,2143,931,18655
8,181,18655,366
931,8,366,3
18655,931,3,18
366,18655,18,47
3,366,47,1266
18,3,1266,2
47,18,2,601
1266,47,601,8190
2,1266,8190,3
601,2,3,652
8190,601,652,173
3,8190,173,14
652,3,14,8532
173,652,8532,652
14,173,652,173
8532,14,173,115
652,8532,115,800
173,652,800,601
115,173,601,8190
800,115,8190,597
601,800,597,2222
8190,601,2222,3
597,8190,3,652
2222,597,652,173
3,2222,173,13
652,3,13,38
173,652,38,478
13,173,478,968
38,13,968,979
478,38,979,4
968,478,4,5330
979,968,5330,2185
4,979,2185,29
5330,4,29,254
2185,5330,254,33
29,2185,33,50
254,29,50,12030
33,254,12030,15
50,33,15,2
12030,50,2,601
15,12030,601,8190
2,15,8190,7
601,2,7,2
8190,601,2,306
7,8190,306,46901
2,7,46901,107
306,2,107,3
46901,306,3,96
107,46901,96,10
3,107,10,234
96,3,234,73
10,96,73,215
234,10,215,4045
73,234,4045,14
215,73,14,2870
4045,215,2870,83
14,4045,83,112
2870,14,112,86515
83,2870,86515,20
112,83,20,663
86515,112,663,205
20,86515,205,4
663,20,4,205
205,663,205,5
4,205,5,57
205,4,57,4189
5,205,4189,931
57,5,931,1456
4189,57,1456,82
931,4189,82,22
1456,931,22,2063
82,1456,2063,4
22,82,4,4007
2063,22,4007,15180
4,2063,15180,5
4007,4,5,2826
15180,4007,2826,4
5,15180,4,4305
2826,5,4305,3
4,2826,3,167
4305,4,167,648
3,4305,648,11
167,3,11,115
648,167,115,73
11,648,73,22
115,11,22,51197
73,115,51197,436
22,73,436,240
51197,22,240,22
436,51197,22,563
240,436,563,3482
22,240,3482,6
563,22,6,311
3482,563,311,5
6,3482,5,69
311,6,69,22
5,311,22,6629
69,5,6629,8
22,69,8,2
6629,22,2,449
8,6629,449,121
2,8,121,21
449,2,21,17
121,449,17,63
21,121,63,22
17,21,22,4127
63,17,4127,5
22,63,5,1661
4127,22,1661,288
5,4127,288,323
1661,5,323,22
288,1661,22,240
323,288,240,3
22,323,3,18
240,22,18,92
3,240,92,1773
18,3,1773,1391
92,18,1391,12
1773,92,12,645
1391,1773,645,7277
12,1391,7277,4
645,12,4,209
7277,645,209,8
4,7277,8,22
209,4,22,69
8,209,69,1136
22,8,1136,5379
69,22,5379,4
1136,69,4,4533
5379,1136,4533,74375
4,5379,74375,5103
4533,4,5103,4
74375,4533,4,8
5103,74375,8,86
4,5103,86,2
8,4,2,281
86,8,281,1595
2,86,1595,11452
281,2,11452,24
1595,281,24,1419
11452,1595,1419,10628
24,11452,10628,5
1419,24,5,1460
10628,1419,1460,931
5,10628,931,100458
1460,5,100458,230
931,1460,230,113
100458,931,113,8
230,100458,8,2
113,230,2,94
8,113,94,15
2,8,15,20
94,2,20,90
15,94,90,1259
20,15,1259,849
90,20,849,4
1259,90,4,1474
849,1259,1474,527
4,849,527,40
1474,4,40,18
527,1474,18,4029
40,527,4029,2636
18,40,2636,946
4029,18,946,36
2636,4029,36,208
946,2636,208,80
36,946,80,533
208,36,533,198
80,208,198,6
533,80,6,99
198,533,99,236
6,198,236,29
99,6,29,58
236,99,58,97
29,236,97,4
58,29,4,10
97,58,10,114
4,97,114,18
10,4,18,873
114,10,873,124
18,114,124,12
873,18,12,131
124,873,131,2523
12,124,2523,5
131,12,5,2959
2523,131,2959,4073
5,2523,4073,4621
2959,5,4621,54
4073,2959,54,13
4621,4073,13,420
54,4621,420,905
13,54,905,9
420,13,9,2282
905,420,2282,94
9,905,94,31
2282,9,31,16
94,2282,16,13851
31,94,13851,4766
16,31,4766,9
13851,16,9,266
4766,13851,266,5
9,4766,5,711
266,9,711,3
5,266,3,1940
711,5,1940,202
3,711,202,1606
1940,3,1606,4
202,1940,4,4361
1606,202,4361,2
4,1606,2,1199
4361,4,1199,514
2,4361,514,12
1199,2,12,10
514,1199,10,84
12,514,84,8
10,12,8,11
84,10,11,23
8,84,23,172
11,8,172,5
23,11,5,202
172,23,202,987
5,172,987,11
202,5,11,1451
987,202,1451,2
11,987,2,306
1451,11,306,224
2,1451,224,41
306,2,41,2860
224,306,2860,4
41,224,4,45
2860,41,45,16
4,2860,16,1712
45,4,1712,3
16,45,3,1983
1712,16,1983,229
3,1712,229,931
1983,3,931,34
229,1983,34,1920
931,229,1920,2
34,931,2,2
1920,34,2,1158
2,1920,1158,9
2,2,9,127
1158,2,127,11760
9,1158,11760,1567
127,9,1567,7752
11760,127,7752,9
1567,11760,9,222
7752,1567,222,7
9,7752,7,3
222,9,3,712
7,222,712,231
3,7,231,931
712,3,931,4
231,712,4,789
931,231,789,89
4,931,89,24
789,4,24,3608
89,789,3608,521
24,89,521,152
3608,24,152,4
521,3608,4,10
152,521,10,13931
4,152,13931,3532
10,4,3532,62560
13931,10,62560,2734
3532,13931,2734,5
62560,3532,5,222
2734,62560,222,152
5,2734,152,16
222,5,16,260
152,222,260,377
16,152,377,912
260,16,912,8
377,260,8,2251
912,377,2251,8
8,912,8,152
2251,8,152,2860
8,2251,2860,5
152,8,5,931
2860,152,931,268
5,2860,268,7
931,5,7,2500
268,931,2500,19
7,268,19,1217
2500,7,1217,2638
19,2500,2638,4
1217,19,4,177
2638,1217,177,5
4,2638,5,2
177,4,2,2100
5,177,2100,2706
2,5,2706,3
2100,2,3,167
2706,2100,167,220
3,2706,220,222
167,3,222,57
220,167,57,277
222,220,277,586
57,222,586,7445
277,57,7445,3580
586,277,3580,931
7445,586,931,75
3580,7445,75,2143
931,3580,2143,460
75,931,460,4
2143,75,4,5653
460,2143,5653,22
4,460,22,6604
5653,4,6604,86
22,5653,86,3
6604,22,3,2219
86,6604,2219,376
3,86,376,4
2219,3,4,484
376,2219,484,38
4,376,38,583
484,4,583,142
38,484,142,12
583,38,12,2143
142,583,2143,9
12,142,9,25748
2143,12,25748,460
9,2143,460,4
25748,9,4,15500
460,25748,15500,83
4,460,83,76
15500,4,76,5
83,15500,5,41
76,83,41,7753
5,76,7753,1200
41,5,1200,6
7753,41,6,10
1200,7753,10,2335
6,1200,2335,181
10,6,181,10
2335,10,10,40
181,2335,40,17
10,181,17,131
40,10,131,1041
17,40,1041,9
131,17,9,931
1041,131,931,3
9,1041,3,1949
931,9,1949,24
3,931,24,20
1949,3,20,6
24,1949,6,634
20,24,634,5
6,20,5,222
634,6,222,2
5,634,2,72
222,5,72,190
2,222,190,944
72,2,944,5
190,72,5,51
944,190,51,26
5,944,26,137
51,5,137,2
26,51,2,2
137,26,2,3532
2,137,3532,4
2,2,4,14098
3532,2,14098,91324
4,3532,91324,59
14098,4,59,33
91324,14098,33,234
59,91324,234,23
33,59,23,478
234,33,478,1460
23,234,1460,931
478,23,931,576
1460,478,576,3
931,1460,3,1388
576,931,1388,51
3,576,51,245
1388,3,245,816
51,1388,816,7
245,51,7,41
816,245,41,2860
7,816,2860,4
41,7,4,41
2860,41,41,4
4,2860,4,282
41,4,282,2015
4,41,2015,9
282,4,9,206
2015,282,206,912
9,2015,912,11
206,9,11,113
912,206,113,11
11,912,11,990
113,11,990,3
11,113,3,522
990,11,522,2
3,990,2,63
522,3,63,931
2,522,931,1881
63,2,1881,3
931,63,3,9524
1881,931,9524,292
3,1881,292,12
9524,3,12,22
292,9524,22,5498
12,292,5498,290
22,12,290,460
5498,22,460,4
290,5498,4,22
460,290,22,3097
4,460,3097,3
22,4,3,17
3097,22,17,7445
3,3097,7445,1170
17,3,1170,5
7445,17,5,63
1170,7445,63,71
5,1170,71,29
63,5,29,2
71,63,2,457
29,71,457,26660
2,29,26660,383
457,2,383,41
26660,457,41,30
383,26660,30,485
41,383,485,24
30,41,24,931
485,30,931,12
24,485,12,188
931,24,188,323
12,931,323,4
188,12,4,139
323,188,139,5
4,323,5,150
139,4,150,2180
5,139,2180,41
150,5,41,10
2180,150,10,247
41,2180,247,314
10,41,314,8
247,10,8,11
314,247,11,2513
8,314,2513,13
11,8,13,64
2513,11,64,354
13,2513,354,51
64,13,51,11
354,64,11,631
51,354,631,37
11,51,37,7
631,11,7,14408
37,631,14408,3
7,37,3,416
14408,7,416,4
3,14408,4,7
416,3,7,4810
4,416,4810,3
7,4,3,10210
4810,7,10210,1938
3,4810,1938,8
10210,3,8,22
1938,10210,22,2791
8,1938,2791,132
22,8,132,17
2791,22,17,732
132,2791,732,22
17,132,22,188
732,17,188,1467
22,732,1467,7
188,22,7,8906
1467,188,8906,15
7,1467,15,13737
8906,7,13737,4
15,8906,4,4706
13737,15,4706,1122
4,13737,1122,8
4706,4,8,16
1122,4706,16,1139
8,1122,1139,42873
16,8,42873,3
1139,16,3,738
42873,1139,738,5
3,42873,5,62
738,3,62,92
5,738,92,179
62,5,179,4
92,62,4,1834
179,92,1834,1291
4,179,1291,5
1834,4,5,1661
1291,1834,1661,11328
5,1291,11328,29
1661,5,29,11
11328,1661,11,653
29,11328,653,8
11,29,8,11
653,11,11,4166
8,653,4166,81
11,8,81,2433
4166,11,2433,87
81,4166,87,11
2433,81,11,178
87,2433,178,6
11,87,6,491
178,11,491,10
6,178,10,488
491,6,488,1106
10,491,1106,3
488,10,3,1718
1106,488,1718,398
3,1106,398,3326
1718,3,3326,5
398,1718,5,58
3326,398,58,1606
5,3326,1606,8
58,5,8,931
1606,58,931,635
