35,3,35,8
211,35,8,1024
35,211,1024,85
8,35,85,1179
1024,8,1179,7
85,1024,7,25
1179,85,25,21
7,1179,21,116
25,7,116,8
21,25,8,104
116,21,104,181
8,116,181,16
104,8,16,1817
181,104,1817,301
16,181,301,7
1817,16,7,25
301,1817,25,116
7,301,116,9
25,7,9,2
116,25,2,209
9,116,209,8
2,9,8,15321
209,2,15321,385
8,209,385,8
15321,8,8,328
385,15321,328,157
8,385,157,16
328,8,16,768
157,328,768,3
16,157,3,27
768,16,27,118
3,768,118,612
27,3,612,63
118,27,63,9
612,118,9,1357
63,612,1357,337
9,63,337,8
1357,9,8,26
337,1357,26,16
8,337,16,7524
26,8,7524,8
16,26,8,26
7524,16,26,40
8,7524,40,17
26,8,17,458
40,26,458,3
17,40,3,302
458,17,302,89
3,458,89,10
302,3,10,7
89,302,7,490
10,89,490,3
7,10,3,178
490,7,178,8
3,490,8,10590
178,3,10590,70
8,178,70,34
10590,8,34,106
70,10590,106,9
34,70,9,78
106,34,78,1102
9,106,1102,5
78,9,5,95
1102,78,95,31
5,1102,31,18
95,5,18,10590
31,95,10590,81
18,31,81,59
10590,18,59,27
81,10590,27,44
59,81,44,11
27,59,11,34
44,27,34,31075
11,44,31075,10590
34,11,10590,78
31075,34,78,13
10590,31075,13,15024
78,10590,15024,2653
13,78,2653,70
15024,13,70,31
2653,15024,31,11
70,2653,11,44
31,70,44,11
11,31,11,7
44,11,7,25
11,44,25,1300
7,11,1300,24
25,7,24,19
1300,25,19,49
24,1300,49,1549
19,24,1549,8
49,19,8,11
1549,49,11,115
8,1549,115,80
11,8,80,116
115,11,116,31
80,115,31,26
116,80,26,16
31,116,16,1003
26,31,1003,78
16,26,78,720
1003,16,720,19
78,1003,19,2506
720,78,2506,2818
19,720,2818,9
2506,19,9,258
2818,2506,258,1800
9,2818,1800,7
258,9,7,21
1800,258,21,2
7,1800,2,1102
21,7,1102,5
2,21,5,45
1102,2,45,11
5,1102,11,929
45,5,929,42
11,45,42,129
929,11,129,650
42,929,650,648
129,42,648,18
650,129,18,18213
648,650,18213,1684
18,648,1684,5
18213,18,5,2653
1684,18213,2653,70
5,1684,70,83
2653,5,83,4808
70,2653,4808,51
83,70,51,7
4808,83,7,245
51,4808,245,3775
7,51,3775,7
245,7,7,6955
3775,245,6955,19
7,3775,19,5985
6955,7,5985,11221
19,6955,11221,8
5985,19,8,27
11221,5985,27,4505
8,11221,4505,6993
27,8,6993,9
4505,27,9,1434
6993,4505,1434,7280
9,6993,7280,7
1434,9,7,819
7280,1434,819,41
7,7280,41,344
819,7,344,65
41,819,65,1684
344,41,1684,5
65,344,5,342
1684,65,342,124
5,1684,124,23
342,5,23,64
124,342,64,60
23,124,60,171
64,23,171,127
60,64,127,1225
171,60,1225,36
127,171,36,171
1225,127,171,593
36,1225,593,127
171,36,127,69
593,171,69,13
127,593,13,10
69,127,10,47
13,69,47,1936
10,13,1936,8
47,10,8,204
1936,47,204,7
8,1936,7,118
204,8,118,4645
7,204,4645,814
118,7,814,19
4645,118,19,1391
814,4645,1391,1991
19,814,1991,19
1391,19,19,215
1991,1391,215,4778
19,1991,4778,4
215,19,4,118
4778,215,118,1463
4,4778,1463,8
118,4,8,143
1463,118,143,35
8,1463,35,4
143,8,4,10
35,143,10,846
4,35,846,13425
10,4,13425,16
846,10,16,1678
13425,846,1678,4
16,13425,4,167
1678,16,167,2
4,1678,2,1991
167,4,1991,204
2,167,204,146
1991,2,146,9468
204,1991,9468,19
146,204,19,10284
9468,146,10284,4540
19,9468,4540,4
10284,19,4,701
4540,10284,701,1391
4,4540,1391,7
701,4,7,2
1391,701,2,837
7,1391,837,4398
2,7,4398,19
837,2,19,3985
4398,837,3985,267
19,4398,267,5
3985,19,5,78
267,3985,78,32
5,267,32,52
78,5,52,70
32,78,70,45
52,32,45,16
70,52,16,245
45,70,245,25
16,45,25,11873
245,16,11873,2386
25,245,2386,8
11873,25,8,26
2386,11873,26,113
8,2386,113,4505
26,8,4505,1184
113,26,1184,37
4505,113,37,225
1184,4505,225,16
37,1184,16,41
225,37,41,344
16,225,344,65
41,16,65,4482
344,41,4482,342
65,344,342,124
4482,65,124,70
342,4482,70,45
124,342,45,16
70,124,16,196
45,70,196,2386
16,45,2386,3
196,16,3,830
2386,196,830,26
3,2386,26,34
830,3,34,1743
26,830,1743,8107
34,26,8107,3465
1743,34,3465,8
8107,1743,8,34
3465,8107,34,2934
8,3465,2934,81
34,8,81,4
2934,34,4,597
81,2934,597,765
4,81,765,198
597,4,198,322
765,597,322,5
198,765,5,1028
322,198,1028,138
5,322,138,27
1028,5,27,7
138,1028,7,86
27,138,86,94
7,27,94,6
86,7,6,1225
94,86,1225,4
6,94,4,257
1225,6,257,85
4,1225,85,31
257,4,31,13
85,257,13,28
31,85,28,8
13,31,8,11
28,13,11,137
8,28,137,64
11,8,64,173
137,11,173,6
64,137,6,844
173,64,844,15
6,173,15,204
844,6,204,59
15,844,59,657
204,15,657,13
59,204,13,1407
657,59,1407,412
13,657,412,29
1407,13,29,478
412,1407,478,3
29,412,3,179
478,29,179,148
3,478,148,56
179,3,56,3
148,179,3,4276
56,148,4276,1255
3,56,1255,6
4276,3,6,1514
1255,4276,1514,78
6,1255,78,13
1514,6,13,873
78,1514,873,42371
13,78,42371,63
873,13,63,5
42371,873,5,204
63,42371,204,3
5,63,3,17
204,5,17,39
3,204,39,3366
17,3,3366,4
39,17,4,13
3366,39,13,1991
4,3366,1991,204
13,4,204,15
1991,13,15,215
204,1991,215,297
15,204,297,78
215,15,78,358
297,215,358,2195
78,297,2195,37
358,78,37,991
2195,358,991,160
37,2195,160,6
991,37,6,204
160,991,204,2431
6,160,2431,6
204,6,6,2
2431,204,2,361
6,2431,361,152
2,6,152,23
361,2,23,275
152,361,275,42
23,152,42,417
275,23,417,6
42,275,6,1785
417,42,1785,4
6,417,4,1014
1785,6,1014,152
4,1785,152,40
1014,4,40,459
152,1014,459,20
40,152,20,88
459,40,88,344
20,459,344,5
88,20,5,48
344,88,48,173
5,344,173,29
48,5,29,120
173,48,120,18
29,173,18,33
120,29,33,388
18,120,388,10
33,18,10,86
388,33,86,6
10,388,6,130
86,10,130,2362
6,86,2362,4
130,6,4,2
2362,130,2,281
4,2362,281,57
2,4,57,6
281,2,6,1099
57,281,1099,152
6,57,152,6
1099,6,6,57
152,1099,57,357
6,152,357,30
57,6,30,16
357,57,16,37
30,357,37,3
16,30,3,18
37,16,18,4
3,37,4,85
18,3,85,6
4,18,6,54
85,4,54,344
6,85,344,139
54,6,139,13
344,54,13,1596
139,344,1596,64
13,139,64,564
1596,13,564,4
64,1596,4,321
564,64,321,1992
4,564,1992,30
321,4,30,16
1992,321,16,5164
30,1992,5164,7458
16,30,7458,45
5164,16,45,2
7458,5164,2,45
45,7458,45,923
2,45,923,2703
45,2,2703,19
923,45,19,2
2703,923,2,361
19,2703,361,310
2,19,310,6
361,2,6,699
310,361,699,20
6,310,20,8669
699,6,8669,3952
20,699,3952,5
8669,20,5,157
3952,8669,157,7
5,3952,7,2113
157,5,2113,2
7,157,2,12979
2113,7,12979,9
2,2113,9,328
12979,2,328,5
9,12979,5,4405
328,9,4405,4
5,328,4,4405
4405,5,4405,16
4,4405,16,8318
4405,4,8318,290
16,4405,290,12
8318,16,12,1028
290,8318,1028,9
12,290,9,38
1028,12,38,12004
9,1028,12004,4457
38,9,4457,4889
12004,38,4889,24
4457,12004,24,12234
4889,4457,12234,19
24,4889,19,2421
12234,24,2421,5
19,12234,5,824
2421,19,824,36
5,2421,36,1102
205,128,259,425
197,205,425,8
259,197,8,119
425,259,119,3400
8,425,3400,18
119,8,18,2302
3400,119,2302,501
18,3400,501,58
2302,18,58,127
501,2302,127,94
58,501,94,138
127,58,138,27
94,127,27,2
138,94,2,2
27,138,2,5787
2,27,5787,99982
2,2,99982,5912
5787,2,5912,58
99982,5787,58,127
5912,99982,127,1158
58,5912,1158,13
127,58,13,247
1158,127,247,5787
13,1158,5787,5115
247,13,5115,9
5787,247,9,190
5115,5787,190,151
9,5115,151,5
190,9,5,6734
151,190,6734,63814
5,151,63814,1391
6734,5,1391,339
63814,6734,339,307
1391,63814,307,19
339,1391,19,20415
307,339,20415,3288
19,307,3288,2404
20415,19,2404,13491
3288,20415,13491,364
2404,3288,364,2
13491,2404,2,3411
364,13491,3411,5
2,364,5,27
3411,2,27,791
5,3411,791,12
27,5,12,143
791,27,143,35
12,791,35,3
143,12,3,1760
35,143,1760,449
3,35,449,24
1760,3,24,2406
449,1760,2406,133
24,449,133,184
2406,24,184,3
133,2406,3,39
184,133,39,181
3,184,181,27
39,3,27,146
181,39,146,304
27,181,304,579
146,27,579,467
304,146,467,23034
579,304,23034,643
467,579,643,6
23034,467,6,4
643,23034,4,3203
6,643,3203,3715
4,6,3715,128
3203,4,128,10329
3715,3203,10329,339
128,3715,339,14
10329,128,14,981
339,10329,981,3
14,339,3,234
981,14,234,707
3,981,707,3
234,3,3,2
707,234,2,3438
3,707,3438,4
2,3,4,251
3438,2,251,993
4,3438,993,1241
251,4,1241,70
993,251,70,3
1241,993,3,1166
70,1241,1166,2
3,70,2,3420
1166,3,3420,124
2,1166,124,102
3420,2,102,143
124,3420,143,35
102,124,35,184
143,102,184,3
35,143,3,50464
184,35,50464,143
3,184,143,35
50464,3,35,7
143,50464,7,2
35,143,2,13133
7,35,13133,5
2,7,5,1217
13133,2,1217,2140
5,13133,2140,176
1217,5,176,4732
2140,1217,4732,4
176,2140,4,5872
4732,176,5872,2630
4,4732,2630,1709
5872,4,1709,7
2630,5872,7,4
1709,2630,4,3259
7,1709,3259,5
4,7,5,43
3259,4,43,237
5,3259,237,815
43,5,815,4
237,43,4,68
815,237,68,364
4,815,364,2211
68,4,2211,658
364,68,658,41779
2211,364,41779,2889
658,2211,2889,5
41779,658,5,18530
2889,41779,18530,3433
5,2889,3433,4
18530,5,4,5389
3433,18530,5389,119
4,3433,119,4680
5389,4,4680,4
119,5389,4,1241
4680,119,1241,70
4,4680,70,6
1241,4,6,1086
70,1241,1086,184
6,70,184,3
1086,6,3,11577
184,1086,11577,3411
3,184,3411,998
11577,3,998,27
3411,11577,27,3463
998,3411,3463,383
27,998,383,1452
3463,27,1452,985
383,3463,985,79
1452,383,79,1391
985,1452,1391,43330
79,985,43330,536
1391,79,536,210
43330,1391,210,5
536,43330,5,27
210,536,27,2889
5,210,2889,1472
27,5,1472,425
2889,27,425,16
1472,2889,16,3411
425,1472,3411,5
16,425,5,17831
3411,16,17831,16643
5,3411,16643,500
17831,5,500,3288
16643,17831,3288,17527
500,16643,17527,2520
3288,500,2520,449
17527,3288,449,6
2520,17527,6,143
449,2520,143,35
6,449,35,3
143,6,3,317
35,143,317,3
3,35,3,467
317,3,467,426
3,317,426,36
467,3,36,965
426,467,965,124
36,426,124,102
965,36,102,652
124,965,652,23
102,124,23,308
652,102,308,2
23,652,2,43
308,23,43,553
2,308,553,16643
43,2,16643,14
553,43,14,489
16643,553,489,6
14,16643,6,2
489,14,2,2147
6,489,2147,971
2,6,971,1328
2147,2,1328,56
971,2147,56,6
1328,971,6,1739
56,1328,1739,6
6,56,6,1864
1739,6,1864,157
6,1739,157,14
1864,6,14,2
157,1864,2,778
14,157,778,5
2,14,5,4305
778,2,4305,9200
5,778,9200,12158
4305,5,12158,4
9200,4305,4,7468
12158,9200,7468,7467
4,12158,7467,6827
7468,4,6827,4
7467,7468,4,2944
6827,7467,2944,10
4,6827,10,34
2944,4,34,17
10,2944,17,2
34,10,2,778
17,34,778,5
2,17,5,665
778,2,665,2474
5,778,2474,4
665,5,4,5352
2474,665,5352,1085
4,2474,1085,21253
5352,4,21253,55
1085,5352,55,17
21253,1085,17,485
55,21253,485,254
17,55,254,6
485,17,6,2988
254,485,2988,65589
6,254,65589,2
2988,6,2,652
65589,2988,652,34
2,65589,34,1409
652,2,1409,484
34,652,484,102
1409,34,102,10
484,1409,10,449
102,484,449,55375
10,102,55375,46704
449,10,46704,152
55375,449,152,479
46704,55375,479,307
152,46704,307,339
479,152,339,12
307,479,12,672
339,307,672,12
12,339,12,466
672,12,466,184
12,672,184,3
466,12,3,83246
184,466,83246,69
3,184,69,7
83246,3,7,21
69,83246,21,1019
7,69,1019,1406
21,7,1406,3
1019,21,3,1281
1406,1019,1281,9
3,1406,9,300
1281,3,300,29
9,1281,29,747
300,9,747,1921
29,300,1921,39
747,29,39,5
1921,747,5,339
39,1921,339,7
5,39,7,412
339,5,412,3
7,339,3,7
412,7,7,569
3,412,569,27218
7,3,27218,5
569,7,5,267
27218,569,267,2191
5,27218,2191,9
267,5,9,22
2191,267,22,712
9,2191,712,6
22,9,6,27443
712,22,27443,1902
6,712,1902,26
27443,6,26,608
1902,27443,608,6196
26,1902,6196,61
608,26,61,80
6196,608,80,509
61,6196,509,126
80,61,126,94
509,80,94,14
126,509,14,1637
94,126,1637,3
14,94,3,628
1637,14,628,4
3,1637,4,26
628,3,26,3944
4,628,3944,2257
26,4,2257,4210
3944,26,4210,8
2257,3944,8,27
4210,2257,27,14
8,4210,14,1930
27,8,1930,13742
14,27,13742,9
1930,14,9,92468
13742,1930,92468,4644
9,13742,4644,229
92468,9,229,339
4644,92468,339,14
229,4644,14,280
339,229,280,41
14,339,41,1974
280,14,1974,8
41,280,8,3288
1974,41,3288,2404
8,1974,2404,14
3288,8,14,1996
2404,3288,1996,27
14,2404,27,56
1996,14,56,5
27,1996,5,64558
56,27,64558,46626
5,56,46626,3288
64558,5,3288,48
46626,64558,48,95
3288,46626,95,151
48,3288,151,46
95,48,46,26
151,95,26,25
46,151,25,14
26,46,14,27
25,26,27,6
14,25,6,266
27,14,266,28
6,27,28,1477
266,6,1477,34911
28,266,34911,4
1477,28,4,839
34911,1477,839,745
4,34911,745,24
839,4,24,2737
745,839,2737,68215
24,745,68215,31
2737,24,31,1270
68215,2737,1270,128
31,68215,128,66
1270,31,66,26
128,1270,26,14
66,128,14,1190
26,66,1190,2587
14,26,2587,54
1190,14,54,7
2587,1190,7,1965
54,2587,1965,41139
7,54,41139,92023
1965,7,92023,92442
41139,1965,92442,293
92023,41139,293,7
92442,92023,7,190
293,92442,190,320
7,293,320,9
190,7,9,1715
320,190,1715,151
9,320,151,467
1715,9,467,97350
151,1715,97350,3202
467,151,3202,5
97350,467,5,69053
3202,97350,69053,68
5,3202,68,4
69053,5,4,839
68,69053,839,745
4,68,745,31
839,4,31,13
745,839,13,370
31,745,370,773
13,31,773,23
370,13,23,8392
773,370,8392,23
23,773,23,6159
8392,23,6159,444
23,8392,444,28
6159,23,28,8
444,6159,8,98
28,444,98,430
8,28,430,151
98,8,151,8
430,98,8,1461
151,430,1461,27
8,151,27,14
1461,8,14,377
27,1461,377,25
14,27,25,87
377,14,87,10
25,377,10,7
87,25,7,299
10,87,299,3
7,10,3,439
299,7,439,5
3,299,5,37108
439,3,37108,2
5,439,2,447
37108,5,447,3
2,37108,3,81
447,2,81,11
3,447,11,28
81,3,28,8
11,81,8,2142
28,11,2142,5
8,28,5,2813
2142,8,2813,51
5,2142,51,430
2813,5,430,105319
51,2813,105319,114
430,51,114,50
105319,430,50,4985
114,105319,4985,5
50,114,5,339
4985,50,339,29
5,4985,29,149
339,5,149,1471
29,339,1471,8
149,29,8,135
1471,149,135,127
8,1471,127,94
135,8,94,78
127,135,78,32
94,127,32,13
78,94,13,1289
32,78,1289,5
13,32,5,27
1289,13,27,1246
5,1289,1246,118
27,5,118,1611
1246,27,1611,3
118,1246,3,4182
1611,118,4182,430
3,1611,430,2037
4182,3,2037,14406
430,4182,14406,2
2037,430,2,2378
14406,2037,2378,124
2,14406,124,745
2378,2,745,24
124,2378,24,2737
745,124,2737,103799
24,745,103799,14
2737,24,14,3427
103799,2737,3427,5
14,103799,5,2
3427,14,2,60
5,3427,60,66
2,5,66,404
60,2,404,59
66,60,59,521
404,66,521,1686
59,404,1686,25
521,59,25,136
1686,521,136,37
25,1686,37,817
136,25,817,910
37,136,910,4
817,37,4,634
910,817,634,8
4,910,8,26
634,4,26,7
8,634,7,21
26,8,21,25
7,26,25,51
21,7,51,14
25,21,14,1310
51,25,1310,9
14,51,9,43324
1310,14,43324,396
9,1310,396,9932
43324,9,9932,476
396,43324,476,8
9932,396,8,162
476,9932,162,44
8,476,44,14406
162,8,14406,28
44,162,28,430
14406,44,430,623
28,14406,623,27
430,28,27,101
623,430,101,84
27,623,84,26
101,27,26,219
84,101,219,110
26,84,110,3
219,26,3,25
110,219,25,476
3,110,476,26
25,3,26,55
476,25,55,3
26,476,3,96
55,26,96,89
3,55,89,234
96,3,234,3805
89,96,3805,4
234,89,4,1173
3805,234,1173,95880
4,3805,95880,1534
1173,4,1534,1184
95880,1173,1184,146
1534,95880,146,75
1184,1534,75,4
146,1184,4,3203
75,146,3203,167
4,75,167,27
3203,4,27,228
167,3203,228,9
27,167,9,2
228,27,2,896
9,228,896,4
2,9,4,1135
896,2,1135,2631
4,896,2631,5
1135,4,5,449
2631,1135,449,2406
5,2631,2406,143
449,5,143,35
2406,449,35,375
143,2406,375,67
35,143,67,133
375,35,133,1102
67,375,1102,55
133,67,55,678
1102,133,678,56
55,1102,56,51
678,55,51,1239
56,678,1239,7
51,56,7,110
1239,51,110,30424
7,1239,30424,1391
110,7,1391,339
30424,110,339,364
1391,30424,364,8
339,1391,8,368
364,339,368,29
8,364,29,51562
368,8,51562,56
29,368,56,357
51562,29,357,1239
56,51562,1239,184
357,56,184,3
1239,357,3,34490
184,1239,34490,1665
3,184,1665,5
34490,3,5,890
1665,34490,890,167
5,1665,167,27
890,5,27,28
167,890,28,11
27,167,11,40
28,27,40,1680
11,28,1680,803
40,11,803,5697
1680,40,5697,83
803,1680,83,76
5697,803,76,3009
83,5697,3009,4
76,83,4,1892
3009,76,1892,103533
4,3009,103533,40251
1892,4,40251,40
103533,1892,40,1114
40251,103533,1114,3
40,40251,3,25
1114,40,25,10
