186,8,3,1545
89,186,1545,4
3,89,4,3603
1545,3,3603,118
4,1545,118,508
3603,4,508,2
118,3603,2,3358
508,118,3358,31
2,508,31,1843
3358,2,1843,519
31,3358,519,3
1843,31,3,1080
519,1843,1080,1028
3,519,1028,9
1080,3,9,1765
1028,1080,1765,15
9,1028,15,190
1765,9,190,2887
15,1765,2887,1709
190,15,1709,21
2887,190,21,86
1709,2887,86,3921
21,1709,3921,595
86,21,595,1280
3921,86,1280,984
595,3921,984,5
1280,595,5,303
984,1280,303,1765
5,984,1765,12
303,5,12,67
1765,303,67,770
12,1765,770,29
67,12,29,68
770,67,68,61776
29,770,61776,12968
68,29,12968,6836
61776,68,6836,168
12968,61776,168,54
6836,12968,54,19272
168,6836,19272,7
54,168,7,458
19272,54,458,3
7,19272,3,4337
458,7,4337,15
3,458,15,71968
4337,3,71968,118
15,4337,118,99
71968,15,99,1765
118,71968,1765,34
99,118,34,21
1765,99,21,86
34,1765,86,27240
21,34,27240,3379
86,21,3379,15
27240,86,15,1712
3379,27240,1712,10862
15,3379,10862,641
1712,15,641,4
10862,1712,4,2304
641,10862,2304,416
4,641,416,29
2304,4,29,1709
416,2304,1709,68
29,416,68,3921
1709,29,3921,90
68,1709,90,5
3921,68,5,194
90,3921,194,30
5,90,30,380
194,5,380,47
30,194,47,1379
380,30,1379,9
47,380,9,12177
1379,47,12177,206
9,1379,206,16
12177,9,16,30
206,12177,30,164
16,206,164,51
30,16,51,1160
164,30,1160,5
51,164,5,2122
1160,51,2122,120
5,1160,120,16
2122,5,16,30
120,2122,30,2685
16,120,2685,3358
30,16,3358,661
2685,30,661,104
3358,2685,104,194
661,3358,194,880
104,661,880,12968
194,104,12968,4
880,194,4,3914
12968,880,3914,19
4,12968,19,97534
3914,4,97534,98538
19,3914,98538,5752
97534,19,5752,920
98538,97534,920,62
5752,98538,62,2239
920,5752,2239,179
62,920,179,4
2239,62,4,62
179,2239,62,332
4,179,332,417
62,4,417,392
332,62,392,738
417,332,738,26
392,417,26,576
738,392,576,74
26,738,74,268
576,26,268,258
74,576,258,568
268,74,568,589
258,268,589,5
568,258,5,626
589,568,626,231
5,589,231,2760
626,5,2760,18
231,626,18,7617
2760,231,7617,3
18,2760,3,3358
7617,18,3358,519
3,7617,519,4
3358,3,4,18
519,3358,18,13
4,519,13,924
18,4,924,3
13,18,3,2553
924,13,2553,104
3,924,104,1291
2553,3,1291,6
104,2553,6,38
1291,104,38,244
6,1291,244,4
38,6,4,392
244,38,392,738
4,244,738,8
392,4,8,26
738,392,26,478
8,738,478,99
26,8,99,1765
478,26,1765,1178
99,478,1178,8
1765,99,8,30
1178,1765,30,16
8,1178,16,21
30,8,21,1074
16,30,1074,4
21,16,4,8
1074,21,8,699
4,1074,699,7
8,4,7,4930
699,8,4930,65
7,699,65,5252
4930,7,5252,336
65,4930,336,497
2823,19,884,1171
15827,2823,1171,5
884,15827,5,226
1171,884,226,172
5,1171,172,2259
226,5,2259,18
172,226,18,154
2259,172,154,570
18,2259,570,3
154,18,3,956
570,154,956,70
3,570,70,45
956,3,45,21
70,956,21,3
45,70,3,1595
21,45,1595,138
3,21,138,27
1595,3,27,3
138,1595,3,17
27,138,17,235
3,27,235,63
17,3,63,5
235,17,5,143
63,235,143,35
5,63,35,884
143,5,884,5
35,143,5,226
884,35,226,172
5,884,172,2259
226,5,2259,18
172,226,18,154
2259,172,154,570
18,2259,570,3
154,18,3,956
570,154,956,70
3,570,70,45
956,3,45,21
70,956,21,3
45,70,3,1595
21,45,1595,138
3,21,138,27
1595,3,27,3
138,1595,3,17
27,138,17,235
3,27,235,63
17,3,63,5
235,17,5,143
63,235,143,35
5,63,35,6
143,5,6,750
35,143,750,2259
6,35,2259,3192
750,6,3192,2
2259,750,2,1168
3192,2259,1168,288
2,3192,288,188
1168,2,188,337
288,1168,337,206
188,288,206,114
337,188,114,121
206,337,121,21
114,206,21,106
121,114,106,9
21,121,9,27
106,21,27,29
9,106,29,10
27,9,10,2
29,27,2,38
10,29,38,1734
2,10,1734,8
38,2,8,14
1734,38,14,3126
8,1734,3126,11
14,8,11,1611
3126,14,1611,9770
11,3126,9770,1144
1611,11,1144,4
9770,1611,4,1807
1144,9770,1807,3736
4,1144,3736,74
1807,4,74,7488
3736,1807,7488,2627
74,3736,2627,5
7488,74,5,7895
2627,7488,7895,288
5,2627,288,188
7895,5,188,86784
288,7895,86784,27
188,288,27,7
86784,188,7,2
27,86784,2,1130
7,27,1130,4088
2,7,4088,655
1130,2,655,9
4088,1130,9,133
655,4088,133,11
9,655,11,39143
133,9,39143,1606
11,133,1606,8046
39143,11,8046,976
1606,39143,976,6
8046,1606,6,166
976,8046,166,1182
6,976,1182,15
166,6,15,1807
1182,166,1807,3736
15,1182,3736,4
1807,15,4,1611
3736,1807,1611,11109
4,3736,11109,7574
1611,4,7574,74
11109,1611,74,3236
7574,11109,3236,15
74,7574,15,738
3236,74,738,52
15,3236,52,612
738,15,612,11
52,738,11,1363
612,52,1363,2
11,612,2,2244
1363,11,2244,837
2,1363,837,3
2244,2,3,6098
837,2244,6098,5
3,837,5,135
6098,3,135,4
5,6098,4,288
135,5,288,1182
4,135,1182,4
288,4,4,3
1182,288,3,3830
4,1182,3830,5
3,4,5,133
3830,3,133,9
5,3830,9,104
133,5,104,337
9,133,337,30
104,9,30,1680
337,104,1680,3403
30,337,3403,8
1680,30,8,33
3403,1680,33,25
8,3403,25,21
33,8,21,106
25,33,106,9
21,25,9,138
106,21,138,27
9,106,27,27
138,9,27,486
27,138,486,12
27,27,12,515
486,27,515,16
12,486,16,1130
515,12,1130,3
16,515,3,3830
1130,16,3830,5
3,1130,5,133
3830,3,133,10
5,3830,10,7
133,5,7,72
10,133,72,8
7,10,8,27
72,7,27,7
8,72,7,2
27,8,2,417
7,27,417,5
2,7,5,572
417,2,572,1764
5,417,1764,31
572,5,31,899
1764,572,899,98
31,1764,98,5
899,31,5,399
98,899,399,4108
5,98,4108,8
399,5,8,114
4108,399,114,121
8,4108,121,1153
114,8,1153,6
121,114,6,2
1153,121,2,63
6,1153,63,10
2,6,10,7
63,2,7,68
10,63,68,8
7,10,8,22
68,7,22,648
8,68,648,16
22,8,16,4097
648,22,4097,2259
16,648,2259,25
4097,16,25,863
2259,4097,863,104
25,2259,104,1105
863,25,1105,5
104,863,5,750
1105,104,750,367
5,1105,367,2259
750,5,2259,16
367,750,16,2848
2259,367,2848,1177
16,2259,1177,356
2848,16,356,26
1177,2848,26,384
356,1177,384,27
26,356,27,4
384,26,4,22
27,384,22,354
4,27,354,2
22,4,2,2
354,22,2,447
2,354,447,3
2,2,3,70
447,2,70,515
3,447,515,138
70,3,138,27
515,70,27,288
138,515,288,354
27,138,354,16
288,27,16,292
354,288,292,6
16,354,6,738
292,16,738,27
6,292,27,7
738,6,7,2339
27,738,2339,2
7,27,2,5820
2339,7,5820,4
2,2339,4,59
5820,2,59,5
4,5820,5,226
59,4,226,172
5,59,172,2259
226,5,2259,2991
172,226,2991,8
2259,172,8,2
2991,2259,2,106
8,2991,106,9
2,8,9,27
106,2,27,7
9,106,7,2
27,9,2,1130
7,27,1130,655
2,7,655,9
1130,2,9,133
655,1130,133,114
9,655,114,40
133,9,40,17
114,133,17,1607
40,114,1607,3
17,40,3,1795
2237,80,16,1712
5332,2237,1712,3
16,5332,3,346
1712,16,346,179
3,1712,179,29
346,3,29,62
179,346,62,571
29,179,571,7
62,29,7,262
571,62,262,3109
7,571,3109,93916
262,7,93916,3195
3109,262,3195,13
93916,3109,13,47
3195,93916,47,168
13,3195,168,6221
47,13,6221,228
168,47,228,2606
6221,168,2606,6
228,6221,6,91109
2606,228,91109,157
6,2606,157,4
91109,6,4,154
157,91109,154,56
4,157,56,57
154,4,57,210
56,154,210,6
57,56,6,1308
210,57,1308,5
6,210,5,11
1308,6,11,317
5,1308,317,24
11,5,24,598
317,11,598,3
24,317,3,3500
598,24,3500,25
3,598,25,22
3500,3,22,347
25,3500,347,77
22,25,77,17
347,22,17,1702
77,347,1702,3
17,77,3,22
1702,17,22,872
3,1702,872,804
22,3,804,29
872,22,29,59
804,872,59,22
29,804,22,39
59,29,39,262
22,59,262,10526
39,22,10526,15
262,39,15,2
10526,262,2,7614
15,10526,7614,75
2,15,75,72
7614,2,72,378
75,7614,378,205
72,75,205,371
378,72,371,3195
205,378,3195,14
371,205,14,6
3195,371,6,1474
14,3195,1474,5332
6,14,5332,6
1474,6,6,2
5332,1474,2,831
6,5332,831,262
2,6,262,535
831,2,535,12510
262,831,12510,455
535,262,455,406
12510,535,406,4
455,12510,4,15
406,455,15,103
4,406,103,1015
15,4,1015,1249
103,15,1249,168
1015,103,168,55056
1249,1015,55056,275
168,1249,275,223
55056,168,223,22
275,55056,22,567
223,275,567,11
22,223,11,14
567,22,14,165
11,567,165,2
14,11,2,7781
165,14,7781,3
2,165,3,11346
7781,2,11346,418
3,7781,418,15
11346,3,15,281
418,11346,281,542
15,418,542,36
281,15,36,1335
542,281,1335,3
36,542,3,484
1335,36,484,3
3,1335,3,9
484,3,9,144
3,484,144,7
9,3,7,14
144,9,14,1879
7,144,1879,5328
14,7,5328,87
1879,14,87,7
5328,1879,7,7
87,5328,7,116
7,87,116,580
7,7,580,164
116,7,164,11
580,116,11,49617
164,580,49617,15
11,164,15,22
49617,11,22,872
15,49617,872,400
22,15,400,6
872,22,6,2328
400,872,2328,1828
6,400,1828,66
2328,6,66,8
1828,2328,8,1219
66,1828,1219,14
8,66,14,42
1219,8,42,5
14,1219,5,2582
42,14,2582,5719
5,42,5719,3195
2582,5,3195,630
5719,2582,630,10
3195,5719,10,48
630,3195,48,16471
10,630,16471,179
48,10,179,15294
16471,48,15294,15
179,16471,15,57
15294,179,57,804
15,15294,804,23
57,15,23,22
804,57,22,1015
23,804,1015,100
22,23,100,391
1015,22,391,13614
100,1015,13614,159
391,100,159,2415
13614,391,2415,3211
159,13614,3211,1141
2415,159,1141,262
3211,2415,262,979
1141,3211,979,332
262,1141,332,153
979,262,153,41
332,979,41,10093
153,332,10093,30
41,153,30,56
10093,41,56,79
30,10093,79,104398
56,30,104398,20
79,56,20,268
104398,79,268,848
20,104398,848,271
268,20,271,160
848,268,160,99
271,848,99,324
160,271,324,2
99,160,2,503
324,99,503,2073
2,324,2073,493
503,2,493,8
2073,503,8,340
493,2073,340,697
8,493,697,3
340,8,3,407
697,340,407,89
3,697,89,21
407,3,21,241
89,407,241,75
21,89,75,324
241,21,324,2
75,241,2,251
324,75,251,24
2,324,24,131
251,2,131,493
24,251,493,8
131,24,8,13
493,131,13,2420
8,493,2420,89
13,8,89,198
2420,13,198,10
89,2420,10,14
198,89,14,1712
10,198,1712,2
14,10,2,39
1712,14,39,4030
2,1712,4030,1121
39,2,1121,26536
4030,39,26536,1883
1121,4030,1883,4
26536,1121,4,1900
1883,26536,1900,3195
4,1883,3195,3
1900,4,3,17
3195,1900,17,177
3,3195,177,5
17,3,5,14682
177,17,14682,262
5,177,262,242
14682,5,242,39
262,14682,39,2184
242,262,2184,4
39,242,4,554
2184,39,554,214
4,2184,214,9
554,4,9,3195
214,554,3195,4
9,214,4,22
3195,9,22,347
4,3195,347,10
22,4,10,68
347,22,68,929
10,347,929,2
68,10,2,1457
929,68,1457,460
2,929,460,5
1457,2,5,2504
460,1457,2504,9114
5,460,9114,6
2504,5,6,43
9114,2504,43,60022
6,9114,60022,43
43,6,43,262
60022,43,262,535
43,60022,535,7
262,43,7,8071
535,262,8071,65
7,535,65,33
8071,7,33,230
65,8071,230,1366
33,65,1366,560
230,33,560,3109
1366,230,3109,7
560,1366,7,9045
3109,560,9045,80
7,3109,80,2
9045,7,2,201
80,9045,201,262
2,80,262,535
201,2,535,270
262,201,270,635
535,262,635,242
270,535,242,999
635,270,999,16
242,635,16,1041
999,242,1041,9
16,999,9,43
1041,16,43,43762
9,1041,43762,1418
43,9,1418,7
43762,43,7,280
1418,43762,280,4
7,1418,4,10206
280,7,10206,10
4,280,10,1426
10206,4,1426,3
10,10206,3,16
1426,10,16,42
3,1426,42,5
16,3,5,5614
42,16,5614,1468
5,42,1468,5
5614,5,5,306
1468,5614,306,2942
5,1468,2942,4
306,5,4,10
2942,306,10,3201
4,2942,3201,529
10,4,529,217
3201,10,217,5
529,3201,5,45
217,529,45,31
5,217,31,16
45,5,16,2237
31,45,2237,5332
16,31,5332,4
2237,16,4,6
5332,2237,6,90
4,5332,90,187
6,4,187,23
90,6,23,692
187,90,692,5
23,187,5,3780
692,23,3780,56
5,692,56,5
3780,5,5,4727
56,3780,4727,47042
5,56,47042,1577
4727,5,1577,262
47042,4727,262,754
1577,47042,754,13
262,1577,13,41
754,262,41,4568
13,754,4568,5579
41,13,5579,288
4568,41,288,2212
5579,4568,2212,409
288,5579,409,157
2212,288,157,9
409,2212,9,99
157,409,99,60
9,157,60,170
99,9,170,306
60,99,306,2942
170,60,2942,2204
306,170,2204,448
2942,306,448,76
2204,2942,76,66
448,2204,66,404
76,448,404,3560
66,76,3560,4
404,66,4,390
3560,404,390,199
4,3560,199,346
390,4,346,2
199,390,2,408
346,199,408,5
2,346,5,70
408,2,70,454
5,408,454,2
70,5,2,1280
454,70,1280,384
2,454,384,5
1280,2,5,60011
384,1280,60011,66
5,384,66,796
60011,5,796,2933
66,60011,2933,43
796,66,43,2504
2933,796,2504,983
43,2933,983,170
2504,43,170,4
983,2504,4,158
170,983,158,43
4,170,43,2606
158,4,2606,497
43,158,497,13
2606,43,13,2721
497,2606,2721,3
13,497,3,129
2721,13,129,5
3,2721,5,1147
129,3,1147,163
5,129,163,2
1147,5,2,5
163,1147,5,1001
2,163,1001,83
5,2,83,24
1001,5,24,129
83,1001,129,2
24,83,2,66
129,24,66,50621
2,129,50621,828
66,2,828,201
50621,66,201,39
828,50621,39,8
201,828,8,6451
39,201,6451,983
8,39,983,13
6451,8,13,2201
983,6451,2201,2
13,983,2,182
2201,13,182,5
2,2201,5,2504
182,2,2504,1670
5,182,1670,8
2504,5,8,2989
1670,2504,2989,24
8,1670,24,2942
2989,8,2942,44
24,2989,44,2028
2942,24,2028,10946
44,2942,10946,31
2028,44,31,7
10946,2028,7,3120
31,10946,3120,288
7,31,288,6175
3120,7,6175,5
288,3120,5,11949
6175,288,11949,645
5,6175,645,29
11949,5,29,23
645,11949,23,593
29,645,593,905
23,29,905,5
593,23,5,262
905,593,262,2446
5,905,2446,190
262,5,190,205
2446,262,205,3
190,2446,3,103
205,190,103,66
3,205,66,34
103,3,34,584
66,103,584,17
34,66,17,816
584,34,816,3
17,584,3,1097
816,17,1097,601
3,816,601,61749
1097,3,61749,209
601,1097,209,80
61749,601,80,2
209,61749,2,8336
80,209,8336,1113
2,80,1113,276
8336,2,276,143
1113,8336,143,35
276,1113,35,1058
143,276,1058,22215
35,143,22215,65
1058,35,65,90
22215,1058,90,846
65,22215,846,226
90,65,226,303
846,90,303,5
226,846,5,1841
303,226,1841,567
5,303,567,7
1841,5,7,68
567,1841,68,55614
7,567,55614,3676
68,7,3676,935
55614,68,935,13
3676,55614,13,47
935,3676,47,16449
13,935,16449,4
47,13,4,2140
16449,47,2140,6672
4,16449,6672,80
2140,4,80,126
6672,2140,126,2942
80,6672,2942,95
126,80,95,1420
2942,126,1420,18
95,2942,18,84
1420,95,84,247
18,1420,247,813
84,18,813,105
247,84,105,194
813,247,194,3671
105,813,3671,769
194,105,769,24
3671,194,24,58
769,3671,58,4
24,769,4,135
58,24,135,195
4,58,195,4286
135,4,4286,6
195,135,6,6761
4286,195,6761,3
6,4286,3,2
6761,6,2,127
3,6761,127,85
2,3,85,6
127,2,6,2452
85,127,2452,24
6,85,24,5140
2452,6,5140,3
24,2452,3,1942
5140,24,1942,951
3,5140,951,1383
1942,3,1383,13
951,1942,13,1893
1383,951,1893,39
13,1383,39,2281
1893,13,2281,9
39,1893,9,1788
2281,39,1788,29
9,2281,29,7
1788,9,7,68
29,1788,68,7919
7,29,7919,1349
68,7,1349,3327
7919,68,3327,2259
1349,7919,2259,7986
3327,1349,7986,28031
2259,3327,28031,20068
7986,2259,20068,1891
28031,7986,1891,6
20068,28031,6,2
1891,20068,2,563
6,1891,563,932
2,6,932,7
563,2,7,74
932,563,74,12068
7,932,12068,2
74,7,2,475
12068,74,475,6
2,12068,6,54
475,2,54,4
6,475,4,2820
54,6,2820,698
4,54,698,1711
2820,4,1711,1136
698,2820,1136,239
1711,698,239,805
1136,1711,805,5
239,1136,5,597
805,239,597,61076
5,805,61076,2
597,5,2,43
61076,597,43,1362
2,61076,1362,24
43,2,24,88
1362,43,88,8692
24,1362,8692,262
88,24,262,29
8692,88,29,170
262,8692,170,306
29,262,306,3365
170,29,3365,2
306,170,2,2926
3365,306,2926,422
2,3365,422,217
2926,2,217,5
422,2926,5,17746
217,422,17746,1092
5,217,1092,16
17746,5,16,165
1092,17746,165,261
16,1092,261,179
165,16,179,36
261,165,36,19030
179,261,19030,76
36,179,76,18
19030,36,18,6538
76,19030,6538,262
18,76,262,511
6538,18,511,65
262,6538,65,5014
511,262,5014,42
65,511,42,26
5014,65,26,403
42,5014,403,9
26,42,9,76
403,26,76,18
9,403,18,2323
76,9,2323,25
18,76,25,4502
2323,18,4502,8
25,2323,8,26
4502,25,26,380
8,4502,380,1593
26,8,1593,80
380,26,80,615
1593,380,615,9
80,1593,9,26754
615,80,26754,531
9,615,531,1891
26754,9,1891,7
531,26754,7,8
1891,531,8,90
7,1891,90,5
8,7,5,94084
90,8,94084,70
5,90,70,18
94084,5,18,247
70,94084,247,25
18,70,25,13037
247,18,13037,24
25,247,24,4727
13037,25,4727,82
24,13037,82,1444
4727,24,1444,959
82,4727,959,1335
1444,82,1335,79891
959,1444,79891,82
1335,959,82,8
79891,1335,8,26
82,79891,26,132
8,82,132,208
26,8,208,179
132,26,179,45250
208,132,45250,497
179,208,497,5
45250,179,5,1147
497,45250,1147,163
5,497,163,3350
1147,5,3350,336
163,1147,336,5
3350,163,5,43
336,3350,43,1866
