389,311,1349,3587
667,389,3587,12
1349,667,12,10370
3587,1349,10370,1046
12,3587,1046,401
10370,12,401,1076
1046,10370,1076,2117
401,1046,2117,5
1076,401,5,45
2117,1076,45,46
5,2117,46,21
45,5,21,1504
46,45,1504,3
21,46,3,23460
1504,21,23460,215
3,1504,215,745
23460,3,745,4
215,23460,4,77279
745,215,77279,46
4,745,46,178
77279,4,178,8
46,77279,8,157
178,46,157,150
8,178,150,2070
157,8,2070,7
150,157,7,1155
2070,150,1155,794
7,2070,794,9
1155,7,9,2363
794,1155,2363,3985
9,794,3985,20
2363,9,20,151
3985,2363,151,54
20,3985,54,123
151,20,123,18292
54,151,18292,3
123,54,3,4
18292,123,4,19289
3,18292,19289,1552
4,3,1552,7
19289,4,7,25
1552,19289,25,1673
7,1552,1673,4
25,7,4,25
1673,25,25,1512
4,1673,1512,8
25,4,8,53
1512,25,53,334
8,1512,334,8
53,8,8,147
334,53,147,17
8,334,17,453
147,8,453,164
17,147,164,321
453,17,321,30
164,453,30,55
321,164,55,44
30,321,44,20
55,30,20,2
44,55,2,15
20,44,15,1548
2,20,1548,26
15,2,26,16
1548,15,16,3620
26,1548,3620,6
16,26,6,197
3620,16,197,832
6,3620,832,19
197,6,19,1514
832,197,1514,56
19,832,56,820
1514,19,820,7001
56,1514,7001,26
820,56,26,16
7001,820,16,1855
26,7001,1855,11188
16,26,11188,87
1855,16,87,5
11188,1855,5,38
87,11188,38,1335
5,87,1335,3
38,5,3,273
1335,38,273,812
3,1335,812,3
273,3,3,161
812,273,161,675
3,812,675,301
161,3,301,26
675,161,26,18
301,675,18,47
26,301,47,921
18,26,921,80
47,18,80,13317
921,47,13317,6
80,921,6,6179
13317,80,6179,2005
6,13317,2005,74
6179,6,74,128
2005,6179,128,17505
74,2005,17505,321
128,74,321,270
17505,128,270,10
321,17505,10,2810
270,321,2810,31
10,270,31,488
2810,10,488,88
31,2810,88,1991
488,31,1991,19
88,488,19,4
1991,88,4,88
19,1991,88,2674
4,19,2674,3
88,4,3,27
2674,88,27,2738
3,2674,2738,30
27,3,30,55
2738,27,55,3935
30,2738,3935,3
55,30,3,800
3935,55,800,2
3,3935,2,21509
800,3,21509,173
2,800,173,7034
21509,2,7034,3549
173,21509,3549,223
7034,173,223,99
3549,7034,99,258
223,3549,258,7421
99,223,7421,46
258,99,46,1548
7421,258,1548,7055
46,7421,7055,3587
1548,46,3587,46
7055,1548,46,16
3587,7055,16,6179
46,3587,6179,8312
16,46,8312,104
6179,16,104,5
8312,6179,5,376
104,8312,376,16
5,104,16,45
376,5,45,579
16,376,579,6
45,16,6,2153
579,45,2153,5
6,579,5,306
2153,6,306,2950
5,2153,2950,435
306,5,435,82291
2950,306,82291,31
435,2950,31,2739
82291,435,2739,586
31,82291,586,12
2739,31,12,1649
586,2739,1649,108
12,586,108,2
1649,12,2,10
108,1649,10,7
2,108,7,1539
10,2,1539,238
7,10,238,188
1539,7,188,2
238,1539,2,72
188,238,72,190
2,188,190,2785
72,2,2785,5
190,72,5,51353
2785,190,51353,2881
5,2785,2881,46
51353,5,46,2150
2881,51353,2150,5
46,2881,5,451
2150,46,451,8312
5,2150,8312,5365
451,5,5365,2718
8312,451,2718,4
5365,8312,4,99061
2718,5365,99061,16
4,2718,16,2
99061,4,2,8178
16,99061,8178,4
2,16,4,43571
8178,2,43571,151
4,8178,151,46
43571,4,46,36
151,43571,36,184
46,151,184,3
36,46,3,1282
184,36,1282,5306
3,184,5306,4
1282,3,4,106894
5306,1282,106894,321
4,5306,321,536
106894,4,536,107
321,106894,107,26
536,321,26,18
107,536,18,146
26,107,146,90
18,26,90,1815
146,18,1815,15
90,146,15,8930
1815,90,8930,9330
15,1815,9330,5
8930,15,5,151
9330,8930,151,80
5,9330,80,2
151,5,2,26
80,151,26,18
2,80,18,1722
26,2,1722,3371
18,26,3371,38
1722,18,38,1651
3371,1722,1651,6178
38,3371,6178,3
1651,38,3,6233
6178,1651,6233,2303
3,6178,2303,2881
6233,3,2881,5
2303,6233,5,93920
2881,2303,93920,3106
5,2881,3106,40439
93920,5,40439,8312
3106,93920,8312,25
40439,3106,25,18
8312,40439,18,2969
25,8312,2969,7697
18,25,7697,26
2969,18,26,18
7697,2969,18,2969
26,7697,2969,385
18,26,385,4
2969,18,4,25
385,2969,25,10
4,385,10,313
25,4,313,253
10,25,253,8
313,10,8,52
253,313,52,27
8,253,27,192
52,8,192,46
27,52,46,36
192,27,36,580
46,192,580,73
36,46,73,27
580,36,27,6
73,580,6,475
27,73,475,46
6,27,46,90
475,6,90,8312
46,475,8312,34
90,46,34,17
8312,90,17,1095
34,8312,1095,3
17,34,3,1362
1095,17,1362,24
3,1095,24,38
1362,3,38,43748
24,1362,43748,4448
38,24,4448,3
43748,38,3,1262
4448,43748,1262,6
3,4448,6,71271
1262,3,71271,5
6,1262,5,166
71271,6,166,427
5,71271,427,3655
166,5,3655,3
427,166,3,67
3655,427,67,1661
3,3655,1661,15403
67,3,15403,5
1661,67,5,3204
15403,1661,3204,30
5,15403,30,55
3204,5,55,946
30,3204,946,137
55,30,137,8
946,55,8,103
137,946,103,5
8,137,5,81
103,8,81,1548
5,103,1548,4
81,5,4,2810
1548,81,2810,18
4,1548,18,47
2810,4,47,6443
18,2810,6443,1516
47,18,1516,6
6443,47,6,838
1516,6443,838,5
6,1516,5,354
838,6,354,8
5,838,8,7
354,5,7,462
8,354,462,597
7,8,597,116
462,7,116,120
597,462,120,1548
116,597,1548,4
120,116,4,2810
1548,120,2810,524
4,1548,524,12
2810,4,12,4531
524,2810,4531,5
12,524,5,532
4531,12,532,1404
5,4531,1404,57
532,5,57,103
1404,532,103,151
57,1404,151,46
103,57,46,7055
151,103,7055,4
46,151,4,1349
7055,46,1349,3587
4,7055,3587,46
1349,4,46,18
3587,1349,18,784
46,3587,784,3
18,46,3,96
784,18,96,586
3,784,586,485
96,3,485,8
586,96,8,7
485,586,7,375
8,485,375,27
7,8,27,9
375,7,9,88
27,375,88,177
9,27,177,7055
88,9,7055,4
177,88,4,3587
7055,177,3587,18
4,7055,18,21
3587,4,21,47
18,3587,47,1635
21,18,1635,26
47,21,26,380
1635,47,380,72
26,1635,72,47
380,26,47,7867
72,380,7867,5
47,72,5,745
7867,47,745,2076
5,7867,2076,419
745,5,419,1705
2076,745,1705,4
419,2076,4,6114
1705,419,6114,2753
4,1705,2753,2191
6114,4,2191,164
2753,6114,164,4
2191,2753,4,53
164,2191,53,1329
4,164,1329,1680
53,4,1680,37
1329,53,37,139
1680,1329,139,29
37,1680,29,208
139,37,208,1340
29,139,1340,2
208,29,2,150
1340,208,150,17291
2,1340,17291,962
150,2,962,80
17291,150,80,1635
962,17291,1635,151
80,962,151,156
1635,80,156,2
151,1635,2,70
156,151,70,6730
2,156,6730,4
70,2,4,745
6730,70,745,5
4,6730,5,238
745,4,238,124
5,745,124,5267
238,5,5267,2
124,238,2,26
5267,124,26,230
2,5267,230,17
26,2,17,18
230,26,18,13
17,230,13,334
18,17,334,984
13,18,984,5
334,13,5,500
984,334,500,12
5,984,12,238
500,5,238,1091
12,500,1091,20
238,12,20,30572
1091,238,30572,738
20,1091,738,46
30572,20,46,8
738,30572,8,80
46,738,80,273
8,46,273,151
80,8,151,55
273,80,55,17
151,273,17,31953
55,151,31953,1724
17,55,1724,2232
31953,17,2232,151
1724,31953,151,3
2232,1724,3,1518
151,2232,1518,44
3,151,44,46
1518,3,46,7
44,1518,7,149
46,44,149,2607
7,46,2607,142
149,7,142,6
2607,149,6,3419
142,2607,3419,2128
6,142,2128,19437
3419,6,19437,2383
2128,3419,2383,5
19437,2128,5,22
2383,19437,22,1550
5,2383,1550,876
22,5,876,3534
1550,22,3534,628
876,1550,628,4
3534,876,4,185
628,3534,185,122
4,628,122,60237
185,4,60237,674
122,185,674,659
60237,122,659,73
674,60237,73,4
659,674,4,61855
73,659,61855,25513
4,73,25513,2192
61855,4,2192,5967
25513,61855,5967,203
2192,25513,203,2
5967,2192,2,17707
203,5967,17707,321
2,203,321,19437
17707,2,19437,218
321,17707,218,2192
19437,321,2192,203
218,19437,203,17707
2192,218,17707,34
203,2192,34,21
17707,203,21,942
34,17707,942,2905
21,34,2905,3257
942,21,3257,42
2905,942,42,44
3257,2905,44,10
42,3257,10,34
44,42,34,10853
10,44,10853,4
34,10,4,2906
10853,34,2906,12049
4,10853,12049,13
2906,4,13,3
12049,2906,3,981
13,12049,981,3537
3,13,3537,6
981,3,6,67
3537,981,67,60
6,3537,60,27
67,6,27,13
60,67,13,3573
27,60,3573,61854
13,27,61854,3537
3573,13,3537,74
61854,3573,74,268
3537,61854,268,66
74,3537,66,122
268,74,122,882
66,268,882,152
122,66,152,13
882,122,13,218
152,882,218,3
13,152,3,10303
218,13,10303,769
3,218,769,12
10303,3,12,1695
769,10303,1695,173
12,769,173,5
1695,12,5,9767
173,1695,9767,4
5,173,4,13238
9767,5,13238,45
4,9767,45,5
13238,4,5,17707
45,13238,17707,18
5,45,18,5939
17707,5,5939,61
18,17707,61,70
5939,18,70,356
61,5939,356,27
70,61,27,13
356,70,13,2852
27,356,2852,6443
13,27,6443,3
2852,13,3,161
6443,2852,161,5
3,6443,5,22
161,3,22,151
5,161,151,3
22,5,3,7055
151,22,7055,11
3,151,11,13
7055,3,13,3277
11,7055,3277,22
13,11,22,268
3277,13,268,941
22,3277,941,3
268,22,3,386
941,268,386,4
3,941,4,1209
386,3,1209,16206
4,386,16206,2
1209,4,2,149
16206,1209,149,2
2,16206,2,22
149,2,22,3760
2,149,3760,37
22,2,37,1006
3760,22,1006,4
37,3760,4,57
1006,37,57,1815
4,1006,1815,164
57,4,164,1548
1815,57,1548,196
164,1815,196,16
1548,164,16,12
196,1548,12,979
16,196,979,23
12,16,23,183
979,12,183,60
23,979,60,11
183,23,11,13
60,183,13,68
11,60,68,1732
13,11,1732,1200
68,13,1200,5
1732,68,5,3587
1200,1732,3587,2
5,1200,2,59
3587,5,59,11
2,3587,11,13
59,2,13,28
11,59,28,123
13,11,123,649
28,13,649,4
123,28,4,1198
649,123,1198,56
4,649,56,5
1198,4,5,81
56,1198,81,27
5,56,27,13
81,5,13,68
27,81,68,1511
13,27,1511,250
68,13,250,342
1511,68,342,588
250,1511,588,24344
342,250,24344,10
588,342,10,2
24344,588,2,42
10,24344,42,5
2,10,5,1375
42,2,1375,224
5,42,224,367
1375,5,367,146
224,1375,146,1271
367,224,1271,544
146,367,544,20
1271,146,20,66
544,1271,66,27
20,544,27,4308
66,20,4308,7055
27,66,7055,4
4308,27,4,3587
7055,4308,3587,1293
4,7055,1293,1548
3587,4,1548,3
1293,3587,3,866
1548,1293,866,457
3,1548,457,4
866,3,4,2810
457,866,2810,3
4,457,3,305
2810,4,305,84
3,2810,84,2
305,3,2,30
84,305,30,317
2,84,317,3
30,2,3,257
317,30,257,85
3,317,85,10
257,3,10,477
85,257,477,8
10,85,8,27
477,10,27,13
8,477,13,1296
27,8,1296,3960
13,27,3960,5
1296,13,5,22
3960,1296,22,853
5,3960,853,151
22,5,151,90
853,22,90,1548
151,853,1548,1404
90,151,1404,16
1548,90,16,360
1404,1548,360,9
16,1404,9,2637
360,16,2637,881
9,360,881,46
2637,9,46,159
881,2637,159,58
46,881,58,498
159,46,498,23
58,159,23,172
498,58,172,5
23,498,5,1548
172,23,1548,97
5,172,97,1813
1548,5,1813,46
97,1548,46,4
1813,97,4,26
46,1813,26,16
4,46,16,118
26,4,118,1443
16,26,1443,88
118,16,88,253
1443,118,253,2
88,1443,2,2
253,88,2,16283
2,253,16283,19
2,2,19,5426
16283,2,5426,58
19,16283,58,4
5426,19,4,162
58,5426,162,1404
4,58,1404,2810
162,4,2810,88
1404,162,88,5
2810,1404,5,81
88,2810,81,18
5,88,18,247
81,5,247,2466
18,81,2466,767
247,18,767,52
2466,247,52,21
767,2466,21,5778
52,767,5778,267
21,52,267,5
5778,21,5,78
267,5778,78,32
5,267,32,80
78,5,80,52
32,78,52,27
80,32,27,689
52,80,689,22
27,52,22,4573
689,27,4573,267
22,689,267,454
4573,22,454,277
267,4573,277,38
454,267,38,926
277,454,926,34
38,277,34,17
926,38,17,2
34,926,2,39
17,34,39,4
2,17,4,344
39,2,344,163
4,39,163,474
344,4,474,202
163,344,202,46
474,163,46,2
202,474,2,163
46,202,163,8
2,46,8,77
163,2,77,96
8,163,96,10
77,8,10,2193
96,77,2193,2092
10,96,2092,9
2193,10,9,2
2092,2193,2,475
9,2092,475,63
2,9,63,3
475,2,3,44
63,475,44,4348
3,63,4348,4
44,3,4,24299
4348,44,24299,278
4,4348,278,16611
24299,4,16611,16611
278,24299,16611,16611
16611,278,16611,321
16611,16611,321,84
16611,16611,84,30
321,16611,30,327
84,321,327,6194
30,84,6194,268
327,30,268,2518
6194,327,2518,2518
268,6194,2518,5
2518,268,5,85
2518,2518,85,4
5,2518,4,706
85,5,706,51
4,85,51,230
706,4,230,30
51,706,30,913
230,51,913,52
30,230,52,27
913,30,27,247
52,913,247,63
27,52,63,42
247,27,42,2247
63,247,2247,173
42,63,173,3
2247,42,3,17
173,2247,17,11972
3,173,11972,6
17,3,6,634
11972,17,634,7
6,11972,7,8
634,6,8,10
7,634,10,34
8,7,34,17
10,8,17,2
34,10,2,567
17,34,567,3
2,17,3,2700
567,2,2700,2765
3,567,2765,4
2700,3,4,101734
2765,2700,101734,46
4,2765,46,3
101734,4,3,44
46,101734,44,412
3,46,412,5
44,3,5,589
412,44,589,5
5,412,5,1637
589,5,1637,832
5,589,832,423
1637,5,423,409
832,1637,409,252
423,832,252,46
409,423,46,15
252,409,15,560
46,252,560,27
15,46,27,5435
560,15,5435,811
27,560,811,5
5435,27,5,376
811,5435,376,52
5,811,52,27
376,5,27,192
52,376,192,8
27,52,8,242
192,27,242,11
8,192,11,34
242,8,34,18
11,242,18,7900
34,11,7900,169
18,34,169,36
7900,18,36,41
169,7900,41,106
36,169,106,29
41,36,29,165
106,41,165,217
29,106,217,5
165,29,5,45
217,165,45,31
5,217,31,18
45,5,18,101
31,45,101,4147
18,31,4147,4
101,18,4,55
4147,101,55,862
4,4147,862,48
55,4,48,1753
862,55,1753,833
48,862,833,46
1753,48,46,211
833,1753,211,9
46,833,9,88
211,46,88,5
9,211,5,172
88,9,172,262
5,88,262,265
172,5,265,3183
262,172,3183,46
265,262,46,7
3183,265,7,14500
46,3183,14500,25
7,46,25,164
14500,7,164,30
25,14500,30,230
164,25,230,795
30,164,795,56
230,30,56,6179
795,230,6179,8312
56,795,8312,2
6179,56,2,253
8312,6179,253,454
2,8312,454,2
253,2,2,3973
454,253,3973,475
2,454,475,6
3973,2,6,2
475,3973,2,27
6,475,27,252
2,6,252,75
27,2,75,48
252,27,48,26
75,252,26,16
48,75,16,465
26,48,465,43571
16,26,43571,4
465,16,4,19
43571,465,19,38
4,43571,38,1160
19,4,1160,18
38,19,18,26014
1160,38,26014,3910
18,1160,3910,3
26014,18,3,319
3910,26014,319,38
3,3910,38,2068
319,3,2068,2805
38,319,2805,3
2068,38,3,2
2805,2068,2,1699
3,2805,1699,53
2,3,53,2
1699,2,2,1034
53,1699,1034,5
2,53,5,29294
1034,2,29294,8312
5,1034,8312,2881
29294,5,2881,8
8312,29294,8,313
2881,8312,313,2457
8,2881,2457,164
313,8,164,33
2457,313,33,219
164,2457,219,9
33,164,9,51
219,33,51,505
9,219,505,321
51,9,321,1082
505,51,1082,3
321,505,3,8312
1082,321,8312,8115
3,1082,8115,6
8312,3,6,2
8115,8312,2,27
6,8115,27,252
2,6,252,7
27,2,7,21
252,27,21,6840
7,252,6840,2
21,7,2,2
6840,21,2,151
2,6840,151,26
2,2,26,18
151,2,18,47
26,151,47,6
18,26,6,8206
47,18,8206,170
6,47,170,189
8206,6,189,1675
170,8206,1675,25
189,170,25,4
1675,189,4,478
25,1675,478,1207
4,25,1207,5
478,4,5,38
1207,478,38,299
5,1207,299,7
38,5,7,2360
299,38,2360,8312
7,299,8312,25
2360,7,25,21
8312,2360,21,18
25,8312,18,241
21,25,241,590
18,21,590,5
241,18,5,32485
590,241,32485,17810
5,590,17810,990
32485,5,990,9
17810,32485,9,190
990,17810,190,2468
9,990,2468,168
190,9,168,7972
2468,190,7972,1224
168,2468,1224,19
7972,168,19,1514
1224,7972,1514,1548
19,1224,1548,18
1514,19,18,182
1548,1514,182,5
18,1548,5,534
182,18,534,2001
5,182,2001,12
534,5,12,76
2001,534,76,12309
12,2001,12309,6451
76,12,6451,36
12309,76,36,190
6451,12309,190,4
36,6451,4,5
190,36,5,376
4,190,376,2810
5,4,2810,18
376,5,18,182
2810,376,182,5
18,2810,5,576
182,18,576,4
5,182,4,1765
576,5,1765,46
4,576,46,811
1765,4,811,26
46,1765,26,6800
811,46,6800,61
26,811,61,128
6800,26,128,60
61,6800,60,26
128,61,26,50
60,128,50,6
26,60,6,191
50,26,191,29
6,50,29,23
191,6,23,275
29,191,275,26
23,29,26,116
275,23,116,16115
26,275,16115,1271
116,26,1271,1520
16115,116,1520,3162
1271,16115,3162,27
1520,1271,27,96
3162,1520,96,2
27,3162,2,5117
96,27,5117,7319
2,96,7319,315
5117,2,315,3
7319,5117,3,15169
315,7319,15169,22
3,315,22,252
15169,3,252,15
22,15169,15,39
252,22,39,1576
15,252,1576,11
39,15,11,34
1576,39,34,117
11,1576,117,61
34,11,61,4004
117,34,4004,2
61,117,2,182
4004,61,182,5
2,4004,5,1780
182,2,1780,31
5,182,31,230
1780,5,230,21
31,1780,21,245
230,31,245,596
21,230,596,15
245,21,15,89
596,245,89,46
15,596,46,4
89,15,4,31
46,89,31,714
4,46,714,80
31,4,80,18
714,31,18,1680
80,714,1680,52
18,80,52,3679
1680,18,3679,768
52,1680,768,89
3679,52,89,8
768,3679,8,242
89,768,242,8
8,89,8,1082
242,8,1082,5
8,242,5,2
1082,8,2,27
5,1082,27,711
2,5,711,77
27,2,77,17
711,27,17,13594
77,711,13594,6
17,77,6,4
13594,17,4,3837
6,13594,3837,1524
