48,10,448,84
96,48,84,40018
448,96,40018,1054
84,448,1054,7
40018,84,7,405
1054,40018,405,2
7,1054,2,182
405,7,182,5
2,405,5,20
182,2,20,1176
5,182,1176,1488
20,5,1488,559
1176,20,559,3
1488,1176,3,96
559,1488,96,222
3,559,222,5513
96,3,5513,1173
222,96,1173,3672
5513,222,3672,2386
1173,5513,2386,4
3672,1173,4,1116
2386,3672,1116,21
4,2386,21,3
1116,4,3,44
21,1116,44,8
3,21,8,53
44,3,53,16
8,44,16,21
53,8,21,2040
16,53,2040,5
21,16,5,8
2040,21,8,6
5,2040,6,90
8,5,90,222
6,8,222,4
90,6,4,521
222,90,521,29
4,222,29,104
521,4,104,75291
29,521,75291,8309
104,29,8309,10
75291,104,10,61
8309,75291,61,3
10,8309,3,97079
61,10,97079,11994
3,61,11994,7
97079,3,7,462
11994,97079,462,886
7,11994,886,20
462,7,20,375
886,462,375,33
20,886,33,1936
375,20,1936,2822
33,375,2822,545
1936,33,545,463
2822,1936,463,54
545,2822,54,14
463,545,14,533
54,463,533,1776
14,54,1776,56
533,14,56,5
1776,533,5,1976
56,1776,1976,306
5,56,306,463
1976,5,463,375
306,1976,375,131
463,306,131,117
375,463,117,59
131,375,59,33
117,131,33,131
59,117,131,39553
33,59,39553,666
131,33,666,3
39553,131,3,236
666,39553,236,48
3,666,48,5
236,3,5,948
48,236,948,12
5,48,12,521
948,5,521,59
12,948,59,30
521,12,30,48
59,521,48,116
30,59,116,280
48,30,280,6146
116,48,6146,1139
280,116,1139,302
6146,280,302,161
1139,6146,161,675
302,1139,675,613
161,302,613,222
675,161,222,10
613,675,10,679
222,613,679,73
10,222,73,145
679,10,145,31
73,679,31,34
145,73,34,431
31,145,431,9
34,31,9,67
431,34,67,101
9,431,101,174
67,9,174,45
101,67,45,31
174,101,31,16
45,174,16,21
31,45,21,2913
16,31,2913,19
21,16,19,191
2913,21,191,698
337,280,14,21
78,337,21,3215
14,78,3215,9
21,14,9,49
3215,21,49,125
9,3215,125,954
49,9,954,34
125,49,34,7607
954,125,7607,33
34,954,33,1547
7607,34,1547,109
33,7607,109,1011
1547,33,1011,259
109,1547,259,1981
1011,109,1981,498
259,1011,498,4453
1981,259,4453,4879
498,1981,4879,174
4453,498,174,25383
4879,4453,25383,135
174,4879,135,1162
25383,174,1162,5
135,25383,5,356
1162,135,356,8
5,1162,8,72
356,5,72,319
8,356,319,3655
72,8,3655,3
319,72,3,67
3655,319,67,10650
3,3655,10650,72
67,3,72,20
10650,67,20,1308
72,10650,1308,11
20,72,11,2537
1308,20,2537,360
11,1308,360,101
2537,11,101,3
360,2537,3,589
101,360,589,5
3,101,5,6809
589,3,6809,15
5,589,15,403
6809,5,403,5
15,6809,5,14332
403,15,14332,41
5,403,41,106
14332,5,106,9
41,14332,9,32
106,41,32,7
9,106,7,1066
32,9,1066,22
7,32,22,1053
1066,7,1053,14
22,1066,14,3115
1053,22,3115,6809
14,1053,6809,9
3115,14,9,6809
6809,3115,6809,84
9,6809,84,30
6809,9,30,380
84,6809,380,277
30,84,277,56
380,30,56,8
277,380,8,11
56,277,11,4
8,56,4,22
11,8,22,246
4,11,246,16
22,4,16,253
246,22,253,177
16,246,177,5
253,16,5,337
177,253,337,206
5,177,206,78
337,5,78,32
206,337,32,14
78,206,14,21
32,78,21,3215
14,32,3215,9
21,14,9,49
3215,21,49,125
9,3215,125,954
49,9,954,6
125,49,6,2
954,125,2,460
6,954,460,368
2,6,368,8
460,2,8,40
368,460,40,96
8,368,96,1799
40,8,1799,5
96,40,5,111
1799,96,111,5
5,1799,5,708
111,5,708,46675
5,111,46675,498
708,5,498,4879
46675,708,4879,1928
498,46675,1928,889
4879,498,889,5
1928,4879,5,589
889,1928,589,5
5,889,5,670
589,5,670,3
5,589,3,69
670,5,69,5
3,670,5,1689
69,3,1689,221
5,69,221,437
1689,5,437,872
221,1689,872,811
437,221,811,33
872,437,33,599
811,872,599,8
33,811,8,101
599,33,101,184
8,599,184,3
101,8,3,1752
184,101,1752,3242
3,184,3242,759
1752,3,759,1674
3242,1752,1674,5
759,3242,5,595
1674,759,595,16070
5,1674,16070,4
595,5,4,844
16070,595,844,5
4,16070,5,385
844,4,385,2359
5,844,2359,135
385,5,135,97
2359,385,97,4
135,2359,4,221
97,135,221,54
4,97,54,74
221,4,74,1308
54,221,1308,3818
74,54,3818,3745
1308,74,3745,78
3818,1308,78,32
3745,3818,32,5
78,3745,5,98
32,78,98,618
5,32,618,3811
98,5,3811,2
618,98,2,960
3811,618,960,3
2,3811,3,49
960,2,49,520
3,960,520,125
49,3,125,783
520,49,783,154
125,520,154,21
783,125,21,24
154,783,24,2
21,154,2,885
24,21,885,125
2,24,125,36
885,2,36,2
125,885,2,781
36,125,781,2546
2,36,2546,29
781,2,29,8920
2546,781,8920,54
29,2546,54,3853
8920,29,3853,425
54,8920,425,8
3853,54,8,105
425,3853,105,528
8,425,528,5
105,8,5,1117
528,105,1117,36562
5,528,36562,4453
1117,5,4453,4879
36562,1117,4879,4
4453,36562,4,2964
4879,4453,2964,162
4,4879,162,15
2964,4,15,3370
162,2964,3370,807
15,162,807,3
3370,15,3,200
807,3370,200,4
3,807,4,78
200,3,78,32
4,200,32,726
78,4,726,557
32,78,557,3
726,32,3,85
557,726,85,69
3,557,69,5
85,3,5,872
69,85,872,5
5,69,5,4
872,5,4,158
5,872,158,23
4,5,23,227
158,4,227,1787
23,158,1787,5
227,23,5,291
1787,227,291,31
5,1787,31,394
291,5,394,914
31,291,914,4796
394,31,4796,291
914,394,291,79
4796,914,79,371
291,4796,371,32
79,291,32,125
371,79,125,91
32,371,91,69
125,32,69,1435
91,125,1435,433
69,91,433,62
1435,69,62,371
433,1435,371,4879
62,433,4879,17462
371,62,17462,369
4879,371,369,1928
17462,4879,1928,3
369,17462,3,35
1928,369,35,265
3,1928,265,69
35,3,69,5
265,35,5,651
69,265,651,3395
5,69,3395,9
651,5,9,478
3395,651,478,463
9,3395,463,1394
478,9,1394,1243
6042,6055,573,5
159,6042,5,25910
573,159,25910,8109
5,573,8109,13
25910,5,13,1974
8109,25910,1974,11
13,8109,11,7
1974,13,7,220
11,1974,220,640
7,11,640,454
220,7,454,119
640,220,119,804
454,640,804,11
119,454,11,13
804,119,13,47
11,804,47,1299
13,11,1299,2
47,13,2,254
1299,47,254,8
2,1299,8,194
254,2,194,7
8,254,7,21
194,8,21,2
7,194,2,1041
21,7,1041,2
2,21,2,10
1041,2,10,313
2,1041,313,53
10,2,53,2
313,10,2,182
53,313,182,5
2,53,5,12990
182,2,12990,4
5,182,4,7
12990,5,7,25
4,12990,25,116
7,4,116,8
25,7,8,597
116,25,597,40
8,116,40,610
597,8,610,16479
40,597,16479,25
610,40,25,610
16479,610,610,66
25,16479,66,404
610,25,404,80
66,610,80,126
404,66,126,117
80,404,117,2597
126,80,2597,1422
117,126,1422,14
2597,117,14,1341
1422,2597,1341,9
14,1422,9,5018
1341,14,5018,1313
9,1341,1313,2
5018,9,2,1553
1313,5018,1553,70
2,1313,70,54
1553,2,54,11
70,1553,11,7
54,70,7,21
11,54,21,7
7,11,7,178
21,7,178,7
7,21,7,14
178,7,14,99
7,178,99,417
14,7,417,6
99,14,6,108
417,99,108,3
6,417,3,5098
108,6,5098,8
3,108,8,3332
5098,3,3332,4935
8,5098,4935,19
3332,8,19,54682
4935,3332,54682,14886
19,4935,14886,4
54682,19,4,84
14886,54682,84,19
4,14886,19,14902
84,4,14902,8461
19,84,8461,77
14902,19,77,4013
8461,14902,4013,137
77,8461,137,9
4013,77,9,45
137,4013,45,21
9,137,21,86
45,9,86,3
21,45,3,5098
86,21,5098,38
3,86,38,853
5098,3,853,2007
38,5098,2007,6027
853,38,6027,640
2007,853,640,1033
6027,2007,1033,416
640,6027,416,3
1033,640,3,2902
416,1033,2902,29
3,416,29,68
2902,3,68,3
29,2902,3,5098
68,29,5098,38
3,68,38,1217
5098,3,1217,6027
38,5098,6027,640
1217,38,640,1677
6027,1217,1677,4
640,6027,4,2211
1677,640,2211,416
4,1677,416,3
2211,4,3,2902
416,2211,2902,52
3,416,52,2
2902,3,2,272
52,2902,272,15
2,52,15,1873
272,2,1873,17820
15,272,17820,4
1873,15,4,2
17820,1873,2,5999
4,17820,5999,34338
2,4,34338,55
5999,2,55,5098
34338,5999,5098,11
55,34338,11,7
5098,55,7,1434
11,5098,1434,4
7,11,4,17
1434,7,17,243
4,1434,243,12
17,4,12,1104
243,17,1104,5
12,243,5,3316
1104,12,3316,1416
5,1104,1416,4
3316,5,4,398
1416,3316,398,2609
4,1416,2609,9
398,4,9,12946
2609,398,12946,206
9,2609,206,396
12946,9,396,2
206,12946,2,119
396,206,119,565
2,396,565,5098
119,2,5098,8
565,119,8,49
5098,565,49,1608
8,5098,1608,1947
49,8,1947,7
1608,49,7,8
1947,1608,8,5
7,1947,5,2
8,7,2,220
5,8,220,106536
2,5,106536,2
220,2,2,14174
106536,220,14174,272
2,106536,272,15
14174,2,15,12959
272,14174,12959,2052
15,272,2052,1134
12959,15,1134,2181
2052,12959,2181,4
1134,2052,4,488
2181,1134,488,2
4,2181,2,12084
488,4,12084,448
2,488,448,5
12084,2,5,4193
448,12084,4193,156
5,448,156,8
4193,5,8,11
156,4193,11,7
8,156,7,856
11,8,856,11
7,11,11,7
856,7,7,223
11,856,223,22
7,11,22,83
223,7,83,45
22,223,45,206
83,22,206,396
45,83,396,8
206,45,8,272
396,206,272,766
8,396,766,3
272,8,3,157
766,272,157,811
3,766,811,22
157,3,22,3541
811,157,3541,18
22,811,18,6705
3541,22,6705,5860
18,3541,5860,4
6705,18,4,17
5860,6705,17,2222
4,5860,2222,2
17,4,2,4
2222,17,4,45641
2,2222,45641,115
4,2,115,7724
45641,4,7724,352
115,45641,352,18
7724,115,18,3
352,7724,3,4581
18,352,4581,593
3,18,593,738
4581,3,738,52
593,4581,52,2
738,593,2,399
52,738,399,118
2,52,118,488
399,2,488,131
118,399,131,1483
488,118,1483,8
131,488,8,8
1483,131,8,7724
8,1483,7724,352
8,8,352,7
7724,8,7,21
352,7724,21,6
7,352,6,3614
21,7,3614,15
6,21,15,22
3614,6,22,36
15,3614,36,49
22,15,49,1478
36,22,1478,448
49,36,448,5
1478,49,5,61141
448,1478,61141,242
5,448,242,194
61141,5,194,8827
242,61141,8827,87
194,242,87,30
8827,194,30,16
87,8827,16,7372
30,87,7372,79
16,30,79,20
7372,16,20,7795
79,7372,7795,4
20,79,4,3521
7795,20,3521,4093
4,7795,4093,15
3521,4,15,462
4093,3521,462,64
15,4093,64,2843
462,15,2843,5
64,462,5,10
2843,64,10,2774
5,2843,2774,4
10,5,4,7
2774,10,7,353
4,2774,353,21
7,4,21,470
353,7,470,210
21,353,210,15
470,21,15,536
210,470,536,3332
15,210,3332,1353
536,15,1353,36
3332,536,36,95
1353,3332,95,31
36,1353,31,768
95,36,768,81
31,95,81,329
768,31,329,57
81,768,57,803
329,81,803,2774
57,329,2774,5
803,57,5,3332
2774,803,3332,578
5,2774,578,9
3332,5,9,67
578,3332,67,2567
9,578,2567,5361
67,9,5361,12
2567,67,12,738
5361,2567,738,2
12,5361,2,2
738,12,2,938
2,738,938,4
2,2,4,2
938,2,2,2
4,938,2,88791
2,4,88791,353
2,2,353,2113
88791,2,2113,3597
353,88791,3597,51
2113,353,51,313
3597,2113,313,1567
51,3597,1567,3
313,51,3,180
1567,313,180,52
3,1567,52,67
180,3,67,705
52,180,705,5
67,52,5,51
705,67,51,2
5,705,2,417
51,5,417,7
2,51,7,327
417,2,327,17
7,417,17,64
327,7,64,41
17,327,41,4
64,17,4,64
41,64,64,186
4,41,186,65
64,4,65,51
186,64,51,11
65,186,11,488
51,65,488,11
11,51,11,7
488,11,7,140
11,488,140,6055
7,11,6055,6042
140,7,6042,55
6055,140,55,17
6042,6055,17,220
55,6042,220,52
17,55,52,11
220,17,11,14
52,220,14,3
11,52,3,17
14,11,17,4
3,14,4,52
17,3,52,11
4,17,11,55
52,4,55,62
11,52,62,416
55,11,416,8
62,55,8,11
416,62,11,13
8,416,13,8827
11,8,8827,2697
13,11,2697,8
8827,13,8,1641
2697,8827,1641,5
8,2697,5,1313
1641,8,1313,4
5,1641,4,2597
1313,5,2597,1422
4,1313,1422,55
2597,4,55,17
1422,2597,17,2
55,1422,2,1553
17,55,1553,70
2,17,70,3
1553,2,3,25
70,1553,25,1704
3,70,1704,40
25,3,40,17
1704,25,17,3
40,1704,3,12818
17,40,12818,81
3,17,81,9
12818,3,9,38
81,12818,38,1217
9,81,1217,1947
38,9,1947,6
1217,38,6,183
1947,1217,183,107
6,1947,107,8
183,6,8,14902
107,183,14902,8461
8,107,8461,40
14902,8,40,2172
8461,14902,2172,3
40,8461,3,118
2172,40,118,12818
3,2172,12818,9
118,3,9,14902
12818,118,14902,2007
9,12818,2007,71821
14902,9,71821,1947
2007,14902,1947,147
71821,2007,147,21
1947,71821,21,17
147,1947,17,117
21,147,117,5
17,21,5,20
117,17,20,19
5,117,19,107
20,5,107,164
19,20,164,42
107,19,42,3
164,107,3,9297
42,164,9297,52
3,42,52,2
9297,3,2,272
52,9297,272,488
2,52,488,3
272,2,3,853
488,272,853,5
3,488,5,22
853,3,22,118
5,853,118,8
22,5,8,11
118,22,11,7
8,118,7,59
11,8,59,11
7,11,11,7
59,7,7,55135
11,59,55135,4
7,11,4,52
55135,7,52,11
4,55135,11,55
52,4,55,62
11,52,62,416
55,11,416,8
62,55,8,11
416,62,11,13
8,416,13,926
11,8,926,20
13,11,20,61098
926,13,61098,1214
20,926,1214,4
61098,20,4,13
1214,61098,13,8485
4,1214,8485,6669
13,4,6669,3
8485,13,3,118
6669,8485,118,2154
3,6669,2154,2
118,3,2,286
2154,118,286,11
2,2154,11,7
286,2,7,31
11,286,31,16
7,11,16,30
31,7,30,3
16,31,3,13195
30,16,13195,89
3,30,89,3
13195,3,3,22
89,13195,22,1441
3,89,1441,1388
22,3,1388,5
1441,22,5,1591
1388,1441,1591,206
5,1388,206,21
1591,5,21,329
206,1591,329,89
21,206,89,1386
329,21,1386,190
89,329,190,8
1386,89,8,488
190,1386,488,101
8,190,101,4
488,8,4,52
101,488,52,11
4,101,11,2541
52,4,2541,9
11,52,9,2775
2541,11,2775,206
9,2541,206,121
2775,9,121,11
206,2775,11,17
121,206,17,1336
11,121,1336,7
17,11,7,8
1336,17,8,13773
7,1336,13773,102
8,7,102,89
13773,8,89,292
102,13773,292,12
89,102,12,22
292,89,22,406
12,292,406,71818
22,12,71818,132
406,22,132,113
71818,406,113,20
132,71818,20,7
113,132,7,3805
20,113,3805,4
7,20,4,7
3805,7,7,230
4,3805,230,29
7,4,29,2
230,7,2,719
29,230,719,702
2,29,702,15
719,2,15,894
702,719,894,7
15,702,7,18
894,15,18,8775
7,894,8775,13
18,7,13,1094
8775,18,1094,8
13,8775,8,187
1094,13,187,5
8,1094,5,156
187,8,156,2
5,187,2,272
156,5,272,40
2,156,40,21
272,2,21,17
40,272,17,261
21,40,261,76
17,21,76,4153
261,17,4153,398
76,261,398,187
4153,76,187,141
398,4153,141,1539
187,398,1539,3332
141,187,3332,73576
1539,141,73576,130
3332,1539,130,3916
73576,3332,3916,542
130,73576,542,3136
3916,130,3136,32498
542,3916,32498,243
3136,542,243,10
32498,3136,10,59
243,32498,59,30
10,243,30,2709
59,10,2709,362
30,59,362,4899
2709,30,4899,169
362,2709,169,5
4899,362,5,45
169,4899,45,55
5,169,55,117
45,5,117,61
55,45,61,1568
117,55,1568,603
61,117,603,68207
1568,61,68207,18
603,1568,18,1289
68207,603,1289,4
18,68207,4,1289
1289,18,1289,4
4,1289,4,1289
1289,4,1289,8
4,1289,8,1414
1289,4,1414,361
8,1289,361,5
1414,8,5,856
361,1414,856,2156
5,361,2156,4978
856,5,4978,8
2156,856,8,1830
4978,2156,1830,43
8,4978,43,2
1830,8,2,399
43,1830,399,118
2,43,118,82
399,2,82,8227
118,399,8227,4
82,118,4,2926
8227,82,2926,82
4,8227,82,55
2926,4,55,18
82,2926,18,3858
55,82,3858,2774
18,55,2774,9
3858,18,9,62
2774,3858,62,1867
9,2774,1867,45
62,9,45,469
1867,62,469,807
45,1867,807,3
469,45,3,738
807,469,738,6
3,807,6,257
738,3,257,329
6,738,329,43
257,6,43,137
329,257,137,62
43,329,62,239
137,43,239,83
62,137,83,20
239,62,20,1082
83,239,1082,5
20,83,5,61203
1082,20,61203,30
5,1082,30,1636
61203,5,1636,4
30,61203,4,15
1636,30,15,51
4,1636,51,95490
15,4,95490,6726
51,15,6726,44310
95490,51,44310,7
6726,95490,7,2
44310,6726,2,11396
7,44310,11396,4
2,7,4,232
11396,2,232,5
4,11396,5,421
232,4,421,39
5,232,39,1081
421,5,1081,27232
10939,19,10939,2
12830,10939,2,7371
10939,12830,7371,5
2,10939,5,2319
7371,2,2319,1244
5,7371,1244,490
2319,5,490,4
1244,2319,4,3906
490,1244,3906,40
4,490,40,10180
3906,4,10180,18
40,3906,18,4
10180,40,4,2058
18,10180,2058,60
4,18,60,5
2058,4,5,10
60,2058,10,52
5,60,52,26
10,5,26,481
52,10,481,38
26,52,38,1103
481,26,1103,83
38,481,83,19
1103,38,19,37550
83,1103,37550,39066
19,83,39066,4
37550,19,4,4438
39066,37550,4438,553
4,39066,553,31
4438,4,31,1443
553,4438,1443,21368
31,553,21368,2
1443,31,2,2404
21368,1443,2404,1204
2,21368,1204,23
2404,2,23,21368
1204,2404,21368,6
23,1204,6,1206
21368,23,1206,49
6,21368,49,1046
1206,6,1046,654
49,1206,654,385
1046,49,385,364
654,1046,364,414
385,654,414,12159
364,385,12159,4
414,364,4,554
12159,414,554,288
4,12159,288,813
554,4,813,2266
288,554,2266,4
813,288,4,1989
2266,813,1989,1182
4,2266,1182,4
1989,4,4,188
1182,1989,188,395
4,1182,395,1910
188,4,1910,758
395,188,758,23
