16263,2,163,22
4834,16263,22,435
163,4834,435,869
22,163,869,5
435,22,5,7178
869,435,7178,8
5,869,8,26
7178,5,26,277
8,7178,277,6
26,8,6,104
277,26,104,125
6,277,125,5
104,6,5,618
125,104,618,1777
5,125,1777,19
618,5,19,78
1777,618,78,19
19,1777,19,49
78,19,49,2247
19,78,2247,2005
49,19,2005,4
2247,49,4,80
2005,2247,80,19
4,2005,19,57
80,4,57,135
19,80,135,232
57,19,232,5
135,57,5,233
232,135,233,14
5,232,14,25
233,5,25,5211
14,233,5211,26
25,14,26,726
5211,25,726,10
26,5211,10,3
726,26,3,221
10,726,221,3520
3,10,3520,28
221,3,28,26
3520,221,26,28
28,3520,28,30
26,28,30,219
28,26,219,110
30,28,110,3
219,30,3,155
110,219,155,166
3,110,166,15
155,3,15,20
166,155,20,52
15,166,52,33
20,15,33,25
52,20,25,5454
33,52,5454,291
25,33,291,4
5454,25,4,33
291,5454,33,25
4,291,25,25
33,4,25,101
25,33,101,148
25,25,148,15
101,25,15,7235
148,101,7235,3259
15,148,3259,100
7235,15,100,3520
3259,7235,3520,1380
100,3259,1380,4834
3520,100,4834,14
1380,3520,14,99
4834,1380,99,42
14,4834,42,3
99,14,3,234
42,99,234,23
3,42,23,8
234,3,8,2573
23,234,2573,3520
8,23,3520,4533
2573,8,4533,1392
3520,2573,1392,4
4533,3520,4,1772
1392,4533,1772,1396
4,1392,1396,22
1772,4,22,872
1396,1772,872,82
22,1396,82,2566
872,22,2566,871
82,872,871,5
2566,82,5,78
871,2566,78,32
5,871,32,9
78,5,9,66
32,78,66,82
9,32,82,18
66,9,18,161
82,66,161,10541
18,82,10541,26
161,18,26,16
10541,161,16,6798
26,10541,6798,15
16,26,15,92
6798,16,92,26
15,6798,26,161
92,15,161,18
26,92,18,82
161,26,82,26
18,161,26,137
82,18,137,595
26,82,595,1962
137,26,1962,60
595,137,60,5
1962,595,5,90
60,1962,90,66
5,60,66,9
90,5,9,38
66,90,38,512
9,66,512,9
38,9,9,1772
512,38,1772,1396
9,512,1396,1172
1772,9,1172,4
1396,1772,4,2730
1172,1396,2730,4
4,1172,4,80
2730,4,80,12314
4,2730,12314,889
80,4,889,5
12314,80,5,589
889,12314,589,5
5,889,5,519
589,5,519,24
5,589,24,35
519,5,35,216
24,519,216,783
35,24,783,4
216,35,4,24
783,216,24,78
4,783,78,32
24,4,32,83
78,24,83,11654
32,78,11654,783
83,32,783,54
11654,83,54,2522
783,11654,2522,1068
54,783,1068,294
2522,54,294,1392
1068,2522,1392,322
294,1068,322,48
1392,294,48,359
322,1392,359,5
48,322,5,3169
359,48,3169,9
5,359,9,4007
3169,5,4007,5957
9,3169,5957,8
4007,9,8,14
5957,4007,14,110
8,5957,110,12
14,8,12,4
110,14,4,9
12,110,9,57
4,12,57,294
9,4,294,8
57,9,8,26
294,57,26,277
8,294,277,1992
26,8,1992,76
277,26,76,5
1992,277,5,512
76,1992,512,125
5,76,125,1652
512,5,1652,364
125,512,364,246
1652,125,246,8843
364,1652,8843,2308
246,364,2308,4
8843,246,4,80
2308,8843,80,1453
4,2308,1453,4602
80,4,4602,534
1453,80,534,397
4602,1453,397,4834
534,4602,4834,115
397,534,115,180
4834,397,180,231
115,4834,231,25
180,115,25,26
231,180,26,18
25,231,18,3044
26,25,3044,2
18,26,2,39
3044,18,39,10415
2,3044,10415,1554
39,2,1554,6
10415,39,6,316
1554,10415,316,3
6,1554,3,1773
316,6,1773,104
3,316,104,366
1773,3,366,19
104,1773,19,10522
366,104,10522,3520
19,366,3520,52
10522,19,52,86
3520,10522,86,1484
52,3520,1484,279
86,52,279,216
1484,86,216,1077
279,1484,1077,62
216,279,62,3
1077,216,3,96
62,1077,96,10415
3,62,10415,2857
96,3,2857,1259
10415,96,1259,9
2857,10415,9,114
1259,2857,114,7
9,1259,7,1357
114,9,1357,52
7,114,52,78
1357,7,78,32
52,1357,32,7
78,52,7,612
32,78,612,53
7,32,53,34
612,7,34,2
53,612,2,1387
34,53,1387,771
2,34,771,12
1387,2,12,67
771,1387,67,435
12,771,435,11
67,12,11,132
435,67,132,131
11,435,131,149
132,11,149,17
131,132,17,99
149,131,99,63
17,149,63,3
99,17,3,17
63,99,17,5214
3,63,5214,126
17,3,126,49
5214,17,49,99
126,5214,99,44
49,126,44,6
99,49,6,2702
44,99,2702,266
6,44,266,52
2702,6,52,104
266,2702,104,618
52,266,618,1988
104,52,1988,16
618,104,16,560
1988,618,560,26
16,1988,26,34
560,16,34,345
26,560,345,3
34,26,3,156
345,34,156,5090
3,345,5090,343
156,3,343,10
5090,156,10,40
343,5090,40,96
10,343,96,3786
40,10,3786,313
96,40,313,73
3786,96,73,2
313,3786,2,1400
73,313,1400,6
2,73,6,1840
1400,2,1840,29
6,1400,29,10
1840,6,10,21
29,1840,21,196
10,29,196,500
21,10,500,3
196,21,3,25
500,196,25,101
3,500,101,148
25,3,148,4
101,25,4,1227
148,101,1227,48
4,148,48,5
1227,4,5,20
48,1227,20,106
5,48,106,27
20,5,27,4
106,20,4,78
27,106,78,34
4,27,34,17
78,4,17,120
34,78,120,11
17,34,11,2994
120,17,2994,46
11,120,46,6
2994,11,6,1086
46,2994,1086,51
6,46,51,25
1086,6,25,33
51,1086,33,113
25,51,113,37
33,25,37,104
113,33,104,39
37,113,39,1674
104,37,1674,37
39,104,37,78
1674,39,78,4
37,1674,4,200
78,37,200,26
4,78,26,18
200,4,18,1992
26,200,1992,277
18,26,277,12
1992,18,12,371
277,1992,371,1392
12,277,1392,2573
371,12,2573,982
1392,371,982,336
2573,1392,336,460
982,2573,460,12
336,982,12,558
460,336,558,4
12,460,4,468
558,12,468,43
4,558,43,87
468,4,87,67
43,468,67,926
87,43,926,7
67,87,7,112
926,67,112,926
7,926,926,52
112,7,52,33
926,112,33,18
52,926,18,4169
33,52,4169,56
18,33,56,4
4169,18,4,73
56,4169,73,67
4,56,67,558
73,4,558,1128
67,73,1128,982
558,67,982,155
1128,558,155,164
982,1128,164,4
155,982,4,25
164,155,25,25
4,164,25,549
25,4,549,2
25,25,2,300
14021,73,6211,38
5670,14021,38,4742
6211,5670,4742,2648
38,6211,2648,5359
4742,38,5359,101
2648,4742,101,231
5359,2648,231,99
101,5359,99,1733
231,101,1733,5
99,231,5,22505
1733,99,22505,130
5,1733,130,155
22505,5,155,3
130,22505,3,104
155,130,104,58
3,155,58,16
104,3,16,4417
58,104,4417,61
16,58,61,3
4417,16,3,6859
61,4417,6859,8
3,61,8,38
6859,3,38,127
8,6859,127,289
38,8,289,2706
127,38,2706,7
289,127,7,41
2706,289,41,19785
7,2706,19785,65
41,7,65,2875
19785,41,2875,66820
65,19785,66820,789
2875,65,789,4
66820,2875,4,492
789,66820,492,1158
4,789,1158,102
492,4,102,4
1158,492,4,4035
102,1158,4035,97
4,102,97,24536
4035,4,24536,20
97,4035,20,66
24536,97,66,1225
20,24536,1225,4
66,20,4,1551
1225,66,1551,110
4,1225,110,79
1551,4,79,647
110,1551,647,86
79,110,86,374
647,79,374,13
86,647,13,47
374,86,47,6228
13,374,6228,996
47,13,996,298
6228,47,298,453
996,6228,453,190
298,996,190,374
453,298,374,19
190,453,19,205
374,190,205,117
19,374,117,5
205,19,5,374
117,205,374,34
5,117,34,17
374,5,17,24612
34,374,24612,255
17,34,255,64
24612,17,64,42
255,24612,42,678
64,255,678,8
42,64,8,9
678,42,9,99
8,678,99,60
9,8,60,6
99,9,6,1265
60,99,1265,202
6,60,202,352
1265,6,352,4035
202,1265,4035,40
352,202,40,192
4035,352,192,61
40,4035,61,2
192,40,2,66316
61,192,66316,345
2,61,345,3
66316,2,3,373
345,66316,373,255
3,345,255,58
373,3,58,615
255,373,615,3
58,255,3,172
615,58,172,138
3,615,138,27
172,3,27,16
138,172,16,438
27,138,438,56
16,27,56,5
438,16,5,2281
56,438,2281,3
5,56,3,5421
2281,5,5421,29024
3,2281,29024,239
5421,3,239,35
29024,5421,35,18
239,29024,18,6228
35,239,6228,374
18,35,374,19
6228,18,19,647
374,6228,647,190
19,374,190,34
647,19,34,18
190,647,18,1126
34,190,1126,3
18,34,3,199
1126,18,199,1293
3,1126,1293,29
199,3,29,35
1293,199,35,175
29,1293,175,140
35,29,140,4
175,35,4,99
140,175,99,298
4,140,298,6
99,4,6,860
298,99,860,72
6,298,72,153
860,6,153,3
72,860,3,160
153,72,160,202
3,153,202,83035
160,3,83035,3
202,160,3,14021
83035,202,14021,329
3,83035,329,5449
14021,3,5449,58
329,14021,58,1642
5449,329,1642,13
58,5449,13,533
1642,58,533,12
13,1642,12,196
533,13,196,136
12,533,136,538
196,12,538,4
136,196,4,10
538,136,10,165
4,538,165,2
10,4,2,3945
165,10,3945,56166
2,165,56166,140
3945,2,140,3
56166,3945,3,172
140,56166,172,319
3,140,319,662
172,3,662,7507
319,172,7507,3
662,319,3,5710
7507,662,5710,8
3,7507,8,86
5710,3,86,107
8,5710,107,3
86,8,3,1297
107,86,1297,27
3,107,27,7
1297,3,7,880
27,1297,880,2
7,27,2,6920
880,7,6920,949
2,880,949,25
6920,2,25,1132
949,6920,1132,40728
25,949,40728,759
1132,25,759,1472
40728,1132,1472,15298
759,40728,15298,2974
1472,759,2974,85
15298,1472,85,199
2974,15298,199,1596
85,2974,1596,56
199,85,56,156
1596,199,156,1934
56,1596,1934,2359
156,56,2359,27
1934,156,27,2919
2359,1934,2919,598
27,2359,598,117
2919,27,117,638
598,2919,638,193
117,598,193,4
638,117,4,410
193,638,410,117
4,193,117,1025
410,4,1025,305
117,410,305,284
1025,117,284,305
305,1025,305,182
284,305,182,19
305,284,19,776
182,305,776,173
19,182,173,193
776,19,193,19
173,776,19,305
193,173,305,1305
19,193,1305,12
305,19,12,268
1305,305,268,647
12,1305,647,106
268,12,106,6
647,268,6,410
106,647,410,11
6,106,11,4
410,6,4,193
11,410,193,147
4,11,147,3
193,4,3,971
147,193,971,4
3,147,4,4372
971,3,4372,26
4,971,26,25
4372,4,25,167
26,4372,167,332
25,26,332,57
167,25,57,38
332,167,38,996
57,332,996,1317
38,57,1317,2502
996,38,2502,10
1317,996,10,3
2502,1317,3,27
10,2502,27,4
3,10,4,26
27,3,26,1382
4,27,1382,6061
26,4,6061,3
1382,26,3,516
6061,1382,516,31
3,6061,31,13
516,3,13,3
31,516,3,251
13,31,251,827
3,13,827,189
251,3,189,3
827,251,3,706
189,827,706,9
3,189,9,22
706,3,22,996
9,706,996,1317
22,9,1317,1166
996,22,1166,6
1317,996,6,100988
1166,1317,100988,2766
6,1166,2766,4
100988,6,4,421
2766,100988,421,39
4,2766,39,2635
421,4,2635,18439
39,421,18439,10552
2635,39,10552,123
18439,2635,123,20
10552,18439,20,17667
123,10552,17667,1815
20,123,1815,2
17667,20,2,664
1815,17667,664,606
2,1815,606,1862
664,2,1862,2
606,664,2,31249
1862,606,31249,1813
2,1862,1813,7259
31249,2,7259,41430
1813,31249,41430,6
7259,1813,6,7
41430,7259,7,21
6,41430,21,507
7,6,507,10
21,7,10,6
507,21,6,193
10,507,193,1033
6,10,1033,3
193,6,3,17
1033,193,17,25
3,1033,25,18526
17,3,18526,170
25,17,170,11
18526,25,11,345
170,18526,345,305
11,170,305,6
345,11,6,35
305,345,35,517
6,305,517,4
35,6,4,374
517,35,374,59421
4,517,59421,132
374,4,132,319
59421,374,319,817
132,59421,817,35
319,132,35,1249
817,319,1249,845
35,817,845,29
1249,35,29,24
845,1249,24,164
29,845,164,12
24,29,12,10
164,24,10,2
12,164,2,93056
10,12,93056,864
2,10,864,15
93056,2,15,934
864,93056,934,118
15,864,118,884
934,15,884,319
118,934,319,27
884,118,27,203
319,884,203,129
27,319,129,217
203,27,217,8
129,203,8,323
217,129,323,88
8,217,88,10
323,8,10,21
88,323,21,35
10,88,35,517
21,10,517,29
35,21,29,374
517,35,374,816
29,517,816,3
374,29,3,192
816,374,192,202
3,816,202,84057
192,3,84057,58
202,192,58,374
84057,202,374,274
58,84057,274,12
374,58,12,979
274,374,979,75
12,274,75,996
979,12,996,298
75,979,298,16
996,75,16,6
298,996,6,5528
16,298,5528,35
6,16,35,103
5528,6,103,88
35,5528,88,344
103,35,344,410
88,103,410,4
344,88,4,742
410,344,742,12
4,410,12,647
742,4,647,27
12,742,27,13
647,12,13,3
27,647,3,17
13,27,17,1593
3,13,1593,6
17,3,6,42
1593,17,42,52
6,1593,52,21
42,6,21,161
52,42,161,3
21,52,3,762
161,21,762,83
3,161,83,2334
762,3,2334,23
83,762,23,735
2334,83,735,11
23,2334,11,345
735,23,345,6
11,735,6,52013
345,11,52013,549
6,345,549,374
52013,6,374,3
549,52013,3,17
374,549,17,6228
3,374,6228,536
17,3,536,9525
6228,17,9525,36
536,6228,36,19
9525,536,19,76
36,9525,76,5075
19,36,5075,2706
76,19,2706,88
5075,76,88,2046
2706,5075,2046,5
88,2706,5,48
2046,88,48,35
5,2046,35,120
48,5,120,2
35,48,2,408
120,35,408,1653
2,120,1653,2807
408,2,2807,48
1653,408,48,374
2807,1653,374,598
48,2807,598,13
374,48,13,156
598,374,156,2
13,598,2,107866
156,13,107866,996
2,156,996,298
107866,2,298,21
996,107866,21,3600
298,996,3600,413
21,298,413,673
3600,21,673,120
413,3600,120,27
673,413,27,517
120,673,517,48
27,120,48,374
517,27,374,11
48,517,11,4
374,48,4,24173
11,374,24173,2152
4,11,2152,462
24173,4,462,2748
2152,24173,2748,1159
462,2152,1159,374
2748,462,374,9
1159,2748,9,27
374,1159,27,9
9,374,9,387
27,9,387,52
9,27,52,271
387,9,271,707
52,387,707,2861
271,52,2861,6
707,271,6,1841
2861,707,1841,14619
6,2861,14619,35
1841,6,35,15
14619,1841,15,27
35,14619,27,3266
15,35,3266,746
27,15,746,22
3266,27,22,3254
746,3266,3254,53
22,746,53,165
3254,22,165,2
53,3254,2,350
165,53,350,23
2,165,23,26713
350,2,26713,4
23,350,4,1829
26713,23,1829,6
4,26713,6,55638
1829,4,55638,126
6,1829,126,30
55638,6,30,93
126,55638,93,53
30,126,53,30
93,30,30,18
53,93,18,2
30,53,2,281
18,30,281,174
2,18,174,4241
281,2,4241,35
174,281,35,7
4241,174,7,1936
35,4241,1936,742
7,35,742,4
1936,7,4,410
742,1936,410,2
4,742,2,82814
410,4,82814,9
2,410,9,2068
82814,2,2068,163
9,82814,163,164
2068,9,164,16
163,2068,16,258
164,163,258,57
16,164,57,3
258,16,3,2
57,258,2,3
3,57,3,78451
2,3,78451,61
3,2,61,1267
78451,3,1267,1063
61,78451,1063,289
1267,61,289,54
1063,1267,54,154
289,1063,154,75
54,289,75,2
154,54,2,12326
75,154,12326,972
2,75,972,6
12326,2,6,297
972,12326,297,4
6,972,4,120
297,6,120,128
4,297,128,153
120,4,153,17273
128,120,17273,141
153,128,141,199
17273,153,199,13
141,17273,13,27
199,141,27,61
13,199,61,19
27,13,19,35
61,27,35,15
19,61,15,226
35,19,226,9321
15,35,9321,1247
226,15,1247,1763
9321,226,1763,684
1247,9321,684,10
1763,1247,10,132
684,1763,132,17
10,684,17,4
132,10,4,18671
17,132,18671,532
4,17,532,3
18671,4,3,10086
532,18671,10086,27
3,532,27,96308
10086,3,96308,4
27,10086,4,25
96308,27,25,1966
4,96308,1966,1267
25,4,1267,636
1966,25,636,1256
1267,1966,1256,1542
636,1267,1542,13
1256,636,13,76
1542,1256,76,16542
13,1542,16542,357
76,13,357,37
16542,76,37,138
357,16542,138,2
37,357,2,11
138,37,11,448
2,138,448,22
11,2,22,127
448,11,127,51184
22,448,51184,8
127,22,8,1316
51184,127,1316,132
8,51184,132,289
1316,8,289,9731
132,1316,9731,35
289,132,35,7
9731,289,7,308
35,9731,308,3
7,35,3,157
308,7,157,88
3,308,88,10068
157,3,10068,826
88,157,826,389
10068,88,389,19
826,10068,19,99
389,826,99,298
19,389,298,6
99,19,6,132
298,99,132,10
6,298,10,4
132,6,4,2877
10,132,2877,5
4,10,5,54
2877,4,54,107
5,2877,107,105
54,5,105,674
107,54,674,4395
105,107,4395,1316
674,105,1316,117
4395,674,117,4
1316,4395,4,2138
117,1316,2138,7
4,117,7,64
2138,4,64,1998
7,2138,1998,636
64,7,636,1221
1998,64,1221,1358
636,1998,1358,31
1221,636,31,61
1358,1221,61,9
31,1358,9,2000
61,31,2000,20
9,61,20,848
2000,9,848,13
20,2000,13,62088
848,20,62088,52
13,848,52,53
62088,13,53,165
52,62088,165,2
53,52,2,237
165,53,237,731
2,165,731,4
237,2,4,39
731,237,39,1369
4,731,1369,12
39,4,12,860
1369,39,860,82
12,1369,82,285
860,12,285,75
82,860,75,2
285,82,2,12326
75,285,12326,71983
2,75,71983,492
12326,2,492,58
71983,12326,58,40
492,71983,40,552
58,492,552,412
40,58,412,41
552,40,41,65
412,552,65,4054
41,412,4054,39
65,41,39,1369
4054,65,1369,636
39,4054,636,891
1369,39,891,12
636,1369,12,22
891,636,22,308
12,891,308,7239
22,12,7239,29
308,22,29,10
7239,308,10,2
29,7239,2,5528
10,29,5528,35
2,10,35,6
5528,2,6,27
35,5528,27,9165
6,35,9165,374
27,6,374,2
9165,27,2,41
374,9165,41,4974
2,374,4974,788
41,2,788,40
4974,41,40,17
788,4974,17,3
40,788,3,155
17,40,155,3
3,17,3,731
155,3,731,4
3,155,4,123
731,3,123,1255
4,731,1255,5
123,4,5,2
1255,123,2,213
5,1255,213,8
2,5,8,2609
213,2,2609,374
8,213,374,258
2609,8,258,14831
374,2609,14831,9
258,374,9,332
14831,258,332,5
9,14831,5,35
332,9,35,775
5,332,775,37914
35,5,37914,24
775,35,24,53
37914,775,53,884
24,37914,884,22651
