7,31,1628,481
21,7,481,6
1628,21,6,57
481,1628,57,357
6,481,357,26
57,6,26,16
357,57,16,21409
26,357,21409,4
16,26,4,14258
21409,16,14258,45
4,21409,45,395
14258,4,395,81
45,14258,81,178
395,45,178,8
81,395,8,52
178,81,52,26
8,178,26,72
52,8,72,4126
26,52,4126,6
72,26,6,53
4126,72,53,100
6,4126,100,26
53,6,26,34
100,53,34,96
26,100,96,82114
34,26,82114,28
96,34,28,27
82114,96,27,703
28,82114,703,7
27,28,7,21
703,27,21,495
7,703,495,98
21,7,98,2165
495,21,2165,24
98,495,24,18230
2165,98,18230,6437
24,2165,6437,5294
18230,24,5294,4
6437,18230,4,702
5294,6437,702,15
4,5294,15,18230
702,4,18230,28
15,702,28,8
18230,15,8,18230
28,18230,18230,115
8,28,115,21
18230,8,21,1097
115,18230,1097,56
21,115,56,3
1097,21,3,840
56,1097,840,3
3,56,3,2207
840,3,2207,626
3,840,626,2165
2207,3,2165,29
626,2207,29,2113
2165,626,2113,3764
29,2165,3764,4
2113,29,4,5740
3764,2113,5740,98715
4,3764,98715,126
5740,4,126,27
98715,5740,27,295
126,98715,295,646
27,126,646,2809
295,27,2809,283
646,295,283,13
2809,646,13,322
283,2809,322,707
13,283,707,194
322,13,194,37
707,322,37,10
194,707,10,402
37,194,402,1031
10,37,1031,184
402,10,184,3
1031,402,3,799
184,1031,799,146
3,184,146,166
799,3,166,19
146,799,19,2
166,146,2,574
19,166,574,5
2,19,5,294
574,2,294,309
5,574,309,1281
294,5,1281,19
309,294,19,9495
1281,309,9495,141
19,1281,141,1199
9495,19,1199,20202
141,9495,20202,97149
1199,141,97149,56224
20202,1199,56224,1102
97149,20202,1102,28
56224,97149,28,26
1102,56224,26,720
28,1102,720,589
26,28,589,5
720,26,5,670
589,720,670,9
5,589,9,792
670,5,792,348
9,670,348,22146
792,9,22146,10712
348,792,10712,5641
22146,348,5641,4
10712,22146,4,57
5641,10712,57,1201
4,5641,1201,8
57,4,8,26
1201,57,26,208
8,1201,208,4161
26,8,4161,6
208,26,6,1517
4161,208,1517,42
6,4161,42,1788
1517,6,1788,28
42,1517,28,26
1788,42,26,1443
28,1788,1443,733
26,28,733,5165
1443,26,5165,3
733,1443,3,96
5165,733,96,2
3,5165,2,36090
96,3,36090,4309
2,96,4309,935
36090,2,935,29
4309,36090,29,472
935,4309,472,448
29,935,448,61
472,29,61,749
448,472,749,12
61,448,12,11811
749,61,11811,1201
12,749,1201,190
11811,12,190,897
1201,11811,897,26
190,1201,26,50
897,190,50,1397
26,897,1397,3
50,26,3,4132
1397,50,4132,38
3,1397,38,308
4132,3,308,9
38,4132,9,3
308,38,3,1132
9,308,1132,336
3,9,336,6
1132,3,6,1014
336,1132,1014,49387
6,336,49387,666
1014,6,666,3
49387,1014,3,91
666,49387,91,45
3,666,45,403
91,3,403,4
45,91,4,1605
403,45,1605,3
4,403,3,3186
1605,4,3186,38
3,1605,38,9581
3186,3,9581,599
38,3186,599,42
9581,38,42,56850
599,9581,56850,14
42,599,14,21
56850,42,21,39
14,56850,39,3
21,14,3,20296
39,21,20296,3931
3,39,3931,11
20296,3,11,260
3931,20296,260,13
11,3931,13,47
260,11,47,646
13,260,646,9
47,13,9,363
646,47,363,66
9,646,66,15
363,9,15,26881
66,363,26881,3876
15,66,3876,2
26881,15,2,733
3876,26881,733,8
2,3876,8,1852
733,2,1852,951
8,733,951,4
1852,8,4,57
951,1852,57,427
4,951,427,184
57,4,184,3
427,57,3,799
184,427,799,307
3,184,307,544
799,3,544,20
307,799,20,66
544,307,66,19
20,544,19,22
66,20,22,69
19,66,69,6
22,19,6,548
69,22,548,4
6,69,4,27
548,6,27,495
4,548,495,548
27,4,548,169
495,27,169,6
548,495,6,1429
169,548,1429,9
6,169,9,258
1429,6,258,876
9,1429,876,3236
258,9,3236,15
876,258,15,26881
3236,876,26881,26881
15,3236,26881,28
26881,15,28,8
26881,26881,8,27
28,26881,27,14
8,28,14,2
27,8,2,720
14,27,720,8643
2,14,8643,681
720,2,681,23
8643,720,23,363
681,8643,363,733
23,681,733,343
363,23,343,2
733,363,2,50
343,733,50,90
2,343,90,57
50,2,57,940
90,50,940,4
57,90,4,402
940,57,402,755
4,940,755,4
402,4,4,8
755,402,8,11
4,755,11,14
8,4,14,21
11,8,21,646
14,11,646,6
21,14,6,98
646,21,98,57
6,646,57,9958
98,6,9958,5
57,98,5,33887
9958,57,33887,14
5,9958,14,1872
33887,5,1872,3
14,33887,3,2809
1872,14,2809,283
3,1872,283,6
2809,3,6,341
283,2809,341,168
6,283,168,2321
341,6,2321,21323
168,341,21323,2
2321,168,2,159
21323,2321,159,582
2,21323,582,526
159,2,526,5
582,159,5,2809
526,582,2809,283
5,526,283,4
2809,5,4,190
283,2809,190,693
4,283,693,184
190,4,184,3
693,190,3,2
184,693,2,212
3,184,212,799
2,3,799,24
212,2,24,2
799,212,2,3615
24,799,3615,4740
2,24,4740,1644
3615,2,1644,175
4740,3615,175,21323
1644,4740,21323,4
175,1644,4,2809
21323,175,2809,69212
4,21323,69212,283
2809,4,283,14
69212,2809,14,43001
283,69212,43001,21323
14,283,21323,28
43001,14,28,4
21323,43001,4,733
28,21323,733,14
4,28,14,1279
733,4,1279,2
14,733,2,2064
1279,14,2064,3
2,1279,3,1899
2064,2,1899,10
3,2064,10,2954
1899,3,2954,25
10,1899,25,11
2954,10,11,4
25,2954,4,103
11,25,103,57
4,11,57,402
103,4,402,1765
57,103,1765,4525
402,57,4525,2
1765,402,2,518
4525,1765,518,15
2,4525,15,27
518,2,27,23
15,518,23,22
27,15,22,266
23,27,266,6
22,23,6,3160
266,22,3160,21323
6,266,21323,44
3160,6,44,27
21323,3160,27,73
44,21323,73,354
27,44,354,5
73,27,5,2813
354,73,2813,283
5,354,283,2
2813,5,2,149
283,2813,149,2
2,283,2,1694
149,2,1694,262
2,149,262,4
1694,2,4,935
262,1694,935,9
4,262,9,45
935,4,45,168
9,935,168,1234
45,9,1234,79904
168,45,79904,855
1234,168,855,733
79904,1234,733,2
855,79904,2,71262
733,855,71262,2443
2,733,2443,924
71262,2,924,21323
2443,71262,21323,28
924,2443,28,53
21323,924,53,14
28,21323,14,1601
53,28,1601,6
14,53,6,108
1601,14,108,1601
6,1601,1601,21
108,6,21,2
1601,108,2,795
21,1601,795,417
2,21,417,6
795,2,6,108
417,795,108,8
6,417,8,14
108,6,14,41
8,108,41,1960
14,8,1960,65
41,14,65,138
1960,41,138,101132
65,1960,101132,99
138,65,99,27
101132,138,27,1050
99,101132,1050,470
27,99,470,2
1050,27,2,123
470,1050,123,6
2,470,6,733
123,2,733,184
6,123,184,3
733,6,3,212
184,733,212,799
3,184,799,27
212,3,27,702
799,212,702,17029
27,799,17029,28
702,27,28,1143
17029,702,1143,716
28,17029,716,646
1143,28,646,15
716,1143,15,27
646,716,27,703
15,646,703,87
27,15,87,11
703,27,11,178
87,703,178,6
11,87,6,1594
178,11,1594,5
6,178,5,2103
1594,6,2103,504
5,1594,504,29
2103,5,29,28
504,2103,28,86
29,504,86,2
28,29,2,7929
86,28,7929,588
2,86,588,14
7929,2,14,367
588,7929,367,8792
14,588,8792,1292
367,14,1292,6
8792,367,6,647
1292,8792,647,675
6,1292,675,2426
647,6,2426,12
675,647,12,4
2426,675,4,588
12,2426,588,6
4,12,6,54
588,4,54,2809
6,588,2809,283
54,6,283,40
2809,54,40,1314
283,2809,1314,27
40,283,27,7335
1314,40,7335,4
27,1314,4,7108
7335,27,7108,4
4,7335,4,27
7108,4,27,40
4,7108,40,1611
27,4,1611,10
40,27,10,92669
1611,40,92669,1490
10,1611,1490,2839
92669,10,2839,76
1490,92669,76,11133
2839,1490,11133,3
76,2839,3,3196
11133,76,3196,38
3,11133,38,44
3196,3,44,262
38,3196,262,4
44,38,4,4182
262,44,4182,542
4,262,542,347
4182,4,347,4
542,4182,4,2713
347,542,2713,3
4,347,3,1166
2713,4,1166,184
3,2713,184,3
1166,3,3,407
184,1166,407,4
3,184,4,6405
407,3,6405,39
4,407,39,1030
6405,4,1030,703
39,6405,703,2166
1030,39,2166,3
703,1030,3,41
2166,703,41,65
3,2166,65,45
41,3,45,24
65,41,24,126
45,65,126,22
24,45,22,2278
126,24,2278,2405
22,126,2405,2760
2278,22,2760,425
2405,2278,425,6
2760,2405,6,90
425,2760,90,70
6,425,70,50
90,6,50,6596
70,90,6596,3201
50,70,3201,5
6596,50,5,554
3201,6596,554,771
5,3201,771,4
554,5,4,306
771,554,306,2942
4,771,2942,27
306,4,27,4522
2942,306,4522,703
27,2942,703,2
4522,27,2,2
703,4522,2,47079
2,703,47079,288
2,2,288,5125
47079,2,5125,5424
288,47079,5424,4
5125,288,4,17148
5424,5125,17148,6
4,5424,6,554
17148,4,554,940
6,17148,940,18
554,6,18,5595
940,554,5595,1605
18,940,1605,5
5595,18,5,169
1605,5595,169,5
5,1605,5,45
169,5,45,70
5,169,70,147
45,5,147,2
70,45,2,39
147,70,39,240
2,147,240,11
39,2,11,28
240,39,28,6
11,240,6,4
28,11,4,12133
6,28,12133,339
4,6,339,26
12133,4,26,147
339,12133,147,2
26,339,2,39
147,26,39,1605
2,147,1605,27
39,2,27,703
1605,39,703,14
27,1605,14,3
703,27,3,276
14,703,276,169
3,14,169,5
276,3,5,45
169,276,45,3575
5,169,3575,403
45,5,403,4
3575,45,4,15
403,3575,15,4
4,403,4,4297
15,4,4297,240
4,15,240,3
4297,4,3,7348
240,4297,7348,56
3,240,56,5
7348,3,5,94087
56,7348,94087,7041
5,56,7041,2
94087,5,2,159
7041,94087,159,27
2,7041,27,703
159,2,703,27044
27,159,27044,6
703,27,6,4
27044,703,4,5827
6,27044,5827,28
4,6,28,1506
5827,4,1506,519
28,5827,519,11
1506,28,11,4
519,1506,4,49
11,519,49,1580
4,11,1580,495
49,4,495,146
1580,49,146,10
495,1580,10,1041
146,495,1041,3
10,146,3,113
1041,10,113,8
3,1041,8,27
113,3,27,14
8,113,14,2
27,8,2,3066
14,27,3066,177
2,14,177,5
3066,2,5,402
177,3066,402,2
5,177,2,1245
402,5,1245,14
2,402,14,4670
1245,2,4670,8
14,1245,8,11
4670,14,11,14
8,4670,14,646
11,8,646,23
14,11,23,2
646,14,2,446
23,646,446,5
2,23,5,402
446,2,402,5685
5,446,5685,8
402,5,8,7
5685,402,7,25
8,5685,25,113
7,8,113,11
25,7,11,245
113,25,245,14
11,113,14,11
245,11,11,17788
14,245,17788,11133
11,14,11133,28
17788,11,28,8
11133,17788,8,579
28,11133,579,6
8,28,6,27
579,8,27,11621
6,579,11621,14
27,6,14,2
11621,27,2,372
14,11621,372,49029
2,14,49029,796
372,2,796,27
49029,372,27,703
796,49029,703,2
27,796,2,4
703,27,4,924
2,703,924,3
4,2,3,17
924,4,17,693
3,924,693,15
17,3,15,911
693,17,911,402
15,693,402,2075
911,15,2075,6
402,911,6,108
2075,402,108,44
6,2075,44,38503
108,6,38503,37964
44,108,37964,2
38503,44,2,54930
37964,38503,54930,31
2,37964,31,14
54930,2,14,42
31,54930,42,5
14,31,5,27
42,14,27,703
5,42,703,172
27,5,172,46572
703,27,46572,27
172,703,27,541
46572,172,541,6
27,46572,6,26
541,27,26,6924
6,541,6924,10
26,6,10,61
6924,26,61,3
10,6924,3,96
61,10,96,43
3,61,43,178
96,3,178,1981
43,96,1981,10
178,43,10,21
1981,178,21,110
10,1981,110,3
21,10,3,123
110,21,123,43
3,110,43,241
123,3,241,84
43,123,84,30
241,43,30,219
84,241,219,110
30,84,110,3
219,30,3,96
110,219,96,246
3,110,246,25
96,3,25,136
246,96,136,4124
25,246,4124,28
136,25,28,107958
4124,136,107958,108152
28,4124,108152,31
107958,28,31,14
108152,107958,14,2
31,108152,2,17304
14,31,17304,1517
2,14,1517,41665
17304,2,41665,74
1517,17304,74,235
41665,1517,235,281
74,41665,281,66
235,74,66,184
281,235,184,3
66,281,3,363
184,66,363,5
3,184,5,11133
363,3,11133,239
5,363,239,2097
11133,5,2097,45
239,11133,45,739
2097,239,739,998
45,2097,998,61
739,45,61,23
998,739,23,1906
61,998,1906,724
23,61,724,4
1906,23,4,19
724,1906,19,500
4,724,500,76
19,4,76,2263
500,19,2263,1593
76,500,1593,2730
2263,76,2730,38
1593,2263,38,1995
2730,1593,1995,4
38,2730,4,608
1995,38,608,3
4,1995,3,549
608,4,549,56791
3,608,56791,28
549,3,28,90
56791,549,90,45
28,56791,45,4496
90,28,4496,554
45,90,554,1330
4496,45,1330,15
554,4496,15,703
1330,554,703,29
15,1330,29,73
703,15,73,15
29,703,15,98
73,29,98,402
15,73,402,5335
98,15,5335,33
402,98,33,93
5335,402,93,51
33,5335,51,33
93,33,33,243
51,93,243,79
33,51,79,10
243,33,10,11
79,243,11,4261
10,79,4261,453
11,10,453,8
4261,11,8,98
453,4261,98,255
8,453,255,23
98,8,23,27
255,98,27,703
23,255,703,8
27,23,8,324
703,27,324,61
8,703,61,50
324,8,50,3518
61,324,3518,284
50,61,284,5
3518,50,5,554
284,3518,554,58571
5,284,58571,286
554,5,286,835
58571,554,835,1099
286,58571,1099,337
835,286,337,9
1099,835,9,206
337,1099,206,733
9,337,733,1151
206,9,1151,211
733,206,211,11339
1151,733,11339,4
211,1151,4,92256
11339,211,92256,19
4,11339,19,1705
92256,4,1705,156
19,92256,156,2
1705,19,2,749
156,1705,749,12
2,156,12,2
749,2,2,39
12,749,39,266
2,12,266,4
39,2,4,15920
266,39,15920,11811
4,266,11811,343
15920,4,343,4
11811,15920,4,4
343,11811,4,4461
4,343,4461,1540
4,4,1540,175
4461,4,175,27
1540,4461,27,2075
175,1540,2075,4
27,175,4,2
2075,27,2,283
4,2075,283,4
2,4,4,14760
283,2,14760,92667
4,283,92667,1517
14760,4,1517,1102
92667,14760,1102,25
1517,92667,25,1512
1102,1517,1512,27
25,1102,27,9
1512,25,9,402
27,1512,402,1151
9,27,1151,254
402,9,254,11
1151,402,11,7
254,1151,7,22
11,254,22,325
7,11,325,6
22,7,6,2
325,22,2,1504
6,325,1504,919
2,6,919,11
1504,2,11,7
919,1504,7,912
11,919,912,51
7,11,51,11
912,7,11,14
51,912,14,331
11,51,331,3
14,11,3,25
331,14,25,4
3,331,4,7
25,3,7,113
4,25,113,8
7,4,8,206
113,7,206,45
8,113,45,50
206,8,50,3415
45,206,3415,87
50,45,87,26
3415,50,26,486
87,3415,486,8
26,87,8,20
486,26,20,77
8,486,77,17
20,8,17,9834
77,20,9834,9
17,77,9,733
9834,17,733,87
9,9834,87,26
733,9,26,1047
87,733,1047,8
26,87,8,11
1047,26,11,13
8,1047,13,402
11,8,402,448
13,11,448,28
402,13,28,12962
448,402,12962,18031
28,448,18031,2
12962,28,2,172
18031,12962,172,46589
2,18031,46589,3
172,2,3,166
46589,172,166,433
3,46589,433,27
166,3,27,703
433,166,703,1705
27,433,1705,3
703,27,3,4
1705,703,4,1256
3,1705,1256,31298
4,3,31298,4
1256,4,4,3516
31298,1256,3516,28153
4,31298,28153,1057
3516,4,1057,9
28153,3516,9,4687
1057,28153,4687,9330
9,1057,9330,182
4687,9,182,308
9330,4687,308,15
182,9330,15,4
308,182,4,22144
15,308,22144,2639
4,15,2639,120
22144,4,120,26
2639,22144,26,244
120,2639,244,570
26,120,570,464
244,26,464,5
570,244,5,52022
464,570,52022,117
5,464,117,5
52022,5,5,27
117,52022,27,7929
5,117,7929,2190
27,5,2190,448
7929,27,448,4
2190,7929,4,6
448,2190,6,341
4,448,341,402
6,4,402,14
341,6,14,547
402,341,547,3
14,402,3,190
547,14,190,733
3,547,733,27447
190,3,27447,9
733,190,9,4
27447,733,4,9572
9,27447,9572,3014
4,9,3014,27
9572,4,27,702
3014,9572,702,44
27,3014,44,95
702,27,95,6
44,702,6,1517
95,44,1517,31
6,95,31,1355
1517,6,1355,12
31,1517,12,15
1355,31,15,27447
12,1355,27447,495
15,12,495,5175
27447,15,5175,1995
495,27447,1995,27447
5175,495,27447,877
1995,5175,877,3
27447,1995,3,56584
877,27447,56584,44
3,877,44,8
56584,3,8,27
44,56584,27,77
8,44,77,18
27,8,18,888
77,27,888,733
18,77,733,52
888,18,52,11
733,888,11,13
52,733,13,3457
11,52,3457,6
13,11,6,174
3457,13,174,29
6,3457,29,11
174,6,11,7
29,174,7,18
11,29,18,201
7,11,201,337
18,7,337,3
201,18,3,25
337,201,25,8
3,337,8,37964
25,3,37964,31
8,25,31,68
37964,8,68,30
31,37964,30,7269
68,31,7269,453
30,68,453,77
7269,30,77,11
453,7269,11,18
77,453,18,2757
11,77,2757,20
18,11,20,3699
2757,18,3699,1428
20,2757,1428,77
3699,20,77,11
1428,3699,11,18
77,1428,18,533
11,77,533,186
18,11,186,1429
533,18,1429,77
186,533,77,11
1429,186,11,18
77,1429,18,3457
11,77,3457,6
18,11,6,4
3457,18,4,2098
6,3457,2098,733
4,6,733,3699
2098,4,3699,11
733,2098,11,77
3699,733,77,18
11,3699,18,29
77,11,29,8
18,77,8,14
29,18,14,34305
8,29,34305,3776
14,8,3776,4
34305,14,4,738
3776,34305,738,5
4,3776,5,138
738,4,138,27
5,738,27,402
138,5,402,61702
27,138,61702,27
402,27,27,99
61702,402,99,2765
27,61702,2765,1306
99,27,1306,7
2765,99,7,72
1306,2765,72,2
7,1306,2,1534
72,7,1534,2
2,72,2,11
1534,2,11,7
2,1534,7,4
11,2,4,2
7,11,2,182
4,7,182,8317
3320,172,119,111
14,3320,111,3
119,14,3,251
111,119,251,198
3,111,198,177
251,3,177,1759
198,251,1759,9684
177,198,9684,46
1759,177,46,235
9684,1759,235,1124
46,9684,1124,717
235,46,717,4341
12,886,109,19
318,12,19,651
109,318,651,13684
19,109,13684,109
651,19,109,300
13684,651,300,12
109,13684,12,466
300,109,466,221
12,300,221,437
466,12,437,892
221,466,892,530
