3561,575,4,2284
189,3561,2284,1196
4,189,1196,11024
2284,4,11024,570
1196,2284,570,6
11024,1196,6,2702
570,11024,2702,266
6,570,266,6
2702,6,6,21582
266,2702,21582,24
6,266,24,2
21582,6,2,119
24,21582,119,111
2,24,111,1089
119,2,1089,8
111,119,8,68
1089,111,68,364
8,1089,364,63
68,8,63,6099
364,68,6099,9
63,364,9,4
6099,63,4,4008
9,6099,4008,53878
4,9,53878,6
4008,4,6,156
53878,4008,156,187
6,53878,187,10
156,6,10,7
187,156,7,21
10,187,21,86
7,10,86,97
21,7,97,8
86,21,8,5673
97,86,5673,54
8,97,54,900
5673,8,900,3
54,5673,3,1205
900,54,1205,416
3,900,416,5
1205,3,5,3811
416,1205,3811,29
5,416,29,1444
3811,5,1444,97
29,3811,97,4
1444,29,4,492
97,1444,492,39
4,97,39,152
492,4,152,2
39,492,2,149
152,39,149,2376
2,152,2376,2395
149,2,2395,2203
2376,149,2203,5
2395,2376,5,43
2203,2395,43,135
5,2203,135,428
43,5,428,7
135,43,7,9794
428,135,9794,70
7,428,70,327
9794,7,327,218
70,9794,218,3
327,70,3,178
218,327,178,6
3,218,6,2203
178,3,2203,5
6,178,5,213
2203,6,213,80
5,2203,80,59
213,5,59,8
80,213,8,2203
59,80,2203,13
8,59,13,47
2203,8,47,43352
13,2203,43352,3896
47,13,3896,699
43352,47,699,7
3896,43352,7,8
699,3896,8,3439
7,699,3439,5
8,7,5,191
3439,8,191,465
5,3439,465,27
191,5,27,1291
465,191,1291,5
27,465,5,4
1291,27,4,2440
5,1291,2440,1606
4,5,1606,3099
2440,4,3099,226
1606,2440,226,195
3099,1606,195,29
226,3099,29,8
195,226,8,699
29,195,699,551
8,29,551,55
699,8,55,21
551,699,21,17
55,551,17,41476
21,55,41476,376
17,21,376,2926
41476,17,2926,70
376,41476,70,923
2926,376,923,14
70,2926,14,239
923,70,239,24
14,923,24,1960
239,14,1960,7722
24,239,7722,169
1960,24,169,5
7722,1960,5,45
169,7722,45,211
5,169,211,1842
45,5,1842,3565
211,45,3565,4
1842,211,4,225
3565,1842,225,1816
4,3565,1816,816
225,4,816,3
1816,225,3,5546
816,1816,5546,1103
3,816,1103,6
5546,3,6,68
1103,5546,68,186
6,1103,186,3
68,6,3,13171
186,68,13171,8457
3,186,8457,156
13171,3,156,2
8457,13171,2,3600
156,8457,3600,3565
2,156,3565,2
3600,2,2,15495
3565,3600,15495,5
2,3565,5,2
15495,2,2,417
5,15495,417,9
2,5,9,1370
417,2,1370,5
9,417,5,4102
1370,9,4102,782
5,1370,782,1633
4102,5,1633,3565
782,4102,3565,77
1633,782,77,26642
3565,1633,26642,12335
77,3565,12335,224
26642,77,224,3364
12335,26642,3364,2128
224,12335,2128,5836
3364,224,5836,3
2128,3364,3,1287
5836,2128,1287,256
3,5836,256,1822
1287,3,1822,6
256,1287,6,5086
1822,256,5086,150
6,1822,150,85
5086,6,85,5
150,5086,5,6
85,150,6,660
5,85,660,106
6,5,106,5
660,6,5,1423
106,660,1423,3565
5,106,3565,1705
1423,5,1705,73
3565,1423,73,5836
1705,3565,5836,3205
73,1705,3205,4931
5836,73,4931,41
3205,5836,41,65
4931,3205,65,106
41,4931,106,5
65,41,5,1837
106,65,1837,25598
5,106,25598,40373
1837,5,40373,75
25598,1837,75,658
40373,25598,658,124
75,40373,124,59
658,75,59,1103
124,658,1103,14
59,124,14,8365
1103,59,8365,3
14,1103,3,276
8365,14,276,220
3,8365,220,471
276,3,471,360
220,276,360,101
471,220,101,738
360,471,738,9
101,360,9,220
738,101,220,360
9,738,360,613
220,9,613,6
360,220,6,413
613,360,413,14
6,613,14,859
413,6,859,382
14,413,382,24
859,14,24,39
382,859,39,1387
24,382,1387,2171
39,24,2171,119
1387,39,119,6
2171,1387,6,159
119,2171,159,5741
6,119,5741,35
159,6,35,11583
5741,159,11583,17644
35,5741,17644,3
11583,35,3,319
17644,11583,319,220
3,17644,220,351
319,3,351,24
220,319,24,199
351,220,199,3
24,351,3,1061
199,24,1061,218
3,199,218,119
1061,3,119,4457
218,1061,4457,9
119,218,9,462
4457,119,462,2
9,4457,2,34176
462,9,34176,7
2,462,7,21
34176,2,21,1113
7,34176,1113,20865
21,7,20865,375
1113,21,375,15
20865,1113,15,3011
375,20865,3011,5
15,375,5,190
3011,15,190,1387
5,3011,1387,1167
190,5,1167,4
1387,190,4,10
1167,1387,10,365
4,1167,365,227
10,4,227,1053
365,10,1053,6
227,365,6,3
1053,227,3,314
6,1053,314,351
3,6,351,605
314,3,605,3423
351,314,3423,8
605,351,8,1423
3423,605,1423,35
8,3423,35,13
1423,8,13,392
35,1423,392,3
13,35,3,2306
392,13,2306,5013
3,392,5013,3
2306,3,3,33641
5013,2306,33641,1532
3,5013,1532,114
33641,3,114,1230
1532,33641,1230,6
114,1532,6,85
1230,114,85,3620
6,1230,3620,1138
85,6,1138,6
3620,85,6,598
1138,3620,598,2
6,1138,2,159
598,6,159,5741
2,598,5741,35
159,2,35,4
5741,159,4,308
35,5741,308,3
4,35,3,256
308,4,256,1884
3,308,1884,823
256,3,823,127
1884,256,127,438
823,1884,438,2151
127,823,2151,6733
438,127,6733,881
2151,438,881,77
6733,2151,77,17
881,6733,17,2197
77,881,2197,2
17,77,2,4
2197,17,4,15335
2,2197,15335,5
4,2,5,413
15335,4,413,3035
5,15335,3035,5
413,5,5,4104
3035,413,4104,85
5,3035,85,6
4104,5,6,950
85,4104,950,5
6,85,5,162
950,6,162,15378
5,950,15378,124
162,5,124,97
15378,162,97,5
124,15378,5,119
97,124,119,40296
5,97,40296,19
119,5,19,1333
40296,119,1333,168
19,40296,168,658
1333,19,658,101
168,1333,101,9
658,168,9,220
101,658,220,6
9,101,6,1884
220,9,1884,4
6,220,4,881
1884,6,881,2579
4,1884,2579,8995
881,4,8995,5
2579,881,5,90
8995,2579,90,119
5,8995,119,8675
90,5,8675,31
119,90,31,3865
8675,119,3865,38
31,8675,38,3642
3865,31,3642,3
38,3865,3,58
3642,38,58,97
3,3642,97,880
58,3,880,1477
97,58,1477,1909
880,97,1909,1423
1477,880,1423,788
1909,1477,788,5
1423,1909,5,825
788,1423,825,1217
5,788,1217,5902
825,5,5902,1909
1217,825,1909,68
5902,1217,68,15112
1909,5902,15112,4888
68,1909,4888,74
15112,68,74,51
4888,15112,51,11
74,4888,11,2197
51,74,2197,2
11,51,2,22
2197,11,22,8155
2,2197,8155,1287
22,2,1287,6
8155,22,6,85
1287,8155,85,5
6,1287,5,4679
85,6,4679,100
5,85,100,25
4679,5,25,19
100,4679,19,162
25,100,162,100
19,25,100,370
162,19,370,2593
100,162,2593,413
370,100,413,14
2593,370,14,17459
413,2593,17459,29
14,413,29,1909
17459,14,1909,31
29,17459,31,14
1909,29,14,285
31,1909,285,58
14,31,58,127
285,14,127,287
58,285,287,7
127,58,7,14
287,127,14,3
7,287,3,549
14,7,549,22
3,14,22,600
549,3,600,5
22,549,5,817
600,22,817,51
5,600,51,1492
817,5,1492,3
51,817,3,17
1492,51,17,190
3,1492,190,349
17,3,349,85
190,17,85,3
349,190,3,600
85,349,600,1909
3,85,1909,3976
600,3,3976,8
1909,600,8,46
3976,1909,46,15
8,3976,15,2378
46,8,2378,124
15,46,124,6460
2378,15,6460,4
124,2378,4,135
6460,124,135,97
4,6460,97,1483
135,4,1483,1159
97,135,1159,46
1483,97,46,63
1159,1483,63,881
46,1159,881,77
63,46,77,276
881,63,276,135
77,881,135,287
276,77,287,823
135,276,823,63
287,135,63,12576
823,287,12576,9452
63,823,9452,2
12576,63,2,4171
9452,12576,4171,1486
2,9452,1486,19
4171,2,19,2677
1486,4171,2677,2
19,1486,2,7613
2677,19,7613,857
2,2677,857,224
7613,2,224,15
857,7613,15,464
224,857,464,104147
15,224,104147,1477
464,15,1477,1909
104147,464,1909,15
1477,104147,15,22
1909,1477,22,42289
15,1909,42289,214
22,15,214,2576
42289,22,2576,3172
214,42289,3172,5837
2576,214,5837,6
3172,2576,6,3438
5837,3172,3438,4
6,5837,4,8513
3438,6,8513,416
4,3438,416,7
8513,4,7,84
416,8513,84,314
7,416,314,8
84,7,8,3
314,84,3,5471
8,314,5471,2
3,8,2,857
5471,3,857,224
2,5471,224,1909
857,2,1909,69
224,857,69,30
1909,224,30,405
69,1909,405,881
30,69,881,142
405,30,142,3
881,405,3,2839
142,881,2839,413
3,142,413,7122
2839,3,7122,63
413,2839,63,18614
7122,413,18614,2264
63,7122,2264,14686
18614,63,14686,3
2264,18614,3,10103
14686,2264,10103,881
3,14686,881,890
10103,3,890,857
881,10103,857,358
890,881,358,19
857,890,19,2704
358,857,2704,3
19,358,3,2189
2704,19,2189,1909
3,2704,1909,18127
2189,3,18127,2436
1909,2189,2436,14686
18127,1909,14686,8
2436,18127,8,2
14686,2436,2,63
8,14686,63,1909
2,8,1909,40
63,2,40,218
1909,63,218,124
40,1909,124,4
218,40,4,1833
124,218,1833,2
4,124,2,282
1833,4,282,1179
2,1833,1179,9
282,2,9,413
1179,282,413,43335
9,1179,43335,881
413,9,881,13
43335,413,13,571
881,43335,571,416
13,881,416,5
571,13,5,51
416,571,51,11
5,416,11,3499
51,5,3499,228
11,51,228,1909
3499,11,1909,4679
228,3499,4679,46
1909,228,46,24
4679,1909,24,221
46,4679,221,9591
24,46,9591,6
221,24,6,44
9591,221,44,126
6,9591,126,85
44,6,85,46
126,44,46,11
85,126,11,4
46,85,4,22
11,46,22,172
4,11,172,871
22,4,871,2288
172,22,2288,3
871,172,3,942
2288,871,942,2905
3,2288,2905,6
942,3,6,2
2905,942,2,1986
6,2905,1986,109
2,6,109,724
1986,2,724,251
109,1986,251,269
724,109,269,5
251,724,5,35
269,251,35,2321
5,269,2321,23005
35,5,23005,150
2321,35,150,214
23005,2321,214,2576
150,23005,2576,17718
214,150,17718,18889
2576,214,18889,4
17718,2576,4,441
18889,17718,441,269
4,18889,269,6165
441,4,6165,9922
269,441,9922,82
6165,269,82,258
9922,6165,258,7085
82,9922,7085,5
258,82,5,492
7085,258,492,82
5,7085,82,1188
492,5,1188,8
82,492,8,2496
1188,82,2496,15
8,1188,15,9922
2496,8,9922,3168
15,2496,3168,99044
9922,15,99044,2040
3168,9922,2040,5
99044,3168,5,460
2040,99044,460,16
5,2040,16,25
460,5,25,3117
16,460,3117,6
25,16,6,38
3117,25,38,1160
6,3117,1160,8
38,6,8,7
1160,38,7,4260
8,1160,4260,229
7,8,229,10
4260,7,10,40
229,4260,40,17
10,229,17,201
40,10,201,9
17,40,9,133
201,17,133,3
9,201,3,2710
133,9,2710,460
3,133,460,4
2710,3,4,140
460,2710,140,1679
4,460,1679,18
140,4,18,2
1679,140,2,856
18,1679,856,626
2,18,626,612
856,2,612,9922
626,856,9922,28
612,626,28,10
9922,612,10,77
28,9922,77,1162
10,28,1162,22
77,10,22,668
1162,77,668,252
22,1162,252,203
668,22,203,156
252,668,156,967
203,252,967,8
156,203,8,7
967,156,7,113
8,967,113,10
7,8,10,40
113,7,40,17
10,113,17,17154
40,10,17154,3
17,40,3,67
17154,17,67,133
3,17154,133,71955
67,3,71955,357
133,67,357,1188
71955,133,1188,12277
357,71955,12277,1144
1188,357,1144,3688
12277,1188,3688,416
1144,12277,416,1362
3688,1144,1362,3791
416,3688,3791,2203
1362,416,2203,5
3791,1362,5,157
2203,3791,157,906
5,2203,906,213
157,5,213,6
906,157,6,967
213,906,967,613
6,213,613,23
967,6,23,127
613,967,127,446
23,613,446,70
127,23,70,45
446,127,45,50
70,446,50,21
45,70,21,3
50,45,3,116
21,50,116,51
3,21,51,359
116,3,359,5
51,116,5,3024
359,51,3024,137
5,359,137,77
3024,5,77,1894
137,3024,1894,8
77,137,8,41103
1894,77,41103,20
8,1894,20,44
41103,8,44,372
20,41103,372,43
44,20,43,39
372,44,39,152
43,372,152,34
39,43,34,21
152,39,21,995
34,152,995,16
21,34,16,139
995,21,139,5
16,995,5,1909
139,16,1909,12320
5,139,12320,6
1909,5,6,640
12320,1909,640,1549
6,12320,1549,5
640,6,5,416
1549,640,416,4410
5,1549,4410,20
416,5,20,2211
4410,416,2211,738
20,4410,738,84
2211,20,84,1131
738,2211,1131,24
84,738,24,8779
1131,84,8779,433
24,1131,433,23
8779,24,23,881
433,8779,881,127
23,433,127,4441
881,23,4441,6
127,881,6,4376
4441,127,4376,598
6,4441,598,6
4376,6,6,2
598,4376,2,26016
6,598,26016,2954
2,6,2954,5
26016,2,5,20
2954,26016,20,1233
5,2954,1233,352
20,5,352,4441
1233,20,4441,23627
352,1233,23627,251
4441,352,251,1057
23627,4441,1057,12
251,23627,12,1909
1057,251,1909,5595
12,1057,5595,5
1909,12,5,2378
5595,1909,2378,857
5,5595,857,358
2378,5,358,38
857,2378,38,32172
358,857,32172,416
38,358,416,68
32172,38,68,1680
416,32172,1680,835
68,416,835,8
1680,68,8,1909
835,1680,1909,10049
8,835,10049,37
1909,8,37,2
10049,1909,2,2360
37,10049,2360,119
2,37,119,111
2360,2,111,1057
119,2360,1057,7026
111,119,7026,22
1057,111,22,4679
7026,1057,4679,82
22,7026,82,172
4679,22,172,696
82,4679,696,799
172,82,799,8
696,172,8,881
799,696,881,13
8,799,13,7025
881,8,7025,3
13,881,3,18889
7025,13,18889,23
3,7025,23,117
18889,3,117,5
23,18889,5,14455
117,23,14455,711
5,117,711,82
14455,5,82,186
711,14455,186,3
82,711,3,1909
186,82,1909,2446
3,186,2446,5
1909,3,5,16342
2446,1909,16342,2
5,2446,2,504
16342,5,504,5
2,16342,5,16769
504,2,16769,650
5,504,650,99
16769,5,99,8363
650,16769,8363,14
99,650,14,3
8363,99,3,2687
14,8363,2687,95
3,14,95,26021
2687,3,26021,986
95,2687,986,2122
26021,95,2122,5
986,26021,5,16342
2122,986,16342,716
5,2122,716,166
16342,5,166,6
716,16342,6,860
166,716,860,59
6,166,59,26
860,6,26,50
59,860,50,1693
26,59,1693,1414
50,26,1414,79
1693,50,79,135
1414,1693,135,150
79,1414,150,369
135,79,369,2438
150,135,2438,23
369,150,23,3786
2438,369,3786,6
23,2438,6,104764
3786,23,104764,214
6,3786,214,871
104764,6,871,17718
214,104764,17718,18889
871,214,18889,62
17718,871,62,63
18889,17718,63,6733
62,18889,6733,881
63,62,881,2
6733,63,2,1561
881,6733,1561,5
2,881,5,2
1561,2,2,838
5,1561,838,746
2,5,746,76314
838,2,76314,47698
746,838,47698,6
76314,746,6,2378
47698,76314,2378,43
6,47698,43,3250
2378,6,3250,89624
43,2378,89624,3786
3250,43,3786,954
89624,3250,954,469
3786,89624,469,19265
954,3786,19265,187
469,954,187,5
19265,469,5,12034
187,19265,12034,3024
5,187,3024,3430
12034,5,3430,372
3024,12034,372,43
3430,3024,43,39
372,3430,39,152
43,372,152,208
39,43,208,1235
152,39,1235,1243
208,152,1243,175
1235,208,175,3786
1243,1235,3786,4
175,1243,4,1909
3786,175,1909,239
4,3786,239,41
1909,4,41,7162
239,1909,7162,3024
41,239,3024,3430
7162,41,3430,378
3024,7162,378,66
3430,3024,66,544
378,3430,544,6033
66,378,6033,881
544,66,881,2378
6033,544,2378,857
881,6033,857,358
2378,881,358,122
857,2378,122,70
358,857,70,1305
122,358,1305,50
70,122,50,6
1305,70,6,124
50,1305,124,1464
6,50,1464,6
124,6,6,177
1464,124,177,87
6,1464,87,5
177,6,5,1909
87,177,1909,5595
5,87,5595,46
1909,5,46,4
5595,1909,4,22
46,5595,22,627
4,46,627,3
22,4,3,14686
627,22,14686,5
3,627,5,2
14686,3,2,41
5,14686,41,3322
2,5,3322,1179
41,2,1179,46
3322,41,46,124
1179,3322,124,218
46,1179,218,9
124,46,9,378
218,124,378,41
9,218,41,3643
378,9,3643,66
41,378,66,126
3643,41,126,118
66,3643,118,2426
126,66,2426,525
118,126,525,368
2426,118,368,8
525,2426,8,50
368,525,50,1131
8,368,1131,3
50,8,3,881
1131,50,881,6
3,1131,6,6
881,3,6,660
6,881,660,3786
6,6,3786,93
660,6,93,13432
3786,660,13432,198
93,3786,198,2
13432,93,2,76
198,13432,76,10779
2,198,10779,8
76,2,8,7
10779,76,7,1380
8,10779,1380,19
7,8,19,1909
1380,7,1909,3058
19,1380,3058,3426
1909,19,3426,301
3058,1909,301,80
3426,3058,80,286
301,3426,286,1909
80,301,1909,3611
286,80,3611,6
1909,286,6,4433
3611,1909,4433,6
6,3611,6,11
4433,6,11,4
6,4433,4,22
11,6,22,150
4,11,150,214
22,4,214,2576
150,22,2576,3172
214,150,3172,5837
2576,214,5837,31
3172,2576,31,68
5837,3172,68,13
31,5837,13,2
68,31,2,435
13,68,435,6
2,13,6,890
435,2,890,857
6,435,857,358
890,6,358,12455
857,890,12455,16402
358,857,16402,2
12455,358,2,5886
16402,12455,5886,2026
2,16402,2026,6
5886,2,6,235
2026,5886,235,11495
6,2026,11495,187
235,6,187,5
11495,235,5,12209
187,11495,12209,2
5,187,2,1869
12209,5,1869,63
2,12209,63,238
1869,2,238,188
63,1869,188,3
238,63,3,93
188,238,93,4
3,188,4,2039
93,3,2039,6
4,93,6,53326
2039,4,53326,318
6,2039,318,1066
53326,6,1066,100
318,53326,100,12455
1066,318,12455,6
100,1066,6,8
12455,100,8,187
6,12455,187,63
8,6,63,4008
187,8,4008,1971
63,187,1971,14
4008,63,14,1279
1971,4008,1279,2000
14,1971,2000,4
1279,14,4,424
2000,1279,424,3
4,2000,3,2429
424,4,2429,307
3,424,307,5
2429,3,5,70
307,2429,70,2236
5,307,2236,140
70,5,140,621
2236,70,621,6
140,2236,6,3885
621,140,3885,250
6,621,250,2284
3885,6,2284,1196
250,3885,1196,69
2284,250,69,3976
1196,2284,3976,8
69,1196,8,1971
3976,69,1971,230
8,3976,230,1711
1971,8,1711,198
230,1971,198,4
1711,230,4,318
198,1711,318,1066
4,198,1066,19
318,4,19,1825
1066,318,1825,308
19,1066,308,2236
1825,19,2236,72
308,1825,72,126
2236,308,126,85
72,2236,85,25
126,72,25,20
85,126,20,2211
25,85,2211,4012
20,25,4012,13
2211,20,13,47
4012,2211,47,7
13,4012,7,1196
47,13,1196,504
7,47,504,123
1196,7,123,297
504,1196,297,3
123,504,3,1365
297,123,1365,1971
3,297,1971,318
1365,3,318,103485
1971,1365,103485,2284
318,1971,2284,1196
103485,318,1196,3468
2284,103485,3468,22
1196,2284,22,8253
3468,1196,8253,16
22,3468,16,12
8253,22,12,3394
16,8253,3394,109
12,16,109,2
3394,12,2,43
109,3394,43,2236
