367,11,14584,6
768,367,6,78
14584,768,78,32
6,14584,32,471
78,6,471,5
32,78,5,8
471,32,8,1160
5,471,1160,25
8,5,25,21
1160,8,21,524
25,1160,524,61
21,25,61,149
524,21,149,3
61,524,3,257
149,61,257,4
3,149,4,2911
257,3,2911,4
4,257,4,573
2911,4,573,5
4,2911,5,989
573,4,989,1450
5,573,1450,2
989,5,2,2368
1450,989,2368,54
2,1450,54,7
2368,2,7,25
54,2368,25,113
7,54,113,30
25,7,30,18
113,25,18,76
30,113,76,101
18,30,101,3
76,18,3,913
101,76,913,27
3,101,27,3
913,3,3,2725
27,913,2725,190
3,27,190,344
2725,3,344,209
190,2725,209,37
344,190,37,85
209,344,85,7
37,209,7,8
85,37,8,10
7,85,10,14
8,7,14,186
10,8,186,4983
14,10,4983,5
186,14,5,27
4983,186,27,65
5,4983,65,11156
27,5,11156,5
65,27,5,78
11156,65,78,8
5,11156,8,434
78,5,434,1287
8,78,1287,217
434,8,217,16
1287,434,16,12851
217,1287,12851,811
16,217,811,27
12851,16,27,7
811,12851,7,149
27,811,149,9
7,27,9,2
149,7,2,105
9,149,105,7781
2,9,7781,4
105,2,4,2
7781,105,2,131
4,7781,131,1534
2,4,1534,678
131,2,678,29
1534,131,29,78
678,1534,78,551
29,678,551,7
78,29,7,2720
551,78,2720,21
7,551,21,4937
2720,7,4937,144
21,2720,144,71
4937,21,71,1666
144,4937,1666,6
71,144,6,531
1666,71,531,35
6,1666,35,285
531,6,285,271
35,531,271,5578
285,35,5578,4068
271,285,4068,209
5578,271,209,8
4068,5578,8,11
209,4068,11,7
8,209,7,21
11,8,21,2
7,11,2,16583
21,7,16583,678
2,21,678,4
16583,2,4,97
678,16583,97,51691
4,678,51691,2720
97,4,2720,6
51691,97,6,438
2720,51691,438,49
6,2720,49,29
438,6,29,285
49,438,285,246
29,49,246,358
285,29,358,4
246,285,4,32
358,246,32,774
4,358,774,200
32,4,200,16
774,32,16,911
200,774,911,2240
16,200,2240,26
911,16,26,18
2240,911,18,13
26,2240,13,6
18,26,6,67
13,18,67,3452
6,13,3452,64
67,6,64,42
3452,67,42,14
64,3452,14,990
42,64,990,3
14,42,3,44
990,14,44,64
3,990,64,3
44,3,3,333
64,44,333,5
3,64,5,48
333,3,48,8
5,333,8,246
48,5,246,84
8,48,84,3
246,8,3,90
84,246,90,70
3,84,70,85
90,3,85,284
70,90,284,327
85,70,327,313
284,85,313,2
327,284,2,1067
313,327,1067,73
2,313,73,454
1067,2,454,576
73,1067,576,271
454,73,271,5
576,454,5,2
271,576,2,1408
5,271,1408,782
2,5,782,2
1408,2,2,1408
782,1408,1408,1535
2,782,1535,168
1408,2,168,785
1535,1408,785,98
168,1535,98,57
785,168,57,359
98,785,359,118
57,98,118,2270
359,57,2270,1523
118,359,1523,19
2270,118,19,2648
1523,2270,2648,6
19,1523,6,20
2648,19,20,989
6,2648,989,10626
20,6,10626,35
989,20,35,6
10626,989,6,2
35,10626,2,107
6,35,107,10
2,6,10,115
107,2,115,929
10,107,929,271
115,10,271,5
929,115,5,2
271,929,2,3885
5,271,3885,343
2,5,343,8122
3885,2,8122,3
343,3885,3,209
8122,343,209,8
3,8122,8,27
209,3,27,4405
8,209,4405,7
27,8,7,6
4405,27,6,22
7,4405,22,105
6,7,105,384
22,6,384,2
105,22,2,1067
384,105,1067,5
2,384,5,2
1067,2,2,3885
5,1067,3885,36
2,5,36,23
3885,2,23,275
36,3885,275,2
23,36,2,11283
275,23,11283,24
2,275,24,7644
11283,2,7644,492
24,11283,492,384
7644,24,384,4
492,7644,4,2
384,492,2,6
4,384,6,98
2,4,98,1408
6,2,1408,80
98,6,80,2
1408,98,2,503
80,1408,503,42
2,80,42,53
503,2,53,16
42,503,16,110
53,42,110,3
16,53,3,17
110,16,17,76
3,110,76,9848
17,3,9848,1179
76,17,1179,2211
9848,76,2211,699
1179,9848,699,5
2211,1179,5,356
699,2211,356,7
5,699,7,8
356,5,8,33
7,356,33,208
8,7,208,116
33,8,116,24
208,33,24,72
116,208,72,51
24,116,51,2657
72,24,2657,333
51,72,333,160
2657,51,160,132
333,2657,132,154
160,333,154,6733
132,160,6733,881
154,132,881,6516
6733,154,6516,3581
881,6733,3581,629
6516,881,629,4
3581,6516,4,1046
629,3581,1046,824
4,629,824,5
1046,4,5,7449
824,1046,7449,4
5,824,4,6651
7449,5,6651,2378
4,7449,2378,124
6651,4,124,7
2378,6651,7,41
124,2378,41,9
7,124,9,101
41,7,101,5
9,41,5,220
101,9,220,70
5,101,70,65
220,5,65,98
70,220,98,57
65,70,57,1265
98,65,1265,63
57,98,63,3977
1265,57,3977,3429
63,1265,3429,12
3977,63,12,5
3429,3977,5,2002
12,3429,2002,492
5,12,492,678
2002,5,678,420
492,2002,420,2899
678,492,2899,792
420,678,792,6
2899,420,6,306
792,2899,306,3365
6,792,3365,5138
306,6,5138,403
3365,306,403,4
5138,3365,4,1605
403,5138,1605,9
4,403,9,169
1605,4,169,160
9,1605,160,344
169,9,344,160
160,169,160,208
344,160,208,154
160,344,154,24
208,160,24,492
154,208,492,36
24,154,36,1182
492,24,1182,73
36,492,73,105
1182,36,105,675
73,1182,675,10
105,73,10,445
675,105,445,154
10,675,154,24
445,10,24,2221
154,445,2221,45
24,154,45,31
2221,24,31,313
45,2221,313,3
31,45,3,664
313,31,664,56
3,313,56,5
664,3,5,38
56,664,38,7402
5,56,7402,564
38,5,564,6
7402,38,6,290
564,7402,290,15
6,564,15,76
290,6,76,201
15,290,201,36
76,15,36,2348
201,76,2348,354
36,201,354,4
2348,36,4,18
354,2348,18,1590
4,354,1590,4
18,4,4,14024
1590,18,14024,3
4,1590,3,96
14024,4,96,81
3,14024,81,2
96,3,2,738
81,96,738,7
2,81,7,18
738,2,18,76
7,738,76,1504
18,7,1504,29
76,18,29,344
1504,76,344,403
29,1504,403,9
344,29,9,27
403,344,27,7
9,403,7,353
27,9,353,21
7,27,21,3813
353,7,3813,36
21,353,36,35417
3813,21,35417,5165
36,3813,5165,3568
35417,36,3568,24
5165,35417,24,20
3568,5165,20,2221
24,3568,2221,417
20,24,417,4
2221,20,4,75
417,2221,75,576
4,417,576,5
75,4,5,71
576,75,71,31
5,576,31,819
71,5,819,156
31,71,156,2
819,31,2,2853
156,819,2853,534
2,156,534,678
2853,2,678,29
534,2853,29,2636
678,534,2636,946
29,678,946,988
2636,29,988,2
946,2636,2,6325
988,946,6325,3643
2,988,3643,5314
6325,2,5314,7
3643,6325,7,55
5314,3643,55,208
7,5314,208,858
55,7,858,61
208,55,61,3066
858,208,3066,403
61,858,403,9
3066,61,9,98
403,3066,98,629
9,403,629,4
98,9,4,51
629,98,51,14
4,629,14,655
51,4,655,2433
14,51,2433,78
655,14,78,32
2433,655,32,14
78,2433,14,2
32,78,2,52043
14,32,52043,12219
2,14,12219,1813
52043,2,1813,3
12219,52043,3,1239
1813,12219,1239,27
3,1813,27,800
1239,3,800,103
27,1239,103,418
800,27,418,5
103,800,5,76
418,103,76,403
5,418,403,4
76,5,4,104
403,76,104,161
4,403,161,929
104,4,929,280
161,104,280,160
929,161,160,99
280,929,99,7
160,280,7,6
99,160,6,3230
7,99,3230,157
6,7,157,349
3230,6,349,3
157,3230,3,10653
349,157,10653,215
3,349,215,13474
10653,3,13474,2493
215,10653,2493,20
13474,215,20,13474
2493,13474,13474,5578
20,2493,5578,1969
13474,20,1969,24
5578,13474,24,51
1969,5578,51,55
24,1969,55,86
51,24,86,17
55,51,17,228
86,55,228,54771
17,86,54771,711
228,17,711,218
54771,228,218,4
711,54771,4,2166
218,711,2166,203
4,218,203,2021
2166,4,2021,4
203,2166,4,20020
2021,203,20020,792
4,2021,792,5
20020,4,5,71
792,20020,71,4
5,792,4,14
71,5,14,6588
4,71,6588,4
14,4,4,1397
6588,14,1397,19
4,6588,19,78
1397,4,78,2
19,1397,2,269
78,19,269,5
2,78,5,35
269,2,35,78
5,269,78,3894
35,5,3894,31
78,35,31,4370
3894,78,4370,9
31,3894,9,49
4370,31,49,121
9,4370,121,17
49,9,17,3427
121,49,3427,7
17,121,7,2
3427,17,2,182
7,3427,182,5
2,7,5,936
182,2,936,171
5,182,171,49
936,5,49,2451
171,936,2451,11
49,171,11,525
2451,49,525,15
11,2451,15,71
525,11,71,16
15,525,16,2270
71,15,2270,1390
16,71,1390,9
2270,16,9,439
1390,2270,439,5
9,1390,5,793
439,9,793,5
5,439,5,589
793,5,589,5
5,793,5,225
589,5,225,4
5,589,4,38
225,5,38,907
4,225,907,90
38,4,90,5
907,38,5,81
90,907,81,2270
5,90,2270,5924
81,5,5924,2055
2270,81,2055,19
5924,2270,19,1198
2055,5924,1198,57
19,2055,57,418
1198,19,418,5
57,1198,5,76
418,57,76,403
5,418,403,7
76,5,7,9
403,76,9,2626
7,403,2626,5
9,7,5,2653
2626,9,2653,70
5,2626,70,45
2653,5,45,586
70,2653,586,31
45,70,31,18
586,45,18,47
31,586,47,1139
18,31,1139,1233
47,18,1233,19
1139,47,19,150
1233,1139,150,195
19,1233,195,9
150,19,9,568
195,150,568,575
9,195,575,189
568,9,189,5701
575,568,5701,1805
189,575,1805,3
5701,189,3,4913
1805,5701,4913,9475
3,1805,9475,126
4913,3,126,11
9475,4913,11,14
126,9475,14,6028
11,126,6028,3171
14,11,3171,79
6028,14,79,76
3171,6028,76,297
79,3171,297,13
76,79,13,247
297,76,247,1919
13,297,1919,2087
247,13,2087,9
1919,247,9,157
2087,1919,157,150
9,2087,150,92
157,9,92,59
150,157,59,10
92,150,10,154
59,92,154,3
10,59,3,2653
154,10,2653,70
3,154,70,699
2653,3,699,7
70,2653,7,8
699,70,8,2341
7,699,2341,5
8,7,5,8223
2341,8,8223,13
5,2341,13,23373
8223,5,23373,3
13,8223,3,412
23373,13,412,4
3,23373,4,64
412,3,64,752
4,412,752,671
64,4,671,98
752,64,98,564
671,752,564,6
98,671,6,135
564,98,135,97
6,564,97,4
135,6,4,5
97,135,5,376
4,97,376,208
5,4,208,7
376,5,7,6
208,376,6,58
7,208,58,97
6,7,97,19
58,6,19,2626
97,58,2626,7
19,97,7,25
2626,19,25,21
7,2626,21,242
25,7,242,359
21,25,359,5
242,21,5,35
359,242,35,2432
5,359,2432,8
35,5,8,200
2432,35,200,32
8,2432,32,491
200,8,491,773
32,200,773,3
491,32,3,117
773,491,117,412
3,773,412,55
117,3,55,10279
412,117,10279,480
55,412,480,21
10279,55,21,1632
480,10279,1632,15
21,480,15,157
1632,21,157,1682
15,1632,1682,2734
157,15,2734,41
1682,157,41,65
2734,1682,65,2
41,2734,2,1134
65,41,1134,3
2,65,3,236
1134,2,236,73
3,1134,73,3238
236,3,3238,36
73,236,36,2637
3238,73,2637,36
36,3238,36,1503
2637,36,1503,413
36,2637,413,210
1503,36,210,177
413,1503,177,5
210,413,5,39
177,210,39,6848
5,177,6848,36
39,5,36,13884
6848,39,13884,36
36,6848,36,1168
13884,36,1168,5
36,13884,5,57
1168,36,57,236
5,1168,236,120
57,5,120,70
236,57,70,244
120,236,244,6
70,120,6,999
244,70,999,6
6,244,6,207
999,6,207,107
6,999,107,6083
207,6,6083,3
107,207,3,667
6083,107,667,108
3,6083,108,19916
667,3,19916,64
108,667,64,7
19916,108,7,242
64,19916,242,45
7,64,45,257
242,7,257,5096
45,242,5096,27
257,45,27,997
5096,257,997,34
27,5096,34,17
997,27,17,168
34,997,168,262
17,34,262,4
168,17,4,1694
262,168,1694,3243
4,262,3243,9
1694,4,9,262
3243,1694,262,7
9,3243,7,25
262,9,25,116
7,262,116,229
25,7,229,11
116,25,11,55
229,116,55,2220
11,229,2220,29
55,11,29,72
2220,55,72,2
29,2220,2,11
72,29,11,331
2,72,331,45
11,2,45,6
331,11,6,76
45,331,76,5
6,45,5,22
76,6,22,1800
5,76,1800,51
22,5,51,25
1800,22,25,33
51,1800,33,18
25,51,18,3
33,25,3,689
18,33,689,72
3,18,72,454
689,3,454,480
72,689,480,6
454,72,6,191
480,454,191,31
6,480,31,513
191,6,513,98
31,191,98,769
513,31,769,3
98,513,3,3081
769,98,3081,7
3,769,7,2
3081,3,2,503
7,3081,503,1113
2,7,1113,45
503,2,45,121
1113,503,121,208
45,1113,208,113
121,45,113,5
208,121,5,32
113,208,32,2
5,113,2,521
32,5,521,36
2,32,36,1055
521,2,1055,4
36,521,4,8
1055,36,8,14
4,1055,14,72
8,4,72,2
14,8,2,136
72,14,136,560
2,72,560,9
136,2,9,200
560,136,200,2
9,560,2,10
200,9,10,7
2,200,7,9
10,2,9,78
7,10,78,22
9,7,22,433
78,9,433,2
22,78,2,63
433,22,63,46
2,433,46,2055
63,2,2055,24
46,63,24,22
2055,46,22,4054
24,2055,4054,1456
22,24,1456,6
4054,22,6,2702
1456,4054,2702,266
6,1456,266,15
2702,6,15,2
266,2702,2,534
15,266,534,1434
2,15,1434,7046
534,2,7046,4
1434,534,4,22
7046,1434,22,5787
4,7046,5787,5
22,4,5,696
5787,22,696,427
5,5787,427,1696
696,5,1696,2
427,696,2,22825
1696,427,22825,9
2,1696,9,225
22825,2,225,11
9,22825,11,277
225,9,277,4939
11,225,4939,12
277,11,12,22
4939,277,22,736
12,4939,736,296
22,12,296,46
736,22,46,14
296,736,14,340
46,296,340,1049
14,46,1049,6997
340,14,6997,11
1049,340,11,6
6997,1049,6,22
11,6997,22,83
6,11,83,357
22,6,357,448
83,22,448,2626
357,83,2626,2
448,357,2,30
2626,448,30,116
2,2626,116,10
30,2,10,11
116,30,11,1355
10,116,1355,1053
11,10,1053,54
1355,11,54,40
1053,1355,40,117
54,1053,117,529
40,54,529,217
117,40,217,5
529,117,5,534
217,529,534,220
5,217,220,471
534,5,471,3
220,534,3,1086
471,220,1086,11
3,471,11,68
1086,3,68,1355
11,1086,1355,1053
68,11,1053,54
1355,68,54,1000
1053,1355,1000,3
54,1053,3,133
1000,54,133,394
3,1000,394,554
133,3,554,1462
394,133,1462,203
554,394,203,575
1462,554,575,189
203,1462,189,11
575,203,11,465
189,575,465,40
11,189,40,3840
465,11,3840,480
40,465,480,3185
3840,40,3185,4
480,3840,4,140
3185,480,140,946
4,3185,946,142
140,4,142,198
946,140,198,1293
142,946,1293,81
198,142,81,14137
1293,198,14137,59
81,1293,59,10
14137,81,10,1492
59,14137,1492,73
10,59,73,1727
1492,10,1727,9
73,1492,9,2857
1727,73,2857,40
9,1727,40,21
2857,9,21,17
40,2857,17,541
21,40,541,22
17,21,22,221
541,17,221,1535
22,541,1535,1137
221,22,1137,12
1535,221,12,5285
1137,1535,5285,936
12,1137,936,37
5285,12,37,12031
936,5285,12031,45
37,936,45,16244
12031,37,16244,2
45,12031,2,3610
16244,45,3610,1417
2,16244,1417,6
3610,2,6,2816
1417,3610,2816,14
6,1417,14,1748
2816,6,1748,19
14,2816,19,4571
1748,14,4571,1148
19,1748,1148,9
4571,19,9,64
1148,4571,64,201
9,1148,201,337
64,9,337,53
201,64,53,50
337,201,50,2
53,337,2,217
50,53,217,5
2,50,5,954
217,2,954,211
5,217,211,1863
954,5,1863,5
211,954,5,5188
1863,211,5188,3585
5,1863,3585,4
5188,5,4,1515
3585,5188,1515,14703
4,3585,14703,1091
1515,4,1091,54
14703,1515,54,50
1091,14703,50,208
54,1091,208,1403
50,54,1403,1380
208,50,1380,3
1403,208,3,166
1380,1403,166,10
3,1380,10,14
166,3,14,22
10,166,22,269
14,10,269,5
22,14,5,35
269,22,35,9486
5,269,9486,7132
35,5,7132,31
9486,35,31,3336
7132,9486,3336,42961
31,7132,42961,2
3336,31,2,1334
42961,3336,1334,7047
2,42961,7047,194
1334,2,194,37
7047,1334,37,793
194,7047,793,5
37,194,5,589
793,37,589,5
5,793,5,1127
589,5,1127,397
5,589,397,31
1127,5,31,210
397,1127,210,8122
31,397,8122,3
210,31,3,157
8122,210,157,4695
3,8122,4695,30
157,3,30,113
4695,157,113,10
30,4695,10,1155
113,30,1155,10
10,113,10,11
1155,10,11,1285
10,1155,1285,124
11,10,124,512
1285,11,512,5
124,1285,5,1687
512,124,1687,13544
5,512,13544,59
1687,5,59,39
13544,1687,39,5
59,13544,5,3174
39,59,3174,5
5,39,5,11843
3174,5,11843,3417
5,3174,3417,50
11843,5,50,99
3417,11843,99,5686
50,3417,5686,19
99,50,19,22
5686,99,22,92
19,5686,92,316
22,19,316,3583
92,22,3583,30
316,92,30,56
3583,316,56,3
30,3583,3,1730
56,30,1730,61
3,56,61,37
1730,3,37,10
61,1730,10,64
37,61,64,315
10,37,315,14
64,10,14,146
315,64,146,3
14,315,3,3850
146,14,3850,64
3,146,64,98
3850,3,98,280
64,3850,280,160
98,64,160,6
280,98,6,157
160,280,157,77
6,160,77,208
157,6,208,154
77,157,154,24
208,77,24,45
154,208,45,73
24,154,73,32
45,24,32,536
73,45,536,42
32,73,42,5
536,32,5,81
42,536,81,256
5,42,256,27804
81,5,27804,7
256,81,7,159
27804,256,159,582
7,27804,582,2259
159,7,2259,9
582,159,9,2
2259,582,2,529
9,2259,529,2621
2,9,2621,649
529,2,649,733
2621,529,733,11
649,2621,11,13
733,649,13,90
11,733,90,385
13,11,385,4
90,13,4,7
385,90,7,2
4,385,2,6516
7,4,6516,545
2,7,545,5
6516,2,5,352
545,6516,352,11
5,545,11,863
352,5,863,15
11,352,15,2
863,11,2,4277
15,863,4277,478
2,15,478,9
4277,2,9,5207
478,4277,5207,328
9,478,328,5
5207,9,5,337
328,5207,337,4
5,328,4,594
337,5,594,9
4,337,9,399
594,4,399,6902
9,594,6902,256
399,9,256,2238
6902,399,2238,10
256,6902,10,2
2238,256,2,2
