93055,3,3623,46
6173,93055,46,4
3623,6173,4,666
46,3623,666,3
4,46,3,154
666,4,154,61
3,666,61,15
154,3,15,54
61,154,54,35
15,61,35,340
54,15,340,50
35,54,50,88
340,35,88,1102
50,340,1102,5
88,50,5,932
1102,88,932,5
5,1102,5,478
932,5,478,133
5,932,133,6
478,5,6,51
133,478,51,50
6,133,50,791
51,6,791,1960
50,51,1960,35
791,50,35,3979
1960,791,3979,6
35,1960,6,1694
3979,35,1694,10361
6,3979,10361,30
1694,6,30,1492
10361,1694,1492,23
30,10361,23,566
1492,30,566,7421
23,1492,7421,237
566,23,237,842
7421,566,842,406
237,7421,406,935
842,237,935,4
406,842,4,1251
935,406,1251,30
4,935,30,920
1251,4,920,7202
30,1251,7202,62
920,30,62,30
7202,920,30,1452
62,7202,1452,53
30,62,53,4
1452,30,4,3764
53,1452,3764,332
4,53,332,4425
3764,4,4425,6
332,3764,6,829
4425,332,829,606
6,4425,606,87682
829,6,87682,7
606,829,7,4
87682,606,4,12590
7,87682,12590,1485
4,7,1485,54
12590,4,54,33
1485,12590,33,55
54,1485,55,1026
33,54,1026,284
55,33,284,19
1026,55,19,4425
284,1026,4425,25
19,284,25,54
4425,19,54,35
25,4425,35,324
54,25,324,56
35,54,56,12
324,35,12,100058
56,324,100058,46
12,56,46,206
100058,12,206,30
46,100058,30,2288
206,46,2288,104
30,206,104,566
2288,30,566,35901
104,2288,35901,2223
566,104,2223,4
35901,566,4,560
2223,35901,560,67
4,2223,67,7941
560,4,7941,16
67,560,16,2409
7941,67,2409,8944
16,7941,8944,53
2409,16,53,16
8944,2409,16,2
53,8944,2,1168
16,53,1168,107
2,16,107,36
1168,2,36,41
107,1168,41,33
36,107,33,77
41,36,77,6441
33,41,6441,4
77,33,4,2439
6441,77,2439,4335
4,6441,4335,561
2439,4,561,3
4335,2439,3,516
561,4335,516,54
3,561,54,2186
516,3,2186,1302
54,516,1302,16
2186,54,16,88
1302,2186,88,344
16,1302,344,29
88,16,29,30
344,88,30,1047
29,344,1047,8
30,29,8,6
1047,30,6,461
8,1047,461,5
6,8,5,1585
461,6,1585,105
5,461,105,1456
1585,5,1456,46
105,1585,46,104
1456,105,104,566
46,1456,566,5169
104,46,5169,50
566,104,50,88
5169,566,88,72916
50,5169,72916,866
88,50,866,561
72916,88,561,19
866,72916,19,200
561,866,200,7730
19,561,7730,2
200,19,2,21657
7730,200,21657,15
2,7730,15,4194
21657,2,4194,1182
15,21657,1182,4
4194,15,4,11
1182,4194,11,1974
4,1182,1974,8
11,4,8,5
1974,11,5,48
8,1974,48,1302
5,8,1302,30
48,5,30,50
1302,48,50,1612
30,1302,1612,237
50,30,237,14
1612,50,14,19
237,1612,19,239
14,237,239,88
19,14,88,344
239,19,344,5169
88,239,5169,5
344,88,5,105
5169,344,105,50713
5,5169,50713,7
105,5,7,42
50713,105,42,120
7,50713,120,53
42,7,53,2
120,42,2,2771
53,120,2771,1159
2,53,1159,175
2771,2,175,62
1159,2771,62,119
175,1159,119,106
62,175,106,4
119,62,4,62
106,119,62,88
4,106,88,2361
62,4,2361,106
88,62,106,7730
2361,88,7730,28
106,2361,28,237
7730,106,237,5813
28,7730,5813,7
237,28,7,2
5813,237,2,245
7,5813,245,201
2,7,201,5169
245,2,5169,3
201,245,3,610
5169,201,610,271
3,5169,271,37
610,3,37,62
271,610,62,85
37,271,85,16
62,37,16,110
85,62,110,3
16,85,3,484
110,16,484,25724
3,110,25724,7730
484,3,7730,1397
25724,484,1397,43
7730,25724,43,3
1397,7730,3,236
43,1397,236,2
3,43,2,875
236,3,875,2777
2,236,2777,12
875,2,12,237
2777,875,237,87
12,2777,87,10
237,12,10,465
87,237,465,8201
10,87,8201,15
465,10,15,935
8201,465,935,842
15,8201,842,4
935,15,4,714
842,935,714,80
4,842,80,94737
714,4,94737,8
80,714,8,7
94737,80,7,242
8,94737,242,46
7,8,46,6
242,7,6,2
46,242,2,35
6,46,35,73
2,6,73,3728
35,2,3728,54
73,35,54,13
3728,73,13,2
54,3728,2,1855
13,54,1855,422
2,13,422,220
1855,2,220,684
422,1855,684,8
220,422,8,132
684,220,132,68
8,684,68,18
132,8,18,76
68,132,76,7415
18,68,7415,12
76,18,12,3728
7415,76,3728,935
12,7415,935,2384
3728,12,2384,4
935,3728,4,12
2384,935,12,10
4,2384,10,842
12,4,842,2384
10,12,2384,7730
842,10,7730,1380
2384,842,1380,3728
7730,2384,3728,13
1380,7730,13,3517
3728,1380,3517,3823
13,3728,3823,2623
3517,13,2623,935
3823,3517,935,6
2623,3823,6,133
935,2623,133,2
6,935,2,33
133,6,33,55
2,133,55,137
33,2,137,24
55,33,24,67
137,55,67,96811
24,137,96811,15
67,24,15,7730
96811,67,7730,4701
15,96811,4701,30
7730,15,30,516
4701,7730,516,3
30,4701,3,276
516,30,276,2
3,516,2,334
276,3,334,41
2,276,41,191
334,2,191,3
41,334,3,237
191,41,237,4425
3,191,4425,48
237,3,48,57
4425,237,57,7421
48,4425,7421,16
57,48,16,21
7421,57,21,105608
16,7421,105608,332
21,16,332,5
105608,21,5,67
332,105608,67,566
5,332,566,5169
67,5,5169,30
566,67,30,1013
5169,566,1013,207
30,5169,207,35
1013,30,35,6
207,1013,6,133
35,207,133,3
6,35,3,536
133,6,536,43
3,133,43,3823
536,3,3823,734
43,536,734,36
3823,43,36,1398
734,3823,1398,5
36,734,5,150
1398,36,150,684
5,1398,684,8
150,5,8,918
684,150,918,43
8,684,43,3
918,8,3,137
43,918,137,62
3,43,62,239
137,3,239,332
62,137,332,35
239,62,35,7921
332,239,7921,24
35,332,24,11817
7921,35,11817,70
24,7921,70,81216
11817,24,81216,9
70,11817,9,482
81216,70,482,6
9,81216,6,1963
482,9,1963,1044
6,482,1044,33
1963,6,33,2548
1044,1963,2548,1466
33,1044,1466,8
2548,33,8,161
1466,2548,161,731
8,1466,731,129
161,8,129,119
731,161,119,4
129,731,4,3138
119,129,3138,129
4,119,129,119
3138,4,119,4535
129,3138,4535,4408
119,129,4408,12
4535,119,12,237
4408,4535,237,3979
12,4408,3979,29
237,12,29,9
3979,237,9,1633
29,3979,1633,382
9,29,382,337
1633,9,337,67
382,1633,67,3979
337,382,3979,234
67,337,234,23
3979,67,23,2947
234,3979,2947,734
23,234,734,46
2947,23,46,10
734,2947,10,115
46,734,115,323
10,46,323,229
115,10,229,2
323,115,2,35
229,323,35,7
2,229,7,282
35,2,282,36
7,35,36,901
282,7,901,65
36,282,65,43
901,36,43,932
65,901,932,10
43,65,10,323
932,43,323,62
10,932,62,136
323,10,136,2
62,323,2,35
136,62,35,5428
2,136,5428,24
35,2,24,882
5428,35,882,32837
24,5428,32837,332
882,24,332,4425
32837,882,4425,207
332,32837,207,35
4425,332,35,495
207,4425,495,2
35,207,2,4039
495,35,4039,24
2,495,24,3
4039,2,3,30
24,4039,30,140
3,24,140,453
30,3,453,626
140,30,626,4039
453,140,4039,570
626,453,570,3
4039,626,3,276
570,4039,276,332
3,570,332,35
276,3,35,2
332,276,2,764
35,332,764,57727
2,35,57727,33
764,2,33,2548
57727,764,2548,137
33,57727,137,54
2548,33,54,35
137,2548,35,5785
54,137,5785,1522
35,54,1522,6
5785,35,6,566
1522,5785,566,626
6,1522,626,53930
566,6,53930,3764
626,566,3764,43
53930,626,43,4335
3764,53930,4335,561
43,3764,561,3
4335,43,3,1013
561,4335,1013,1217
3,561,1217,5644
1013,3,5644,5
1217,1013,5,332
5644,1217,332,35
5,5644,35,3
332,5,3,133
35,332,133,2
3,35,2,2
133,3,2,668
2,133,668,30
2,2,30,364
668,2,364,48
30,668,48,7421
364,30,7421,4335
48,364,4335,91
7421,48,91,220
4335,7421,220,36
91,4335,36,1842
220,91,1842,70
36,220,70,1647
1842,36,1647,36
70,1842,36,3221
1647,70,3221,1553
36,1647,1553,45645
3221,36,45645,17072
1553,3221,17072,4
45645,1553,4,57
17072,45645,57,2968
4,17072,2968,24901
57,4,24901,103
2968,57,103,36
24901,2968,36,41
103,24901,41,237
36,103,237,1348
41,36,1348,36
237,41,36,1499
1348,237,1499,4
36,1348,4,119
1499,36,119,1074
4,1499,1074,21
119,4,21,1348
1074,119,1348,36
21,1074,36,77196
1348,21,77196,337
36,1348,337,30
77196,36,30,91
337,77196,91,4335
30,337,4335,101735
91,30,101735,7
4335,91,7,8
101735,4335,8,10
7,101735,10,276
8,7,276,43
10,8,43,2
276,10,2,41
43,276,41,3041
2,43,3041,1217
41,2,1217,6546
3041,41,6546,5
1217,3041,5,332
6546,1217,332,35
5,6546,35,52
332,5,52,30
35,332,30,13
52,35,13,86
30,52,86,1492
13,30,1492,23
86,13,23,2361
1492,86,2361,1013
23,1492,1013,3
2361,23,3,119
1013,2361,119,30
3,1013,30,40
119,3,40,18
30,119,18,1968
40,30,1968,2
18,40,2,8838
1968,18,8838,1245
2,1968,1245,9
8838,2,9,482
1245,8838,482,13
9,1245,13,30
482,9,30,5785
13,482,5785,3518
30,13,3518,292
5785,30,292,12
3518,5785,12,1290
292,3518,1290,684
12,292,684,9403
1290,12,9403,48
684,1290,48,1217
9403,684,1217,15520
48,9403,15520,3221
1217,48,3221,40
15520,1217,40,18
3221,15520,18,5785
40,3221,5785,746
18,40,746,172
5785,18,172,29
746,5785,29,10
172,746,10,13
29,172,13,2
10,29,2,5365
13,10,5365,529
2,13,529,1553
5365,2,1553,70
529,5365,70,684
1553,529,684,2
70,1553,2,151
684,70,151,54
2,684,54,13
151,2,13,2
54,151,2,1855
13,54,1855,2735
2,13,2735,360
1855,2,360,660
2735,1855,660,12
360,2735,12,70
660,360,70,356
12,660,356,23
70,12,23,2
356,70,2,150
23,356,150,77919
2,23,77919,697
150,2,697,3
77919,150,3,346
697,77919,346,2
3,697,2,35
346,3,35,8
2,346,8,41
35,2,41,1867
8,35,1867,3607
41,8,3607,133
1867,41,133,1217
3607,1867,1217,6546
133,3607,6546,46
1217,133,46,4
6546,1217,4,2047
46,6546,2047,115
4,46,115,8
2047,4,8,462
115,2047,462,3092
8,115,3092,52
462,8,52,33
3092,462,33,234
52,3092,234,23
33,52,23,207
234,33,207,151
23,234,151,1499
207,23,1499,2312
151,207,2312,220
1499,151,220,46
2312,1499,46,2047
220,2312,2047,5136
46,220,5136,684
2047,46,684,16
5136,2047,16,557
684,5136,557,5829
16,684,5829,3
557,16,3,133
5829,557,133,23
3,5829,23,77113
133,3,77113,115
23,133,115,1066
77113,23,1066,7730
115,77113,7730,24
1066,115,24,4194
7730,1066,4194,11
24,7730,11,173
4194,24,173,56
11,4194,56,8
173,11,8,2047
56,173,2047,13
8,56,13,11340
2047,8,11340,133
13,2047,133,2211
11340,13,2211,687
133,11340,687,81136
2211,133,81136,119
687,2211,119,2225
81136,687,2225,602
119,81136,602,151
2225,119,151,156
602,2225,156,2
151,602,2,95
156,151,95,24
2,156,24,7506
95,2,7506,4
24,95,4,4438
7506,24,4438,11141
4,7506,11141,317
4438,4,317,3
11141,4438,3,35
317,11141,35,140
3,317,140,171
35,3,171,306
140,35,306,4399
171,140,4399,5
306,171,5,341
4399,306,341,1242
5,4399,1242,1842
341,5,1842,24
1242,341,24,413
1842,1242,413,2426
24,1842,2426,6
413,24,6,1503
2426,413,1503,4
6,2426,4,140
1503,6,140,6
4,1503,6,128
140,4,128,3
6,140,3,66
128,6,66,589
3,128,589,5
66,3,5,1348
589,66,1348,774
5,589,774,1501
1348,5,1501,317
774,1348,317,3
1501,774,3,34386
317,1501,34386,48
3,317,48,5
34386,3,5,8
48,34386,8,7
5,48,7,91
8,5,91,3
7,8,3,8
91,7,8,209
3,91,209,8
8,3,8,1503
209,8,1503,13
8,209,13,47
1503,8,47,20
13,1503,20,359
47,13,359,5
20,47,5,813
359,20,813,236
5,359,236,8
813,5,8,13
236,813,13,47
8,236,47,15015
13,8,15015,5
47,13,5,104
15015,47,104,382
5,15015,382,359
104,5,359,5
382,104,5,578
359,382,578,7730
5,359,7730,1380
578,5,1380,7
7730,578,7,25
1380,7730,25,113
7,1380,113,53
25,7,53,98
113,25,98,57
53,113,57,7942
98,53,7942,418
57,98,418,36
7942,57,36,98
418,7942,98,57
36,418,57,35
98,36,35,245
57,98,245,8
35,57,8,13
245,35,13,48
8,245,48,5
13,8,5,104
48,13,104,2040
5,48,2040,382
104,5,382,177
2040,104,177,5
382,2040,5,133
177,382,133,18
5,177,18,13
133,5,13,1034
18,133,1034,5
13,18,5,104
1034,13,104,148
5,1034,148,29
104,5,29,1503
148,104,1503,13
29,148,13,13
1503,29,13,81
13,1503,81,48
13,13,48,6
81,13,6,382
48,81,382,12521
6,48,12521,4
382,6,4,25
12521,382,25,101
4,12521,101,84
25,4,84,30
101,25,30,18
84,101,18,2
30,84,2,9280
18,30,9280,5
2,18,5,2
9280,2,2,7942
5,9280,7942,418
2,5,418,8
7942,2,8,2
418,7942,2,182
8,418,182,73
2,8,73,43
182,2,43,40907
73,182,40907,2
43,73,2,220
40907,43,220,1499
2,40907,1499,4
220,2,4,2312
1499,220,2312,22191
4,1499,22191,312
2312,4,312,7730
22191,2312,7730,28
312,22191,28,547
7730,312,547,2744
28,7730,2744,119
547,28,119,2225
2744,547,2225,317
119,2744,317,3
2225,119,3,3307
317,2225,3307,4
3,317,4,2647
3307,3,2647,9696
4,3307,9696,11
2647,4,11,453
9696,2647,453,8
11,9696,8,3263
453,11,3263,5
8,453,5,2744
3263,8,2744,4
5,3263,4,2647
2744,5,2647,903
4,2744,903,15
2647,4,15,119
903,2647,119,101851
15,903,101851,96
119,15,96,2047
101851,119,2047,2
96,101851,2,201
2047,96,201,12929
2,2047,12929,5
201,2,5,51
12929,201,51,1126
5,12929,1126,12
51,5,12,6
1126,51,6,143
12,1126,143,35
6,12,35,2
143,6,2,2
35,143,2,668
2,35,668,6
2,2,6,264
668,2,264,59769
6,668,59769,1492
264,6,1492,23
59769,264,23,129
1492,59769,129,5
23,1492,5,684
129,23,684,8
5,129,8,14
684,5,14,2018
8,684,2018,65
14,8,65,6
2018,14,6,332
65,2018,332,35
6,65,35,15
332,6,15,2
35,332,2,12421
15,35,12421,1304
2,15,1304,36
12421,2,36,875
1304,12421,875,2
36,1304,2,5143
875,36,5143,19
2,875,19,4335
5143,2,4335,561
19,5143,561,175
4335,19,175,4
561,4335,4,5
175,561,5,48
4,175,48,4499
5,4,4499,446
48,5,446,793
4499,48,793,3
446,4499,3,106
793,446,106,135
3,793,135,29
106,3,29,2
135,106,2,30
29,135,30,821
2,29,821,1238
30,2,1238,2322
821,30,2322,53
1238,821,53,313
2322,1238,313,3
53,2322,3,17
313,53,17,2
3,313,2,961
17,3,961,105
2,17,105,4499
961,2,4499,1159
105,961,1159,474
4499,105,474,119
1159,4499,119,40908
474,1159,40908,4615
119,474,4615,129
40908,119,129,5
4615,40908,5,896
129,4615,896,684
5,129,684,13
896,5,13,2277
684,896,2277,15
13,684,15,12421
2277,13,12421,1304
15,2277,1304,36
12421,15,36,875
1304,12421,875,6
36,1304,6,43
875,36,43,2
6,875,2,2
43,6,2,668
2,43,668,129
2,2,129,13
668,2,13,23
129,668,23,275
13,129,275,2
23,13,2,12421
275,23,12421,1304
2,275,1304,7730
12421,2,7730,28
1304,12421,28,4615
7730,1304,4615,79405
28,7730,79405,5
4615,28,5,842
79405,4615,842,132
5,79405,132,17
842,5,17,91
132,842,91,3
17,132,3,10
91,17,10,66934
3,91,66934,4
10,3,4,344
66934,10,344,35
4,66934,35,29
344,4,29,10
35,344,10,7
29,35,7,1050
10,29,1050,3
7,10,3,17
1050,7,17,359
3,1050,359,5
17,3,5,2
359,17,2,3307
5,359,3307,5
2,5,5,1797
3307,2,1797,5800
5,3307,5800,529
1797,5,529,11
5800,1797,11,28
529,5800,28,4
11,529,4,1136
28,11,1136,645
4,28,645,2277
1136,4,2277,18
645,1136,18,47
2277,645,47,852
18,2277,852,4
47,18,4,1249
852,47,1249,3
4,852,3,3307
1249,4,3307,4
3,1249,4,8
3307,3,8,177
4,3307,177,5
8,4,5,51
177,8,51,4615
5,177,4615,7
51,5,7,2
4615,51,2,23338
7,4615,23338,14
2,7,14,714
23338,2,714,41
14,23338,41,7758
714,14,7758,19
41,714,19,235
7758,41,235,281
19,7758,281,1264
235,19,1264,5785
281,235,5785,35
1264,281,35,33
5785,1264,33,68
35,5785,68,137
33,35,137,6
68,33,6,20
137,68,20,590
6,137,590,35
20,6,35,33
590,20,33,230
35,590,230,21
33,35,21,18
230,33,18,761
21,230,761,3
18,21,3,137
761,18,137,53
3,761,53,46
137,3,46,4964
53,137,4964,4753
46,53,4753,2690
4964,46,2690,7730
4753,4964,7730,28
2690,4753,28,10
7730,2690,10,62
28,7730,62,20
10,28,20,3823
62,10,3823,446
20,62,446,5
3823,20,5,842
446,3823,842,7
5,446,7,1049
842,5,1049,6453
7,842,6453,6
1049,7,6,48
6453,1049,48,382
6,6453,382,177
48,6,177,5
382,48,5,133
177,382,133,21
5,177,21,72
133,5,72,3620
21,133,3620,6
72,21,6,2
3620,72,2,281
6,3620,281,20530
2,6,20530,91
281,2,91,4335
20530,281,4335,561
91,20530,561,3
4335,91,3,1013
561,4335,1013,3823
3,561,3823,406
1013,3,406,6
3823,1013,6,332
406,3823,332,35
6,406,35,3
332,6,3,43
35,332,43,3823
3,35,3823,406
43,3,406,5
3823,43,5,201
406,3823,201,3
5,406,3,116
201,5,116,8
3,201,8,1117
116,3,1117,7
8,116,7,6
1117,8,6,311
7,1117,311,28
6,7,28,7730
311,6,7730,29
28,311,29,11
7730,28,11,2982
29,7730,2982,8
11,29,8,10
2982,11,10,242
8,2982,242,136
10,8,136,87
242,10,87,53
136,242,53,16
87,136,16,2
53,87,2,34477
16,53,34477,5
2,16,5,35
34477,2,35,8
5,34477,8,1737
35,5,1737,1861
8,35,1861,43
1737,8,43,3823
1861,1737,3823,45369
43,1861,45369,41
3823,43,41,344
45369,3823,344,16
41,45369,16,35
344,41,35,455
16,344,455,1932
35,16,1932,5
455,35,5,590
