52,8,86,93
70,52,93,3
86,70,3,137
93,86,137,89
3,93,89,26
137,3,26,34
89,137,34,384
26,89,384,89
34,26,89,2
384,34,2,2
89,384,2,595
2,89,595,1784
2,2,1784,6
595,2,6,582
1784,595,582,2
6,1784,2,90
582,6,90,70
2,582,70,2
90,2,2,451
70,90,451,327
2,70,327,17
451,2,17,1341
327,451,1341,3
17,327,3,94
1341,17,94,11
3,1341,11,28
94,3,28,2
11,94,2,10
28,11,10,325
2,28,325,107
10,2,107,3
325,10,3,1306
107,325,1306,2
3,107,2,91616
1306,3,91616,26
2,1306,26,14
91616,2,14,10
26,91616,10,3127
308,2956,6,43
3359,308,43,23
6,3359,23,1720
43,6,1720,497
23,43,497,2
1720,23,2,4912
497,1720,4912,9194
2,497,9194,3484
4912,2,3484,852
9194,4912,852,2
3484,9194,2,18037
852,3484,18037,8516
2,852,8516,10
18037,2,10,5361
8516,18037,5361,12
10,8516,12,146
5361,10,146,82
12,5361,82,1340
146,12,1340,367
82,146,367,41
1340,82,41,107
367,1340,107,3
41,367,3,9706
107,41,9706,1549
3,107,1549,3
9706,3,3,1344
1549,9706,1344,1785
3,1549,1785,125
1344,3,125,2
1785,1344,2,18037
125,1785,18037,8516
2,125,8516,10
18037,2,10,5361
8516,18037,5361,12
10,8516,12,146
5361,10,146,82
12,5361,82,1340
146,12,1340,367
82,146,367,41
1340,82,41,107
367,1340,107,3
41,367,3,9706
107,41,9706,1549
3,107,1549,3
9706,3,3,172
1549,9706,172,82
3,1549,82,2107
172,3,2107,1406
82,172,1406,6
2107,82,6,2
1406,2107,2,217
6,1406,217,5
2,6,5,107
217,2,107,211
5,217,211,1324
107,5,1324,3303
211,107,3303,5
1324,211,5,2956
3303,1324,2956,111
5,3303,111,104
2956,5,104,8355
111,2956,8355,2459
104,111,2459,1830
8355,104,1830,2
2459,8355,2,186
1830,2459,186,65
2,1830,65,2550
186,2,2550,2559
65,186,2559,16
2550,65,16,2
2559,2550,2,107
16,2559,107,9
2,16,9,45
107,2,45,3
9,107,3,972
45,9,972,361
3,45,361,5
972,3,5,4132
361,972,4132,1111
5,361,1111,5796
4132,5,5796,200
1111,4132,200,4
5796,1111,4,257
200,5796,257,12828
4,200,12828,5
257,4,5,1781
12828,257,1781,26
5,12828,26,219
1781,5,219,613
26,1781,613,4939
219,26,4939,3
613,219,3,2146
4939,613,2146,4
3,4939,4,9113
2146,3,9113,36
4,2146,36,95
9113,4,95,1279
36,9113,1279,3
95,36,3,244
1279,95,244,22592
3,1279,22592,29
244,3,29,92
22592,244,92,4
29,22592,4,1450
92,29,1450,2224
4,92,2224,12
1450,4,12,5378
2224,1450,5378,18033
12,2224,18033,4
5378,12,4,45
18033,5378,45,118
4,18033,118,2556
45,4,2556,3
118,45,3,67891
2556,118,67891,1441
3,2556,1441,574
67891,3,574,168
1441,67891,168,25436
574,1441,25436,852
168,574,852,121
25436,168,121,313
852,25436,313,73
121,852,73,2
313,121,2,1125
73,313,1125,1540
2,73,1540,9
1125,2,9,70
1540,1125,70,1605
9,1540,1605,29
70,9,29,738
1605,70,738,7
29,1605,7,8
738,29,8,90
7,738,90,92
8,7,92,231
90,8,231,133
92,90,133,536
231,92,536,1018
133,231,1018,2956
536,133,2956,308
1018,536,308,36
2956,1018,36,163
308,2956,163,81
36,308,81,3
163,36,3,17
81,163,17,2556
3,81,2556,3
17,3,3,5796
2556,17,5796,67887
3,2556,67887,5
5796,3,5,84
67887,5796,84,281
5,67887,281,1163
84,5,1163,609
281,84,609,12297
1163,281,12297,2956
609,1163,2956,111
12297,609,111,88
2956,12297,88,1320
111,2956,1320,18
88,111,18,1699
1320,88,1699,2550
18,1320,2550,2889
1699,18,2889,2469
2550,1699,2469,9
2889,2550,9,37681
2469,2889,37681,308
9,2469,308,13211
37681,9,13211,8
308,37681,8,2232
13211,308,2232,8355
8,13211,8355,17
2232,8,17,4
8355,2232,4,23447
17,8355,23447,3
4,17,3,2
23447,4,2,1457
3,23447,1457,1349
2,3,1349,111
1457,2,111,90
1349,1457,90,68
111,1349,68,18
90,111,18,328
68,90,328,3710
18,68,3710,8
328,18,8,8355
3710,328,8355,17
8,3710,17,13763
8355,8,13763,61
17,8355,61,3
13763,17,3,7248
61,13763,7248,54
3,61,54,7
7248,3,7,2
54,7248,2,255
7,54,255,9
2,7,9,99644
255,2,99644,10214
9,255,10214,31
99644,9,31,14
10214,99644,14,3
31,10214,3,244
14,31,244,198
3,14,198,6183
244,3,6183,19
198,244,19,501
6183,198,501,1099
19,6183,1099,694
501,19,694,333
1099,501,333,156
694,1099,156,2
333,694,2,2367
156,333,2367,1975
2,156,1975,4
2367,2,4,30984
1975,2367,30984,34110
4,1975,34110,213
30984,4,213,76
34110,30984,76,5
213,34110,5,41
76,213,41,264
5,76,264,482
41,5,482,5
264,41,5,4234
482,264,4234,1018
5,482,1018,364
4234,5,364,62828
1018,4234,62828,23105
364,1018,23105,4
62828,364,4,31992
23105,62828,31992,706
4,23105,706,54
31992,4,54,25
706,31992,25,609
54,706,609,308
25,54,308,186
609,25,186,65
308,609,65,2550
186,308,2550,2559
65,186,2559,4
2550,65,4,2550
2559,2550,2550,2559
4,2559,2559,5137
2550,4,5137,2484
2559,2550,2484,7
5137,2559,7,115
2484,5137,115,609
7,2484,609,308
115,7,308,186
609,115,186,65
308,609,65,2
186,308,2,281
65,186,281,889
2,65,889,2550
281,2,2550,2559
889,281,2559,2
2550,889,2,19900
2559,2550,19900,16585
2,2559,16585,5
19900,2,5,16585
16585,19900,16585,308
5,16585,308,277
16585,5,277,59
308,16585,59,11
277,308,11,1326
59,277,1326,2
11,59,2,3092
1326,11,3092,201
2,1326,201,4
3092,2,4,1106
201,3092,1106,11036
4,201,11036,9704
1106,4,9704,308
11036,1106,308,1004
9704,11036,1004,17469
308,9704,17469,10309
1004,308,10309,7338
17469,1004,7338,21766
10309,17469,21766,254
7338,10309,254,8
21766,7338,8,1724
254,21766,1724,2956
8,254,2956,308
1724,8,308,34
2956,1724,34,345
308,2956,345,3
34,308,3,9414
345,34,9414,4
3,345,4,43043
9414,3,43043,334
4,9414,334,8025
43043,4,8025,90206
334,43043,90206,83
8025,334,83,235
90206,8025,235,3
83,90206,3,1349
235,83,1349,308
3,235,308,501
1349,3,501,92
308,1349,92,163
501,308,163,3
92,501,3,3886
163,92,3886,56
3,163,56,7783
3886,3,7783,160
56,3886,160,6
7783,56,6,411
160,7783,411,3
6,160,3,554
411,6,554,1302
3,411,1302,7
554,3,7,20
1302,554,20,14976
7,1302,14976,354
20,7,354,5
14976,20,5,3361
354,14976,3361,1916
5,354,1916,76
3361,5,76,1163
1916,3361,1163,16
76,1916,16,340
1163,76,340,3413
16,1163,3413,2956
340,16,2956,308
3413,340,308,2
2956,3413,2,2
308,2956,2,242
2,308,242,5
2,2,5,574
242,2,574,36
5,242,36,2
574,5,2,2
36,574,2,1154
2,36,1154,3
2,2,3,18322
1154,2,18322,2
3,1154,2,6
18322,3,6,3238
2,18322,3238,1902
6,2,1902,76
3238,6,76,861
1902,3238,861,2198
76,1902,2198,1004
861,76,1004,25
2198,861,25,137
1004,2198,137,10
25,1004,10,8
137,25,8,107
10,137,107,791
8,10,791,2956
107,8,2956,308
791,107,308,9
2956,791,9,4239
308,2956,4239,2
9,308,2,447
4239,9,447,6
2,4239,6,90
447,2,90,107
6,447,107,3
90,6,3,67
107,90,67,166
3,107,166,1565
67,3,1565,31992
166,67,31992,1440
1565,166,1440,16
31992,1565,16,8559
1440,31992,8559,19
16,1440,19,2956
8559,16,2956,308
19,8559,308,1018
2956,19,1018,54
308,2956,54,313
1018,308,313,3
54,1018,3,296
313,54,296,2902
3,313,2902,3
296,3,3,3221
2902,296,3221,3165
3,2902,3165,4
3221,3,4,361
3165,3221,361,1160
4,3165,1160,101384
361,4,101384,2956
1160,361,2956,111
101384,1160,111,7
2956,101384,7,719
111,2956,719,2
7,111,2,39
719,7,39,535
2,719,535,5
39,2,5,503
535,39,503,308
5,535,308,1953
503,5,1953,501
308,503,501,4981
1953,308,4981,694
501,1953,694,4
4981,501,4,84
694,4981,84,26
4,694,26,18
84,4,18,3
26,84,3,468
18,26,468,1978
3,18,1978,31992
468,3,31992,7
1978,468,7,21
31992,1978,21,4
7,31992,4,1244
21,7,1244,6
4,21,6,1345
1244,4,1345,3
6,1244,3,17822
1345,6,17822,3
3,1345,3,8778
17822,3,8778,1399
3,17822,1399,2
8778,3,2,273
1399,8778,273,2777
2,1399,2777,9
273,2,9,2956
2777,273,2956,308
9,2777,308,14078
2956,9,14078,7
308,2956,7,38
14078,308,38,1257
7,14078,1257,1831
38,7,1831,984
1257,38,984,90
1831,1257,90,16
984,1831,16,2175
90,984,2175,5
16,90,5,3859
2175,16,3859,48
5,2175,48,38
3859,5,38,83
48,3859,83,694
38,48,694,24
83,38,24,2367
694,83,2367,4
24,694,4,192
2367,24,192,5539
4,2367,5539,30984
192,4,30984,4
5539,192,4,41720
30984,5539,41720,67816
4,30984,67816,21
41720,4,21,4086
67816,41720,4086,12
21,67816,12,5796
4086,21,5796,5076
12,4086,5076,3212
5796,12,3212,96
5076,5796,96,2
3212,5076,2,182
96,3212,182,5
2,96,5,448
182,2,448,613
5,182,613,9
448,5,9,2
613,448,2,2956
9,613,2956,308
2,9,308,12
2956,2,12,5799
308,2956,5799,80
12,308,80,95
5799,12,95,31
80,5799,31,243
95,80,243,38
31,95,38,2956
243,31,2956,308
38,243,308,12
2956,38,12,2
308,2956,2,1034
12,308,1034,5
2,12,5,778
1034,2,778,351
5,1034,351,24
778,5,24,4053
351,778,4053,905
24,351,905,82
4053,24,82,15
905,4053,15,1994
82,905,1994,5
15,82,5,852
1994,15,852,22592
5,1994,22592,168
852,5,168,4981
22592,852,4981,5076
168,22592,5076,82
4981,168,82,16
5076,4981,16,1050
82,5076,1050,9287
16,82,9287,52
1050,16,52,26
9287,1050,26,25
52,9287,25,2751
26,52,2751,3
25,26,3,5796
2751,25,5796,6183
3,2751,6183,20
5796,3,20,5
6183,5796,5,376
20,6183,376,1061
5,20,1061,8
376,5,8,5796
1061,376,5796,840
8,1061,840,54
5796,8,54,16
840,5796,16,273
54,840,273,812
16,54,812,3
273,16,3,105
812,273,105,69
3,812,69,4
105,3,4,1710
69,105,1710,16067
4,69,16067,24
1710,4,24,67588
16067,1710,67588,10974
24,16067,10974,34
67588,24,34,445
10974,67588,445,93
34,10974,93,38
445,34,38,642
93,445,642,24
38,93,24,207
642,38,207,2623
24,642,2623,6
207,24,6,1001
2623,207,1001,30
6,2623,30,425
1001,6,425,8
30,1001,8,7991
425,30,7991,1378
8,425,1378,1615
7991,8,1615,489
1378,7991,489,10
1615,1378,10,2367
489,1615,2367,940
10,489,940,19
2367,10,19,1720
940,2367,1720,38
19,940,38,436
1720,19,436,12
38,1720,12,2367
436,38,2367,1978
12,436,1978,19
2367,12,19,129
1978,2367,129,3155
19,1978,3155,2367
129,19,2367,3178
3155,129,3178,3
2367,3155,3,549
3178,2367,549,35
3,3178,35,86
549,3,86,10790
35,549,10790,14
86,35,14,22569
10790,86,22569,694
14,10790,694,650
22569,14,650,694
694,22569,694,6839
650,694,6839,14
694,650,14,2703
6839,694,2703,6284
14,6839,6284,12838
2703,14,12838,14
6284,2703,14,99
12838,6284,99,312
14,12838,312,3
99,14,3,8750
312,99,8750,118
3,312,118,2956
8750,3,2956,111
118,8750,111,2917
2956,118,2917,2
111,2956,2,2
2917,111,2,879
2,2917,879,8
2,2,8,1905
879,2,1905,39
8,879,39,10057
1905,8,10057,82
39,1905,82,6207
10057,39,6207,1017
82,10057,1017,3230
6207,82,3230,577
1017,6207,577,4
3230,1017,4,3671
577,3230,3671,574
4,577,574,3
3671,4,3,1838
574,3671,1838,184
3,574,184,3
1838,3,3,112
184,1838,112,83
3,184,83,240
112,3,240,7989
83,112,7989,19
240,83,19,11000
7989,240,11000,4
19,7989,4,4986
11000,19,4986,577
4,11000,577,3
4986,4,3,18
577,4986,18,20
3,577,20,574
18,3,574,33
20,18,33,327
574,20,327,1354
33,574,1354,112
327,33,112,3707
1354,327,3707,4476
112,1354,4476,2956
3707,112,2956,308
4476,3707,308,3
2956,4476,3,4
308,2956,4,1507
3,308,1507,479
4,3,479,4
1507,4,4,17
479,1507,17,2556
4,479,2556,3
17,4,3,312
2556,17,312,7248
3,2556,7248,1767
312,3,1767,327
7248,312,327,445
1767,7248,445,17
327,1767,17,30097
445,327,30097,4
17,445,4,1032
30097,17,1032,1445
4,30097,1445,7
1032,4,7,5
1445,1032,5,376
7,1445,376,1721
5,7,1721,112
376,5,112,1111
1721,376,1111,59
112,1721,59,1163
1111,112,1163,633
59,1111,633,183
1163,59,183,10359
633,1163,10359,9
183,633,9,2956
10359,183,2956,111
9,10359,111,12
2956,9,12,479
111,2956,479,2
12,111,2,26
479,12,26,25
2,479,25,9
26,2,9,1349
25,26,1349,111
9,25,111,10
1349,9,10,465
111,1349,465,115
10,111,115,96
465,10,96,554
115,465,554,448
96,115,448,3
554,96,3,858
448,554,858,2956
3,448,2956,23
858,3,23,8
2956,858,8,173
23,2956,173,10
8,23,10,245
173,8,245,41
10,173,41,5
245,10,5,2
41,245,2,4250
5,41,4250,655
2,5,655,65
4250,2,65,4
655,4250,4,288
65,655,288,655
4,65,655,28
288,4,28,4590
655,288,4590,76768
28,655,76768,2
4590,28,2,280
76768,4590,280,1662
2,76768,1662,406
280,2,406,6
1662,280,6,6545
406,1662,6545,2690
6,406,2690,31
6545,6,31,3286
2690,6545,3286,240
31,2690,240,9
3286,31,9,2
240,3286,2,2956
9,240,2956,111
2,9,111,974
2956,2,974,645
111,2956,645,2277
974,111,2277,3488
645,974,3488,9230
2277,645,9230,1326
3488,2277,1326,2
9230,3488,2,308
1326,9230,308,12
2,1326,12,258
308,2,258,2412
12,308,2412,5
258,12,5,9696
2412,258,9696,6
5,2412,6,5824
9696,5,5824,687
6,9696,687,1135
5824,6,1135,15
687,5824,15,2
1135,687,2,4300
15,1135,4300,235
2,15,235,3
4300,2,3,10
235,4300,10,29
3,235,29,879
10,3,879,277
29,10,277,11
879,29,11,14
277,879,14,21
11,277,21,6
14,11,6,4293
21,14,4293,15
6,21,15,21073
4293,6,21073,7633
15,4293,7633,4
21073,15,4,84
7633,21073,84,49
4,7633,49,308
84,4,308,7
49,84,7,6
308,49,6,4844
7,308,4844,9230
6,7,9230,1178
4844,6,1178,2
9230,4844,2,160
1178,9230,160,3
2,1178,3,879
160,2,879,141
3,160,141,3
879,3,3,609
141,879,609,9
3,141,9,49
609,3,49,2956
9,609,2956,308
49,9,308,29
2956,49,29,705
308,2956,705,14
29,308,14,106
705,29,106,83
14,705,83,87
106,14,87,76
83,106,76,1440
87,83,1440,50
76,87,50,2250
1440,76,2250,879
50,1440,879,40
2250,50,40,17
879,2250,17,8121
40,879,8121,15
17,40,15,81
8121,17,81,53
15,8121,53,34
81,15,34,17
53,81,17,64
34,53,64,25436
17,34,25436,16936
64,17,16936,2917
25436,64,2917,852
16936,25436,852,6
2917,16936,6,5824
852,2917,5824,1003
6,852,1003,6328
5824,6,6328,5
1003,5824,5,2956
6328,1003,2956,308
5,6328,308,7
2956,5,7,118
308,2956,118,1118
7,308,1118,15
118,7,15,623
1118,118,623,4
15,1118,4,3577
623,15,3577,23721
4,623,23721,5
3577,4,5,574
23721,3577,574,19
5,23721,19,196
574,5,196,90
19,574,90,879
196,19,879,4
90,196,4,1163
879,90,1163,409
4,879,409,157
1163,4,157,8
409,1163,8,396
157,409,396,859
8,157,859,12529
396,8,12529,20
859,396,20,1356
12529,859,1356,6
20,12529,6,107
1356,20,107,45
6,1356,45,113
107,6,113,37
45,107,37,852
113,45,852,10
37,113,10,42
852,37,42,148
10,852,148,3
42,10,3,17
148,42,17,1229
3,148,1229,37
17,3,37,1565
1229,17,1565,139
37,1229,139,29
1565,37,29,16069
139,1565,16069,5
29,139,5,1699
16069,29,1699,2550
5,16069,2550,2889
1699,5,2889,2469
2550,1699,2469,4
2889,2550,4,3398
2469,2889,3398,1335
4,2469,1335,3
3398,4,3,312
1335,3398,312,7248
3,1335,7248,7
312,3,7,7943
7248,312,7943,8748
7,7248,8748,329
7943,7,329,403
8748,7943,403,236
329,8748,236,73
403,329,73,15080
236,403,15080,396
73,236,396,4
15080,73,4,96127
396,15080,96127,9215
4,396,9215,54
96127,4,54,16
9215,96127,16,1885
54,9215,1885,1724
16,54,1724,2956
1885,16,2956,308
1724,1885,308,12
2956,1724,12,5799
308,2956,5799,55
12,308,55,248
5799,12,248,38
55,5799,38,41
248,55,41,1349
38,248,1349,4120
41,38,4120,1818
1349,41,1818,475
4120,1349,475,1664
1818,4120,1664,2313
475,1818,2313,542
1664,475,542,13136
2313,1664,13136,7
542,2313,7,4
13136,542,4,34
7,13136,34,445
4,7,445,17
34,4,17,361
445,34,361,3
17,445,3,656
361,17,656,4
3,361,4,91
656,3,91,52
4,656,52,33
91,4,33,3016
52,91,3016,130
33,52,130,179
3016,33,179,982
130,3016,982,248
179,130,248,180
982,179,180,218
248,982,218,942
180,248,942,1782
218,180,1782,880
942,218,880,125
1782,942,125,3193
880,1782,3193,960
12,4762,105,8710
43,12,8710,355
105,43,355,109
8710,105,109,103
355,8710,103,131
109,355,131,3461
103,109,3461,94
131,103,94,146
3461,131,146,127
94,3461,127,69
146,94,69,4
127,146,4,6412
69,127,6412,9
4,69,9,70
6412,4,70,923
9,6412,923,84
70,9,84,1179
923,70,1179,77
84,923,77,247
1179,84,247,42
77,1179,42,41
247,77,41,3306
42,247,3306,9
41,42,9,43
3306,41,43,356
9,3306,356,2383
43,9,2383,562
356,43,562,963
2383,356,963,19
562,2383,19,562
963,562,562,963
19,963,963,7344
562,19,7344,313
963,562,313,2
7344,963,2,3058
313,7344,3058,411
2,313,411,3
3058,2,3,85
411,3058,85,284
3,411,284,2
85,3,2,7
284,85,7,803
2,284,803,130
7,2,130,1329
803,7,1329,75
130,803,75,127
1329,130,127,85
75,1329,85,7
127,75,7,380
85,127,380,1366
7,85,1366,10
380,7,10,190
1366,380,190,3618
10,1366,3618,6
190,10,6,2
3618,190,2,12521
6,3618,12521,5
2,6,5,8710
12521,2,8710,1075
5,12521,1075,130
8710,5,130,290
1075,8710,290,7
130,1075,7,14
290,130,14,8050
7,290,8050,59
14,7,59,39
8050,14,39,5
59,8050,5,63
39,59,63,1884
5,39,1884,3128
63,5,3128,324
1884,63,324,74
3128,1884,74,18514
