14,80,155,53
3,14,53,87
155,3,87,7
53,155,7,110
87,53,110,3
7,87,3,17
110,7,17,41
3,110,41,1751
17,3,1751,56
41,17,56,41
1751,41,41,2680
56,1751,2680,622
41,56,622,25
2680,41,25,672
622,2680,672,14
25,622,14,72
672,25,72,359
14,672,359,5
72,14,5,236
359,72,236,7
5,359,7,30
236,5,30,100122
7,236,100122,12
30,7,12,8
100122,30,8,383
12,100122,383,51
8,12,51,18
383,8,18,33
51,383,33,1126
18,51,1126,168
33,18,168,4507
1126,33,4507,6414
168,1126,6414,4
4507,168,4,928
6414,4507,928,80
4,6414,80,4477
928,4,4477,6
80,928,6,849
4477,80,849,5
6,4477,5,27
849,6,27,2183
5,849,2183,120
27,5,120,11
2183,27,11,11262
120,2183,11262,358
11,120,358,37
11262,11,37,4699
358,11262,4699,7397
37,358,7397,225
4699,37,225,87
7397,4699,87,7
225,7397,7,116
87,225,116,8
7,87,8,90
116,7,90,225
8,116,225,18
90,8,18,13
225,90,13,942
18,225,942,351
13,18,351,24
942,13,24,338
351,942,338,152
24,351,152,87
338,24,87,5
152,338,5,20
87,152,20,139
5,87,139,26
20,5,26,155
139,20,155,168
26,139,168,26128
155,26,26128,38
168,155,38,576
26128,168,576,25
38,26128,25,51
576,38,51,18
25,576,18,33
51,25,33,1126
18,51,1126,99248
33,18,99248,7
1126,33,7,340
99248,1126,340,30
7,99248,30,12
340,7,12,2
30,340,2,81464
12,30,81464,8
2,12,8,1180
81464,2,1180,59
8,81464,59,622
1180,8,622,721
59,1180,721,15
622,59,15,2183
721,622,2183,15
15,721,15,130
2183,15,130,347
15,2183,347,4
130,15,4,1216
347,130,1216,5
4,347,5,81
1216,4,81,116
5,1216,116,25
81,5,25,10
116,81,10,14
25,116,14,359
10,25,359,5
14,10,5,20
359,14,20,245
5,359,245,3434
20,5,3434,359
245,20,359,5
3434,245,5,73
359,3434,73,180
5,359,180,2983
73,5,2983,3
180,73,3,48
2983,180,48,38
3,2983,38,737
48,3,737,37
38,48,37,10
737,38,10,4
37,737,4,9554
10,37,9554,9
4,10,9,88
9554,4,88,177
9,9554,177,130
88,9,130,347
177,88,347,232
130,177,232,50
347,130,50,72
232,347,72,73
50,232,73,20
72,50,20,756
73,72,756,7
20,73,7,5231
756,20,5231,11
7,756,11,1137
5231,7,1137,225
11,5231,225,11
1137,11,11,5211
225,1137,5211,11
11,225,11,2
5211,11,2,1034
11,5211,1034,5
2,11,5,704
1034,2,704,8183
5,1034,8183,8183
704,5,8183,8183
8183,704,8183,29
8183,8183,29,33
8183,8183,33,13
29,8183,13,281
33,29,281,300
13,33,300,5
281,13,5,149
300,281,149,206
5,300,206,16
149,5,16,26
206,149,26,541
16,206,541,56
26,16,56,84
541,26,84,4
56,541,4,8
84,56,8,1633
4,84,1633,1671
8,4,1671,80
1633,8,80,41
1671,1633,41,2419
80,1671,2419,8
41,80,8,7
2419,41,7,208
8,2419,208,425
7,8,425,130
208,7,130,1137
425,208,1137,52
130,425,52,7
1137,130,7,13
52,1137,13,28
7,52,28,3
13,7,3,81
28,13,81,1981
3,28,1981,19
81,3,19,107
1981,81,107,7
19,1981,7,14
107,19,14,1819
7,107,1819,196
14,7,196,10
1819,14,10,40
196,1819,40,17
10,196,17,149
40,10,149,206
17,40,206,7
149,17,7,10
206,149,10,123
7,206,123,33
10,7,33,25
123,10,25,241
33,123,241,3
25,33,3,154
241,25,154,56
3,241,56,1105
154,3,1105,5
56,154,5,31444
1105,56,31444,8
5,1105,8,1180
31444,5,1180,14
8,31444,14,21
1180,8,21,245
14,1180,245,325
21,14,325,105494
245,21,105494,2
325,245,2,182
105494,325,182,5
2,105494,5,183
182,2,183,148
5,182,148,8
183,5,8,22
148,183,22,4122
8,148,4122,36
22,8,36,22
4122,22,22,267
36,4122,267,36
22,36,36,1998
267,22,1998,359
36,267,359,5
1998,36,5,44
359,1998,44,8
5,359,8,16
44,5,16,6806
8,44,6806,89
16,8,89,16
6806,16,16,183
89,6806,183,2661
16,89,2661,337
183,16,337,206
2661,183,206,7
337,2661,7,7
206,337,7,181
7,206,181,130
7,7,130,1137
181,7,1137,4
130,181,4,206
1137,130,206,7
4,1137,7,7
206,4,7,468
7,206,468,25
7,7,25,90
468,7,90,45
25,468,45,87
90,25,87,5
45,90,5,8
87,45,8,183
5,87,183,1805
8,5,1805,25
183,8,25,10
1805,183,10,72
25,1805,72,855
10,25,855,142
72,10,142,2
855,72,2,182
142,855,182,5
2,142,5,245
182,2,245,572
5,182,572,5842
245,5,5842,4
572,245,4,64611
5842,572,64611,45
4,5842,45,25
64611,4,25,610
45,64611,610,51
25,45,51,10
610,25,10,123
51,610,123,3
10,51,3,340
123,10,340,181
3,123,181,1069
340,3,1069,1494
181,340,1494,10
1069,181,10,41
1494,1069,41,65
10,1494,65,110
41,10,110,3
65,41,3,176
110,65,176,4
3,110,4,254
176,3,254,3956
4,176,3956,20
254,4,20,721
3956,254,721,3
20,3956,3,180
721,20,180,4
3,721,4,140
180,3,140,10
4,180,10,74
140,4,74,15
10,140,15,10
74,10,10,1581
15,74,1581,1368
10,15,1368,33
1581,10,33,18
1368,1581,18,3
33,1368,3,21
18,33,21,86
3,18,86,468
21,3,468,2
86,21,2,1135
468,86,1135,4930
2,468,4930,51
1135,2,51,721
4930,1135,721,3
51,4930,3,33
721,51,33,33
3,721,33,18
33,3,18,3
33,33,3,9841
18,33,9841,14547
3,18,14547,1081
9841,3,1081,427
14547,9841,427,8
1081,14547,8,633
427,1081,633,33
8,427,33,3
633,8,3,102971
33,633,102971,1570
3,33,1570,25
102971,3,25,382
1570,102971,382,359
25,1570,359,5
382,25,5,5309
359,382,5309,4
5,359,4,140
5309,5,140,23
4,5309,23,117
140,4,117,5
23,140,5,44
117,23,44,112
5,117,112,1819
44,5,1819,5641
112,44,5641,132
1819,112,132,21
5641,1819,21,80
132,5641,80,17
21,132,17,3481
80,21,3481,9
17,80,9,66
3481,17,66,12
9,3481,12,117
66,9,117,53
12,66,53,2
117,12,2,182
53,117,182,41
2,53,41,3
182,2,3,13170
41,182,13170,140
3,41,140,1340
13170,3,1340,56
140,13170,56,644
1340,140,644,7
56,1340,7,178
644,56,178,292
7,644,292,12
178,7,12,181
292,178,181,6
12,292,6,197
181,12,197,259
6,181,259,4
197,6,4,2322
259,197,2322,2076
4,259,2076,34
2322,4,34,3909
2076,2322,3909,3473
34,2076,3473,4
3909,34,4,4793
3473,3909,4793,1069
4,3473,1069,1137
4793,4,1137,944
1069,4793,944,4
1137,1069,4,666
944,1137,666,3
4,944,3,3399
666,4,3399,81
3,666,81,79
3399,3,79,41459
81,3399,41459,36
79,81,36,1222
41459,79,1222,81
36,41459,81,148
1222,36,148,73
81,1222,73,1015
148,81,1015,7
73,148,7,245
1015,73,245,534
7,1015,534,206
245,7,206,33
534,245,33,3105
206,534,3105,1033
33,206,1033,4843
3105,33,4843,22
1033,3105,22,290
4843,1033,290,25
22,4843,25,20
290,22,20,7
25,290,7,72
20,25,72,271
7,20,271,1981
72,7,1981,33
271,72,33,7
1981,271,7,468
33,1981,468,206
7,33,206,7
468,7,7,33
206,468,33,468
7,206,468,10
33,7,10,2
468,33,2,182
10,468,182,41
2,10,41,65
182,2,65,3416
41,182,3416,2
65,41,2,181
3416,65,181,4
2,3416,4,140
181,2,140,110
4,181,110,308
140,4,308,4
110,140,4,33
308,110,33,219
4,308,219,1695
33,4,1695,29
219,33,29,7
1695,219,7,113
29,1695,113,2
7,29,2,182
113,7,182,5
2,113,5,45
182,2,45,1718
5,182,1718,10
45,5,10,8
1718,45,8,59579
10,1718,59579,33
8,10,33,113
59579,8,113,1200
33,59579,1200,8
113,33,8,27
1200,113,27,91
8,1200,91,6
27,8,6,95
91,27,95,2183
6,91,2183,4
95,6,4,91
2183,95,91,1704
4,2183,1704,3
91,4,3,607
1704,91,607,225
3,1704,225,25
607,3,25,33
225,607,33,113
25,225,113,8
33,25,8,6453
113,33,6453,5934
8,113,5934,471
6453,8,471,6
5934,6453,6,101707
471,5934,101707,1981
6,471,1981,1776
101707,6,1776,80
1981,101707,80,126
1776,1981,126,104
80,1776,104,2183
126,80,2183,721
104,126,721,73
2183,104,73,52
721,2183,52,33
73,721,33,155
52,73,155,142
33,52,142,7
155,33,7,886
142,155,886,37
7,142,37,20
886,7,20,12
37,886,12,558
20,37,558,51
12,20,51,11
558,12,11,7
51,558,7,3
11,51,3,1902
7,11,1902,2239
3,7,2239,80
1902,3,80,142
2239,1902,142,3
80,2239,3,13360
142,80,13360,16306
3,142,16306,11
13360,3,11,13
16306,13360,13,445
11,16306,445,47
13,11,47,25
445,13,25,72
47,445,72,5211
25,47,5211,33
72,25,33,55
5211,72,55,72
33,5211,72,468
55,33,468,11
72,55,11,2031
468,72,2031,31
11,468,31,113
2031,11,113,26
31,2031,26,219
113,31,219,41
26,113,41,921
219,26,921,4
41,219,4,25
921,41,25,136
4,921,136,41
25,4,41,898
136,25,898,225
41,136,225,4
898,41,4,72
225,898,72,113
4,225,113,26
72,4,26,219
113,72,219,53
26,113,53,3
219,26,3,522
53,219,522,89
3,53,89,4
522,3,4,11
89,522,11,55
4,89,55,25
11,4,25,1112
55,11,1112,11
25,55,11,14
1112,25,14,3
11,1112,3,81
14,11,81,4
3,14,4,11
81,3,11,1419
4,81,1419,4
11,4,4,20
1419,11,20,4
4,1419,4,8
20,4,8,73
4,20,73,183
8,4,183,148
73,8,148,24
183,73,24,97190
148,183,97190,14
24,148,14,41
97190,24,41,1805
14,97190,1805,3
41,14,3,2183
1805,41,2183,8
3,1805,8,14
2183,3,14,2657
8,2183,2657,1003
14,8,1003,20
2657,14,20,7
1003,2657,7,2
20,1003,2,1002
7,20,1002,139
2,7,139,6
1002,2,6,43
139,1002,43,33
6,139,33,18
43,6,18,21
33,43,21,72
18,33,72,15
21,18,15,138
72,21,138,27
15,72,27,29
138,15,29,33
27,138,33,137
29,27,137,20
33,29,20,2
137,33,2,182
20,137,182,5
2,20,5,60
182,2,60,12
5,182,12,39
60,5,39,2433
12,60,2433,7
39,12,7,1062
2433,39,1062,15
7,2433,15,17588
1062,7,17588,4
15,1062,4,2
17588,15,2,182
4,17588,182,5
2,4,5,57
182,2,57,187
5,182,187,73
57,5,73,8
187,57,8,16589
73,187,16589,4943
8,73,4943,6976
16589,8,6976,73
4943,16589,73,1981
6976,4943,1981,33
73,6976,33,219
1981,73,219,10389
33,1981,10389,22
219,33,22,872
10389,219,872,4
22,10389,4,20
872,22,20,4
4,872,4,8
20,4,8,4
4,20,4,64
8,4,64,42
4,8,42,367
64,4,367,370
42,64,370,113
367,42,113,1981
370,367,1981,20
113,370,20,1237
1981,113,1237,565
20,1981,565,290
1237,20,290,7
565,1237,7,1139
290,565,1139,5919
7,290,5919,7
1139,7,7,1062
5919,1139,1062,6
7,5919,6,17588
1062,7,17588,225
6,1062,225,13
17588,6,13,3
225,17588,3,317
13,225,317,56
3,13,56,5
317,3,5,879
56,317,879,87
5,56,87,11
879,5,11,14
87,879,14,502
11,87,502,68846
14,11,68846,72
502,14,72,25
68846,502,25,3805
72,68846,3805,3
25,72,3,180
3805,25,180,4
3,3805,4,25
180,3,25,14390
4,180,14390,8
25,4,8,20
14390,25,20,7
8,14390,7,7424
20,8,7424,1352
7,20,1352,4
7424,7,4,1633
1352,7424,1633,15
4,1352,15,27
1633,4,27,196
15,1633,196,4
27,15,4,7
196,27,7,113
4,196,113,10
7,4,10,820
113,7,820,45
10,113,45,31
820,10,31,144
45,820,144,89
31,45,89,7
144,31,7,113
89,144,113,53
7,89,53,16
113,7,16,45
53,113,45,196
16,53,196,31
45,16,31,50
196,45,50,73
31,196,73,1981
50,31,1981,10
73,50,10,72
1981,73,72,357
10,1981,357,130
72,10,130,2625
357,72,2625,4
130,357,4,7
2625,130,7,796
4,2625,796,76
7,4,76,1105
796,7,1105,5
76,796,5,181
1105,76,181,120
5,1105,120,26
181,5,26,30
120,181,30,3
26,120,3,76
30,26,76,3941
3,30,3941,879
76,3,879,6
3941,76,6,1331
879,3941,1331,4
6,879,4,2
1331,6,2,182
4,1331,182,5
2,4,5,81
182,2,81,50
5,182,50,254
81,5,254,1981
50,81,1981,8
254,50,8,27
1981,254,27,520
8,1981,520,290
27,8,290,7
520,27,7,165
290,520,165,110
7,290,110,3
165,7,3,106
110,165,106,9
3,110,9,89
106,3,89,4
9,106,4,10
89,9,10,73
4,89,73,62
10,4,62,7
73,10,7,8
62,73,8,520
7,62,520,290
8,7,290,11
520,8,11,7397
290,520,7397,225
11,290,225,8
7397,11,8,62
225,7397,62,62
8,225,62,5211
62,8,5211,11
62,62,11,7
5211,62,7,4
11,5211,4,72
7,11,72,22
4,7,22,1764
72,4,1764,7
22,72,7,25
1764,22,25,96335
7,1764,96335,2
25,7,2,182
96335,25,182,5
2,96335,5,104
182,2,104,45
5,182,45,2095
104,5,2095,89
45,104,89,536
2095,45,536,116
89,2095,116,480
536,89,480,31
116,536,31,358
480,116,358,73
31,480,73,8
358,31,8,36
73,358,36,358
8,73,358,73
36,8,73,8
358,36,8,7
73,358,7,14
8,73,14,21
7,8,21,2
14,7,2,1758
21,14,1758,37
2,21,37,10
1758,2,10,4
37,1758,4,9554
10,37,9554,7
4,10,7,608
9554,4,608,3
7,9554,3,44
608,7,44,20
3,608,20,7
44,3,7,245
20,44,245,572
7,20,572,33
245,7,33,147
572,245,147,3
33,572,3,172
147,33,172,631
3,147,631,37
172,3,37,225
631,172,225,73
37,631,73,2199
225,37,2199,1879
73,225,1879,3688
2199,73,3688,7
1879,2199,7,485
3688,1879,485,98
7,3688,98,756
485,7,756,2095
98,485,2095,51
756,98,51,11
2095,756,11,7
51,2095,7,254
11,51,254,46
7,11,46,7
254,7,7,242
46,254,242,10
7,46,10,131
242,7,131,1357
10,242,1357,48
131,10,48,33
1357,131,33,295
48,1357,295,3
33,48,3,25
295,33,25,7
3,295,7,44
25,3,44,7
7,25,7,25
44,7,25,144
7,44,144,51
25,7,51,11
144,25,11,44
51,144,44,10
11,51,10,245
44,11,245,572
10,44,572,53
245,10,53,245
572,245,245,21
53,572,21,41
245,53,41,3
21,245,3,10
41,21,10,29
3,41,29,471
10,3,471,1885
29,10,1885,16
471,29,16,110
1885,471,110,56
16,1885,56,5
110,16,5,38
56,110,38,107
5,56,107,3
38,5,3,44
107,38,44,9944
3,107,9944,20
44,3,20,7
9944,44,7,1919
20,9944,1919,4
7,20,4,7
1919,7,7,25
4,1919,25,358
7,4,358,73
25,7,73,8
358,25,8,29
73,358,29,10
8,73,10,505
29,8,505,4
10,29,4,93
505,10,93,74
4,505,74,10
93,4,10,4
74,93,4,33
10,74,33,219
4,10,219,118
33,4,118,1602
219,33,1602,1817
118,219,1817,10
1602,118,10,2
1817,1602,2,2921
10,1817,2921,5
2,10,5,5603
2921,2,5603,26
5,2921,26,91
5603,5,91,3
26,5603,3,1361
91,26,1361,6
3,91,6,738
1361,3,738,51
6,1361,51,26
738,6,26,16
51,738,16,6
26,51,6,280
16,26,280,29686
6,16,29686,118
280,6,118,2
29686,280,2,1069
118,29686,1069,1137
2,118,1137,3503
1069,2,3503,18
1137,1069,18,33
3503,1137,33,13
18,3503,13,1474
33,18,1474,631
13,33,631,37
1474,13,37,20
631,1474,20,3
37,631,3,57
20,37,57,449
3,20,449,87
57,3,87,7
449,57,7,116
87,449,116,8
7,87,8,1453
116,7,1453,4
8,116,4,1073
1453,8,1073,5
4,1453,5,1069
1073,4,1069,1137
5,1073,1137,7
1069,5,7,165
1137,1069,165,1965
7,1137,1965,245
165,7,245,11062
1965,165,11062,6
245,1965,6,67
11062,245,67,56724
6,11062,56724,9554
67,6,9554,9
56724,67,9,88
9554,56724,88,449
9,9554,449,225
88,9,225,130
449,88,130,542
225,449,542,26
130,225,26,380
542,130,380,536
26,542,536,46
380,26,46,149
536,380,149,7
46,536,7,121
149,46,121,44
7,149,44,9554
121,7,9554,87
44,121,87,1965
9554,44,1965,76
87,9554,76,5
1965,87,5,81
76,1965,81,16
5,76,16,73
81,5,73,20
16,81,20,721
73,16,721,3
20,73,3,180
721,20,180,196
3,721,196,7
180,3,7,380
196,180,380,13
7,196,13,363
380,7,363,45
13,380,45,542
363,13,542,536
45,363,536,24
542,45,24,280
536,542,280,290
24,536,290,36
280,24,36,338
290,280,338,152
36,290,152,1765
338,36,1765,180
152,338,180,4
1765,152,4,17
180,1765,17,73
4,180,73,20
17,4,20,721
73,17,721,3
20,73,3,180
721,20,180,196
3,721,196,54
180,3,54,7
196,180,7,2
54,196,2,668
7,54,668,57
2,7,57,139
668,2,139,29
57,668,29,7
139,57,7,18
29,139,18,245
7,29,245,46
18,7,46,80
245,18,80,59
46,245,59,7
80,46,7,14
59,80,14,3229
7,59,3229,37
14,7,37,10
3229,14,10,12
37,3229,12,672
10,37,672,21
12,10,21,8
672,12,8,90
21,672,90,471
8,21,471,245
90,8,245,2430
471,90,2430,7
245,471,7,7
2430,245,7,18
7,2430,18,2
7,7,2,542
18,7,542,8
2,18,8,14
542,2,14,21
8,542,21,8
14,8,8,22225
21,14,22225,29
8,21,29,11
22225,8,11,7
29,22225,7,706
11,29,706,180
7,11,180,14
706,7,14,7
180,706,7,2999
14,180,2999,51
