2,6,66,8
69,2,8,988
66,69,988,25
8,66,25,2102
988,8,2102,8611
25,988,8611,9
2102,25,9,2
8611,2102,2,15470
9,8611,15470,629
2,9,629,31
15470,2,31,3595
629,15470,3595,188
31,629,188,986
3595,31,986,3
188,3595,3,105
986,188,105,1669
3,986,1669,7
105,3,7,2
1669,105,2,194
7,1669,194,8
2,7,8,34
194,2,34,17
8,194,17,185
34,8,185,241
17,34,241,75
185,17,75,237
241,185,237,13
75,241,13,61917
237,75,61917,27
13,237,27,13594
61917,13,13594,1375
27,61917,1375,623
13594,27,623,2545
1375,13594,2545,4
623,1375,4,2680
2545,623,2680,5
4,2545,5,114
2680,4,114,29
5,2680,29,11
114,5,11,68
29,114,68,12160
11,29,12160,95
68,11,95,183
12160,68,183,1329
95,12160,1329,2081
183,95,2081,13560
1329,183,13560,189
2081,1329,189,582
13560,2081,582,1584
189,13560,1584,4
582,189,4,8576
1584,582,8576,28
4,1584,28,540
8576,4,540,6
28,8576,6,4
540,28,4,125
6,540,125,10
4,6,10,40
125,4,40,17
10,125,17,831
40,10,831,9
17,40,9,98
831,17,98,85973
9,831,85973,222
98,9,222,3
85973,98,3,4520
222,85973,4520,27
3,222,27,6
4520,3,6,20
27,4520,20,1655
6,27,1655,136
20,6,136,186
1655,20,186,42
136,1655,42,31
186,136,31,14
42,186,14,388
31,42,388,2
14,31,2,454
388,14,454,47
2,388,47,25
454,2,25,136
47,454,136,2
25,47,2,177
136,25,177,5
2,136,5,492
177,2,492,11
5,177,11,14
492,5,14,208
11,492,208,110
14,11,110,3
208,14,3,17
110,208,17,4
3,110,4,1758
17,3,1758,756
4,17,756,46
1758,4,46,4
756,1758,4,114
46,756,114,697
4,46,697,47689
114,4,47689,3228
697,114,3228,582
47689,697,582,1584
3228,47689,1584,9
582,3228,9,189
1584,582,189,996
9,1584,996,1317
189,9,1317,101
996,189,101,3
1317,996,3,691
101,1317,691,1380
3,101,1380,51
691,3,51,13
1380,691,13,721
51,1380,721,20
13,51,20,107
721,13,107,12
20,721,12,540
107,20,540,67
12,107,67,1741
540,12,1741,14
67,540,14,3
1741,67,3,1982
14,1741,1982,492
3,14,492,2663
1982,3,2663,79
492,1982,79,1441
2663,492,1441,360
79,2663,360,1225
1441,79,1225,11
360,1441,11,28
1225,360,28,8
11,1225,8,14
28,11,14,788
8,28,788,4
14,8,4,10
788,14,10,7
4,788,7,21
10,4,21,179
7,10,179,7
21,7,7,113
179,21,113,10
7,179,10,14
113,7,14,101
10,113,101,788
14,10,788,9
101,14,9,827
788,101,827,255
9,788,255,14
827,9,14,53
255,827,53,14
14,255,14,2
53,14,2,1002
14,53,1002,4167
2,14,4167,1564
1002,2,1564,492
4167,1002,492,2663
1564,4167,2663,14
492,1564,14,2232
2663,492,2232,65
14,2663,65,30
2232,14,30,486
65,2232,486,10
30,65,10,40
486,30,40,17
10,486,17,4669
40,10,4669,14
17,40,14,615
4669,17,615,9
14,4669,9,271
615,14,271,382
9,615,382,4
271,9,4,30
382,271,30,346
4,382,346,56
30,4,56,62
346,30,62,8
56,346,8,117
62,56,117,59
8,62,59,30
117,8,30,18
59,117,18,2
30,59,2,30256
18,30,30256,284
2,18,284,7
30256,2,7,42
284,30256,42,5
7,284,5,88
42,7,88,6558
5,42,6558,1318
88,5,1318,6
6558,88,6,1265
1318,6558,1265,352
6,1318,352,5
1265,6,5,70
352,1265,70,356
5,352,356,848
70,5,848,5
356,70,5,111
848,356,111,5
5,848,5,189
111,5,189,10
5,111,10,7
189,5,7,2
10,189,2,399
7,10,399,460
2,7,460,37
399,2,37,1151
460,399,1151,5
37,460,5,42
1151,37,42,5
5,1151,5,88
42,5,88,1516
5,42,1516,159
88,5,159,498
1516,88,498,6
159,1516,6,157
498,159,157,6
6,498,6,22
157,6,22,1272
6,157,1272,3
22,6,3,247
1272,22,247,63
3,1272,63,73
247,3,73,22
63,247,22,810
73,63,810,4
22,73,4,1045
810,22,1045,303
4,810,303,102
1045,4,102,7700
303,1045,7700,5
102,303,5,42
7700,102,42,5
5,7700,5,20809
42,5,20809,105
5,42,105,1482
20809,5,1482,133
105,20809,133,13
1482,105,13,388
133,1482,388,6
13,133,6,107341
388,13,107341,13409
6,388,13409,837
107341,6,837,6
13409,107341,6,1606
837,13409,1606,258
6,837,258,57
1606,6,57,255
258,1606,255,186
57,258,186,3
255,57,3,189
186,255,189,10046
3,186,10046,99
189,3,99,94
10046,189,94,4
99,10046,4,22
94,99,22,504
4,94,504,20250
22,4,20250,1304
504,22,1304,5
20250,504,5,189
1304,20250,189,6909
5,1304,6909,223
189,5,223,95226
6909,189,95226,28
223,6909,28,4
95226,223,4,1608
28,95226,1608,199
4,28,199,1535
1608,4,1535,128
199,1608,128,848
1535,199,848,822
128,1535,822,12586
848,128,12586,39
822,848,39,1737
12586,822,1737,3163
39,12586,3163,5
1737,39,5,114
3163,1737,114,13
5,3163,13,139
114,5,139,15
13,114,15,189
139,13,189,347
15,139,347,807
189,15,807,189
347,189,189,1781
807,347,1781,14
189,807,14,1174
1781,189,1174,89
14,1781,89,142
1174,14,142,28
89,1174,28,42
142,89,42,619
28,142,619,31
42,28,31,796
619,42,796,987
31,619,987,561
796,31,561,30
987,796,30,1633
561,987,1633,1077
30,561,1077,10
1633,30,10,14
1077,1633,14,4
10,1077,4,139
14,10,139,29
4,14,29,80
139,4,80,165
29,139,165,1670
80,29,1670,175
165,80,175,10
1670,165,10,4
175,1670,4,57
10,175,57,139
4,10,139,46
57,4,46,7
139,57,7,25
46,139,25,113
7,46,113,30
25,7,30,486
113,25,486,10
30,113,10,40
486,30,40,17
10,486,17,8
40,10,8,51274
17,40,51274,189
8,17,189,4
51274,8,4,22
189,51274,22,504
4,189,504,20241
22,4,20241,564
504,22,564,4
20241,504,4,191
564,20241,191,5
4,564,5,246
191,4,246,4
5,191,4,1349
246,5,1349,1334
4,246,1334,2790
1349,4,2790,6
1334,1349,6,237
2790,1334,237,171
6,2790,171,99
237,6,99,776
171,237,776,205
99,171,205,5
776,99,5,189
205,776,189,459
5,205,459,41
189,5,41,65
459,189,65,169
41,459,169,88
65,41,88,5
169,65,5,10
88,169,10,5585
5,88,5585,6
10,5,6,101
5585,10,101,3
6,5585,3,691
101,6,691,2
3,101,2,788
691,3,788,8
2,691,8,819
788,2,819,101
8,788,101,23
819,8,23,60
101,819,60,29
23,101,29,324
60,23,324,23
29,60,23,577
324,29,577,5
23,324,5,21
577,23,21,1829
5,577,1829,15
21,5,15,57
1829,21,57,3857
15,1829,3857,39568
57,15,39568,7
3857,57,7,91
39568,3857,91,8
7,39568,8,60
91,7,60,3
8,91,3,1872
60,8,1872,89
3,60,89,2
1872,3,2,2
89,1872,2,2244
2,89,2244,2075
2,2,2075,28
2244,2,28,23290
2075,2244,23290,15570
28,2075,15570,4
23290,28,4,620
15570,23290,620,871
4,15570,871,30
620,4,30,91
871,620,91,10
30,871,10,3
91,30,3,459
10,91,459,246
3,10,246,7
459,3,7,25
246,459,25,14
7,246,14,3
25,7,3,44
14,25,44,26
3,14,26,146
44,3,146,4
26,44,4,1567
146,26,1567,4
4,146,4,314
1567,4,314,1437
4,1567,1437,29
314,4,29,6
1437,314,6,7220
29,1437,7220,10
6,29,10,14
7220,6,14,2
10,7220,2,81634
14,10,81634,1895
2,14,1895,1749
81634,2,1749,324
1895,81634,324,3
1749,1895,3,17
324,1749,17,508
3,324,508,2
17,3,2,2346
508,17,2346,4
2,508,4,9622
2346,2,9622,4
4,2346,4,4949
9622,4,4949,5
4,9622,5,2335
4949,4,2335,1687
5,4949,1687,5
2335,5,5,386
1687,2335,386,19
5,1687,19,2743
386,5,2743,163
19,386,163,126
2743,19,126,1990
163,2743,1990,6
126,163,6,69
1990,126,69,1976
6,1990,1976,10
69,6,10,77
1976,69,77,17
10,1976,17,599
77,10,599,2
17,77,2,825
599,17,825,3
2,599,3,57
825,2,57,595
3,825,595,94
57,3,94,3
595,57,3,93
94,595,93,56
3,94,56,5
93,3,5,107
56,93,107,29
5,56,29,30895
107,5,30895,1749
29,107,1749,5
30895,29,5,189
1749,30895,189,2129
5,1749,2129,703
189,5,703,299
2129,189,299,198
703,2129,198,64
299,703,64,42
198,299,42,2
64,198,2,189
42,64,189,69
2,42,69,40
189,2,40,1346
69,189,1346,207
40,69,207,3080
1346,40,3080,94
207,1346,94,270
3080,207,270,13
94,3080,13,2
270,94,2,281
13,270,281,1143
2,13,1143,542
281,2,542,31
1143,281,31,55
542,1143,55,5952
31,542,5952,2
55,31,2,996
5952,55,996,1317
2,5952,1317,6
996,2,6,117
1317,996,117,48
6,1317,48,8
117,6,8,246
48,117,246,324
8,48,324,3
246,8,3,8541
324,246,8541,2545
3,324,2545,511
8541,3,511,65
2545,8541,65,91221
511,2545,91221,189
65,511,189,866
91221,65,866,2
189,91221,2,69
866,189,69,8
2,866,8,229
69,2,229,4905
8,69,4905,36
229,8,36,21
4905,229,21,14
36,4905,14,4676
21,36,4676,6
14,21,6,268
4676,14,268,1315
6,4676,1315,19
268,6,19,5435
1315,268,5435,31
19,1315,31,5597
5435,19,5597,189
31,5435,189,4
5597,31,4,4496
189,5597,4496,22
4,189,22,2184
4496,4,2184,29
22,4496,29,31
2184,22,31,73
29,2184,73,94
31,29,94,277
73,31,277,586
94,73,586,6
277,94,6,8910
586,277,8910,105
6,586,105,98170
8910,6,98170,871
105,8910,871,50
98170,105,50,1463
871,98170,1463,24
50,871,24,483
1463,50,483,8
24,1463,8,41
483,24,41,114
8,483,114,1410
41,8,1410,37
114,41,37,51
1410,114,51,189
37,1410,189,13
51,37,13,42
189,51,42,2
13,189,2,498
42,13,498,5
2,42,5,410
498,2,410,24
5,498,24,3
410,5,3,26
24,410,26,40
3,24,40,6334
26,3,6334,3
40,26,3,89
6334,40,89,2
3,6334,2,38
89,3,38,127
2,89,127,94
38,2,94,189
127,38,189,10109
94,127,10109,621
189,94,621,3
10109,189,3,8
621,10109,8,997
3,621,997,46
8,3,46,80
997,8,80,2
46,997,2,416
80,46,416,6122
2,80,6122,8
416,2,8,10
6122,416,10,14
8,6122,14,56
10,8,56,5
14,10,5,664
56,14,664,15
5,56,15,104534
664,5,104534,3922
15,664,3922,2
104534,15,2,1951
3922,104534,1951,452
2,3922,452,58
1951,2,58,3456
452,1951,3456,518
58,452,518,15
3456,58,15,189
518,3456,189,6
15,518,6,878
189,15,878,6
6,189,6,25130
878,6,25130,3138
6,878,3138,3
25130,6,3,358
3138,25130,358,37
3,3138,37,7455
358,3,7455,69
37,358,69,11
7455,37,11,2289
69,7455,2289,697
11,69,697,3
2289,11,3,296
697,2289,296,11
3,697,11,445
296,3,445,13
11,296,13,10
445,11,10,6
13,445,6,89
10,13,89,4
6,10,4,1077
89,6,1077,20
4,89,20,14
1077,4,14,22
20,1077,22,128
14,20,128,600
22,14,600,3922
128,22,3922,28
600,128,28,11
3922,600,11,14
28,3922,14,424
11,28,424,3
14,11,3,678
424,14,678,56
3,424,56,62
678,3,62,3
56,678,3,25
62,56,25,10
3,62,10,22
25,3,22,83
10,25,83,107
22,10,107,7
83,22,7,14
107,83,14,1498
7,107,1498,19
14,7,19,22
1498,14,22,20400
19,1498,20400,11156
22,19,11156,5
20400,22,5,98
11156,20400,98,105
5,11156,105,1012
98,5,1012,2619
105,98,2619,11
1012,105,11,697
2619,1012,697,3
11,2619,3,25
697,11,25,10
3,697,10,22
25,3,22,107
10,25,107,36
22,10,36,64
107,22,64,105300
36,107,105300,1514
64,36,1514,3
105300,64,3,40061
1514,105300,40061,5
3,1514,5,1206
40061,3,1206,878
5,40061,878,819
1206,5,819,2
878,1206,2,9974
819,878,9974,60
2,819,60,9
9974,2,9,189
60,9974,189,504
9,60,504,341
189,9,341,8
504,189,8,205
341,504,205,504
8,341,504,827
205,8,827,2373
504,205,2373,6
827,504,6,25130
2373,827,25130,3
6,2373,3,2303
25130,6,2303,8
3,25130,8,69
2303,3,69,4
8,2303,4,103
69,8,103,767
4,69,767,105
103,4,105,369
767,103,369,13
105,767,13,570
369,105,570,459
13,369,459,557
570,13,557,4
459,570,4,1871
557,459,1871,169
4,557,169,217
1871,4,217,50
169,1871,50,146
217,169,146,166
50,217,166,2
146,50,2,557
166,146,557,372
2,166,372,189
557,2,189,2240
372,557,2240,5337
189,372,5337,3
2240,189,3,11739
5337,2240,11739,15
3,5337,15,189
11739,3,189,347
15,11739,347,4
189,15,4,69
347,189,69,49411
4,347,49411,50
69,4,50,8328
49411,69,8328,6
50,49411,6,51469
8328,50,51469,31599
6,8328,31599,3
51469,6,3,1542
31599,51469,1542,173
3,31599,173,189
1542,3,189,347
173,1542,347,3599
189,173,3599,151
347,189,151,2373
3599,347,2373,9
151,3599,9,2
2373,151,2,1089
9,2373,1089,15
2,9,15,159
1089,2,159,63
15,1089,63,575
159,15,575,3561
63,159,3561,189
575,63,189,4
3561,575,4,4649
189,3561,4649,52621
4,189,52621,1571
4649,4,1571,189
52621,4649,189,4522
1571,52621,4522,504
189,1571,504,433
4522,189,433,1749
504,4522,1749,2
433,504,2,2428
1749,433,2428,8453
2,1749,8453,12
2428,2,12,12646
8453,2428,12646,2538
12,8453,2538,4
12646,12,4,11644
2538,12646,11644,23
4,2538,23,2
11644,4,2,5321
23,11644,5321,4040
2,23,4040,16513
5321,2,16513,223
4040,5321,223,2
16513,4040,2,3668
223,16513,3668,5
2,223,5,11543
3668,2,11543,11268
5,3668,11268,4
11543,5,4,50096
11268,11543,50096,28575
4,11268,28575,10
50096,4,10,14
28575,50096,14,3053
10,28575,3053,7201
14,10,7201,3
3053,14,3,17
7201,3053,17,53
3,7201,53,15
17,3,15,363
53,17,363,1207
15,53,1207,28
363,15,28,3513
1207,363,3513,108026
28,1207,108026,2
3513,28,2,24824
108026,3513,24824,2124
2,108026,2124,31
24824,2,31,914
2124,24824,914,459
31,2124,459,246
914,31,246,24
459,914,24,534
246,459,534,41120
24,246,41120,235
534,24,235,44
41120,534,44,812
235,41120,812,295
44,235,295,3271
812,44,3271,24
295,812,24,669
3271,295,669,189
24,3271,189,619
669,24,619,211
189,669,211,13560
619,189,13560,69
211,619,69,1286
13560,211,1286,9371
69,13560,9371,12107
1286,69,12107,4
9371,1286,4,1435
12107,9371,1435,437
4,12107,437,7740
1435,4,7740,77120
437,1435,77120,26
7740,437,26,2420
77120,7740,2420,56
26,77120,56,62
2420,26,62,69
56,2420,69,943
62,56,943,3
69,62,3,123
943,69,123,12
3,943,12,2164
123,3,2164,156
12,123,156,2
2164,12,2,117
156,2164,117,638
2,156,638,193
117,2,193,5
638,117,5,598
193,638,598,117
5,193,117,1025
598,5,1025,305
117,598,305,5
1025,117,5,410
305,1025,410,4
5,305,4,39
410,5,39,1369
4,410,1369,636
39,4,636,1079
1369,39,1079,891
636,1369,891,1075
1079,636,1075,53
891,1079,53,14
1075,891,14,334
53,1075,334,1526
14,53,1526,5
334,14,5,138
1526,334,138,101063
5,1526,101063,5
138,5,5,43
101063,138,43,486
5,101063,486,11
43,5,11,40
486,43,40,128
11,486,128,1308
40,11,1308,28
128,40,28,42
1308,128,42,417
28,1308,417,31
42,28,31,14
417,42,14,6
31,417,6,48996
14,31,48996,8
6,14,8,532
48996,6,532,301
8,48996,301,27
532,8,27,14
301,532,14,260
27,301,260,6
14,27,6,428
260,14,428,5
6,260,5,5092
428,6,5092,189
5,428,189,1401
5092,5,1401,52
189,5092,52,189
1401,189,189,13
52,1401,13,367
189,52,367,1126
13,189,1126,61
367,13,61,102
1126,367,102,480
61,1126,480,73
102,61,73,27
480,102,27,10
73,480,10,7
27,73,7,62
10,27,62,27
7,10,27,14
62,7,14,2
27,62,2,39
14,27,39,4
2,14,4,382
39,2,382,359
4,39,359,5
382,4,5,970
359,382,970,42
5,359,42,398
970,5,398,3
42,970,3,520
398,42,520,2307
3,398,2307,511
520,3,511,65
2307,520,65,188
511,2307,188,185
65,511,185,31
188,65,31,22461
185,188,22461,152
31,185,152,1203
22461,31,1203,4
152,22461,4,295
1203,152,295,351
4,1203,351,15
295,4,15,5134
351,295,5134,304
15,351,304,8
5134,15,8,40
304,5134,40,18
8,304,18,6062
40,8,6062,1919
18,40,1919,90673
6062,18,90673,6119
1919,6062,6119,6
90673,1919,6,103
6119,90673,103,878
6,6119,878,5707
103,6,5707,12
878,103,12,2
5707,878,2,16392
12,5707,16392,747
2,12,747,6
16392,2,6,39
747,16392,39,632
6,747,632,523
39,6,523,331
632,39,331,189
523,632,189,37
331,523,37,27
189,331,27,366
37,189,366,8
27,37,8,1231
366,27,1231,14
8,366,14,1724
1231,8,1724,602
14,1231,602,3
1724,14,3,2724
602,1724,2724,2709
3,602,2709,79
2724,3,79,143
2709,2724,143,35
79,2709,35,10
143,79,10,14
35,143,14,42
10,35,42,5
14,10,5,889
42,14,889,5
5,42,5,60
889,5,60,11
5,889,11,40
60,5,40,322
11,60,322,156
40,11,156,93147
322,40,93147,28
156,322,28,1428
93147,156,1428,11
28,93147,11,14
1428,28,14,2592
11,1428,2592,19
14,11,19,27
2592,14,27,1246
19,2592,1246,30
27,19,30,219
1246,27,219,110
30,1246,110,3
219,30,3,192
110,219,192,59
3,110,59,30
192,3,30,219
59,192,219,2347
30,59,2347,4
219,30,4,3301
2347,219,3301,4
4,2347,4,273
3301,4,273,4
4,3301,4,2129
273,4,2129,511
4,273,511,65
2129,4,65,68109
511,2129,68109,100
65,511,100,3712
68109,65,3712,11
100,68109,11,28
3712,100,28,46
11,3712,46,2270
28,11,2270,28845
46,28,28845,82
2270,46,82,72
28845,2270,72,1758
82,28845,1758,48
72,82,48,99610
1758,72,99610,131
48,1758,131,330
99610,48,330,27
131,99610,27,1511
330,131,1511,189
