478,1172,79,6063
428,478,6063,2029
79,428,2029,15
6063,79,15,186
2029,6063,186,65
15,2029,65,727
186,15,727,2
65,186,2,44
727,65,44,1841
2,727,1841,375
44,2,375,37336
1841,44,37336,13
375,1841,13,721
37336,375,721,25
13,37336,25,90
721,13,90,60
25,721,60,74
90,25,74,128
60,90,128,378
74,60,378,66
128,74,66,798
378,128,798,5
66,378,5,775
798,66,775,792
5,798,792,14
775,5,14,37592
792,775,37592,3
14,792,3,2754
37592,14,2754,975
3,37592,975,8082
2754,3,8082,4
975,2754,4,19497
8082,975,19497,570
4,8082,570,2
19497,4,2,7613
570,19497,7613,1154
2,570,1154,2488
7613,2,2488,1325
1154,7613,1325,4
2488,1154,4,2772
1325,2488,2772,2105
4,1325,2105,1439
2772,4,1439,2
2105,2772,2,20421
1439,2105,20421,18049
2,1439,18049,168
20421,2,168,265
18049,20421,265,500
168,18049,500,466
265,168,466,330
500,265,330,4
466,500,4,3824
330,466,3824,3550
4,330,3550,5264
3824,4,5264,111
3550,3824,111,162
5264,3550,162,3
111,5264,3,144
162,111,144,10
3,162,10,3011
144,3,3011,15
10,144,15,627
3011,10,627,24
15,3011,24,975
627,15,975,8
24,627,8,111
975,24,111,40
8,975,40,862
111,8,862,2
40,111,2,1622
862,40,1622,2237
2,862,2237,2187
1622,2,2187,1009
2237,1622,1009,200
2187,2237,200,20
1009,2187,20,153
200,1009,153,20421
20,200,20421,200
153,20,200,893
20421,153,893,15
200,20421,15,2476
893,200,2476,144
15,893,144,5
2476,15,5,162
144,2476,162,4
5,144,4,71
162,5,71,1355
4,162,1355,20069
71,4,20069,9
1355,71,9,48
20069,1355,48,210
9,20069,210,4
48,9,4,1370
210,48,1370,111
4,210,111,1290
1370,4,1290,195
111,1370,195,14
1290,111,14,791
195,1290,791,350
14,195,350,128
791,14,128,466
350,791,466,4908
128,350,4908,54
466,128,54,1053
4908,466,1053,40
54,4908,40,862
1053,54,862,4
40,1053,4,12658
862,40,12658,56
4,862,56,475
12658,4,475,106
56,12658,106,975
475,56,975,14
106,475,14,525
975,106,525,9
14,975,9,691
525,14,691,1634
9,525,1634,2
691,9,2,762
1634,691,762,2812
2,1634,2812,15
762,2,15,798
2812,762,798,5
15,2812,5,58
798,15,58,792
5,798,792,122
58,5,122,162
792,58,162,621
122,792,621,310
162,122,310,3271
621,162,3271,29518
310,621,29518,56
3271,310,56,107
29518,3271,107,845
56,29518,845,10
107,56,10,100
845,107,100,17
10,845,17,4054
100,10,4054,362
17,100,362,5
4054,17,5,20
362,4054,20,13
5,362,13,208
20,5,208,721
13,20,721,126
208,13,126,29
721,208,29,10
126,721,10,502
29,126,502,831
10,29,831,3
502,10,3,319
831,502,319,1562
3,831,1562,5
319,3,5,62
1562,319,62,90
5,1562,90,60
62,5,60,3550
90,62,3550,13
60,90,13,13
3550,60,13,3
13,3550,3,5729
13,13,5729,56
3,13,56,975
5729,3,975,8
56,5729,8,10
975,56,10,7
8,975,7,165
10,8,165,1352
7,10,1352,640
165,7,640,209
1352,165,209,8
640,1352,8,975
209,640,975,7
8,209,7,84
975,8,84,1869
7,975,1869,12
84,7,12,42
1869,84,42,5
12,1869,5,1247
42,12,1247,775
5,42,775,4396
1247,5,4396,6
775,1247,6,568
4396,775,568,7
6,4396,7,37
568,6,37,2
7,568,2,5341
37,7,5341,4
2,37,4,3259
5341,2,3259,5
4,5341,5,22
3259,4,22,7791
5,3259,7791,2
22,5,2,42
7791,22,42,77
2,7791,77,706
42,2,706,65611
77,42,65611,8
706,77,8,4638
65611,706,4638,280
8,65611,280,1474
4638,8,1474,110
280,4638,110,845
1474,280,845,460
110,1474,460,5
845,110,5,99
460,845,99,103
5,460,103,205
99,5,205,5
103,99,5,32752
205,103,32752,233
5,205,233,13
32752,5,13,47
233,32752,47,1135
13,233,1135,5928
47,13,5928,4
1135,47,4,4436
5928,1135,4436,3
4,5928,3,2863
4436,4,2863,20719
3,4436,20719,1786
2863,3,1786,5
20719,2863,5,92
1786,20719,92,58
5,1786,58,16
92,5,16,794
58,92,794,5934
16,58,5934,586
794,16,586,4
5934,794,4,26605
586,5934,26605,1567
4,586,1567,2545
26605,4,2545,15
1567,26605,15,975
2545,1567,975,36775
15,2545,36775,997
975,15,997,3
36775,975,3,3437
997,36775,3437,12
3,997,12,466
3437,3,466,330
12,3437,330,1325
466,12,1325,893
330,466,893,20421
1325,330,20421,18049
893,1325,18049,4
20421,893,4,140
18049,20421,140,1019
4,18049,1019,14121
140,4,14121,265
1019,140,265,9
14121,1019,9,1180
265,14121,1180,82
9,265,82,1528
1180,9,1528,48
82,1180,48,1020
1528,82,1020,3
48,1528,3,309
1020,48,309,12
3,1020,12,975
309,3,975,4
12,309,4,1172
975,12,1172,2
4,975,2,314
1172,4,314,519
2,1172,519,8
314,2,8,11
519,314,11,42
8,519,42,15
11,8,15,20
42,11,20,431
15,42,431,544
20,15,544,6
431,20,6,44
544,431,44,117
6,544,117,963
44,6,963,4963
117,44,4963,22971
963,117,22971,982
4963,963,982,15
22971,4963,15,111
982,22971,111,58
15,982,58,3
111,15,3,172
58,111,172,7069
3,58,7069,3542
172,3,3542,30
7069,172,30,219
3542,7069,219,3105
30,3542,3105,1033
219,30,1033,117
3105,219,117,13524
1033,3105,13524,5
117,1033,5,5603
13524,117,5603,3
5,13524,3,2580
5603,5,2580,2507
3,5603,2507,5
2580,3,5,92
2507,2580,92,11
5,2507,11,4046
92,5,4046,2187
11,92,2187,1340
4046,11,1340,431
2187,4046,431,7
1340,2187,7,72
431,1340,72,99
7,431,99,930
72,7,930,5
99,72,5,1661
930,99,1661,4621
5,930,4621,6596
1661,5,6596,58
4621,1661,58,233
6596,4621,233,1119
58,6596,1119,394
233,58,394,20
1119,233,20,66
394,1119,66,43
20,394,43,7
66,20,7,110
43,66,110,3
7,43,3,6163
110,7,6163,61
3,110,61,102
6163,3,102,836
61,6163,836,1194
102,61,1194,4
836,102,4,53
1194,836,53,4
4,1194,4,3665
53,4,3665,600
4,53,600,8
3665,4,8,836
600,3665,836,1194
8,600,1194,7970
836,8,7970,34
1194,836,34,6166
7970,1194,6166,15
34,7970,15,235
6166,34,235,5193
15,6166,5193,431
235,15,431,34983
5193,235,34983,893
431,5193,893,128
34983,431,128,1258
893,34983,1258,86
128,893,86,3050
1258,128,3050,92
86,1258,92,559
3050,86,559,168
92,3050,168,20
559,92,20,1029
168,559,1029,4663
20,168,4663,58
1029,20,58,18
4663,1029,18,13
58,4663,13,400
18,58,400,6
13,18,6,4231
400,13,4231,3
6,400,3,715
4231,6,715,2
3,4231,2,795
715,3,795,216
2,715,216,115
795,2,115,4941
216,795,4941,149
115,216,149,9
4941,115,9,2
149,4941,2,3556
9,149,3556,836
2,9,836,78319
3556,2,78319,1009
836,3556,1009,4241
78319,836,4241,15
1009,78319,15,8009
4241,1009,8009,447
15,4241,447,5
8009,15,5,4085
447,8009,4085,4
5,447,4,2631
4085,5,2631,29
4,4085,29,126
2631,4,126,30
29,2631,30,80
126,29,80,93
30,126,93,3
80,30,3,8
93,80,8,173
3,93,173,53
8,3,53,2
173,8,2,600
53,173,600,58
2,53,58,233
600,2,233,34
58,600,34,18
233,58,18,3
34,233,3,224
18,34,224,15
3,18,15,1497
224,3,1497,4901
15,224,4901,6249
1497,15,6249,24
4901,1497,24,1039
6249,4901,1039,1582
24,6249,1582,5404
1039,24,5404,335
1582,1039,335,52
5404,1582,52,587
335,5404,587,212
52,335,212,971
587,52,971,83
212,587,83,1961
971,212,1961,299
83,971,299,309
1961,83,309,2353
299,1961,2353,6
309,299,6,35
2353,309,35,58
6,2353,58,34
35,6,34,17
58,35,17,203
34,58,203,1368
17,34,1368,1020
203,17,1020,3
1368,203,3,25
1020,1368,25,271
3,1020,271,3
25,3,3,10969
271,25,10969,1072
3,271,1072,55
10969,3,55,580
1072,10969,580,13642
55,1072,13642,653
580,55,653,8
13642,580,8,233
653,13642,233,7
8,653,7,61
233,8,61,3
7,233,3,1786
61,7,1786,59
3,61,59,681
1786,3,681,5
59,1786,5,111
681,59,111,13
5,681,13,334
111,5,334,3
13,111,3,64
334,13,64,302
3,334,302,74
64,3,74,16282
302,64,16282,5
74,302,5,22
16282,74,22,1339
5,16282,1339,4
22,5,4,5
1339,22,5,376
4,1339,376,2187
5,4,2187,1009
376,5,1009,431
2187,376,431,165
1009,2187,165,13
431,1009,13,3
165,431,3,17
13,165,17,2207
3,13,2207,233
17,3,233,2913
2207,17,2913,586
233,2207,586,4
2913,233,4,3072
586,2913,3072,153
4,586,153,4
3072,4,4,162
153,3072,162,596
4,153,596,3
162,4,3,3448
596,162,3448,15
3,596,15,1144
3448,3,1144,8
15,3448,8,1411
1144,15,1411,105
8,1144,105,3280
1411,8,3280,4
105,1411,4,2
3280,105,2,448
4,3280,448,5
2,4,5,18118
448,2,18118,34
5,448,34,945
18118,5,945,1195
34,18118,1195,975
945,34,975,3
1195,945,3,276
975,1195,276,6
3,975,6,4
276,3,4,715
6,276,715,710
4,6,710,261
715,4,261,3217
710,715,3217,29
261,710,29,975
3217,261,975,2543
29,3217,2543,9
975,29,9,11285
2543,975,11285,4
9,2543,4,7330
11285,9,7330,1456
4,11285,1456,7
7330,4,7,206
1456,7330,206,26
7,1456,26,219
206,7,219,6
26,206,6,20
219,26,20,743
6,219,743,3
20,6,3,870
743,20,870,15
3,743,15,975
870,3,975,34
15,870,34,1409
975,15,1409,5737
34,975,5737,29
1409,34,29,53
5737,1409,53,64
29,5737,64,1833
53,29,1833,59
64,53,59,8
1833,64,8,34
59,1833,34,505
8,59,505,4
34,8,4,245
505,34,245,20
4,505,20,431
245,4,431,208
20,245,208,121
431,20,121,18
208,431,18,721
121,208,721,6
18,121,6,99
721,18,99,236
6,721,236,24
99,6,24,532
236,99,532,5
24,236,5,10
532,24,10,11674
5,532,11674,58
10,5,58,788
11674,10,788,14
58,11674,14,2667
788,58,2667,3
14,788,3,1845
2667,14,1845,29
3,2667,29,195
1845,3,195,6
29,1845,6,161
195,29,161,111
6,195,111,5
161,6,5,233
111,161,233,25896
5,111,25896,805
233,5,805,87
25896,233,87,26
805,25896,26,13
87,805,13,64
26,87,64,354
13,26,354,51
64,13,51,765
354,64,765,3
51,354,3,25
765,51,25,4
3,765,4,84
25,3,84,26
4,25,26,219
84,4,219,118
26,84,118,4800
219,26,4800,525
118,219,525,2
4800,118,2,162
525,4800,162,1195
2,525,1195,168
162,2,168,7613
1195,162,7613,2168
168,1195,2168,12725
7613,168,12725,3
2168,7613,3,319
12725,2168,319,849
3,12725,849,12
319,3,12,23
849,319,23,2187
12,849,2187,53
23,12,53,16
2187,23,16,2
53,2187,2,182
16,53,182,5
2,16,5,357
182,2,357,3
5,182,3,607
357,5,607,8
3,357,8,428
607,3,428,29
8,607,29,4621
428,8,4621,7
29,428,7,21
4621,29,21,42
7,4621,42,5
21,7,5,81
45,103,489,429
50,45,429,6
489,50,6,15558
429,489,15558,4081
6,429,4081,59
15558,6,59,176
4081,15558,176,459
59,4081,459,4
176,59,4,3249
459,176,3249,91
4,459,91,19
3249,4,19,2519
91,3249,2519,430
19,91,430,103
2519,19,103,6869
430,2519,6869,45
103,430,45,50
6869,103,50,489
45,6869,489,2
50,45,2,667
489,50,667,2261
2,489,2261,4
667,2,4,57
2261,667,57,3845
4,2261,3845,176
57,4,176,277
3845,57,277,378
176,3845,378,1137
277,176,1137,2692
378,277,2692,2487
1137,378,2487,4
2692,1137,4,176
2487,2692,176,4111
4,2487,4111,958
176,4,958,3249
4111,176,3249,64
958,4111,64,176
3249,958,176,36
64,3249,36,232
176,64,232,5
36,176,5,166
232,36,166,50
5,232,50,7446
166,5,7446,6906
50,166,6906,2
7446,50,2,3445
6906,7446,3445,1060
2,6906,1060,5307
3445,2,5307,723
1060,3445,723,491
5307,1060,491,6
723,5307,6,12
491,723,12,429
6,491,429,171
12,6,171,2
429,12,2,382
171,429,382,2456
2,171,2456,6
382,2,6,17979
2456,382,17979,29
6,2456,29,176
17979,6,176,18
29,17979,18,146
176,29,146,64
18,176,64,1335
146,18,1335,3
64,146,3,128
1335,64,128,153
3,1335,153,167
128,3,167,6
153,128,6,890
167,153,890,8
6,167,8,274
890,6,274,550
8,890,550,556
274,8,556,152
550,274,152,1970
556,550,1970,425
152,556,425,5307
1970,152,5307,14
425,1970,14,2519
5307,425,2519,5
14,5307,5,11479
2519,14,11479,537
5,2519,537,91
11479,5,91,6
537,11479,6,2
91,537,2,1005
6,91,1005,7244
2,6,7244,3258
1005,2,3258,301
7244,1005,301,176
3258,7244,176,16
301,3258,16,165
176,301,165,2366
16,176,2366,2
165,16,2,451
2366,165,451,1335
2,2366,1335,9
451,2,9,532
1335,451,532,30
9,1335,30,828
532,9,828,396
30,532,396,2216
828,30,2216,2
396,828,2,1243
2216,396,1243,28
2,2216,28,1728
1243,2,1728,2264
28,1243,2264,6702
1728,28,6702,16604
2264,1728,16604,2
6702,2264,2,1007
16604,6702,1007,9
2,16604,9,266
1007,2,266,5
9,1007,5,3445
266,9,3445,227
5,266,227,1554
5,1168,1211,50
1083,5,50,1480
1211,1083,1480,6
50,1211,6,4081
1480,50,4081,1101
6,1480,1101,4
4081,6,4,1476
1101,4081,1476,341
4,1101,341,466
1476,4,466,2
341,1476,2,44
466,341,44,75
2,466,75,3445
44,2,3445,874
75,44,874,28
3445,75,28,8
874,3445,8,26
28,874,26,7314
8,28,7314,2
26,8,2,2586
7314,26,2586,3
2,7314,3,167
2586,2,167,176
3,2586,176,379
167,3,379,19
176,167,19,2928
379,176,2928,70986
19,379,70986,2264
2928,19,2264,6702
70986,2928,6702,16604
2264,70986,16604,2
6702,2264,2,3445
16604,6702,3445,227
2,16604,227,11320
3445,2,11320,134
227,3445,134,2
11320,227,2,39
134,11320,39,724
2,134,724,466
39,2,466,6
724,39,6,2555
466,724,2555,8
6,466,8,45
2555,6,45,13
8,2555,13,47
45,8,47,3845
13,45,3845,6
47,13,6,4081
3845,47,4081,6
6,3845,6,1335
4081,6,1335,15
6,4081,15,2586
1335,6,2586,15
15,1335,15,190
2586,15,190,103
15,2586,103,1480
190,15,1480,6
103,190,6,4133
1480,103,4133,1101
6,1480,1101,11
4133,6,11,453
1101,4133,453,8
11,1101,8,2
453,11,2,1168
8,453,1168,3624
2,8,3624,13
1168,2,13,186
3624,1168,186,3
13,3624,3,3631
186,13,3631,5
3,186,5,378
3631,3,378,12176
5,3631,12176,537
378,5,537,211
12176,378,211,13183
537,12176,13183,1137
211,537,1137,95774
13183,211,95774,429
1137,13183,429,3445
95774,1137,3445,176
429,95774,176,13
3445,429,13,317
176,3445,317,102
13,176,102,2
317,13,2,2519
102,317,2519,430
2,102,430,16020
2519,2,16020,6
430,2519,6,1268
16020,430,1268,879
6,16020,879,5
1268,6,5,15558
879,1268,15558,6
5,879,6,8997
15558,5,8997,15061
6,15558,15061,103
8997,6,103,1083
15061,8997,1083,1211
103,15061,1211,50
1083,103,50,489
1211,1083,489,122
50,1211,122,2
489,50,2,667
122,489,667,14
2,122,14,2481
667,2,2481,4
14,667,4,48655
2481,14,48655,60
4,2481,60,158
48655,4,158,28
60,48655,28,1261
158,60,1261,151
28,158,151,1943
1261,28,1943,6
151,1261,6,2456
1943,151,2456,364
6,1943,364,76
2456,6,76,31
364,2456,31,13
76,364,13,2283
31,76,2283,24
13,31,24,278
2283,13,278,874
24,2283,874,18
278,24,18,1274
874,278,1274,28
18,874,28,3445
1274,18,3445,1440
28,1274,1440,18
3445,28,18,1126
1440,3445,1126,3
18,1440,3,431
1126,18,431,15
3,1126,15,1715
431,3,1715,467
15,431,467,4743
1715,15,4743,6
467,1715,6,278
4743,467,278,10
6,4743,10,7
278,6,7,2155
10,278,2155,62
7,10,62,90
2155,7,90,18
62,2155,18,95439
90,62,95439,6
18,90,6,4081
95439,18,4081,4746
6,95439,4746,26
4081,6,26,50
4746,4081,50,990
26,4746,990,9
50,26,9,41
990,50,41,1474
9,990,1474,19
41,9,19,1586
1474,41,1586,150
19,1474,150,1083
1586,19,1083,3152
150,1586,3152,446
1083,150,446,24
3152,1083,24,3
446,3152,3,13658
24,446,13658,446
3,24,446,1032
13658,3,1032,624
446,13658,624,2022
1032,446,2022,8848
624,1032,8848,28
2022,624,28,443
8848,2022,443,6
28,8848,6,447
443,28,447,446
6,443,446,14
447,6,14,2
446,447,2,655
14,446,655,9
2,14,9,41195
655,2,41195,7
9,655,7,64
41195,9,64,4197
7,41195,4197,36
64,7,36,1169
4197,64,1169,1583
36,4197,1583,5
1169,36,5,39
1583,1169,39,2040
5,1583,2040,5
39,5,5,447
2040,39,447,11
5,2040,11,14117
447,5,14117,1005
11,447,1005,176
14117,11,176,1480
1005,14117,1480,23
176,1005,23,275
1480,176,275,45
23,1480,45,6
275,23,6,11130
45,275,11130,2456
6,45,2456,6
11130,6,6,258
2456,11130,258,879
6,2456,879,231
258,6,231,890
879,258,890,312
231,879,312,1554
890,231,1554,266
312,890,266,28
1554,312,28,341
266,1554,341,13078
28,266,13078,1554
341,28,1554,266
13078,341,266,28
1554,13078,28,8
266,1554,8,2456
28,266,2456,50
8,28,50,2377
2456,8,2377,45
50,2456,45,15
2377,50,15,1243
45,2377,1243,3
15,45,3,12398
1243,15,12398,5682
3,1243,5682,3630
12398,3,3630,31
5682,12398,31,1511
3630,5682,1511,2
31,3630,2,7763
1511,31,7763,7244
2,1511,7244,3394
7763,2,3394,4
7244,7763,4,897
3394,7244,897,807
4,3394,807,3
897,4,3,467
807,897,467,35
3,807,35,1083
467,3,1083,151
35,467,151,176
1083,35,176,158
151,1083,158,544
176,151,544,134
158,176,134,693
544,158,693,310
134,544,310,8
693,134,8,26
310,693,26,50
8,310,50,1279
26,8,1279,61
50,26,61,3
1279,50,3,1038
61,1279,1038,3
3,61,3,595
1038,3,595,44544
3,1038,44544,14
595,3,14,42
44544,595,42,5
14,44544,5,258
42,14,258,3923
5,42,3923,31
258,5,31,1328
3923,258,1328,56
31,3923,56,2
1328,31,2,952
56,1328,952,5
2,56,5,1083
952,2,1083,167
5,952,167,8
1083,5,8,2989
167,1083,2989,6
8,167,6,439
2989,8,439,5
6,2989,5,45
