7083,969,6,39
481,7083,39,107679
6,481,107679,373
39,6,373,7
107679,39,7,426
373,107679,426,8
7,373,8,396
426,7,396,1857
8,426,1857,414
396,8,414,248
1857,396,248,536
414,1857,536,87
248,414,87,35
536,248,35,7
87,536,7,196
35,87,196,2021
7,35,2021,4
196,7,4,13717
2021,196,13717,3
4,2021,3,1646
13717,4,1646,2915
3,13717,2915,15
1646,3,15,414
2915,1646,414,2696
15,2915,2696,36
414,15,36,87
2696,414,87,35
36,2696,35,7
87,36,7,2674
35,87,2674,3
7,35,3,528
2674,7,528,8
3,2674,8,40
528,3,40,147
8,528,147,3
40,8,3,154
147,40,154,6
3,147,6,4
154,3,4,800
6,154,800,2174
4,6,2174,1327
800,4,1327,4
2174,800,4,5652
1327,2174,5652,8
4,1327,8,870
5652,4,870,6
8,5652,6,278
870,8,278,101
6,870,101,84
278,6,84,4
101,278,4,33
84,101,33,93
4,84,93,22079
33,4,22079,667
93,33,667,255
22079,93,255,7
667,22079,7,8
255,667,8,64
7,255,64,42
8,7,42,245
64,8,245,976
42,64,976,13659
245,42,13659,5
976,245,5,414
13659,976,414,1182
5,13659,1182,8
414,5,8,40
1182,414,40,88
8,1182,88,3212
40,8,3212,2915
88,40,2915,41642
3212,88,41642,7
2915,3212,7,64
41642,2915,64,57
7,41642,57,107
64,7,107,3
57,64,3,44
107,57,44,20
3,107,20,108
44,3,108,283
20,44,283,528
108,20,528,4780
283,108,4780,1538
528,283,1538,14
4780,528,14,2
1538,4780,2,1907
14,1538,1907,31
2,14,31,762
1907,2,762,411
31,1907,411,3
762,31,3,4780
411,762,4780,13
3,411,13,47
4780,3,47,8529
13,4780,8529,2923
47,13,2923,425
8529,47,425,2978
2923,8529,2978,437
425,2923,437,257
2978,425,257,369
437,2978,369,46
257,437,46,54
369,257,54,55
46,369,55,873
54,46,873,2
55,54,2,166
873,55,166,283
2,873,283,1924
166,2,1924,46
283,166,46,14
1924,283,14,21
46,1924,21,5883
14,46,5883,375
21,14,375,1206
5883,21,1206,1038
375,5883,1038,205
1206,375,205,75
1038,1206,75,99
205,1038,99,187
75,205,187,4
99,75,4,566
187,99,566,205
4,187,205,75
566,4,75,166
205,566,166,1259
75,205,1259,24
166,75,24,20316
1259,166,20316,4
24,1259,4,19795
20316,24,19795,650
4,20316,650,1395
19795,4,1395,50
650,19795,50,12
1395,650,12,725
50,1395,725,78357
12,50,78357,4857
725,12,4857,5191
78357,725,5191,3962
4857,78357,3962,7
5191,4857,7,84
3962,5191,84,719
7,3962,719,4
84,7,4,315
719,84,315,3
4,719,3,683
315,4,683,528
3,315,528,29
683,3,29,707
528,683,707,1437
29,528,1437,171
707,29,171,7411
1437,707,7411,771
171,1437,771,4
7411,171,4,18
771,7411,18,186
4,771,186,3
18,4,3,707
186,18,707,251
3,186,251,9
707,3,9,31
251,707,31,683
9,251,683,4
31,9,4,334
683,31,334,13
4,683,13,36818
334,4,36818,7
13,334,7,72
36818,13,72,4
7,36818,4,139
72,7,139,5
4,72,5,8020
139,4,8020,8082
5,139,8082,31
8020,5,31,7
8082,8020,7,43010
31,8082,43010,9
7,31,9,255
43010,7,255,10
9,43010,10,1389
255,9,1389,3
10,255,3,2099
1389,10,2099,37
3,1389,37,129
2099,3,129,5
37,2099,5,10
129,37,10,1009
5,129,1009,154
10,5,154,24
1009,10,24,5145
154,1009,5145,1531
24,154,1531,4
5145,24,4,53
1531,5145,53,64
4,1531,64,3567
53,4,3567,19
64,53,19,54
3567,64,54,10
19,3567,10,55
54,19,55,946
10,54,946,2004
55,10,2004,10
946,55,10,315
2004,946,315,171
10,2004,171,4
315,10,4,1924
171,315,1924,31
4,171,31,232
1924,4,232,426
31,1924,426,77
232,31,77,1729
426,232,1729,20
77,426,20,19
1729,77,19,947
20,1729,947,31
19,20,31,41
947,19,41,4073
31,947,4073,2969
41,31,2969,1009
4073,41,1009,46
2969,4073,46,36
1009,2969,36,80
46,1009,80,41
36,46,41,4073
80,36,4073,1924
41,80,1924,1009
4073,41,1009,3567
1924,4073,3567,29
1009,1924,29,25
3567,1009,25,239
29,3567,239,64
25,29,64,2901
239,25,2901,525
64,239,525,95
2901,64,95,368
525,2901,368,18
95,525,18,3170
368,95,3170,136
18,368,136,42580
3170,18,42580,284
136,3170,284,7
42580,136,7,8
284,42580,8,31
7,284,31,8
8,7,8,34
31,8,34,322
8,31,322,235
34,8,235,372
322,34,372,1537
235,322,1537,5652
372,235,5652,7
1537,372,7,253
5652,1537,253,3
7,5652,3,17
253,7,17,859
3,253,859,707
17,3,707,3
859,17,3,31
707,859,31,8
3,707,8,322
31,3,322,4780
8,31,4780,4
322,8,4,4
4780,322,4,7411
4,4780,7411,2
4,4,2,2
7411,4,2,669
2,7411,669,43
2,2,43,374
669,2,374,3
43,669,3,108
374,43,108,283
3,374,283,3971
108,3,3971,134
283,108,134,4604
3971,283,4604,16
134,3971,16,30
4604,134,30,507
16,4604,507,55
30,16,55,25
507,30,25,282
55,507,282,235
25,55,235,60
282,25,60,84726
235,282,84726,168
60,235,168,31
84726,60,31,36
168,84726,36,76
31,168,76,57
36,31,57,3567
76,36,3567,88
57,76,88,755
3567,57,755,596
88,3567,596,8
755,88,8,108
596,755,108,147
8,596,147,76
108,8,76,359
147,108,359,5
76,147,5,61466
359,76,61466,504
5,359,504,9
61466,5,9,1130
504,61466,1130,1537
9,504,1537,29
1130,9,29,64
1537,1130,64,42
29,1537,42,116
64,29,116,859
42,64,859,62
116,42,62,3
859,116,3,303
62,859,303,61
3,62,61,8
303,3,8,504
61,303,504,8
8,61,8,51
504,8,51,30
8,504,30,219
51,8,219,4749
30,51,4749,6
219,30,6,450
4749,219,450,213
6,4749,213,46
450,6,46,2
213,450,2,6074
46,213,6074,5
2,46,5,45
6074,2,45,6
5,6074,6,119
45,5,119,4272
6,45,4272,44
119,6,44,11307
4272,119,11307,29
44,4272,29,31
11307,44,31,34
29,11307,34,83
31,29,83,10
34,31,10,302
83,34,302,10
10,83,10,513
302,10,513,9
10,302,9,10
513,10,10,4056
9,513,4056,10
10,9,10,95
4056,10,95,16
10,4056,16,8520
95,10,8520,31446
16,95,31446,7
8520,16,7,6
31446,8520,6,4106
7,31446,4106,1514
6,7,1514,3
4106,6,3,124
1514,4106,124,54
3,1514,54,7
124,3,7,21
54,124,21,2350
7,54,2350,41
21,7,41,2460
2350,21,2460,3
41,2350,3,399
2460,41,399,237
3,2460,237,29
399,3,29,7
237,399,7,136
29,237,136,282
7,29,282,943
136,7,943,9
282,136,9,59
943,282,59,33
9,943,33,358
59,9,358,37
33,59,37,124
358,33,124,3144
37,358,3144,44
124,37,44,53
3144,124,53,16
44,3144,16,48
53,44,48,104
16,53,104,328
48,16,328,37
104,48,37,62
328,104,62,92
37,328,92,55
62,37,55,1940
92,62,1940,1193
55,92,1193,1642
1940,55,1642,29
1193,1940,29,59
1642,1193,59,4
29,1642,4,4906
59,29,4906,154
4,59,154,525
4906,4,525,31
154,4906,31,7
525,154,7,1192
31,525,1192,3
7,31,3,1186
1192,7,1186,432
3,1192,432,2543
1186,3,2543,4
432,1186,4,155
2543,432,155,56
4,2543,56,53
155,4,53,4
56,155,4,3082
53,56,3082,48
4,53,48,104
3082,4,104,98990
48,3082,98990,23
104,48,23,51
98990,104,51,721
23,98990,721,171
51,23,171,4780
721,51,4780,3144
171,721,3144,218
4780,171,218,120
3144,4780,120,14
218,3144,14,3209
120,218,3209,5
14,120,5,215
3209,14,215,1157
5,3209,1157,120
215,5,120,33
1157,215,33,93
120,1157,93,12
33,120,12,951
93,33,951,4
12,93,4,33
951,12,33,28
4,951,28,3
33,4,3,45
28,33,45,84
3,28,84,154
45,3,154,4
84,45,4,26
154,84,26,13
4,154,13,47
26,4,47,2397
13,26,2397,4
47,13,4,26
2397,47,26,2607
4,2397,2607,62
26,4,62,3
2607,26,3,179
62,2607,179,570
3,62,570,45
179,3,45,31
570,179,31,14
45,570,14,3
31,45,3,2027
14,31,2027,25
3,14,25,30
2027,3,30,513
25,2027,513,81
30,25,81,51
513,30,51,25
81,513,25,30
51,81,30,25
25,51,25,15
30,25,15,81
25,30,81,75
15,25,75,26
81,15,26,154
75,81,154,142
26,75,142,59
154,26,59,45
142,154,45,230
59,142,230,18
45,59,18,20
230,45,20,623
18,230,623,8
20,18,8,26
623,20,26,821
8,623,821,47
26,8,47,1341
821,26,1341,16
47,821,16,2415
1341,47,2415,110
16,1341,110,3
2415,16,3,123
110,2415,123,81
3,110,81,142
123,3,142,51
81,123,51,16
142,81,16,13958
51,142,13958,328
16,51,328,10
13958,16,10,14
328,13958,14,1139
10,328,1139,2
14,10,2,70366
1139,14,70366,7
2,1139,7,51
70366,2,51,25
7,70366,25,15237
51,7,15237,37
25,51,37,1265
15237,25,1265,431
37,15237,431,15
1265,37,15,4906
431,1265,4906,1537
15,431,1537,1948
4906,15,1948,6
1537,4906,6,268
1948,1537,268,1675
6,1948,1675,2107
268,6,2107,13
1675,268,13,1555
2107,1675,1555,10
13,2107,10,147
1555,13,147,3
10,1555,3,789
147,10,789,682
3,147,682,29
789,3,29,450
682,789,450,1636
29,682,1636,13
450,29,13,239
1636,450,239,15336
13,1636,15336,450
239,13,450,4621
15336,239,4621,46
450,15336,46,36
4621,450,36,80
46,4621,80,450
36,46,450,1537
80,36,1537,411
450,80,411,1537
1537,450,1537,317
411,1537,317,136
1537,411,136,4124
317,1537,4124,65
136,317,65,92
4124,136,92,20
65,4124,20,7
92,65,7,2723
20,92,2723,6
7,20,6,450
2723,7,450,213
6,2723,213,11307
450,6,11307,44
213,450,44,4
11307,213,4,64
44,11307,64,42
4,44,42,245
64,4,245,116
42,64,116,62
245,42,62,3
116,245,3,1729
62,116,1729,10
7,53,1082,9
4,7,9,162
1082,4,162,3
9,1082,3,5380
162,9,5380,711
3,162,711,46
5380,3,46,4
711,5380,4,10
46,711,10,115
4,46,115,21
10,4,21,296
115,10,296,168
21,115,168,742
296,21,742,1338
168,296,1338,36
742,168,36,1267
10126,109,22013,20930
3150,10126,20930,3335
22013,3150,3335,430
20930,22013,430,1669
3335,20930,1669,4228
430,3335,4228,16
1669,430,16,557
4228,1669,557,6418
16,4228,6418,4
557,16,4,26
6418,557,26,16
4,6418,16,64
26,4,64,752
16,26,752,2175
64,16,2175,5
752,64,5,3330
2175,752,3330,1438
5,2175,1438,24
3330,5,24,118
1438,3330,118,4348
24,1438,4348,19
118,24,19,1127
4348,118,1127,4
19,4348,4,2182
1127,19,2182,925
4,1127,925,5287
2182,4,5287,1145
925,2182,1145,39615
5287,925,39615,24661
1145,5287,24661,134
39615,1145,134,5575
24661,39615,5575,1185
134,24661,1185,6
5575,134,6,4
1185,5575,4,407
6,1185,407,15
4,6,15,5575
407,4,5575,1185
15,407,1185,5287
5575,15,5287,1305
1185,5575,1305,39615
5287,1185,39615,24661
1305,5287,24661,31
39615,1305,31,522
24661,39615,522,15
31,24661,15,1127
522,31,1127,839
15,522,839,1093
1127,15,1093,3
839,1127,3,4436
1093,839,4436,5
3,1093,5,3335
4436,3,3335,72366
5,4436,72366,3
3335,5,3,2814
72366,3335,2814,5171
3,72366,5171,5
2814,3,5,1438
5171,2814,1438,120
5,5171,120,11
1438,5,11,28
120,1438,28,430
11,120,430,1669
28,11,1669,4228
430,28,4228,16
1669,430,16,260
4228,1669,260,438
16,4228,438,56
260,16,56,11
438,260,11,453
56,438,453,8
11,56,8,1127
453,11,1127,839
8,453,839,7
1127,8,7,3067
839,1127,3067,168
7,839,168,1746
3067,7,1746,5012
168,3067,5012,621
1746,168,621,19
5012,1746,19,3335
621,5012,3335,430
19,621,430,4
3335,19,4,8
430,3335,8,1127
4,430,1127,163
8,4,163,1027
1127,8,1027,147
163,1127,147,3
1027,163,3,1104
147,1027,1104,72
3,147,72,566
1104,3,566,5559
72,1104,5559,3
566,72,3,1097
5559,566,1097,1438
3,5559,1438,3150
1097,3,3150,5575
1438,1097,5575,22013
3150,1438,22013,20930
5575,3150,20930,5287
22013,5575,5287,1145
20930,22013,1145,83613
5287,20930,83613,69348
1145,5287,69348,30
83613,1145,30,16
69348,83613,16,794
30,69348,794,9
16,30,9,2
794,16,2,135
9,794,135,4
2,9,4,4121
135,2,4121,386
4,135,386,4
4121,4,4,30
386,4121,30,2570
4,386,2570,3
30,4,3,4348
2570,30,4348,1438
3,2570,1438,4
4348,3,4,5287
1438,4348,5287,45
4,1438,45,24
5287,4,24,3335
45,5287,3335,430
24,45,430,23
3335,24,23,48
430,3335,48,577
23,430,577,184
48,23,184,3
577,48,3,24661
184,577,24661,5287
3,184,5287,4
24661,3,4,2965
5287,24661,2965,2225
4,5287,2225,151
2965,4,151,15
2225,2965,15,38
151,2225,38,83
15,151,83,1251
38,15,1251,4
83,38,4,4693
1251,83,4693,18
4,1251,18,47
4693,4,47,3909
18,4693,3909,6044
47,18,6044,4
3909,47,4,80
6044,3909,80,10517
4,6044,10517,203
80,4,203,2382
10517,80,2382,328
203,10517,328,2382
2382,203,2382,315
328,2382,315,16
2382,328,16,438
315,2382,438,56
16,315,56,4
438,16,4,26
56,438,26,260
4,56,260,55
26,4,55,21
260,26,21,1754
55,260,1754,36343
21,55,36343,215
1754,21,215,1777
36343,1754,1777,4
215,36343,4,16
1777,215,16,472
4,1777,472,2532
16,4,2532,12
472,16,12,7819
2532,472,7819,708
12,2532,708,1198
7819,12,1198,4
708,7819,4,5523
1198,708,5523,2516
4,1198,2516,2793
5523,4,2793,11
2516,5523,11,28
2793,2516,28,3150
11,2793,3150,5575
28,11,5575,22013
3150,28,22013,20930
5575,3150,20930,2
22013,5575,2,5287
20930,22013,5287,1145
2,20930,1145,470
5287,2,470,177
1145,5287,177,6
470,1145,6,1127
177,470,1127,839
6,177,839,559
1127,6,559,3
839,1127,3,4348
559,839,4348,1438
3,559,1438,24661
4348,3,24661,453
1438,4348,453,8
24661,1438,8,10
453,24661,10,7
8,453,7,91
10,8,91,3
7,10,3,209
91,7,209,8
3,91,8,3335
209,3,3335,55
8,209,55,64
3335,8,64,752
55,3335,752,431
64,55,431,2
752,64,2,26
431,752,26,7
2,431,7,126
26,2,126,8
7,26,8,430
126,7,430,739
8,126,739,3
430,8,3,4040
739,430,4040,3
3,739,3,156
4040,3,156,1745
3,4040,1745,30
156,3,30,218
1745,156,218,3
30,1745,3,317
218,30,317,845
3,218,845,3
317,3,3,1388
845,317,1388,30
3,845,30,18
1388,3,18,1315
30,1388,1315,3
18,30,3,959
1315,18,959,41
3,1315,41,65
959,3,65,2382
41,959,2382,11
65,41,11,1533
2382,65,1533,3150
11,2382,3150,5575
1533,11,5575,22013
3150,1533,22013,20930
5575,3150,20930,5287
22013,5575,5287,1145
20930,22013,1145,470
5287,20930,470,177
1145,5287,177,6
470,1145,6,1127
177,470,1127,839
6,177,839,559
1127,6,559,3
839,1127,3,4348
559,839,4348,1438
3,559,1438,1404
4348,3,1404,64763
1438,4348,64763,13232
1404,1438,13232,24
64763,1404,24,2136
13232,64763,2136,5
24,13232,5,42213
2136,24,42213,746
5,2136,746,1438
42213,5,1438,54
746,42213,54,14
1438,746,14,644
54,1438,644,4348
14,54,4348,24
644,14,24,3335
4348,644,3335,430
24,4348,430,134
3335,24,134,5575
430,3335,5575,8
134,430,8,11
5575,134,11,4
8,5575,4,49
11,8,49,566
4,11,566,397
49,4,397,40
566,49,40,86
397,566,86,766
40,397,766,3
86,40,3,2136
766,86,2136,75
3,766,75,1127
2136,3,1127,839
75,2136,839,1590
1127,75,1590,3335
839,1127,3335,56
1590,839,56,5
3335,1590,5,1438
56,3335,1438,3150
5,56,3150,5575
1438,5,5575,22013
3150,1438,22013,20930
5575,3150,20930,11
22013,5575,11,28
20930,22013,28,8
11,20930,8,10
28,11,10,7
8,28,7,551
10,8,551,1523
7,10,1523,3
551,7,3,766
1523,551,766,3
3,1523,3,42213
766,3,42213,84
3,766,84,8
42213,3,8,2136
84,42213,2136,13
8,84,13,47
2136,8,47,14106
13,2136,14106,4
47,13,4,49
14106,47,49,308
4,14106,308,1748
49,4,1748,30
308,49,30,34
1748,308,34,766
30,1748,766,86
34,30,86,75
766,34,75,1438
86,766,1438,7
75,86,7,4348
1438,75,4348,714
7,1438,714,41
4348,7,41,65
714,4348,65,476
41,714,476,765
65,41,765,30
476,65,30,14
765,476,14,103
30,765,103,148
14,30,148,5776
103,14,5776,5171
148,103,5171,5
5776,148,5,1438
5171,5776,1438,24
5,5171,24,3335
1438,5,3335,4
24,1438,4,3
3335,24,3,766
4,3335,766,308
3,4,308,11
766,3,11,453
308,766,453,3150
11,308,3150,5575
453,11,5575,70330
3150,453,70330,20930
5575,3150,20930,69757
70330,5575,69757,13232
20930,70330,13232,12
69757,20930,12,318
13232,69757,318,1127
12,13232,1127,1032
318,12,1032,624
1127,318,624,10889
1032,1127,10889,11122
624,1032,11122,510
10889,624,510,483
11122,10889,483,5
510,11122,5,2
483,510,2,215
5,483,215,559
2,5,559,3
215,2,3,5918
559,215,5918,1438
3,559,1438,24
5918,3,24,3335
1438,5918,3335,184
24,1438,184,3
3335,24,3,556
184,3335,556,152
3,184,152,37
556,3,37,1127
152,556,1127,1305
37,152,1305,4
1127,37,4,2182
1305,1127,2182,5277
4,1305,5277,1145
2182,4,1145,16
5277,2182,16,470
1145,5277,470,177
16,1145,177,6
470,16,6,559
177,470,559,54
6,177,54,7
559,6,7,1521
54,559,1521,19
7,54,19,1619
1521,7,1619,118
19,1521,118,1328
1619,19,1328,56
118,1619,56,19
1328,118,19,2743
56,1328,2743,414
19,56,414,902
2743,19,902,544
414,2743,544,20
902,414,20,153
544,902,153,2121
20,544,2121,1032
153,20,1032,624
2121,153,624,51360
1032,2121,51360,107592
624,1032,107592,28
51360,624,28,8
107592,51360,8,2121
28,107592,2121,6785
8,28,6785,4
2121,8,4,2148
6785,2121,2148,16
4,6785,16,1017
2148,4,1017,5277
16,2148,5277,315
1017,16,315,3
5277,1017,3,4348
315,5277,4348,1438
3,315,1438,1197
4348,3,1197,8
1438,4348,8,52
1197,1438,52,1310
8,1197,1310,2121
52,8,2121,603
1310,52,603,163
2121,1310,163,132
603,2121,132,3789
163,603,3789,6
132,163,6,6
3789,132,6,215
6,3789,215,559
6,6,559,300
