7026,304,423,6
10,7026,6,541
423,10,541,153
6,423,153,1146
541,6,1146,154
153,541,154,72
1146,153,72,153
154,1146,153,75
72,154,75,804
153,72,804,3340
75,153,3340,3
804,75,3,1626
3340,804,1626,1458
3,3340,1458,24723
1626,3,24723,25562
1458,1626,25562,21159
24723,1458,21159,24776
25562,24723,24776,8
21159,25562,8,38
24776,21159,38,397
8,24776,397,17367
38,8,17367,14
397,38,14,2704
17367,397,2704,3
14,17367,3,1235
2704,14,1235,3234
3,2704,3234,5043
1235,3,5043,3
3234,1235,3,6002
5043,3234,6002,2449
3,5043,2449,938
6002,3,938,5
2449,6002,5,57
938,2449,57,10070
5,938,10070,8006
57,5,8006,30316
10070,57,30316,111
8006,10070,111,14154
30316,8006,14154,3507
111,30316,3507,6
14154,111,6,20103
3507,14154,20103,900
6,3507,900,3
20103,6,3,243
900,20103,243,61
3,900,61,2
243,3,2,3234
61,243,3234,1751
2,61,1751,468
3234,2,468,3234
1751,3234,3234,1030
468,1751,1030,36
3234,468,36,2303
1030,3234,2303,3234
36,1030,3234,6
2303,36,6,257
3234,2303,257,87
6,3234,87,10
257,6,10,28
87,257,28,86
10,87,86,2
28,10,2,1290
86,28,1290,5
2,86,5,10070
1290,2,10070,50
5,1290,50,751
10070,5,751,2
50,10070,2,1007
751,50,1007,9
2,751,9,20103
1007,2,20103,1380
9,1007,1380,53
20103,9,53,34
1380,20103,34,17
53,1380,17,64
34,53,64,3234
17,34,3234,4855
64,17,4855,6
3234,64,6,14710
4855,3234,14710,448
6,4855,448,87
14710,6,87,408
448,14710,408,5
87,448,5,397
408,87,397,23
5,408,23,20
397,5,20,12633
23,397,12633,16
20,23,16,21
12633,20,21,751
16,12633,751,5251
21,16,5251,34
751,21,34,21
5251,751,21,17
34,5251,17,2303
21,34,2303,6
17,21,6,107
2303,17,107,8
6,2303,8,10
107,6,10,7
8,107,7,23
10,8,23,57
7,10,57,391
23,7,391,1958
57,23,1958,84
391,57,84,13920
1958,391,13920,1553
84,1958,1553,397
13920,84,397,23
1553,13920,23,90
397,1553,90,391
23,397,391,6
90,23,6,1476
391,90,1476,2
6,391,2,133
1476,6,133,13
2,1476,13,47
133,2,47,11690
13,133,11690,15
47,13,15,1958
11690,47,1958,6
15,11690,6,264
1958,15,264,66
6,1958,66,41
264,6,41,65
66,264,65,42
41,66,42,169
65,41,169,1958
42,65,1958,16
169,42,16,1181
1958,169,1181,3
16,1958,3,18
1181,16,18,1452
3,1181,1452,6
18,3,6,1476
1452,18,1476,171
6,1452,171,128
1476,6,128,66
171,1476,66,1074
128,171,1074,227
66,128,227,266
1074,66,266,9
227,1074,9,4399
266,227,4399,4
9,266,4,1059
4399,9,1059,1181
4,4399,1181,8
1059,4,8,190
1181,1059,190,45
8,1181,45,34
190,8,34,2553
45,190,2553,9
34,45,9,3382
2553,34,3382,6
9,2553,6,10491
3052,2157,21,155
34,3052,155,351
21,34,351,4
155,21,4,6
351,155,6,1665
4,351,1665,5
6,4,5,31798
1665,6,31798,16019
5,1665,16019,3306
31798,5,3306,8
16019,31798,8,131
3306,16019,131,201
8,3306,201,11350
131,8,11350,167
201,131,167,442
11350,201,442,8
167,11350,8,489
442,167,489,232
8,442,232,5
489,8,5,808
232,489,808,211
5,232,211,2253
808,5,2253,437
211,808,437,16473
2253,211,16473,14916
437,2253,14916,14
16473,437,14,572
14916,16473,572,362
14,14916,362,1724
572,14,1724,4601
362,572,4601,31
1724,362,31,1328
4601,1724,1328,56
31,4601,56,3088
1328,31,3088,3
56,1328,3,959
3088,56,959,1005
3,3088,1005,5936
959,3,5936,2974
1005,959,2974,40
5936,1005,40,18
2974,5936,18,47
40,2974,47,53913
18,40,53913,439
47,18,439,5
53913,47,5,88
439,53913,88,5
5,439,5,10
88,5,10,669
5,88,669,797
10,5,797,62
669,10,62,34
797,669,34,155
62,797,155,12
34,62,12,1477
155,34,1477,79519
12,155,79519,986
1477,12,986,1164
79519,1477,1164,134
986,79519,134,186
1164,986,186,15275
134,1164,15275,4
186,134,4,1458
15275,186,1458,240
4,15275,240,3
1458,4,3,1785
240,1458,1785,169
3,240,169,4198
1785,3,4198,2
169,1785,2,678
4198,169,678,8
2,4198,8,10134
678,2,10134,10
8,678,10,2162
10134,8,2162,1785
10,10134,1785,296
2162,10,296,5
1785,2162,5,4
296,1785,4,407
5,296,407,12
4,5,12,1005
407,4,1005,1334
12,407,1334,425
1005,12,425,19
1334,1005,19,2978
425,1334,2978,3065
19,425,3065,30631
2978,19,30631,2
3065,2978,2,1395
30631,3065,1395,31
2,30631,31,68
1395,2,68,863
31,1395,863,9
68,31,9,986
863,68,986,243
9,863,243,22
986,9,22,2821
243,986,2821,12
22,243,12,206
2821,22,206,20
12,2821,20,335
206,12,335,7
20,206,7,60184
335,20,60184,131
7,335,131,490
60184,7,490,11
131,60184,11,28
490,131,28,30
11,490,30,16
28,11,16,48
30,28,48,2336
16,30,2336,15
48,16,15,7039
2336,48,7039,15
15,2336,15,623
7039,15,623,29
15,7039,29,30
623,15,30,34
29,623,34,25
30,29,25,10
34,30,10,2433
25,34,2433,87
10,25,87,7983
2433,10,7983,34
87,2433,34,21
7983,87,21,23368
34,7983,23368,2157
21,34,2157,3052
23368,21,3052,50
2157,23368,50,551
3052,2157,551,3
50,3052,3,155
551,50,155,351
3,551,351,11
155,3,11,28
351,155,28,439
11,351,439,5
28,11,5,22
439,28,22,1580
5,439,1580,40
22,5,40,18
1580,22,18,47
40,1580,47,9
18,40,9,84536
47,18,84536,3052
9,47,3052,7979
84536,9,7979,61
3052,84536,61,1768
7979,3052,1768,15
61,7979,15,10
1768,61,10,25036
15,1768,25036,1119
10,15,1119,16867
25036,10,16867,123
1119,25036,123,12
16867,1119,12,108
123,16867,108,10
12,123,10,774
108,12,774,2592
10,108,2592,449
774,10,449,15
2592,774,15,10
449,2592,10,1509
15,449,1509,5
10,15,5,3708
1509,10,3708,81833
5,1509,81833,13455
3708,5,13455,21
81833,3708,21,508
13455,81833,508,9
21,13455,9,38
508,21,38,448
9,508,448,5
38,9,5,5017
448,38,5017,403
5,448,403,3
5017,5,3,302
403,5017,302,1110
3,403,1110,168
302,3,168,623
1110,302,623,229
168,1110,229,10
623,168,10,643
229,623,643,61
10,229,61,890
643,10,890,1458
61,643,1458,266
890,61,266,5474
1458,890,5474,797
266,1458,797,6
5474,266,6,311
797,5474,311,389
6,797,389,36
311,6,36,15469
389,311,15469,4
36,389,4,7218
15469,36,7218,18726
4,15469,18726,523
7218,4,523,4
18726,7218,4,1301
523,18726,1301,6
4,523,6,62383
1301,4,62383,226
6,1301,226,934
62383,6,934,7
226,62383,7,183
934,226,183,959
7,934,959,10028
183,7,10028,4
959,183,4,96
10028,959,96,519
4,10028,519,155
96,4,155,23689
519,96,23689,10
155,519,10,34114
23689,155,34114,1016
10,23689,1016,7
34114,10,7,39131
1016,34114,39131,65
7,1016,65,357
39131,7,357,254
65,39131,254,801
357,65,801,29
254,357,29,10
801,254,10,828
29,801,828,115
10,29,115,445
828,10,445,313
115,828,313,8
445,115,8,107
313,445,107,191
8,313,191,5
107,8,5,1309
191,107,1309,45
5,191,45,31
1309,5,31,959
45,1309,959,261
31,45,261,3693
959,31,3693,55
261,959,55,96
3693,261,96,1016
55,3693,1016,36
96,55,36,11306
1016,96,11306,313
36,1016,313,17014
11306,36,17014,962
313,11306,962,1139
17014,313,1139,87546
962,17014,87546,142
1139,962,142,947
87546,1139,947,2
142,87546,2,6407
947,142,6407,16
2,947,16,23
6407,2,23,5034
16,6407,5034,5646
23,16,5646,645
5034,23,645,5
5646,5034,5,2571
645,5646,2571,23
5,645,23,393
2571,5,393,5
23,2571,5,1979
393,23,1979,22060
5,393,22060,8434
1979,5,8434,26696
22060,1979,26696,17915
8434,22060,17915,2
26696,8434,2,18534
17915,26696,18534,52929
2,17915,52929,4
18534,2,4,2
52929,18534,2,2956
4,52929,2956,1016
2,4,1016,8434
2956,2,8434,14
1016,2956,14,12
8434,1016,12,3
14,8434,3,86043
12,14,86043,107
3,12,107,699
86043,3,699,218
107,86043,218,3
699,107,3,1362
218,699,1362,7
3,218,7,8
1362,3,8,53
7,1362,53,7
8,7,7,465
53,8,465,480
7,53,480,3
465,7,3,1306
480,465,1306,61
3,480,61,3820
1306,3,3820,5
61,1306,5,6514
3820,61,6514,1580
5,3820,1580,640
6514,5,640,3418
1580,6514,3418,6016
640,1580,6016,837
3418,640,837,5
6016,3418,5,2835
837,6016,2835,414
5,837,414,9963
2835,5,9963,9
414,2835,9,482
9963,414,482,797
9,9963,797,218
482,9,218,3
797,482,3,2163
218,797,2163,2454
3,218,2454,41793
2163,3,41793,52920
2454,2163,52920,5590
41793,2454,5590,77416
52920,41793,77416,1596
5590,52920,1596,19
77416,5590,19,457
1596,77416,457,69532
19,1596,69532,358
457,19,358,37
69532,457,37,206
358,69532,206,11
37,358,11,178
206,37,178,2826
11,206,2826,34
178,11,34,208
2826,178,208,4513
34,2826,4513,4
208,34,4,51
4513,208,51,52
4,4513,52,33
51,4,33,1562
52,51,1562,83
33,52,83,104
1562,33,104,471
83,1562,471,4
104,83,4,959
471,104,959,81
4,471,81,51
959,4,51,52
81,959,52,33
51,81,33,489
52,51,489,48
33,52,48,5
489,33,5,43
48,489,43,24
5,48,24,207
43,5,207,2734
24,43,2734,5
207,24,5,730
2734,207,730,889
5,2734,889,589
730,5,589,40
889,730,40,691
589,889,691,61
40,589,61,3
691,40,3,123
61,691,123,67
3,61,67,236
123,3,236,80
67,123,80,2826
236,67,2826,396
80,236,396,959
2826,80,959,8
396,2826,8,35963
959,396,35963,396
8,959,396,44
35963,8,44,7
396,35963,7,569
44,396,569,859
7,44,859,2
569,7,2,21190
859,569,21190,2
2,859,2,5590
21190,2,5590,14
2,21190,14,29
5590,2,29,7
14,5590,7,569
29,14,569,131
7,29,131,2837
569,7,2837,3
131,569,3,137
2837,131,137,8
3,2837,8,2157
137,3,2157,3052
8,137,3052,34
2157,8,34,155
3052,2157,155,12
46,197,71,28
63,46,28,540
71,63,540,8
28,71,8,22
540,28,22,252
8,540,252,34
22,8,34,1400
252,22,1400,351
34,252,351,24
1400,34,24,1505
351,1400,1505,15
24,351,15,250
1505,24,250,74
15,1505,74,10
250,15,10,342
74,250,342,348
10,74,348,1520
342,10,1520,143
348,342,143,35
1520,348,35,55
143,1520,55,7994
35,143,7994,8
55,35,8,250
7994,55,250,7
8,7994,7,21
250,8,21,2392
7,250,2392,342
21,7,342,105388
2392,21,105388,30
342,2392,30,55
105388,342,55,21
30,105388,21,7994
55,30,7994,8
21,55,8,26
7994,21,26,16
8,7994,16,21
26,8,21,110
16,26,110,3
21,16,3,3496
110,21,3496,2
3,110,2,342
3496,3,342,537
2,3496,537,46
342,2,46,8
537,342,8,53
46,537,53,2
8,46,2,6683
53,8,6683,1088
2,53,1088,25
6683,2,25,8
1088,6683,8,80
25,1088,80,52
8,25,52,26
80,8,26,8764
52,80,8764,30
26,52,30,40
8764,26,40,17
30,8764,17,458
40,30,458,3
17,40,3,18
458,17,18,362
3,458,362,60
18,3,60,3
362,18,3,123
60,362,123,297
3,60,297,46
123,3,46,52
297,123,52,30
46,297,30,25
52,46,25,18
30,52,18,8
25,30,8,359
18,25,359,5
8,18,5,224
359,8,224,140
5,359,140,50
224,5,50,21
140,224,21,110
50,140,110,3
21,50,3,123
110,21,123,10
3,110,10,63
123,3,63,28
10,123,28,6
63,10,6,4
28,63,4,407
6,28,407,86134
4,6,86134,322
407,4,322,83109
86134,407,83109,53
322,86134,53,64
83109,322,64,224
53,83109,224,71
64,53,71,28
224,64,28,140
71,224,140,30
28,71,30,1400
140,28,1400,21251
30,140,21251,143
1400,30,143,35
21251,1400,35,4
143,21251,4,10
35,143,10,767
4,35,767,18
10,4,18,375
767,10,375,647
18,767,647,3
375,18,3,1097
647,375,1097,4
3,647,4,588
1097,3,588,15
4,1097,15,250
588,4,250,71
15,588,71,14
250,15,14,3
71,250,3,1090
14,71,1090,250
3,14,250,24
1090,3,24,2392
250,1090,2392,342
24,250,342,537
2392,24,537,122
342,2392,122,165
537,342,165,1724
122,537,1724,133
165,122,133,3
1724,165,3,5952
133,1724,5952,3334
3,133,3334,3
5952,3,3,91
3334,5952,91,9
3,3334,9,694
91,3,694,92659
9,91,92659,235
694,9,235,205
92659,694,205,36
235,92659,36,25
205,235,25,50
36,205,50,110
25,36,110,3
50,25,3,17
110,50,17,458
3,110,458,3
17,3,3,1024
458,17,1024,229
3,458,229,36
1024,3,36,21
229,1024,21,38
36,229,38,213
21,36,213,7
38,21,7,458
213,38,458,3
7,213,3,1205
458,7,1205,51
3,458,51,40
1205,3,40,17
51,1205,17,4
40,51,4,7032
17,40,7032,2435
4,17,2435,224
7032,4,224,52
2435,7032,52,6
224,2435,6,209
52,224,209,2
6,52,2,26
209,6,26,44
2,209,44,26
26,2,26,16
44,26,16,86
26,44,86,1918
16,26,1918,6
86,16,6,1929
1918,86,1929,342
6,1918,342,348
1929,6,348,71
342,1929,71,134
348,342,134,3079
71,348,3079,200
134,71,200,6750
3079,134,6750,4
200,3079,4,52
6750,200,52,30
4,6750,30,18
52,4,18,1871
30,52,1871,3333
18,30,3333,6
1871,18,6,8
3333,1871,8,213
6,3333,213,52
8,6,52,30
213,8,30,16
52,213,16,458
30,52,458,3
16,30,3,7994
458,16,7994,8
3,458,8,6
7994,3,6,209
8,7994,209,26
6,8,26,16
209,6,16,21
26,209,21,2392
16,26,2392,537
21,16,537,213
2392,21,213,140
537,2392,140,53
213,537,53,2
140,213,2,224
53,140,224,3
2,53,3,17
224,2,17,13
3,224,13,29
17,3,29,8
13,17,8,110
29,13,110,3
8,29,3,633
110,8,633,81
3,110,81,3
633,3,3,1205
81,633,1205,359
3,81,359,5
1205,3,5,11484
359,1205,11484,4
5,359,4,7869
11484,5,7869,12
4,11484,12,38
7869,4,38,348
12,7869,348,8
38,12,8,25
348,38,25,239
8,348,239,23
25,8,23,275
239,25,275,26
23,239,26,18
275,23,18,21
26,275,21,47
18,26,47,1095
21,18,1095,3
47,21,3,44
1095,47,44,811
3,1095,811,99819
44,3,99819,28
811,44,28,358
99819,811,358,15
28,99819,15,250
358,28,250,54
15,358,54,18
250,15,18,47
54,250,47,110
18,54,110,12
47,18,12,9
110,47,9,41
12,110,41,65
9,12,65,2
41,9,2,66
65,41,66,18
2,65,18,21
66,2,21,577
18,66,577,143
21,18,143,35
577,21,35,476
143,577,476,250
35,143,250,13
476,35,13,47
250,476,47,11510
13,250,11510,19
47,13,19,4
11510,47,4,5261
19,11510,5261,588
4,19,588,21
5261,4,21,3
588,5261,3,1108
21,588,1108,10
3,21,10,342
1108,3,342,348
10,1108,348,63
342,10,63,23526
348,342,23526,21
63,348,21,1444
23526,63,1444,476
21,23526,476,168
1444,21,168,104
476,1444,104,358
168,476,358,71
104,168,71,26967
358,104,26967,1032
71,358,1032,624
26967,71,624,3314
1032,26967,3314,1347
624,1032,1347,68
3314,624,68,4077
1347,3314,4077,12
68,1347,12,322
4077,68,322,226
12,4077,226,28
322,12,28,11
226,322,11,4
28,226,4,71
11,28,71,18
4,11,18,183
71,4,183,2470
18,71,2470,934
183,18,934,6
2470,183,6,424
934,2470,424,3
6,934,3,1061
424,6,1061,8
3,424,8,250
1061,3,250,18652
8,1061,18652,2380
250,8,2380,342
18652,250,342,537
2380,18652,537,29
342,2380,29,1347
537,342,1347,28
29,537,28,11
1347,29,11,115
28,1347,115,976
11,28,976,8
115,11,8,4628
976,115,4628,34
8,976,34,1090
4628,8,1090,1052
34,4628,1052,24
1090,34,24,6792
1052,1090,6792,4
24,1052,4,2392
6792,24,2392,26681
4,6792,26681,25
2392,4,25,21
26681,2392,21,976
25,26681,976,4628
21,25,4628,15
976,21,15,5230
4628,976,5230,991
15,4628,991,1347
5230,15,1347,28
991,5230,28,51
1347,991,51,7
28,1347,7,569
51,28,569,1862
7,51,1862,7
569,7,7,8
1862,569,8,33
7,1862,33,2190
8,7,2190,250
33,8,250,342
2190,33,342,348
250,2190,348,25
342,250,25,53
348,342,53,186
25,348,186,3
53,25,3,73703
186,53,73703,957
3,186,957,3
73703,3,3,2
957,73703,2,1617
3,957,1617,1688
2,3,1688,5
1617,2,5,233
1688,1617,233,128
5,1688,128,298
233,5,298,1259
128,233,1259,43
298,128,43,1004
1259,298,1004,102
43,1259,102,2
1004,43,2,224
102,1004,224,15
2,102,15,12611
224,2,12611,265
15,224,265,327
12611,15,327,3762
265,12611,3762,6
327,265,6,12
3762,327,12,1112
6,3762,1112,224
12,6,224,7
1112,12,7,1123
224,1112,1123,265
7,224,265,408
1123,7,408,195
265,1123,195,2488
408,265,2488,1325
195,408,1325,4555
2488,195,4555,1757
1325,2488,1757,1052
4555,1325,1052,16
1757,4555,16,15069
1052,1757,15069,1474
16,1052,1474,6
15069,16,6,278
1474,15069,278,6
6,1474,6,4546
278,6,4546,6
6,278,6,6712
4546,6,6712,6
6,4546,6,1739
6712,6,1739,1325
6,6712,1325,28
1739,6,28,12
1325,1739,12,322
28,1325,322,226
12,28,226,48
322,12,48,74
226,322,74,311
48,226,311,389
74,48,389,26
311,74,26,415
389,311,415,12
26,389,12,647
415,26,647,26
12,415,26,821
647,12,821,13
26,647,13,4148
821,26,4148,748
13,821,748,6
4148,13,6,386
748,4148,386,30
6,748,30,396
386,6,396,1233
30,386,1233,48
396,30,48,5
1233,396,5,38
48,1233,38,57
5,48,57,1456
38,5,1456,6
57,38,6,615
1456,57,615,23
6,1456,23,595
615,6,595,342
23,615,342,224
595,23,224,51
342,595,51,30
224,342,30,25
51,224,25,116
30,51,116,37
25,30,37,224
116,25,224,7
37,116,7,10
224,37,10,234
7,224,234,73
10,7,73,10
234,10,10,34
73,234,34,549
10,73,549,342
34,10,342,1853
549,34,1853,6
342,549,6,236
1853,342,236,15
6,1853,15,42
236,6,42,5
15,236,5,1375
42,15,1375,991
5,42,991,6
1375,5,6,106862
