1488,796,67,90
5,1488,90,226
67,5,226,118
90,67,118,5924
226,90,5924,83
118,226,83,4
5924,118,4,5291
83,5924,5291,24
4,83,24,11160
5291,4,11160,140
24,5291,140,303
11160,24,303,14791
140,11160,14791,4
303,140,4,6766
14791,303,6766,165
4,14791,165,3790
6766,4,3790,79
165,6766,79,10507
3790,165,10507,2
79,3790,2,95
10507,79,95,1488
2,10507,1488,8219
95,2,8219,3
1488,95,3,585
8219,1488,585,6
3,8219,6,4697
585,3,4697,1305
6,585,1305,583
4697,6,583,38
1305,4697,38,419
583,1305,419,6
38,583,6,603
419,38,603,4662
6,419,4662,26
603,6,26,2317
4662,603,2317,43
26,4662,43,46
2317,26,46,52
43,2317,52,30
46,43,30,367
52,46,367,697
30,52,697,3
367,30,3,137
697,367,137,67
3,697,67,907
137,3,907,285
67,137,285,46
907,67,46,3
285,907,3,2521
46,285,2521,3642
3,46,3642,3
2521,3,3,2030
3642,2521,2030,6887
3,3642,6887,16137
2030,3,16137,4
6887,2030,4,8711
16137,6887,8711,12
4,16137,12,469
8711,4,469,5
12,8711,5,3790
469,12,3790,2935
5,469,2935,5
3790,5,5,67
2935,3790,67,308
5,2935,308,426
67,5,426,7
308,67,7,9389
426,308,9389,3008
7,426,3008,8
9389,7,8,14
3008,9389,14,4909
8,3008,4909,10507
14,8,10507,9
4909,14,9,130
10507,4909,130,542
9,10507,542,4
130,9,4,5678
542,130,5678,4
4,542,4,6427
5678,4,6427,2214
4,5678,2214,81
6427,4,81,11561
2214,6427,11561,4
81,2214,4,870
11561,81,870,3
4,11561,3,3645
870,4,3645,439
3,870,439,3
3645,3,3,157
439,3645,157,2
3,439,2,26
157,3,26,18961
2,157,18961,12
26,2,12,67
18961,26,67,2412
12,18961,2412,2935
67,12,2935,7
2412,67,7,14
2935,2412,14,25
7,2935,25,1758
14,7,1758,8
25,14,8,534
1758,25,534,2
8,1758,2,7
534,8,7,14
2,534,14,7
7,2,7,608
14,7,608,3
7,14,3,3937
608,7,3937,15
3,608,15,81
3937,3,81,3
15,3937,3,154
81,15,154,3
3,81,3,38
154,3,38,448
3,154,448,64
38,3,64,42
448,38,42,720
64,448,720,7065
42,64,7065,769
720,42,769,3
7065,720,3,4
769,7065,4,1038
3,769,1038,66
4,3,66,547
1038,4,547,4
66,1038,4,321
547,66,321,9
4,547,9,99
321,4,99,60
9,321,60,6
99,9,6,130
60,99,130,290
6,60,290,7
130,6,7,1047
290,130,1047,271
7,290,271,73
1047,7,73,7221
271,1047,7221,8258
73,271,8258,7
7221,73,7,1211
8258,7221,1211,8
7,8258,8,1284
1211,7,1284,4
8,1211,4,459
1284,8,459,6
4,1284,6,157
459,4,157,7
6,459,7,14
157,6,14,260
7,157,260,15158
14,7,15158,15
260,14,15,156
15158,260,156,2
15,15158,2,448
156,15,448,5
2,156,5,2644
448,2,2644,8
5,448,8,7
2644,5,7,72
8,2644,72,77
7,8,77,12529
72,7,12529,6928
77,72,6928,837
12529,77,837,7
6928,12529,7,14
837,6928,14,6
7,837,6,828
14,7,828,7
6,14,7,14
828,6,14,2080
7,828,2080,6
14,7,6,107
2080,14,107,64
6,2080,64,1553
107,6,1553,1052
64,107,1052,40
1553,64,40,18
1052,1553,18,277
40,1052,277,2435
18,40,2435,409
277,18,409,16222
2435,277,16222,10507
409,2435,10507,7
16222,409,7,796
10507,16222,796,2
7,10507,2,1305
796,7,1305,541
2,796,541,23
1305,2,23,180
541,1305,180,4
23,541,4,1077
180,23,1077,11
4,180,11,1389
1077,4,1389,3
11,1077,3,163
1389,11,163,180
3,1389,180,3
163,3,3,3684
180,163,3684,7
3,180,7,5445
3684,3,5445,4
7,3684,4,70
5445,7,70,1488
4,5445,1488,165
70,4,165,3790
1488,70,3790,1658
165,1488,1658,3
3790,165,3,130
1658,3790,130,5560
3,1658,5560,4
130,3,4,4578
5560,130,4578,9919
4,5560,9919,1034
4578,4,1034,24
9919,4578,24,8153
1034,9919,8153,2
24,1034,2,5678
8153,24,5678,2559
2,8153,2559,2
5678,2,2,1305
2559,5678,1305,349
2,2559,349,6
1305,2,6,12
349,1305,12,180
6,349,180,7
12,6,7,7987
180,12,7987,4
7,180,4,866
7987,7,866,165
4,7987,165,13613
866,4,13613,130
165,866,130,9919
13613,165,9919,1034
130,13613,1034,5
9919,130,5,1488
1034,9919,1488,79
5,1034,79,2
1488,5,2,787
79,1488,787,5
2,79,5,1092
787,2,1092,31
5,787,31,13
1092,5,13,2373
31,1092,2373,3
13,31,3,2665
2373,13,2665,19509
3,2373,19509,343
2665,3,343,5
19509,2665,5,8
343,19509,8,44
5,343,44,40
8,5,40,154
44,8,154,3
40,44,3,1830
154,40,1830,48
3,154,48,8
1830,3,8,7
48,1830,7,18
8,48,18,367
7,8,367,196
18,7,196,9
367,18,9,46
196,367,46,36
9,196,36,102
46,9,102,16779
36,46,16779,75587
102,36,75587,4
16779,102,4,8617
75587,16779,8617,130
4,75587,130,804
8617,4,804,4
130,8617,4,7
804,130,7,850
4,804,850,2283
7,4,2283,3
850,7,3,143
2283,850,143,35
3,2283,35,4
143,3,4,7
35,143,7,2229
4,35,2229,667
7,4,667,1916
2229,7,1916,41
667,2229,41,65
1916,667,65,476
41,1916,476,7
65,41,7,72
476,65,72,697
7,476,697,3
72,7,3,17
697,72,17,1919
3,697,1919,3
17,3,3,1540
1919,17,1540,6
3,1919,6,4
1540,3,4,17
6,1540,17,2222
4,6,2222,19
17,4,19,130
2222,17,130,4838
19,2222,4838,1965
130,19,1965,130
4838,130,130,99
1965,4838,99,320
130,1965,320,7076
99,130,7076,54
320,99,54,7
7076,320,7,160
54,7076,160,3
7,54,3,7077
160,7,7077,993
3,160,993,3120
7077,3,3120,1811
993,7077,1811,4
3120,993,4,130
1811,3120,130,32010
4,1811,32010,311
130,4,311,1268
32010,130,1268,1510
311,32010,1510,50
1268,311,50,334
1510,1268,334,248
50,1510,248,12
334,50,12,8
248,334,8,853
12,248,853,15009
8,12,15009,2173
853,8,2173,16123
15009,853,16123,24
2173,15009,24,130
16123,2173,130,5678
24,16123,5678,80
130,24,80,23
5678,130,23,8
80,5678,8,534
23,80,534,406
8,23,406,26
534,8,26,13
406,534,13,260
26,406,260,13856
13,26,13856,2
260,13,2,14750
13856,260,14750,31408
2,13856,31408,5
14750,2,5,2225
31408,14750,2225,21631
5,31408,21631,211
2225,5,211,16779
21631,2225,16779,75586
211,21631,75586,4
16779,211,4,4748
75586,16779,4748,8617
4,75586,8617,54
4748,4,54,7
8617,4748,7,84
54,8617,84,123
7,54,123,2
84,7,2,2
123,84,2,11204
2,123,11204,130
2,2,130,5678
11204,2,5678,2402
130,11204,2402,1023
5678,130,1023,3
2402,5678,3,30471
1023,2402,30471,180
3,1023,180,6
30471,3,6,95
180,30471,95,66
6,180,66,2
95,6,2,52
66,95,52,7
2,66,7,50
52,2,50,2
7,52,2,3422
50,7,3422,70
2,50,70,87
3422,2,87,5
70,3422,5,130
87,70,130,1175
5,87,1175,4
130,5,4,6093
1175,130,6093,321
4,1175,321,7
6093,4,7,1062
321,6093,1062,8
7,321,8,26377
1062,7,26377,6
8,1062,6,130
26377,8,130,5243
6,26377,5243,59
130,6,59,7
5243,130,7,99
59,5243,99,13910
7,59,13910,130
99,7,130,3951
13910,99,3951,14980
130,13910,14980,4111
3951,130,4111,46
14980,3951,46,48
4111,14980,48,87
46,4111,87,5
48,46,5,70
87,48,70,1488
5,87,1488,8123
70,5,8123,12
1488,70,12,10
8123,1488,10,4059
12,8123,4059,271
10,12,271,1047
4059,10,1047,25
271,4059,25,201
1047,271,201,37
25,1047,37,2149
201,25,2149,10
37,201,10,2
2149,37,2,1329
10,2149,1329,7
2,10,7,165
1329,2,165,13
7,1329,13,59
165,7,59,7
13,165,7,1443
59,13,1443,215
7,59,215,10
1443,7,10,313
215,1443,313,8
10,215,8,1488
313,10,1488,7
8,313,7,630
1488,8,630,3
7,1488,3,2262
630,7,2262,6
3,630,6,2617
2262,3,2617,14
6,2262,14,7820
2617,6,7820,3
14,2617,3,130
7820,14,130,910
3,7820,910,36
130,3,36,8
910,130,8,62
36,910,62,7
8,36,7,1047
62,8,1047,2433
7,62,2433,2
1047,7,2,7
2433,1047,7,901
2,2433,901,130
7,2,130,133
901,7,133,4111
130,901,4111,59
133,130,59,7
4111,133,7,365
59,4111,365,130
7,59,130,3476
365,7,3476,5
130,365,5,11239
3476,130,11239,6
5,3476,6,43
11239,5,43,1811
6,11239,1811,7
43,6,7,726
1811,43,726,130
7,1811,130,2625
726,7,2625,2
130,726,2,1792
2625,130,1792,4
2,2625,4,331
1792,2,331,49
4,1792,49,3
331,4,3,123
49,331,123,76
3,49,76,1089
123,3,1089,29
76,123,29,11
1089,76,11,14
29,1089,14,25
11,29,25,5442
14,11,5442,15
25,14,15,2739
5442,25,2739,4
15,5442,4,4916
2739,15,4916,8
4,2739,8,11
4916,4,11,2669
8,4916,2669,1075
11,8,1075,3031
2669,11,3031,4
1075,2669,4,1315
3031,1075,1315,3
4,3031,3,6940
1315,4,6940,86
3,1315,86,2
6940,3,2,281
86,6940,281,806
2,86,806,5
281,2,5,8389
806,281,8389,11
5,806,11,2669
8389,5,2669,80
11,8389,80,2092
2669,11,2092,59
80,2669,59,7
2092,80,7,14
59,2092,14,612
7,59,612,3
14,7,3,522
612,14,522,2
3,612,2,99
522,3,99,11744
2,522,11744,232
99,2,232,5
11744,99,5,43
232,11744,43,1811
5,232,1811,127
43,5,127,11566
1811,43,11566,2070
127,1811,2070,1696
11566,127,1696,12
2070,11566,12,8
1696,2070,8,44
12,1696,44,7
8,12,7,14
44,8,14,2043
7,44,2043,196
14,7,196,4
2043,14,4,48
196,2043,48,7977
4,196,7977,5
48,4,5,95
7977,48,95,8188
5,7977,8188,5
95,5,5,130
8188,95,130,4379
5,8188,4379,819
130,5,819,945
4379,130,945,2584
819,4379,2584,118
945,819,118,14695
2584,945,14695,87
118,2584,87,5
14695,118,5,130
87,14695,130,6093
5,87,6093,4
130,5,4,1251
6093,130,1251,6
4,6093,6,95
1251,4,95,341
6,1251,341,66
95,6,66,13
341,95,13,190
66,341,190,660
13,66,660,12
190,13,12,180
660,190,180,10
12,660,10,434
180,12,434,180
10,180,180,3
434,10,3,247
180,434,247,5093
3,180,5093,2808
247,3,2808,3
5093,247,3,1160
2808,5093,1160,5
3,2808,5,57
1160,3,57,45
5,1160,45,2053
57,5,2053,7
45,57,7,9017
2053,45,9017,8
7,2053,8,52
9017,7,52,10
8,9017,10,50
52,8,50,9
10,52,9,2
50,10,2,623
9,50,623,5
2,9,5,2518
623,2,2518,53
5,623,53,14
2518,5,14,4
53,2518,4,4627
14,53,4627,7590
4,14,7590,4
4627,4,4,17014
7590,4627,17014,2107
4,7590,2107,11319
17014,4,11319,6
2107,17014,6,90
11319,2107,90,5
6,11319,5,1015
90,6,1015,31
5,90,31,8188
1015,5,8188,4
31,1015,4,6620
8188,31,6620,180
4,8188,180,465
6620,4,465,7
180,6620,7,1588
465,180,1588,95
7,465,95,183
1588,7,183,8188
95,1588,8188,77
183,95,77,17
8188,183,17,11458
77,8188,11458,359
17,77,359,3
11458,17,3,38
359,11458,38,907
3,359,907,542
38,3,542,36
907,38,36,80
542,907,80,4930
36,542,4930,7
80,36,7,1366
4930,80,1366,140
7,4930,140,8
1366,7,8,52
140,1366,52,640
8,140,640,622
52,8,622,7
640,52,7,77
622,640,77,1220
7,622,1220,2125
77,7,2125,5057
1220,77,5057,4
2125,1220,4,976
5057,2125,976,81
4,5057,81,362
976,4,362,3
81,976,3,1097
362,81,1097,56
3,362,56,6
1097,3,6,10599
56,1097,10599,7
6,56,7,230
10599,6,230,6
7,10599,6,484
230,7,484,1113
6,230,1113,38
484,6,38,976
1113,484,976,4
38,1113,4,26
976,38,26,230
4,976,230,140
26,4,140,137
230,26,137,180
140,230,180,196
137,140,196,4
180,137,4,172
196,180,172,2467
4,196,2467,24
172,4,24,156
2467,172,156,2
24,2467,2,236
156,24,236,5
2,156,5,623
236,2,623,4
5,236,4,1114
623,5,1114,168
4,623,168,6850
1114,4,6850,5017
168,1114,5017,4
6850,168,4,1585
5017,6850,1585,7
4,5017,7,14
1585,4,14,458
7,1585,458,3
14,7,3,800
458,14,800,2125
3,458,2125,2
800,3,2,8993
2125,800,8993,5
2,2125,5,130
8993,2,130,45
5,8993,45,4
130,5,4,2053
45,130,2053,24230
4,45,24230,25715
2053,4,25715,5
24230,2053,5,25
25715,24230,25,136
5,25715,136,8
25,5,8,70
136,25,70,277
8,136,277,4290
70,8,4290,3
277,70,3,20
4290,277,20,44
3,4290,44,7
20,3,7,18
44,20,18,542
7,44,542,24
18,7,24,5161
542,18,5161,391
24,542,391,311
5161,24,311,391
391,5161,391,422
311,391,422,391
391,311,391,4
422,391,4,215
391,422,215,31
4,391,31,468
215,4,468,180
31,215,180,8
468,31,8,7
180,468,7,353
8,180,353,86
7,8,86,449
353,7,449,26
86,353,26,18
449,86,18,367
26,449,367,508
18,26,508,4
367,18,4,8
508,367,8,13
4,508,13,26
8,4,26,21
13,8,21,1118
26,13,1118,180
21,26,180,38
1118,21,38,2050
180,1118,2050,12
38,180,12,1599
2050,38,1599,40
12,2050,40,18
1599,12,18,47
40,1599,47,6568
18,40,6568,1073
47,18,1073,3
6568,47,3,7644
1073,6568,7644,21783
3,1073,21783,1530
7644,3,1530,8
21783,7644,8,13
1530,21783,13,6544
8,1530,6544,20
13,8,20,133
6544,13,133,170
20,6544,170,1029
133,20,1029,109
170,133,109,6
1029,170,6,7
109,1029,7,716
6,109,716,722
7,6,722,2110
716,7,2110,3
722,716,3,2072
2110,722,2072,582
3,2110,582,5709
2072,3,5709,379
582,2072,379,5
5709,582,5,1811
379,5709,1811,4
5,379,4,140
1811,5,140,6
4,1811,6,7
140,4,7,14
6,140,14,6554
7,6,6554,3
14,7,3,522
6554,14,522,27253
3,6554,27253,441
522,3,441,625
27253,522,625,710
441,27253,710,6
625,441,6,1206
710,625,1206,7
6,710,7,5660
1206,6,5660,3
7,1206,3,3300
5660,7,3300,1157
3537,103,1498,3260
54,3537,3260,20
1498,54,20,153
3260,1498,153,50
20,3260,50,8316
153,20,8316,9
50,153,9,133
8316,50,133,144
9,8316,144,5
133,9,5,4456
144,133,4456,1469
5,144,1469,16102
4456,5,16102,1048
1469,4456,1048,1335
16102,1469,1335,3
1048,16102,3,2241
1335,1048,2241,1156
3,1335,1156,1689
2241,3,1689,624
1156,2241,624,9
1689,1156,9,2073
624,1689,2073,2210
9,624,2210,27303
2073,9,27303,13185
2210,2073,13185,6392
27303,2210,6392,507
13185,27303,507,8
6392,13185,8,3537
507,6392,3537,721
8,507,721,87
3537,8,87,5
721,3537,5,4456
87,721,4456,335
5,87,335,13185
4456,5,13185,2
335,4456,2,232
13185,335,232,5
2,13185,5,992
232,2,992,6442
5,232,6442,97
992,5,97,481
6442,992,481,6
97,6442,6,2
481,97,2,2401
6,481,2401,32208
2,6,32208,1087
2401,2,1087,41650
32208,2401,41650,1156
1087,32208,1156,629
41650,1087,629,14
1156,41650,14,12
629,1156,12,2
14,629,2,35
12,14,35,1134
2,12,1134,3
35,2,3,4259
1134,35,4259,59
3,1134,59,5784
4259,3,5784,704
59,4259,704,813
5784,59,813,3260
704,5784,3260,12
813,704,12,442
3260,813,442,936
12,3260,936,42
442,12,42,4
936,442,4,11293
42,936,11293,30636
4,42,30636,183
11293,4,183,44
30636,11293,44,4456
183,30636,4456,143
44,183,143,226
4456,44,226,4499
143,4456,4499,2304
226,143,2304,4
4499,226,4,1769
2304,4499,1769,528
4,2304,528,893
1769,4,893,2
528,1769,2,1469
893,528,1469,3580
2,893,3580,546
1469,2,546,9
3580,1469,9,10
546,3580,10,2684
9,546,2684,5
10,9,5,3420
2684,10,3420,777
5,2684,777,6
3420,5,6,2241
777,3420,2241,82
6,777,82,228
2241,6,228,3781
82,2241,3781,2736
228,82,2736,19
3781,228,19,1479
2736,3781,1479,4
19,2736,4,8070
1479,19,8070,23542
4,1479,23542,19
8070,4,19,30115
23542,8070,30115,799
19,23542,799,14
30115,19,14,2697
799,30115,2697,75
14,799,75,4174
2697,14,4174,185
75,2697,185,74
4174,75,74,10
185,4174,10,10754
74,185,10754,4
10,74,4,774
10754,10,774,5727
4,10754,5727,320
774,4,320,91
5727,774,91,6
320,5727,6,799
91,320,799,3260
6,91,3260,14
799,6,14,223
3260,799,223,226
14,3260,226,360
223,14,360,6
226,223,6,950
360,226,950,5
6,360,5,41617
950,6,41617,4115
5,950,4115,4456
41617,5,4456,4
4115,41617,4,10
4456,4115,10,916
4,4456,916,232
10,4,232,9
916,10,9,424
232,916,424,3
9,232,3,2074
424,9,2074,1048
3,424,1048,1335
2074,3,1335,3
1048,2074,3,3420
1335,1048,3420,37878
3,1335,37878,1452
3420,3,1452,6
37878,3420,6,4259
1452,37878,4259,6
6,1452,6,2
4259,6,2,15944
6,4259,15944,315
2,6,315,3
15944,2,3,5471
315,15944,5471,1469
3,315,1469,29
5471,3,29,165
1469,5471,165,1315
29,1469,1315,3
165,29,3,18
1315,165,18,2
3,1315,2,503
18,3,503,7008
2,18,7008,15
503,2,15,195
7008,503,195,5
15,7008,5,1763
195,15,1763,34345
5,195,34345,3
1763,5,3,13185
34345,1763,13185,1890
3,34345,1890,2295
13185,3,2295,1680
1890,13185,1680,2167
2295,1890,2167,15
1680,2295,15,41615
2167,1680,41615,1890
15,2167,1890,80
41615,15,80,28
1890,41615,28,1525
80,1890,1525,8
28,80,8,3420
1525,28,3420,778
8,1525,778,7
3420,8,7,2556
778,3420,2556,3
7,778,3,226
2556,7,226,5
3,2556,5,546
226,3,546,1689
5,226,1689,624
546,5,624,42632
1689,546,42632,9
624,1689,9,6773
42632,624,6773,1125
9,42632,1125,1907
6773,9,1907,1156
1125,6773,1156,629
1907,1125,629,28
1156,1907,28,8
629,1156,8,110
28,629,110,168
8,28,168,3537
110,8,3537,14
168,110,14,21
3537,168,21,88
14,3537,88,2707
21,14,2707,5
88,21,5,576
2707,88,576,29
5,2707,29,30
576,5,30,4109
29,576,4109,8
30,29,8,3420
4109,30,3420,137
8,4109,137,40
3420,8,40,319
137,3420,319,43
40,137,43,32446
121,42,2340,12
21,121,12,15285
2340,21,15285,79
12,2340,79,423
15285,12,423,8
79,15285,8,11
423,79,11,13
8,423,13,533
11,8,533,6
