233,58,13,103
54,233,103,205
13,54,205,3
103,13,3,1507
205,103,1507,224
109,355,2489,9
546,109,9,7953
2489,546,7953,700
9,2489,700,214
7953,9,214,1133
700,7953,1133,1469
214,700,1469,76
1133,214,76,232
1469,1133,232,5
76,1469,5,143
232,76,143,226
5,232,226,214
143,5,214,1133
226,143,1133,16
214,226,16,1678
1133,214,1678,10770
16,1133,10770,1469
1678,16,1469,171
10770,1678,171,128
1469,10770,128,44
171,1469,44,5
128,171,5,71
44,128,71,252
5,44,252,1156
71,5,1156,1896
252,71,1896,3
1156,252,3,143
1896,1156,143,226
3,1896,226,9371
143,3,9371,21193
226,143,21193,134
9371,226,134,33125
21193,9371,33125,37022
134,21193,37022,20
33125,134,20,154
37022,33125,154,2
20,37022,2,64
154,20,64,1066
2,154,1066,1896
64,2,1896,425
1066,64,425,8
1896,1066,8,11
425,1896,11,13
8,425,13,47
11,8,47,7533
13,11,7533,3
47,13,3,2
7533,47,2,1169
3,7533,1169,315
2,3,315,3
1169,2,3,862
315,1169,862,7953
3,315,7953,6006
862,3,6006,1469
7953,862,1469,6
6006,7953,6,214
1469,6006,214,1133
6,1469,1133,8
214,6,8,77
1133,214,77,18
8,1133,18,718
77,8,718,6462
18,77,6462,9
718,18,9,1048
6462,718,1048,35
9,6462,35,30
1048,9,30,380
35,1048,380,47
30,35,47,1107
380,30,1107,9
47,380,9,76
1107,47,76,60
9,1107,60,24
76,9,24,1193
60,76,1193,333
24,60,333,37
1193,24,37,740
333,1193,740,3
37,333,3,123
740,37,123,1255
3,740,1255,5
123,3,5,11309
1255,123,11309,1088
5,1255,1088,75
11309,5,75,85
1088,11309,85,4
75,1088,4,3
85,75,3,862
4,85,862,1469
3,4,1469,102
862,3,102,35
1469,862,35,5
102,1469,5,546
35,102,546,6
5,35,6,214
546,5,214,1133
6,546,1133,21193
214,6,21193,28
1133,214,28,30
21193,1133,30,219
28,21193,219,400
30,28,400,12
219,30,12,2
400,219,2,217
12,400,217,5
2,12,5,725
217,2,725,1896
5,217,1896,453
725,5,453,211
1896,725,211,15
453,1896,15,735
211,453,735,92
15,211,92,4
735,15,4,7327
92,735,7327,252
4,92,252,2
7327,4,2,149
252,7327,149,2
2,252,2,15
149,2,15,57
2,149,57,426
15,2,426,6
57,15,6,316
426,57,316,3
6,426,3,1090
316,6,1090,21193
3,316,21193,140
1090,3,140,3064
21193,1090,3064,76
140,21193,76,5
3064,140,5,1259
76,3064,1259,11
5,76,11,13
1259,5,13,495
11,1259,495,1539
13,11,1539,943
495,13,943,315
1539,495,315,455
943,1539,455,2
315,943,2,214
455,315,214,1133
2,455,1133,1469
151,2,265,162
5,151,162,12
265,5,12,298
162,265,298,3647
12,162,3647,198
298,12,198,38
3647,298,38,1195
198,3647,1195,9
38,198,9,39
1195,38,39,250
9,1195,250,1084
39,9,1084,1497
250,39,1497,470
1084,250,470,192
1497,1084,192,56
470,1497,56,5
192,470,5,2082
56,192,2082,315
5,56,315,3
2082,5,3,4752
315,2082,4752,168
3,315,168,1053
4752,3,1053,6
168,4752,6,322
1053,168,322,5
6,1053,5,2
322,6,2,63
5,322,63,71
2,5,71,2540
63,2,2540,26344
71,63,26344,2
2540,71,2,5182
26344,2540,5182,117
2,26344,117,2494
5182,2,2494,7343
117,5182,7343,6740
2494,117,6740,510
7343,2494,510,23
6740,7343,23,2
510,6740,2,265
23,510,265,369
2,23,369,1107
265,2,1107,8
369,265,8,11
1107,369,11,4
8,1107,4,22
11,8,22,135
4,11,135,1580
22,4,1580,13
135,22,13,1238
1580,135,1238,3
13,1580,3,71
1238,13,71,1222
3,1238,1222,89
71,3,89,26
1222,71,26,40
89,1222,40,514
26,89,514,198
40,26,198,12
514,40,12,1017
198,514,1017,1053
12,198,1053,8
1017,12,8,11
1053,1017,11,914
8,1053,914,863
11,8,863,200
914,11,200,14
863,914,14,12470
200,863,12470,19
14,200,19,58
12470,14,58,2047
19,12470,2047,117
58,19,117,963
2047,58,963,76514
117,2047,76514,34
963,117,34,21
76514,963,21,144
34,76514,144,3011
21,34,3011,5
144,21,5,38256
3011,144,38256,200
5,3011,200,12
38256,5,12,265
200,38256,265,1616
12,200,1616,375
265,12,375,75
1616,265,75,647
375,1616,647,4
75,375,4,86
647,75,86,52
4,647,52,53
86,4,53,7
52,86,7,64
53,52,64,105
7,53,105,2701
64,7,2701,588
105,64,588,7343
2701,105,7343,27149
588,2701,27149,1053
7343,588,1053,40
27149,7343,40,11441
1053,27149,11441,61
40,1053,61,39
11441,40,39,1084
61,11441,1084,102
39,61,102,250
1084,39,250,52
102,1084,52,133
250,102,133,1845
52,250,1845,3
133,52,3,971
1845,133,971,4
3,1845,4,3310
971,3,3310,224
4,971,224,10834
3310,4,10834,10
224,3310,10,342
10834,224,342,348
10,10834,348,286
342,10,286,764
348,342,764,2872
286,348,2872,9
764,286,9,95
2872,764,95,358
9,2872,358,7
95,9,7,117
358,95,117,5
7,358,5,860
117,7,860,647
5,117,647,7
860,5,7,3906
647,860,3906,2872
7,647,2872,3
3906,7,3,1097
2872,3906,1097,3064
3,2872,3064,5
1097,3,5,2
3064,1097,2,59286
5,3064,59286,14
2,5,14,3
59286,2,3,276
14,59286,276,71
3,14,71,252
276,3,252,375
71,276,375,8
252,71,8,2872
375,252,2872,3
8,375,3,137
2872,8,137,229
3,2872,229,1084
137,3,1084,200
229,137,200,7
1084,229,7,1310
200,1084,1310,22
7,200,22,266
1310,7,266,394
22,1310,394,307
266,22,307,750
394,266,750,1355
307,394,1355,19
750,307,19,265
1355,750,265,162
19,1355,162,211
265,19,211,7343
162,265,7343,254
211,162,254,122
7343,211,122,26
254,7343,26,144
122,254,144,200
26,122,200,26
144,26,26,34
200,144,34,1427
26,200,1427,375
34,26,375,75
1427,34,75,647
375,1427,647,6
75,375,6,11925
647,75,11925,5
6,647,5,112
11925,6,112,594
5,11925,594,1539
112,5,1539,775
594,112,775,297
1539,594,297,12
775,1539,12,1053
297,775,1053,23
12,297,23,20
1053,12,20,39301
23,1053,39301,10069
20,23,10069,24
39301,20,24,7343
10069,39301,7343,4
24,10069,4,22
7343,24,22,1580
4,7343,1580,77
22,4,77,4185
1580,22,4185,17228
77,1580,17228,265
4185,77,265,2266
17228,4185,2266,369
265,17228,369,54
2266,265,54,621
369,2266,621,298
54,369,298,1107
621,54,1107,7
298,621,7,165
1107,298,165,303
7,1107,303,3
165,7,3,803
303,165,803,4
3,303,4,106
803,3,106,12
4,803,12,200
106,4,200,12
12,106,12,429
200,12,429,331
12,200,331,9
429,12,9,300
331,429,300,12
9,331,12,7343
300,9,7343,1260
12,300,1260,4
7343,12,4,619
1260,7343,619,3
4,1260,3,4963
619,4,4963,28
3,619,28,86
4963,3,86,8
28,4963,8,200
86,28,200,40
8,86,40,17
200,8,17,1872
40,200,1872,2296
17,40,2296,4
1872,17,4,13
2296,1872,13,2129
4,2296,2129,2082
13,4,2082,23253
2129,13,23253,52
2082,2129,52,362
23253,2082,362,162
52,23253,162,8125
362,52,8125,198
162,362,198,10
8125,162,10,77
198,8125,77,6908
10,198,6908,58
77,10,58,408
6908,77,408,5
58,6908,5,106
408,58,106,816
5,408,816,3
106,5,3,862
816,106,862,1053
3,816,1053,23
862,3,23,275
1053,862,275,267
23,1053,267,253
275,23,253,40
267,275,40,21
253,267,21,18
40,253,18,3163
21,40,3163,408
18,21,408,816
3163,18,816,3
408,3163,3,7208
816,408,7208,2
3,816,2,127
7208,3,127,26612
2,7208,26612,54482
127,2,54482,77
26612,127,77,9
54482,26612,9,84
77,54482,84,117
9,77,117,61
84,9,61,17859
117,84,17859,36
61,117,36,9681
17859,61,9681,2
36,17859,2,5320
9681,36,5320,2540
2,9681,2540,4241
5320,2,4241,175
2540,5320,175,233
4241,2540,233,4
175,4241,4,39924
233,175,39924,22
4,233,22,35
39924,4,35,5
22,39924,5,637
35,22,637,16
5,35,16,71
637,5,71,11547
16,637,11547,1991
71,16,1991,3
11547,71,3,2540
1991,11547,2540,98
3,1991,98,200
2540,3,200,8
98,2540,8,77
200,98,77,4247
8,200,4247,342
77,8,342,97045
4247,77,97045,1084
342,4247,1084,893
97045,342,893,19
1084,97045,19,20
893,1084,20,233
19,893,233,23
20,19,23,20
233,20,20,532
23,233,532,6
20,23,6,60
532,20,60,34
6,532,34,48
60,6,48,29
34,60,29,1833
48,34,1833,8
29,48,8,3189
1833,29,3189,1845
8,1833,1845,7260
3189,8,7260,157
1845,3189,157,24
7260,1845,24,10
157,7260,10,767
24,157,767,395
10,24,395,10
767,10,10,2092
395,767,2092,3
10,395,3,1500
2092,10,1500,1084
3,2092,1084,4
1500,3,4,3343
1084,1500,3343,8
4,1084,8,250
3343,4,250,483
8,3343,483,61
250,8,61,10
483,250,10,342
61,483,342,348
10,61,348,285
342,10,285,71
348,342,71,28
285,348,28,10
71,285,10,115
28,71,115,96
10,28,96,61916
115,10,61916,298
96,115,298,117
61916,96,117,11274
298,61916,11274,1513
117,298,1513,742
11274,117,742,956
1513,11274,956,233
742,1513,233,3
956,742,3,514
233,956,514,198
3,233,198,1259
514,3,1259,5
198,514,5,1359
1259,198,1359,52
5,1259,52,1004
1359,5,1004,7208
52,1359,7208,2
1004,52,2,127
7208,1004,127,2540
2,7208,2540,52
127,2,52,233
2540,127,233,309
52,2540,309,3
233,52,3,163
309,233,163,63
3,309,63,435
163,3,435,6
63,163,6,235
435,63,235,281
6,435,281,205
235,6,205,19
281,235,19,12716
205,281,12716,22
19,205,22,2540
12716,19,2540,4
22,12716,4,52
2540,22,52,377
4,2540,377,25
52,4,25,1000
377,52,1000,3
25,377,3,1462
1000,25,1462,5
3,1000,5,1505
1462,3,1505,4
5,1462,4,67
1505,5,67,2611
4,1505,2611,83
67,4,83,1082
2611,67,1082,455
83,2611,455,2
1082,83,2,215
455,1082,215,2578
2,455,2578,233
215,2,233,1096
2578,215,1096,15
233,2578,15,332
1096,233,332,42
15,1096,42,5
332,15,5,43
42,332,43,34
5,42,34,17
43,5,17,621
34,43,621,95037
17,34,95037,3338
621,17,3338,4858
95037,621,4858,3246
3338,95037,3246,12
4858,3338,12,298
3246,4858,298,1521
12,3246,1521,7343
298,12,7343,251
1521,298,251,3
7343,1521,3,514
251,7343,514,198
3,251,198,12
514,3,12,200
198,514,200,122
12,198,122,254
200,12,254,11
122,200,11,40
254,122,40,165
11,254,165,106
40,11,106,9
165,40,9,10
106,165,10,12
9,106,12,429
10,9,429,25
12,10,25,1053
429,12,1053,40
25,429,40,17
1053,25,17,990
40,1053,990,3
17,40,3,155
990,17,155,52
3,990,52,816
155,3,816,394
52,155,394,20417
816,52,20417,58
394,816,58,1004
20417,394,1004,365
58,20417,365,139
1004,58,139,15
365,1004,15,252
139,365,252,864
15,139,864,8
252,15,8,2375
864,252,2375,200
8,864,200,77
2375,8,77,5421
200,2375,5421,1505
77,200,1505,26
5421,77,26,653
1505,5421,653,8
26,1505,8,52
653,26,52,250
8,653,250,2717
52,8,2717,351
250,52,351,24
2717,250,24,358
351,2717,358,74
24,351,74,5278
358,24,5278,1084
74,358,1084,10
5278,74,10,62
1084,5278,62,26
10,1084,26,50
62,10,50,718
26,62,718,6
50,26,6,99
718,50,99,236
6,718,236,4
99,6,4,26
236,99,26,4359
4,236,4359,38
26,4,38,384
4359,26,384,8
38,4359,8,1191
384,38,1191,1084
8,384,1084,855
1191,8,855,250
1084,1191,250,3
855,1084,3,358
250,855,358,4
3,250,4,10
358,3,10,132
4,358,132,123
10,4,123,447
132,10,447,5
123,132,5,41
447,123,41,1084
5,447,1084,3
41,5,3,224
1084,41,224,35071
3,1084,35071,314
224,3,314,8
35071,224,8,1084
314,35071,1084,855
8,314,855,250
1084,8,250,3
855,1084,3,2929
250,855,2929,1485
3,250,1485,4
2929,3,4,447
1485,2929,447,5
4,1485,5,475
447,4,475,1084
5,447,1084,929
475,5,929,250
1084,475,250,86
929,1084,86,3243
250,929,3243,3
86,250,3,3198
3243,86,3198,1533
3,3243,1533,4
3198,3,4,588
1533,3198,588,164
4,1533,164,117
588,4,117,1477
164,588,1477,9033
117,164,9033,11401
1477,117,11401,802
9033,1477,802,5
11401,9033,5,2266
802,11401,2266,369
5,802,369,28
2266,5,28,101286
369,2266,101286,28
28,369,28,11
101286,28,11,2347
28,101286,2347,3189
11,28,3189,34
2347,11,34,4513
3189,2347,4513,6
34,3189,6,342
4513,34,342,358
6,4513,358,122
342,6,122,2158
358,342,2158,11
122,358,11,1483
2158,122,1483,2982
11,2158,2982,250
1483,11,250,7
2982,1483,7,1095
250,2982,1095,3
7,250,3,96
1095,7,96,1310
3,1095,1310,3746
18,58,9,66
28,18,66,99
9,28,99,1220
66,9,1220,1114
99,66,1114,157
1220,99,157,29
1114,1220,29,26
157,1114,26,1361
29,157,1361,49
26,29,49,357
1361,26,357,59
49,1361,59,26
357,49,26,154
59,357,154,56
26,59,56,5
154,26,5,371
56,154,371,27
5,56,27,3754
371,5,3754,4
27,371,4,478
3754,27,478,1898
4,3754,1898,5
478,4,5,27
1898,478,27,381
5,1898,381,46
27,5,46,1065
381,27,1065,12
46,381,12,734
1065,46,734,11
12,1065,11,4
734,12,4,49
11,734,49,1043
4,11,1043,336
49,4,336,46
1043,49,46,477
336,1043,477,3
46,336,3,17
477,46,17,3822
3,477,3822,995
17,3,995,24
3822,17,24,71
995,3822,71,300
24,995,300,12
71,24,12,183
300,71,183,1073
12,300,1073,1038
183,12,1038,66
1073,183,66,404
1038,1073,404,142
66,1038,142,140
404,66,140,58
142,404,58,897
140,142,897,2712
58,140,2712,71
897,58,71,14
2712,897,14,2043
71,2712,2043,5
14,71,5,49
2043,14,49,133
5,2043,133,84
49,5,84,58
133,49,58,1361
84,133,1361,49
58,84,49,357
1361,58,357,59
49,1361,59,26
357,49,26,219
59,357,219,541
26,59,541,56
219,26,56,5
541,219,5,3801
56,541,3801,82476
5,56,82476,1768
3801,5,1768,10808
82476,3801,10808,2
1768,82476,2,4653
10808,1768,4653,99
2,10808,99,44
4653,2,44,5
99,4653,5,58
44,99,58,150
5,44,150,440
58,5,440,473
150,58,473,739
440,150,739,15
473,440,15,27
739,473,27,69
15,739,69,1996
27,15,1996,973
69,27,973,742
1996,69,742,498
973,1996,498,4
742,973,4,159
498,742,159,127
4,498,127,3098
159,4,3098,256
127,159,256,728
3098,127,728,2
256,3098,2,4
728,256,4,6412
2,728,6412,9
4,2,9,21
6412,4,21,4328
9,6412,4328,440
21,9,440,6
4328,21,6,1578
440,4328,1578,19
6,440,19,1921
1578,6,1921,1807
19,1578,1807,6765
1921,19,6765,3311
1807,1921,3311,2016
6765,1807,2016,14
3311,6765,14,5227
2016,3311,5227,45
14,2016,45,620
5227,14,620,46
45,5227,46,375
620,45,375,11
46,620,11,14
375,46,14,4914
11,375,4914,19
14,11,19,2
4914,14,2,973
19,4914,973,5302
2,19,5302,1379
973,2,1379,5627
5302,973,5627,1202
1379,5302,1202,350
5627,1379,350,3
1202,5627,3,18
350,1202,18,1453
3,350,1453,15
18,3,15,130
1453,18,130,106145
15,1453,106145,241
130,15,241,75
106145,130,75,2
241,106145,2,431
75,241,431,4696
2,75,4696,12
431,2,12,440
4696,431,440,1616
12,4696,1616,15
440,12,15,2068
1616,440,2068,374
15,1616,374,2768
2068,15,2768,2
374,2068,2,2538
2768,374,2538,251
2,2768,251,106
2538,2,106,126
251,2538,126,2044
106,251,2044,295
126,106,295,3783
2044,126,3783,23
295,2044,23,190
3783,295,190,173
23,3783,173,964
190,23,964,2501
173,190,2501,1039
964,173,1039,14
2501,964,14,12
1039,2501,12,2643
14,1039,2643,1862
12,14,1862,119
2643,12,119,45
1862,2643,45,16
119,1862,16,282
45,119,282,65
16,45,65,98
282,16,98,15520
65,282,15520,19
98,65,19,1571
15520,98,1571,681
19,15520,681,75
1571,19,75,681
681,1571,681,3456
75,681,3456,6
681,75,6,88
3456,681,88,985
6,3456,985,829
88,6,829,167
985,88,167,12
829,985,12,43
167,829,43,3599
12,167,3599,6
43,12,6,50931
3599,43,50931,2
6,3599,2,534
50931,6,534,406
2,50931,406,130
534,2,130,804
406,534,804,5634
130,406,5634,12
804,130,12,180
5634,804,180,734
12,5634,734,8
180,12,8,33
734,180,33,179
8,734,179,490
33,8,490,9
179,33,9,51
490,179,51,33
9,490,33,14
51,9,14,6
33,51,6,290
14,33,290,8
6,14,8,112
290,6,112,357
8,290,357,7
112,8,7,112
357,112,112,2286
7,357,2286,4
112,7,4,33
2286,112,33,25
4,2286,25,51
33,4,51,33
25,33,33,44
51,25,44,4
33,51,4,319
44,33,319,112
4,44,112,627
319,4,627,8
112,319,8,33
627,112,33,2243
8,627,2243,45
33,8,45,15
2243,33,15,1036
45,2243,1036,3801
15,45,3801,28
1036,15,28,26
3801,1036,26,2678
28,3801,2678,4
26,28,4,822
2678,26,822,180
4,2678,180,734
822,4,734,4
180,822,4,1493
734,180,1493,6
4,734,6,38
1493,4,38,814
6,1493,814,290
38,6,290,8
814,38,8,7
290,814,7,2
8,290,2,2169
7,8,2169,8
2,7,8,7
2169,2,7,218
8,2169,218,3
7,8,3,862
218,7,862,525
3,218,525,3
862,3,3,67
525,862,67,12
3,525,12,4
67,3,4,30
12,67,30,147
4,12,147,3
30,4,3,862
147,30,862,95
3,147,95,2169
862,3,2169,12
95,862,12,3
2169,95,3,90
12,2169,90,1207
3,12,1207,3
90,3,3,663
1207,90,663,87
3,1207,87,30
663,3,30,14
87,663,14,67
30,87,67,397
14,30,397,6
67,14,6,20
397,67,20,226
6,397,226,3
20,6,3,116
226,20,116,8
3,226,8,86
116,3,86,1194
8,116,1194,3
86,8,3,112
1194,86,112,3407
3,1194,3407,7
112,3,7,1594
3407,112,1594,5
7,3407,5,112
1594,7,112,1605
5,1594,1605,4
112,5,4,112
1605,112,112,3097
4,1605,3097,3
112,4,3,179
3097,112,179,9
3,3097,9,98726
179,3,98726,4
9,179,4,7
