4178,1270,931,510
1460,4178,510,1935
931,1460,1935,5
510,931,5,4
1935,510,4,11241
5,1935,11241,369
4,5,369,317
11241,4,317,34
369,11241,34,609
317,369,609,89
34,317,89,3
609,34,3,459
89,609,459,246
3,89,246,8
459,3,8,77
246,459,77,1409
8,246,1409,17
77,8,17,5660
1409,77,5660,3
17,1409,3,4
5660,17,4,158
3,5660,158,127
4,3,127,69
158,4,69,4
127,158,4,1337
69,127,1337,11
4,69,11,7
1337,4,7,12
11,1337,12,1562
7,11,1562,15
12,7,15,35
1562,12,35,240
15,1562,240,3
35,15,3,2925
240,35,2925,510
3,240,510,2
2925,3,2,1272
510,2925,1272,6
2,510,6,132
1272,2,132,413
6,1272,413,673
132,6,673,117
413,132,117,3635
673,413,3635,2230
117,673,2230,13
3635,117,13,28
2230,3635,28,1239
13,2230,1239,96
28,13,96,2
1239,28,2,335
96,1239,335,37
2,96,37,2
335,2,2,127
37,335,127,296
2,37,296,1119
127,2,1119,850
296,127,850,2
1119,296,2,595
850,1119,595,1272
2,850,1272,77
595,2,77,744
1272,595,744,12
77,1272,12,2230
744,77,2230,238
12,744,238,188
2230,12,188,2120
238,2230,2120,78
188,238,78,32
2120,188,32,1371
78,2120,1371,49
32,78,49,127
1371,32,127,1272
49,1371,1272,540
127,49,540,1063
1272,127,1063,168
540,1272,168,2
1063,540,2,339
168,1063,339,519
2,168,519,12
339,2,12,338
519,339,338,152
12,519,152,11
338,12,11,218
152,338,218,3
11,152,3,17
218,11,17,1050
3,218,1050,2476
17,3,2476,1158
1050,17,1158,223
2476,1050,223,451
1158,2476,451,135
223,1158,135,127
451,223,127,94
135,451,94,117
127,135,117,1025
94,127,1025,305
117,94,305,510
1025,117,510,22
305,1025,22,1272
510,305,1272,9
22,510,9,711
1272,22,711,12
9,1272,12,473
711,9,473,1063
12,711,1063,2
473,12,2,44
1063,473,44,75
2,1063,75,78
44,2,78,32
75,44,32,15
78,75,15,2
32,78,2,712
15,32,712,6
2,15,6,410
712,2,410,11
6,712,11,2
410,6,2,58
11,410,58,1324
2,11,1324,883
58,2,883,24
1324,58,24,410
883,1324,410,31
24,883,31,3740
410,24,3740,79
31,410,79,266
3740,31,266,6
79,3740,6,12
266,79,12,142
6,266,142,5
12,6,5,1761
142,12,1761,97
5,142,97,8804
1761,5,8804,29
97,1761,29,22
8804,97,22,144
29,8804,144,5
22,29,5,2413
144,22,2413,487
5,144,487,683
2413,5,683,54
487,2413,54,893
683,487,893,265
54,683,265,29
893,54,29,13
265,893,13,6865
29,265,6865,6
13,29,6,111
6865,13,111,13
6,6865,13,186
111,6,186,76
13,111,76,6
186,13,6,22
76,186,22,97
6,76,97,3
22,6,3,67
97,22,67,12
3,97,12,22
67,3,22,1684
12,67,1684,3136
22,12,3136,5812
1684,22,5812,2
3136,1684,2,31153
5812,3136,31153,159
2,5812,159,498
31153,2,498,4
159,31153,4,387
498,159,387,5
4,498,5,3942
387,4,3942,1374
5,387,1374,28
3942,5,28,11
1374,3942,11,438
28,1374,438,9
11,28,9,63
438,11,63,12
9,438,12,429
63,9,429,1063
12,63,1063,2
429,12,2,2
1063,429,2,162
2,1063,162,29
2,2,29,22
162,2,22,2477
29,162,2477,28
22,29,28,69
2477,22,69,7
28,2477,7,165
69,28,165,6
7,69,6,127
165,7,127,11241
6,165,11241,369
127,6,369,695
11241,127,695,1697
369,11241,1697,4606
695,369,4606,159
1697,695,159,135
4606,1697,135,387
159,4606,387,24
135,159,24,1117
387,135,1117,7
24,387,7,5950
1117,24,5950,2
7,1117,2,127
5950,7,127,296
2,5950,296,6
127,2,6,1001
296,127,1001,11
6,296,11,134
1001,6,134,3755
11,1001,3755,8
134,11,8,22
3755,134,22,97
8,3755,97,13
22,8,13,21
97,22,21,1065
13,97,1065,12
21,13,12,119
1065,21,119,3309
12,1065,3309,114
119,12,114,6
3309,119,6,268
114,3309,268,85
6,114,85,823
268,6,823,63
85,268,63,1140
823,85,1140,927
63,823,927,13
1140,63,13,1944
927,1140,1944,126
13,927,126,146
1944,13,146,6871
126,1944,6871,1272
146,126,1272,9
6871,146,9,2702
1272,6871,2702,266
9,1272,266,6
2702,9,6,4
266,2702,4,2
6,266,2,159
4,6,159,387
2,4,387,508
159,2,508,9
387,159,9,22
508,387,22,238
9,508,238,188
22,9,188,4
238,22,4,150
188,238,150,214
4,188,214,5688
150,4,5688,927
214,150,927,146
5688,214,146,1701
927,5688,1701,12
146,927,12,736
1701,146,736,62
12,1701,62,644
736,12,644,4
62,736,4,28
644,62,28,11
4,644,11,113
28,4,113,11
11,28,11,96
113,11,96,2
11,113,2,201
96,11,201,63
2,96,63,39
201,2,39,1369
63,201,1369,636
39,63,636,1079
1369,39,1079,891
636,1369,891,13
1079,636,13,739
891,1079,739,2
13,891,2,952
739,13,952,5
2,739,5,879
952,2,879,1040
5,952,1040,6
879,5,6,39
1040,879,39,632
6,1040,632,3
39,6,3,930
632,39,930,127
3,632,127,538
930,3,538,1275
127,930,1275,41
538,127,41,2707
1275,538,2707,631
41,1275,631,37
2707,41,37,150
631,2707,150,139
37,631,139,4
150,37,4,470
139,150,470,56
4,139,56,423
470,4,423,12
56,470,12,350
423,56,350,1597
12,423,1597,185
350,12,185,964
1597,350,964,457
185,1597,457,688
964,185,688,2
457,964,2,159
688,457,159,823
2,688,823,127
159,2,127,94
823,159,94,4
127,823,4,10537
94,127,10537,222
4,94,222,779
10537,4,779,3587
222,10537,3587,44
779,222,44,11
3587,779,11,1634
44,3587,1634,22
11,44,22,1244
1634,11,1244,555
22,1634,555,9
1244,22,9,2
555,1244,2,451
9,555,451,127
2,9,127,296
451,2,296,29
127,451,29,7
296,127,7,21
29,296,21,1065
7,29,1065,12
21,7,12,10
1065,21,10,117
12,1065,117,866
10,12,866,457
117,10,457,2204
866,117,2204,510
457,866,510,22
2204,457,22,127
510,2204,127,1272
22,510,1272,12
127,22,12,298
1272,127,298,1063
12,1272,1063,23
298,12,23,2
1063,298,2,712
23,1063,712,6
2,23,6,9073
712,2,9073,1854
6,712,1854,1761
9073,6,1761,97
1854,9073,97,1954
1761,1854,1954,584
97,1761,584,34
1954,97,34,18
584,1954,18,3
34,584,3,16
18,34,16,1011
3,18,1011,4531
16,3,4531,8
1011,16,8,364
4531,1011,364,300
8,4531,300,12
364,8,12,658
300,364,658,101
12,300,101,2
658,12,2,17456
101,658,17456,1674
2,101,1674,4
17456,2,4,22
1674,17456,22,3181
4,1674,3181,8
22,4,8,172
3181,22,172,1033
8,3181,1033,158
172,8,158,659
1033,172,659,3
158,1033,3,233
659,158,233,37
3,659,37,1640
233,3,1640,598
37,233,598,117
1640,37,117,638
598,1640,638,193
117,598,193,510
638,117,510,22
193,638,22,127
510,193,127,1272
22,510,1272,12
127,22,12,473
1272,127,473,647
12,1272,647,6
473,12,6,2
647,473,2,381
6,647,381,23
2,6,23,1556
381,2,1556,393
23,381,393,6810
1556,23,6810,58
393,1556,58,4
6810,393,4,1761
58,6810,1761,97
4,58,97,7267
1761,4,7267,7
97,1761,7,1050
7267,97,1050,2
7,7267,2,9013
1050,7,9013,16289
2,1050,16289,4
9013,2,4,1942
16289,9013,1942,629
4,16289,629,11
1942,4,11,7
629,1942,7,325
11,629,325,508
7,11,508,6
325,7,6,265
508,325,265,9
6,508,9,22
265,6,22,5371
9,265,5371,4953
22,9,4953,74
5371,22,74,8781
4953,5371,8781,887
74,4953,887,162
8781,74,162,1656
887,8781,1656,3054
162,887,3054,159
1656,162,159,1979
3054,1656,1979,498
159,3054,498,307
1979,159,307,2
498,1979,2,27600
307,498,27600,105
2,307,105,339
27600,2,339,6
105,27600,6,355
339,105,355,6
6,339,6,11439
355,6,11439,15
6,355,15,1134
11439,6,1134,3
15,11439,3,39
1134,15,39,632
3,1134,632,11
39,3,11,68
632,39,68,1676
11,632,1676,2
68,11,2,135
1676,68,135,97
2,1676,97,343
135,2,343,6
97,135,6,413
343,97,413,673
6,343,673,54
413,6,54,514
673,413,514,99
54,673,99,1423
514,54,1423,289
99,514,289,58
1423,99,58,1987
289,1423,1987,2526
58,289,2526,159
1987,58,159,598
2526,1987,598,498
159,2526,498,510
598,159,510,6
498,598,6,8
510,498,8,11
6,510,11,40
8,6,40,21
11,8,21,17
40,11,17,1279
21,40,1279,2000
17,21,2000,719
1279,17,719,3
2000,1279,3,3091
719,2000,3091,8
3,719,8,11
3091,3,11,230
8,3091,230,2736
11,8,2736,2
230,11,2,373
2736,230,373,119
2,2736,119,111
373,2,111,1272
119,373,1272,159
111,119,159,1331
1272,111,1331,117
159,1272,117,1987
1331,159,1987,3069
117,1331,3069,2
1987,117,2,338
3069,1987,338,222
2,3069,222,726
338,2,726,1491
222,338,1491,690
726,222,690,22
1491,726,22,7106
690,1491,7106,567
22,690,567,6
7106,22,6,499
567,7106,499,431
6,567,431,128
499,6,128,60
431,499,60,56
128,431,56,4
60,128,4,13
56,60,13,146
4,56,146,1413
13,4,1413,644
146,13,644,3
1413,146,3,341
644,1413,341,360
3,644,360,35
341,3,35,211
360,341,211,452
35,360,452,4
211,35,4,413
452,211,413,673
4,452,673,105
413,4,105,2048
673,413,2048,913
105,673,913,39
2048,105,39,249
913,2048,249,636
39,913,636,2028
249,39,2028,5063
636,249,5063,3
2028,636,3,4112
5063,2028,4112,3
3,5063,3,78
4112,3,78,32
3,4112,32,296
78,3,296,6
32,78,6,6422
296,32,6422,53
6,296,53,40
6422,6,40,17
53,6422,17,968
40,53,968,6
17,40,6,237
968,17,237,9
6,968,9,103
237,6,103,162
9,237,162,24
103,9,24,1624
162,103,1624,35
24,162,35,199
1624,24,199,835
35,1624,835,305
199,35,305,69
835,199,69,7657
305,835,7657,13
69,305,13,914
7657,69,914,459
13,7657,459,22
914,13,22,2812
459,914,2812,6
22,459,6,97
2812,22,97,6398
6,2812,6398,89
97,6,89,79
6398,97,79,172
89,6398,172,566
79,89,566,6
172,79,6,1506
566,172,1506,237
6,566,237,9
1506,6,9,202
237,1506,202,499
9,237,499,29
202,9,29,12857
499,202,12857,8
29,499,8,1969
12857,29,1969,168
8,12857,168,90
1969,8,90,69
168,1969,69,7657
90,168,7657,3
69,90,3,154
7657,69,154,77
3,7657,77,17
154,3,17,2
77,154,2,567
17,77,567,193
2,17,193,1260
567,2,1260,459
193,567,459,22
1260,193,22,217
459,1260,217,223
22,459,223,1761
217,22,1761,97
223,217,97,2512
1761,223,2512,29
97,1761,29,11
2512,97,11,13
29,2512,13,1407
11,29,1407,334
13,11,334,4390
1407,13,4390,2322
334,1407,2322,223
4390,334,223,1761
2322,4390,1761,97
223,2322,97,267
1761,223,267,193
97,1761,193,4
267,97,4,1542
193,267,1542,807
4,193,807,9
1542,4,9,172
807,1542,172,182
9,807,182,23
172,9,23,305
182,172,305,663
23,182,663,23
305,23,23,457
663,305,457,4
23,663,4,189
457,23,189,15
4,457,15,798
189,4,798,6
15,189,6,795
798,15,795,4468
6,798,4468,6
795,6,6,2
4468,795,2,647
6,4468,647,5002
2,6,5002,199
647,2,199,193
5002,647,193,13
199,5002,13,72
193,199,72,223
13,193,223,1761
72,13,1761,97
223,72,97,2512
1761,223,2512,1542
97,1761,1542,13
2512,97,13,193
1542,2512,193,4
13,1542,4,1542
193,13,1542,1761
4,193,1761,97
1542,4,97,1594
1761,1542,1594,313
97,1761,313,3
1594,97,3,798
313,1594,798,12
3,313,12,38
798,3,38,4147
12,798,4147,2
38,12,2,571
4147,38,571,195
2,4147,195,714
571,2,714,27588
195,571,27588,19
714,195,19,38
27588,714,38,3324
19,27588,3324,524
38,19,524,12
3324,38,12,71
524,3324,71,283
12,524,283,299
71,12,299,5982
283,71,5982,6
299,283,6,265
5982,299,265,4
6,5982,4,1147
265,6,1147,139
4,265,139,6
1147,4,6,1267
139,1147,1267,5137
6,139,5137,5
1267,6,5,1761
5137,1267,1761,97
5,5137,97,58
1761,5,58,251
97,1761,251,193
58,97,193,2933
251,58,2933,195
193,251,195,6
2933,193,6,662
195,2933,662,44
6,195,44,1542
662,6,1542,7
44,662,7,199
1542,44,199,346
7,1542,346,334
199,7,334,527
346,199,527,5
334,346,5,4
527,334,4,1260
5,527,1260,6163
4,5,6163,9
1260,4,9,457
6163,1260,457,6
9,6163,6,257
457,9,257,58
6,457,58,137
257,6,137,189
58,257,189,2
137,58,2,325
189,137,325,451
2,189,451,94
325,2,94,3
451,325,3,2642
94,451,2642,61
3,94,61,102
2642,3,102,135
61,2642,135,287
102,61,287,6
135,102,6,29
287,135,29,6
6,287,6,4788
29,6,4788,257
6,29,257,85
4788,6,85,4474
257,4788,4474,102
85,257,102,32
4474,85,32,189
102,4474,189,1455
32,102,1455,19
189,32,19,2
1455,189,2,529
19,1455,529,1381
2,19,1381,2
529,2,2,25
1381,529,25,332
2,1381,332,5
25,2,5,57
332,25,57,80
5,332,80,58
57,5,58,3481
80,57,3481,960
58,80,960,990
3481,58,990,3
960,3481,3,296
990,960,296,78
3,990,78,32
296,3,32,630
78,296,630,285
32,78,285,1025
630,32,1025,305
285,630,305,4535
1025,285,4535,325
305,1025,325,102
4535,305,102,159
325,4535,159,99
102,325,99,1220
159,102,1220,5522
99,159,5522,32
1220,99,32,19
5522,1220,19,173
32,5522,173,3
19,32,3,189
173,19,189,1455
3,173,1455,32
189,3,32,19
1455,189,19,173
32,1455,173,3
19,32,3,891
173,19,891,4
3,173,4,457
891,3,457,848
4,891,848,173
457,4,173,405
848,457,405,32
173,848,32,332
405,173,332,1528
32,405,1528,61
332,32,61,3
1528,332,3,32
61,1528,32,2071
3,61,2071,1542
32,3,1542,931
2071,32,931,4
1542,2071,4,193
931,1542,193,332
4,931,332,1455
193,4,1455,32
332,193,32,19
1455,332,19,41
32,1455,41,65
19,32,65,173
41,19,173,32
65,41,32,873
173,65,873,49
32,173,49,1401
873,32,1401,9
49,873,9,135
1401,49,135,499
9,1401,499,9
135,9,9,63
499,135,63,15
9,499,15,2
63,9,2,2471
15,63,2471,339
2,15,339,4
2471,2,4,7803
339,2471,7803,704
4,339,704,1295
7803,4,1295,3
704,7803,3,452
1295,704,452,4
3,1295,4,39
452,3,39,632
4,452,632,49
39,4,49,69
632,39,69,870
49,632,870,6
69,49,6,4
870,69,4,1581
6,870,1581,571
4,6,571,423
1581,4,423,223
571,1581,223,162
423,571,162,2825
223,423,2825,557
162,223,557,6
2825,162,6,162
557,2825,162,4
6,557,4,8051
162,6,8051,679
4,162,679,144
8051,4,144,49
679,8051,49,1506
144,679,1506,142
49,144,142,159
1506,49,159,269
142,1506,269,5
159,142,5,35
269,159,35,74
5,269,74,823
35,5,823,63
74,35,63,1140
823,74,1140,927
63,823,927,1384
1140,63,1384,387
927,1140,387,494
1384,927,494,145
387,1384,145,159
494,387,159,1117
145,494,1117,387
159,145,387,1697
1117,159,1697,4606
387,1117,4606,159
1697,387,159,3942
4606,1697,3942,1374
159,4606,1374,498
3942,159,498,3136
1374,3942,3136,5812
498,1374,5812,4
3136,498,4,159
5812,3136,159,1979
4,5812,1979,498
159,4,498,1656
1979,159,1656,3054
498,1979,3054,32
1656,498,32,7
3054,1656,7,68
32,3054,68,373
7,32,373,655
68,7,655,5
373,68,5,72
655,373,72,74
5,655,74,727
72,5,727,5
74,72,5,162
727,74,162,31
5,727,31,2351
162,5,2351,480
31,162,480,765
2351,31,765,9
480,2351,9,499
765,480,499,48
9,765,48,134
499,9,134,32
48,499,32,7
134,48,7,99
32,134,99,36
7,32,36,373
99,7,373,655
36,99,655,5
373,36,5,5
655,373,5,595
5,655,595,135
5,5,135,1606
595,5,1606,1697
135,595,1697,4606
1606,135,4606,7
1697,1606,7,234
4606,1697,234,845
7,4606,845,3
234,7,3,2983
845,234,2983,4
3,845,4,631
2983,3,631,15
4,2983,15,41
631,4,41,45
15,631,45,6
41,15,6,541
45,41,541,205
6,45,205,2
541,6,2,7
205,541,7,516
2,205,516,229
7,2,229,36
516,7,36,21
229,516,21,3
36,229,3,296
21,36,296,1140
3,21,1140,927
296,3,927,8
1140,296,8,2
927,1140,2,347
8,927,347,520
2,8,520,335
347,2,335,8
520,347,8,7
335,520,7,569
8,335,569,110
7,8,110,3
569,7,3,96
110,569,96,1119
3,110,1119,23
96,3,23,117
1119,96,117,5
23,1119,5,1308
117,23,1308,1656
5,117,1656,3054
1308,5,3054,7
1656,1308,7,821
3054,1656,821,47
7,3054,47,131
821,7,131,1397
47,821,1397,2
131,47,2,7
1397,131,7,1636
2,1397,1636,231
7,2,231,133
1636,7,133,19
231,1636,19,2
133,231,2,217
19,133,217,5
2,19,5,45
217,2,45,31
5,217,31,3125
45,5,3125,285
31,45,285,4
3125,31,4,285
285,3125,285,4
4,285,4,285
285,4,285,38
4,285,38,478
285,4,478,9
38,285,9,502
478,38,502,148
9,478,148,42
502,9,42,285
148,502,285,2
42,148,2,2
285,42,2,133
2,285,133,4
2,2,4,68
133,2,68,9
4,133,9,39
68,4,39,792
9,68,792,3
39,9,3,93
792,39,93,95
3,792,95,148
93,3,148,42
95,93,42,2597
148,95,2597,1422
42,148,1422,7
2597,42,7,569
1422,2597,569,21
7,1422,21,438
569,7,438,9
21,569,9,18764
438,21,18764,25
9,438,25,93
18764,9,93,31
25,18764,31,863
93,25,863,104
31,93,104,1676
863,31,1676,36
104,863,36,51
1676,104,51,26
36,1676,26,415
51,36,415,37
26,51,37,7
415,26,7,113
37,415,113,53
7,37,53,72
113,7,72,359
53,113,359,5
72,53,5,2
359,72,2,2134
5,359,2134,108
2,5,108,56
2134,2,56,53
108,2134,53,4346
