297,6,4,210
19,297,210,3131
4,19,3131,158
210,4,158,50
3131,210,50,3132
158,3131,3132,21
50,158,21,3
3132,50,3,995
21,3132,995,2629
3,21,2629,2108
995,3,2108,439
2629,995,439,15
2108,2629,15,1438
439,2108,1438,838
15,439,838,566
1438,15,566,57
838,1438,57,70
566,838,70,82
57,566,82,258
70,57,258,2423
82,70,2423,2
258,82,2,7432
2423,258,7432,163
2,2423,163,2108
7432,2,2108,4
163,7432,4,190
2108,163,190,1811
4,2108,1811,224
190,4,224,82
1811,190,82,4
224,1811,4,2
82,224,2,2621
4,82,2621,722
2,4,722,163
2621,2,163,1305
722,2621,1305,18
163,722,18,210
1305,163,210,170
18,1305,170,20
210,18,20,7
170,210,7,86
20,170,86,8
7,20,8,30
86,7,30,116
8,86,116,5
30,8,5,170
116,30,170,7226
5,116,7226,5
170,5,5,589
7226,170,589,5
5,7226,5,215
589,5,215,2976
5,589,2976,4
215,5,4,57
2976,215,57,163
4,2976,163,16
57,4,16,2518
163,57,2518,1127
16,163,1127,2797
2518,16,2797,1784
1127,2518,1784,42847
2797,1127,42847,32733
1784,2797,32733,425
42847,1784,425,537
32733,42847,537,75
425,32733,75,7278
537,425,7278,159
75,537,159,467
7278,75,467,35
159,7278,35,423
467,159,423,184
35,467,184,3
423,35,3,10881
184,423,10881,3152
3,184,3152,537
10881,3,537,16
3152,10881,16,5
537,3152,5,709
16,537,709,3328
5,16,3328,4
709,5,4,16
3328,709,16,19
4,3328,19,64
16,4,64,242
19,16,242,4
64,19,4,3279
242,64,3279,1146
4,242,1146,1127
3279,4,1127,163
1146,3279,163,18
1127,1146,18,425
163,1127,425,709
18,163,709,4
425,18,4,80
709,425,80,70
4,709,70,2763
80,4,2763,293
70,80,293,7125
2763,70,7125,4
293,2763,4,686
7125,293,686,6821
4,7125,6821,170
686,4,170,124
6821,686,124,608
170,6821,608,11738
124,170,11738,178
608,124,178,537
11738,608,537,16
178,11738,16,6
537,178,6,177
16,537,177,118
6,16,118,8328
177,6,8328,19
118,177,19,2121
8328,118,2121,92
19,8328,92,43
2121,19,43,4398
92,2121,4398,1148
43,92,1148,50
4398,43,50,68
1148,4398,68,1992
50,1148,1992,8893
68,50,8893,24
1992,68,24,3745
8893,1992,3745,7
24,8893,7,418
3745,24,418,6
7,3745,6,20
418,7,20,187
6,418,187,184
20,6,184,3
187,20,3,181
184,187,181,45150
3,184,45150,1127
181,3,1127,1784
45150,181,1784,178
1127,45150,178,537
1784,1127,537,50
178,1784,50,1658
537,178,1658,3
50,537,3,293
1658,50,293,19
3,1658,19,902
293,3,902,1129
19,293,1129,156
902,19,156,366
1129,902,366,370
156,1129,370,285
366,156,285,18
370,366,18,5244
285,370,5244,1075
18,285,1075,124
5244,18,124,4
1075,5244,4,3068
124,1075,3068,1127
4,124,1127,158
3068,4,158,644
1127,3068,644,35
158,1127,35,8
644,158,8,725
35,644,725,368
8,35,368,925
725,8,925,445
368,725,445,137
925,368,137,43
445,925,43,2590
137,445,2590,2845
43,137,2845,74
2590,43,74,37506
2845,2590,37506,418
74,2845,418,4
37506,74,4,3780
418,37506,3780,537
4,418,537,4
3780,4,4,956
537,3780,956,28
4,537,28,9
956,4,9,81
28,956,81,1784
9,28,1784,30
81,9,30,1939
1784,81,1939,366
30,1784,366,293
1939,30,293,1145
366,1939,1145,16
293,366,16,80
1145,293,80,8328
16,1145,8328,19
80,16,19,43
8328,80,43,1706
19,8328,1706,3
43,19,3,1081
1706,43,1081,2874
3,1706,2874,6
1081,3,6,278
2874,1081,278,4
6,2874,4,426
278,6,426,2917
4,278,2917,3
426,4,3,151
2917,426,151,6
3,2917,6,1127
151,3,1127,1784
6,151,1784,425
1127,6,425,26
1784,1127,26,100
425,1784,100,2302
26,425,2302,643
100,26,643,83
2302,100,83,902
643,2302,902,4654
83,643,4654,388
902,83,388,6153
4654,902,6153,151
388,4654,151,386
6153,388,386,2574
151,6153,2574,2710
386,151,2710,8
2574,386,8,66
2710,2574,66,8
8,2710,8,103
66,8,103,1149
8,66,1149,1129
103,8,1129,388
1149,103,388,6153
1129,1149,6153,1809
388,1129,1809,50
6153,388,50,350
1809,6153,350,83
50,1809,83,15
350,50,15,6776
83,350,6776,11024
15,83,11024,92
6776,15,92,5
11024,6776,5,386
92,11024,386,228
5,92,228,12
386,5,12,701
228,386,701,195
12,228,195,3
701,12,3,366
195,701,366,2806
3,195,2806,29
366,3,29,64
2806,366,64,411
29,2806,411,367
64,29,367,324
411,64,324,1784
367,411,1784,32733
324,367,32733,68
1784,324,68,908
32733,1784,908,6661
68,32733,6661,5
908,68,5,1172
6661,908,1172,2576
5,6661,2576,3
1172,5,3,28
2576,1172,28,6
3,2576,6,7
28,3,7,6785
6,28,6785,4
7,6,4,57
6785,7,57,559
4,6785,559,170
57,4,170,104
559,57,104,359
170,559,359,5
104,170,5,181
359,104,181,99
5,359,99,2019
181,5,2019,557
99,181,557,103
2019,99,103,66
557,2019,66,404
103,557,404,26
66,103,26,380
404,66,380,47
26,404,47,1138
380,26,1138,17168
47,380,17168,10
1138,47,10,86
17168,1138,86,644
10,17168,644,15
86,10,15,78
644,86,78,32
15,644,32,125
78,15,125,2280
32,78,2280,1992
125,32,1992,6899
2280,125,6899,709
1992,2280,709,1213
6899,1992,1213,715
709,6899,715,293
1213,709,293,8
715,1213,8,882
293,715,882,55
8,293,55,26102
882,8,26102,104
55,882,104,181
26102,55,181,2121
104,26102,2121,722
181,104,722,163
2121,181,163,2108
722,2121,2108,18
163,722,18,47
2108,163,47,6559
18,2108,6559,620
47,18,620,1438
6559,47,1438,9
620,6559,9,205
1438,620,205,84
9,1438,84,261
205,9,261,386
84,205,386,1727
261,84,1727,1185
386,261,1185,1032
1727,386,1032,624
1185,1727,624,14
1032,1185,14,8962
624,1032,8962,6
14,624,6,1222
8962,14,1222,1127
6,8962,1127,792
1222,6,792,3
1127,1222,3,116
792,1127,116,112
3,792,112,236
116,3,236,59
112,116,59,331
236,112,331,3
59,236,3,1711
331,59,1711,925
3,331,925,56
1711,3,56,70
925,1711,70,158
56,925,158,31
70,56,31,68
158,70,68,1733
31,158,1733,604
68,31,604,1405
1733,68,1405,6
604,1733,6,1185
1405,604,1185,82
6,1405,82,408
1185,6,408,5
82,1185,5,54
408,82,54,16
5,408,16,2374
54,5,2374,3
16,54,3,2382
2374,16,2382,151
3,2374,151,82
2382,3,82,1507
151,2382,1507,5
82,151,5,163
1507,82,163,6
5,1507,6,1837
163,5,1837,386
6,163,386,48
1837,6,48,5
386,1837,5,104
48,386,104,559
5,48,559,24
104,5,24,1405
559,104,1405,1563
24,559,1563,3
1405,24,3,2121
1563,1405,2121,925
3,1563,925,3237
2121,3,3237,18
925,2121,18,6166
3237,925,6166,15
18,3237,15,2
6166,18,2,3384
15,6166,3384,92
2,15,92,5683
3384,2,5683,12
92,3384,12,2121
5683,92,2121,152
12,5683,152,32
2121,12,32,14
152,2121,14,11605
32,152,11605,49
14,32,49,69
11605,14,69,802
49,11605,802,6
69,49,6,1353
802,69,1353,9
6,802,9,1020
1353,6,1020,12
9,1353,12,709
1020,9,709,1213
12,1020,1213,87
709,12,87,26
1213,709,26,16
87,1213,16,1930
26,87,1930,9651
16,26,9651,554
1930,16,554,4
9651,1930,4,9480
554,9651,9480,144
4,554,144,3
9480,4,3,2407
144,9480,2407,4
3,144,4,57
2407,3,57,1277
4,2407,1277,2292
57,4,2292,151
1277,57,151,6
2292,1277,6,818
151,2292,818,709
6,151,709,92
818,6,92,158
709,818,158,814
92,709,814,4612
158,92,4612,181
814,158,181,13
4612,814,13,1928
181,4612,1928,74
13,181,74,169
1928,13,169,3
74,1928,3,32
169,74,32,479
466,12,2,43
736,466,43,1619
2,736,1619,489
43,2,489,5465
1619,43,5465,3530
489,1619,3530,14814
5465,489,14814,2
3530,5465,2,669
14814,3530,669,195
2,14814,195,6
669,2,6,293
195,669,293,894
6,195,894,43
293,6,43,44
894,293,44,10
43,894,10,803
44,43,803,528
10,44,528,60033
803,10,60033,38445
528,803,38445,7
60033,528,7,99
38445,60033,99,60
7,38445,60,14814
99,7,14814,13
60,99,13,47
14814,60,47,425
13,14814,425,550
47,13,550,46
425,47,46,286
550,425,286,43
46,550,43,92
286,46,92,13
43,286,13,1992
92,43,1992,6875
13,92,6875,22
1992,13,22,59482
6875,1992,59482,52
22,6875,52,2
59482,22,2,313
52,59482,313,253
2,52,253,14814
313,2,14814,7
253,313,7,550
14814,253,550,20
7,14814,20,34
550,7,34,17
20,550,17,321
34,20,321,190
17,34,190,1430
321,17,1430,6
190,321,6,54
1430,190,54,293
6,1430,293,64
54,6,64,158
293,54,158,13
64,293,13,47
158,64,47,489
13,158,489,6
47,13,6,1206
489,47,1206,5
6,489,5,128
1206,6,128,66
5,1206,66,9
128,5,9,482
66,128,482,2
9,66,2,43
482,9,43,1619
2,482,1619,489
43,2,489,64075
1619,43,64075,9876
489,1619,9876,27048
64075,489,27048,140
9876,64075,140,1628
27048,9876,1628,2
140,27048,2,151
1628,140,151,64
2,1628,64,218
151,2,218,2
64,151,2,1420
218,64,1420,8
2,218,8,39
1420,2,39,1788
8,1420,1788,132
39,8,132,1283
1788,39,1283,24
132,1788,24,3535
1283,132,3535,315
24,1283,315,102
3535,24,102,3288
315,3535,3288,6
102,315,6,54
3288,102,54,151
6,3288,151,819
54,6,819,3
151,54,3,689
819,151,689,42
3,819,42,99077
689,3,99077,75
42,689,75,6125
99077,42,6125,2804
75,99077,2804,3702
6125,75,3702,4
2804,6125,4,21256
3702,2804,21256,27078
4,3702,27078,75
21256,4,75,47802
27078,21256,47802,76
75,27078,76,672
47802,75,672,11489
76,47802,11489,383
672,76,383,20
11489,672,20,48
383,11489,48,9228
20,383,9228,142
48,20,142,3
9228,48,3,2
142,9228,2,6043
3,142,6043,463
2,3,463,12031
6043,2,12031,129
463,6043,129,5
12031,463,5,3288
129,12031,3288,64
5,129,64,84
3288,5,84,35050
64,3288,35050,51
84,64,51,340
35050,84,340,110
51,35050,110,12
340,51,12,164
110,340,164,206
12,110,206,7
164,12,7,43
206,164,43,936
7,206,936,25
43,7,25,90
936,43,90,293
25,936,293,5746
90,25,5746,122
293,90,122,2053
5746,293,2053,2245
122,5746,2245,3
2053,122,3,704
2245,2053,704,195
3,2245,195,5465
704,3,5465,8371
195,704,8371,9154
5465,195,9154,4
8371,5465,4,115
9154,8371,115,10
4,9154,10,80
115,4,80,323
10,115,323,59
80,10,59,33
323,80,33,959
59,323,959,18965
33,59,18965,293
959,33,293,85553
18965,959,85553,18
293,18965,18,2178
85553,293,2178,2
18,85553,2,281
2178,18,281,3736
2,2178,3736,2
281,2,2,3
3736,281,3,206
2,3736,206,43
3,2,43,319
206,3,319,3135
43,206,3135,24215
319,43,24215,29
3135,319,29,21
24215,3135,21,195
29,24215,195,42
21,29,42,5
195,21,5,88
42,195,88,4355
5,42,4355,7
88,5,7,8
4355,88,8,12422
7,4355,12422,7
8,7,7,2
12422,8,2,136
7,12422,136,2092
2,7,2092,809
136,2,809,4682
2092,136,4682,1160
809,2092,1160,5
4682,809,5,64
1160,4682,64,262
5,1160,262,646
64,5,646,3872
262,64,3872,12218
646,262,12218,3
3872,646,3,1189
12218,3872,1189,692
3,12218,692,5
1189,3,5,118
692,1189,118,97234
5,692,97234,2
118,5,2,195
97234,118,195,12422
2,97234,12422,522
195,2,522,2
12422,195,2,293
522,12422,293,582
2,522,582,526
293,2,526,4
582,293,4,1651
526,582,1651,573
4,526,573,11
1651,4,11,115
573,1651,115,18
11,573,18,3
115,11,3,317
18,115,317,231
3,18,231,48
317,3,48,8
231,317,8,136
48,231,136,36
8,48,36,340
136,8,340,155
36,136,155,56
340,36,56,6
155,340,6,662
56,155,662,22
6,56,22,262
662,6,262,1165
22,662,1165,646
262,22,646,3980
1165,262,3980,316
646,1165,316,4
3980,646,4,12
316,3980,12,2811
4,316,2811,395
12,4,395,1391
2811,12,1391,97192
395,2811,97192,242
1391,395,242,11
97192,1391,11,55
242,97192,55,10
11,242,10,5286
55,11,5286,11
10,55,11,3294
5286,10,3294,56
11,5286,56,4482
3294,11,4482,359
56,3294,359,5
4482,56,5,1765
359,4482,1765,15
5,359,15,620
1765,5,620,108
15,1765,108,8
620,15,8,96
108,620,96,10
8,108,10,2058
96,8,2058,9
10,96,9,43
2058,10,43,625
9,2058,625,1446
43,9,1446,3
625,43,3,346
1446,625,346,107714
3,1446,107714,21
346,3,21,207
107714,346,207,293
21,107714,293,195
207,21,195,13
293,207,13,5321
195,293,5321,5
13,195,5,377
5321,13,377,8
5,5321,8,12422
377,5,12422,172
8,377,172,7830
12422,8,7830,42
172,12422,42,11
7830,172,11,276
42,7830,276,316
11,42,316,3
276,11,3,18
316,276,18,3
3,316,3,155
18,3,155,56
3,18,56,6
155,3,6,662
56,155,662,4
6,56,4,296
662,6,296,293
4,662,293,559
296,4,559,52
293,296,52,33
559,293,33,1923
52,559,1923,2
33,52,2,372
1923,33,372,1669
2,1923,1669,4279
372,2,4279,6
1669,372,6,386
4279,1669,386,9
6,4279,9,482
386,6,482,33
9,386,33,340
482,9,340,18
33,482,18,3
340,33,3,17
18,340,17,6
3,18,6,8
17,3,8,177
6,17,177,5
8,6,5,386
177,8,386,52
5,177,52,33
386,5,33,296
52,386,296,293
33,52,293,1435
296,33,1435,33
293,296,33,147
1435,293,147,3
33,1435,3,96
147,33,96,507
3,147,507,10859
96,3,10859,4
507,96,4,649
10859,507,649,559
4,10859,559,16
649,4,16,438
559,649,438,82199
16,559,82199,33
438,16,33,415
82199,438,415,56
33,82199,56,340
415,33,340,377
56,415,377,179
340,56,179,46
377,340,46,4251
179,377,4251,293
46,179,293,6533
4251,46,6533,631
293,4251,631,3
6533,293,3,45
631,6533,45,1058
3,631,1058,83
45,3,83,12
1058,45,12,686
83,1058,686,2633
12,83,2633,46
686,12,46,33
2633,686,33,396
46,2633,396,2365
33,46,2365,351
396,33,351,73
2365,396,73,12422
351,2365,12422,115
73,351,115,8
12422,73,8,96
115,12422,96,10
8,115,10,2058
96,8,2058,9
10,96,9,43
2058,10,43,2544
9,2058,2544,3617
43,9,3617,36
2544,43,36,399
3617,2544,399,625
36,3617,625,1625
399,36,1625,3
625,399,3,346
1625,625,346,33
3,1625,33,46
346,3,46,4
33,346,4,522
46,33,522,61
4,46,61,2377
522,4,2377,561
61,522,561,9
2377,61,9,4
561,2377,4,46256
9,561,46256,841
4,9,841,6
46256,4,6,5041
841,46256,5041,584
6,841,584,920
5041,6,920,206
584,5041,206,43
920,584,43,640
206,920,640,2377
43,206,2377,12422
640,43,12422,1373
2377,640,1373,60
12422,2377,60,13
1373,12422,13,1315
60,1373,1315,3
13,60,3,959
1315,13,959,89
3,1315,89,46
959,3,46,4
89,959,4,321
46,89,321,13
4,46,13,3198
321,4,3198,533
13,321,533,56
3198,13,56,90
533,3198,90,5
56,533,5,22
90,56,22,62413
5,90,62413,40
22,5,40,17
62413,22,17,130
40,62413,130,2179
17,40,2179,34
130,17,34,11330
2179,130,11330,2
34,2179,2,669
11330,34,669,1204
2,11330,1204,23
669,2,23,4194
1204,669,4194,1182
23,1204,1182,134
4194,23,134,80922
1182,4194,80922,43
134,1182,43,92
80922,134,92,7
43,80922,7,11086
92,43,11086,13399
7,92,13399,10
11086,7,10,1532
13399,11086,1532,971
10,13399,971,12
1532,10,12,14814
971,1532,14814,53
12,971,53,337
14814,12,337,3
53,14814,3,1211
337,53,1211,8
3,337,8,936
1211,3,936,151
8,1211,151,64
936,8,64,7
151,936,7,340
64,151,340,48
7,64,48,8
340,7,8,57062
48,340,57062,156
8,48,156,2
57062,8,2,293
156,57062,293,4
2,156,4,3288
293,2,3288,16
4,293,16,8020
3288,4,8020,19
16,3288,19,2648
8020,16,2648,25
19,8020,25,26
2648,19,26,16
25,2648,16,465
26,25,465,458
16,26,458,3
465,16,3,224
458,465,224,15
3,458,15,96250
224,3,96250,669
15,224,669,379
96250,15,379,19
669,96250,19,2918
379,669,2918,2813
19,379,2813,39
2918,19,39,45
2813,2918,45,3
39,2813,3,1603
45,39,1603,31423
3,45,31423,1741
1603,3,1741,295
31423,1603,295,76
1741,31423,76,11397
295,1741,11397,144
76,295,144,6
11397,76,6,2
144,11397,2,763
6,144,763,19
2,6,19,393
763,2,393,5
19,763,5,2123
393,19,2123,8642
5,393,8642,2907
2123,5,2907,31
8642,2123,31,277
2907,8642,277,8
31,2907,8,1515
277,31,1515,19583
8,277,19583,971
1515,8,971,46
19583,1515,46,6
971,19583,6,54
46,971,54,43
6,46,43,489
54,6,489,2
43,54,2,669
489,43,669,195
2,489,195,5
669,2,5,2
195,669,2,430
5,195,430,151
2,5,151,46
430,2,46,13
151,430,13,334
46,151,334,660
13,46,660,12
334,13,12,3230
660,334,3230,581
12,660,581,24
3230,12,24,8
581,3230,8,21937
24,581,21937,986
8,24,986,2907
21937,8,2907,653
986,21937,653,8
2907,986,8,20
653,2907,20,7
8,653,7,87
20,8,87,3288
7,20,3288,7
87,7,7,2
3288,87,2,8020
7,3288,8020,528
2,7,528,10
8020,2,10,13
528,8020,13,271
10,528,271,73
13,10,73,2
271,13,2,3292
73,271,3292,1923
2,73,1923,1820
3292,2,1820,1883
1923,3292,1883,5
1820,1923,5,1147
1883,1820,1147,314
5,1883,314,8363
1147,5,8363,5
314,1147,5,5041
8363,314,5041,4
5,8363,4,73
5041,5,73,20
4,5041,20,609
73,4,609,20184
20,73,20184,195
609,20,195,3
20184,609,3,123
195,20184,123,74
3,195,74,75
123,3,75,42
74,123,42,7
75,74,7,29532
42,75,29532,20
7,42,20,40
29532,7,40,253
20,29532,253,2553
40,20,2553,3
253,40,3,293
2553,253,293,2
3,2553,2,105674
293,3,105674,626
2,293,626,19583
105674,2,19583,115
626,105674,115,6801
19583,626,6801,528
115,19583,528,23680
6801,115,23680,10877
528,6801,10877,2
23680,528,2,669
10877,23680,669,1204
2,10877,1204,23
669,2,23,479
1204,669,479,9
23,1204,9,441
479,23,441,5
9,479,5,6413
