269,97,89648,571
18614,269,571,23
89648,18614,23,119
571,89648,119,70884
23,571,70884,188
119,23,188,755
70884,119,755,28
188,70884,28,2
755,188,2,2378
28,755,2378,1134
2,28,1134,96
2378,2,96,448
1134,2378,448,9
96,1134,9,2
448,96,2,63
9,448,63,31
2,9,31,13
63,2,13,260
31,63,260,146
13,31,146,352
260,13,352,6
146,260,6,5777
352,146,5777,1723
6,352,1723,1275
5777,6,1275,6
1723,5777,6,99
1275,1723,99,43
6,1275,43,63
99,6,63,3
43,99,3,1134
63,43,1134,17931
3,63,17931,68
1134,3,68,508
17931,1134,508,2
68,17931,2,10333
508,68,10333,22
2,508,22,172
10333,2,172,6
22,10333,6,6118
172,22,6118,6
6,172,6,14
6118,6,14,99
6,6118,99,19
14,6,19,2
99,14,2,1869
19,99,1869,63
2,19,63,170
1869,2,170,6733
63,1869,6733,1759
170,63,1759,881
6733,170,881,6
1759,6733,6,2
881,1759,2,879
6,881,879,24672
2,6,24672,1510
879,2,1510,15
24672,879,15,534
1510,24672,534,843
15,1510,843,171
534,15,171,22
843,534,22,1063
171,843,1063,1134
22,171,1134,71
1063,22,71,735
1134,1063,735,16182
71,1134,16182,92
735,71,92,54
16182,735,54,7
92,16182,7,68
54,92,68,177
7,54,177,5
68,7,5,2444
177,68,2444,224
5,177,224,3
2444,5,3,1577
224,2444,1577,10
3,224,10,399
1577,3,399,101
10,1577,101,433
399,10,433,29
101,399,29,877
433,101,877,3
29,433,3,966
877,29,966,15
3,877,15,941
966,3,941,195
15,966,195,17831
941,15,17831,71525
195,941,71525,396
17831,195,396,913
71525,17831,913,4
396,71525,4,70
913,396,70,63
4,913,63,3
70,4,3,155
63,70,155,2099
3,63,2099,6118
155,3,6118,255
2099,155,255,6
6118,2099,6,6118
255,6118,6118,25310
6,255,25310,18
6118,6,18,3
25310,6118,3,2099
18,25310,2099,81
3,18,81,28
2099,3,28,892
81,2099,892,6726
28,81,6726,31
892,28,31,522
6726,892,522,2
31,6726,2,43
522,31,43,1896
2,522,1896,3
43,2,3,6118
1896,43,6118,24
3,1896,24,3
6118,3,3,127
24,6118,127,399
3,24,399,101
127,3,101,3289
399,127,3289,13
101,399,13,314
3289,101,314,1194
13,3289,1194,805
314,13,805,5
1194,314,5,71
805,1194,71,1804
5,805,1804,1134
71,5,1134,3
1804,71,3,31001
1134,1804,31001,17931
3,1134,17931,6
31001,3,6,226
17931,31001,226,992
6,17931,992,215
226,6,215,18442
992,226,18442,307
215,992,307,1168
18442,215,1168,5
307,18442,5,105
1168,307,105,2298
5,1168,2298,4
105,5,4,63
2298,105,63,31411
4,2298,31411,24252
63,4,24252,596
31411,63,596,3
24252,31411,3,609
596,24252,609,399
3,596,399,101
609,3,101,1353
399,609,1353,3
101,399,3,12604
1353,101,12604,1086
3,1353,1086,71
12604,3,71,1118
1086,12604,1118,15
71,1086,15,923
1118,71,923,6718
15,1118,6718,17853
923,15,17853,4
6718,923,4,11092
17853,6718,11092,10938
4,17853,10938,31
11092,4,31,13
10938,11092,13,47
31,10938,47,307
13,31,307,103
47,13,103,66
307,47,66,544
103,307,544,75
66,103,75,66
544,66,66,5
75,544,5,111
66,75,111,1783
5,66,1783,4
111,5,4,11
1783,111,11,726
4,1783,726,2
11,4,2,381
726,11,381,23
2,726,23,32177
381,2,32177,393
23,381,393,254
32177,23,254,24489
393,32177,24489,5
254,393,5,1418
24489,254,1418,2619
5,24489,2619,327
1418,5,327,247
2619,1418,247,2
327,2619,2,8074
247,327,8074,464
2,247,464,883
8074,2,883,9
464,8074,9,48
883,464,48,20
9,883,20,226
48,9,226,40623
20,48,40623,19
226,20,19,60
40623,226,60,71
19,40623,71,2283
60,19,2283,3
71,60,3,31001
2283,71,31001,46
3,2283,46,4
31001,3,4,3
46,31001,3,133
4,46,133,1035
3,4,1035,83218
133,3,83218,46
1035,133,46,128
83218,1035,128,848
46,83218,848,90
128,46,90,5
848,128,5,95
90,848,95,105
5,90,105,1113
95,5,1113,13
105,95,13,47
1113,105,47,2219
13,1113,2219,31411
47,13,31411,24252
2219,47,24252,991
31411,2219,991,13
24252,31411,13,6354
991,24252,6354,797
13,991,797,4
6354,13,4,105
797,6354,105,843
4,797,843,11092
105,4,11092,10938
843,105,10938,14
11092,843,14,3359
10938,11092,3359,24
14,10938,24,438
3359,14,438,6
24,3359,6,20
438,24,20,848
6,438,848,127
20,6,127,85
848,20,85,4
127,848,4,581
85,127,581,14
4,85,14,16097
581,4,16097,793
14,581,793,5
16097,14,5,589
793,16097,589,5
5,793,5,449
589,5,449,41834
5,589,41834,6
449,5,6,58256
41834,449,58256,13
6,41834,13,3
58256,6,3,1283
13,58256,1283,8
3,13,8,41
1283,3,41,4
8,1283,4,41
41,8,41,367
4,41,367,170
41,4,170,1411
367,41,1411,124
170,367,124,448
1411,170,448,734
124,1411,734,3
448,124,3,4091
734,448,4091,5
3,734,5,4
4091,3,4,70
5,4091,70,1134
4,5,1134,46
70,4,46,67
1134,70,67,953
46,1134,953,3
67,46,3,748
953,67,748,160
3,953,160,46
748,3,46,13
160,748,13,1126
46,160,1126,83
13,46,83,6726
1126,13,6726,28
83,1126,28,10
6726,83,10,691
28,6726,691,5
10,28,5,798
691,10,798,10
5,691,10,21
798,5,21,70
10,798,70,877
21,10,877,10
70,21,10,72
877,70,72,83187
10,877,83187,1802
72,10,1802,1413
83187,72,1413,7
1802,83187,7,74
1413,1802,74,119
7,1413,119,111
74,7,111,34
119,74,34,18
111,119,18,41
34,111,41,831
18,34,831,335
41,18,335,3
831,41,3,96
335,831,96,1539
3,335,1539,127
96,3,127,1636
1539,96,1636,156
127,1539,156,2
1636,127,2,229
156,1636,229,71
2,156,71,121
229,2,121,1134
71,229,1134,1621
121,71,1621,84
1134,121,84,8
1621,1134,8,103
84,1621,103,426
8,84,426,18
103,8,18,7486
426,103,7486,815
18,426,815,331
7486,18,331,12
815,7486,12,466
331,815,466,51
12,331,51,143
466,12,143,35
51,466,35,40
143,51,40,147
35,143,147,3
40,35,3,137
147,40,137,24
3,147,24,1993
137,3,1993,92
24,137,92,126
1993,24,126,71
92,1993,71,40
126,92,40,1134
71,126,1134,119
40,71,119,111
1134,40,111,310
119,1134,310,269
111,119,269,2600
310,111,2600,2569
269,310,2569,7365
2600,269,7365,198
2569,2600,198,2
7365,2569,2,241
198,7365,241,590
2,198,590,5
241,2,5,399
590,241,399,101
5,590,101,73570
399,5,73570,40
101,399,40,73
73570,101,73,3
40,73570,3,137
73,40,137,101
3,73,101,5
137,3,5,105
101,137,105,895
5,101,895,5
105,5,5,1993
895,105,1993,92
5,895,92,958
1993,5,958,5
92,1993,5,1621
958,92,1621,21
5,958,21,17
1621,5,17,3110
21,1621,3110,6
17,21,6,1962
3110,17,1962,72
6,3110,72,87
1962,6,87,5
72,1962,5,38
87,72,38,105
5,87,105,384
38,5,384,11
105,38,11,28
384,105,28,1197
11,384,1197,2
28,11,2,1036
1197,28,1036,9
2,1197,9,2
1036,2,2,361
9,1036,361,4
2,9,4,679
361,2,679,152
4,361,152,40
679,4,40,17
152,679,17,190
40,152,190,664
17,40,664,8
190,17,8,30
664,190,30,40
8,664,40,73
30,8,73,3
40,30,3,137
73,40,137,81
3,73,81,123
2321,109,6,39
32790,2321,39,108
6,32790,108,109
39,6,109,300
108,39,300,2
109,108,2,3775
300,109,3775,39
2,300,39,181
3775,2,181,835
39,3775,835,8
181,39,8,74
835,181,74,3163
8,835,3163,5
74,8,5,3165
3163,74,3165,2199
5,3163,2199,852
3165,5,852,12
2199,3165,12,1028
852,2199,1028,16
12,852,16,303
1028,12,303,3
16,1028,3,247
303,16,247,14303
3,303,14303,19
247,3,19,66
14303,247,66,2413
19,14303,2413,181
66,19,181,19
2413,66,19,15584
181,2413,15584,4
19,181,4,44025
15584,19,44025,770
4,15584,770,5
44025,4,5,1985
770,44025,1985,44
5,770,44,2199
1985,5,2199,684
44,1985,684,409
2199,44,409,2760
684,2199,2760,34
409,684,34,218
2760,409,218,3
34,2760,3,10664
218,34,10664,19
3,218,19,19
10664,3,19,91
19,10664,91,3
19,19,3,2
91,19,2,687
3,91,687,8801
2,3,8801,8
687,2,8,7
8801,687,7,936
8,8801,936,1125
7,8,1125,108
936,7,108,98569
1125,936,98569,181
108,1125,181,5611
98569,108,5611,118
181,98569,118,182
5611,181,182,1573
118,5611,1573,24
182,118,24,2535
1573,182,2535,3
24,1573,3,3668
2535,24,3668,3
3,2535,3,1399
3668,3,1399,4
3,3668,4,550
1399,3,550,4
4,1399,4,364
550,4,364,4165
4,550,4165,7165
364,4,7165,3108
4165,364,3108,156
7165,4165,156,2
3108,7165,2,7021
156,3108,7021,4
2,156,4,24615
7021,2,24615,4
4,7021,4,3422
24615,4,3422,508
4,24615,508,5611
3422,4,5611,156
508,3422,156,2
5611,508,2,17713
156,5611,17713,4
2,156,4,46492
17713,2,46492,1462
4,17713,1462,5
46492,4,5,4643
1462,46492,4643,7
5,1462,7,15
4643,5,15,754
7,4643,754,160
15,7,160,88
754,15,88,2781
160,754,2781,527
88,160,527,5
2781,88,5,12383
527,2781,12383,2
5,527,2,1178
12383,5,1178,39
2,12383,39,7902
1178,2,7902,1675
39,1178,1675,6
7902,39,6,54
1675,7902,54,399
6,1675,399,1982
54,6,1982,1473
399,54,1473,30
1982,399,30,16
1473,1982,16,64
30,1473,64,752
16,30,752,2
64,16,2,503
752,64,503,108
2,752,108,12
503,2,12,2
108,503,2,273
12,108,273,1473
2,12,1473,30
273,2,30,16
1473,273,16,84
30,1473,84,2
16,30,2,273
84,16,273,108
2,84,108,12
273,2,12,2
108,273,2,503
12,108,503,1473
2,12,1473,120
503,2,120,30
1473,503,30,18
120,1473,18,1123
30,120,1123,2
18,30,2,19282
1123,18,19282,173
2,1123,173,28
19282,2,28,8877
173,19282,8877,29461
28,173,29461,41827
8877,28,41827,526
29461,8877,526,437
41827,29461,437,5
526,41827,5,12821
437,526,12821,11046
5,437,11046,3507
12821,5,3507,6
11046,12821,6,2
3507,11046,2,21838
6,3507,21838,9
2,6,9,181
21838,2,181,1025
9,21838,1025,38368
181,9,38368,437
1025,181,437,257
38368,1025,257,5
437,38368,5,15584
257,437,15584,28
5,257,28,31181
15584,5,31181,4
28,15584,4,3036
31181,28,3036,5
4,31181,5,290
3036,4,290,12
5,3036,12,1028
290,5,1028,7
12,290,7,1803
1028,12,1803,3
7,1028,3,1703
1803,7,1703,290
3,1803,290,213
1703,3,213,8
290,1703,8,12844
213,290,12844,10
8,213,10,290
12844,8,290,144
10,12844,144,290
290,10,290,682
144,290,682,4
290,144,4,30
682,290,30,16
4,682,16,177
30,4,177,5
16,30,5,183
177,16,183,5887
5,177,5887,689
183,5,689,13551
5887,183,13551,4
689,5887,4,1125
13551,689,1125,108
4,13551,108,4
1125,4,4,290
108,1125,290,144
4,108,144,213
290,4,213,2
144,290,2,30
213,144,30,116
2,213,116,81
30,2,81,270
116,30,270,34
81,116,34,1462
270,81,1462,11
34,270,11,28
1462,34,28,2107
11,1462,2107,14
28,11,14,1139
2107,28,1139,3627
14,2107,3627,12
1139,14,12,1160
3627,1139,1160,9
12,3627,9,1622
1160,12,1622,603
9,1160,603,4
1622,9,4,538
603,1622,538,686
4,603,686,4
538,4,4,1201
686,538,1201,2
4,686,2,149
1201,4,149,2
2,1201,2,7189
149,2,7189,4
2,149,4,7315
7189,2,7315,181
4,7189,181,5190
7315,4,5190,1972
181,7315,1972,9147
5190,181,9147,5
1972,5190,5,41
9147,1972,41,65
5,9147,65,8850
41,5,8850,684
65,41,684,5
8850,65,5,19074
684,8850,19074,3108
5,684,3108,9
19074,5,9,54
3108,19074,54,201
9,3108,201,561
54,9,561,7
201,54,7,1131
561,201,1131,20
7,561,20,981
1131,7,981,2
20,1131,2,705
981,20,705,5933
2,981,5933,3
705,2,3,2
5933,705,2,1630
3,5933,1630,535
2,3,535,3979
1630,2,3979,8
535,1630,8,1337
3979,535,1337,35
8,3979,35,5
1337,8,5,108
35,1337,108,2199
5,35,2199,3108
108,5,3108,4
2199,108,4,7
3108,2199,7,91
4,3108,91,19
7,4,19,1100
91,7,1100,3
19,91,3,705
1100,19,705,1418
3,1100,1418,5
705,3,5,6691
1418,705,6691,315
5,1418,315,911
6691,5,911,434
315,6691,434,5
911,315,5,10110
434,911,10110,2199
5,434,2199,217
10110,5,217,7
2199,10110,7,1779
217,2199,1779,5
7,217,5,3165
1779,7,3165,418
5,1779,418,9
3165,5,9,7303
418,3165,7303,4
9,418,4,10611
7303,9,10611,408
4,7303,408,5
10611,4,5,1028
408,10611,1028,778
5,408,778,418
1028,5,418,13
778,1028,13,84
418,778,84,47
13,418,47,6721
84,13,6721,19
47,84,19,399
6721,47,399,15
19,6721,15,72
399,19,72,2703
15,399,2703,9
72,15,9,1160
2703,72,1160,20541
9,2703,20541,4
1160,9,4,6421
20541,1160,6421,9
4,20541,9,686
6421,4,686,7
9,6421,7,190
686,9,190,372
7,686,372,1302
190,7,1302,91
372,190,91,3
1302,372,3,7115
91,1302,7115,6499
3,91,6499,4
7115,3,4,5016
6499,7115,5016,41
4,6499,41,13849
5016,4,13849,3108
41,5016,3108,16
13849,41,16,118
3108,13849,118,6087
16,3108,6087,79
118,16,79,8801
6087,118,8801,184
79,6087,184,3
8801,79,3,264
184,8801,264,654
3,184,654,4511
264,3,4511,7
654,264,7,68
4511,654,68,2
7,4511,2,851
68,7,851,255
2,68,255,15
851,2,15,9
255,851,9,482
15,255,482,2795
9,15,2795,11496
482,9,11496,4
2795,482,4,16278
11496,2795,16278,6
4,11496,6,846
16278,4,846,550
6,16278,550,118
846,6,118,1638
550,846,1638,7446
118,550,7446,19
1638,118,19,25274
7446,1638,25274,2455
19,7446,2455,11026
25274,19,11026,17713
2455,25274,17713,6
11026,2455,6,5777
17713,11026,5777,1723
6,17713,1723,18
5777,6,18,47
1723,5777,47,9677
18,1723,9677,74
47,18,74,128
9677,47,128,66
74,9677,66,3993
128,74,3993,75
66,128,75,3033
3993,66,3033,21426
75,3993,21426,5
3033,75,5,6011
21426,3033,6011,115
5,21426,115,15
6011,5,15,4
115,6011,4,13475
15,115,13475,717
4,15,717,21182
13475,4,21182,18
717,13475,18,2503
21182,717,2503,42
18,21182,42,5
2503,18,5,98571
42,2503,98571,877
5,42,877,5
98571,5,5,48
877,98571,48,2199
5,877,2199,91
48,5,91,3
2199,48,3,2
91,2199,2,17021
3,91,17021,1537
2,3,1537,486
17021,2,486,3
1537,17021,3,17
486,1537,17,1798
3,486,1798,231
17,3,231,108
1798,17,108,19
231,1798,19,506
108,231,506,6
19,108,6,19794
506,19,19794,4
6,506,4,3653
19794,6,3653,1399
4,19794,1399,4
3653,4,4,2572
1399,3653,2572,16
4,1399,16,6254
2572,4,6254,704
16,2572,704,10249
6254,16,10249,15
704,6254,15,2199
10249,704,2199,684
15,10249,684,83
2199,15,83,19
684,2199,19,170
83,684,170,91
19,83,91,3
170,19,3,4619
91,170,4619,538
3,91,538,9210
4619,3,9210,4511
538,4619,4511,4
9210,538,4,353
4511,9210,353,48
4,4511,48,1020
353,4,1020,16
48,353,16,12160
1020,48,12160,19
16,1020,19,450
12160,16,450,2020
19,12160,2020,54
450,19,54,1356
2020,450,1356,1573
54,2020,1573,6
1356,54,6,54
1573,1356,54,2199
6,1573,2199,16
54,6,16,458
2199,54,458,3
16,2199,3,244
458,16,244,28
3,458,28,15584
244,3,15584,437
28,244,437,5
15584,28,5,1008
437,15584,1008,1221
5,437,1221,8562
1008,5,8562,76
1221,1008,76,1574
8562,1221,1574,18
76,8562,18,4211
1574,76,4211,37
18,1574,37,181
4211,18,181,997
37,4211,997,54
181,37,54,26498
997,181,26498,90
54,997,90,382
26498,54,382,1210
90,26498,1210,79
382,90,79,2
1210,382,2,1676
79,1210,1676,217
2,79,217,10
1676,2,10,7
217,1676,7,4568
10,217,4568,101
7,10,101,29
4568,7,29,668
101,4568,668,7
29,101,7,186
668,29,186,65
7,668,65,3014
186,7,3014,5
65,186,5,177
3014,65,177,28
5,3014,28,8877
177,5,8877,11463
28,177,11463,30690
8877,28,30690,23
11463,8877,23,3149
30690,11463,3149,393
23,30690,393,6
3149,23,6,43
393,3149,43,1197
6,393,1197,8
43,6,8,615
1197,43,615,23
8,1197,23,994
615,8,994,151
23,615,151,156
994,23,156,2
151,994,2,4082
156,151,4082,7
2,156,7,41
4082,2,41,4757
7,4082,4757,181
41,7,181,2991
4757,41,2991,8
181,4757,8,689
2991,181,689,5
8,2991,5,4643
689,8,4643,34
5,689,34,984
4643,5,984,12
34,4643,12,45
984,34,45,4
12,984,4,77
45,12,77,80
4,45,80,3573
77,4,3573,844
80,77,844,443
3573,80,443,399
844,3573,399,1020
443,844,1020,2233
399,443,2233,1125
1020,399,1125,1071
2233,1020,1071,8
1125,2233,8,2107
1071,1125,2107,2224
8,1071,2224,993
2107,8,993,1720
2224,2107,1720,692
993,2224,692,5
1720,993,5,538
692,1720,538,4
5,692,4,686
538,5,686,7457
4,538,7457,4
686,4,4,2445
7457,686,2445,74
4,7457,74,1125
2445,4,1125,1071
74,2445,1071,301
1125,74,301,76
1071,1125,76,3108
301,1071,3108,16
76,301,16,1712
3108,76,1712,3
16,3108,3,5228
1712,16,5228,1862
3,1712,1862,4418
5228,3,4418,297
1862,5228,297,77
4418,1862,77,4520
297,4418,4520,771
77,297,771,6218
4520,77,6218,217
771,4520,217,16
6218,771,16,486
217,6218,486,3
16,217,3,17
486,16,17,1720
3,486,1720,4
17,3,4,2192
1720,17,2192,12232
4,1720,12232,13
2192,4,13,644
12232,2192,644,47
13,12232,47,1300
644,13,1300,24
47,644,24,590
1300,47,590,5
24,1300,5,7165
590,24,7165,3108
5,590,3108,6
7165,5,6,730
3108,7165,730,1250
6,3108,1250,5
730,6,5,10249
1250,730,10249,5
5,1250,5,11610
10249,5,11610,22342
5,10249,22342,4
11610,5,4,302
22342,11610,302,12
4,22342,12,5016
302,4,5016,18
12,302,18,388
5016,12,388,10
18,5016,10,684
388,18,684,691
10,388,691,24479
684,10,24479,170
691,684,170,2
24479,691,2,264
170,24479,264,450
2,170,450,4643
264,2,4643,2327
450,264,2327,68
4643,450,68,1872
2327,4643,1872,39
68,2327,39,1250
1872,68,1250,9
39,1872,9,88099
