5,35,4,7
157,5,7,2357
4,157,2357,5
7,4,5,2719
2357,7,2719,3
5,2357,3,28207
2719,5,28207,923
3,2719,923,2741
28207,3,2741,85
923,28207,85,4
2741,923,4,236
85,2741,236,2
4,85,2,5840
236,4,5840,618
2,236,618,79
5840,2,79,191
618,5840,191,23
79,618,23,1522
191,79,1522,446
23,191,446,5
1522,23,5,92
446,1522,92,168
5,446,168,4905
92,5,4905,3439
168,92,3439,5
4905,168,5,6355
3439,4905,6355,12653
5,3439,12653,60689
6355,5,60689,32
12653,6355,32,2108
60689,12653,2108,327
32,60689,327,17
2108,32,17,1480
327,2108,1480,4
17,327,4,243
1480,17,243,405
4,1480,405,1760
243,4,1760,3
405,243,3,789
1760,405,789,157
3,1760,157,30
789,3,30,45
157,789,45,16
30,157,16,820
45,30,820,695
16,45,695,5
820,16,5,2113
695,820,2113,3687
5,695,3687,3
2113,5,3,106
3687,2113,106,33
3,3687,33,56
106,3,56,5
33,106,5,191
56,33,191,4
5,56,4,484
191,5,484,198
4,191,198,112
484,4,112,2871
198,484,2871,703
112,198,703,10
2871,112,10,84
703,2871,84,60
10,703,60,3
84,10,3,1153
60,84,1153,112
3,60,112,3259
1153,3,3259,4
112,1153,4,9465
3259,112,9465,25
4,3259,25,8
9465,4,8,33
25,9465,33,55
8,25,55,21
33,8,21,17
55,33,17,918
21,55,918,3
17,21,3,2085
918,17,2085,20
3,918,20,770
2085,3,770,367
20,2085,367,45225
770,20,45225,2108
367,770,2108,797
45225,367,797,4
2108,45225,4,13616
797,2108,13616,15
4,797,15,32
13616,4,32,479
15,13616,479,32
32,15,32,1278
479,32,1278,4
32,479,4,32
1278,32,32,1377
4,1278,1377,327
32,4,327,17
1377,32,17,1480
327,1377,1480,5214
17,327,5214,4
1480,17,4,52
5214,1480,52,277
4,5214,277,2357
52,4,2357,19
277,52,19,2
2357,277,2,1372
19,2357,1372,1725
2,19,1725,326
1372,2,326,3
1725,1372,3,1086
326,1725,1086,20
3,326,20,226
1086,3,226,147
20,1086,147,3
226,20,3,4702
147,226,4702,682
3,147,682,24
4702,3,24,32
682,4702,32,3933
24,682,3933,4
32,24,4,86
3933,32,86,107
4,3933,107,8
86,4,8,110
107,86,110,3
8,107,3,505
110,8,505,7
3,110,7,52
505,3,52,618
7,505,618,6767
52,7,6767,11601
618,52,11601,4
6767,618,4,1536
11601,6767,1536,49922
4,11601,49922,16
1536,4,16,3961
49922,1536,3961,351
16,49922,351,6
3961,16,6,10890
351,3961,10890,4
6,351,4,243
10890,6,243,405
4,10890,405,23725
243,4,23725,159
405,243,159,221
23725,405,221,158
159,23725,158,28
221,159,28,540
158,221,540,8
28,158,8,200
540,28,200,4
8,540,4,78
200,8,78,32
4,200,32,16
78,4,16,177
32,78,177,5
16,32,5,2
177,16,2,108253
5,177,108253,64315
2,5,64315,4
108253,2,4,653
64315,108253,653,172
4,64315,172,158
653,4,158,17098
172,653,17098,291
158,172,291,79
17098,158,79,78
291,17098,78,10820
79,291,10820,432
78,79,432,125
10820,78,125,783
432,10820,783,122
125,432,122,11
783,125,11,14
122,783,14,269
11,122,269,5
14,11,5,35
269,14,35,181
5,269,181,98575
35,5,98575,8269
181,35,8269,325
98575,181,325,508
8269,98575,508,9
325,8269,9,719
508,325,719,291
9,508,291,79
719,9,79,2793
291,719,2793,5
79,291,5,20848
2793,79,20848,1941
5,2793,1941,6
20848,5,6,500
1941,20848,500,28
6,1941,28,8
500,6,8,78
28,500,78,32
8,28,32,135
78,8,135,127
32,78,127,287
135,32,287,14
127,135,14,2
287,127,2,108329
14,287,108329,77981
2,14,77981,68
108329,2,68,4115
77981,108329,4115,702
68,77981,702,257
4115,68,257,2879
702,4115,2879,1484
257,702,1484,1826
2879,257,1826,8
1484,2879,8,11
1826,1484,11,7050
8,1826,7050,291
11,8,291,79
7050,11,79,10820
291,7050,10820,432
79,291,432,62610
10820,79,62610,255
432,10820,255,164
62610,432,164,7
255,62610,7,20
164,255,20,291
7,164,291,14
20,7,14,208
291,20,208,2
14,291,2,280
208,14,280,73954
2,208,73954,11
280,2,11,28
73954,280,28,32265
11,73954,32265,255
28,11,255,26
32265,28,26,208
255,32265,208,13
26,255,13,2
208,26,2,2030
13,208,2030,2316
2,13,2316,19637
2030,2,19637,4
2316,2030,4,337
19637,2316,337,26
4,19637,26,208
337,4,208,13
26,337,13,2
208,26,2,2030
13,208,2030,2316
2,13,2316,19637
2030,2,19637,6436
2316,2030,6436,507
19637,2316,507,7
6436,19637,7,2879
507,6436,2879,1484
7,507,1484,40
2879,7,40,21
1484,2879,21,155
40,1484,155,525
21,40,525,15
155,21,15,98497
525,155,98497,108270
15,525,108270,6424
98497,15,6424,30
108270,98497,30,243
6424,108270,243,480
30,6424,480,73
243,30,73,8
480,243,8,6
73,480,6,119
8,73,119,37256
6,8,37256,11
119,6,11,453
37256,119,453,5
11,37256,5,55764
453,11,55764,68
5,453,68,28
55764,5,28,8
68,55764,8,221
28,68,221,437
8,28,437,892
221,8,892,530
437,221,530,4
892,437,4,798
530,892,798,5
4,530,5,64540
798,4,64540,792
5,798,792,50
64540,5,50,1390
792,64540,1390,9
50,792,9,1174
1390,50,1174,142
9,1390,142,291
1174,9,291,21
142,1174,21,798
291,142,798,5
21,291,5,52802
798,21,52802,406
5,798,406,16
52802,5,16,4237
406,52802,4237,15
16,406,15,11497
4237,16,11497,110
15,4237,110,12
11497,15,12,7
110,11497,7,116
12,110,116,8
7,12,8,9
116,7,9,2
8,116,2,64057
9,8,64057,11
2,9,11,28
64057,2,28,1536
11,64057,1536,6957
28,11,6957,797
1536,28,797,121
6957,1536,121,21
797,6957,21,17
121,797,17,398
21,121,398,98
17,21,98,2051
398,17,2051,6
98,398,6,48
2051,98,48,20
6,2051,20,136
48,6,136,73
20,48,73,9302
136,20,9302,5
73,136,5,667
9302,73,667,9312
5,9302,9312,26
667,5,26,1494
9312,667,1494,38
26,9312,38,423
1494,26,423,5
38,1494,5,191
423,38,191,3
5,423,3,1838
191,5,1838,6
3,191,6,1807
1838,3,1807,15
6,1838,15,4
1807,6,4,2862
15,1807,2862,618
4,15,618,31
2862,4,31,309
618,2862,309,102
31,618,102,385
309,31,385,5
102,309,5,70
385,102,70,45
5,385,45,7
70,5,7,33
45,70,33,116
7,45,116,8
33,7,8,78
116,33,78,32
8,116,32,547
78,8,547,198
32,78,198,3334
547,32,3334,3211
198,547,3211,101
3334,198,101,3
3211,3334,3,263
101,3211,263,87
3,101,87,4405
263,3,4405,31
87,263,31,146
4405,87,146,591
31,4405,591,198
146,31,198,224
591,146,224,723
198,591,723,231
224,198,231,4
723,224,4,1928
231,723,1928,169
4,231,169,3
1928,4,3,49
169,1928,49,32
3,169,32,479
49,3,479,52
32,49,52,33
479,32,33,16
52,479,16,1471
33,52,1471,5
16,33,5,20
1471,16,20,33
5,1471,33,147
20,5,147,3
33,20,3,790
147,33,790,32
3,147,32,1481
790,3,1481,1019
32,790,1019,1357
1481,32,1357,699
1019,1481,699,7
1357,1019,7,8
699,1357,8,478
7,699,478,162
8,7,162,97
478,8,97,7
162,478,7,2
97,162,2,989
7,97,989,618
2,7,618,5195
989,2,5195,51
618,989,51,157
5195,618,157,13
51,5195,13,84
157,51,84,154
13,157,154,3
84,13,3,1366
154,84,1366,880
3,154,880,781
1366,3,781,125
880,1366,125,3969
781,880,3969,753
125,781,753,3839
3969,125,3839,4142
753,3969,4142,339
3839,753,339,4
4142,3839,4,80
339,4142,80,1856
4,339,1856,5
80,4,5,159
1856,80,159,221
5,1856,221,406
159,5,406,31
221,159,31,116
406,221,116,51
31,406,51,245
116,31,245,1352
51,116,1352,958
245,51,958,710
1352,245,710,7
958,1352,7,8
710,958,8,478
7,710,478,162
8,7,162,97
478,8,97,7
162,478,7,2
97,162,2,989
7,97,989,618
2,7,618,5195
989,2,5195,24
618,989,24,1054
5195,618,1054,54
24,5195,54,2830
1054,24,2830,8199
54,1054,8199,3
2830,54,3,5019
8199,2830,5019,494
3,8199,494,145
5019,3,145,171
494,5019,171,499
145,494,499,428
171,145,428,3
499,171,3,3494
428,499,3494,152
3,428,152,54
3494,3,54,2915
152,3494,2915,1176
54,152,1176,4920
2915,54,4920,167
1176,2915,167,102
4920,1176,102,138
167,4920,138,27
102,167,27,207
138,102,207,2040
27,138,2040,5
207,27,5,162
2040,207,162,97
5,2040,97,7
162,5,7,10574
97,162,10574,1536
7,97,1536,162
10574,7,162,105
1536,10574,105,2108
162,1536,2108,7398
105,162,7398,19
2108,105,19,64
7398,2108,64,141
19,7398,141,64
64,19,64,2315
141,64,2315,4
64,141,4,64
2315,64,64,4899
4,2315,4899,26
64,4,26,659
4899,64,659,5881
26,4899,5881,4
659,26,4,2741
5881,659,2741,38
4,5881,38,107
2741,4,107,79
38,2741,79,191
107,38,191,23
79,107,23,207
191,79,207,85
23,191,85,4
207,23,4,26
85,207,26,415
4,85,415,3648
26,4,3648,424
415,26,424,3
3648,415,3,2741
424,3648,2741,20
3,424,20,85
2741,3,85,99961
20,2741,99961,21
85,20,21,72
99961,85,72,8
21,99961,8,32
72,21,32,512
8,72,512,347
32,8,347,327
512,32,327,17
347,512,17,533
327,347,533,83
17,327,83,33
533,17,33,137
83,533,137,10
33,83,10,8
137,33,8,478
10,137,478,162
8,10,162,492
478,8,492,121
162,478,121,17
492,162,17,14392
121,492,14392,36
17,121,36,5967
14392,17,5967,53
36,14392,53,7
5967,36,7,2
53,5967,2,6104
7,53,6104,2108
2,7,2108,958
6104,2,958,1054
2108,6104,1054,31
958,2108,31,7
1054,958,7,4170
31,1054,4170,85
7,31,85,1230
4170,7,1230,12
85,4170,12,2
1230,85,2,814
12,1230,814,1631
2,12,1631,4613
814,2,4613,4
1631,814,4,4336
4613,1631,4336,246
4,4613,246,8843
4336,4,8843,4
246,4336,4,5572
8843,246,5572,748
4,8843,748,9
5572,4,9,1517
748,5572,1517,2706
9,748,2706,16
1517,9,16,48
2706,1517,48,713
16,2706,713,321
48,16,321,26
713,48,26,16
321,713,16,131
26,321,131,479
16,26,479,5
131,16,5,162
479,131,162,492
5,479,492,2
162,5,2,10
492,162,10,830
2,492,830,99702
10,2,99702,42
830,10,42,5
99702,830,5,104
42,99702,104,45
5,42,45,147
104,5,147,3
45,104,3,17
147,45,17,1480
3,147,1480,5214
17,3,5214,4
1480,17,4,5967
5214,1480,5967,20
4,5214,20,7
5967,4,7,86
20,5967,86,107
7,20,107,3629
86,7,3629,923
107,86,923,55
3629,107,55,17
923,3629,17,2537
55,923,2537,409
17,55,409,157
2537,17,157,619
409,2537,619,24
157,409,24,38
619,157,38,5684
24,619,5684,162
38,24,162,188
5684,38,188,354
162,5684,354,72
188,162,72,25
354,188,25,179
72,354,179,80
25,72,80,12
179,25,12,188
80,179,188,1074
12,80,1074,162
188,12,162,16
1074,188,16,896
162,1074,896,1318
16,162,1318,1216
896,16,1216,5
1318,896,5,38
1216,1318,38,354
5,1216,354,36
38,5,36,648
354,38,648,340
36,354,340,179
648,36,179,234
340,648,234,23
179,340,23,887
234,179,887,15
23,234,15,10
887,23,10,1121
15,887,1121,577
10,15,577,84
1121,10,84,8119
577,1121,8119,207
84,577,207,66
8119,84,66,15
207,8119,15,1203
66,207,1203,1244
15,66,1244,7430
1203,15,7430,2825
1244,1203,2825,4
7430,1244,4,478
2825,7430,478,784
4,2825,784,354
478,4,354,84
784,478,84,12
354,784,12,5589
84,354,5589,5
12,84,5,10913
5589,12,10913,20
5,5589,20,14
10913,5,14,6918
20,10913,6918,2
14,20,2,4
6918,14,4,1804
2,6918,1804,1154
4,2,1154,19
1804,4,19,71
1154,1804,71,4
19,1154,4,798
71,19,798,5
4,71,5,102233
798,4,102233,31
5,798,31,163
102233,5,163,10
31,102233,10,168
163,31,168,233
10,163,233,4
168,10,4,587
233,168,587,212
4,233,212,6
587,4,6,738
212,587,738,887
6,212,887,14
738,6,14,20874
887,738,20874,354
14,887,354,367
20874,14,367,2338
354,20874,2338,3
367,354,3,2099
2338,367,2099,283
3,2338,283,299
2099,3,299,771
283,2099,771,4
299,283,4,7
771,299,7,228
4,771,228,10
7,4,10,8
228,7,8,24
10,228,24,10
8,10,10,73055
24,8,73055,16
10,24,16,9292
73055,10,9292,12
16,73055,12,770
9292,16,770,31
12,9292,31,116
770,12,116,412
31,770,412,57
116,31,57,65
412,116,65,62
57,412,62,3
65,57,3,1920
62,65,1920,2
3,62,2,92
1920,3,92,1576
2,1920,1576,9566
92,2,9566,19
1576,92,19,2853
9566,1576,2853,273
19,9566,273,354
2853,19,354,8
273,2853,8,3909
354,273,3909,1845
8,354,1845,26
3909,8,26,8399
1845,3909,8399,246
26,1845,246,24
8399,26,24,2135
246,8399,2135,2855
24,246,2855,10
2135,24,10,12
2855,2135,12,88
10,2855,88,2386
12,10,2386,188
88,12,188,354
2386,88,354,367
188,2386,367,9813
354,188,9813,61
367,354,61,122
9813,367,122,15181
61,9813,15181,198
122,61,198,591
15181,122,591,9
198,15181,9,38
591,198,38,83
9,591,83,6072
38,9,6072,4730
83,38,4730,4
6072,83,4,15236
4730,6072,15236,4250
4,4730,4250,140
15236,4,140,52
4250,15236,52,33
140,4250,33,768
52,140,768,38
33,52,38,1135
768,33,1135,11670
38,768,11670,26
1135,38,26,4128
11670,1135,4128,1999
26,11670,1999,3
4128,26,3,18
1999,4128,18,33
3,1999,33,15668
18,3,15668,36
33,18,36,1480
15668,33,1480,20
36,15668,20,7
1480,36,7,32860
20,1480,32860,270
7,20,270,203
32860,7,203,71
270,32860,71,4
203,270,4,55813
71,203,55813,7647
4,71,7647,327
55813,4,327,117
7647,55813,117,32
327,7647,32,4
117,327,4,48
32,117,48,38
4,32,38,13616
48,4,13616,327
38,48,327,17
13616,38,17,326
327,13616,326,3
17,327,3,1086
326,17,1086,138
3,326,138,27
1086,3,27,7
138,1086,7,101
27,138,101,59
7,27,59,11
101,7,11,44
59,101,44,20
11,59,20,7
44,11,7,1708
20,44,1708,65
7,20,65,3786
1708,7,3786,53
65,1708,53,64
3786,65,64,2834
53,3786,2834,512
64,53,512,5
2834,64,5,32
512,2834,32,16
5,512,16,2
32,5,2,589
16,32,589,60
2,16,60,1457
589,2,1457,4
60,589,4,41
1457,60,41,5341
4,1457,5341,3
41,4,3,923
5341,41,923,65
3,5341,65,476
923,3,476,1477
65,923,1477,1909
476,65,1909,367
1477,476,367,2338
1909,1477,2338,1536
367,1909,1536,3298
2338,367,3298,152
1536,2338,152,165
3298,1536,165,2308
152,3298,2308,207
165,152,207,509
2308,165,509,6
207,2308,6,2
509,207,2,2486
6,509,2486,740
2,6,740,3
2486,2,3,1287
740,2486,1287,27
3,740,27,122
1287,3,122,48
27,1287,48,20
122,27,20,7
48,122,7,1352
20,48,1352,1536
7,20,1536,3298
1352,7,3298,152
1536,1352,152,197
3298,1536,197,259
152,3298,259,39
197,152,39,249
259,197,249,60
39,259,60,2643
249,39,2643,390
60,249,390,1967
2643,60,1967,39
390,2643,39,7394
1967,390,7394,39
39,1967,39,2014
7394,39,2014,13
39,7394,13,241
2014,39,241,170
13,2014,170,3286
241,13,3286,98
170,241,98,6955
3286,170,6955,5
98,3286,5,3447
6955,98,3447,6
5,6955,6,2571
3447,5,2571,4
6,3447,4,7
2571,6,7,84
4,2571,84,15637
7,4,15637,9
84,7,9,32
15637,84,32,618
9,15637,618,79321
32,9,79321,18
618,32,18,3110
79321,618,3110,38
18,79321,38,2326
3110,18,2326,3
38,3110,3,192
2326,38,192,8955
3,2326,8955,622
192,3,622,12
8955,192,12,88
622,8955,88,1536
12,622,1536,618
88,12,618,3
1536,88,3,367
618,1536,367,1153
3,618,1153,266
367,3,266,5
1153,367,5,711
266,1153,711,26
5,266,26,415
711,5,415,8184
26,711,8184,1875
415,26,1875,4
8184,415,4,3379
1875,8184,3379,19
4,1875,19,169
3379,4,169,2
19,3379,2,18195
169,19,18195,70
2,169,70,160
18195,2,160,1545
70,18195,1545,36
160,70,36,484
1545,160,484,198
36,1545,198,38
484,36,38,2789
198,484,2789,1014
38,198,1014,4770
2789,38,4770,31
1014,2789,31,147
4770,1014,147,7642
31,4770,7642,15878
147,31,15878,2433
7642,147,2433,3
15878,7642,3,1153
2433,15878,1153,56
3,2433,56,41
1153,3,41,3041
56,1153,3041,39
41,56,39,1141
3041,41,1141,24
39,3041,24,777
1141,39,777,73
24,1141,73,1125
777,24,1125,39
73,777,39,4
1125,73,4,17917
39,1125,17917,80
4,39,80,687
17917,4,687,5347
80,17917,5347,5
687,80,5,105
5347,687,105,1420
5,5347,1420,19
105,5,19,558
1420,105,558,4
19,1420,4,672
558,19,672,396
4,558,396,172
672,4,172,9163
396,672,9163,5
172,396,5,6308
9163,172,6308,84
5,9163,84,3067
6308,5,3067,409
84,6308,409,157
3067,84,157,409
409,3067,409,207
157,409,207,1808
409,157,1808,5
207,409,5,770
1808,207,770,70
5,1808,70,45
770,5,45,16
70,770,16,254
45,70,254,362
16,45,362,7
254,16,7,362
362,254,362,30
7,362,30,34
362,7,34,21
30,362,21,609
34,30,609,618
21,34,618,162
609,21,162,3
618,609,3,2741
162,618,2741,20
3,162,20,85
2741,3,85,4
20,2741,4,6109
85,20,6109,2
4,85,2,5230
6109,4,5230,4033
2,6109,4033,79
5230,2,79,119
4033,5230,119,24819
79,4033,24819,34
119,79,34,106
24819,119,106,102
34,24819,102,492
106,34,492,6
102,106,6,433
492,102,433,217
6,492,217,30
433,6,30,34
217,433,34,7500
30,217,7500,1230
34,30,1230,25739
7500,34,25739,27523
1230,7500,27523,3298
25739,1230,3298,4
27523,25739,4,1666
3298,27523,1666,2
4,3298,2,3348
1666,4,3348,592
2,1666,592,9
3348,2,9,138
592,3348,138,23155
9,592,23155,52
138,9,52,1536
23155,138,1536,618
52,23155,618,162
1536,52,162,165
618,1536,165,2531
162,618,2531,217
165,162,217,7552
2531,165,7552,906
217,2531,906,114
7552,217,114,36
906,7552,36,2495
114,906,2495,989
36,114,989,1230
