9,2190,141,86
66,9,86,234
141,66,234,23
86,141,23,16283
234,86,16283,2190
23,234,2190,29
16283,23,29,4664
2190,16283,4664,115
29,2190,115,276
4664,29,276,2
115,4664,2,704
276,115,704,37
2,276,37,626
704,2,626,2190
37,704,2190,10
626,37,10,48
2190,626,48,32409
10,2190,32409,1485
48,10,1485,4
32409,48,4,8
1485,32409,8,392
4,1485,392,2
8,4,2,896
392,8,896,15267
2,392,15267,1788
896,2,1788,7
15267,896,7,2
1788,15267,2,42
7,1788,42,60
2,7,60,2026
42,2,2026,122
60,42,122,4664
2026,60,4664,7
122,2026,7,2
4664,122,2,3125
7,4664,3125,2026
2,7,2026,1788
3125,2,1788,34
2026,3125,34,17510
1788,2026,17510,734
34,1788,734,8174
17510,34,8174,7866
734,17510,7866,23
8174,734,23,1879
7866,8174,1879,412
23,7866,412,53
1879,23,53,4
412,1879,4,4881
53,412,4881,2137
4,53,2137,196
4881,4,196,82
2137,4881,82,64
196,2137,64,42
82,196,42,93
64,82,93,2408
42,64,2408,1144
93,42,1144,8
2408,93,8,26
1144,2408,26,219
8,1144,219,110
26,8,110,3
219,26,3,93
110,219,93,4392
3,110,4392,87
93,3,87,25
4392,93,25,5
87,4392,5,10
25,87,10,118
5,25,118,344
10,5,344,16
118,10,16,25
344,118,25,762
16,344,762,4
25,16,4,53
762,25,53,86
4,762,86,42
53,4,42,2190
86,53,2190,29
42,86,29,87
2190,42,87,4664
29,2190,4664,7
87,29,7,377
4664,87,377,1373
7,4664,1373,2190
377,7,2190,80
1373,377,80,762
2190,1373,762,25
80,2190,25,323
762,80,323,2
25,762,2,2
323,25,2,284
2,323,284,1788
2,2,1788,34
284,2,34,208
1788,284,208,3707
34,1788,3707,786
208,34,786,9
3707,208,9,8174
786,3707,8174,7866
9,786,7866,4
8174,9,4,73
7866,8174,73,1466
4,7866,1466,15726
73,4,15726,8
1466,73,8,27727
15726,1466,27727,55
8,15726,55,21
27727,8,21,172
55,27727,172,20
21,55,20,87
172,21,87,10
20,172,10,115
87,20,115,18
10,87,18,1142
115,10,1142,74
18,115,74,308
1142,18,308,1121
74,1142,1121,8
308,74,8,48
1121,308,48,35
8,1121,35,446
48,8,446,1323
35,48,1323,19247
446,35,19247,2385
1323,446,2385,169
19247,1323,169,11896
2385,19247,11896,1115
169,2385,1115,6
11896,169,6,43
1115,11896,43,74
6,1115,74,4542
43,6,4542,692
74,43,692,2309
4542,74,2309,3320
692,4542,3320,3956
2309,692,3956,234
3320,2309,234,23
3956,3320,23,3973
234,3956,3973,210
23,234,210,82
3973,23,82,23
210,3973,23,275
82,210,275,26652
23,82,26652,16
275,23,16,13571
26652,275,13571,79
16,26652,79,4697
13571,16,4697,29
79,13571,29,1327
4697,79,1327,2
29,4697,2,475
1327,29,475,120
2,1327,120,88
475,2,88,39
120,475,39,26652
88,120,26652,16
39,88,16,2556
26652,39,2556,3
16,26652,3,37461
2556,16,37461,82
3,2556,82,50
37461,3,50,3241
82,37461,3241,3
50,82,3,3551
3241,50,3551,156
3,3241,156,4
3551,3,4,63374
156,3551,63374,999
4,156,999,10
63374,4,10,40
999,63374,40,17
10,999,17,2
40,10,2,511
17,40,511,15840
2,17,15840,57517
511,2,57517,17819
15840,511,17819,5
57517,15840,5,14042
17819,57517,14042,20847
5,17819,20847,3084
14042,5,3084,5
20847,14042,5,1052
3084,20847,1052,84833
5,3084,84833,5482
1052,5,5482,3185
84833,1052,3185,5
5482,84833,5,274
3185,5482,274,310
5,3185,310,24
274,5,24,52
310,274,52,1152
24,310,1152,3
52,24,3,226
1152,52,226,12016
3,1152,12016,674
226,3,674,3267
12016,226,3267,11523
674,12016,11523,43
3267,674,43,15199
11523,3267,15199,42
43,11523,42,5
15199,43,5,150
42,15199,150,6337
5,42,6337,1160
150,5,1160,3706
6337,150,3706,5
1160,6337,5,66
3706,1160,66,20
5,3706,20,42
66,5,42,19
20,66,19,108070
42,20,108070,892
19,42,892,378
108070,19,378,44003
892,108070,44003,524
378,892,524,6
44003,378,6,29793
524,44003,29793,5900
6,524,5900,150
29793,6,150,3329
5900,29793,3329,6
150,5900,6,4394
3329,150,4394,23
6,3329,23,117
4394,6,117,5
23,4394,5,44
117,23,44,2
5,117,2,700
44,5,700,1037
2,44,1037,168
700,2,168,3465
1037,700,3465,9260
168,1037,9260,2893
3465,168,2893,2
9260,3465,2,9345
2893,9260,9345,3803
2,2893,3803,137
9345,2,137,1864
3803,9345,1864,1243
137,3803,1243,4
1864,137,4,11523
1243,1864,11523,43
4,1243,43,15199
11523,4,15199,164
43,11523,164,16612
15199,43,16612,20
164,15199,20,3102
16612,164,3102,14
20,16612,14,886
3102,20,886,6
14,3102,6,1243
886,14,1243,12
3063,306,354,9
5304,3063,9,6872
354,5304,6872,886
9,354,886,270
6872,9,270,59
886,6872,59,10
270,886,10,154
59,270,154,3
10,59,3,8313
154,10,8313,61
3,154,61,103
8313,3,103,7
61,8313,7,445
103,61,445,282
7,103,282,65
445,7,65,42
282,445,42,2
65,282,2,2078
42,65,2078,9
2,42,9,103
2078,2,103,229
9,2078,229,33
103,9,33,219
229,103,219,6
33,229,6,725
219,33,725,24802
6,219,24802,5072
725,6,5072,573
24802,725,573,36
5072,24802,36,6
573,5072,6,142
36,573,142,24802
6,36,24802,36105
142,6,36105,6763
24802,142,6763,412
36105,24802,412,44
6763,36105,44,552
412,6763,552,859
44,412,859,73
552,44,73,20
859,552,20,3464
73,859,3464,2078
20,73,2078,5304
3464,20,5304,9
2078,3464,9,103
5304,2078,103,52
9,5304,52,33
103,9,33,219
52,103,219,615
33,52,615,3
219,33,3,20829
615,219,20829,79
3,615,79,2
20829,3,2,97
79,20829,97,4
2,79,4,484
97,2,484,573
4,97,573,20
484,4,20,3063
573,484,3063,234
20,573,234,64
3063,20,64,606
234,3063,606,87
64,234,87,20
606,64,20,6504
87,606,6504,11441
20,87,11441,7
6504,20,7,445
11441,6504,445,1833
7,11441,1833,3
445,7,3,2741
1833,445,2741,62
3,1833,62,8112
2741,3,8112,393
62,2741,393,52
8112,62,52,33
393,8112,33,4
52,393,4,112
33,52,112,1388
4,33,1388,16
112,4,16,615
1388,112,615,3
16,1388,3,2642
615,16,2642,20
3,615,20,3063
2642,3,3063,261
20,2642,261,749
3063,20,749,196
261,3063,196,136
749,261,136,16296
196,749,16296,172
136,196,172,101
16296,136,101,53
172,16296,53,87
101,172,87,622
53,101,622,33
87,53,33,147
622,87,147,3
33,622,3,96
147,33,96,20
3,147,20,903
96,3,903,5304
20,96,5304,55
903,20,55,17
5304,903,17,277
55,5304,277,15
17,55,15,2
277,17,2,2290
15,277,2290,1413
2,15,1413,3
2290,2,3,2566
1413,2290,2566,48
3,1413,48,10
2566,3,10,123
48,2566,123,7
10,48,7,2
123,10,2,281
7,123,281,13465
2,7,13465,4
281,2,4,31954
13465,281,31954,17276
4,13465,17276,2239
31954,4,2239,972
17276,31954,972,56
2239,17276,56,112
972,2239,112,88
56,972,88,9742
112,56,9742,926
88,112,926,4
9742,88,4,18206
926,9742,18206,95
4,926,95,4752
18206,4,4752,87
95,18206,87,207
4752,95,207,23143
87,4752,23143,7
207,87,7,110
23143,207,110,3
7,23143,3,14
110,7,14,2
3,110,2,1034
14,3,1034,5
2,14,5,20
1034,2,20,34961
5,1034,34961,6872
20,5,6872,75
34961,20,75,33
6872,34961,33,555
75,6872,555,1224
33,75,1224,5105
555,33,5105,157
1224,555,157,230
5105,1224,230,17
157,5105,17,2
230,157,2,4442
17,230,4442,3432
2,17,3432,12
4442,2,12,273
3432,4442,273,3291
12,3432,3291,29
273,12,29,20
3291,273,20,3063
29,3291,3063,11
20,29,11,295
3063,20,295,22
11,3063,22,101214
295,11,101214,24865
22,295,24865,4
101214,22,4,329
24865,101214,329,72
4,24865,72,44
329,4,44,8
72,329,8,11
44,72,11,412
8,44,412,865
11,8,865,5
412,11,5,10418
865,412,10418,4991
5,865,4991,108
10418,5,108,18854
4991,10418,18854,20
108,4991,20,3464
18854,108,3464,2077
20,18854,2077,15
3464,20,15,20
2077,3464,20,715
15,2077,715,5304
20,15,5304,9
715,20,9,103
5304,715,103,33
9,5304,33,18
103,9,18,57
33,103,57,3063
18,33,3063,97
57,18,97,2428
3063,57,2428,254
97,3063,254,30
2428,97,30,219
254,2428,219,21
30,254,21,5051
219,30,5051,59
21,219,59,26
5051,21,26,137
59,5051,137,112
26,59,112,3391
137,26,3391,36463
112,137,36463,611
3391,112,611,2
36463,3391,2,51902
611,36463,51902,3
2,611,3,671
51902,2,671,15715
3,51902,15715,95677
671,3,95677,52
15715,671,52,33
95677,15715,33,14
52,95677,14,3
33,52,3,664
14,33,664,61
3,14,61,112
664,3,112,868
61,664,868,2
112,61,2,12694
868,112,12694,97
2,868,97,12
12694,2,12,132
97,12694,132,163
12,97,163,17
132,12,17,15
163,132,15,33
17,163,33,84
15,17,84,5304
33,15,5304,9
84,33,9,42
5304,84,42,16
9,5304,16,1695
42,9,1695,29
16,42,29,8313
1695,16,8313,61
29,1695,61,15
8313,29,15,2
61,8313,2,542
15,61,542,36
2,15,36,851
542,2,851,57
36,542,57,7
851,36,7,51
57,851,51,34
7,57,34,117
51,7,117,3063
34,51,3063,3
117,34,3,2
3063,117,2,12545
3,3063,12545,239
2,3,239,239
12545,2,239,351
239,12545,351,4771
239,239,4771,330
351,239,330,351
4771,351,351,6
330,4771,6,112
351,330,112,18434
6,351,18434,325
112,6,325,4
18434,112,4,33
325,18434,33,17
4,325,17,456
33,4,456,5
17,33,5,98
456,17,98,97
5,456,97,33
98,5,33,155
97,98,155,3
33,97,3,104
155,33,104,16
3,155,16,14658
104,3,14658,33
16,104,33,219
14658,16,219,615
33,14658,615,9
219,33,9,308
615,219,308,12
9,615,12,1573
308,9,1573,3063
12,308,3063,86
1573,12,86,154
3063,1573,154,370
86,3063,370,1161
154,86,1161,66
370,154,66,25
1161,370,25,20
66,1161,20,7
25,66,7,112
20,25,112,600
7,20,600,3
112,7,3,25
600,112,25,10
3,600,10,101
25,3,101,3082
10,25,3082,112
101,10,112,756
3082,101,756,36
112,3082,36,15086
756,112,15086,2208
36,756,2208,12
15086,36,12,112
2208,15086,112,5304
12,2208,5304,4
112,12,4,97
5304,112,97,165
4,5304,165,700
97,4,700,154
165,97,154,61
700,165,61,33
154,700,33,635
61,154,635,3284
33,61,3284,10
1566,15469,5,730
17520,1566,730,39
5,17520,39,239
730,5,239,101
39,730,101,17780
239,39,17780,90473
101,239,90473,2978
17780,101,2978,355
90473,17780,355,109
2978,90473,109,6
355,2978,6,1063
109,355,1063,16119
6,109,16119,186
1063,6,186,1016
16119,1063,1016,5331
186,16119,5331,48
1016,186,48,5
5331,1016,5,730
48,5331,730,19
5,48,19,5008
730,5,5008,2035
19,730,2035,94
5008,19,94,25257
2035,5008,25257,75665
94,2035,75665,6
25257,94,6,99
75665,25257,99,1701
6,75665,1701,5
99,6,5,1005
1701,99,1005,127
5,1701,127,85
1005,5,85,4
127,1005,4,5194
85,127,5194,3
4,85,3,764
5194,4,764,1701
3,5194,1701,175
764,3,175,172
1701,764,172,103
175,1701,103,94
172,175,94,5328
103,172,5328,19
94,103,19,1684
5328,94,1684,5
19,5328,5,2
1684,19,2,5068
5,1684,5068,592
2,5,592,1005
5068,2,1005,274
592,5068,274,82
1005,592,82,211
274,1005,211,2708
82,274,2708,1425
211,82,1425,4
2708,211,4,2035
1425,2708,2035,97
4,1425,97,82
2035,4,82,4216
97,2035,4216,38
82,97,38,144
4216,82,144,405
38,4216,405,3722
144,38,3722,63
405,144,63,15191
3722,405,15191,14922
63,3722,14922,2
15191,63,2,7085
14922,15191,7085,5
2,14922,5,17976
7085,2,17976,492
5,7085,492,31
17976,5,31,13
492,17976,13,522
31,492,522,2
13,31,2,1600
522,13,1600,5
2,522,5,890
1600,2,890,9
5,1600,9,66
890,5,66,126
9,890,126,1275
66,9,1275,63
126,66,63,6
1275,126,6,20
63,1275,20,906
6,63,906,788
20,6,788,1646
906,20,1646,3279
788,906,3279,186
1646,788,186,1016
3279,1646,1016,725
186,3279,725,150
1016,186,150,10542
725,1016,10542,8421
150,725,8421,10
10542,150,10,2
8421,10542,2,2
10,8421,2,12958
2,10,12958,163
2,2,163,6
12958,2,6,1005
163,12958,1005,616
6,163,616,356
1005,6,356,103
616,1005,103,153
356,616,153,394
103,356,394,12
153,103,12,132
394,153,132,14922
12,394,14922,517
132,12,517,85
14922,132,85,15
517,14922,15,4
85,517,4,11152
15,85,11152,5
4,15,5,106
11152,4,106,17627
5,11152,17627,186
106,5,186,1016
17627,106,1016,19
186,17627,19,911
1016,186,911,1381
19,1016,1381,6
911,19,6,2
1381,911,2,1005
6,1381,1005,127
2,6,127,85
1005,2,85,170
127,1005,170,8310
85,127,8310,4855
170,85,4855,8493
8310,170,8493,79
4855,8310,79,401
8493,4855,401,5
79,8493,5,890
401,79,890,30
5,401,30,18
890,5,18,1126
30,890,1126,168
18,30,168,2
1126,18,2,60
168,1126,60,5
2,168,5,718
60,2,718,2680
5,60,2680,9
718,5,9,133
2680,718,133,82
9,2680,82,29
133,9,29,1904
82,133,1904,1101
29,82,1101,13
1904,29,13,11039
1101,1904,11039,10
13,1101,10,7697
11039,13,7697,3
10,11039,3,734
7697,10,734,5
3,7697,5,1790
734,3,1790,14922
5,734,14922,873
1790,5,873,6
14922,1790,6,22
873,14922,22,592
6,873,592,381
22,6,381,140
592,22,140,876
381,592,876,3
140,381,3,18441
876,140,18441,787
3,876,787,6
18441,3,6,236
787,18441,236,326
6,787,326,1609
236,6,1609,41967
326,236,41967,11
1609,326,11,9064
41967,1609,9064,81
11,41967,81,9
9064,11,9,5453
81,9064,5453,9051
9,81,9051,4
5453,9,4,8415
9051,5453,8415,29
4,9051,29,132
8415,4,132,14
29,8415,14,21
132,29,21,6
14,132,6,209
21,14,209,2
6,21,2,532
209,6,532,5
2,209,5,4983
532,2,4983,511
5,532,511,10
4983,5,10,14
511,4983,14,3993
10,511,3993,1670
14,10,1670,5
3993,14,5,4
1670,3993,4,547
5,1670,547,316
4,5,316,6
547,4,6,54
316,547,54,2939
6,316,2939,5
54,6,5,846
2939,54,846,226
5,2939,226,14
846,5,14,2013
226,846,2013,19
14,226,19,529
2013,14,529,492
19,2013,492,675
529,19,675,16119
492,529,16119,186
675,492,186,1016
16119,675,1016,14
186,16119,14,4
1016,186,4,1041
14,1016,1041,809
4,14,809,9
1041,4,9,274
809,1041,274,4
9,809,4,9
274,9,9,492
4,274,492,678
9,4,678,156
492,9,156,2
678,492,2,14922
156,678,14922,11
2,156,11,14
14922,2,14,2
11,14922,2,105
14,11,105,12757
2,14,12757,31
105,2,31,5600
12757,105,5600,2
31,12757,2,136
5600,31,136,3
2,5600,3,10149
136,2,10149,4
3,136,4,17105
10149,3,17105,2
4,10149,2,3
17105,4,3,114
2,17105,114,2762
3,2,2762,37
114,3,37,487
2762,114,487,2664
37,2762,2664,22
487,37,22,144
2664,487,144,1138
22,2664,1138,24
144,22,24,88
1138,144,88,8311
24,1138,8311,2040
88,24,2040,5
8311,88,5,547
2040,8311,547,1763
5,2040,1763,101
547,5,101,6
1763,547,6,57
101,1763,57,357
6,101,357,11
57,6,11,14
357,57,14,2
11,357,2,1632
14,11,1632,6146
2,14,6146,82
1632,2,82,4
6146,1632,4,22
82,6146,22,2023
4,82,2023,2815
22,4,2815,4
2023,22,4,19264
2815,2023,19264,1101
4,2815,1101,2
19264,4,2,3166
1101,19264,3166,268
2,1101,268,2824
3166,2,2824,11
268,3166,11,7
2824,268,7,21
11,2824,21,1638
7,11,1638,2265
21,7,2265,9
1638,21,9,191
2265,1638,191,4
9,2265,4,208
191,9,208,245
4,191,245,324
208,4,324,349
245,208,349,3
324,245,3,8730
349,324,8730,10
3,349,10,22
8730,3,22,564
10,8730,564,14
22,10,14,3
564,22,3,17
14,564,17,2
3,14,2,26043
17,3,26043,4
2,17,4,3
26043,2,3,7459
4,26043,7459,22
3,4,22,354
7459,3,354,79
22,7459,79,150
354,22,150,185
79,354,185,730
150,79,730,39
185,150,39,239
730,185,239,101
39,730,101,7
239,39,7,382
101,239,382,24
7,101,24,4295
382,7,4295,3
24,382,3,5844
4295,24,5844,3
3,4295,3,1476
5844,3,1476,2
3,5844,2,39
1476,3,39,1564
2,1476,1564,5
39,2,5,2009
1564,39,2009,675
5,1564,675,13
2009,5,13,1362
675,2009,1362,74
13,675,74,268
1362,13,268,28149
74,1362,28149,4
268,74,4,26
28149,268,26,16
4,28149,16,3791
26,4,3791,2
16,26,2,136
3791,16,136,2215
2,3791,2215,2060
136,2,2060,65
2215,136,65,16119
2060,2215,16119,186
65,2060,186,1016
16119,65,1016,367
186,16119,367,2338
1016,186,2338,3
367,1016,3,4
2338,367,4,19
3,2338,19,10839
4,3,10839,3890
19,4,3890,3
10839,19,3,623
3890,10839,623,10989
3,3890,10989,4
623,3,4,4888
10989,623,4888,5
4,10989,5,698
4888,4,698,26
5,4888,26,16
698,5,16,2918
26,698,2918,12949
16,26,12949,38
2918,16,38,292
12949,2918,292,186
38,12949,186,1016
292,38,1016,83
186,292,83,1412
1016,186,1412,7
83,1016,7,2
1412,83,2,1032
7,1412,1032,482
2,7,482,5
1032,2,5,39
482,1032,39,3043
5,482,3043,5
39,5,5,101
3043,39,101,1948
5,3043,1948,49
101,5,49,7753
1948,101,7753,810
49,1948,810,2423
7753,49,2423,186
810,7753,186,1016
2423,810,1016,7
186,2423,7,438
1016,186,438,2
7,1016,2,3278
438,7,3278,105
2,438,105,559
3278,2,559,4
105,3278,4,13
559,105,13,260
4,559,260,1956
13,4,1956,8
260,13,8,49
1956,260,49,97
8,1956,97,55
49,8,55,192
97,49,192,4021
55,97,4021,5
192,55,5,5
4021,192,5,106
5,4021,106,6
5,5,6,818
106,5,818,24
6,106,24,6315
818,6,6315,6
24,818,6,464
6315,24,464,3
6,6315,3,59162
464,6,59162,100
3,464,100,49803
59162,3,49803,6
100,59162,6,413
49803,100,413,11
6,49803,11,4
413,6,4,49
11,413,49,5192
4,11,5192,4
49,4,4,5795
5192,49,5795,4120
4,5192,4120,16
5795,4,16,21
4120,5795,21,82
16,4120,82,2
21,16,2,76
82,21,76,12
2,82,12,274
76,2,274,40
