3,630,46,36
5298,3,36,1400
46,5298,1400,142
36,46,142,46
1400,36,46,22
142,1400,22,1184
46,142,1184,3
22,46,3,67202
1184,22,67202,68
3,1184,68,886
67202,3,886,2
68,67202,2,304
886,68,304,3
2,886,3,558
91,30,67,188
9190,91,188,7
67,9190,7,380
188,67,380,445
7,188,445,47
380,7,47,4
445,380,4,11941
47,445,11941,5
4,47,5,138
11941,4,138,27
5,11941,27,82
138,5,82,26250
27,138,26250,355
82,27,355,884
26250,82,884,1414
355,26250,1414,39
884,355,39,356
1414,884,356,336
39,1414,336,2
356,39,2,300
336,356,300,26250
2,336,26250,16925
300,2,16925,22243
26250,300,22243,13
16925,26250,13,5158
22243,16925,5158,43
13,22243,43,3162
5158,13,3162,138
43,5158,138,27
3162,43,27,75
138,3162,75,11
27,138,11,1297
75,27,1297,135
11,75,135,895
1297,11,895,78
135,1297,78,32
895,135,32,6
78,895,6,2
32,78,2,2987
6,32,2987,85
2,6,85,1415
2987,2,1415,284
85,2987,284,20
1415,85,20,736
284,1415,736,371
20,284,371,22243
736,20,22243,28
371,736,28,45
22243,371,45,5
28,22243,5,143
45,28,143,35
5,45,35,18
143,5,18,146
35,143,146,2
18,35,2,131
146,18,131,314
2,146,314,655
131,2,655,4
314,131,4,8
655,314,8,11
4,655,11,445
8,4,445,1077
11,8,1077,27
445,11,27,40
1077,445,40,192
27,1077,192,711
40,27,711,3597
192,40,3597,11
711,192,11,234
3597,711,234,845
11,3597,845,3
234,11,3,518
845,234,518,89
3,845,89,850
518,3,850,7
89,518,7,380
850,89,380,445
7,850,445,47
380,7,47,4
445,380,4,11941
47,445,11941,5
4,47,5,138
11941,4,138,27
5,11941,27,371
138,5,371,22243
27,138,22243,1893
371,27,1893,61
22243,371,61,11589
1893,22243,11589,22
61,1893,22,4634
11589,61,4634,156
22,11589,156,2
4634,22,2,12648
156,4634,12648,272
2,156,272,4
12648,2,4,2
272,12648,2,10211
4,272,10211,63
2,4,63,7
10211,2,7,14
63,10211,14,11426
7,63,11426,9
14,7,9,89
11426,14,89,24
9,11426,24,131
89,9,131,1096
24,89,1096,5
131,24,5,20
1096,131,20,69
5,1096,69,4
20,5,4,7
69,20,7,403
4,69,403,3
7,4,3,966
403,7,966,89
3,403,89,4
966,3,4,22
89,966,22,3077
4,89,3077,99
22,4,99,1220
3077,22,1220,131
99,3077,131,850
1220,99,850,301
131,1220,301,333
850,131,333,6
301,850,6,77794
333,301,77794,111
6,333,111,1298
77794,6,1298,8
111,77794,8,4
1298,111,4,1924
8,1298,1924,92
4,8,92,518
1924,4,518,14
92,1924,14,228
518,92,228,341
14,518,341,20
228,14,20,736
341,228,736,6
20,341,6,2
736,20,2,1272
6,736,1272,3
2,6,3,516
1272,2,516,31
3,1272,31,801
516,3,801,3
31,516,3,43
801,31,43,9
3,801,9,1344
43,3,1344,3065
9,43,3065,44
1344,9,44,26250
3065,1344,26250,4103
44,3065,4103,2
26250,44,2,2705
4103,26250,2705,5
2,4103,5,6061
2705,2,6061,4
5,2705,4,2
6061,5,2,24008
4,6061,24008,42
2,4,42,1950
24008,2,1950,28
42,24008,28,7
1950,42,7,113
28,1950,113,13205
7,28,13205,43272
113,7,43272,2602
13205,113,2602,865
43272,13205,865,6061
2602,43272,6061,4
865,2602,4,132
6061,865,132,18
4,6061,18,3
132,4,3,966
18,132,966,371
3,18,371,27
966,3,27,15
371,966,15,2
27,371,2,6160
15,27,6160,5
2,15,5,68656
6160,2,68656,6
5,6160,6,119
68656,5,119,111
6,68656,111,235
119,6,235,66
111,119,66,331
235,111,331,37
66,235,37,22
331,66,22,300
37,331,300,37
22,37,37,371
300,22,371,27
37,300,27,118
371,37,118,1116
27,371,1116,4
118,27,4,830
1116,118,830,100
4,1116,100,544
830,4,544,20
100,830,20,66
544,100,66,26250
20,544,26250,897
66,20,897,11
26250,66,11,14
897,26250,14,86
11,897,86,12666
14,11,12666,23
86,14,23,60
12666,86,60,4
23,12666,4,8
60,23,8,11
4,60,11,14
8,4,14,86
11,8,86,14598
14,11,14598,715
86,14,715,23
14598,86,23,475
715,14598,475,63
23,715,63,5
475,23,5,143
63,475,143,35
5,63,35,138
143,5,138,34
35,143,34,116
138,35,116,7
34,138,7,14
116,34,14,86
7,116,86,51506
14,7,51506,15
86,14,15,89
51506,86,89,22243
15,51506,22243,35
89,15,35,30
22243,89,30,219
35,22243,219,445
30,35,445,12666
219,30,12666,4
445,219,4,7922
12666,445,7922,73
4,12666,73,8
7922,4,8,6
73,7922,6,356
8,73,356,7
6,8,7,234
356,6,234,845
7,356,845,3
234,7,3,1568
845,234,1568,2
3,845,2,1701
1568,3,1701,5
2,1568,5,4150
1701,2,4150,15
5,1701,15,89
4150,5,89,6
15,4150,6,27833
89,15,27833,1197
6,89,1197,7
27833,6,7,41
1197,27833,41,1229
7,1197,1229,37
41,7,37,395
1229,41,395,6434
37,1229,6434,3109
395,37,3109,306
6434,395,306,285
10,126,4,1514
83631,10,1514,39
4,83631,39,1369
1514,4,1369,4
39,1514,4,410
1369,39,410,360
4,1369,360,4358
410,4,4358,6
360,410,6,410
4358,360,410,294
6,4358,294,12
410,6,12,112
294,410,112,114
12,294,114,3376
112,12,3376,708
114,112,708,4
3376,114,4,7
708,3376,7,18
4,708,18,3
7,4,3,2642
18,7,2642,33
3,18,33,16
2642,3,16,139
33,2642,139,2
16,33,2,11918
139,16,11918,25980
2,139,25980,707
11918,2,707,3
25980,11918,3,2
707,25980,2,1481
3,707,1481,3216
2,3,3216,9108
1481,2,9108,998
3216,1481,998,112
9108,3216,112,320
998,9108,320,1388
112,998,1388,5
320,112,5,1591
1388,320,1591,4
5,1388,4,16
1591,5,16,54
4,1591,54,33
16,4,33,140
54,16,140,327
33,54,327,2216
140,33,2216,4
327,140,4,8
2216,327,8,7
4,2216,7,236
8,4,236,12
7,8,12,2
236,7,2,314
109,318,1171,1795
23,109,1795,10
1171,23,10,115
1795,1171,115,323
10,1795,323,31
115,10,31,192
323,115,192,174
31,323,174,213
192,31,213,55
174,192,55,21
213,174,21,6735
55,213,6735,155
21,55,155,12
6735,21,12,107
155,6735,107,10
12,155,10,13
107,12,13,174
10,107,174,25
13,10,25,982
174,13,982,25
25,174,25,96
982,25,96,10
25,982,10,1173
96,25,1173,73
10,96,73,27
1173,10,27,7
73,1173,7,110
27,73,110,3
7,27,3,611
110,7,611,10
3,110,10,83
611,3,83,174
10,611,174,4
83,10,4,5423
174,83,5423,811
4,174,811,174
5423,4,174,45
811,5423,45,73
174,811,73,180
45,174,180,14
73,45,14,3
180,73,3,137
14,180,137,573
3,14,573,2538
137,3,2538,174
573,137,174,26
2538,573,26,121
174,2538,121,17
26,174,17,3833
121,26,3833,9
17,121,9,51
3833,17,51,26
9,3833,26,18
51,9,18,42
26,51,42,3
18,26,3,20
42,18,20,133
3,42,133,174
20,3,174,629
133,20,629,83692
174,133,83692,5346
629,174,5346,174
83692,629,174,48
5346,83692,48,5
174,5346,5,81
48,174,81,52
5,48,52,33
81,5,33,36
52,81,36,7
33,52,7,7
36,33,7,51
7,36,51,26
7,7,26,18
51,7,18,42
26,51,42,174
18,26,174,30
42,18,30,40
174,42,40,17
30,174,17,6
40,30,6,15221
17,40,15221,6
6,17,6,910
15221,6,910,1297
6,15221,1297,101218
910,6,101218,180
1297,910,180,10
101218,1297,10,34
180,101218,34,93
10,180,93,901
34,10,901,126
93,34,126,10
901,93,10,93
126,901,93,282
10,126,282,174
93,10,174,29
282,93,29,59
174,282,59,33
29,174,33,219
59,29,219,2390
33,59,2390,2
219,33,2,79513
2390,219,79513,56
2,2390,56,10
79513,2,10,110
56,79513,110,3
10,56,3,1671
32,78,26,331
59,32,331,49
26,59,49,51
331,26,51,11
49,331,11,113
51,49,113,5
11,51,5,78
113,11,78,32
5,113,32,26
78,5,26,208
32,78,208,761
26,32,761,49
208,26,49,3
761,208,3,44
49,761,44,20
3,49,20,300
44,3,300,1015
20,44,1015,44
300,20,44,48606
1015,300,48606,148
44,1015,148,174
48606,44,174,15655
148,48606,15655,130
174,148,130,2
15655,174,2,134
130,15655,134,180
2,130,180,8
134,2,8,78
180,134,78,32
8,180,32,659
78,8,659,2
32,78,2,182
659,32,182,25
2,659,25,52
182,2,52,11
25,182,11,192
52,25,192,11
11,52,11,230
192,11,230,123
11,192,123,74
230,11,74,133
123,230,133,6655
74,123,6655,20971
26369,15554,21,1602
14,26369,1602,1980
21,14,1980,375
1602,21,375,2
1980,1602,2,903
375,1980,903,66
2,375,66,404
903,2,404,140
66,903,140,11
404,66,11,739
140,404,739,615
11,140,615,1867
739,11,1867,23
615,739,23,255
1867,615,255,6
23,1867,6,1836
255,23,1836,213
6,255,213,1329
1836,6,1329,8
213,1836,8,882
1329,213,882,629
8,1329,629,50
882,8,50,21
629,882,21,3468
50,629,3468,1154
21,50,1154,82
3468,21,82,4
1154,3468,4,1588
82,1154,1588,494
4,82,494,32912
1588,4,32912,1029
494,1588,1029,23
32912,494,23,865
1029,32912,865,1466
23,1029,1466,11
865,23,11,2990
1466,865,2990,258
11,1466,258,509
2990,11,509,3
258,2990,3,4
509,258,4,6581
3,509,6581,598
4,3,598,24
6581,4,24,49
598,6581,49,308
24,598,308,746
49,24,746,614
308,49,614,15
746,308,15,1231
614,746,1231,25
15,614,25,11
1231,15,11,77
25,1231,77,1166
11,25,1166,57
77,11,57,145
1166,77,145,267
57,1166,267,6
145,57,6,2
267,145,2,676
6,267,676,102
2,6,102,2
676,2,2,135
102,676,135,2332
2,102,2332,31
135,2,31,13
2332,135,13,11214
31,2332,11214,1384
13,31,1384,387
11214,13,387,6
1384,11214,6,1001
387,1384,1001,11
6,387,11,3961
1001,6,3961,168
11,1001,168,3160
3961,11,3160,9
168,3961,9,145
3160,168,145,2348
9,3160,2348,19
145,9,19,22
2348,145,22,13774
19,2348,13774,4
22,19,4,8911
13774,22,8911,80376
4,13774,80376,140
8911,4,140,182
80376,8911,182,135
140,80376,135,127
182,140,127,289
135,182,289,3
127,135,3,78
289,127,78,32
3,289,32,4
78,3,4,1521
32,78,1521,49
4,32,49,9
1521,4,9,119
49,1521,119,111
9,49,111,128
119,9,128,205
111,119,205,23
128,111,23,150
205,128,150,440
23,205,440,8
150,23,8,14
440,150,14,120
8,440,120,26369
14,8,26369,4
120,14,4,145
26369,120,145,74987
4,26369,74987,182
145,4,182,5
74987,145,5,43
182,74987,43,4605
5,182,4605,15
43,5,15,23736
4605,43,23736,3578
15,4605,3578,4260
23736,15,4260,51
3578,23736,51,11
4260,3578,11,110
51,4260,110,3
11,51,3,25
110,11,25,11
3,110,11,28
25,3,28,87
11,25,87,4086
28,11,4086,12
87,28,12,51
4086,87,51,11
12,4086,11,7
51,12,7,8
11,51,8,120
7,11,120,578
8,7,578,14
120,8,14,536
578,120,536,110
14,578,110,3
536,14,3,155
110,536,155,36
3,110,36,21
155,3,21,155
36,155,155,11
21,36,11,516
155,21,516,3
11,155,3,942
516,11,942,53
3,516,53,4
942,3,4,578
53,942,578,396
4,53,396,942
578,4,942,53
396,578,53,10
942,396,10,55
53,942,55,21
10,53,21,942
55,10,942,6
21,55,6,2
942,21,2,4050
6,942,4050,1655
2,6,1655,578
4050,2,578,7
1655,4050,7,44155
578,1655,44155,8
7,578,8,1655
44155,7,1655,25
8,44155,25,30
1655,8,30,396
25,1655,396,942
30,25,942,98908
396,30,98908,4
942,396,4,57
98908,942,57,50
4,98908,50,791
57,4,791,9
50,57,9,2
791,50,2,39
9,791,39,3056
2,9,3056,5
39,2,5,2
3056,39,2,32917
5,3056,32917,105
2,5,105,1408
32917,2,1408,12
105,32917,12,429
1408,105,429,2
12,1408,2,1425
429,12,1425,97
2,429,97,3633
1425,2,3633,198
97,1425,198,10
3633,97,10,127
198,3633,127,2776
10,198,2776,440
127,10,440,6
2776,127,6,9996
440,2776,9996,1880
6,440,1880,5
9996,6,5,4432
1880,9996,4432,598
5,1880,598,82
4432,5,82,273
598,4432,273,649
82,598,649,142
273,82,142,4459
649,273,4459,440
142,649,440,2850
4459,142,2850,7
440,4459,7,4432
2850,440,4432,30
7,2850,30,18
4432,7,18,2
30,4432,2,85980
18,30,85980,180
2,18,180,1425
85980,2,1425,97
180,85980,97,14
1425,180,14,86
97,1425,86,57
14,97,57,1244
86,14,1244,26369
57,86,26369,28
1244,57,28,6
26369,1244,6,2
28,26369,2,724
6,28,724,968
2,6,968,23
724,2,23,393
968,724,393,5
23,968,5,4432
393,23,4432,53
5,393,53,72
4432,5,72,64
53,4432,64,107
72,53,107,8
64,72,8,476
107,64,476,3507
8,107,3507,36
476,8,36,101
3507,476,101,5
36,3507,5,3507
101,36,3507,14
5,101,14,110
3507,5,110,3
14,3507,3,93
110,14,93,157
3,110,157,120
93,3,120,10
157,93,10,816
120,157,816,3
10,120,3,27425
816,10,27425,4314
3,816,4314,7
27425,3,7,867
4314,27425,867,2
7,4314,2,2
867,7,2,1425
2,867,1425,97
2,2,97,94
1425,2,94,9
97,1425,9,2
94,97,2,598
9,94,598,775
2,9,775,847
598,2,847,20
775,598,20,84663
847,775,84663,7
20,847,7,277
84663,20,277,56
7,84663,56,37
277,7,37,3395
56,277,3395,2761
37,56,2761,54
3395,37,54,14
2761,3395,14,2270
54,2761,2270,2
14,54,2,205
2270,14,205,75
2,2270,75,7
205,2,7,277
75,205,277,56
7,75,56,37
277,7,37,494
56,277,494,82
37,56,82,4086
494,37,4086,12
82,494,12,31
4086,82,31,33
12,4086,33,706
31,12,706,11
33,31,11,7
706,33,7,714
11,706,714,41
7,11,41,1055
714,7,1055,65
41,714,65,494
1055,41,494,26369
65,1055,26369,28
494,65,28,11
26369,494,11,7
28,26369,7,714
11,28,714,41
7,11,41,1895
714,7,1895,1602
41,714,1602,65
1895,41,65,494
1602,1895,494,4
65,1602,4,11
494,65,11,7
4,494,7,714
11,4,714,76
7,11,76,40
714,7,40,44
76,714,44,186
40,76,186,2250
44,40,2250,36
186,44,36,186
2250,186,186,5262
36,2250,5262,82
186,36,82,36
5262,186,36,1112
82,5262,1112,10
36,82,10,7
1112,36,7,11
10,1112,11,13
7,10,13,51
11,7,51,494
13,11,494,13
51,13,13,4
494,51,4,714
13,494,714,82288
4,13,82288,7
714,4,7,303
82288,714,303,3
7,82288,3,17
303,7,17,1298
3,303,1298,2
17,3,2,1425
1298,17,1425,97
2,1298,97,287
1425,2,287,12
97,1425,12,747
287,97,747,4
12,287,4,7
747,12,7,2195
4,747,2195,8203
7,4,8203,2530
2195,7,2530,529
8203,2195,529,217
2530,8203,217,5
529,2530,5,145
217,529,145,267
5,217,267,31
145,5,31,16
267,145,16,3758
31,267,3758,36
16,31,36,2704
3758,16,2704,3
36,3758,3,7043
2704,36,7043,22
3,2704,22,251
7043,3,251,3
22,7043,3,144
251,22,144,32
3,251,32,6
144,3,6,2
32,144,2,280
6,32,280,314
2,6,314,356
280,2,356,932
314,280,932,5
356,314,5,264
932,356,264,199
5,932,199,2761
264,5,2761,7
199,264,7,23
2761,199,23,405
7,2761,405,1548
23,7,1548,97
405,23,97,2637
1548,405,2637,881
97,1548,881,23
2637,97,23,138
881,2637,138,27
23,881,27,7
138,23,7,23
27,138,23,4
7,27,4,32
23,7,32,23
4,23,23,217
32,4,217,3
23,32,3,2233
217,23,2233,7387
3,217,7387,29
2233,3,29,362
7387,2233,362,3
29,7387,3,1497
362,29,1497,2223
3,362,2223,349
1497,3,349,237
2223,1497,237,6
349,2223,6,904
237,349,904,35
6,237,35,6
904,6,6,355
35,904,355,4
6,35,4,8829
355,6,8829,5
4,355,5,851
8829,4,851,23230
5,8829,23230,15
851,5,15,135
23230,851,135,4
15,23230,4,58
135,15,58,94
4,135,94,6
58,4,6,881
94,58,881,495
6,94,495,86
881,6,86,4
495,881,4,2761
86,495,2761,5
4,86,5,973
2761,4,973,106
5,2761,106,362
973,5,362,68
106,973,68,3
362,106,3,9898
68,362,9898,76
3,68,76,11229
9898,3,11229,135
76,9898,135,8941
11229,76,8941,4676
135,11229,4676,6
8941,135,6,5661
4676,8941,5661,5
6,4676,5,59
5661,6,59,76
5,5661,76,948
59,5,948,1425
76,59,1425,97
948,76,97,94
1425,948,94,8502
97,1425,8502,7076
94,97,7076,1527
8502,94,1527,6
7076,8502,6,410
1527,7076,410,9
6,1527,9,8978
410,6,8978,1109
9,410,1109,2640
8978,9,2640,257
1109,8978,257,85
2640,1109,85,4
257,2640,4,1172
85,257,1172,575
4,85,575,978
1172,4,978,189
575,1172,189,3
978,575,3,119
189,978,119,70858
3,189,70858,3
119,3,3,448
70858,119,448,5
3,70858,5,1425
448,3,1425,97
5,448,97,2
1425,5,2,4
97,1425,4,17173
2,97,17173,9
4,2,9,162
17173,4,162,781
9,17173,781,1835
162,9,1835,2591
781,162,2591,1762
1835,781,1762,132
2591,1835,132,16
1762,2591,16,440
132,1762,440,880
16,132,880,339
440,16,339,1243
880,440,1243,12
339,880,12,747
1243,339,747,37
12,1243,37,103
747,12,103,153
37,747,153,75
103,37,75,3222
153,103,3222,60
75,153,60,2112
3222,75,2112,125
60,3222,125,822
2112,60,822,8
125,2112,8,135
822,125,135,150
8,822,150,369
135,8,369,158
150,135,158,2530
369,150,2530,15369
158,369,15369,3
2530,158,3,2074
15369,2530,2074,145
3,15369,145,100
2074,3,100,69
145,2074,69,3155
100,145,3155,2
69,100,2,3074
3155,69,3074,4
2,3155,4,1197
3074,2,1197,3
4,3074,3,22
1197,4,22,5435
3,1197,5435,100
22,3,100,11120
5435,22,11120,455
100,5435,455,32
11120,100,32,4
455,11120,4,88455
32,455,88455,655
