1937,4,1144,11
22,1937,11,481
1144,22,481,1266
11,1144,1266,574
481,11,574,24
1266,481,24,48
574,1266,48,665
24,574,665,3940
48,24,3940,6489
665,48,6489,338
3940,665,338,4222
6489,3940,4222,4
338,6489,4,8740
4222,338,8740,81
4,4222,81,19
8740,4,19,2
81,8740,2,306
19,81,306,2
2,19,2,7895
306,2,7895,4
2,306,4,13284
7895,2,13284,1684
4,7895,1684,5
13284,4,5,2801
1684,13284,2801,7315
5,1684,7315,3
2801,5,3,1666
7315,2801,1666,20
3,7315,20,10
1666,3,10,14
20,1666,14,1310
10,20,1310,3
14,10,3,392
1310,14,392,2
3,1310,2,35
392,3,35,5
2,392,5,1556
35,2,1556,4
5,35,4,1493
1556,5,1493,2371
4,1556,2371,361
1493,4,361,24
2371,1493,24,3423
361,2371,3423,54
24,361,54,26474
3423,24,26474,2384
54,3423,2384,4
26474,54,4,18874
2384,26474,18874,6897
4,2384,6897,2208
18874,4,2208,6
6897,18874,6,67
2208,6897,67,107
6,2208,107,6
67,6,6,20
107,67,20,1088
6,107,1088,13720
20,6,13720,14
1088,20,14,5582
13720,1088,5582,3049
14,13720,3049,1075
5582,14,1075,730
3049,5582,730,20
1075,3049,20,696
730,1075,696,151
20,730,151,1266
696,20,1266,3890
151,696,3890,1099
1266,151,1099,3
3890,1266,3,24527
1099,3890,24527,1822
3,1099,1822,11493
24527,3,11493,697
1822,24527,697,3
11493,1822,3,1166
697,11493,1166,20
3,697,20,8095
1166,3,8095,301
20,1166,301,11
8095,20,11,516
301,8095,516,394
11,301,394,3
516,11,3,392
394,516,392,22
3,394,22,87732
392,3,87732,330
22,392,330,5
87732,22,5,132
330,87732,132,109
5,330,109,99
132,5,99,6259
109,132,6259,1118
99,109,1118,3
6259,99,3,277
1118,6259,277,316
3,1118,316,6
277,3,6,2
316,277,2,3668
6,316,3668,746
2,6,746,37688
3668,2,37688,13542
746,3668,13542,6
37688,746,6,100095
13542,37688,100095,53
6,13542,53,50
100095,6,50,566
53,100095,566,80562
50,53,80562,26
566,50,26,1868
80562,566,1868,328
26,80562,328,8
1868,26,8,50
328,1868,50,3
8,328,3,3436
50,8,3436,86834
3,50,86834,475
3436,3,475,94
86834,3436,94,9
475,86834,9,4191
94,475,4191,633
9,94,633,232
4191,9,232,100
633,4191,100,3114
232,633,3114,2
100,232,2,571
3114,100,571,2326
2,3114,2326,15
571,2,15,11107
2326,571,11107,28498
15,2326,28498,4
11107,15,4,338
28498,11107,338,1335
4,28498,1335,4
338,4,4,105359
1335,338,105359,1096
4,1335,1096,316
105359,4,316,13
1096,105359,13,86
316,1096,86,446
13,316,446,9284
86,13,9284,18571
446,86,18571,4
9284,446,4,10908
18571,9284,10908,18571
4,18571,18571,174
10908,4,174,100
18571,10908,100,320
174,18571,320,18571
100,174,18571,2206
320,100,2206,3
18571,320,3,4164
2206,18571,4164,801
3,2206,801,5
4164,3,5,2881
801,4164,2881,81421
5,801,81421,5578
2881,5,5578,316
81421,2881,316,2265
5578,81421,2265,3
316,5578,3,1798
2265,316,1798,560
3,2265,560,1583
1798,3,1583,36
560,1798,36,24907
1583,560,24907,37
36,1583,37,62
24907,36,62,770
37,24907,770,4
62,37,4,35
770,62,35,230
4,770,230,17
35,4,17,94562
230,35,94562,9284
17,230,9284,2489
94562,17,2489,3
9284,94562,3,862
2489,9284,862,3
3,2489,3,875
862,3,875,446
3,862,446,5
875,3,5,18571
446,875,18571,9
5,446,9,482
18571,5,482,13
9,18571,13,3
482,9,3,735
13,482,735,2
3,13,2,2671
735,3,2671,181
2,735,181,12
2671,2,12,1851
181,2671,1851,5
12,181,5,563
1851,12,563,11
5,1851,11,2714
563,5,2714,1947
11,563,1947,5
2714,11,5,22
1947,2714,22,2006
5,1947,2006,4
22,5,4,2021
2006,22,2021,173
4,2006,173,5
2021,4,5,22
173,2021,22,1764
5,173,1764,48
22,5,48,232
1764,22,232,13
48,1764,13,3
232,48,3,1098
13,232,1098,147
3,13,147,5
1098,3,5,2
147,1098,2,770
5,147,770,126
2,5,126,38
770,2,38,40667
126,770,40667,691
38,126,691,5
40667,38,5,6259
691,40667,6259,74
5,691,74,66
6259,5,66,696
74,6259,696,316
66,74,316,2166
696,66,2166,4860
316,696,4860,6
2166,316,6,1849
4860,2166,1849,4
6,4860,4,3036
1849,6,3036,19
4,1849,19,117
3036,4,117,5
19,3036,5,6259
117,19,6259,13
5,117,13,3
6259,5,3,80693
13,6259,80693,23
3,13,23,99
80693,3,99,6259
23,80693,6259,50
99,23,50,1504
6259,99,1504,3
50,6259,3,11493
1504,50,11493,545
3,1504,545,4252
11493,3,4252,2649
545,11493,2649,3
4252,545,3,364
2649,4252,364,30242
3,2649,30242,629
364,3,629,1395
30242,364,1395,1164
629,30242,1164,4
1395,629,4,12629
1164,1395,12629,2
4,1164,2,149
12629,4,149,2
2,12629,2,2422
149,2,2422,4
2,149,4,76
2422,2,76,719
4,2422,719,1799
76,4,1799,211
719,76,211,75600
1799,719,75600,32124
211,1799,32124,6300
75600,211,6300,67313
32124,75600,67313,364
6300,32124,364,344
67313,6300,344,45
364,67313,45,6
344,364,6,21284
45,344,21284,166
6,45,166,290
21284,6,290,156
166,21284,156,2
290,166,2,8951
156,290,8951,23606
2,156,23606,6300
8951,2,6300,29549
23606,8951,29549,4
6300,23606,4,2819
29549,6300,2819,14489
4,29549,14489,27089
2819,4,27089,5518
14489,2819,5518,31
27089,14489,31,420
5518,27089,420,66439
31,5518,66439,6300
420,31,6300,29549
66439,420,29549,1596
6300,66439,1596,2
29549,6300,2,131
1596,29549,131,3646
2,1596,3646,564
131,2,564,6
3646,131,6,770
564,3646,770,528
6,564,528,4
770,6,4,2427
528,770,2427,2
4,528,2,2
2427,4,2,159
2,2427,159,21850
2,2,21850,11
159,2,11,14
21850,159,14,6
11,21850,6,950
14,11,950,5
6,14,5,9615
950,6,9615,16426
5,950,16426,707
9615,5,707,3
16426,9615,3,98586
707,16426,98586,50
3,707,50,398
98586,3,398,696
50,98586,696,100
398,50,100,320
696,398,320,24
100,696,24,2505
320,100,2505,352
24,320,352,1764
2505,24,1764,11493
352,2505,11493,14
1764,352,14,40494
11493,1764,40494,9
14,11493,9,482
40494,14,482,4
9,40494,4,29549
482,9,29549,14
4,482,14,89580
29549,4,89580,41
14,29549,41,232
89580,14,232,217
41,89580,217,5
232,41,5,446
217,232,446,6
5,217,6,6259
446,5,6259,13
6,446,13,3
6259,6,3,443
13,6259,443,53
3,13,53,50
443,3,50,1304
53,443,1304,5
50,53,5,13162
1304,50,13162,1159
5,1304,1159,79
13162,5,79,258
1159,13162,258,55467
79,1159,55467,7
258,79,7,1135
55467,258,1135,590
7,55467,590,5
1135,7,5,6259
590,1135,6259,3534
5,590,3534,4
6259,5,4,446
3534,6259,446,99
4,3534,99,674
446,4,674,332
99,446,332,9284
674,99,9284,14
332,674,14,4470
9284,332,4470,6
14,9284,6,2246
4470,14,2246,3856
6,4470,3856,375
2246,6,375,11
3856,2246,11,716
375,3856,716,2
11,375,2,18571
716,11,18571,11
2,716,11,140
18571,2,140,495
11,18571,495,316
140,11,316,4215
495,140,4215,4
316,495,4,77
4215,316,77,2189
4,4215,2189,80512
77,4,80512,9284
2189,77,9284,18571
80512,2189,18571,22114
9284,80512,22114,2735
18571,9284,2735,373
22114,18571,373,674
2735,22114,674,1193
373,2735,1193,1304
674,373,1304,6
1193,674,6,20
1304,1193,20,674
6,1304,674,50
20,6,50,2348
674,20,2348,19
50,674,19,13720
2348,50,13720,22114
19,2348,22114,372
13720,19,372,10737
22114,13720,10737,5787
372,22114,5787,4
10737,372,4,22114
5787,10737,22114,37845
4,5787,37845,63
22114,4,63,74
37845,22114,74,18571
63,37845,18571,100
74,63,100,80508
18571,74,80508,1204
100,18571,1204,2072
80508,100,2072,22114
1204,80508,22114,372
2072,1204,372,22114
22114,2072,22114,37845
372,22114,37845,667
22114,372,667,674
37845,22114,674,1522
667,37845,1522,1304
674,667,1304,5
1522,674,5,7795
1304,1522,7795,24907
5,1304,24907,10
7795,5,10,232
24907,7795,232,50
10,24907,50,5654
232,10,5654,31
50,232,31,5264
5654,50,5264,78984
31,5654,78984,232
5264,31,232,1058
78984,5264,1058,316
232,78984,316,5
1058,232,5,20
316,1058,20,674
5,316,674,50
20,5,50,586
674,20,586,203
50,674,203,1142
586,50,1142,5
203,586,5,2
1142,203,2,76469
5,1142,76469,3520
2,5,3520,79351
76469,2,79351,1039
3520,76469,1039,6855
79351,3520,6855,5
1039,79351,5,6259
6855,1039,6259,696
5,6855,696,770
6259,5,770,196
696,6259,196,9
770,696,9,76
196,770,76,1534
9,196,1534,737
76,9,737,26
1534,76,26,1050
737,1534,1050,8
26,737,8,1863
1050,26,1863,14
8,1050,14,2132
1863,8,2132,8
14,1863,8,10
2132,14,10,2006
8,2132,2006,121
10,8,121,17
2006,10,17,6544
121,2006,6544,4
17,121,4,8
6544,17,8,1251
4,6544,1251,14
8,4,14,4
1251,8,4,9601
14,1251,9601,301
4,14,301,59
9601,4,59,42904
301,9601,42904,5
59,301,5,27369
42904,59,27369,277
5,42904,277,696
27369,5,696,770
277,27369,770,14
696,277,14,1678
770,696,1678,3
14,770,3,8199
1678,14,8199,102
3,1678,102,27369
8199,3,27369,12
102,8199,12,2267
27369,102,2267,5
12,27369,5,6480
2267,12,6480,10
5,2267,10,14
6480,5,14,140
10,6480,140,59
14,10,59,11
140,14,11,139
59,140,139,4
11,59,4,15849
139,11,15849,6
4,139,6,860
15849,4,860,4377
6,15849,4377,2446
860,6,2446,5
4377,860,5,98
2446,4377,98,359
5,2446,359,5
98,5,5,770
359,98,770,21
5,359,21,1274
770,5,1274,2293
21,770,2293,19
1274,21,19,77272
2293,1274,77272,176
19,2293,176,277
77272,19,277,1264
176,77272,1264,11582
277,176,11582,799
1264,277,799,211
11582,1264,211,2
799,11582,2,441
211,799,441,5
2,211,5,1863
441,2,1863,4
5,441,4,23652
1863,5,23652,2
4,1863,2,240
23652,4,240,3
2,23652,3,392
240,2,392,2
3,240,2,1434
392,3,1434,2832
2,392,2832,5
1434,2,5,316
2832,1434,316,5265
5,2832,5265,4064
316,5,4064,6213
5265,316,6213,4
4064,5265,4,1081
6213,4064,1081,3774
4,6213,3774,9
1081,4,9,2056
3774,1081,2056,56
9,3774,56,32337
2056,9,32337,416
56,2056,416,14
32337,56,14,91
416,32337,91,2
14,416,2,1631
91,14,1631,9
2,91,9,3200
1631,2,3200,316
9,1631,316,5
3200,9,5,8774
316,3200,8774,102
5,316,102,1251
8774,5,1251,4
102,8774,4,35
1251,102,35,6
4,1251,6,1206
35,4,1206,42904
6,35,42904,139
1206,6,139,2
42904,1206,2,667
139,42904,667,15849
2,139,15849,6
667,2,6,54
15849,667,54,11
6,15849,11,1298
54,6,1298,8
11,54,8,316
1298,11,316,14
8,1298,14,4758
316,8,4758,4
14,316,4,1937
4758,14,1937,439
4,4758,439,2729
1937,4,2729,9
439,1937,9,80702
2729,439,80702,11493
9,2729,11493,244
80702,9,244,798
11493,80702,798,5
244,11493,5,22
798,244,22,290
5,798,290,6
22,5,6,67530
290,22,67530,6
6,290,6,33260
67530,6,33260,120
6,67530,120,11
33260,6,11,2678
120,33260,2678,3856
11,120,3856,23
2678,11,23,393
3856,2678,393,5
23,3856,5,68351
393,23,68351,21284
5,393,21284,35
68351,5,35,1050
21284,68351,1050,6259
35,21284,6259,37558
1050,35,37558,6259
6259,1050,6259,14
37558,6259,14,72
6259,37558,72,502
14,6259,502,739
72,14,739,1822
502,72,1822,11493
739,502,11493,14
1822,739,14,908
11493,1822,908,5
14,11493,5,1426
908,14,1426,3
5,908,3,2586
1426,5,2586,1005
3,1426,1005,95610
2586,3,95610,14
1005,2586,14,483
95610,1005,483,5
14,95610,5,2
483,14,2,124
5,483,124,8
2,5,8,34
124,2,34,276
8,124,276,1591
34,8,1591,3
276,34,3,76
1591,276,76,5
3,1591,5,1832
76,3,1832,246
5,76,246,1115
1832,5,1115,8
246,1832,8,165
1115,246,165,830
8,1115,830,17609
165,8,17609,696
830,165,696,770
17609,830,770,3173
696,17609,3173,10
770,696,10,934
3173,770,934,26
10,3173,26,260
934,10,260,13
26,934,13,1335
260,26,1335,4
13,260,4,1583
1335,13,1583,26
4,1335,26,7
1583,4,7,147
26,1583,147,38
7,26,38,770
147,7,770,3
38,147,3,17
770,38,17,605
3,770,605,3
17,3,3,63520
605,17,63520,2288
3,605,2288,3
63520,3,3,91
2288,63520,91,1335
3,2288,1335,9
91,3,9,395
1335,91,395,41
9,1335,41,246
395,9,246,4
41,395,4,1710
246,41,1710,87
4,246,87,26
1710,4,26,1366
87,1710,1366,15
26,87,15,362
1366,26,362,246
15,1366,246,33
362,15,33,55
246,362,55,302
33,246,302,108
55,33,108,33
302,55,33,55
108,302,55,302
33,108,302,141
55,33,141,33
302,55,33,55
141,302,55,2610
33,141,2610,112
55,33,112,1022
2610,55,1022,261
112,2610,261,118
1022,112,118,10829
261,1022,10829,19
118,261,19,186
10829,118,186,100
19,10829,100,10518
186,19,10518,45
100,186,45,86650
10518,100,86650,6259
45,10518,6259,18
86650,45,18,47
6259,86650,47,36064
18,6259,36064,6
47,18,6,264
36064,47,264,343
6,36064,343,156
264,6,156,2
343,264,2,3128
156,343,3128,5
2,156,5,256
3128,2,256,2096
5,3128,2096,1884
256,5,1884,11493
2096,256,11493,354
1884,2096,354,18
11493,1884,18,68
354,11493,68,748
18,354,748,5088
68,18,5088,5
748,68,5,973
5088,748,973,5252
5,5088,5252,156
973,5,156,2
5252,973,2,4
156,5252,4,1513
2,156,1513,6004
4,2,6004,4951
1513,4,4951,4
6004,1513,4,65863
4951,6004,65863,20505
4,4951,20505,19
65863,4,19,4438
20505,65863,4438,16257
19,20505,16257,102189
4438,19,102189,59942
16257,4438,59942,22
102189,16257,22,151
59942,102189,151,14
22,59942,14,1992
151,22,1992,14392
14,151,14392,11493
1992,14,11493,354
14392,1992,354,165
11493,14392,165,830
354,11493,830,3265
165,354,3265,100771
830,165,100771,20
3265,830,20,463
100771,3265,463,459
20,100771,459,42
463,20,42,245
459,463,245,344
42,459,344,194
245,42,194,1612
344,245,1612,1822
194,344,1822,11493
1612,194,11493,99
1822,1612,99,210
11493,1822,210,2
99,11493,2,35
210,99,35,5
2,210,5,1556
35,2,1556,4
5,35,4,1493
1556,5,1493,2371
4,1556,2371,361
1493,4,361,24
2371,1493,24,3423
361,2371,3423,54
24,361,54,26474
3423,24,26474,2384
54,3423,2384,4
26474,54,4,18874
2384,26474,18874,6897
4,2384,6897,2208
18874,4,2208,6
6897,18874,6,67
2208,6897,67,107
6,2208,107,100
67,6,100,7
107,67,7,10
100,107,10,451
7,100,451,9
10,7,9,20
451,10,20,3
9,451,3,17
20,9,17,1666
3,20,1666,4
17,3,4,4304
1666,17,4304,79
4,1666,79,2
4304,4,2,770
79,4304,770,120
2,79,120,45
770,2,45,16
120,770,16,21
45,120,21,1403
16,45,1403,49474
21,16,49474,6082
1403,21,6082,825
49474,1403,825,333
447,439,1712,3
50,447,3,93
1712,50,93,3
3,1712,3,57429
93,3,57429,26035
3,93,26035,26
57429,3,26,13
26035,57429,13,47
26,26035,47,8329
13,26,8329,6
47,13,6,24
8329,47,24,138
6,8329,138,27
24,6,27,267
138,24,267,31
27,138,31,697
267,27,697,3
31,267,3,116
697,31,116,206
3,697,206,117
116,3,117,638
206,116,638,193
117,206,193,7098
638,117,7098,13
193,638,13,517
7098,193,517,374
13,7098,374,23
517,13,23,1613
374,517,1613,440
23,374,440,80
1613,23,80,286
440,1613,286,27
80,440,27,13
286,80,13,517
27,286,517,35
13,27,35,75
517,13,75,11603
35,517,11603,945
75,35,945,2
11603,75,2,83772
945,11603,83772,519
2,945,519,939
83772,2,939,12
519,83772,12,22
939,519,22,558
12,939,558,87956
22,12,87956,1613
558,22,1613,105
87956,558,105,2858
1613,87956,2858,31
105,1613,31,13
2858,105,13,1315
31,2858,1315,193
13,31,193,374
1315,13,374,69
193,1315,69,14219
374,193,14219,3
69,374,3,599
14219,69,599,95367
3,14219,95367,4927
599,3,4927,9
95367,599,9,33
4927,95367,33,3
9,4927,3,93
33,9,93,14621
3,33,14621,53440
93,3,53440,374
14621,93,374,50
53440,14621,50,67115
374,53440,67115,9
50,374,9,103
67115,50,103,41
9,67115,41,205
103,9,205,5
41,103,5,20
205,41,20,140
5,205,140,2
20,5,2,2746
140,20,2746,440
2,140,440,120
2746,2,120,26
440,2746,26,77
120,440,77,163
26,120,163,2
77,26,2,373
163,77,373,785
2,163,785,4
373,2,4,1287
785,373,1287,27
4,785,27,395
1287,4,395,48
27,1287,48,1114
395,27,1114,2614
48,395,2614,1155
1114,48,1155,74653
2614,1114,74653,889
1155,2614,889,5
74653,1155,5,58
889,74653,58,843
5,889,843,18
58,5,18,47
843,58,47,612
18,843,612,2
47,18,2,374
612,47,374,3
2,612,3,2
374,2,2,440
3,374,440,761
2,3,761,3
440,2,3,17
761,440,17,2
3,761,2,8977
17,3,8977,5
2,17,5,27
8977,2,27,374
5,8977,374,156
27,5,156,2
374,27,2,26035
156,374,26035,31
2,156,31,25728
26035,2,25728,27
31,26035,27,267
25728,31,267,23
27,25728,23,35
267,27,35,440
23,267,440,50
35,23,50,84
440,35,84,4642
50,440,4642,12
84,50,12,2
4642,84,2,10053
12,4642,10053,27
2,12,27,1733
10053,2,1733,26
27,10053,26,50
1733,27,50,2465
26,1733,2465,2667
50,26,2667,3
2465,50,3,524
2667,2465,524,61
3,2667,61,4
524,3,4,2061
61,524,2061,89
4,61,89,8
2061,4,8,230
89,2061,230,17
8,89,17,128
230,8,128,60
17,230,60,26
128,17,26,106
60,128,106,9
26,60,9,13122
106,26,13122,2
9,106,2,6516
13122,9,6516,58
2,13122,58,4
6516,2,4,7
58,6516,7,552
4,58,552,97
7,4,97,28
552,7,28,26035
97,552,26035,29
28,97,29,25
26035,28,25,706
29,26035,706,180
25,29,180,62
706,25,62,7
180,706,7,106
62,180,106,6
7,62,6,355
106,7,355,7
6,106,7,380
355,6,380,47
7,355,47,12
380,7,12,2730
47,380,2730,117
12,47,117,5
2730,12,5,362
117,2730,362,439
5,117,439,3442
362,5,3442,120
439,362,120,10
3442,439,10,1049
120,3442,1049,850
10,120,850,9
1049,10,9,180
850,1049,180,3
9,850,3,5523
180,9,5523,12
3,180,12,1369
5523,3,1369,15
12,5523,15,98
1369,12,98,49216
15,1369,49216,16
98,15,16,5388
49216,98,5388,374
16,49216,374,23
5388,16,23,207
374,5388,207,97
23,374,97,440
207,23,440,29
