7670,9,2,149
3400,7670,149,170
2,3400,170,306
149,2,306,1550
170,149,1550,2429
306,170,2429,10
1550,306,10,995
2429,1550,995,15
10,2429,15,92
995,10,92,5
15,995,5,5855
92,15,5855,25
5,92,25,1017
5855,5,1017,6039
25,5855,6039,368
1017,25,368,1843
6039,1017,1843,9335
368,6039,9335,685
1843,368,685,5
9335,1843,5,1017
685,9335,1017,1530
5,685,1530,5
1017,5,5,2122
1530,1017,2122,5
5,1530,5,2
2122,5,2,1283
5,2122,1283,679
2,5,679,7670
1283,2,7670,92
679,1283,92,4
7670,679,4,947
92,7670,947,28
4,92,28,4
947,4,4,3997
28,947,3997,3
4,28,3,7670
3997,4,7670,9454
3,3997,9454,1647
7670,3,1647,7790
9454,7670,7790,1441
1647,9454,1441,743
7790,1647,743,4
1441,7790,4,851
743,1441,851,1359
4,743,1359,5
851,4,5,6039
1359,851,6039,368
5,1359,368,7
6039,5,7,2223
368,6039,2223,29
7,368,29,7
2223,7,7,178
29,2223,178,6990
7,29,6990,1056
178,7,1056,3
6990,178,3,76
1056,6990,76,14266
3,1056,14266,2211
76,3,2211,654
14266,76,654,19
2211,14266,19,363
654,2211,363,2950
19,654,2950,4
363,19,4,640
2950,363,640,76
4,2950,76,29705
640,4,29705,19
76,640,19,1647
29705,76,1647,4
19,29705,4,7670
1647,19,7670,1177
4,1647,1177,454
7670,4,454,28
1177,7670,28,8
454,1177,8,7
28,454,7,1905
8,28,1905,5004
7,8,5004,4
1905,7,4,3774
5004,1905,3774,25
4,5004,25,6
3774,4,6,20
25,3774,20,259
6,25,259,7
20,6,7,110
259,20,110,3
7,259,3,1220
110,7,1220,56
3,110,56,864
1220,3,864,405
56,1220,405,3181
864,56,3181,6
405,864,6,130
3181,405,130,14223
6,3181,14223,1034
130,6,1034,6
14223,130,6,1189
1034,14223,1189,829
6,1034,829,9
1189,6,9,17393
829,1189,17393,7
9,829,7,4395
17393,9,4395,12
7,17393,12,18611
4395,7,18611,17281
12,4395,17281,1442
18611,12,1442,539
17281,18611,539,124
1442,17281,124,17281
539,1442,17281,14
124,539,14,60
17281,124,60,5
14,17281,5,1985
60,14,1985,1442
5,60,1442,3079
1985,5,3079,171
1442,1985,171,124
3079,1442,124,4
171,3079,4,2
124,171,2,531
4,124,531,678
2,4,678,6
531,2,6,12290
678,531,12290,1312
6,678,1312,5
12290,6,5,2052
1312,12290,2052,5
5,1312,5,124
2052,5,124,4
5,2052,4,4
124,5,4,19040
4,124,19040,16059
4,4,16059,19
19040,4,19,651
16059,19040,651,7740
19,16059,7740,1358
651,19,1358,1149
7740,651,1149,188
1358,7740,188,4
1149,1358,4,974
188,1149,974,100
4,188,100,5
974,4,5,5855
100,974,5855,8
5,100,8,7
5855,5,7,277
8,5855,277,131
7,8,131,12602
277,7,12602,12
131,277,12,1889
12602,131,1889,4
12,12602,4,4428
1889,12,4428,1976
4,1889,1976,5
4428,4,5,306
1976,4428,306,52370
5,1976,52370,919
306,5,919,91316
52370,306,91316,460
919,52370,460,5
91316,919,5,6039
460,91316,6039,368
5,460,368,7
6039,5,7,29269
368,6039,29269,24
7,368,24,46
29269,7,46,29
24,29269,29,21
46,24,21,5829
29,46,5829,15
21,29,15,46
5829,21,46,460
15,5829,460,5
46,15,5,7604
460,46,7604,440
5,460,440,1505
7604,5,1505,175
440,7604,175,306
1505,440,306,1550
175,1505,1550,46
306,175,46,2815
1550,306,2815,19
46,1550,19,3172
2815,46,3172,6039
19,2815,6039,82
3172,19,82,539
6039,3172,539,4
82,6039,4,5855
539,82,5855,23
4,539,23,1228
5855,4,1228,879
23,5855,879,5
1228,23,5,7604
879,1228,7604,6
5,879,6,1442
7604,5,1442,6
6,7604,6,99
1442,6,99,198
6,1442,198,531
99,6,531,4
198,99,4,88
531,198,88,1735
4,531,1735,2209
88,4,2209,5
1735,88,5,7604
2209,1735,7604,440
5,2209,440,16
7604,5,16,161
440,7604,161,326
16,440,326,5114
161,16,5114,2980
326,161,2980,5
5114,326,5,5855
2980,5114,5855,54
5,2980,54,13
5855,5,13,6333
54,5855,6333,1402
13,54,1402,19
6333,13,19,4
1402,6333,4,13
19,1402,13,2
4,19,2,92
13,4,92,6
2,13,6,13207
92,2,13207,203
6,92,203,16642
13207,6,16642,17215
203,13207,17215,15
16642,203,15,1566
17215,16642,1566,302
15,17215,302,74
1566,15,74,136
302,1566,136,5
74,302,5,418
136,74,418,5
5,136,5,5855
418,5,5855,174
5,418,174,4
5855,5,4,306
174,5855,306,1550
4,174,1550,2176
306,4,2176,4
1550,306,4,12716
2176,1550,12716,385
4,2176,385,6
12716,4,6,3539
385,12716,3539,326
6,385,326,29483
3539,6,29483,2980
326,3539,2980,9
29483,326,9,5855
2980,29483,5855,306
9,2980,306,1550
5855,9,1550,14
306,5855,14,6743
1550,306,6743,714
14,1550,714,102668
6743,14,102668,25
714,6743,25,15
102668,714,15,1568
25,102668,1568,306
15,25,306,868
1568,15,868,24513
306,1568,24513,1423
868,306,1423,14250
24513,868,14250,5
1423,24513,5,263
14250,1423,263,748
5,14250,748,6
263,5,6,1723
748,263,1723,455
6,748,455,1442
1723,6,1442,6
455,1723,6,1442
1442,455,1442,4549
6,1442,4549,20
1442,6,20,3095
4549,1442,3095,79
20,4549,79,478
3095,20,478,3
79,3095,3,2610
478,79,2610,5855
3,478,5855,2
2610,3,2,2
5855,2610,2,10484
2,5855,10484,35
2,2,35,8
10484,2,8,14
35,10484,14,30871
8,35,30871,4
14,8,4,1354
30871,14,1354,30871
4,30871,30871,14
1354,4,14,21
30871,1354,21,4
14,30871,4,139
21,14,139,6
4,21,6,170
139,4,170,16642
6,139,16642,17215
170,6,17215,23
16642,170,23,60
17215,16642,60,14
23,17215,14,4
60,23,4,16
14,60,16,21189
4,14,21189,31
16,4,31,13
21189,16,13,757
31,21189,757,363
13,31,363,66
757,13,66,5
363,757,5,6419
66,363,6419,6
5,66,6,5593
6419,5,5593,733
6,6419,733,5
5593,6,5,1149
733,5593,1149,5238
5,733,5238,2022
1149,5,2022,4610
5238,1149,4610,1354
2022,5238,1354,14
4610,2022,14,255
1354,4610,255,14632
14,1354,14632,13
255,14,13,64
14632,255,64,385
13,14632,385,6
64,13,6,3833
385,64,3833,4428
6,385,4428,2439
3833,6,2439,19
4428,3833,19,4497
2439,4428,4497,7670
19,2439,7670,2980
4497,19,2980,4
7670,4497,4,15
2980,7670,15,10
4,2980,10,1307
15,4,1307,8
10,15,8,2
1307,10,2,2674
8,1307,2674,39
2,8,39,991
2674,2,991,4
39,2674,4,5876
991,39,5876,303
4,991,303,5
5876,4,5,2057
303,5876,2057,230
5,303,230,611
2057,5,611,1402
230,2057,1402,36
611,230,36,263
1402,611,263,79
36,1402,79,5855
263,36,5855,4
79,263,4,61
5855,79,61,3
4,5855,3,1442
61,4,1442,10650
3,61,10650,29
1442,3,29,10
10650,1442,10,68
29,10650,68,5501
10,29,5501,34
68,10,34,36
5501,68,36,2543
34,5501,2543,3
36,34,3,5098
2543,36,5098,4
3,2543,4,3101
5098,3,3101,2
4,5098,2,5858
3101,4,5858,26010
2,3101,26010,74
5858,2,74,5855
26010,5858,5855,10
74,26010,10,14
5855,74,14,819
10,5855,819,1310
14,10,1310,8
819,14,8,52
1310,819,52,4
8,1310,4,59
52,8,59,539
4,52,539,1362
59,4,1362,24
539,59,24,2029
1362,539,2029,5
24,1362,5,1408
2029,24,1408,2
5,2029,2,2
1408,5,2,91218
2,1408,91218,35
2,2,35,10
91218,2,10,40
35,91218,40,12885
10,35,12885,3
40,10,3,2122
12885,40,2122,5
3,12885,5,4
2122,3,4,7698
5,2122,7698,7670
4,5,7670,92
7698,4,92,8
7670,7698,8,13
92,7670,13,2
8,92,2,722
13,8,722,919
2,13,919,15
722,2,15,306
919,722,306,1550
15,919,1550,25
306,15,25,3172
1550,306,3172,6039
25,1550,6039,10730
3172,25,10730,7670
6039,3172,7670,4
10730,6039,4,1402
7670,10730,1402,1102
4,7670,1102,3
1402,4,3,7604
1102,1402,7604,3
3,1102,3,316
7604,3,316,815
3,7604,815,175
316,3,175,5855
815,316,5855,4
175,815,4,539
5855,175,539,4
4,5855,4,175
539,4,175,5855
4,539,5855,4
175,4,4,306
5855,175,306,1550
4,5855,1550,7670
306,4,7670,50
1550,306,50,3184
7670,1550,3184,3
50,7670,3,2189
3184,50,2189,1402
3,3184,1402,50
2189,3,50,5303
1402,2189,5303,19
50,1402,19,6039
5303,50,6039,447
19,5303,447,8
6039,19,8,11
447,6039,11,40
8,447,40,1533
11,8,1533,2
40,11,2,4998
1533,40,4998,588
2,1533,588,15
4998,2,15,5855
588,4998,5855,52
15,588,52,26
5855,15,26,7
52,5855,7,62
26,52,62,61
7,26,61,42
62,7,42,55
61,62,55,5032
42,61,5032,46
55,42,46,4
5032,55,4,7
46,5032,7,34
4,46,34,46
7,4,46,8
34,7,8,1402
46,34,1402,822
8,46,822,61
1402,8,61,2691
822,1402,2691,3
61,822,3,4185
2691,61,4185,4
3,2691,4,2208
4185,3,2208,2
4,4185,2,40451
2208,4,40451,6
2,2208,6,179
40451,2,179,7604
6,40451,7604,1235
179,6,1235,539
7604,179,539,564
1235,7604,564,46
539,1235,46,4
564,539,4,68
46,564,68,726
4,46,726,539
68,4,539,600
726,68,600,3
539,726,3,309
600,539,309,2
3,600,2,8685
309,3,8685,19
2,309,19,3855
8685,2,3855,6
19,8685,6,1505
3855,19,1505,29
6,3855,29,2704
1505,6,2704,3
29,1505,3,1064
2704,29,1064,1179
3,2704,1179,853
1064,3,853,5
1179,1064,5,1149
853,1179,1149,1022
5,853,1022,23
1149,5,23,7604
1022,1149,7604,14
23,1022,14,3
7604,23,3,10355
14,7604,10355,5855
3,14,5855,79
10355,3,79,1478
5855,10355,1478,4
79,5855,4,4509
1478,79,4509,5855
4,1478,5855,2
4509,4,2,263
5855,4509,263,13
2,5855,13,72
263,2,72,42
13,263,42,15
72,13,15,1478
42,72,1478,4
15,42,4,4509
1478,15,4509,39323
4,1478,39323,1478
4509,4,1478,5855
39323,4509,5855,177
1478,39323,177,26869
5855,1478,26869,24859
177,5855,24859,6
26869,177,6,54
24859,26869,54,1402
6,24859,1402,302
54,6,302,14
1402,54,14,2038
302,1402,2038,40
14,302,40,17
2038,14,17,7606
40,2038,7606,79
17,40,79,539
7606,17,539,4509
79,7606,4509,5855
539,79,5855,46
4509,539,46,273
5855,4509,273,177
46,5855,177,1747
273,46,1747,177
177,273,177,17092
1747,177,17092,296
177,1747,296,56
17092,177,56,5
296,17092,5,13207
56,296,13207,19
5,56,19,16642
13207,5,16642,17215
19,13207,17215,46
16642,19,46,40
17215,16642,40,21
46,17215,21,247
40,46,247,679
21,40,679,10
247,21,10,40
679,247,40,17
10,679,17,4
40,10,4,7698
17,40,7698,92
4,17,92,4749
7698,4,4749,302
92,7698,302,74
4749,92,74,10
302,4749,10,238
74,302,238,1091
10,74,1091,9161
238,10,9161,29
1091,238,29,9161
9161,1091,9161,5
29,9161,5,2
9161,29,2,1169
5,9161,1169,1105
2,5,1105,14
1169,2,14,3595
1105,1169,3595,6039
14,1105,6039,324
3595,14,324,61
6039,3595,61,15
324,6039,15,354
61,324,354,5
15,61,5,20939
354,15,20939,20939
5,354,20939,522
20939,5,522,1373
20939,20939,1373,1370
522,20939,1370,19
1373,522,19,9050
1370,1373,9050,2
19,1370,2,1402
9050,19,1402,15616
2,9050,15616,20939
1402,2,20939,14
15616,1402,14,2
20939,15616,2,605
14,20939,605,21798
2,14,21798,13827
605,2,13827,1930
21798,605,1930,1889
13827,21798,1889,1104
1930,13827,1104,3
1889,1930,3,306
1104,1889,306,1550
3,1104,1550,54
306,3,54,13
1550,306,13,1533
54,1550,1533,4
13,54,4,588
1533,13,588,15
4,1533,15,204
588,4,204,6
15,588,6,8
204,15,8,627
6,204,627,1343
8,6,1343,35
627,8,35,40
1343,627,40,1754
35,1343,1754,1234
40,35,1234,1505
1754,40,1505,15
1234,1754,15,7670
1505,1234,7670,92
15,1505,92,23
7670,15,23,183
92,7670,183,60
23,92,60,20939
183,23,20939,14
60,183,14,1368
20939,60,1368,3
14,20939,3,17006
1368,14,17006,98
3,1368,98,366
17006,3,366,24
98,17006,24,204
366,98,204,4
24,366,4,57
204,24,57,226
4,204,226,8
57,4,8,4509
226,57,4509,5855
8,226,5855,14
4509,8,14,177
5855,4509,177,5
14,5855,5,539
177,14,539,4
5,177,4,1541
539,5,1541,1073
4,539,1073,3
1541,4,3,555
1073,1541,555,1224
3,1073,1224,188
555,3,188,2977
1224,555,2977,8
188,1224,8,101
2977,188,101,4
8,2977,4,656
101,8,656,5
4,101,5,42
656,4,42,35
5,656,35,6
42,5,6,539
35,42,539,50
6,35,50,3
539,6,3,17
50,539,17,4496
3,50,4496,19
17,3,19,48
4496,17,48,29
19,4496,29,88
48,19,88,3588
29,48,3588,20939
88,29,20939,14
3588,88,14,91
20939,3588,91,3
14,20939,3,5098
91,14,5098,8
3,91,8,19
5098,3,19,539
8,5098,539,549
19,8,549,5855
539,19,5855,40
549,539,40,17
5855,549,17,7698
40,5855,7698,29
17,40,29,165
7698,17,165,1754
29,7698,1754,10
165,29,10,238
1754,165,238,1091
10,1754,1091,5833
238,10,5833,15
1091,238,15,1036
5833,1091,1036,3
15,5833,3,86
1036,15,86,3
3,1036,3,42
86,3,42,4
3,86,4,86
42,3,86,42
4,42,42,133
86,4,133,306
42,86,306,1550
133,42,1550,25
306,133,25,6
1550,306,6,1465
25,1550,1465,7604
6,25,7604,440
1465,6,440,14
7604,1465,14,1448
440,7604,1448,3
14,440,3,1354
1448,14,1354,2
3,1448,2,722
1354,3,722,919
2,1354,919,175
722,2,175,306
919,722,306,1550
175,919,1550,4
306,175,4,5855
1550,306,5855,15
4,1550,15,1402
5855,4,1402,1490
15,5855,1490,3
1402,15,3,8397
1490,1402,8397,9
3,1490,9,209
8397,3,209,8
9,8397,8,306
209,9,306,1550
8,209,1550,5501
306,8,5501,2207
1550,306,2207,3
5501,1550,3,1354
2207,5501,1354,5855
3,2207,5855,2
1354,3,2,2
5855,1354,2,3292
2,5855,3292,1149
2,2,1149,26010
3292,2,26010,1402
1149,3292,1402,301
26010,1149,301,7
1402,26010,7,21
301,1402,21,1064
7,301,1064,1402
21,7,1402,1102
1064,21,1102,37714
1402,1064,37714,2645
1102,1402,2645,588
37714,1102,588,29
2645,37714,29,1402
588,2645,1402,92
29,588,92,7689
1402,29,7689,3113
92,1402,3113,3
7689,92,3,527
3113,7689,527,3
3,3113,3,920
527,3,920,10
3,527,10,3523
920,3,3523,1402
10,920,1402,92
3523,10,92,236
1402,3523,236,22625
92,1402,22625,12
236,92,12,139
22625,236,139,5
12,22625,5,8378
139,12,8378,61240
5,139,61240,1402
8378,5,1402,238
61240,8378,238,1091
1402,61240,1091,266
238,1402,266,2925
1091,238,2925,5568
266,1091,5568,306
2925,266,306,1550
5568,2925,1550,8
306,5568,8,20
1550,306,20,92
8,1550,92,13
20,8,13,363
92,20,363,60
13,92,60,35
363,13,35,8
60,363,8,10
35,60,10,276
8,35,276,10
10,8,10,144
276,10,144,3
10,276,3,408
144,10,408,5
3,144,5,463
408,3,463,5
5,408,5,440
463,5,440,177
5,463,177,54
440,5,54,10
177,440,10,7
54,177,7,2160
10,54,2160,3
7,10,3,596
2160,7,596,3
3,2160,3,7
596,3,7,8
3,596,8,1829
7,3,1829,15
8,7,15,194
1829,8,194,5
15,1829,5,8378
194,15,8378,7
5,194,7,913
8378,5,913,10
7,8378,10,14
913,7,14,6039
10,913,6039,19711
14,10,19711,240
6039,14,240,24
19711,6039,24,67129
240,19711,67129,3
24,240,3,666
67129,24,666,3
3,67129,3,123
666,3,123,6
3,666,6,4998
123,3,4998,51
6,123,51,539
4998,6,539,900
51,4998,900,3
539,51,3,8967
900,539,8967,6
3,900,6,14031
8967,3,14031,6039
6,8967,6039,13
14031,6,13,47
6039,14031,47,5264
13,6039,5264,19
47,13,19,1985
5264,47,1985,21
19,5264,21,3
1985,19,3,527
21,1985,527,23780
3,21,23780,15
527,3,15,72
23780,527,72,5855
15,23780,5855,29
72,15,29,11
5855,72,11,516
29,5855,516,3
11,29,3,4385
516,11,4385,22
3,516,22,3774
4385,3,3774,7711
22,4385,7711,4
3774,22,4,588
7711,3774,588,15
4,7711,15,5855
588,4,5855,8
15,588,8,24467
5855,15,24467,1402
8,5855,1402,84338
24467,8,84338,6
1402,24467,6,7604
84338,1402,7604,440
6,84338,440,15
7604,6,15,2
440,7604,2,2767
15,440,2767,8
2,15,8,539
2767,2,539,19
8,2767,19,21
539,8,21,3898
19,539,3898,13
21,19,13,551
3898,21,551,36203
13,3898,36203,2644
551,13,2644,9
36203,551,9,539
2644,36203,539,2429
9,2644,2429,6
539,9,6,440
2429,539,440,184
6,2429,184,3
440,6,3,20
184,440,20,4956
3,184,4956,306
20,3,306,1550
4956,20,1550,4
306,4956,4,5855
1550,306,5855,40
4,1550,40,2836
5855,4,2836,177
40,5855,177,5
2836,40,5,440
177,2836,440,8
5,177,8,22723
440,5,22723,3
8,440,3,81
22723,8,81,46
3,22723,46,3245
81,3,3245,1889
46,81,1889,5855
3245,46,5855,40
1889,3245,40,21
5855,1889,21,1827
40,5855,1827,79
21,40,79,588
1827,21,588,15
79,1827,15,98
588,79,98,57
15,588,57,238
98,15,238,191
57,98,191,261
238,57,261,1550
191,238,1550,3010
261,191,3010,4
1550,261,4,506
3010,1550,506,588
4,3010,588,6475
506,4,6475,48
588,506,48,5994
6475,588,5994,175
48,6475,175,1149
5994,48,1149,1442
175,5994,1442,4
1149,175,4,5855
1442,1149,5855,2
4,1442,2,1034
5855,4,1034,5
2,5855,5,8432
1034,2,8432,10022
5,1034,10022,8
8432,5,8,1255
10022,8432,1255,14632
8,10022,14632,29
1255,8,29,434
14632,1255,434,64
29,14632,64,503
434,29,503,2227
64,434,2227,255
503,64,255,4
2227,503,4,4888
255,2227,4888,5
4,255,5,7670
4888,4,7670,92
5,4888,92,54
7670,5,54,13
92,7670,13,3524
54,92,3524,12
13,54,12,9824
3524,13,9824,3873
12,3524,3873,5
9824,12,5,23376
3873,9824,23376,3
5,3873,3,1442
23376,5,1442,9
3,23376,9,2
1442,3,2,851
9,1442,851,177
2,9,177,5
851,2,5,10
177,851,10,2443
5,177,2443,6
10,5,6,23
2443,10,23,7604
6,2443,7604,1402
23,6,1402,1102
7604,23,1102,17179
1402,7604,17179,8969
1102,1402,8969,14
17179,1102,14,3602
8969,17179,3602,24
14,8969,24,104
3602,14,104,1012
24,3602,1012,4985
104,24,4985,5
1012,104,5,825
4985,1012,825,5
5,4985,5,4998
825,5,4998,9131
5,825,9131,4
4998,5,4,2194
9131,4998,2194,3
4,9131,3,155
2194,4,155,3
3,2194,3,2
155,3,2,1321
