10,875,1615,65291
7,10,65291,7
1615,7,7,7018
65291,1615,7018,2
7,65291,2,677
7018,7,677,5917
2,7018,5917,8
677,2,8,965
5917,677,965,18
8,5917,18,47
965,8,47,8147
18,965,8147,6
47,18,6,264
8147,47,264,66
6,8147,66,10
264,6,10,560
66,264,560,8
10,66,8,3823
560,10,3823,935
8,560,935,7
3823,8,7,165
935,3823,165,1058
7,935,1058,65
165,7,65,10
1058,165,10,91431
65,1058,91431,2942
10,65,2942,446
91431,10,446,628
2942,91431,628,5
446,2942,5,6
628,446,6,935
5,628,935,301
6,5,301,13
935,6,13,4517
301,935,4517,74
13,301,74,268
4517,13,268,66
74,4517,66,36
268,74,36,103
66,268,103,184
36,66,184,3
103,36,3,1181
184,103,1181,24
3,184,24,28228
1181,3,28228,654
24,1181,654,54
28228,24,54,14
654,28228,14,3293
54,654,3293,19
14,54,19,103
3293,14,103,159
19,3293,159,4335
103,19,4335,1787
159,103,1787,909
4335,159,909,19
1787,4335,19,860
909,1787,860,10
19,909,10,13
860,19,13,4517
10,860,4517,3
13,10,3,38
4517,13,38,561
3,4517,561,115
38,3,115,155
561,38,155,142
115,561,142,66
155,115,66,10
142,155,10,144
66,142,144,12662
10,66,12662,304
144,10,304,8
12662,144,8,3823
304,12662,3823,935
8,304,935,13
3823,8,13,47
935,3823,47,3748
13,935,3748,74
47,13,74,752
3748,47,752,461
74,3748,461,28228
752,74,28228,1181
461,752,1181,3218
28228,461,3218,2623
1181,28228,2623,2579
3218,1181,2579,6
2623,3218,6,860
2579,2623,860,5544
6,2579,5544,205
860,6,205,26
5544,860,26,1492
205,5544,1492,49071
26,205,49071,497
1492,26,497,12662
49071,1492,12662,366
497,49071,366,1165
12662,497,1165,560
366,12662,560,122
1165,366,122,3823
560,1165,3823,935
122,560,935,1881
3823,122,1881,175
935,3823,175,4
1881,935,4,10
175,1881,10,1737
4,175,1737,183
10,4,183,2
1737,10,2,10
183,1737,10,14
2,183,14,6
10,2,6,184
14,10,184,3
6,14,3,4335
184,6,4335,561
3,184,561,4
4335,3,4,28228
561,4335,28228,654
4,561,654,277
28228,4,277,8
654,28228,8,3823
277,654,3823,935
8,277,935,6
3823,8,6,860
935,3823,860,7
6,935,7,1737
860,6,1737,183
7,860,183,2
1737,7,2,10
183,1737,10,14
2,183,14,6
10,2,6,4
14,10,4,10
6,14,10,560
4,6,560,577
10,4,577,9
560,10,9,90
577,560,90,148
9,577,148,18
90,9,18,4517
148,90,4517,170
18,148,170,98786
4517,18,98786,2198
170,4517,2198,1600
98786,170,1600,1728
2198,98786,1728,18241
1600,2198,18241,1065
1728,1600,1065,12
18241,1728,12,567
1065,18241,567,322
12,1065,322,19
567,12,19,157
322,567,157,1163
19,322,1163,18241
157,19,18241,4522
1163,157,4522,22
18241,1163,22,312
4522,18241,312,297
22,4522,297,12
312,22,12,1586
297,312,1586,1699
12,297,1699,965
1586,12,965,6
1699,1586,6,861
965,1699,861,2198
6,965,2198,30
861,6,30,796
2198,861,796,196
30,2198,196,90
796,30,90,70
196,796,70,852
90,196,852,6
70,90,6,2297
852,70,2297,25
6,852,25,30
2297,6,30,716
25,2297,716,911
30,25,911,312
716,30,312,6
911,716,6,157
312,911,157,3
6,312,3,459
157,6,459,1699
3,157,1699,965
459,3,965,3
1699,459,3,5498
965,1699,5498,57
3,965,57,1163
5498,3,1163,4
57,5498,4,35
1163,57,35,3
4,1163,3,65549
35,4,65549,1163
3,35,1163,68
65549,3,68,893
1163,65549,893,705
68,1163,705,3
893,68,3,459
705,893,459,1699
3,705,1699,965
459,3,965,211
1699,459,211,4
965,1699,4,3158
211,965,3158,4
4,211,4,5827
3158,4,5827,1503
4,3158,1503,4
5827,4,4,4738
1503,5827,4738,4738
4,1503,4738,7
4738,4,7,25
4738,4738,25,6
7,4738,6,126
25,7,126,861
6,25,861,2198
126,6,2198,7
861,126,7,4
2198,861,4,10
7,2198,10,497
4,7,497,34
10,4,34,17
497,10,17,4176
34,497,4176,4475
17,34,4475,19
4176,17,19,1609
4475,4176,1609,14
19,4475,14,1247
1609,19,1247,312
14,1609,312,23
1247,14,23,60
312,1247,60,3
23,312,3,5546
60,23,5546,2
3,60,2,1699
5546,3,1699,965
2,5546,965,443
1699,2,443,10
965,1699,10,7
443,965,7,21
10,443,21,321
7,10,321,61
21,7,61,3
321,21,3,4
61,321,4,509
3,61,509,2
4,3,2,18241
509,4,18241,4244
2,509,4244,68
18241,2,68,57
4244,18241,57,1163
68,4244,1163,73
57,68,73,39
1163,57,39,249
73,1163,249,34
39,73,34,3056
249,39,3056,6
34,249,6,497
3056,34,497,4475
6,3056,4475,65
497,6,65,1609
4475,497,1609,106199
65,4475,106199,37951
1609,65,37951,2
106199,1609,2,308
37951,106199,308,299
2,37951,299,639
308,2,639,24
299,308,24,3238
639,299,3238,1673
24,639,1673,32
3238,24,32,2
1673,3238,2,4
32,1673,4,1353
2,32,1353,9
4,2,9,2
1353,4,2,875
9,1353,875,1699
2,9,1699,104710
875,2,104710,116
1699,875,116,11
104710,1699,11,34
116,104710,34,431
11,116,431,3
34,11,3,459
431,34,459,1699
3,431,1699,965
459,3,965,37951
1699,459,37951,28
965,1699,28,6
37951,965,6,1338
28,37951,1338,30
6,28,30,16
1338,6,16,794
30,1338,794,9
16,30,9,2
794,16,2,1699
9,794,1699,43434
2,9,43434,13
1699,2,13,962
43434,1699,962,2852
13,43434,2852,56
962,13,56,6
2852,962,6,144
56,2852,144,5
6,56,5,1858
144,6,1858,2
5,144,2,39
1858,5,39,1760
2,1858,1760,9
39,2,9,965
1760,39,965,29
9,1760,29,11
965,9,11,13
29,965,13,19087
11,29,19087,12
13,11,12,869
19087,13,869,5
12,19087,5,513
869,12,513,3471
5,869,3471,128
513,5,128,355
3471,513,355,11
128,3471,11,134
355,128,134,4
11,355,4,1263
134,11,1263,23
4,134,23,2
1263,4,2,879
23,1263,879,1040
2,23,1040,6
879,2,6,452
1040,879,452,7
6,1040,7,950
452,6,950,2
7,452,2,1699
950,7,1699,965
2,950,965,23
1699,2,23,227
965,1699,227,29664
23,965,29664,153
227,23,153,75
29664,227,75,879
153,29664,879,1040
75,153,1040,11
879,75,11,481
1040,879,481,2
11,1040,2,1475
481,11,1475,15
2,481,15,4271
1475,2,4271,2
15,1475,2,3924
4271,15,3924,2618
2,4271,2618,3
3924,2,3,2
2618,3924,2,3083
3,2618,3083,1147
2,3,1147,151
3083,2,151,2813
1147,3083,2813,2
151,1147,2,1699
2813,151,1699,965
2,2813,965,83138
1699,2,83138,2
965,1699,2,390
83138,965,390,185
2,83138,185,6
390,2,6,1063
185,390,1063,2271
6,185,2271,3432
1063,6,3432,5295
2271,1063,5295,735
3432,2271,735,32
5295,3432,32,3
735,5295,3,5298
32,735,5298,49
3,32,49,240
5298,3,240,9
49,5298,9,227
240,49,227,1699
9,240,1699,965
227,9,965,32
1699,227,32,28
965,1699,28,8
32,965,8,11
28,32,11,14
8,28,14,12
11,8,12,979
14,11,979,15
12,14,15,431
979,12,431,9
15,979,9,578
431,15,578,29
9,431,29,11
578,9,11,140
29,578,140,3064
11,29,3064,76
140,11,76,1695
3064,140,1695,1785
76,3064,1785,4409
1695,76,4409,4
1785,1695,4,2904
4409,1785,2904,10167
4,4409,10167,15
2904,4,15,494
10167,2904,494,23590
15,10167,23590,353
494,15,353,507
23590,494,507,2
353,23590,2,182
507,353,182,5
2,507,5,45
182,2,45,16
5,182,16,131
45,5,131,1066
16,45,1066,3
131,16,3,1346
1066,131,1346,8
3,1066,8,33
1346,3,33,1232
8,1346,1232,1586
33,8,1586,1699
1232,33,1699,965
1586,1232,965,3
1699,1586,3,4733
965,1699,4733,4
3,965,4,509
4733,3,509,145
4,4733,145,5932
509,4,5932,1380
145,509,1380,8
5932,145,8,49
1380,5932,49,188
8,1380,188,23
49,8,23,227
188,49,227,446
23,188,446,40
227,23,40,3607
446,227,3607,39
40,446,39,249
3607,40,249,264
39,3607,264,1699
249,39,1699,965
264,249,965,443
1699,264,443,54
965,1699,54,1868
443,965,1868,2
54,443,2,1616
1868,54,1616,9
2,1868,9,639
1616,2,639,6
9,1616,6,39
639,9,39,249
6,639,249,312
39,6,312,5773
249,39,5773,418
312,249,418,4
5773,312,4,2
418,5773,2,1699
4,418,1699,965
2,4,965,9
1699,2,9,798
965,1699,798,5
9,965,5,35
798,9,35,120
5,798,120,577
35,5,577,5
120,35,5,852
577,120,852,7
5,577,7,38693
852,5,38693,443
7,852,443,34
38693,7,34,17
443,38693,17,3056
34,443,3056,6
17,34,6,74
3056,17,74,235
6,3056,235,566
74,6,566,66
235,74,66,4
566,235,4,53
66,566,53,16
4,66,16,382
53,4,382,8517
16,53,8517,9
382,16,9,2415
8517,382,2415,6
9,8517,6,312
2415,9,312,3307
6,2415,3307,4
312,6,4,2647
3307,312,2647,418
4,3307,418,503
2647,4,503,1587
418,2647,1587,18
503,418,18,2
1587,503,2,41
18,1587,41,15473
2,18,15473,1637
41,2,1637,65
15473,41,65,529
1637,15473,529,840
65,1637,840,39
529,65,39,249
840,529,249,141
39,840,141,251
249,39,251,9
141,249,9,513
251,141,513,3887
9,251,3887,3
513,9,3,1409
3887,513,1409,704
3,3887,704,29
1409,3,29,53
704,1409,53,64
29,704,64,1868
53,29,1868,5229
64,53,5229,321
1868,64,321,9
5229,1868,9,73173
321,5229,73173,32
9,321,32,144
73173,9,144,2
32,73173,2,227
144,32,227,1699
2,144,1699,965
227,2,965,29
1699,227,29,178
965,1699,178,8
29,965,8,227
178,29,227,1699
8,178,1699,7
227,8,7,72
1699,227,72,8
7,1699,8,4
72,7,4,1397
8,72,1397,35
4,8,35,1163
1397,4,1163,4
35,1397,4,639
1163,35,639,168
4,1163,168,6397
639,4,6397,3
168,639,3,155
6397,168,155,80
3,6397,80,875
155,3,875,211
80,155,211,2
875,80,2,1699
211,875,1699,965
2,211,965,6
1699,2,6,236
965,1699,236,120
6,965,120,10
236,6,10,96
120,236,96,448
10,120,448,259
96,10,259,49666
448,96,49666,4382
259,448,4382,35
49666,259,35,8
4382,49666,8,32
35,4382,32,1467
8,35,1467,364
32,8,364,2
1467,32,2,459
364,1467,459,9
2,364,9,8652
459,2,8652,639
9,459,639,25
8652,9,25,67
639,8652,67,3991
25,639,3991,7
67,25,7,560
3991,67,560,29
7,3991,29,10
560,7,10,344
29,560,344,3
10,29,3,383
344,10,383,8
3,344,8,76
383,3,76,6337
8,383,6337,2159
76,8,2159,2553
6337,76,2553,3
2159,6337,3,49
2553,2159,49,431
3,2553,431,9
49,3,9,636
431,49,636,256
9,431,256,22007
636,9,22007,4522
256,636,4522,1742
22007,256,1742,288
4522,22007,288,433
1742,4522,433,270
288,1742,270,5617
433,288,5617,7
270,433,7,21776
5617,270,21776,273
7,5617,273,312
21776,7,312,6
273,21776,6,157
312,273,157,4
6,312,4,1742
157,6,1742,13
4,157,13,35197
1742,4,35197,515
13,1742,515,6
35197,13,6,133
515,35197,133,11
6,515,11,17790
133,6,17790,53
11,133,53,16
17790,11,16,90
53,17790,90,107
16,53,107,3
90,16,3,705
107,90,705,1594
3,107,1594,5
705,3,5,4
1594,705,4,515
5,1594,515,4
4,5,4,21
515,4,21,48
4,515,48,34
21,4,34,62
48,21,62,8
34,48,8,1742
62,34,1742,7
8,62,7,373
1742,8,373,2933
7,1742,2933,22007
373,7,22007,366
2933,373,366,7
22007,2933,7,1165
366,22007,1165,42695
7,366,42695,1338
1165,7,1338,636
42695,1165,636,4152
1338,42695,4152,17054
636,1338,17054,1673
4152,636,1673,71
17054,4152,71,9
1673,17054,9,1426
71,1673,1426,4329
9,71,4329,940
1426,9,940,6
4329,1426,6,10
940,4329,10,60
6,940,60,5
10,6,5,83363
60,10,83363,888
5,60,888,70
83363,5,70,4329
888,83363,4329,940
70,888,940,101
4329,70,101,4
940,4329,4,140
101,940,140,8
4,101,8,3575
140,4,3575,4329
8,140,4329,940
3575,8,940,720
4329,3575,720,157
940,4329,157,142
720,940,142,6
157,720,6,601
142,157,601,17054
6,142,17054,9604
601,6,9604,21
17054,601,21,560
9604,17054,560,340
21,9604,340,59
560,21,59,2589
340,560,2589,216
59,340,216,349
2589,59,349,563
216,2589,563,12
349,216,12,591
563,349,591,4422
12,563,4422,5
591,12,5,257
4422,591,257,8665
5,4422,8665,6
257,5,6,1258
8665,257,1258,2135
6,8665,2135,13
1258,6,13,182
2135,1258,182,41
13,2135,41,65
182,13,65,51326
41,182,51326,286
65,41,286,92
51326,65,92,132
286,51326,132,18
92,286,18,888
132,92,888,246
18,132,246,1318
888,18,1318,5
246,888,5,7312
1318,246,7312,4
5,1318,4,19471
7312,5,19471,40
4,7312,40,18
19471,4,18,577
40,19471,577,227
18,40,227,92
577,18,92,175
227,577,175,591
92,227,591,3
175,92,3,591
591,175,591,6
3,591,6,182
591,3,182,436
6,591,436,2443
182,6,2443,2
436,182,2,149
2443,436,149,2
2,2443,2,2432
149,2,2432,3
2,149,3,5332
2432,2,5332,184
3,2432,184,3
5332,3,3,2
184,5332,2,763
3,184,763,19
2,3,19,456
763,2,456,9
19,763,9,12917
456,19,12917,654
9,456,654,2
12917,9,2,1338
654,12917,1338,113
2,654,113,97163
1338,2,97163,497
113,1338,497,17054
97163,113,17054,366
497,97163,366,8
17054,497,8,4329
366,17054,4329,940
8,366,940,720
4329,8,720,142
940,4329,142,2135
720,940,2135,6
142,720,6,601
2135,142,601,2
6,2135,2,64184
601,6,64184,833
2,601,833,3550
64184,2,3550,12
833,64184,12,162
3550,833,162,615
12,3550,615,73
162,12,73,47238
615,162,47238,1290
73,615,1290,195
47238,73,195,3550
1290,47238,3550,621
195,1290,621,61
3550,195,61,49
621,3550,49,1339
61,621,1339,5
49,61,5,162
1339,49,162,6
5,1339,6,111
162,5,111,5
6,162,5,1102
111,6,1102,2
5,111,2,1102
1102,5,1102,5
2,1102,5,2186
1102,2,2186,5
5,1102,5,133
2186,5,133,2
5,2186,2,2
133,5,2,106034
2,133,106034,16
2,2,16,2
106034,2,2,1339
16,106034,1339,2043
2,16,2043,8
1339,2,8,30
2043,1339,30,234
8,2043,234,73
30,8,73,157
234,30,157,74
73,234,74,225
157,73,225,45
74,157,45,5
225,74,5,1897
45,225,1897,4
5,45,4,3261
1897,5,3261,543
4,1897,543,232
3261,4,232,11
543,3261,11,28
232,543,28,51
11,232,51,2
28,11,2,1514
51,28,1514,3
2,51,3,6372
1514,2,6372,1793
3,1514,1793,8
6372,3,8,1118
1793,6372,1118,6
8,1793,6,440
1118,8,440,6
6,1118,6,1578
440,6,1578,128
6,440,128,32041
1578,6,32041,972
128,1578,972,83
32041,128,83,3
972,32041,3,1434
83,972,1434,45
3,83,45,5
1434,3,5,1897
45,1434,1897,4
5,45,4,77964
1897,5,77964,58
4,1897,58,1339
77964,4,1339,6
58,77964,6,111
1339,58,111,5
6,1339,5,1102
111,6,1102,13
5,111,13,225
1102,5,225,45
13,1102,45,5
225,13,5,1897
45,225,1897,4
5,45,4,64
1897,5,64,1102
4,1897,1102,31
64,4,31,2041
1102,64,2041,2
31,1102,2,77963
2041,31,77963,242
2,2041,242,8
77963,2,8,225
242,77963,225,96
8,242,96,61
225,8,61,5
96,225,5,1339
61,96,1339,4
5,61,4,45
1339,5,45,5
4,1339,5,1897
45,4,1897,96
5,45,96,61
1897,5,61,5
96,1897,5,58
61,96,58,41666
5,61,41666,497
58,5,497,3550
41666,58,3550,366
497,41666,366,2
3550,497,2,1165
366,3550,1165,560
2,366,560,87
1165,2,87,135
560,1165,135,1339
87,560,1339,848
135,87,848,865
1339,135,865,5
848,1339,5,3093
865,848,3093,225
5,865,225,29
3093,5,29,7
225,3093,7,87595
29,225,87595,5
7,29,5,45
87595,7,45,5
5,87595,5,1897
45,5,1897,4
5,45,4,95
1897,5,95,31
4,1897,31,2041
95,4,2041,2
31,95,2,77961
2041,31,77961,1210
2,2041,1210,1659
77961,2,1659,562
1210,77961,562,3165
1659,1210,3165,28
562,1659,28,32
3165,562,32,40
28,3165,40,96
32,28,96,645
40,32,645,836
96,40,836,361
645,96,361,9
836,645,9,46821
361,836,46821,1976
9,361,1976,164
46821,9,164,32
1976,46821,32,764
164,1976,764,240
32,164,240,7
764,32,7,1234
240,764,1234,284
7,240,284,5
1234,7,5,1195
284,1234,1195,4
5,284,4,1711
1195,5,1711,175
4,1195,175,49
1711,4,49,4
175,1711,4,145
49,175,145,171
4,49,171,135
145,4,135,289
171,145,289,145
135,171,145,4522
289,135,4522,22
145,289,22,240
4522,145,240,9
22,4522,9,23163
240,22,23163,166
9,240,166,645
23163,9,645,4
166,23163,4,32
645,166,32,23
4,645,23,99
32,4,99,1266
23,32,1266,86
99,23,86,361
1266,99,361,543
86,1266,543,645
361,86,645,101350
543,361,101350,10
645,543,10,14
101350,645,14,314
10,101350,314,8
14,10,8,32
314,14,32,14
8,314,14,1444
32,8,1444,2387
14,32,2387,114
1444,14,114,3
2387,1444,3,145
114,2387,145,11
3,114,11,3173
145,3,3173,49
11,145,49,423
3173,11,423,4
49,3173,4,1266
423,49,1266,2
4,423,2,39
1266,4,39,1122
2,1266,1122,9
39,2,9,361
1122,39,361,5330
9,1122,5330,23
361,9,23,166
5330,361,166,645
23,5330,645,29
166,23,29,11
645,166,11,453
29,645,453,7
11,29,7,25
453,11,25,14
7,453,14,3
25,7,3,96
14,25,96,645
3,14,645,361
96,3,361,9
645,96,9,138
361,645,138,27
9,361,27,1015
138,9,1015,15
27,138,15,104
1015,27,104,1169
15,1015,1169,49
104,15,49,1178
1169,104,1178,240
49,1169,240,115
1178,49,115,21
240,1178,21,1104
115,240,1104,907
21,115,907,15
1104,21,15,2623
907,1104,2623,935
15,907,935,74
2623,15,74,2
935,2623,2,66
74,935,66,21
2,74,21,912
66,2,912,138
21,66,138,27
912,21,27,76446
138,912,76446,7334
27,138,7334,76073
76446,27,76073,23444
7334,76446,23444,44
76073,7334,44,264
23444,76073,264,665
44,23444,665,574
264,44,574,309
665,264,309,16
574,665,16,2142
309,574,2142,5
