1300,239,3676,1151
24,1300,1151,91
3676,24,91,3
1151,3676,3,288
91,1151,288,33
3,91,33,116
288,3,116,3157
33,288,3157,8
116,33,8,130
3157,116,130,1043
8,3157,1043,4
130,8,4,7
1043,130,7,84
4,1043,84,2305
7,4,2305,32
84,7,32,6
2305,84,6,57
32,2305,57,1800
6,32,1800,5535
57,6,5535,5
1800,57,5,49
5535,1800,49,807
5,5535,807,3
49,5,3,444
807,49,444,401
3,807,401,4
444,3,4,139
401,444,139,289
4,401,289,895
139,4,895,494
289,139,494,145
895,289,145,6897
494,895,6897,459
145,494,459,32
6897,145,32,165
459,6897,165,13
32,459,13,900
165,32,900,3
13,165,3,307
900,13,307,3483
3,900,3483,5
307,3,5,49
3483,307,49,720
5,3483,720,1800
49,5,1800,122
720,49,122,7272
1800,720,7272,138
122,1800,138,27
7272,122,27,9
138,7272,9,21
27,138,21,3404
9,27,3404,22
21,9,22,436
3404,21,436,766
22,3404,766,400
436,22,400,6
766,436,6,11439
400,766,11439,15
6,400,15,2917
11439,6,2917,100
15,11439,100,152
2917,15,152,7999
100,2917,7999,425
152,100,425,298
7999,152,298,125
425,7999,125,998
298,425,998,523
125,298,523,1301
998,125,1301,4
523,998,4,2635
1301,523,2635,21
4,1301,21,72
2635,4,72,4896
21,2635,4896,9
72,21,9,78
4896,72,78,32
9,4896,32,29
78,9,29,1350
32,78,1350,9928
29,32,9928,15
1350,29,15,69
9928,1350,69,6980
15,9928,6980,802
69,15,802,11269
6980,69,11269,7130
802,6980,7130,956
11269,802,956,32
7130,11269,32,69
956,7130,69,3
32,956,3,704
69,32,704,138
3,69,138,27
704,3,27,2092
138,704,2092,74
27,138,74,487
2092,27,487,2405
74,2092,2405,2760
487,74,2760,630
2405,487,630,3
2760,2405,3,60
630,2760,60,2
3,630,2,32
60,3,32,737
2,60,737,1034
32,2,1034,3
737,32,3,25
1034,737,25,88
3,1034,88,201
25,3,201,6
88,25,6,39
201,88,39,632
6,201,632,3996
39,6,3996,256
632,39,256,9983
3996,632,9983,956
256,3996,956,32
9983,256,32,69
956,9983,69,802
32,956,802,885
69,32,885,3
802,69,3,790
885,802,790,56
3,885,56,9
790,3,9,31430
56,790,31430,94
9,56,94,651
31430,9,651,1460
94,31430,1460,931
651,94,931,135
1460,651,135,150
931,1460,150,369
135,931,369,158
150,135,158,4
369,150,4,390
158,369,390,2635
4,158,2635,5218
390,4,5218,4116
2635,390,4116,1350
5218,2635,1350,9325
4116,5218,9325,198
1350,4116,198,32
9325,1350,32,69
198,9325,69,3
32,198,3,2
69,32,2,1497
3,69,1497,831
2,3,831,390
1497,2,390,15505
831,1497,15505,194
390,831,194,12
15505,390,12,1035
194,15505,1035,3073
12,194,3073,171
1035,12,171,135
3073,1035,135,97
171,3073,97,289
135,171,289,1614
97,135,1614,4116
289,97,4116,14099
1614,289,14099,1336
4116,1614,1336,10
14099,4116,10,6
1336,14099,6,2
10,1336,2,878
6,10,878,125
2,6,125,39
878,2,39,249
125,878,249,60
39,125,60,523
249,39,523,963
60,249,963,77783
523,60,77783,939
963,523,939,3
77783,963,3,706
939,77783,706,2421
3,939,2421,24
706,3,24,78
2421,706,78,32
24,2421,32,1215
78,24,1215,437
32,78,437,4152
1215,32,4152,6537
437,1215,6537,3
4152,437,3,91
6537,4152,91,856
3,6537,856,1299
91,3,1299,5
856,91,5,127
1299,856,127,94
5,1299,94,6
127,5,6,4
94,127,4,463
6,94,463,6537
4,6,6537,2430
463,4,2430,1862
6537,463,1862,11
2430,6537,11,1300
1862,2430,1300,2
11,1862,2,1664
1300,11,1664,32
2,1300,32,146
1664,2,146,3
32,1664,3,3488
146,32,3488,4070
3,146,4070,4
3488,3,4,2995
4070,3488,2995,32
4,4070,32,304
2995,4,304,4
32,2995,4,980
304,32,980,101
4,304,101,13
980,4,13,317
101,980,317,136
13,101,136,4124
317,13,4124,65
136,317,65,225
4124,136,225,101
65,4124,101,36
225,65,36,658
101,225,658,101
36,101,101,54
658,36,54,7
101,658,7,4
54,101,4,1735
7,54,1735,2738
4,7,2738,3996
1735,4,3996,3079
2738,1735,3079,256
3996,2738,256,9983
3079,3996,9983,31
256,3079,31,14
9983,256,14,1801
31,9983,1801,1512
14,31,1512,9
1801,14,9,6052
1512,1801,6052,3532
9,1512,3532,194
6052,9,194,3
3532,6052,3,138
194,3532,138,27
3,194,27,2
138,3,2,2
27,138,2,289
2,27,289,185
2,2,185,2271
289,2,2271,1646
185,289,1646,522
2271,185,522,2
1646,2271,2,4
522,1646,4,871
2,522,871,3
4,2,3,32
871,4,32,69
3,871,69,11605
32,3,11605,885
69,32,885,15
11605,69,15,1073
885,11605,1073,368
15,885,368,790
1073,15,790,56
368,1073,56,1259
790,368,1259,14
56,790,14,1539
1259,56,1539,202
14,1259,202,127
1539,14,127,94
202,1539,94,1460
127,202,1460,931
94,127,931,31
1460,94,31,77
931,1460,77,276
31,931,276,33
77,31,33,280
276,77,280,1474
33,276,1474,6
280,33,6,2
1474,280,2,257
6,1474,257,85
2,6,85,8654
257,2,8654,12560
85,257,12560,2
8654,85,2,159
12560,8654,159,2143
2,12560,2143,523
159,2,523,31
2143,159,31,84
523,2143,84,179
31,523,179,9
84,31,9,39
179,84,39,249
9,179,249,60
39,9,60,14
249,39,14,607
60,249,607,6
14,60,6,2
607,14,2,1001
6,607,1001,2401
2,6,2401,2
1001,2,2,454
2401,1001,454,2
2,2401,2,131
454,2,131,201
2,454,201,919
131,2,919,15
201,131,15,32
919,201,32,69
15,919,69,30
32,15,30,18
69,32,18,13
30,69,13,49
18,30,49,11441
13,18,11441,61
49,13,61,1030
11441,49,1030,9
61,11441,9,43
1030,61,43,126
9,1030,126,4
43,9,4,18
126,43,18,208
4,126,208,47
18,4,47,3562
208,18,3562,2401
47,208,2401,28
3562,47,28,10841
2401,3562,10841,1763
28,2401,1763,885
10841,28,885,1731
1763,10841,1731,15069
885,1763,15069,1408
1731,885,1408,6
15069,1731,6,1763
1408,15069,1763,933
6,1408,933,15
1763,6,15,2
933,1763,2,1055
15,933,1055,843
2,15,843,122
1055,2,122,78
843,1055,78,84694
122,843,84694,437
78,122,437,4152
84694,78,4152,6537
437,84694,6537,3983
4152,437,3983,1763
6537,4152,1763,31
3983,6537,31,628
1763,3983,628,56
31,1763,56,102
628,31,102,521
56,628,521,338
102,56,338,434
521,102,434,5
338,521,5,135
434,338,135,97
5,434,97,53
135,5,53,147
97,135,147,3
53,97,3,17
147,53,17,2
3,147,2,1763
17,3,1763,2205
2,17,2205,6
1763,2,6,54
2205,1763,54,1763
6,2205,1763,586
54,6,586,1042
1763,54,1042,117
586,1763,117,5
1042,586,5,2
117,1042,2,311
5,117,311,406
2,5,406,4870
311,2,4870,4
406,311,4,1096
4870,406,1096,5
4,4870,5,2
1096,4,2,334
5,1096,334,923
2,5,923,4
334,2,4,1036
923,334,1036,9
4,923,9,2007
1036,4,2007,2371
9,1036,2371,6
2007,9,6,1763
2371,2007,1763,933
6,2371,933,98
1763,6,98,15296
933,1763,15296,63
98,933,63,4
15296,98,4,1835
63,15296,1835,5
4,63,5,2441
1835,4,2441,926
5,1835,926,9
2441,5,9,1418
926,2441,1418,481
9,926,481,885
1418,9,885,6
481,1418,6,1360
885,481,1360,109
6,885,109,125
1360,6,125,223
109,1360,223,667
125,109,667,6158
223,125,6158,307
667,223,307,19
6158,667,19,781
307,6158,781,14
19,307,14,1851
781,19,1851,1766
14,781,1766,9
1851,14,9,2
1766,1851,2,1763
9,1766,1763,2205
2,9,2205,72
1763,2,72,20294
2205,1763,20294,885
72,2205,885,468
20294,72,468,15296
885,20294,15296,5
468,885,5,1055
15296,468,1055,528
5,15296,528,11
1055,5,11,4
528,1055,4,22
11,528,22,1580
4,11,1580,392
22,4,392,3
1580,22,3,4182
392,1580,4182,232
3,392,232,5
4182,3,5,933
232,4182,933,31
5,232,31,55
933,5,55,345
31,933,345,2
55,31,2,1408
345,55,1408,59
2,345,59,60
1408,2,60,7
59,1408,7,26182
60,59,26182,392
7,60,392,1763
26182,7,1763,6
392,26182,6,1815
1763,392,1815,9
6,1763,9,677
1815,6,677,201
9,1815,201,3
677,9,3,1635
201,677,1635,9
3,201,9,2
1635,3,2,532
9,1635,532,73
2,9,73,20
532,2,20,32
73,532,32,69
20,73,69,802
32,20,802,863
69,32,863,29
802,69,29,7
863,802,7,113
29,863,113,10
7,29,10,899
113,7,899,792
10,113,792,3
899,10,3,25
792,899,25,25
3,792,25,84
25,3,84,5899
25,25,5899,1763
84,25,1763,143
5899,84,143,73
1763,5899,73,88
143,1763,88,2205
73,143,2205,578
88,73,578,7
2205,88,7,113
578,2205,113,20
7,578,20,42
113,7,42,34
20,113,34,18
42,20,18,3
34,42,3,17
18,34,17,1932
3,18,1932,61
17,3,61,32
1932,17,32,31
61,1932,31,13
32,61,13,908
31,32,908,27
13,31,27,5
908,13,5,6368
27,908,6368,657
5,27,657,228
6368,5,228,263
657,6368,263,195
228,657,195,6
263,228,6,2
195,263,2,381
6,195,381,3447
2,6,3447,4
381,2,4,2
3447,381,2,131
4,3447,131,1735
2,4,1735,57583
131,2,57583,4865
1735,131,4865,24
57583,1735,24,32
4865,57583,32,1800
24,4865,1800,50
32,24,50,2522
1800,32,2522,6
50,1800,6,2
2522,50,2,799
6,2522,799,5009
2,6,5009,3
799,2,3,885
5009,799,885,3
3,5009,3,173
885,3,173,56
3,885,56,1299
173,3,1299,8
56,173,8,77
1299,56,77,2085
8,1299,2085,69
77,8,69,4336
2085,77,4336,15
69,2085,15,2508
4336,69,2508,32
15,4336,32,1007
2508,15,1007,2628
32,2508,2628,4427
1007,32,4427,7533
2628,1007,7533,2001
4427,2628,2001,8
7533,4427,8,279
2001,7533,279,216
8,2001,216,14
279,8,14,4715
216,279,4715,3
14,216,3,3304
4715,14,3304,32
3,4715,32,7127
3304,3,7127,125
32,3304,125,12002
7127,32,12002,10
125,7127,10,822
12002,125,822,4336
10,12002,4336,175
822,10,175,71
4336,822,71,252
175,4336,252,4
71,175,4,32
252,71,32,69
4,252,69,4427
32,4,4427,481
69,32,481,8
4427,69,8,2508
481,4427,2508,1780
8,481,1780,134
2508,8,134,89
1780,2508,89,2
134,1780,2,212
89,134,212,1107
2,89,1107,6
212,2,6,187
1107,212,187,13
6,1107,13,47
187,6,47,943
13,187,943,44
47,13,44,75
943,47,75,78
44,943,78,32
75,44,32,3967
78,75,3967,6
32,78,6,725
3967,32,725,5
6,3967,5,111
725,6,111,1595
5,725,1595,369
111,5,369,12
1595,111,12,1707
369,1595,1707,128
12,369,128,318
1707,12,318,885
128,1707,885,1118
318,128,1118,9
885,318,9,1478
1118,885,1478,15
9,1118,15,2
1478,9,2,503
15,1478,503,151
2,15,151,5
503,2,5,11901
151,503,11901,542
5,151,542,211
11901,5,211,2088
542,11901,2088,5368
211,542,5368,2
2088,211,2,172
5368,2088,172,158
2,5368,158,23
172,2,23,279
158,172,279,216
23,158,216,1164
279,23,1164,68
216,279,68,134
1164,216,134,32
68,1164,32,69
134,68,69,6
32,134,6,125
69,32,125,8
6,69,8,78
125,6,78,432
8,125,432,125
78,8,125,954
432,78,954,7768
125,432,7768,5
954,125,5,2080
7768,954,2080,898
5,7768,898,141
2080,5,141,4
898,2080,4,10
141,898,10,7768
4,141,7768,5
10,4,5,1105
7768,10,1105,5
5,7768,5,148
1105,5,148,7
5,1105,7,380
148,5,380,536
7,148,536,1968
380,7,1968,3631
536,380,3631,1084
1968,536,1084,9
3631,1968,9,583
1084,3631,583,45
9,1084,45,9
583,9,9,2014
45,583,2014,12024
9,45,12024,15
2014,9,15,238
12024,2014,238,92
15,12024,92,1039
238,15,1039,4154
92,238,4154,8266
1039,92,8266,5
4154,1039,5,5976
8266,4154,5976,146
5,8266,146,2
5976,5,2,169
146,5976,169,1098
2,146,1098,3
169,2,3,715
1098,169,715,32
3,1098,32,450
715,3,450,1908
32,715,1908,724
450,32,724,29
1908,450,29,86
724,1908,86,52
29,724,52,253
86,29,253,127
52,86,127,94
253,52,94,2399
127,253,2399,343
94,127,343,2
2399,94,2,2
343,2399,2,681
2,343,681,78
2,2,78,172
681,2,172,619
78,681,619,1772
172,78,1772,1396
619,172,1396,481
1772,619,481,6
1396,1772,6,2
481,1396,2,1001
6,481,1001,125
2,6,125,8
1001,2,8,52
125,1001,52,4343
8,125,4343,14
52,8,14,21
4343,52,21,177
14,4343,177,5
21,14,5,10
177,21,10,518
5,177,518,14
10,5,14,2
518,10,2,11761
14,518,11761,140
2,14,140,11
11761,2,11,1289
140,11761,1289,11
11,140,11,392
1289,11,392,20
11,1289,20,180
392,11,180,4
20,392,4,11
180,20,11,116
4,180,116,10
11,4,10,78
116,11,78,448
10,116,448,61
78,10,61,21
448,78,21,4328
61,448,4328,29
21,61,29,49
4328,21,49,1043
29,4328,1043,200
49,29,200,7
1043,49,7,4
200,1043,4,125
7,200,125,24
4,7,24,78
125,4,78,32
24,125,32,641
78,24,641,3
32,78,3,885
641,32,885,12
3,641,12,4774
885,3,4774,109
12,885,109,28
4774,12,28,709
109,4774,709,1213
28,109,1213,4
709,28,4,3352
1213,709,3352,50
4,1213,50,1930
3352,4,1930,9651
50,3352,9651,554
1930,50,554,4
9651,1930,4,6638
554,9651,6638,144
4,554,144,3
6638,4,3,4
144,6638,4,57
3,144,57,1277
4,3,1277,2292
57,4,2292,151
1277,57,151,6
2292,1277,6,818
151,2292,818,1282
6,151,1282,18
818,6,18,1093
1282,818,1093,56
18,1282,56,8
1093,18,8,32
56,1093,32,479
8,56,479,13
32,8,13,495
479,32,495,3646
13,479,3646,1009
495,13,1009,24
3646,495,24,103
1009,3646,103,311
24,1009,311,389
103,24,389,226
311,103,226,6
389,311,6,2
226,389,2,2112
6,226,2112,720
2,6,720,381
2112,2,381,3
720,2112,3,1048
381,720,1048,143
3,381,143,715
1048,3,715,5
143,1048,5,7942
715,143,7942,1503
5,715,1503,78
7942,5,78,28
1503,7942,28,2907
78,1503,2907,4
28,78,4,1185
2907,28,1185,396
4,2907,396,1679
1185,4,1679,3219
396,1185,3219,48
1679,396,48,95
3219,1679,95,1059
48,3219,1059,25
95,48,25,26
1059,95,26,25
25,1059,25,116
26,25,116,52
25,26,52,33
116,25,33,116
52,116,116,2382
33,52,2382,16
116,33,16,541
2382,116,541,6
16,2382,6,525
541,16,525,15
6,541,15,2132
525,6,2132,1059
15,525,1059,103
2132,15,103,66
1059,2132,66,394
103,1059,394,11
66,103,11,228
394,66,228,9
11,394,9,2
228,11,2,129
9,228,129,443
2,9,443,6
129,2,6,217
443,129,217,5
6,443,5,604
217,6,604,1059
5,217,1059,541
604,5,541,3
1059,604,3,43
541,1059,43,1138
3,541,1138,24
43,3,24,143
1138,43,143,226
24,1138,226,1059
143,24,1059,1085
226,143,1085,6
1059,226,6,2907
1085,1059,2907,1950
6,1085,1950,1950
2907,6,1950,13
1950,2907,13,107
1950,1950,107,74
13,1950,74,1054
107,13,1054,2
74,107,2,781
1054,74,781,125
2,1054,125,3969
781,2,3969,12
125,781,12,878
3969,125,878,1254
12,3969,1254,8
878,12,8,4268
1254,878,4268,3015
8,1254,3015,2577
4268,8,2577,91
3015,4268,91,49
2577,3015,49,423
91,2577,423,2
49,91,2,573
423,49,573,5
2,423,5,1054
573,2,1054,3
5,573,3,179
1054,5,179,6
3,1054,6,4231
179,3,4231,15
6,179,15,32
4231,6,32,69
15,4231,69,3
32,15,3,2074
69,32,2074,1401
3,69,1401,5
2074,3,5,117
1401,2074,117,494
5,1401,494,145
117,5,145,5865
494,117,5865,2577
145,494,2577,14
5865,145,14,163
2577,5865,163,3
14,2577,3,2615
163,14,2615,74
3,163,74,125
2615,3,125,139
74,2615,139,91
125,74,91,3
139,125,3,2074
91,139,2074,145
3,91,145,100
2074,3,100,69
145,2074,69,364
100,145,364,22
69,100,22,1175
364,69,1175,36
22,364,36,899
1175,22,899,8514
36,1175,8514,32
899,36,32,69
8514,899,69,630
32,8514,630,3
69,32,3,26085
630,69,26085,2047
3,630,2047,127
26085,3,127,289
2047,26085,289,3
127,2047,3,1058
289,127,1058,600
3,289,600,2
1058,3,2,1248
600,1058,1248,58
2,600,58,40
1248,2,40,93
58,1248,93,2
40,58,2,1486
93,40,1486,579
2,93,579,996
1486,2,996,298
579,1486,298,1225
996,579,1225,32
298,996,32,635
1225,298,635,1966
32,1225,1966,51
635,32,51,38
1966,635,38,542
51,1966,542,18
38,51,18,42
542,38,42,9
18,542,9,81
42,18,81,481
9,42,481,6135
81,9,6135,4401
481,81,4401,31
6135,481,31,394
4401,6135,394,716
31,4401,716,32
394,31,32,69
716,394,69,1286
32,716,1286,6
69,32,6,355
1286,69,355,125
6,1286,125,3
355,6,3,885
218,1151,2,6006
9,218,6006,2196
2,9,2196,3
6006,2,3,100022
2196,6006,100022,19
3,2196,19,1822
100022,3,1822,4550
19,100022,4550,886
1822,19,886,12
4550,1822,12,355
886,4550,355,109
12,886,109,19
355,12,19,1822
109,355,1822,4550
19,109,4550,6
1822,19,6,128
4550,1822,128,153
6,4550,153,5
128,6,5,318
153,128,318,658
5,153,658,770
318,5,770,324
658,318,324,190
770,658,190,664
324,770,664,1702
190,324,1702,3
664,190,3,5466
1702,664,5466,2
3,1702,2,2465
5466,3,2465,6006
2,5466,6006,4471
2465,2,4471,12
6006,2465,12,7674
4471,6006,7674,1450
12,4471,1450,11455
7674,12,11455,4
1450,7674,4,57
11455,1450,57,402
4,11455,402,3020
57,4,3020,15
402,57,15,1036
3020,402,1036,3
15,3020,3,399
1036,15,399,101
3,1036,101,374
399,3,374,24
101,399,24,90
374,101,90,529
24,374,529,338
90,24,338,578
529,90,578,4
338,529,4,703
578,338,703,1118
4,578,1118,2856
703,4,2856,35
1118,703,35,1102
2856,1118,1102,23
35,2856,23,700
1102,35,700,399
23,1102,399,101
700,23,101,1133
399,700,1133,6
101,399,6,6336
1133,101,6336,5189
6,1133,5189,3
6336,6,3,606
5189,6336,606,3964
3,5189,3964,9
606,3,9,4
3964,606,4,13912
