5,232,40,18
504,5,18,38
40,504,38,4814
18,40,4814,418
38,18,418,5
4814,38,5,1445
418,4814,1445,292
5,418,292,993
1445,5,993,38
292,1445,38,2244
993,292,2244,959
38,993,959,53
2244,38,53,16
959,2244,16,90
53,959,90,1255
16,53,1255,5
90,16,5,400
1255,90,400,570
5,1255,570,6
400,5,6,2
570,400,2,11028
6,570,11028,543
2,6,543,101
11028,2,101,543
543,11028,543,55
101,543,55,443
543,101,443,112
55,543,112,600
443,55,600,5
112,443,5,3127
600,112,3127,301
5,600,301,732
3127,5,732,42
301,3127,42,55
732,301,55,434
42,732,434,2622
55,42,2622,255
434,55,255,15
2622,434,15,45
255,2622,45,1293
15,255,1293,151
45,15,151,4
1293,45,4,470
151,1293,470,88
4,151,88,5
470,4,5,2763
88,470,2763,15
5,88,15,81
2763,5,81,17
15,2763,17,3132
81,15,3132,51
17,81,51,151
3132,17,151,33
51,3132,33,1166
151,51,1166,2366
33,151,2366,1493
1166,33,1493,4
2366,1166,4,6203
1493,2366,6203,5
4,1493,5,45
6203,4,45,99
5,6203,99,3
45,5,3,96
99,45,96,4
3,99,4,2440
96,3,2440,335
4,96,335,37
2440,4,37,229
335,2440,229,151
37,335,151,34
229,37,34,2502
151,229,2502,570
34,151,570,3
2502,34,3,248
570,2502,248,332
3,570,332,57
248,3,57,36
332,248,36,247
57,332,247,7880
36,57,7880,4
247,36,4,2741
7880,247,2741,24
4,7880,24,332
2741,4,332,57
24,2741,57,67
332,24,67,5804
57,332,5804,1920
67,57,1920,3896
5804,67,3896,60
1920,5804,60,4
3896,1920,4,38
60,3896,38,696
4,60,696,55
38,4,55,248
696,38,248,33
55,696,33,1920
248,55,1920,171
33,248,171,88
1920,33,88,12829
171,1920,12829,999
88,171,999,52
12829,88,52,108
999,12829,108,7
52,999,7,1498
108,52,1498,15
7,108,15,2
1498,7,2,3306
15,1498,3306,109
2,15,109,200
3306,2,200,119
109,3306,119,9
200,109,9,43213
119,200,43213,896
9,119,896,384
43213,9,384,384
896,43213,384,270
110,7,1400,351
3,110,351,15
1400,3,15,10
351,1400,10,4
15,351,4,192
10,15,192,2862
4,10,2862,7
192,4,7,110
2862,192,110,3
7,2862,3,93
110,7,93,6
3,110,6,4
93,3,4,48
6,93,48,199
4,6,199,16
48,4,16,110
199,48,110,3
16,199,3,155
110,16,155,2698
3,110,2698,7
155,3,7,110
2698,155,110,3
7,2698,3,2868
110,7,2868,48
3,110,48,5509
2868,3,5509,56
48,2868,56,5
5509,48,5,968
56,5509,968,7
5,56,7,116
968,5,116,62
7,968,62,3
116,7,3,179
62,116,179,152
3,62,152,6
179,3,6,2
152,179,2,107
6,152,107,8
2,6,8,26
107,2,26,34
8,107,34,208
26,8,208,123
34,26,123,849
208,34,849,198
123,208,198,5
849,123,5,180
198,849,180,82
5,198,82,138
180,5,138,26439
82,180,26439,27
138,82,27,9906
26439,138,9906,5
27,26439,5,10478
9906,27,10478,23573
5,9906,23573,4
10478,5,4,152
23573,10478,152,8178
4,23573,8178,13
152,4,13,1328
8178,152,1328,89
13,8178,89,3
1328,13,3,58
89,1328,58,499
3,89,499,11
58,3,11,1956
499,58,1956,8
11,499,8,4
1956,11,4,953
8,1956,953,3
4,8,3,1982
953,4,1982,1203
3,953,1203,4
1982,3,4,4581
1203,1982,4581,1530
4,1203,1530,7
4581,4,7,4018
1530,4581,4018,6
7,1530,6,270
4018,7,270,105
6,4018,105,754
270,6,754,1216
105,270,1216,5
754,105,5,20
1216,754,20,7
5,1216,7,2657
20,5,2657,27
7,20,27,2
2657,7,2,1014
27,2657,1014,272
2,27,272,15
1014,2,15,2
272,1014,2,2722
15,272,2722,9
2,15,9,24280
2722,2,24280,22
9,2722,22,478
24280,9,478,1433
22,24280,1433,13
478,22,13,47
1433,478,47,4449
13,1433,4449,9
47,13,9,20
4449,47,20,532
9,4449,532,20
20,9,20,69
532,20,69,11
20,532,11,796
69,20,796,67
11,69,67,1933
796,11,1933,11794
67,796,11794,428
1933,67,428,15
11794,1933,15,314
428,11794,314,1070
15,428,1070,4
314,15,4,11
1070,314,11,5622
4,1070,5622,10
11,4,10,15
5622,11,15,48079
10,5622,48079,18
15,10,18,3
48079,15,3,276
18,48079,276,89
3,18,89,1223
276,3,1223,9
89,276,9,98492
1223,89,98492,58
9,1223,58,97
98492,9,97,7
58,98492,7,1292
97,58,1292,1390
7,97,1390,9
1292,7,9,27
1390,1292,27,26
9,1390,26,1905
27,9,1905,89
26,27,89,79
1905,26,79,38
89,1905,38,273
79,89,273,638
38,79,638,75
273,38,75,48
638,273,48,152
75,638,152,7
48,75,7,2748
152,48,2748,16875
7,152,16875,9
2748,7,9,10806
16875,2748,10806,8
9,16875,8,7
10806,9,7,22
8,10806,22,1401
7,8,1401,207
22,7,207,70
1401,22,70,7
207,1401,7,3115
70,207,3115,3
7,70,3,17
3115,7,17,2
3,3115,2,102682
17,3,102682,4
2,17,4,31730
102682,2,31730,2
4,102682,2,26
31730,4,26,73
2,31730,73,53
26,2,53,412
73,26,412,6
53,73,6,338
412,53,338,2190
6,412,2190,8
338,6,8,1042
2190,338,1042,114
8,2190,114,2820
1042,8,2820,586
114,1042,586,2
2820,114,2,923
586,2820,923,9
2,586,9,88
923,2,88,177
9,923,177,55
88,9,55,4413
177,88,4413,10
55,177,10,336
4413,55,336,5
10,4413,5,34947
336,10,34947,553
5,336,553,29
34947,5,29,152
553,34947,152,13
29,553,13,2
152,29,2,722
13,152,722,2601
2,13,2601,6
722,2,6,2
2601,722,2,361
6,2601,361,770
2,6,770,10
361,2,10,86
770,361,86,6958
10,770,6958,2703
86,10,2703,19
6958,86,19,43
2703,6958,43,1103
19,2703,1103,9
43,19,9,2
1103,43,2,337
9,1103,337,10
2,9,10,2
337,2,2,833
10,337,833,12
2,10,12,191
833,2,191,4
12,833,4,2
191,12,2,17026
4,191,17026,9
2,4,9,3581
17026,2,3581,629
9,17026,629,4
3581,9,4,13461
629,3581,13461,5
4,629,5,11389
13461,4,11389,152
5,13461,152,13
11389,5,13,784
152,11389,784,12729
13,152,12729,20
784,13,20,85
12729,784,85,10
20,12729,10,132
85,20,132,21
10,85,21,17
132,10,17,201
21,132,201,9
17,21,9,157
201,17,157,28
9,201,28,186
157,9,186,22465
28,157,22465,1887
186,28,1887,4
22465,186,4,526
1887,22465,526,802
4,1887,802,5
526,4,5,2130
802,526,2130,29
5,802,29,10
2130,5,10,4566
29,2130,4566,201
10,29,201,9
4566,10,9,54085
201,4566,54085,31
9,201,31,40
54085,9,40,18
31,54085,18,761
40,31,761,691
18,40,691,30
761,18,30,219
691,761,219,48
30,691,48,454
219,30,454,101
48,219,101,84
454,48,84,246
101,454,246,3833
84,101,3833,6
246,84,6,4
3833,246,4,20
6,3833,20,7
4,6,7,715
20,4,715,7
7,20,7,380
715,7,380,208
7,715,208,388
380,7,388,476
208,380,476,73
388,208,73,20
476,388,20,4
73,476,4,20
20,73,20,7
4,20,7,110
20,4,110,3
7,20,3,17
110,7,17,2
3,110,2,131
17,3,131,201
2,17,201,66
131,2,66,9
201,131,9,43
66,201,43,2752
9,66,2752,10
43,9,10,2
2752,43,2,2273
10,2752,2273,148
2,10,148,3
2273,2,3,44
148,2273,44,29
3,148,29,611
44,3,611,10
29,44,10,12
611,29,12,138
10,611,138,319
12,10,319,110
138,12,110,20
319,138,20,7
110,319,7,17461
20,110,17461,1805
7,20,1805,27
17461,7,27,761
1805,17461,761,26
27,1805,26,34
761,27,34,208
26,761,208,123
34,26,123,849
208,34,849,198
123,208,198,5
849,123,5,180
198,849,180,11
5,198,11,3818
180,5,3818,28
11,180,28,3
3818,11,3,58
28,3818,58,158
3,28,158,103
58,3,103,66
158,58,66,126
103,158,126,3076
66,103,3076,22
126,66,22,53456
3076,126,53456,27
22,3076,27,68
53456,22,68,2607
27,53456,2607,62
68,27,62,3
2607,68,3,5704
62,2607,5704,428
3,62,428,261
5704,3,261,3447
428,5704,3447,139
261,428,139,8
3447,261,8,323
139,3447,323,3
8,139,3,251
323,8,251,22
3,323,22,69
251,3,69,31680
22,251,31680,7
69,22,7,196
31680,69,196,4911
7,31680,4911,10
196,7,10,47
4911,196,47,2
10,4911,2,34136
47,10,34136,5
2,47,5,2307
34136,2,2307,4
5,34136,4,28406
2307,5,28406,40022
4,2307,40022,11395
28406,4,11395,19
40022,28406,19,2126
11395,40022,2126,11383
19,11395,11383,52
2126,19,52,30
11383,2126,30,13
52,11383,13,2
30,52,2,9437
13,30,9437,152
2,13,152,27
9437,2,27,40
152,9437,40,17
27,152,17,567
40,27,567,19
17,40,19,797
567,17,797,4
19,567,4,2936
797,19,2936,472
4,797,472,26
2936,4,26,219
472,2936,219,196
26,472,196,1132
219,26,1132,3904
196,219,3904,1557
1132,196,1557,3
3904,1132,3,1466
1557,3904,1466,11
3,1557,11,501
1466,3,501,81
11,1466,81,3
501,11,3,7360
81,501,7360,61
3,81,61,22
7360,3,22,53323
61,7360,53323,5
22,61,5,255
53323,22,255,2
5,53323,2,3047
255,5,3047,2571
2,255,2571,1051
3047,2,1051,3
2571,3047,3,21899
1051,2571,21899,383
3,1051,383,6
21899,3,6,197
383,21899,197,259
6,383,259,7
197,6,7,8
259,197,8,27
7,259,27,13
8,7,13,7016
27,8,7016,69
13,27,69,523
7016,13,523,100
69,7016,100,825
523,69,825,21899
100,523,21899,863
825,100,863,27
21899,825,27,2402
863,21899,2402,296
27,863,296,2005
2402,27,2005,231
296,2402,231,7047
2005,296,7047,87
231,2005,87,26
7047,231,26,804
87,7047,804,38
26,87,38,5490
804,26,5490,194
38,804,194,83
5490,38,83,3
194,5490,3,2
83,194,2,1699
3,83,1699,36
2,3,36,1216
1699,2,1216,23
36,1699,23,48
1216,36,48,75
23,1216,75,66
48,23,66,6
75,48,6,152
66,75,152,3939
6,66,3939,11
152,6,11,116
3939,152,116,62
11,3939,62,3
116,11,3,1427
62,116,1427,56
3,62,56,4
1427,3,4,7047
56,1427,7047,2017
4,56,2017,20367
7047,4,20367,17391
2017,7047,17391,4
20367,2017,4,9746
17391,20367,9746,14644
4,17391,14644,375
9746,4,375,11
14644,9746,11,485
375,14644,485,2116
11,375,2116,329
485,11,329,317
2116,485,317,12
329,2116,12,100
317,329,100,11
12,317,11,123
100,12,123,1255
11,100,1255,5
123,11,5,29701
1255,123,29701,9026
5,1255,9026,3526
29701,5,3526,2571
9026,29701,2571,13
3526,9026,13,146
2571,3526,146,3759
13,2571,3759,774
146,13,774,12
3759,146,12,1014
774,3759,1014,82
12,774,82,3526
1014,12,3526,8
82,1014,8,6
3526,82,6,268
8,3526,268,50
6,8,50,4018
268,6,4018,3
50,268,3,101153
4018,50,101153,61
3,4018,61,77804
101153,3,77804,94
61,101153,94,82
77804,61,82,29
94,77804,29,8
82,94,8,27
29,82,27,116
8,29,116,62
27,8,62,3
116,27,3,12116
62,116,12116,482
3,62,482,5
12116,3,5,20
482,12116,20,14103
5,482,14103,21899
20,5,21899,1461
14103,20,1461,407
21899,14103,407,75
1461,21899,75,407
407,1461,407,6
75,407,6,54
407,75,54,27
6,407,27,96306
54,6,96306,523
27,54,523,59
96306,27,59,26
523,96306,26,706
59,523,706,194
26,59,194,11
706,26,11,396
194,706,396,661
11,194,661,36
396,11,36,59
661,396,59,26
36,661,26,835
59,36,835,301
26,59,301,12720
835,26,12720,8
301,835,8,11
12720,301,11,732
8,12720,732,36
11,8,36,659
732,11,659,37
36,732,37,433
659,36,433,27
37,659,27,7
433,37,7,2
27,433,2,2072
7,27,2072,5
2,7,5,27224
2072,2,27224,24
5,2072,24,2850
27224,5,2850,3
24,27224,3,2850
2850,24,2850,21899
3,2850,21899,863
2850,3,863,8
21899,2850,8,206
863,21899,206,7047
8,863,7047,327
206,8,327,25
7047,206,25,38
327,7047,38,10265
25,327,10265,4
38,25,4,17
10265,38,17,1080
4,10265,1080,3
17,4,3,155
1080,17,155,23
3,1080,23,275
155,3,275,194
23,155,194,1037
275,23,1037,12
194,275,12,98
1037,194,98,139
12,1037,139,306
98,12,306,354
139,98,354,29
306,139,29,10
354,306,10,831
29,354,831,3
10,29,3,7
831,10,7,821
3,831,821,1037
7,3,1037,59
821,7,59,7047
1037,821,7047,16
59,1037,16,163
7047,59,163,3
16,7047,3,37160
163,16,37160,718
3,163,718,194
37160,3,194,6
718,37160,6,1504
194,718,1504,60
6,194,60,175
1504,6,175,3619
60,1504,3619,18963
175,60,18963,2790
3619,175,2790,27
18963,3619,27,93
2790,18963,93,351
27,2790,351,15
93,27,15,20
351,93,20,87
15,351,87,5
20,15,5,8108
87,20,8108,6786
5,87,6786,919
8108,5,919,11
6786,8108,11,13
919,6786,13,15
11,919,15,310
13,11,310,11
15,13,11,116
310,15,116,45
11,310,45,73
116,11,73,22465
45,116,22465,16
73,45,16,1918
22465,73,1918,6
16,22465,6,2339
1918,16,2339,12732
6,1918,12732,3214
2339,6,3214,2
12732,2339,2,21
3214,12732,21,6108
2,3214,6108,1606
21,2,1606,114
6108,21,114,9
1606,6108,9,38
114,1606,38,177
9,114,177,16
38,9,16,1681
177,38,1681,3
16,177,3,753
1681,16,753,1112
3,1681,1112,26
753,3,26,14
1112,753,14,1939
26,1112,1939,3186
14,26,3186,3485
1939,14,3485,8
3186,1939,8,7
3485,3186,7,27
8,3485,27,1404
7,8,1404,699
27,7,699,7
1404,27,7,4
699,1404,4,13473
7,699,13473,4
4,7,4,668
13473,4,668,8858
4,13473,8858,6317
668,4,6317,218
8858,668,218,26545
6317,8858,26545,21899
218,6317,21899,956
26545,218,956,797
21899,26545,797,3
956,21899,3,2070
797,956,2070,201
3,797,201,320
2070,3,320,5
201,2070,5,38
320,201,38,6958
5,320,6958,4
38,5,4,123
6958,38,123,198
4,6958,198,1015
123,4,1015,7311
198,123,7311,1173
1015,198,1173,2235
7311,1015,2235,29
1173,7311,29,7
2235,1173,7,21
29,2235,21,1174
7,29,1174,130
21,7,130,3578
78,1782,7,285
32,78,285,203
7,32,203,291
285,7,291,19
203,285,19,221
291,203,221,52
19,291,52,11
221,19,11,7
52,221,7,5214
11,52,5214,49
7,11,49,45
5214,7,45,34
49,5214,34,4219
45,49,4219,1935
34,45,1935,2
4219,34,2,4267
1935,4219,4267,167
2,1935,167,12
4267,2,12,85
167,4267,85,4
12,167,4,948
85,12,948,263
4,85,263,78
948,4,78,13
263,948,13,9325
78,263,9325,49
13,78,49,435
9325,13,435,90
49,9325,90,60
435,49,60,52
90,435,52,20
60,90,20,505
52,60,505,33
20,52,33,327
505,20,327,9984
33,505,9984,112
327,33,112,4449
9984,327,4449,52
112,9984,52,78
4449,112,78,7059
52,4449,7059,285
78,52,285,30
7059,78,30,165
285,7059,165,86
30,285,86,18
165,30,18,2
86,165,2,865
18,86,865,2575
2,18,2575,3
865,2,3,48
2575,865,48,1239
3,2575,1239,1414
48,3,1414,3981
1239,48,3981,982
1414,1239,982,1080
3981,1414,1080,84
982,3981,84,677
1080,982,677,448
84,1080,448,62
677,84,62,139
448,677,139,4
62,448,4,3152
139,62,3152,1864
4,139,1864,15
3152,4,15,2238
1864,3152,2238,3
15,1864,3,4791
2238,15,4791,5
3,2238,5,2528
4791,3,2528,581
5,4791,581,2118
2528,5,2118,5
581,2528,5,31
2118,581,31,192
5,2118,192,85
31,5,85,581
192,31,581,132
85,192,132,21
581,85,21,17
132,581,17,2987
21,132,2987,12
17,21,12,355
2987,17,355,29
12,2987,29,7
355,12,7,178
29,355,178,8
7,29,8,2
178,7,2,15818
8,178,15818,34
2,8,34,17
15818,2,17,1123
34,15818,1123,19
17,34,19,3367
1123,17,3367,53
19,1123,53,16
3367,19,16,2270
53,3367,2270,1168
16,53,1168,5
2270,16,5,925
1168,2270,925,578
5,1168,578,4
925,5,4,2
578,925,2,217
4,578,217,5
2,4,5,5124
217,2,5124,141
5,217,141,343
5124,5,343,470
141,5124,470,236
343,141,236,2
470,343,2,7
236,470,7,863
2,236,863,104
7,2,104,357
863,7,357,1932
104,863,1932,368
357,104,368,7
1932,357,7,727
368,1932,727,5
7,368,5,133
727,7,133,1114
5,727,1114,57
133,5,57,727
1114,133,727,5
57,1114,5,133
727,57,133,4
5,727,4,1020
133,5,1020,10741
4,133,10741,7
1020,4,7,990
10741,1020,990,3
7,10741,3,2083
990,7,2083,4
3,990,4,52
2083,3,52,27
4,2083,27,192
52,4,192,581
27,52,581,1302
192,27,1302,34
581,192,34,3771
1302,581,3771,11242
34,1302,11242,2
3771,34,2,416
11242,3771,416,19
2,11242,19,16993
416,2,16993,202
19,416,202,760
16993,19,760,6
202,16993,6,464
760,202,464,34091
6,760,34091,104
464,6,104,343
34091,464,343,154
104,34091,154,3
343,104,3,11629
154,343,11629,10
3,154,10,77
11629,3,77,1497
10,11629,1497,10657
77,10,10657,20
1497,77,20,226
10657,1497,226,4
20,10657,4,611
226,20,611,515
4,226,515,3
611,4,3,2
515,611,2,17576
3,515,17576,4720
2,3,4720,6618
17576,2,6618,1364
4720,17576,1364,9034
6618,4720,9034,77
1364,6618,77,17
9034,1364,17,3186
77,9034,3186,474
17,77,474,103
3186,17,103,44
474,3186,44,4
103,474,4,686
44,103,686,2127
4,44,2127,40
686,4,40,253
2127,686,253,11201
40,2127,11201,19
253,40,19,31794
11201,253,31794,5
19,11201,5,373
31794,19,373,44
5,31794,44,48
373,5,48,70
44,373,70,40
48,44,40,6431
70,48,6431,17
40,70,17,6
6431,40,6,837
17,6431,837,556
6,17,556,141
837,6,141,772
556,837,772,40
141,556,40,17
772,141,17,5442
40,772,5442,51
17,40,51,40
5442,17,40,17
51,5442,17,112
40,51,112,600
17,40,600,5
112,17,5,3127
600,112,3127,1864
5,600,1864,7
3127,5,7,481
1864,3127,481,37
7,1864,37,209
481,7,209,8
37,481,8,6911
209,37,6911,13
8,209,13,1535
6911,8,1535,654
13,6911,654,1210
