15,349,12,318
1405,15,318,10
12,1405,10,14
318,12,14,4
10,318,4,740
14,10,740,3
4,14,3,1611
740,4,1611,508
3,740,508,124
1611,3,124,618
508,1611,618,4
124,508,4,977
618,124,977,4880
4,618,4880,4
977,4,4,1271
4880,977,1271,5408
4,4880,5408,38
1271,4,38,297
5408,1271,297,4
38,5408,4,95
297,38,95,5
4,297,5,92
95,4,92,31
5,95,31,144
92,5,144,81
31,92,81,4
144,31,4,1931
81,144,1931,81
4,81,81,15
1931,4,15,242
81,1931,242,5
15,81,5,4170
242,15,4170,81
5,242,81,59
4170,5,59,45
81,4170,45,739
59,81,739,41475
45,59,41475,856
739,45,856,322
41475,739,322,6
856,41475,6,339
322,856,339,4
6,322,4,6320
339,6,6320,81
4,339,81,3
6320,4,3,297
81,6320,297,54
3,81,54,13
297,3,13,434
54,297,434,797
13,54,797,3
434,13,3,194
797,434,194,43
3,797,43,92
194,3,92,144
43,194,144,9
92,43,9,20
144,92,20,994
9,144,994,1405
20,9,1405,151
994,20,151,1545
1405,994,1545,1300
151,1405,1300,10
1545,151,10,83
1300,1545,83,181
10,1300,181,88
83,10,88,5093
181,83,5093,10
88,181,10,13
5093,88,13,21
10,5093,21,301
13,10,301,160
21,13,160,10
301,21,10,2253
160,301,2253,188
10,160,188,4
2253,10,4,735
188,2253,735,57
4,188,57,151
735,4,151,15
57,735,15,707
151,57,707,433
15,151,433,6
707,15,6,183
433,707,183,107
6,433,107,6
183,6,6,4160
107,183,4160,5
6,107,5,20
4160,6,20,53
5,4160,53,7
20,5,7,68
53,20,68,2
7,53,2,1335
68,7,1335,15
2,68,15,256
1335,2,256,1495
15,1335,1495,264
256,15,264,1012
1495,256,1012,15
264,1495,15,709
1012,264,709,238
15,1012,238,624
709,15,624,14107
238,709,14107,21156
624,238,21156,10
14107,624,10,7
21156,14107,7,508
10,21156,508,8
7,10,8,1068
508,7,1068,1128
8,508,1128,5
1068,8,5,43
1128,1068,43,92
5,1128,92,158
43,5,158,181
92,43,181,1296
158,92,1296,24
181,158,24,166
1296,181,166,384
24,1296,384,224
166,24,224,15
384,166,15,564
224,384,564,709
15,224,709,1213
564,15,1213,1596
709,564,1596,6
1213,709,6,95
1596,1213,95,167
6,1596,167,84
95,6,84,1495
167,95,1495,4
84,167,4,21156
1495,84,21156,16
4,1495,16,424
21156,4,424,3
16,21156,3,1090
424,16,1090,39
3,424,39,279
1090,3,279,102
39,1090,102,3402
279,39,3402,5
102,279,5,834
3402,102,834,309
5,3402,309,24
834,5,24,454
309,834,454,98
24,309,98,660
454,24,660,52
98,454,52,10
660,98,10,7
52,660,7,340
10,52,340,4495
7,10,4495,8460
340,7,8460,34
4495,340,34,4718
8460,4495,4718,3590
34,8460,3590,5212
4718,34,5212,4
3590,4718,4,96
5212,3590,96,10
4,5212,10,2058
96,4,2058,9
10,96,9,626
2058,10,626,3
9,2058,3,3215
626,9,3215,709
3,626,709,35
3215,3,35,74
709,3215,74,12
35,709,12,1631
74,35,1631,5
12,74,5,158
1631,12,158,181
5,1631,181,10
158,5,10,34
181,158,34,68
10,181,68,96
34,10,96,10
68,34,10,2058
96,68,2058,9
10,96,9,57
2058,10,57,426
9,2058,426,3
57,9,3,862
426,57,862,4316
3,426,4316,1053
862,3,1053,54
4316,862,54,34
1053,4316,34,284
54,1053,284,6
34,54,6,43
284,34,43,118
6,284,118,3215
43,6,3215,9
118,43,9,10
3215,118,10,83
9,3215,83,297
10,9,297,20
83,10,20,132
297,83,132,920
20,297,920,206
132,20,206,71
920,132,71,7120
206,920,7120,200
71,206,200,4
7120,71,4,10
200,7120,10,14
4,200,14,86
10,4,86,893
14,10,893,74
86,14,74,22
893,86,22,2540
74,893,2540,84
22,74,84,1495
2540,22,1495,7
84,2540,7,424
1495,84,424,3
7,1495,3,1729
424,7,1729,10
3,424,10,25
1729,3,25,8
10,1729,8,200
25,10,200,208
8,25,208,154
200,8,154,79
208,200,79,660
154,208,660,52
79,154,52,10
660,79,10,14
52,660,14,4495
10,52,4495,10
14,10,10,77
4495,14,77,18
10,4495,18,2
77,10,2,851
18,77,851,660
2,18,660,12
851,2,12,475
660,851,475,844
12,660,844,19
475,12,19,6806
844,475,6806,95
19,844,95,31
6806,19,31,178
95,6806,178,297
31,95,297,5
178,31,5,2
297,178,2,3590
5,297,3590,226
2,5,226,156
3590,2,156,2
226,3590,2,278
156,226,278,16
2,156,16,618
278,2,618,3
16,278,3,2066
618,16,2066,81
3,618,81,168
2066,3,168,605
81,2066,605,511
168,81,511,65
605,168,65,215
511,605,215,3995
65,511,3995,20
215,65,20,7
3995,215,7,1244
20,3995,1244,88
7,20,88,1248
1244,7,1248,151
88,1244,151,40
1248,88,40,20441
151,1248,20441,2351
40,151,2351,20
20441,40,20,276
2351,20441,276,43
20,2351,43,10326
276,20,10326,1703
43,276,1703,86
10326,43,86,45
1703,10326,45,3
86,1703,3,1710
45,86,1710,24
3,45,24,98
1710,3,98,124
24,1710,124,207
98,24,207,3026
124,98,3026,9
207,124,9,6548
3026,207,6548,1277
9,3026,1277,430
6548,9,430,2
1277,6548,2,2435
430,1277,2435,6495
2,430,6495,45
2435,2,45,377
6495,2435,377,2
45,6495,2,6495
377,45,6495,148
2,377,148,597
6495,2,597,192
148,6495,192,1848
597,148,1848,475
192,597,475,88
1848,192,88,430
475,1848,430,151
88,475,151,40
430,88,40,17
151,430,17,2748
40,151,2748,1277
17,40,1277,6
2748,17,6,5473
1277,2748,5473,29
6,1277,29,21
5473,6,21,17
29,5473,17,458
21,29,458,3
17,21,3,1666
458,17,1666,2
3,458,2,136
1666,3,136,52
2,1666,52,72
136,2,72,329
52,136,329,3
72,52,3,38
329,72,38,83
3,329,83,1771
38,3,1771,2
83,38,2,26
1771,83,26,40
2,1771,40,18
26,2,18,1343
40,26,1343,7125
18,40,7125,1183
1343,18,1183,625
7125,1343,625,144
1183,7125,144,86
625,1183,86,337
144,625,337,430
86,144,430,31
337,86,31,16
430,337,16,1681
31,430,1681,3
16,31,3,17
1681,16,17,22381
3,1681,22381,19
17,3,19,701
22381,17,701,15167
19,22381,15167,1205
701,19,1205,38
15167,701,38,144
1205,15167,144,7
38,1205,7,87
144,38,87,10
7,144,10,2053
87,7,2053,38485
10,87,38485,81
2053,10,81,4
38485,2053,4,26
81,38485,26,55
4,81,55,403
26,4,403,9
55,26,9,475
403,55,475,8803
9,403,8803,25387
475,9,25387,870
8803,475,870,159
25387,8803,159,1156
870,25387,1156,1171
159,870,1171,4
1156,159,4,4548
1171,1156,4548,2880
4,1171,2880,1653
4548,4,1653,9
2880,4548,9,857
1653,2880,857,14
9,1653,14,165
857,9,165,697
14,857,697,6
165,14,6,1886
697,165,1886,9
6,697,9,2
1886,6,2,2529
9,1886,2529,1687
2,9,1687,59
2529,2,59,11
1687,2529,11,2399
59,1687,2399,3121
11,59,3121,10489
2399,11,10489,311
3121,2399,311,389
10489,3121,389,857
311,10489,857,1505
389,311,1505,6
857,389,6,29
1505,857,29,19
6,1505,19,140
29,6,140,4496
19,29,4496,4151
140,19,4151,5
4496,140,5,140
4151,4496,140,118
5,4151,118,2
140,5,2,1032
118,140,1032,624
2,118,624,511
1032,2,511,65
624,1032,65,2
511,624,2,430
65,511,430,87
2,65,87,652
430,2,652,28
87,430,28,25
652,87,25,256
28,652,256,4207
25,28,4207,7
256,25,7,165
4207,256,165,2177
7,4207,2177,1370
165,7,1370,5
2177,165,5,1543
1370,2177,1543,19
5,1370,19,6548
1543,5,6548,430
19,1543,430,2
6548,19,2,2435
430,6548,2435,9472
2,430,9472,163
2435,2,163,21
9472,2435,21,86
163,9472,86,7
21,163,7,11
86,21,11,2320
7,86,2320,43
11,7,43,10668
2320,11,10668,5
43,2320,5,834
10668,43,834,19
5,10668,19,377
834,5,377,20
19,834,20,11
377,19,11,7
20,377,7,12139
11,20,12139,591
7,11,591,757
12139,7,757,12
591,12139,12,794
757,591,794,20
12,757,20,1350
794,12,1350,9472
20,794,9472,447
1350,20,447,84
9472,1350,84,1543
447,9472,1543,55
84,447,55,18
1543,84,18,5334
55,1543,5334,715
18,55,715,3
5334,18,3,1016
715,5334,1016,12
3,715,12,476
1016,3,476,10
12,1016,10,55
476,12,55,1852
10,476,1852,3
55,10,3,166
1852,55,166,7
3,1852,7,20
166,3,20,2
7,166,2,3866
20,7,3866,1245
2,20,1245,370
3866,2,370,33
1245,3866,33,2629
370,1245,2629,6649
33,370,6649,43
2629,33,43,882
6649,2629,882,152
43,6649,152,46
882,43,46,13296
152,882,13296,5
46,152,5,25928
13296,46,25928,4
5,13296,4,3084
25928,5,3084,2
4,25928,2,1391
3084,4,1391,1060
2,3084,1060,5
1391,2,5,991
1060,1391,991,962
5,1060,962,46
991,5,46,29
962,991,29,8
46,962,8,21
29,46,21,557
8,29,557,48
21,8,48,5
557,21,5,10
48,557,10,174
5,48,174,313
10,5,313,430
174,10,430,18
313,174,18,1955
430,313,1955,5
18,430,5,38
1955,18,38,83
5,1955,83,4
38,5,4,26
83,38,26,16
4,83,16,64
26,4,64,5764
16,26,5764,323
64,16,323,2006
5764,64,2006,16
323,5764,16,1041
2006,323,1041,3
16,2006,3,4398
1041,16,4398,183
3,1041,183,2
4398,3,2,2940
183,4398,2940,3114
2,183,3114,613
2940,2,613,59
3114,2940,59,33
613,3114,33,116
59,613,116,112
33,59,112,1263
116,33,1263,10
112,116,10,7
1263,112,7,68
10,1263,68,1041
7,10,1041,3
68,7,3,484
1041,68,484,81
3,1041,81,79
484,3,79,542
81,484,542,6
79,81,6,183
542,79,183,107
6,542,107,48
183,6,48,33
107,183,33,147
48,107,147,3
33,48,3,25
147,33,25,7
3,147,7,2915
25,3,2915,315
7,25,315,73
2915,7,73,2
315,2915,2,215
73,315,215,69
2,73,69,31
215,2,31,282
69,215,282,65
31,69,65,256
282,31,256,4207
65,282,4207,3
256,65,3,468
4207,256,468,43
3,4207,43,51
468,3,51,51
43,468,51,126
51,43,126,30
51,51,30,18
126,51,18,60
30,126,60,3
18,30,3,179
60,18,179,10
3,60,10,56
179,3,56,9
10,179,9,1903
329,99,93,508
43,329,508,29
93,43,29,2580
508,93,2580,829
29,508,829,56
2580,29,56,5
829,2580,5,105272
56,829,105272,457
5,56,457,688
105272,5,688,5581
457,105272,5581,13
688,457,13,247
5581,688,247,51
13,5581,51,2
247,13,2,182
51,247,182,5
2,51,5,45
182,2,45,803
5,182,803,1154
45,5,1154,3
803,45,3,58
1154,803,58,97
3,1154,97,1497
58,3,1497,131
97,58,131,273
1497,97,273,4
131,1497,4,131
273,131,131,7478
4,273,7478,255
131,4,255,6
7478,131,6,111
255,7478,111,165
6,255,165,688
111,6,688,7
165,111,7,3758
688,165,3758,3
7,688,3,11895
3758,7,11895,9
3,3758,9,111
11895,3,111,681
9,11895,681,262
111,9,262,11
681,111,11,13
262,681,13,3427
11,262,3427,1580
13,11,1580,4
3427,13,4,523
1580,3427,523,8
4,1580,8,11
523,4,11,7
8,523,7,2
11,8,2,2408
7,11,2408,272
2,7,272,15
2408,2,15,258
272,2408,258,534
15,272,534,397
258,15,397,15
534,258,15,894
397,534,894,87
15,397,87,5
894,15,5,22
87,894,22,2101
5,87,2101,179
22,5,179,6
2101,22,6,832
179,2101,832,11
6,179,11,260
832,6,260,1016
11,832,1016,86
260,11,86,1180
1016,260,1180,39
86,1016,39,249
1180,86,249,60
39,1180,60,425
249,39,425,8
60,249,8,6
425,60,6,264
8,425,264,66
6,8,66,593
264,6,593,681
66,264,681,256
593,66,256,975
681,593,975,5141
256,681,5141,272
975,256,272,31
5141,975,31,14
272,5141,14,56
31,272,56,5
14,31,5,262
56,14,262,757
5,56,757,2
262,5,2,90
757,262,90,2
2,757,2,44
90,2,44,2
2,90,2,66
44,2,66,117
2,44,117,2646
66,2,2646,3
117,66,3,2240
2646,117,2240,36
3,2646,36,1749
2240,3,1749,86074
36,2240,86074,688
1749,36,688,10
86074,1749,10,490
688,86074,490,3
10,688,3,1327
490,10,1327,62
3,490,62,103
1327,3,103,1636
62,1327,1636,2087
103,62,2087,40
1636,103,40,21
2087,1636,21,27948
40,2087,27948,462
21,40,462,412
27948,21,412,37
462,27948,37,688
412,462,688,14968
37,412,14968,8
688,37,8,70
14968,688,70,18
8,14968,18,485
70,8,485,126
18,70,126,6
485,18,6,209
126,485,209,43770
6,126,43770,1449
209,6,1449,7
43770,209,7,37
1449,43770,37,103
7,1449,103,44
37,7,44,351
103,37,351,24
44,103,24,3120
351,44,3120,590
24,351,590,5
3120,24,5,4078
590,3120,4078,7071
5,590,7071,14218
4078,5,14218,41
7071,4078,41,65
14218,7071,65,2
41,14218,2,281
65,41,281,166
2,65,166,678
281,2,678,46
166,281,46,774
678,166,774,1004
46,678,1004,46
774,46,46,18
1004,774,18,91
46,1004,91,547
18,46,547,11045
91,18,11045,3
547,91,3,1016
11045,547,1016,41
3,11045,41,60
1016,3,60,15
41,1016,15,130
60,41,130,347
15,60,347,2463
130,15,2463,9
347,130,9,16743
2463,347,16743,56
9,2463,56,5
16743,9,5,76
56,16743,76,105
5,56,105,237
76,5,237,36
105,76,36,266
237,105,266,14547
36,237,14547,2463
266,36,2463,313
14547,266,313,101777
2463,14547,101777,88
313,2463,88,5
101777,313,5,688
88,101777,688,83
5,88,83,111
688,5,111,1580
83,688,1580,819
111,83,819,3
1580,111,3,18
819,1580,18,48
3,819,48,29
18,3,29,2269
48,18,2269,22
29,48,22,347
2269,29,347,290
22,2269,290,594
347,22,594,234
290,347,234,1867
594,290,1867,23
234,594,23,48
1867,234,48,95
23,1867,95,1030
48,23,1030,37
95,48,37,54
1030,95,54,1004
37,1030,1004,13
54,37,13,28
1004,54,28,51
13,1004,51,3
28,13,3,688
51,28,688,3
3,51,3,1463
688,3,1463,89
3,688,89,3
1463,3,3,123
89,1463,123,262
3,89,262,21
123,3,21,90
262,123,90,18
21,262,18,7138
90,21,7138,3
18,90,3,336
7138,18,336,2
3,7138,2,486
336,3,486,46
2,336,46,23
486,2,23,275
46,486,275,6
23,46,6,1785
275,23,1785,46
6,275,46,12
1785,6,12,62
46,1785,62,42
12,46,42,230
62,12,230,17
42,62,17,681
230,42,681,4
17,230,4,2
681,17,2,201
4,681,201,810
2,4,810,3
201,2,3,258
810,201,258,534
3,810,534,397
258,3,397,8326
534,258,8326,688
397,534,688,121
8326,397,121,17
688,8326,17,41
121,688,41,73
17,121,73,81
41,17,81,11
73,41,11,121
81,73,121,549
11,81,549,3253
121,11,3253,5
549,121,5,347
3253,549,347,5041
5,3253,5041,4
347,5,4,41583
5041,347,41583,3
4,5041,3,22
41583,4,22,872
3,41583,872,36
22,3,36,1900
872,22,1900,248
36,872,248,2
1900,36,2,1324
248,1900,1324,1433
2,248,1433,55
1324,2,55,27598
1433,1324,27598,699
55,1433,699,7
27598,55,7,53
699,27598,53,462
7,699,462,412
53,7,412,37
462,53,37,688
412,462,688,6506
37,412,6506,8
688,37,8,90
6506,688,90,400
8,6506,400,804
90,8,804,25
400,90,25,116
804,400,116,280
25,804,280,4
116,25,4,344
280,116,344,841
4,280,841,164
344,4,164,7
841,344,7,8
164,841,8,20
7,164,20,60
8,7,60,20
20,8,20,7
60,20,7,2
20,60,2,1110
7,20,1110,8
2,7,8,7
1110,2,7,359
8,1110,359,5
7,8,5,1026
359,7,1026,5
5,359,5,118
1026,5,118,13
5,1026,13,37
118,5,37,2
13,118,2,79686
37,13,79686,1857
2,37,1857,23
79686,2,23,275
1857,79686,275,20
23,1857,20,136
275,23,136,107
20,275,107,30
136,20,30,113
107,136,113,4
30,107,4,358
113,30,358,37
4,113,37,347
358,4,347,290
37,358,290,4
347,37,4,179
290,347,179,1750
4,290,1750,942
179,4,942,6
1750,179,6,76
942,1750,76,4165
6,942,4165,98192
76,6,98192,53
4165,76,53,11194
98192,4165,11194,577
53,98192,577,9
11194,53,9,2
577,11194,2,11337
9,577,11337,347
2,9,347,15
11337,2,15,2
347,11337,2,977
15,347,977,1284
2,15,1284,6
977,2,6,5889
1284,977,5889,5000
6,1284,5000,8598
5889,6,8598,4
5000,5889,4,5106
8598,5000,5106,9
4,8598,9,8
5106,4,8,977
9,5106,977,79
8,9,79,16687
977,8,16687,34
79,977,34,577
16687,79,577,74
34,16687,74,8
577,34,8,75
74,577,75,2499
8,74,2499,678
75,8,678,7
2499,75,7,126
678,2499,126,10
7,678,10,29
126,7,29,329
10,126,329,580
29,10,580,3997
329,29,3997,586
580,329,586,15
3997,580,15,354
586,3997,354,8
15,586,8,30
354,15,30,327
8,354,327,17
30,8,17,631
327,30,631,37
17,327,37,577
631,17,577,5
37,631,5,1586
577,37,1586,2
5,577,2,347
1586,5,347,6
2,1586,6,2
347,2,2,273
6,347,273,13732
2,6,13732,312
273,2,312,36
13732,273,36,2
312,13732,2,4379
36,312,4379,15
2,36,15,48
4379,2,48,2624
15,4379,2624,5
48,15,5,2169
2624,48,2169,4
5,2624,4,1085
2169,5,1085,4
4,2169,4,7718
1085,4,7718,1717
4,1085,1717,833
7718,4,833,56
1717,7718,56,4
833,1717,4,91
56,833,91,20
4,56,20,3179
91,4,3179,92
20,91,92,21400
3179,20,21400,10
92,3179,10,2094
21400,92,2094,1591
10,21400,1591,302
2094,10,302,9
1591,2094,9,93875
302,1591,93875,72
9,302,72,2
93875,9,2,35
72,93875,35,833
2,72,833,56
35,2,56,601
833,35,601,181
56,833,181,24735
601,56,24735,8
181,601,8,2727
24735,181,2727,465
8,24735,465,345
2727,8,345,3
465,2727,3,373
345,465,373,1597
3,345,1597,157
373,3,157,73
1597,373,73,3
157,1597,3,1104
73,157,1104,12
