106,128,916,83093
12,106,83093,705
916,12,705,3
83093,916,3,303
705,83093,303,2
3,705,2,2872
303,3,2872,9
2,303,9,857
2872,2,857,358
9,2872,358,4
857,9,4,546
358,857,546,4419
4,358,4419,24
546,4,24,4719
4419,546,4719,267
24,4419,267,77
4719,24,77,21
267,4719,21,1354
77,267,1354,1610
21,77,1610,106
1354,21,106,816
1610,1354,816,9
106,1610,9,6783
816,106,6783,24
9,816,24,1133
6783,9,1133,1874
24,6783,1874,43
1133,24,43,54
1874,1133,54,768
43,1874,768,10
54,43,10,7
768,54,7,21
10,768,21,18
7,10,18,3
21,7,3,1755
18,21,1755,2
3,18,2,2540
1755,3,2540,3
2,1755,3,1365
2540,2,1365,10
3,2540,10,301
1365,3,301,15
10,1365,15,3863
301,10,3863,84
15,301,84,12
3863,15,12,1133
84,3863,1133,267
12,84,267,77
1133,12,77,18
267,1133,18,816
77,267,816,1610
18,77,1610,106
816,18,106,270
1610,816,270,2962
106,1610,2962,43
270,106,43,3
2962,270,3,96
43,2962,96,2
3,43,2,335
96,3,335,12
2,96,12,229
335,2,229,3
12,335,3,104004
229,12,104004,39
3,229,39,3514
104004,3,3514,31985
39,104004,31985,4
3514,39,4,15209
31985,3514,15209,55197
4,31985,55197,1000
15209,4,1000,3
55197,15209,3,20
1000,55197,20,181
390,197,2230,7
3635,390,7,438
2230,3635,438,9
7,2230,9,63
438,7,63,87
9,438,87,11
63,9,11,44
87,63,44,108
11,87,108,7
44,11,7,2650
108,44,2650,48040
7,108,48040,52
2650,7,52,70
48040,2650,70,16
52,48040,16,615
70,52,615,9
16,70,9,2
615,16,2,5485
9,615,5485,413
2,9,413,673
5485,2,673,387
413,5485,387,178
673,413,178,11
387,673,11,74631
178,387,74631,31
11,178,31,134
74631,11,134,390
31,74631,390,128
134,31,128,205
390,134,205,11
128,390,11,47
205,128,47,41
11,205,41,101
47,11,101,65
41,47,65,732
101,41,732,12
65,101,12,238
732,65,238,188
12,732,188,510
238,12,510,22
188,238,22,127
510,188,127,1272
22,510,1272,6
127,22,6,22
1272,127,22,6426
6,1272,6426,5
22,6,5,813
6426,22,813,413
5,6426,413,673
813,5,673,12
413,813,12,473
673,413,473,11
12,673,11,403
473,12,403,8
11,473,8,22
403,11,22,1562
8,403,1562,433
22,8,433,12
1562,22,12,238
433,1562,238,1091
12,433,1091,34
238,12,34,276
1091,238,276,89
34,1091,89,1255
276,34,1255,6
89,276,6,2
1255,89,2,14766
6,1255,14766,289
2,6,289,64879
14766,2,64879,14
289,14766,14,3
64879,289,3,17
14,64879,17,63
3,14,63,3
17,3,3,1287
63,17,1287,2006
3,63,2006,424
1287,3,424,3
2006,1287,3,959
424,2006,959,43
3,424,43,21
959,3,21,72
43,959,72,17434
21,43,17434,81
72,21,81,36
17434,72,36,1512
81,17434,1512,81
36,81,81,36
1512,36,36,1778
81,1512,1778,81
36,81,81,29
1778,36,29,1287
81,1778,1287,81
29,81,81,11
1287,29,11,28
81,1287,28,23
11,81,23,22
28,11,22,7194
23,28,7194,15038
22,23,15038,3613
7194,22,3613,77
15038,7194,77,21
3613,15038,21,17
77,3613,17,282
21,77,282,9
17,21,9,2230
282,17,2230,2
9,282,2,150
2230,9,150,214
2,2230,214,3587
150,2,3587,3076
214,150,3076,22
3587,214,22,1401
3076,3587,1401,12
22,3076,12,44
1401,22,44,2
12,1401,2,531
44,12,531,1952
2,44,1952,5
531,2,5,2079
1952,531,2079,309
5,1952,309,3846
2079,5,3846,6
309,2079,6,529
3846,309,529,177
6,3846,177,87
529,6,87,5
177,529,5,117
87,177,117,866
5,87,866,457
117,5,457,190
866,117,190,58
457,866,58,438
190,457,438,9
58,190,9,63
438,58,63,11
9,438,11,247
63,9,247,58
11,63,58,3
247,11,3,1827
58,247,1827,64821
3,58,64821,4
1827,3,4,2230
64821,1827,2230,16
4,64821,16,3719
2230,4,3719,6
16,2230,6,38
3719,16,38,97
6,3719,97,4
38,6,4,929
97,38,929,4
4,97,4,1608
929,4,1608,1151
4,929,1151,9
1608,4,9,2753
1151,1608,2753,5
9,1151,5,36552
2753,9,36552,2266
5,2753,2266,22
36552,5,22,8468
2266,36552,8468,1272
22,2266,1272,12
8468,22,12,22
1272,8468,22,1037
12,1272,1037,149
22,12,149,5
1037,22,5,576
149,1037,576,4
5,149,4,241
576,5,241,352
4,576,352,5
241,4,5,876
352,241,876,56
5,352,56,12
876,5,12,450
56,876,450,447
12,56,447,576
450,12,576,8
447,450,8,11
576,447,11,178
8,576,178,7
11,8,7,161
178,11,161,17671
7,178,17671,4
161,7,4,8084
17671,161,8084,6
4,17671,6,2
8084,4,2,237
6,8084,237,120
2,6,120,238
237,2,238,188
120,237,188,7
238,120,7,856
188,238,856,3
7,188,3,123
856,7,123,456
3,856,456,695
123,3,695,5
456,123,5,48
695,456,48,557
5,695,557,103
48,5,103,1168
557,48,1168,58
103,557,58,438
1168,103,438,36
58,1168,36,8396
438,58,8396,2
36,438,2,296
8396,36,296,88
2,8396,88,16
296,2,16,498
88,296,498,15
16,88,15,1855
498,16,1855,334
15,498,334,576
1855,15,576,6
334,1855,6,238
576,334,238,1091
6,576,1091,36
238,6,36,534
1091,238,534,387
36,1091,387,15
534,36,15,2
387,534,2,136
15,387,136,7743
2,15,7743,1562
136,2,1562,31058
7743,136,31058,2230
1562,7743,2230,2008
31058,1562,2008,8
2230,31058,8,5688
2008,2230,5688,13287
8,2008,13287,15
5688,8,15,1955
13287,5688,1955,1714
15,13287,1714,6
1955,15,6,4
1714,1955,4,1041
6,1714,1041,1423
4,6,1423,31021
1041,4,31021,34
1423,1041,34,17
31021,1423,17,362
34,31021,362,3
17,34,3,248
362,17,248,89
3,362,89,2754
248,3,2754,222
89,248,222,6513
2754,89,6513,5147
222,2754,5147,5
6513,222,5,22
5147,6513,22,3097
5,5147,3097,3
22,5,3,179
3097,22,179,15
3,3097,15,162
179,3,162,4
15,179,4,22
162,15,22,1248
4,162,1248,423
22,4,423,12
1248,22,12,487
423,1248,487,41525
12,423,41525,9
487,12,9,48
41525,487,48,5
9,41525,5,1618
48,9,1618,7422
5,48,7422,2230
1618,5,2230,13
7422,1618,13,321
2230,7422,321,3
13,2230,3,972
321,13,972,56
3,321,56,6
972,3,6,87891
56,972,87891,871
6,56,871,1235
87891,6,1235,38
871,87891,38,99
1235,871,99,4
38,1235,4,88
99,38,88,956
4,99,956,1786
88,4,1786,7
956,88,7,3
1786,956,3,1872
7,1786,1872,94
3,7,94,3
1872,3,3,104555
94,1872,104555,2230
3,94,2230,147
104555,3,147,64
2230,104555,64,6685
147,2230,6685,61
64,147,61,12
6685,64,12,7
61,6685,7,238
12,61,238,188
7,12,188,54
238,7,54,11
188,238,11,4
54,188,4,871
11,54,871,16
4,11,16,2266
871,4,2266,12
16,871,12,2
2266,16,2,172
12,2266,172,139
2,12,139,6
172,2,6,20621
139,172,20621,7
6,139,7,64
20621,6,64,42
7,20621,42,6
64,7,6,20
42,64,20,237
6,42,237,31
20,6,31,14
237,20,14,3244
31,237,3244,5
14,31,5,576
3244,14,576,4
5,3244,4,433
576,5,433,400
4,576,400,12
433,4,12,104
400,433,104,139
12,400,139,31
104,12,31,13
139,104,13,47
31,139,47,2
13,31,2,41
47,13,41,9120
2,47,9120,1353
41,2,1353,9
9120,41,9,2
1353,9120,2,571
9,1353,571,150
2,9,150,441
571,2,441,65
150,571,65,3635
441,150,3635,2230
65,441,2230,28
3635,65,28,3725
2230,3635,3725,12504
28,2230,12504,31
3725,28,31,500
12504,3725,500,3
31,12504,3,17
500,31,17,2230
3,500,2230,150
17,3,150,105
2230,17,105,871
150,2230,871,134
105,150,134,55979
871,105,55979,1362
134,871,1362,2
55979,134,2,42
1362,55979,42,5
2,1362,5,265
42,2,265,719
5,42,719,238
265,5,238,188
719,265,188,3587
238,719,3587,4
188,238,4,13
3587,188,13,4214
4,3587,4214,3
13,4,3,142
4214,13,142,10
3,4214,10,61
142,3,61,11
10,142,11,757
61,10,757,41
11,61,41,65
757,11,65,776
41,757,776,66
65,41,66,2
776,65,2,4
66,776,4,23460
2,66,23460,603
4,2,603,163
23460,4,163,1164
603,23460,1164,4
163,603,4,34
1164,163,34,1270
4,1164,1270,235
34,4,235,205
1270,34,205,24
235,1270,24,603
205,235,603,163
24,205,163,1157
603,24,1157,75
163,603,75,41
1157,163,41,65
75,1157,65,66
41,75,66,5
65,41,5,35666
66,65,35666,1027
5,66,1027,1719
35666,5,1719,258
1027,35666,258,215
1719,1027,215,238
258,1719,238,188
215,258,188,4
238,215,4,42207
188,238,42207,265
4,188,265,9336
42207,4,9336,13
265,42207,13,522
9336,265,522,12
13,9336,12,258
522,13,258,57
12,522,57,6
258,12,6,268
57,258,268,4
6,57,4,13
268,6,13,3908
4,268,3908,1168
13,4,1168,5
3908,13,5,200
1168,3908,200,12
5,1168,12,238
200,5,238,188
12,200,188,2230
238,12,2230,13
188,238,13,68
2230,188,68,19
13,2230,19,22
68,13,22,83
19,68,83,1415
22,19,1415,3248
83,22,3248,3
1415,83,3,103
3248,1415,103,1168
3,3248,1168,426
103,3,426,12
1168,103,12,158
426,1168,158,402
12,426,402,4
158,12,4,1118
402,158,1118,15
4,402,15,195
1118,4,195,5
15,1118,5,90
195,15,90,5
5,195,5,98653
90,5,98653,14
5,90,14,42
98653,5,42,5
14,98653,5,99
42,14,99,387
5,42,387,3
99,5,3,251
387,99,251,9
3,387,9,1486
251,3,1486,12
9,251,12,585
1486,9,585,3
12,1486,3,431
585,12,431,293
3,585,293,4
431,3,4,7
293,431,7,4
4,293,4,4713
7,4,4713,4122
4,7,4122,5
4713,4,5,92
4122,4713,92,1640
5,4122,1640,348
92,5,348,1027
1640,92,1027,203
348,1640,203,58841
1027,348,58841,2
203,1027,2,3516
58841,203,3516,4
2,58841,4,4973
3516,2,4973,1282
4,3516,1282,5
4973,4,5,51
1282,4973,51,11
5,1282,11,137
51,5,137,2
11,51,2,71
137,11,71,252
2,137,252,3761
71,2,3761,5823
252,71,5823,54
3761,252,54,11
5823,3761,11,496
54,5823,496,13
11,54,13,2194
496,11,2194,238
13,496,238,447
2194,13,447,73
238,2194,73,204
447,238,204,4
73,447,4,293
204,73,293,3
4,204,3,123
293,4,123,33222
3,293,33222,1232
123,3,1232,925
33222,123,925,956
1232,33222,956,6
925,1232,6,386
956,925,386,13
6,956,13,228
386,6,228,9
13,386,9,1172
228,13,1172,215
9,228,215,619
1172,9,619,3
215,1172,3,248
619,215,248,1078
3,619,1078,12302
248,3,12302,198
1078,248,198,263
12302,1078,263,9369
198,12302,9369,5
263,198,5,4199
9369,263,4199,4
5,9369,4,13
4199,5,13,47
4,4199,47,3418
13,4,3418,1170
47,13,1170,5
3418,47,5,250
1170,3418,250,342
5,1170,342,224
250,5,224,286
342,250,286,11
224,342,11,773
286,224,773,3
11,286,3,862
773,11,862,2
3,773,2,2082
862,3,2082,200
2,862,200,3710
2082,2,3710,775
200,2082,775,1727
3710,200,1727,9
775,3710,9,2
1727,775,2,764
9,1727,764,21604
2,9,21604,11
764,2,11,260
21604,764,260,295
11,21604,295,2445
260,11,2445,6
295,260,6,238
2445,295,238,188
6,2445,188,87855
238,6,87855,871
188,238,871,557
87855,188,557,8529
871,87855,8529,4
557,871,4,261
8529,557,261,4409
4,8529,4409,1526
261,4,1526,117
4409,261,117,1025
1526,4409,1025,305
117,1526,305,6
1025,117,6,1012
305,1025,1012,5
6,305,5,38
1012,6,38,94
5,1012,94,238
38,5,238,188
94,38,188,8033
238,94,8033,10
188,238,10,4
8033,188,4,23240
10,8033,23240,7693
4,10,7693,8
23240,4,8,6
7693,23240,6,3151
8,7693,3151,5
6,8,5,2
3151,6,2,2038
5,3151,2038,1099
2,5,1099,410
2038,2,410,58
1099,2038,58,2
410,1099,2,232
58,410,232,5
2,58,5,265
232,2,265,238
5,232,238,815
265,5,815,369
238,265,369,13
815,238,13,146
369,815,146,630
13,369,630,4781
146,13,4781,491
630,146,491,2
4781,630,2,88
491,4781,88,3080
2,491,3080,58
88,2,58,94
3080,88,94,12
58,3080,12,238
94,58,238,20547
12,94,20547,26
238,12,26,913
20547,238,913,8
26,20547,8,3
913,26,3,160
8,913,160,370
3,8,370,2230
160,3,2230,3190
370,160,3190,37692
2230,370,37692,2
3190,2230,2,201
37692,3190,201,756
2,37692,756,29
201,2,29,75
756,201,75,377
29,756,377,487
75,29,487,15
377,75,15,89
487,377,89,30
15,487,30,25
89,15,25,147
30,89,147,190
25,30,190,534
147,25,534,756
190,147,756,21
534,190,21,859
756,534,859,990
21,756,990,2230
859,21,2230,28
990,859,28,11
2230,990,11,64
28,2230,64,71
11,28,71,19
64,11,19,98
71,64,98,242
19,71,242,29
98,19,29,11
242,98,11,25
29,242,25,2250
11,29,2250,5
25,11,5,101
2250,25,101,4
5,2250,4,7
101,5,7,821
4,101,821,329
7,4,329,8
821,7,8,67323
329,821,67323,238
8,329,238,188
67323,8,188,576
238,67323,576,132
188,238,132,524
576,188,524,12
132,576,12,10
524,132,10,83
12,524,83,29
10,12,29,22
83,10,22,1248
29,83,1248,423
22,29,423,12
1248,22,12,754
423,1248,754,160
12,423,160,4
754,12,4,487
160,754,487,683
4,160,683,34
487,4,34,147
683,487,147,76
34,683,76,3168
147,34,3168,6
76,147,6,2
3168,76,2,202
6,3168,202,289
2,6,289,28554
202,2,28554,2
289,202,2,232
28554,289,232,5
2,28554,5,1515
232,2,1515,2533
5,232,2533,5
1515,5,5,8
2533,1515,8,1439
5,2533,1439,4
8,5,4,1292
1439,8,1292,6871
4,1439,6871,487
1292,4,487,683
6871,1292,683,200
487,6871,200,168
683,487,168,265
200,683,265,6
168,200,6,2230
265,168,2230,34
6,265,34,18
2230,6,18,3
34,2230,3,661
18,34,661,9
3,18,9,22
661,3,22,144
9,661,144,9
22,9,9,2
144,22,2,6748
9,144,6748,3
2,9,3,2565
6748,2,2565,9
3,6748,9,2161
2565,3,2161,602
9,2565,602,1948
2161,9,1948,305
602,2161,305,31
1948,602,31,3173
305,1948,3173,12
31,305,12,139
3173,31,139,2230
12,3173,2230,208
139,12,208,1521
2230,139,1521,83
208,2230,83,24
1521,208,24,200
83,1521,200,4
24,83,4,6
200,24,6,209
4,200,209,11
6,4,11,1126
209,6,1126,606
11,209,606,1017
1126,11,1017,656
606,1126,656,3
1017,606,3,338
656,1017,338,214
3,656,214,685
338,3,685,9
214,338,9,2161
685,214,2161,602
9,685,602,6
2161,9,6,22697
602,2161,22697,68
6,602,68,2852
22697,6,2852,56
68,22697,56,12
2852,68,12,754
56,2852,754,160
12,56,160,791
754,12,791,9
160,754,9,15333
791,160,15333,474
9,791,474,202
15333,9,202,12
474,15333,12,74895
202,474,74895,33
12,202,33,44
74895,12,44,8
33,74895,8,754
44,33,754,160
8,44,160,7
754,8,7,2
160,754,2,10815
7,160,10815,1173
2,7,1173,2738
10815,2,2738,29
1173,10815,29,55
2738,1173,55,33
29,2738,33,2403
55,29,2403,354
33,55,354,33
2403,33,33,18
354,2403,18,3
33,354,3,1546
18,33,1546,515
3,18,515,3
1546,3,3,2099
515,1546,2099,255
3,515,255,7
2099,3,7,1026
255,2099,1026,5
7,255,5,120
1026,7,120,2102
5,1026,2102,17
120,5,17,470
2102,120,470,20
17,2102,20,185
470,17,185,2230
20,470,2230,627
185,20,627,171
2230,185,171,2
627,2230,2,381
171,627,381,20
2,171,20,268
381,2,268,79795
20,381,79795,871
268,20,871,1235
79795,268,1235,1239
871,79795,1239,147
1235,871,147,3
1239,1235,3,2749
147,1239,2749,6
3,147,6,172
2749,3,172,258
6,2749,258,36
172,6,36,378
258,172,378,6
36,258,6,452
378,36,452,4
6,378,4,39
452,6,39,632
4,452,632,3
39,4,3,18
632,39,18,2
3,632,2,5180
18,3,5180,9
2,18,9,3266
5180,2,3266,6
9,5180,6,237
3266,9,237,59
6,3266,59,22
237,6,22,6426
59,237,6426,10231
22,59,10231,154
6426,22,154,23643
10231,6426,23643,26
154,10231,26,173
23643,154,173,3
26,23643,3,22
173,26,22,9996
3,173,9996,2000
22,3,2000,192
9996,22,192,120
2000,9996,120,11
192,2000,11,1529
120,192,1529,3166
11,120,3166,776
1529,11,776,222
3166,1529,222,289
776,3166,289,3098
222,776,3098,2
289,222,2,416
3098,289,416,22
2,3098,22,2329
416,2,2329,8360
22,416,8360,34
2329,22,34,248
8360,2329,248,89
34,8360,89,611
248,34,611,2982
89,248,2982,222
611,89,222,48622
2982,611,48622,180
222,2982,180,3
48622,222,3,155
180,48622,155,3
3,180,3,235
155,3,235,446
3,155,446,7
235,3,7,821
446,235,821,295
7,446,295,3
821,7,3,80
295,821,80,155
3,295,155,606
80,3,606,56
155,80,56,5
606,155,5,130
56,606,130,3997
5,56,3997,1464
130,5,1464,7
3997,130,7,569
1464,3997,569,110
7,1464,110,3
569,7,3,17
110,569,17,6
3,110,6,2
17,3,2,1801
6,17,1801,2399
2,6,2399,289
1801,2,289,428
2399,1801,428,52
289,2399,52,7
428,289,7,296
52,428,296,4
7,52,4,6
296,7,6,90
4,296,90,107
6,4,107,2102
90,6,2102,17
107,90,17,25
2102,107,25,756
17,2102,756,56
25,17,56,12
756,25,12,856
56,756,856,139
12,56,139,2230
856,12,2230,6392
139,856,6392,72
2230,139,72,295
6392,2230,295,3094
72,6392,3094,524
295,72,524,130
3094,295,130,585
524,3094,585,4
130,524,4,123
585,130,123,51
4,585,51,154
123,4,154,130
51,123,130,107
154,51,107,11
130,154,11,28
27,138,69,13
12532,27,13,3148
69,12532,3148,162
13,69,162,3
3148,13,3,1935
162,3148,1935,2
3,162,2,39
1935,3,39,2129
2,1935,2129,315
39,2,315,3
2129,39,3,800
315,2129,800,78
3,315,78,32
800,3,32,2
78,800,2,2
