58,90,27994,169
19,58,169,9
27994,19,9,22
169,27994,22,996
9,169,996,1317
22,9,1317,459
996,22,459,169
1317,996,169,5
459,1317,5,8
169,459,8,24
5,169,24,258
8,5,258,907
24,8,907,1074
258,24,1074,159
907,258,159,2032
1074,907,2032,636
159,1074,636,1221
2032,159,1221,2071
636,2032,2071,2
1221,636,2,1954
2071,1221,1954,5
2,2071,5,452
1954,2,452,1690
5,1954,1690,886
452,5,886,86
1690,452,86,2
886,1690,2,169
86,886,169,6255
2,86,6255,2
169,2,2,3014
6255,169,3014,8
2,6255,8,40
3014,2,40,17
8,3014,17,2193
40,8,2193,1058
17,40,1058,13
2193,17,13,2032
1058,2193,2032,18755
13,1058,18755,3177
2032,13,3177,22995
18755,2032,22995,5406
3177,18755,5406,21
22995,3177,21,398
5406,22995,398,2071
21,5406,2071,151
398,21,151,22438
2071,398,22438,3157
151,2071,3157,5
22438,151,5,151
3157,22438,151,2374
5,3157,2374,3
151,5,3,8518
2374,151,8518,58
3,2374,58,94
8518,3,94,73
58,8518,73,1542
94,58,1542,4
73,94,4,305
1542,73,305,50
4,1542,50,3297
305,4,3297,4996
50,305,4996,3
3297,50,3,3147
4996,3297,3147,5
3,4996,5,38
3147,3,38,7033
5,3147,7033,727
38,5,727,5
7033,38,5,1542
727,7033,1542,169
5,727,169,6255
1542,5,6255,324
169,1542,324,24
6255,169,24,103
324,6255,103,45
24,324,45,727
103,24,727,5
45,103,5,305
727,45,305,324
5,727,324,24
305,5,24,42818
324,305,42818,57
24,324,57,58
42818,24,58,822
57,42818,822,595
58,57,595,3
822,58,3,18
595,822,18,2
3,595,2,2670
18,3,2670,13341
2,18,13341,5
2670,2,5,554
13341,2670,554,9433
5,13341,9433,189
554,5,189,7317
9433,554,7317,1749
189,9433,1749,433
7317,189,433,19
1749,7317,19,7023
433,1749,7023,22
19,433,22,347
7023,19,347,1749
22,7023,1749,703
347,22,703,3
1749,347,3,3143
703,1749,3143,169
3,703,169,9
3143,3,9,22
169,3143,22,996
9,169,996,1317
22,9,1317,29
996,22,29,11
1317,996,11,68
29,1317,68,1326
11,29,1326,8
68,11,8,144
1326,68,144,12
8,1326,12,2
144,8,2,2215
12,144,2215,292
2,12,292,22
2215,2,22,172
292,2215,172,812
22,292,812,86
172,22,86,6390
812,172,6390,9
86,812,9,37
6390,86,37,2
9,6390,2,2051
37,9,2051,5
2,37,5,48
2051,2,48,246
5,2051,246,93472
48,5,93472,94
246,48,94,121
93472,246,121,623
94,93472,623,8
121,94,8,10929
623,121,10929,28
8,623,28,32956
10929,8,32956,31
28,10929,31,7
32956,28,7,1017
31,32956,1017,58881
7,31,58881,462
1017,7,462,48
58881,1017,48,94
462,58881,94,6
48,462,6,795
94,48,795,4468
6,94,4468,20
795,6,20,7
4468,795,7,2
20,4468,2,1607
7,20,1607,555
2,7,555,23714
1607,2,23714,11
555,1607,11,28
2818,2506,78,32
1064,2818,32,9
78,1064,9,63
32,78,63,9
9,32,9,2506
63,9,2506,2818
9,63,2818,14
2506,9,14,53
2818,2506,53,245
14,2818,245,98
53,14,98,57
245,53,57,655
98,245,655,20
57,98,20,1482
655,57,1482,318
20,655,318,109
1482,20,109,17
318,1482,17,8486
109,318,8486,336
17,109,336,9070
8486,17,9070,10477
336,8486,10477,1887
9070,336,1887,5
10477,9070,5,2506
1887,10477,2506,2818
5,1887,2818,7
2506,5,7,5549
2818,2506,5549,19
7,2818,19,78
5549,7,78,32
19,5549,32,23
78,19,23,2
32,78,2,1975
23,32,1975,1012
2,23,1012,23
1975,2,23,32
1012,1975,32,450
23,1012,450,1908
32,23,1908,2202
450,32,2202,109
1908,450,109,6
2202,1908,6,39
109,2202,39,249
6,109,249,758
39,6,758,6
249,39,6,2064
758,249,2064,15
6,758,15,7905
2064,6,7905,11
15,2064,11,15
7905,15,15,49
11,7905,49,12
15,11,12,540
49,15,540,159
12,49,159,269
540,12,269,5
159,540,5,35
269,159,35,78
5,269,78,32
35,5,32,2579
78,35,2579,1490
32,78,1490,5
2579,32,5,2506
1490,2579,2506,2818
5,1490,2818,1887
2506,5,1887,9070
2818,2506,9070,10477
1887,2818,10477,46
9070,1887,46,4
10477,9070,4,1490
46,10477,1490,11
4,46,11,13
1490,4,13,47
11,1490,47,400
13,11,400,455
47,13,455,9
400,47,9,66
455,400,66,2
9,455,2,14
66,9,14,1254
2,66,1254,19
14,2,19,781
1254,14,781,78
19,1254,78,32
781,19,32,757
78,781,757,296
32,78,296,61
757,32,61,3
296,757,3,49
61,296,49,127
3,61,127,69
49,3,69,947
127,49,947,1800
69,127,1800,3
947,69,3,2506
1800,947,2506,2818
3,1800,2818,4
2506,3,4,57
2818,2506,57,444
4,2818,444,401
57,4,401,493
444,57,493,120
401,444,120,11
493,401,11,1673
120,493,1673,38
11,120,38,2972
1673,11,2972,4
38,1673,4,1380
2972,38,1380,49
4,2972,49,423
1380,4,423,12
49,1380,12,554
423,49,554,1323
12,423,1323,12
554,12,12,318
1323,554,318,109
12,1323,109,32
318,12,32,134
109,318,134,2506
32,109,2506,2818
134,32,2818,8
2506,134,8,9286
2818,2506,9286,13
8,2818,13,3
9286,8,3,17
13,9286,17,42
3,13,42,1165
17,3,1165,9
42,17,9,105
1165,42,105,337
9,1165,337,87
105,9,87,233
337,105,233,816
87,337,816,3
233,87,3,234
816,233,234,73
3,816,73,10
234,3,10,14
73,234,14,377
10,73,377,271
14,10,271,37
377,14,37,771
271,377,771,11
37,271,11,28
771,37,28,53
11,771,53,412
28,11,412,3146
53,28,3146,37
412,53,37,1323
3146,412,1323,196
37,3146,196,136
1323,37,136,7
196,1323,7,572
136,196,572,196
7,136,196,334
572,7,334,7
196,572,7,572
334,196,572,62
7,334,62,25
572,7,25,33
62,572,33,93
25,62,93,3
33,25,3,4429
93,33,4429,531
3,93,531,62
4429,3,62,25
531,4429,25,30
62,531,30,678
25,62,678,56
30,25,56,51
678,30,51,179
56,678,179,4
51,56,4,45
179,51,45,8
4,179,8,116
45,4,116,940
8,45,940,282
116,8,282,65
940,116,65,2090
282,940,2090,16
65,282,16,45
2090,65,45,31
16,2090,31,179
45,16,179,6
31,45,6,940
179,31,940,811
6,179,811,11
940,6,11,1615
811,940,1615,1064
11,811,1064,444
1615,11,444,401
1064,1615,401,1544
444,1064,1544,328
401,444,328,87
1544,401,87,444
328,1544,444,401
87,328,401,116
444,87,116,10
401,444,10,402
116,401,402,325
10,116,325,4
402,10,4,3340
325,402,3340,3
4,325,3,2506
3340,4,2506,2818
3,3340,2818,8
2506,3,8,1323
2818,2506,1323,13
8,2818,13,10239
1323,8,10239,2819
13,1323,2819,7
10239,13,7,242
2819,10239,242,101
7,2819,101,84
242,7,84,53
101,242,53,16
84,101,16,25
53,84,25,90
16,53,90,236
25,16,236,6
90,25,6,67
236,90,67,133
6,236,133,120
67,6,120,493
133,67,493,16
120,133,16,21
493,120,21,377
16,493,377,51
21,16,51,26
377,21,26,147
51,377,147,3
26,51,3,25
147,26,25,87
3,147,87,26
25,3,26,219
87,25,219,299
26,87,299,5
219,26,5,1323
299,219,1323,26
5,299,26,219
1323,5,219,299
26,1323,299,5
219,26,5,57
299,219,57,4623
5,299,4623,3780
57,5,3780,26
4623,57,26,219
3780,4623,219,72
26,3780,72,3591
219,26,3591,299
72,219,299,25
3591,72,25,1223
299,3591,1223,7
25,299,7,21
1223,25,21,7727
7,1223,7727,107
21,7,107,10
7727,21,10,147
107,7727,147,3
10,107,3,3
147,10,3,14651
3,147,14651,288
3,3,288,983
14651,3,983,32
288,14651,32,28
983,288,28,25
32,983,25,45
28,32,45,16
25,28,16,33
45,25,33,116
16,45,116,2
33,16,2,334
116,33,334,46
2,116,46,26
334,2,26,219
46,334,219,165
26,46,165,4722
219,26,4722,4
165,219,4,26
4722,165,26,219
4,4722,219,4722
26,4,4722,161
219,26,161,87
4722,219,87,26
161,4722,26,25
87,161,25,116
26,87,116,51
25,26,51,230
116,25,230,154
51,116,154,235
230,51,235,6
154,230,6,461
235,154,461,5
6,235,5,1323
461,6,1323,29
5,461,29,26
1323,5,26,219
29,1323,219,68
26,29,68,4722
219,26,4722,87
68,219,87,5
4722,68,5,160
87,4722,160,6
5,87,6,2
160,5,2,450
6,160,450,515
2,6,515,8
450,2,8,30
515,450,30,219
8,515,219,86
30,8,86,1096
219,30,1096,3
86,219,3,123
1096,86,123,514
3,1096,514,5
123,3,5,3282
514,123,3282,3
5,514,3,444
3282,5,444,401
3,3282,401,2313
444,3,2313,9
401,444,9,2506
2313,401,2506,2818
9,2313,2818,14
2506,9,14,53
2818,2506,53,245
14,2818,245,98
53,14,98,57
245,53,57,655
98,245,655,20
57,98,20,1482
655,57,1482,75
20,655,75,48
1482,20,48,26
75,1482,26,7
48,75,7,513
26,48,513,78
7,26,78,32
513,7,32,9
78,513,9,95
32,78,95,258
9,32,258,1800
95,9,1800,4
258,95,4,18
1800,258,18,13087
4,1800,13087,1232
18,4,1232,49
13087,18,49,105
1232,13087,105,1433
49,1232,1433,640
105,49,640,49
1433,105,49,432
640,1433,432,300
49,640,300,3
432,49,3,2506
300,432,2506,2818
3,300,2818,78
2506,3,78,32
2818,2506,32,13
78,2818,13,533
32,78,533,2
13,32,2,1191
533,13,1191,166
2,533,166,423
1191,2,423,12
166,1191,12,444
423,166,444,401
12,423,401,171
444,12,171,69
401,444,69,253
171,401,253,91
69,171,91,3
253,69,3,387
91,253,387,494
3,91,494,145
387,3,145,100
494,387,100,1330
145,494,1330,6
100,145,6,1225
1330,100,1225,5
6,1330,5,376
1225,6,376,781
5,1225,781,68
376,5,68,1254
781,376,1254,8
68,781,8,32
1254,68,32,134
8,1254,134,150
32,8,150,25503
134,32,25503,1133
150,134,1133,6
25503,150,6,2
1133,25503,2,432
6,1133,432,381
2,6,381,8
432,2,8,33
381,432,33,147
8,381,147,161
33,8,161,2
147,33,2,166
161,147,166,4
2,161,4,2
166,2,2,432
4,166,432,423
2,4,423,25
432,2,25,280
423,432,280,194
25,423,194,7
280,25,7,51
194,280,51,25
7,194,25,10477
51,7,10477,4
25,51,4,2506
10477,25,2506,14
4,10477,14,6
2506,4,6,766
14,2506,766,4
6,14,4,51
766,6,51,7
4,766,7,32
51,4,32,432
7,51,432,423
32,7,423,12
432,32,12,947
423,432,947,10
12,423,10,3
947,12,3,81
10,947,81,17
3,10,17,8486
81,3,8486,336
204,390,6,278
1619,204,278,25
6,1619,25,21
278,6,21,155
25,278,155,820
21,25,820,2407
155,21,2407,293
820,155,293,1109
2407,820,1109,7081
293,2407,7081,36
1109,293,36,57
7081,1109,57,430
36,7081,430,151
57,36,151,1283
430,57,1283,19
151,430,19,143
1283,151,143,226
19,1283,226,214
143,19,214,1133
226,143,1133,36
214,226,36,263
1133,214,263,141
36,1133,141,263
263,36,263,238
141,263,238,624
263,141,624,7024
238,263,7024,5765
624,238,5765,28
7024,624,28,99327
5765,7024,99327,3
28,5765,3,1830
99327,28,1830,57
3,99327,57,430
1830,3,430,151
57,1830,151,5765
430,57,5765,28
151,430,28,52
5765,151,52,10
28,5765,10,234
52,28,234,73
10,52,73,2
234,10,2,430
73,234,430,52
2,73,52,10
430,2,10,309
52,430,309,73
10,52,73,2
309,10,2,430
73,309,430,52
2,73,52,10
430,2,10,1400
52,430,1400,73
10,52,73,2
1400,10,2,430
73,1400,430,52
2,73,52,10
430,2,10,431
52,430,431,73
10,52,73,2
431,10,2,430
73,431,430,10
2,73,10,2
430,2,2,430
10,430,430,95812
2,10,95812,14
430,2,14,3059
95812,430,3059,523
14,95812,523,23
3059,14,23,700
523,3059,700,6
23,523,6,39
700,23,39,249
6,700,249,429
39,6,429,12
249,39,12,373
429,249,373,44
12,429,44,5
373,12,5,1619
44,373,1619,19
5,44,19,263
1619,5,263,4076
19,1619,4076,6
263,19,6,107820
4076,263,107820,54
6,4076,54,144
107820,6,144,991
54,107820,991,5
144,54,5,604
991,144,604,63
5,991,63,3358
604,5,3358,3530
63,604,3530,13
3358,63,13,47
3530,3358,47,908
13,3530,908,5
47,13,5,501
908,47,501,971
5,908,971,3
501,5,3,809
971,501,809,14115
3,971,14115,151
809,3,151,211
14115,809,211,6978
151,14115,6978,941
211,151,941,151
6978,211,151,361
941,6978,361,604
151,941,604,839
361,151,839,63918
604,361,63918,5765
839,604,5765,28
63918,839,28,204
5765,63918,204,115
28,5765,115,21
204,28,21,803
115,204,803,4659
21,115,4659,2
803,21,2,430
4659,803,430,151
2,4659,151,30
430,2,30,178
151,430,178,8
30,151,8,361
178,30,361,604
8,178,604,839
361,8,839,121
604,361,121,17
839,604,17,177
121,839,177,5
17,121,5,105
177,17,105,428
5,177,428,11
105,5,11,1757
428,105,1757,934
11,428,934,5
1757,11,5,67
934,1757,67,559
5,934,559,6
67,5,6,411
559,67,411,3
6,559,3,1281
411,6,1281,5
3,411,5,63
1281,3,63,1212
5,1281,1212,4
63,5,4,12
1212,63,12,1631
4,1212,1631,5
12,4,5,335
1631,12,335,1916
5,1631,1916,19
335,5,19,263
1916,335,263,2574
19,1916,2574,3
263,19,3,263
2574,263,263,63
3,2574,63,6
263,3,6,5666
63,263,5666,15
6,63,15,263
5666,6,263,1103
15,5666,1103,934
263,15,934,7
1103,263,7,834
934,1103,834,4
7,934,4,30
834,7,30,16
4,834,16,21
30,4,21,1017
16,30,1017,580
21,16,580,102
1017,21,102,38
580,1017,38,83
102,580,83,45
38,102,45,30
83,38,30,431
45,83,431,834
30,45,834,5765
431,30,5765,45964
834,431,45964,2325
5765,834,2325,2743
45964,5765,2743,902
2325,45964,902,3799
2743,2325,3799,398
902,2743,398,1431
3799,902,1431,13
398,3799,13,21
1431,398,21,495
13,1431,495,3114
21,13,3114,5
495,21,5,700
3114,495,700,214
5,3114,214,1133
700,5,1133,36
214,700,36,98
1133,214,98,1281
36,1133,1281,5
98,36,5,42
1281,98,42,5
5,1281,5,426
42,5,426,12
5,42,12,650
426,5,650,4719
12,426,4719,26
650,12,26,86580
4719,650,86580,55
26,4719,55,21
86580,26,21,1227
55,86580,1227,3145
21,55,3145,8
1227,21,8,605
3145,1227,605,1631
8,3145,1631,5
605,8,5,902
1631,605,902,1717
5,1631,1717,6
902,5,6,278
1717,902,278,7
6,1717,7,245
278,6,245,4785
7,278,4785,11
245,7,11,1723
4785,245,1723,239
11,4785,239,2
1723,11,2,7
239,1723,7,610
2,239,610,902
7,2,902,510
610,7,510,2407
902,610,2407,4
510,902,4,57
2407,510,57,693
4,2407,693,151
57,4,151,2
693,57,2,1809
151,693,1809,4
2,151,4,902
1809,2,902,115
4,1809,115,183
902,4,183,2
115,902,2,204
183,115,204,2053
2,183,2053,76
204,2,76,45
2053,204,45,666
76,2053,666,3
45,76,3,735
666,45,735,902
3,666,902,297
735,3,297,2
902,735,2,719
297,902,719,3
2,297,3,2
719,2,2,105
3,719,105,2462
2,3,2462,4
105,2,4,204
2462,105,204,794
4,2462,794,183
204,4,183,45
794,204,45,7
183,794,7,118
45,183,118,2395
7,45,2395,36
118,7,36,2442
2395,118,2442,73
36,2395,73,2095
2442,36,2095,991
73,2442,991,10
2095,73,10,1428
991,2095,1428,3784
10,991,3784,11
1428,10,11,1757
3784,1428,1757,238
11,3784,238,624
1757,11,624,68
238,1757,68,2325
624,238,2325,3280
68,624,3280,5
2325,68,5,424
3280,2325,424,3
5,3280,3,5718
424,5,5718,3530
3,424,3530,3
5718,3,3,606
3530,5718,606,431
3,3530,431,102
606,3,102,293
431,606,293,1379
102,431,1379,229
293,102,229,3709
1379,293,3709,5
229,1379,5,1822
3709,229,1822,3651
5,3709,3651,6
1822,5,6,386
3651,1822,386,4
6,3651,4,12180
386,6,12180,13726
4,386,13726,6
12180,4,6,1209
13726,12180,1209,13
6,13726,13,146
1209,6,146,95
13,1209,95,426
146,13,426,282
95,146,282,89927
426,95,89927,441
282,426,441,1828
89927,282,1828,139
441,89927,139,2
1828,441,2,304
139,1828,304,544
2,139,544,429
304,2,429,254
544,304,254,8
429,544,8,10
254,429,10,13
8,254,13,1328
10,8,1328,56
13,10,56,39
1328,13,39,46255
56,1328,46255,14108
39,56,14108,163
46255,39,163,1262
14108,46255,1262,190
163,14108,190,378
1262,163,378,293
190,1262,293,2874
378,190,2874,6
293,378,6,278
2874,293,278,20
6,2874,20,330
278,6,330,1828
20,278,1828,510
330,20,510,12
1828,330,12,672
510,1828,672,525
12,510,525,15
672,12,15,419
525,672,419,1792
15,525,1792,339
419,15,339,998
1792,419,998,529
339,1792,529,35836
998,339,35836,971
529,998,971,50
35836,529,50,1328
971,35836,1328,56
50,971,56,19
1328,50,19,1038
56,1328,1038,263
19,56,263,4
1038,19,4,2231
263,1038,2231,54
4,263,54,897
2231,4,897,3
54,2231,3,704
897,54,704,293
3,897,293,430
704,3,430,808
293,704,808,4
430,293,4,4
808,430,4,3487
4,808,3487,3969
4,4,3969,746
3487,4,746,6926
3969,3487,6926,4
746,3969,4,190
6926,746,190,2438
4,6926,2438,6
190,4,6,68588
2438,190,68588,509
6,2438,509,79
68588,6,79,215
509,68588,215,69
79,509,69,53
215,79,53,50
69,215,50,594
53,69,594,10
50,53,10,14
594,50,14,2377
10,594,2377,95
14,10,95,31
2377,14,31,768
95,2377,768,3530
31,95,3530,211
768,31,211,41
3530,768,41,1248
211,3530,1248,2961
41,211,2961,8
1248,41,8,16
2961,1248,16,1232
8,2961,1232,19
16,8,19,143
1232,16,143,35
19,1232,35,4
143,19,4,57
35,143,57,6
4,35,6,26710
57,4,26710,604
6,57,604,1896
26710,6,1896,3
604,26710,3,204
1896,604,204,14000
3,1896,14000,13746
204,3,13746,134
14000,204,134,390
13746,14000,390,2967
134,13746,2967,600
390,134,600,8
2967,390,8,263
