125,6,13,1274
369,125,1274,495
13,369,495,10
1274,13,10,21
495,1274,21,61
10,495,61,3
21,10,3,269
61,21,269,32
3,61,32,3
269,3,3,516
32,269,516,51
3,32,51,2
516,3,2,166
51,516,166,433
2,51,433,4
166,2,4,51
433,166,51,21
4,433,21,4577
51,4,4577,23526
21,51,23526,21
4577,21,21,3115
23526,4577,3115,3
21,23526,3,622
3115,21,622,4577
3,3115,4577,218
622,3,218,7
4577,622,7,25
218,4577,25,14
7,218,14,622
25,7,622,7
14,25,7,72
622,14,72,14
7,622,14,622
72,7,622,960
14,72,960,3
622,14,3,1209
960,622,1209,4
3,960,4,50930
1209,3,50930,22
4,1209,22,177
50930,4,177,63
22,50930,63,71
177,22,71,28
63,177,28,540
71,63,540,8
28,71,8,11
540,28,11,99
8,540,99,1410
11,8,1410,5
99,11,5,32
1410,99,32,432
5,1410,432,641
32,5,641,168
432,32,168,39
641,432,39,181
168,641,181,11
39,168,11,30
181,39,30,12
11,181,12,3
30,11,3,1673
12,30,1673,32
3,12,32,9
1673,3,9,9817
32,1673,9817,307
9,32,307,5
9817,9,5,1128
307,9817,1128,5
5,307,5,125
1128,5,125,19
5,1128,19,35
125,5,35,216
19,125,216,228
35,19,228,49
216,35,49,4
228,216,4,5175
49,228,5175,166
4,49,166,4907
5175,4,4907,4
166,5175,4,441
4907,166,441,22
4,4907,22,252
441,4,252,433
22,441,433,12
252,22,12,100486
433,252,100486,693
12,433,693,310
100486,12,310,1000
693,100486,1000,3
310,693,3,20
1000,310,20,181
71,63,442,1893
12,71,1893,1224
442,12,1224,3
1893,442,3,1504
1224,1893,1504,585
3,1224,585,1669
1504,3,1669,559
585,1504,559,102
1669,585,102,467
559,1669,467,35
102,559,35,2
467,102,2,11
35,467,11,331
2,35,331,233
11,2,233,3
331,11,3,2925
233,331,2925,2293
3,233,2293,215
2925,3,215,163
2293,2925,163,102
215,2293,102,430
163,215,430,20344
102,163,20344,63
430,102,63,6
20344,430,6,2
63,20344,2,1178
6,63,1178,1469
2,6,1469,4
1178,2,4,2
1469,1178,2,750
4,1469,750,3
2,4,3,233
750,2,233,3502
3,750,3502,3772
233,3,3772,447
3502,233,447,1363
3772,3502,1363,19
447,3772,19,72351
1363,447,72351,274
19,1363,274,12336
72351,19,12336,2407
274,72351,2407,34
12336,274,34,1363
2407,12336,1363,2
34,2407,2,447
1363,34,447,820
2,1363,820,311
447,2,311,389
820,447,389,211
311,820,211,3
389,311,3,143
211,389,143,35
3,211,35,1860
143,3,1860,71
35,143,71,17793
1860,35,17793,394
71,1860,394,23
17793,71,23,119
394,17793,119,111
23,394,111,71
119,23,71,2491
111,119,2491,3
71,111,3,1287
2491,71,1287,1083
3,2491,1083,151
1287,3,151,20
1083,1287,20,7
151,1083,7,2
20,151,2,831
7,20,831,1431
2,7,1431,4
831,2,4,10
1431,831,10,34
4,1431,34,469
10,4,469,831
34,10,831,9
469,34,9,76
831,469,76,60
9,831,60,71
76,9,71,28
60,76,28,29
71,60,29,67
28,71,67,902
29,28,902,7
67,29,7,12
902,67,12,1796
7,902,1796,2407
12,7,2407,7
1796,12,7,12
2407,1796,12,3795
7,2407,3795,4
12,7,4,2407
3795,12,2407,7
4,3795,7,110
2407,4,110,3
7,2407,3,78657
110,7,78657,1122
3,110,1122,364
78657,3,364,5566
1122,78657,5566,8
364,1122,8,40
5566,364,40,1760
8,5566,1760,3343
40,8,3343,1796
1760,40,1796,585
3343,1760,585,1669
1796,3343,1669,559
585,1796,559,4
1669,585,4,329
559,1669,329,3113
4,559,3113,6113
329,4,6113,75
3113,329,75,258
6113,3113,258,66
75,6113,66,750
258,75,750,24
66,258,24,71
750,66,71,44
24,750,44,3113
71,24,3113,40
44,71,40,21
3113,44,21,609
40,3113,609,2237
21,40,2237,6356
609,21,6356,585
2237,609,585,1669
6356,2237,1669,559
585,6356,559,73
1669,585,73,95
559,1669,95,1535
73,559,1535,6
95,73,6,386
1535,95,386,4
6,1535,4,45100
386,6,45100,1281
4,386,1281,364
45100,4,364,64
1281,45100,64,2159
364,1281,2159,12
64,364,12,120
2159,64,120,43
12,2159,43,163
120,12,163,77
43,120,77,2066
163,43,2066,447
77,163,447,4
2066,77,4,122
447,2066,122,593
4,447,593,215
122,4,215,69
593,122,69,456
215,593,456,12
69,215,12,902
456,69,902,1619
12,456,1619,6
902,12,6,386
1619,902,386,4
6,1619,4,278
386,6,278,1122
4,386,1122,1003
278,4,1003,609
1122,278,609,43
1003,1122,43,585
609,1003,585,925
43,609,925,3
585,43,3,1262
925,585,1262,6
3,925,6,1504
1262,3,1504,27818
6,1262,27818,3113
1504,6,3113,7
27818,1504,7,1178
3113,27818,1178,40
7,3113,40,420
1178,7,420,6178
40,1178,6178,3
420,40,3,1754
6178,420,1754,585
3,6178,585,1669
1754,3,1669,559
585,1754,559,6
1669,585,6,57
559,1669,57,41
6,559,41,1504
57,6,1504,2057
41,57,2057,156
1504,41,156,2
2057,1504,2,2262
156,2057,2262,559
2,156,559,2359
2262,2,2359,43
559,2262,43,36
2359,559,36,902
43,2359,902,2549
36,43,2549,36
902,36,36,91
2549,902,91,5
36,2549,5,722
91,36,722,559
5,91,559,163
722,5,163,3
559,722,3,123
163,559,123,215
3,163,215,297
123,3,297,102
215,123,102,2407
297,215,2407,792
102,297,792,71
2407,102,71,481
792,2407,481,6
71,792,6,22
481,71,22,750
6,481,750,3
22,6,3,233
750,22,233,10
3,750,10,40
233,3,40,68
10,233,68,2293
40,10,2293,91
68,40,91,5
2293,68,5,43
91,2293,43,163
5,91,163,6
43,5,6,743
163,43,743,120
6,163,120,585
743,6,585,1669
120,743,1669,559
585,120,559,16
1669,585,16,21
559,1669,21,761
16,559,761,36
21,16,36,1368
761,21,1368,156
36,761,156,2
1368,36,2,625
156,1368,625,2200
2,156,2200,4
625,2,4,2473
2200,625,2473,1431
4,2200,1431,3
2473,4,3,3364
1431,2473,3364,15211
3,1431,15211,971
3364,3,971,36
15211,3364,36,1952
971,15211,1952,5
36,971,5,4922
1952,36,4922,1678
5,1952,1678,4
4922,5,4,57
1678,4922,57,729
4,1678,729,5
57,4,5,2235
729,57,2235,4
5,729,4,2432
2235,5,2432,3
4,2235,3,1120
2432,4,1120,65617
3,2432,65617,119
1120,3,119,111
65617,1120,111,71
119,65617,71,146
111,119,146,314
71,111,314,8
146,71,8,11
314,146,11,40
8,314,40,17
11,8,17,1095
40,11,1095,3
17,40,3,316
1095,17,316,722
3,1095,722,163
316,3,163,3
722,316,3,309
163,722,309,102
3,163,102,293
309,3,293,195
102,309,195,52
293,102,52,83328
195,293,83328,7
52,195,7,21
83328,52,21,3113
7,83328,3113,5
21,7,5,190
3113,21,190,585
5,3113,585,124
190,5,124,71
585,190,71,28
124,585,28,1197
71,124,1197,30
28,71,30,147
1197,28,147,6178
30,1197,6178,29
147,30,29,30
6178,147,30,68
29,6178,68,18
30,29,18,3
68,30,3,17
18,68,17,3132
3,18,3132,4
17,3,4,61214
3132,17,61214,1281
4,3132,1281,3752
61214,4,3752,198
1281,61214,198,51
3752,1281,51,7
198,3752,7,253
51,198,253,3
7,51,3,17
253,7,17,2
3,253,2,15415
17,3,15415,185
2,17,185,6
15415,2,6,233
185,15415,233,15
6,185,15,4580
233,6,4580,1004
15,233,1004,507
4580,15,507,3
1004,4580,3,1195
507,1004,1195,9
3,507,9,2
1195,3,2,2100
9,1195,2100,3113
2,9,3113,4
2100,2,4,15626
3113,2100,15626,926
4,3113,926,1279
15626,4,1279,41
926,15626,41,78305
1279,926,78305,117
41,1279,117,2067
78305,41,2067,2024
117,78305,2024,1957
2067,117,1957,28
2024,2067,28,11
1957,2024,11,7
28,1957,7,1229
11,28,1229,37
7,11,37,3578
1229,7,3578,4
37,1229,4,103716
3578,37,103716,5
4,3578,5,43
103716,4,43,585
5,103716,585,925
43,5,925,1200
585,43,1200,4
925,585,4,34
1200,925,34,1153
4,1200,1153,3
34,4,3,5298
1153,34,5298,18418
3,1153,18418,57
5298,3,57,210
18418,5298,210,111
57,18418,111,681
210,57,681,256
111,210,256,975
681,111,975,28
256,681,28,11
975,256,11,14
28,975,14,21
11,28,21,507
14,11,507,8
21,14,8,788
507,21,788,8
8,507,8,47
788,8,47,3064
8,788,3064,34
47,8,34,4166
3064,47,4166,81172
34,3064,81172,117
4166,34,117,2494
81172,4166,2494,6322
117,81172,6322,802
2494,117,802,5
6322,2494,5,265
802,6322,265,238
5,802,238,815
265,5,815,369
238,265,369,28
815,238,28,11
369,815,11,3016
28,369,3016,63
11,28,63,1279
3016,11,1279,3113
63,3016,3113,4
1279,63,4,40
3113,1279,40,946
4,3113,946,870
40,4,870,1174
946,40,1174,7222
870,946,7222,1107
1174,870,1107,12
7222,1174,12,119
1107,7222,119,111
12,1107,111,95315
119,12,95315,3
111,119,3,2293
95315,111,2293,91
3,95315,91,5
2293,3,5,215
91,2293,215,163
5,91,163,7
215,5,7,42
163,215,42,5
7,163,5,88
42,7,88,344
5,42,344,297
88,5,297,233
344,88,233,55
297,344,55,123
233,297,123,4
55,233,4,122
123,55,122,53
4,123,53,34
122,4,34,17
53,122,17,841
34,53,841,10
17,34,10,7
841,17,7,130
10,841,130,403
7,10,403,8
130,7,8,30
403,130,30,34
8,403,34,5360
30,8,5360,67
34,30,67,1387
5360,34,1387,1445
67,5360,1445,4
1387,67,4,6
1445,1387,6,2
4,1445,2,2082
6,4,2082,107
2,6,107,862
2082,2,862,4
107,2082,4,3113
862,107,3113,8
4,862,8,609
3113,4,609,43
8,3113,43,3
609,8,3,3273
43,609,3273,20
3,43,20,718
3273,3,718,447
20,3273,447,6322
718,20,6322,1757
447,718,1757,119
6322,447,119,111
1757,6322,111,2340
119,1757,2340,10
111,119,10,260
2340,111,260,13
10,2340,13,1142
260,10,1142,3
13,260,3,1935
1142,13,1935,1619
3,1142,1619,102
1935,3,102,293
1619,1935,293,1261
102,1619,1261,6
293,102,6,386
1261,293,386,4
6,1261,4,278
386,6,278,2
4,386,2,43
278,4,43,13
2,278,13,47
43,2,47,377
13,43,377,9
47,13,9,205
377,47,205,29
9,377,29,14
205,9,14,233
29,205,233,3
14,29,3,527
233,14,527,198
3,233,198,6
527,3,6,316
198,527,316,3
6,198,3,1740
316,6,1740,70
3,316,70,102800
1740,3,102800,2
70,1740,2,750
102800,70,750,3
2,102800,3,1004
750,2,1004,8729
3,750,8729,1281
1004,3,1281,71
8729,1004,71,956
1281,8729,956,81
71,1281,81,3
956,71,3,62
81,956,62,108
3,81,108,30
62,3,30,16
108,62,16,143
30,108,143,6
16,30,6,67
143,16,67,2207
6,143,2207,3
67,6,3,2557
2207,67,2557,18949
3,2207,18949,1178
2557,3,1178,1469
18949,2557,1469,3192
1178,18949,3192,293
1469,1178,293,4773
3192,1469,4773,6
293,3192,6,818
4773,293,818,211
6,4773,211,3387
818,6,3387,5
211,818,5,70
3387,211,70,2236
5,3387,2236,4
70,5,4,12377
2236,70,12377,13029
4,2236,13029,2458
12377,4,2458,1819
13029,12377,1819,4
2458,13029,4,163
1819,2458,163,680
4,1819,680,5
163,4,5,225
680,163,225,4
5,680,4,1376
225,5,1376,6
4,225,6,41545
1376,4,41545,2233
6,1376,2233,70
41545,6,70,2549
2233,41545,2549,4
70,2233,4,2874
2549,70,2874,2687
4,2549,2687,6
2874,4,6,818
2687,2874,818,4
6,2687,4,7
818,6,7,1390
4,818,1390,9
7,4,9,439
1390,7,439,5
9,1390,5,43
439,9,43,553
5,439,553,892
43,5,892,10237
553,43,10237,2310
892,553,2310,13918
10237,892,13918,17773
2310,10237,17773,2088
13918,2310,2088,17198
17773,13918,17198,4
2088,17773,4,11304
17198,2088,11304,10331
4,17198,10331,71
11304,4,71,28
10331,11304,28,6
71,10331,6,22
28,71,22,750
6,28,750,7472
22,6,7472,70
750,22,70,2236
7472,750,2236,31
70,7472,31,210
2236,70,210,6
31,2236,6,293
210,31,293,59080
6,210,59080,1122
293,6,1122,1371
59080,293,1371,4
1122,59080,4,1651
1371,1122,1651,185
4,1371,185,74
1651,4,74,51
185,1651,51,874
74,185,874,4
51,74,4,5566
874,51,5566,1784
4,874,1784,6
5566,4,6,582
1784,5566,582,121
6,1784,121,18
582,6,18,6
121,582,6,3439
18,121,3439,5
6,18,5,1715
3439,6,1715,15
5,3439,15,2260
1715,5,2260,5
15,1715,5,182
2260,15,182,70
5,2260,70,244
182,5,244,4539
70,182,4539,74
244,70,74,10
4539,244,10,2939
74,4539,2939,3183
10,74,3183,5
2939,10,5,439
3183,2939,439,5
5,3183,5,2246
439,5,2246,639
5,439,639,10331
2246,5,10331,12
639,2246,12,343
10331,639,343,5
12,10331,5,71
343,12,71,1122
5,343,1122,453
71,5,453,39
1122,71,39,5391
453,1122,5391,122
39,453,122,4614
5391,39,4614,11317
122,5391,11317,124
4614,122,124,6
11317,4614,6,386
124,11317,386,4
6,124,4,1319
386,6,1319,50
4,386,50,2
1319,4,2,4735
50,1319,4735,3
2,50,3,76
4735,2,76,1004
3,4735,1004,102
76,3,102,321
1004,76,321,190
102,1004,190,8692
321,102,8692,215
190,321,215,33995
8692,190,33995,7
215,8692,7,2017
33995,215,2017,3
7,33995,3,1194
2017,7,1194,3113
3,2017,3113,3
1194,3,3,258
3113,1194,258,66
3,3113,66,5748
258,3,5748,3
66,258,3,235
5748,66,235,63
3,5748,63,191
235,3,191,4
63,235,4,185
191,63,185,74
4,191,74,7970
185,4,7970,9
74,185,9,51
7970,74,51,11
9,7970,11,7300
51,9,7300,2
11,51,2,2
7300,11,2,9262
2,7300,9262,838
2,2,838,11
9262,2,11,7
838,9262,7,4715
11,838,4715,64
7,11,64,6337
4715,7,6337,5566
64,4715,5566,120
6337,64,120,43
5566,6337,43,163
120,5566,163,77
43,120,77,2066
163,43,2066,11604
77,163,11604,1261
2066,77,1261,3113
11604,2066,3113,1104
1261,11604,1104,467
3113,1261,467,35
1104,3113,35,4
467,1104,4,693
35,467,693,417
4,35,417,36
693,4,36,163
417,693,163,1830
36,417,1830,2
163,36,2,95
1830,163,95,794
2,1830,794,12
95,2,12,2267
794,95,2267,5
12,794,5,36
2267,12,36,2856
5,2267,2856,7
36,5,7,36
2856,36,36,98
7,2856,98,55874
36,7,55874,3659
98,36,3659,3342
55874,98,3342,6
3659,55874,6,8819
3342,3659,8819,102
6,3342,102,143
8819,6,143,35
102,8819,35,36
143,102,36,10
35,143,10,902
36,35,902,25797
10,36,25797,1122
902,10,1122,1760
25797,902,1760,3343
1122,25797,3343,1796
1760,1122,1796,585
3343,1760,585,1669
1796,3343,1669,559
585,1796,559,4
1669,585,4,10158
559,1669,10158,461
4,559,461,1368
10158,4,1368,2
461,10158,2,1816
1368,461,1816,175
2,1368,175,1004
1816,2,1004,31
175,1816,31,14
1004,175,14,1142
31,1004,1142,9
14,31,9,585
1142,14,585,925
9,1142,925,4
585,9,4,95
925,585,95,31
4,925,31,86458
95,4,86458,1469
31,95,1469,40
86458,31,40,2715
1469,86458,2715,2
40,1469,2,3113
2715,40,3113,9
2,2715,9,163
3113,2,163,6
9,3113,6,386
163,9,386,29
6,163,29,1500
386,6,1500,2
29,386,2,3113
1500,29,3113,102
2,1500,102,1109
3113,2,1109,2144
102,3113,2144,6
1109,102,6,1319
2144,1109,1319,782
6,2144,782,71
1319,6,71,28
782,1319,28,6
71,782,6,22
28,71,22,750
6,28,750,3
22,6,3,1004
750,22,1004,22
3,750,22,934
1004,3,934,7
22,1004,7,3
934,22,3,7513
7,934,7513,4
3,7,4,1292
7513,3,1292,2715
4,7513,2715,8
1292,4,8,3113
2715,1292,3113,2
8,2715,2,105717
3113,8,105717,653
2,3113,653,775
105717,2,775,3113
653,105717,3113,63
775,653,63,575
3113,775,575,978
63,3113,978,189
575,63,189,91
978,575,91,3
189,978,3,3006
91,189,3006,215
3,91,215,297
3006,3,297,75
215,3006,75,16
297,215,16,4018
75,297,4018,9
16,75,9,89
4018,16,89,3
9,4018,3,4056
89,9,4056,41
3,89,41,65
4056,3,65,43
41,4056,43,925
65,41,925,3
43,65,3,1733
925,43,1733,4
3,925,4,3789
1733,3,3789,1127
4,1733,1127,214
3789,4,214,163
1127,3789,163,4
214,1127,4,1754
163,214,1754,1496
4,163,1496,1619
1754,4,1619,102
1496,1754,102,809
1619,1496,809,6
102,1619,6,386
809,102,386,4
6,809,4,278
386,6,278,1282
4,386,1282,18
278,4,18,28
1282,278,28,71
18,1282,71,7
28,18,7,30528
71,28,30528,5909
7,71,5909,874
30528,7,874,3
5909,30528,3,809
874,5909,809,39
3,874,39,447
809,3,447,24
39,809,24,1261
447,39,1261,5494
24,447,5494,2
1261,24,2,1311
5494,1261,1311,729
2,5494,729,5
1311,2,5,28928
729,1311,28928,141
5,729,141,6
28928,5,6,3439
141,28928,3439,5
6,141,5,492
3439,6,492,5
5,3439,5,4
492,5,4,467
5,492,467,3988
4,5,3988,693
467,4,693,310
3988,467,310,1000
693,3988,1000,3
310,693,3,20
1000,310,20,181
865,93,2992,119
6383,865,119,111
2992,6383,111,3593
119,2992,3593,1380
111,119,1380,206
3593,111,206,197
1380,3593,197,13460
206,1380,13460,24
197,206,24,2
13460,197,2,700
24,13460,700,1469
2,24,1469,1172
700,2,1172,43
1469,700,43,8565
1172,1469,8565,5
43,1172,5,53860
8565,43,53860,226
5,8565,226,197
53860,5,197,5575
226,53860,5575,46
197,226,46,143
5575,197,143,35
46,5575,35,13460
143,46,13460,24
35,143,24,2
13460,35,2,700
24,13460,700,1469
2,24,1469,102
700,2,102,43
1469,700,43,8565
102,1469,8565,5
43,102,5,1621
8565,43,1621,2
5,8565,2,2
1621,5,2,3815
2,1621,3815,8
2,2,8,9197
3815,2,9197,188
8,3815,188,5
9197,8,5,5315
188,9197,5315,5
5,188,5,8965
5315,5,8965,1374
5,5315,1374,226
8965,5,226,7
1374,8965,7,21
226,1374,21,179
7,226,179,119
21,7,119,111
179,21,111,3593
119,179,3593,2600
111,119,2600,2569
3593,111,2569,134
2600,3593,134,523
2569,2600,523,12
134,2569,12,442
523,134,442,1469
12,523,1469,7
442,12,7,4
1469,442,4,3665
7,1469,3665,482
4,7,482,5
3665,4,5,206
482,3665,206,43
5,482,43,188
206,5,188,5
