747,6,6,107208
1339,747,107208,48
6,1339,48,106
107208,6,106,3205
48,107208,3205,598
106,48,598,387
3205,106,387,193
598,3205,193,517
387,598,517,129
193,387,129,5
517,193,5,785
129,517,785,6
5,129,6,701
785,5,701,35
6,785,35,239
701,6,239,805
35,701,805,5
239,35,5,22
805,239,22,7626
5,805,7626,970
22,5,970,410
7626,22,410,387
970,7626,387,1025
410,970,1025,305
387,410,305,31
1025,387,31,2579
305,1025,2579,129
31,305,129,5
2579,31,5,106
129,2579,106,43
5,129,43,152
106,5,152,12778
43,106,12778,598
152,43,598,387
12778,152,387,6381
598,12778,6381,517
387,598,517,350
6381,387,350,2205
517,6381,2205,67327
350,517,67327,42893
2205,350,42893,4
67327,2205,4,7553
42893,67327,7553,4084
4,42893,4084,2
7553,4,2,149
4084,7553,149,2
2,4084,2,105594
149,2,105594,16016
2,149,16016,16155
105594,2,16155,21545
16016,105594,21545,4
16155,16016,4,28675
21545,16155,28675,4084
4,21545,4084,138
28675,4,138,27
4084,28675,27,517
138,4084,517,26307
27,138,26307,826
517,27,826,4
26307,517,4,410
826,26307,410,117
4,826,117,1025
410,4,1025,305
117,410,305,517
1025,117,517,13486
305,1025,13486,826
517,305,826,42
13486,517,42,826
826,13486,826,46
42,826,46,7570
826,42,7570,46
46,826,46,7
7570,46,7,2495
46,7570,2495,3
7,46,3,98
2495,7,98,5
3,2495,5,94
98,3,94,193
5,98,193,7
94,5,7,86
193,94,86,1291
7,193,1291,4
86,7,4,12343
1291,86,12343,222
4,1291,222,6
12343,4,6,237
222,12343,237,1650
6,222,1650,36804
237,6,36804,28
1650,237,28,126
36804,1650,126,118
28,36804,118,2331
126,28,2331,3
118,126,3,929
2331,118,929,16155
3,2331,16155,826
929,3,826,23
16155,929,23,150
826,16155,150,202
23,826,202,440
150,23,440,638
202,150,638,13
440,202,13,1956
638,440,1956,11
13,638,11,7
1956,13,7,21
11,1956,21,1073
7,11,1073,3
21,7,3,748
1073,21,748,5
3,1073,5,832
748,3,832,1950
5,748,1950,1183
832,5,1183,7
1950,832,7,11
1183,1950,11,2
7,1183,2,882
11,7,882,31330
2,11,31330,1105
882,2,1105,5
31330,882,5,756
1105,31330,756,36804
5,1105,36804,28
756,5,28,11
36804,756,11,7
28,36804,7,1519
11,28,1519,2
7,11,2,19078
1519,7,19078,272
2,1519,272,41
19078,2,41,65
272,19078,65,45
41,272,45,365
65,41,365,177
45,65,177,6
365,45,6,16155
177,365,16155,826
6,177,826,440
16155,6,440,23
826,16155,23,2
440,826,2,543
23,440,543,456
2,23,456,6
543,2,6,13596
456,543,13596,26
6,456,26,481
13596,6,481,38
26,13596,38,3595
481,26,3595,94
38,481,94,12
3595,38,12,1668
94,3595,1668,39819
12,94,39819,4
1668,12,4,15029
39819,1668,15029,81
4,39819,81,6
15029,4,6,2
81,15029,2,17955
6,81,17955,2705
2,6,2705,23
17955,2,23,725
2705,17955,725,5
23,2705,5,968
725,23,968,2
5,725,2,38
968,5,38,320
2,968,320,50
38,2,50,228
320,38,228,305
50,320,305,2673
228,50,2673,373
305,228,373,9
2673,305,9,44
373,2673,44,4968
9,373,4968,1444
44,9,1444,6
4968,44,6,21545
1444,4968,21545,4
6,1444,4,26307
21545,6,26307,4084
4,21545,4084,6
26307,4,6,16155
4084,26307,16155,826
6,4084,826,20118
16155,6,20118,20162
826,16155,20162,630
20118,826,630,7992
20162,20118,7992,3
630,20162,3,93
7992,630,93,1204
3,7992,1204,58
93,3,58,3
1204,93,3,117
58,1204,117,89
3,58,89,3
117,3,3,150
89,117,150,440
3,89,440,2
150,3,2,2
440,150,2,305
2,440,305,267
2,2,267,42
305,2,42,94
267,305,94,524
42,267,524,56
94,42,56,9
524,94,9,22
56,524,22,953
9,56,953,3
22,9,3,611
953,22,611,22
3,953,22,519
611,3,519,5
22,611,5,3361
519,22,3361,3
5,519,3,45
3361,5,45,31
3,3361,31,18
45,3,18,485
31,45,485,10
18,31,10,126
485,18,126,20162
10,485,20162,28
126,10,28,5
20162,126,5,305
28,20162,305,11
5,28,11,7
305,5,7,325
11,305,325,924
7,11,924,9
325,7,9,67
924,325,67,97
9,924,97,3
67,9,3,858
97,67,858,271
3,97,271,1457
858,3,1457,8
271,858,8,128
1457,271,128,27
8,1457,27,13272
128,8,13272,5176
27,128,5176,1596
13272,27,1596,4408
5176,13272,4408,6
1596,5176,6,5462
4408,1596,5462,1848
6,4408,1848,9
5462,6,9,26307
1848,5462,26307,826
9,1848,826,120
26307,9,120,11
826,26307,11,2039
120,826,2039,305
11,120,305,2090
2039,11,2090,29
305,2039,29,371
2090,305,371,27
29,2090,27,28
371,29,28,256
27,371,256,16585
28,27,16585,2
256,28,2,16155
16585,256,16155,826
2,16585,826,2827
16155,2,2827,11
826,16155,11,113
2827,826,113,11
11,2827,11,55
113,11,55,192
11,113,192,85
55,11,85,87
192,55,87,11
85,192,11,2
87,85,2,1143
11,87,1143,193
2,11,193,55
1143,2,55,366
193,1143,366,11
55,193,11,13
366,55,13,1969
11,366,1969,24
13,11,24,5462
1969,13,5462,2685
24,1969,2685,79
5462,24,79,235
2685,5462,235,153
79,2685,153,273
235,79,273,1225
153,235,1225,6
273,153,6,410
1225,273,410,742
6,1225,742,2255
410,6,2255,4
742,410,4,2322
2255,742,2322,11
4,2255,11,13
2322,4,13,517
11,2322,517,5462
13,11,5462,321
517,13,321,301
5462,517,301,41
321,5462,41,65
301,321,65,727
41,301,727,5
65,41,5,35
727,65,35,1131
5,727,1131,202
35,5,202,374
1131,35,374,469
202,1131,469,26508
374,202,26508,58
469,374,58,34
26508,469,34,1386
58,26508,1386,190
34,58,190,374
1386,34,374,23
190,1386,23,38
374,190,38,35
23,374,35,440
38,23,440,6
35,38,6,12455
440,35,12455,6
6,440,6,25407
12455,6,25407,57
6,12455,57,258
25407,6,258,16
57,25407,16,35
258,57,35,202
16,258,202,802
35,16,802,150
202,35,150,14949
802,202,14949,4
150,802,4,150
14949,150,150,27927
4,14949,27927,5462
150,4,5462,34
27927,150,34,117
5462,27927,117,2
34,5462,2,896
117,34,896,5
2,117,5,374
896,2,374,3
5,896,3,150
374,5,150,440
3,374,440,41
150,3,41,65
440,150,65,98
41,440,98,35
65,41,35,5
98,65,5,707
35,98,707,1849
5,35,1849,87
707,5,87,5
1849,707,5,10
87,1849,10,571
5,87,571,58
10,5,58,4668
571,10,4668,193
58,571,193,7
4668,58,7,86
193,4668,86,1980
7,193,1980,202
86,7,202,94
1980,86,94,3
202,1980,3,18
94,202,18,4146
3,94,4146,6
18,3,6,5462
4146,18,5462,11
6,4146,11,1098
5462,6,1098,23
11,5462,23,2
1098,11,2,712
23,1098,712,746
2,23,746,13596
712,2,13596,128
746,712,128,66
13596,746,66,3
128,13596,3,2219
66,128,2219,227
3,66,227,1323
2219,3,1323,4994
227,2219,4994,1683
1323,227,1683,940
4994,1323,940,90
1683,4994,90,6
940,1683,6,5462
90,940,5462,16
6,90,16,9741
5462,6,9741,15
16,5462,15,63
9741,16,63,617
15,9741,617,71
63,15,71,648
617,63,648,535
71,617,535,163
648,71,163,18
535,648,18,434
163,535,434,2
18,163,2,8677
434,18,8677,6
2,434,6,35
8677,2,35,3719
6,8677,3719,66367
35,6,66367,515
3719,35,515,58
66367,3719,58,68
515,66367,68,948
58,515,948,227
68,58,227,1323
948,68,1323,9
227,948,9,13155
1323,227,13155,649
9,1323,649,1276
13155,9,1276,4
649,13155,4,1683
1276,649,1683,9210
4,1276,9210,117
1683,4,117,1025
9210,1683,1025,305
117,9210,305,517
1025,117,517,2
305,1025,2,58
517,305,58,289
2,517,289,6
58,2,6,197
289,58,197,832
6,289,832,39687
197,6,39687,374
832,197,374,16
39687,832,16,23
374,39687,23,23018
16,374,23018,911
23,16,911,2880
23018,23,2880,34
911,23018,34,17
2880,911,17,12
34,2880,12,298
17,34,298,59
12,17,59,1225
298,12,1225,16
59,298,16,621
1225,59,621,6
16,1225,6,566
621,16,566,13020
6,621,13020,35
566,6,35,410
13020,566,410,2047
35,13020,2047,2255
410,35,2255,464
2047,410,464,673
2255,2047,673,4
464,2255,4,742
25,7,73,27
44846,25,27,99127
73,44846,99127,32230
27,73,32230,73
99127,27,73,89
32230,99127,89,140
73,32230,140,112
89,73,112,4
140,89,4,72405
32,78,1230,945
85,32,945,1341
1230,85,1341,731
945,1230,731,2595
1341,945,2595,24
731,1341,24,494
2595,731,494,145
24,2595,145,1128
494,24,1128,1243
145,494,1243,15
1128,145,15,48
1243,1128,48,358
15,1243,358,24
48,15,24,5567
358,48,5567,5
24,358,5,263
5567,24,263,5831
5,5567,5831,15
263,5,15,43
5831,263,43,85
15,5831,85,3441
43,15,3441,5
85,43,5,1667
3441,85,1667,4837
5,3441,4837,39
1667,5,39,1447
4837,1667,1447,360
39,4837,360,1115
1447,39,1115,8
360,1447,8,55
1115,360,55,1529
8,1115,1529,17
55,8,17,92280
1529,55,92280,3
17,1529,3,2741
92280,17,2741,85
3,92280,85,52
2741,3,52,33
85,2741,33,25
52,85,25,113
33,52,113,8
25,33,8,1054
113,25,1054,635
8,113,635,2741
1054,8,2741,4
635,1054,4,85
2741,635,85,52
4,2741,52,26
85,4,26,55
52,85,55,113
26,52,113,285
55,26,285,2
113,55,2,3612
285,113,3612,3
2,285,3,1395
3612,2,1395,1964
3,3612,1964,20076
1395,3,20076,30
1964,1395,30,48
20076,1964,48,116
30,20076,116,8
48,30,8,78
116,48,78,7
8,116,7,2175
78,8,2175,5
7,78,5,2719
2175,7,2719,3
5,2175,3,2741
2719,5,2741,4
3,2719,4,85
2741,3,85,112
4,2741,112,339
85,4,339,1984
112,85,1984,15
339,112,15,90
1984,339,90,125
15,1984,125,420
90,15,420,19
125,90,19,781
420,125,781,2216
19,420,2216,8
781,19,8,11
2216,781,11,115
8,2216,115,962
11,8,962,18
115,11,18,4
962,115,4,839
18,962,839,5
4,18,5,10205
839,4,10205,56
5,839,56,53
10205,5,53,1414
56,10205,1414,227
53,56,227,4
1414,53,4,35
227,1414,35,85
4,227,85,141
35,4,141,3
85,35,3,21
141,85,21,86
3,141,86,5881
21,3,5881,494
86,21,494,145
5881,86,145,29
494,5881,29,3
145,494,3,93
29,145,93,49
3,29,49,79
93,3,79,119
49,93,119,111
79,49,111,285
119,79,285,196
111,119,196,78
285,111,78,7
196,285,7,962
78,196,962,2
7,78,2,3608
962,7,3608,565
2,962,565,72
3608,2,72,2
565,3608,2,2597
72,565,2597,1422
2,72,1422,1298
2597,2,1298,20
1422,2597,20,268
1298,1422,268,473
20,1298,473,1243
268,20,1243,20
473,268,20,7
1243,473,7,1781
20,1243,1781,8
7,20,8,147
1781,7,147,2
8,1781,2,679
147,8,679,291
2,147,291,1371
679,2,1371,41153
291,679,41153,52
1371,291,52,10
41153,1371,10,7
52,41153,7,277
10,52,277,56
7,10,56,10
277,7,10,7
56,277,7,2
10,56,2,1729
7,10,1729,51
2,7,51,140
1729,2,140,7
51,1729,7,2179
140,51,2179,53
7,140,53,77
2179,7,77,17
53,2179,17,2
77,53,2,3067
17,77,3067,863
2,17,863,6
3067,2,6,578
863,3067,578,9
6,863,9,33531
578,6,33531,72
9,578,72,106
33531,9,106,9
72,33531,9,2761
106,72,2761,2
9,106,2,3612
2761,9,3612,3
2,2761,3,1395
3612,2,1395,1964
3,3612,1964,84
1395,3,84,169
1964,1395,169,670
84,1964,670,194
169,84,194,7
670,169,7,51
194,670,51,16
7,194,16,30
51,7,30,45
16,51,45,110
30,16,110,3
45,30,3,25
110,45,25,37
3,110,37,10
25,3,10,1910
37,25,1910,886
10,37,886,19
1910,10,19,49068
886,1910,49068,20
19,886,20,7
49068,19,7,1781
20,49068,1781,8
7,20,8,147
1781,7,147,2
8,1781,2,679
147,8,679,291
2,147,291,1371
679,2,1371,41153
291,679,41153,52
1371,291,52,10
41153,1371,10,7
52,41153,7,277
10,52,277,56
7,10,56,10
277,7,10,7
56,277,7,2
10,56,2,1729
7,10,1729,51
2,7,51,140
1729,2,140,7
51,1729,7,2179
140,51,2179,53
7,140,53,77
2179,7,77,17
53,2179,17,2
77,53,2,3067
17,77,3067,863
2,17,863,6
3067,2,6,578
863,3067,578,9
6,863,9,33531
578,6,33531,72
9,578,72,106
33531,9,106,9
72,33531,9,2761
106,72,2761,106
9,106,106,9
2761,9,9,3055
106,2761,3055,6774
9,106,6774,5015
3055,9,5015,52
6774,3055,52,33
5015,6774,33,14
52,5015,14,72
33,52,72,25
14,33,25,106
72,14,106,95
25,72,95,32
106,25,32,618
95,106,618,6
32,95,6,285
618,32,285,29
6,618,29,52
285,6,52,33
29,285,33,245
52,29,245,14
33,52,14,3
245,33,3,172
14,245,172,49
3,14,49,33
172,3,33,18
49,172,18,3
33,49,3,106
18,33,106,9
3,18,9,27
106,3,27,1013
9,106,1013,3
27,9,3,78
1013,27,78,27
3,1013,27,7
78,3,7,1888
27,78,1888,5053
7,27,5053,3136
1888,7,3136,39
5053,1888,39,1597
1416,2405,2,241
13,1416,241,123
2,13,123,12
241,2,12,1226
123,241,1226,4371
12,123,4371,159
1226,12,159,2170
4371,1226,2170,498
159,4371,498,1027
2170,159,1027,1548
498,2170,1548,823
1027,498,823,127
1548,1027,127,11187
823,1548,11187,1046
127,823,1046,6968
11187,127,6968,75
1046,11187,75,76
6968,1046,76,5
75,6968,5,2162
76,75,2162,2218
5,76,2218,83370
2162,5,83370,54188
2218,2162,54188,37
83370,2218,37,43564
54188,83370,43564,1548
37,54188,1548,425
43564,37,425,24
1548,43564,24,878
425,1548,878,28665
24,425,28665,6
878,24,6,1609
28665,878,1609,2756
6,28665,2756,4
1609,6,4,12648
2756,1609,12648,1897
4,2756,1897,829
12648,4,829,5
1897,12648,5,25806
829,1897,25806,4371
5,829,4371,118
25806,5,118,8739
4371,25806,8739,11
118,4371,11,3266
8739,118,3266,6
11,8739,6,2
3266,11,2,39
6,3266,39,249
2,6,249,1925
39,2,1925,650
249,39,650,786
1925,249,786,7
650,1925,7,258
786,650,258,4468
7,786,4468,1096
258,7,1096,15
4468,258,15,30415
1096,4468,30415,122
15,1096,122,4371
30415,15,4371,1776
122,30415,1776,113
4371,122,113,5
1776,4371,5,491
113,1776,491,2
5,113,2,1548
491,5,1548,4
2,491,4,13
1548,2,13,9
4,1548,9,2
13,4,2,241
9,13,241,60
2,9,60,11
241,2,11,68
60,241,68,2
11,60,2,756
68,11,756,31
2,68,31,72
756,2,72,73
31,756,73,3
72,31,3,25
73,72,25,3058
3,73,3058,4
25,3,4,2596
3058,25,2596,148
4,3058,148,2
2596,4,2,2
148,2596,2,38393
2,148,38393,73
2,2,73,1544
38393,2,1544,5569
73,38393,5569,4
1544,73,4,1114
5569,1544,1114,118
4,5569,118,6681
1114,4,6681,4
118,1114,4,73
6681,118,73,118
4,6681,118,6
73,4,6,105
118,73,105,81690
6,118,81690,5389
105,6,5389,159
81690,105,159,871
5389,81690,871,44
159,5389,44,53
871,159,53,412
44,871,412,41
53,44,41,11
412,53,11,40
41,412,40,73
11,41,73,65
40,11,65,3
73,40,3,17
65,73,17,2845
3,65,2845,231
17,3,231,133
2845,17,133,12
231,2845,12,2031
133,231,2031,765
12,133,765,8451
2031,12,8451,2845
765,2031,2845,99
8451,765,99,674
2845,8451,674,4
99,2845,4,631
674,99,631,3
4,674,3,105
631,4,105,523
3,631,523,48
105,3,48,44
523,105,44,190
48,523,190,5389
44,48,5389,159
190,44,159,2001
5389,190,2001,44
159,5389,44,5
2001,159,5,4371
44,2001,4371,11
5,44,11,7
4371,5,7,547
11,4371,547,246
7,11,246,119
547,7,119,4
246,547,4,6914
119,246,6914,52352
4,119,52352,630
6914,4,630,3
52352,6914,3,2613
630,52352,2613,491
3,630,491,24
2613,3,24,95
491,2613,95,4108
24,491,4108,59
95,24,59,438
4108,95,438,9
59,4108,9,266
438,59,266,4
9,438,4,11
266,9,11,445
4,266,445,1818
11,4,1818,81
445,11,81,4
1818,445,4,146
81,1818,146,81
4,81,81,22
146,4,22,87738
81,146,87738,13
22,81,13,1238
87738,22,1238,859
13,87738,859,2
1238,13,2,1067
859,1238,1067,12
2,859,12,76
1067,2,76,844
12,1067,844,175
76,12,175,4371
844,76,4371,4
175,844,4,9767
4371,175,9767,2
4,4371,2,88
9767,4,88,1830
2,9767,1830,10
88,2,10,640
1830,88,640,4371
10,1830,4371,1927
640,10,1927,12891
4371,640,12891,9
1927,4371,9,8
12891,1927,8,24275
9,12891,24275,4
8,9,4,20
24275,8,20,2812
4,24275,2812,7
20,4,7,3185
2812,20,3185,12
7,2812,12,3168
3185,7,3168,8
12,3185,8,2209
3168,12,2209,5
8,3168,5,105694
2209,8,105694,23121
5,2209,23121,2812
105694,5,2812,19
23121,105694,19,5020
2812,23121,5020,2264
19,2812,2264,108176
5020,19,108176,3014
2264,5020,3014,61
108176,2264,61,8
3014,108176,8,57245
61,3014,57245,788
8,61,788,7
57245,8,7,3
788,57245,3,666
7,788,666,3
3,7,3,1361
666,3,1361,1548
3,666,1548,354
1361,3,354,472
1548,1361,472,11
354,1548,11,5292
472,354,5292,42
11,472,42,11
5292,11,11,113
42,5292,113,5426
11,42,5426,4050
113,11,4050,14
5426,113,14,3
4050,5426,3,485
14,4050,485,59
3,14,59,881
485,3,881,835
59,485,835,9146
881,59,9146,1608
835,881,1608,2443
9146,835,2443,427
1608,9146,427,4371
2443,1608,4371,459
427,2443,459,4
4371,427,4,8604
459,4371,8604,4
4,459,4,6404
8604,4,6404,8
4,8604,8,11
6404,4,11,40
8,6404,40,155
11,8,155,8
40,11,8,239
155,40,239,59
8,155,59,331
239,8,331,37
59,239,37,419
331,59,419,302
37,331,302,4371
419,37,4371,835
302,419,835,4743
4371,302,4743,46
835,4371,46,9670
4743,835,9670,2
46,4743,2,169
9670,46,169,1548
2,9670,1548,11572
169,2,11572,12
1548,169,12,38
11572,1548,38,1478
12,11572,1478,46
38,12,46,5
1478,38,5,2
46,1478,2,989
5,46,989,39
2,5,39,221
989,2,221,1786
39,989,1786,163
221,39,163,7
1786,221,7,706
