8,425,625,13
1149,8,13,1274
625,1149,1274,1628
13,625,1628,272
1274,13,272,29
1628,1274,29,13
272,1628,13,2331
29,272,2331,21
13,29,21,3
2331,13,3,2710
21,2331,2710,22
3,21,22,320
2710,3,320,9
22,2710,9,4922
320,22,4922,93963
9,320,93963,1477
4922,9,1477,17719
93963,4922,17719,5
1477,93963,5,1985
17719,1477,1985,7942
5,17719,7942,176
1985,5,176,2557
7942,1985,2557,834
176,7942,834,1923
2557,176,1923,307
834,2557,307,2
1923,834,2,304
307,1923,304,254
2,307,254,30
304,2,30,18
254,304,18,1274
30,254,1274,331
18,30,331,152
1274,18,152,1970
331,1274,1970,21
152,331,21,3
1970,152,3,5032
21,1970,5032,37
3,21,37,829
5032,3,829,5
37,5032,5,67
829,37,67,291
5,829,291,12
67,5,12,1631
291,67,1631,8
12,291,8,290
1631,12,290,7
8,1631,7,23
290,8,23,692
7,290,692,30
23,7,30,16
692,23,16,21
30,692,21,110
16,30,110,3
21,16,3,2216
110,21,2216,1947
3,110,1947,5
2216,3,5,580
1947,2216,580,23
5,1947,23,20
580,5,20,695
23,580,695,36
20,23,36,276
695,20,276,4
36,695,4,1782
276,36,1782,12
4,276,12,1418
1782,4,1418,5
12,1782,5,20
1418,12,20,244
5,1418,244,3535
20,5,3535,73941
244,20,73941,5345
3535,244,5345,54
73941,3535,54,179
5345,73941,179,15
54,5345,15,449
179,54,449,6
15,179,6,844
449,15,844,15
6,449,15,1149
844,6,1149,625
15,844,625,427
1149,15,427,28
625,1149,28,429
427,625,429,10
28,427,10,654
429,28,654,437
10,429,437,2265
654,10,2265,30965
437,654,30965,796
2265,437,796,571
30965,2265,571,7326
796,30965,7326,175
571,796,175,6247
7326,571,6247,4
175,7326,4,4393
6247,175,4393,256
4,6247,256,29
4393,4,29,87
256,4393,87,5
29,256,5,7448
87,29,7448,3268
5,87,3268,19
7448,5,19,1261
3268,7448,1261,53
19,3268,53,14
1261,19,14,64
53,1261,64,107
14,53,107,11
64,14,11,77
107,64,77,17
11,107,17,129
77,11,129,54241
17,77,54241,456
129,17,456,9
54241,129,9,763
456,54241,763,5
9,456,5,10375
763,9,10375,4
5,763,4,105
10375,5,105,581
4,10375,581,23
105,4,23,1039
581,105,1039,645
23,581,645,1985
1039,23,1985,54
645,1039,54,1867
1985,645,1867,1562
54,1985,1562,1145
1867,54,1145,6
1562,1867,6,278
1145,1562,278,68
6,1145,68,28
278,6,28,10
68,278,10,178
28,68,178,4958
10,28,4958,14
178,10,14,57902
4958,178,57902,96
14,4958,96,4
57902,14,4,12573
96,57902,12573,430
4,96,430,1666
12573,4,1666,6430
430,12573,6430,25609
1666,430,25609,59
6430,1666,59,11
25609,6430,11,939
59,25609,939,6
11,59,6,2
939,11,2,339
6,939,339,307
2,6,307,19
339,2,19,293
307,339,293,128
19,307,128,1206
293,19,1206,8
128,293,8,822
1206,128,822,5474
8,1206,5474,5
822,8,5,70
5474,822,70,797
5,5474,797,892
70,5,892,10237
797,70,10237,23
892,797,23,60
10237,892,60,90
23,10237,90,2922
60,23,2922,4
90,60,4,1459
2922,90,1459,6463
4,2922,6463,12
1459,4,12,272
6463,1459,272,5554
12,6463,5554,1985
272,12,1985,26871
5554,272,26871,272
1985,5554,272,7
26871,1985,7,178
272,26871,178,3
7,272,3,18
178,7,18,939
3,178,939,6
18,3,6,57
939,18,57,339
6,939,339,8
57,6,8,822
339,57,822,5474
8,339,5474,5
822,8,5,57
5474,822,57,2236
5,5474,2236,211
57,5,211,70
2236,57,70,797
211,2236,797,2310
70,211,2310,13918
797,70,13918,1149
2310,797,1149,28
13918,2310,28,639
1149,13918,639,562
28,1149,562,15986
639,28,15986,1149
562,639,1149,5920
15986,562,5920,1399
1149,15986,1399,4420
5920,1149,4420,24731
1399,5920,24731,4
4420,1399,4,70
24731,4420,70,28
4,24731,28,639
70,4,639,2088
28,70,2088,17198
639,28,17198,508
2088,639,508,2
17198,2088,2,17773
508,17198,17773,75
2,508,75,22
17773,2,22,2156
75,17773,2156,6240
22,75,6240,3
2156,22,3,1599
6240,2156,1599,6
3,6240,6,34056
1599,3,34056,272
6,1599,272,88
34056,6,88,264
272,34056,264,1510
88,272,1510,324
264,88,324,128
1510,264,128,205
324,1510,205,6
128,324,6,2
205,128,2,339
6,205,339,15
2,6,15,3512
339,2,3512,2236
15,339,2236,18454
3512,15,18454,9712
2236,3512,9712,4
18454,2236,4,24701
9712,18454,24701,43976
4,9712,43976,161
24701,4,161,471
43976,24701,471,68
161,43976,68,50
471,161,50,489
68,471,489,19
50,68,19,1083
489,50,1083,9715
19,489,9715,430
1083,19,430,14
9715,1083,14,398
430,9715,398,6359
14,430,6359,4393
398,14,4393,256
6359,398,256,75
4393,6359,75,407
256,4393,407,15
75,256,15,159
407,75,159,293
15,407,293,2236
159,15,2236,1254
293,159,1254,89
2236,293,89,3
1254,2236,3,17
89,1254,17,177
3,89,177,5
17,3,5,2
177,17,2,151
5,177,151,5
2,5,5,1149
151,2,1149,2382
5,151,2382,31
1149,5,31,8624
2382,1149,8624,2236
31,2382,2236,4
8624,31,4,50
2236,8624,50,4809
4,2236,4809,50512
50,4,50512,3463
4809,50,3463,425
50512,4809,425,8
3463,50512,8,6247
425,3463,6247,7
8,425,7,178
6247,8,178,3
7,6247,3,17
178,7,17,4
3,178,4,693
17,3,693,5
4,17,5,2
693,4,2,508
5,693,508,1083
2,5,1083,1211
508,2,1211,31
1083,508,31,3248
1211,1083,3248,3
31,1211,3,5979
3248,31,5979,6
3,3248,6,4
5979,3,4,7
6,5979,7,1992
4,6,1992,2374
7,4,2374,3
1992,7,3,2
2374,1992,2,1009
3,2374,1009,703
2,3,703,9
1009,2,9,20415
703,1009,20415,1261
9,703,1261,151
20415,9,151,1109
1261,20415,1109,68363
151,1261,68363,28
1109,151,28,10
68363,1109,10,13
28,68363,13,47
10,28,47,6
13,10,6,1765
47,13,1765,15
6,47,15,6247
1765,6,6247,9
15,1765,9,41
6247,15,41,65
9,6247,65,103
41,9,103,66
65,41,66,75
103,65,75,11
66,103,11,908
75,66,908,1149
11,75,1149,625
908,11,625,427
1149,908,427,5
625,1149,5,9719
427,625,9719,89
5,427,89,10
9719,5,10,28
89,9719,28,8
10,89,8,6
28,10,6,11
8,28,11,1532
6,8,1532,1149
11,6,1149,4098
1532,11,4098,50
1149,1532,50,3330
4098,1149,3330,89
50,4098,89,24
3330,50,24,3807
89,3330,3807,3
24,89,3,133
3807,24,133,5
3,3807,5,22
133,3,22,1591
5,133,1591,5561
22,5,5561,120
1591,22,120,11
5561,1591,11,943
120,5561,943,3
11,120,3,80000
943,11,80000,42
3,943,42,3336
80000,3,3336,1224
42,80000,1224,23
3336,42,23,6788
1224,3336,6788,3681
23,1224,3681,111
6788,23,111,6
3681,6788,6,652
111,3681,652,1985
6,111,1985,120
652,6,120,6247
1985,652,6247,347
120,1985,347,7
6247,120,7,1532
347,6247,1532,3
7,347,3,18
1532,7,18,244
3,1532,244,2713
18,3,2713,6
244,18,6,2274
2713,244,2274,418
6,2713,418,5
2274,6,5,166
418,2274,166,2093
5,418,2093,753
166,5,753,536
2093,166,536,877
753,2093,877,300
536,753,300,36
877,536,36,28
300,877,28,26
36,300,26,7
28,36,7,116
26,28,116,64297
7,26,64297,25071
116,7,25071,76350
64297,116,76350,31
25071,64297,31,28
76350,25071,28,11
31,76350,11,244
28,31,244,6
11,28,6,418
244,11,418,9
6,244,9,66
418,6,66,14
9,418,14,3345
66,9,3345,23
14,66,23,83677
3345,14,83677,130
23,3345,130,155
83677,23,155,11
130,83677,11,134
155,130,134,693
11,155,693,310
134,11,310,4588
693,134,4588,49
310,693,49,435
4588,310,435,3
49,4588,3,49
435,49,49,3754
3,435,3754,20
49,3,20,7
3754,49,7,572
20,3754,572,20
7,20,20,7
572,7,7,50029
20,572,50029,8656
7,20,8656,5
50029,7,5,1039
8656,50029,1039,645
5,8656,645,10375
1039,5,10375,456
645,1039,456,28
10375,645,28,11
456,10375,11,14
28,456,14,2366
11,28,2366,229
14,11,229,6247
2366,14,6247,14
229,2366,14,223
6247,229,223,2
14,6247,2,151
223,14,151,5
2,223,5,534
151,2,534,652
5,151,652,78800
534,5,78800,31
652,534,31,3248
78800,652,3248,3
31,78800,3,278
3248,31,278,6
3,3248,6,37
278,3,37,5
6,278,5,81
37,6,81,16
5,37,16,84
81,5,84,550
16,81,550,211
84,16,211,6040
550,84,6040,60743
211,550,60743,7911
6040,211,7911,46892
60743,6040,46892,4
7911,60743,4,55078
46892,7911,55078,61294
4,46892,61294,48
55078,4,48,489
61294,55078,489,6
48,61294,6,28
489,48,28,6247
6,489,6247,1753
28,6,1753,14
6247,28,14,707
1753,6247,707,3
14,1753,3,8
707,14,8,5
3,707,5,57
8,3,57,1149
5,8,1149,4393
57,5,4393,4
1149,57,4,11694
4393,1149,11694,354
4,4393,354,8
11694,4,8,104
354,11694,104,756
8,354,756,16
104,8,16,48
756,104,48,10914
16,756,10914,8
48,16,8,26
10914,48,26,415
8,10914,415,541
26,8,541,24
415,26,24,6908
541,415,6908,49886
24,541,49886,16
6908,24,16,19
49886,6908,19,4
16,49886,4,529
19,16,529,31838
4,19,31838,3299
529,4,3299,45
31838,529,45,149
3299,31838,149,2820
45,3299,2820,11
149,45,11,1757
2820,149,1757,693
11,2820,693,310
1757,11,310,1000
693,1757,1000,3
310,693,3,20
1000,310,20,181
355,298,6832,9589
19,355,9589,5640
6832,19,5640,9577
9589,6832,9577,260
5640,9589,260,14032
9577,5640,14032,22
260,9577,22,26381
14032,260,26381,198
22,14032,198,745
26381,22,745,85
198,26381,85,523
745,198,523,5640
85,745,5640,9577
523,85,9577,13
5640,523,13,11606
9577,5640,11606,12
13,9577,12,22
11606,13,22,2162
12,11606,2162,9300
22,12,9300,2871
2162,22,2871,5043
9300,2162,5043,19
2871,9300,19,470
5043,2871,470,2
19,5043,2,6116
470,19,6116,5
2,470,5,717
6116,2,717,4
5,6116,4,68573
717,5,68573,1963
4,717,1963,5
68573,4,5,1076
1963,68573,1076,89731
5,1963,89731,4
1076,5,4,1193
89731,1076,1193,57
4,89731,57,60792
1193,4,60792,11097
57,1193,11097,77556
60792,57,77556,5
11097,60792,5,9577
77556,11097,9577,1045
5,77556,1045,1722
9577,5,1722,1427
1045,9577,1427,375
1722,1045,375,199
1427,1722,199,349
375,1427,349,126
199,375,126,7871
349,199,7871,555
126,349,555,22
7871,126,22,98918
555,7871,98918,11617
22,555,11617,601
98918,22,601,5
11617,98918,5,36766
601,11617,36766,29
5,601,29,13
36766,5,13,516
29,36766,516,3
13,29,3,93
516,13,93,12
3,516,12,10
93,3,10,341
12,93,341,20
10,12,20,66
341,10,66,7
20,341,7,396
66,20,396,44
7,66,44,7
396,7,7,948
44,396,948,89
7,44,89,28
948,7,28,18519
89,948,18519,39181
28,89,39181,573
18519,28,573,5
39181,18519,5,11993
573,39181,11993,9
5,573,9,3463
11993,5,3463,39
9,11993,39,20
3463,9,20,85
39,3463,85,13
20,39,13,47
85,20,47,4435
13,85,4435,86
47,13,86,9
4435,47,9,4703
86,4435,4703,2004
9,86,2004,5
4703,9,5,25441
2004,4703,25441,27289
5,2004,27289,4240
25441,5,4240,33
27289,25441,33,666
4240,27289,666,5133
33,4240,5133,3
666,33,3,276
5133,666,276,2
3,5133,2,704
276,3,704,37
2,276,37,51
704,2,51,2637
37,704,2637,881
51,37,881,7
2637,51,7,61
881,2637,61,3
7,881,3,261
61,7,261,21048
3,61,21048,10
261,3,10,340
21048,261,340,8263
10,21048,8263,1685
340,10,1685,89
8263,340,89,4771
1685,8263,4771,231
89,1685,231,4
4771,89,4,3186
231,4771,3186,1425
4,231,1425,968
3186,4,968,19997
1425,3186,19997,11
968,1425,11,5433
19997,968,5433,2
11,19997,2,3388
5433,11,3388,2248
2,5433,2248,410
3388,2,410,175
2248,3388,175,27
410,2248,27,4
175,410,4,32
27,175,32,30
4,27,30,72
32,4,72,56921
30,32,56921,806
72,30,806,231
56921,72,231,1112
806,56921,1112,11
231,806,11,19997
1112,231,19997,5091
11,1112,5091,30
19997,11,30,16
5091,19997,16,6806
30,5091,6806,100
16,30,100,89
6806,16,89,29
100,6806,29,5423
89,100,5423,10
29,89,10,10
5423,29,10,245
10,5423,245,201
10,10,201,31365
245,10,31365,30
201,245,30,219
31365,201,219,445
30,31365,445,3132
219,30,3132,3
445,219,3,642
3132,445,642,351
3,3132,351,24
642,3,24,89
351,642,89,126
24,351,126,11
89,24,11,483
126,89,483,631
11,126,631,3
483,11,3,2088
631,483,2088,93658
3,631,93658,36487
2088,3,36487,5
93658,2088,5,81
36487,93658,81,48
5,36487,48,100
81,5,100,5640
48,81,5640,9577
100,48,9577,85
5640,100,85,1203
9577,5640,1203,5640
85,9577,5640,9577
1203,85,9577,13
5640,1203,13,47
9577,5640,47,470
13,9577,470,3634
47,13,3634,367
470,47,367,170
3634,470,170,256
367,3634,256,372
170,367,372,99
256,170,99,85
372,256,85,592
99,372,592,69
85,99,69,4410
592,85,4410,25
69,592,25,2984
4410,69,2984,9568
25,4410,9568,8
2984,25,8,13976
9568,2984,13976,717
8,9568,717,91
13976,8,91,716
717,13976,716,3463
91,717,3463,4358
716,91,4358,9
3463,716,9,363
4358,3463,363,153
9,4358,153,9577
363,9,9577,7
153,363,7,486
9577,153,486,3
7,9577,3,17
486,7,17,86
3,486,86,42
17,3,42,3
86,17,3,319
42,86,319,20
3,42,20,61
319,3,61,2055
20,319,2055,24
61,20,24,11574
2055,61,11574,1045
24,2055,1045,31
11574,24,31,2985
1045,11574,2985,38
31,1045,38,11117
2985,31,11117,694
38,2985,694,3
11117,38,3,2
694,11117,2,7995
3,694,7995,7283
2,3,7283,10081
7995,2,10081,75
7283,7995,75,785
10081,7283,785,44
75,10081,44,10
785,75,10,7
44,785,7,486
10,44,486,8
7,10,8,9577
486,7,9577,34
8,486,34,11201
9577,8,11201,1010
34,9577,1010,5
11201,34,5,48
1010,11201,48,34577
5,1010,34577,54
48,5,54,121
34577,48,121,2521
54,34577,2521,198
121,54,198,72
2521,121,72,126
198,2521,126,22
72,198,22,235
126,72,235,9300
22,126,9300,14167
235,22,14167,9
9300,235,9,2
14167,9300,2,52305
9,14167,52305,6940
2,9,6940,85
52305,2,85,1119
6940,52305,1119,235
85,6940,235,205
1119,85,205,93
235,1119,93,325
205,235,325,10643
93,205,10643,1030
325,93,1030,6
10643,325,6,112
1030,10643,112,10317
6,1030,10317,207
112,6,207,466
10317,112,466,9
207,10317,9,361
466,207,361,53
9,466,53,16
361,9,16,1027
61,4501,942,9345
89202,61,9345,355
942,89202,355,884
9345,942,884,353
355,9345,353,2
884,355,2,2
353,884,2,1259
2,353,1259,109
2,2,109,15
1259,2,15,220
109,1259,220,244
15,109,244,323
220,15,323,2530
244,220,2530,12
323,244,12,2439
2530,323,2439,375
12,2530,375,75
2439,12,75,85
375,2439,85,78
75,375,78,69
85,75,69,146
78,85,146,10
69,78,10,168
146,69,168,318
10,146,318,261
168,10,261,157
318,168,157,4309
261,318,4309,2127
157,261,2127,782
4309,157,782,7
2127,4309,7,100
782,2127,100,4270
7,782,4270,273
100,7,273,220
4270,100,220,6177
273,4270,6177,4965
220,273,4965,167
6177,220,167,12
4965,6177,12,119
167,4965,119,3781
12,167,3781,393
119,12,393,545
3781,119,545,6
393,3781,6,1797
545,393,1797,29
6,545,29,1503
1797,6,1503,157
29,1797,157,564
1503,29,564,1561
157,1503,1561,9
564,157,9,15324
1561,564,15324,135
9,1561,135,328
15324,9,328,2036
135,15324,2036,9345
328,135,9345,24
2036,328,24,1503
9345,2036,1503,4218
24,9345,4218,4501
1503,24,4501,61
4218,1503,61,129
4501,4218,129,6
61,4501,6,1503
129,61,1503,75
6,129,75,190
1503,6,190,1311
75,1503,1311,1180
190,75,1180,9
1311,190,9,373
1180,1311,373,1180
9,1180,1180,6
373,9,6,2
1180,373,2,3681
6,1180,3681,41
2,6,41,65
3681,2,65,45
41,3681,45,50
65,41,50,350
45,65,350,6
50,45,6,1503
350,50,1503,2
6,350,2,217
1503,6,217,5
2,1503,5,4501
217,2,4501,20
5,217,20,66
4501,5,66,1881
20,4501,1881,3
66,20,3,41
1881,66,41,65
3,1881,65,129
41,3,129,898
65,41,898,183
129,65,183,1088
898,129,1088,128
183,898,128,66
1088,183,66,41
128,1088,41,65
66,128,65,45
41,66,45,18
65,41,18,47
45,65,47,489
18,45,489,6
47,18,6,312
489,47,312,25
6,489,25,239
312,6,239,20
25,312,20,66
239,25,66,184
20,239,184,3
66,20,3,561
184,66,561,5740
3,184,5740,19
561,3,19,4218
5740,561,4218,217
19,5740,217,5
4218,19,5,45
217,4218,45,350
5,217,350,6
45,5,6,1503
350,45,1503,20
6,350,20,66
1503,6,66,7
20,1503,7,41
66,20,41,65
7,66,65,2
41,7,2,589
65,41,589,898
2,65,898,51
589,2,51,10
898,589,10,14
51,898,14,20
10,51,20,60
14,10,60,128
20,14,128,66
60,20,66,24
128,60,24,3
66,128,3,184
24,66,184,3
3,24,3,4218
184,3,4218,561
3,184,561,1600
4218,3,1600,12266
561,4218,12266,307
1600,561,307,339
12266,1600,339,5
307,12266,5,2
339,307,2,5720
5,339,5720,176
2,5,176,643
5720,2,643,500
176,5720,500,128
643,176,128,355
500,643,355,367
128,500,367,170
355,128,170,220
367,355,220,18
170,367,18,47
220,170,47,7272
18,220,7272,351
47,18,351,23
7272,47,23,220
351,7272,220,6
23,351,6,1424
220,23,1424,217
6,220,217,87
1424,6,87,220
217,1424,220,244
87,217,244,323
220,87,323,36
244,220,36,271
323,244,271,24
36,323,24,466
271,36,466,1921
24,271,1921,3
466,24,3,500
1921,466,500,540
3,1921,540,45
500,3,45,50
540,500,50,489
45,540,489,4
50,45,4,57
489,50,57,50
4,489,50,2481
57,4,2481,6
50,57,6,643
2481,50,643,409
6,2481,409,1503
643,6,1503,6
409,643,6,1345
1503,409,1345,3
6,1503,3,2
1345,6,2,272
3,1345,272,350
2,3,350,3
272,2,3,439
350,272,439,19
3,350,19,176
439,3,176,12
19,439,12,747
176,19,747,176
12,176,176,28
747,12,28,223
176,747,223,2481
28,176,2481,14
223,28,14,2
2481,223,2,272
14,2481,272,31
2,14,31,14
272,2,14,4800
