4570,20,16422,8
4,4570,8,1292
16422,4,1292,489
8,16422,489,1039
1292,8,1039,15466
489,1292,15466,758
1039,489,758,2
15466,1039,2,2362
758,15466,2362,12
2,758,12,1063
2362,2,1063,1851
12,2362,1851,169
1063,12,169,6
1851,1063,6,22
169,1851,22,2844
6,169,2844,4674
22,6,4674,15466
2844,22,15466,1188
4674,2844,1188,2184
15466,4674,2184,8
1188,15466,8,874
2184,1188,874,40
8,2184,40,850
874,8,850,1783
40,874,1783,44167
850,40,44167,26
1783,850,26,396
44167,1783,396,3360
26,44167,3360,1663
396,26,1663,15466
3360,396,15466,481
1663,3360,481,4
15466,1663,4,1656
481,15466,1656,4306
4,481,4306,1039
1656,4,1039,14
4306,1656,14,2836
1039,4306,2836,19
14,1039,19,2
2836,14,2,2844
19,2836,2844,4674
2,19,4674,8
2844,2,8,9087
4674,2844,9087,6
8,4674,6,169
9087,8,169,24
6,9087,24,90
169,6,90,2734
24,169,2734,5
90,24,5,226
2734,90,226,119
5,2734,119,70
226,5,70,1351
119,226,1351,548
70,119,548,357
1351,70,357,5
548,1351,5,1114
357,548,1114,79
5,357,79,2313
1114,5,2313,5
79,1114,5,10144
2313,79,10144,2795
5,2313,2795,14
10144,5,14,551
2795,10144,551,579
14,2795,579,316
551,14,316,272
579,551,272,15
316,579,15,419
272,316,419,7
15,272,7,51
419,15,51,11
7,419,11,14
51,7,14,134
11,51,134,169
14,11,169,5
134,14,5,5674
169,134,5674,5721
5,169,5721,4
5674,5,4,1567
5721,5674,1567,243
4,5721,243,10
1567,4,10,6
243,1567,6,22
10,243,22,435
6,10,435,4
22,6,4,2436
435,22,2436,89
4,435,89,11
2436,4,11,14
89,2436,14,377
11,89,377,101
14,11,101,99020
377,14,99020,948
101,377,948,119
99020,101,119,39812
948,99020,39812,45693
119,948,45693,195
39812,119,195,16158
45693,39812,16158,6018
195,45693,6018,48
16158,195,48,5
6018,16158,5,95
48,6018,95,1503
5,48,1503,1440
95,5,1440,31
1503,95,31,196
1440,1503,196,102
31,1440,102,1039
196,31,1039,86560
102,196,86560,348
1039,102,348,4
86560,1039,4,16324
348,86560,16324,89
4,348,89,15
16324,4,15,1342
89,16324,1342,6
15,89,6,17273
1342,15,17273,1840
6,1342,1840,11
17273,6,11,68
1840,17273,68,5214
11,1840,5214,221
68,11,221,9
5214,68,9,10
221,5214,10,1391
9,221,1391,69
10,9,69,102
1391,10,102,1039
69,1391,1039,4
102,69,4,5987
1039,102,5987,3
4,1039,3,4027
5987,4,4027,207
3,5987,207,119
4027,3,119,70
207,4027,70,31
119,207,31,4634
70,119,4634,23
31,70,23,1116
4634,31,1116,75636
23,4634,75636,14
1116,23,14,462
75636,1116,462,8845
14,75636,8845,15466
462,14,15466,481
8845,462,481,5
15466,8845,5,4540
481,15466,4540,2599
5,481,2599,23
4540,5,23,1039
2599,4540,1039,272
23,2599,272,324
1039,23,324,12
272,1039,12,70
324,272,70,1303
12,324,1303,7798
70,12,7798,16253
1303,70,16253,174
7798,1303,174,11
16253,7798,11,10675
174,16253,10675,10
11,174,10,6
10675,11,6,464
10,10675,464,4
6,10,4,14
464,6,14,704
4,464,704,15
14,4,15,1342
704,14,1342,11
15,704,11,1732
1342,15,1732,10
11,1342,10,44
1732,11,44,11
10,1732,11,14
44,10,14,3107
11,44,3107,29
14,11,29,70
3107,14,70,900
29,3107,900,3
70,29,3,485
900,70,485,22
3,900,22,251
485,3,251,9
22,485,9,857
251,22,857,4
9,251,4,574
857,9,574,11662
4,857,11662,48
574,4,48,74
11662,574,74,20
48,11662,20,133
74,48,133,40
20,74,40,18460
133,20,18460,207
40,133,207,540
18460,40,540,736
207,18460,736,4
540,207,4,3754
736,540,3754,519
4,736,519,3
3754,4,3,2878
519,3754,2878,3255
3,519,3255,140
2878,3,140,26
3255,2878,26,40
140,3255,40,154
26,140,154,56
40,26,56,4
154,40,4,468
56,154,468,332
4,56,332,57
468,4,57,75
332,468,75,1569
57,332,1569,986
75,57,986,8
1569,75,8,2031
986,1569,2031,121
8,986,121,3217
2031,8,3217,61
121,2031,61,1039
3217,121,1039,31
61,3217,31,14
1039,61,14,852
31,1039,852,3716
14,31,3716,73
852,14,73,281
3716,852,281,70
73,3716,70,367
281,73,367,18
70,281,18,6
367,70,6,2
18,367,2,6637
6,18,6637,1433
2,6,1433,20
6637,2,20,14
1433,6637,14,42
20,1433,42,5
14,20,5,15466
42,14,15466,9962
5,42,9962,532
15466,5,532,82
9962,15466,82,4
532,9962,4,42
82,532,42,5
4,82,5,22
42,4,22,47683
5,42,47683,13217
22,5,13217,1943
47683,22,1943,1423
13217,47683,1423,5674
1943,13217,5674,13217
1423,1943,13217,5988
5674,1423,5988,5
13217,5674,5,5100
5988,13217,5100,1103
5,5988,1103,4
5100,5,4,2
1103,5100,2,719
4,1103,719,1423
2,4,1423,521
719,2,521,2288
1423,719,2288,2
521,1423,2,1851
2288,521,1851,9
2,2288,9,22
1851,2,22,2253
9,1851,2253,8
22,9,8,14
2253,22,14,507
8,2253,507,3
14,8,3,11128
507,14,11128,7316
3,507,7316,2
11128,3,2,361
7316,11128,361,272
2,7316,272,489
361,2,489,19
272,361,19,119
489,272,119,3565
19,489,3565,11
119,19,11,481
3565,119,481,119
11,3565,119,3565
481,11,3565,489
119,481,489,1656
3565,119,1656,4306
489,3565,4306,1039
1656,489,1039,6
4306,1656,6,14494
1039,4306,14494,23
6,1039,23,532
14494,6,532,100740
23,14494,100740,583
532,23,583,1656
100740,532,1656,4306
583,100740,4306,1039
1656,583,1039,14
4306,1656,14,361
1039,4306,361,272
14,1039,272,119
361,14,119,2795
272,361,2795,36
119,272,36,2795
2795,119,2795,14
36,2795,14,2
2795,36,2,3565
14,2795,3565,3
2,14,3,64574
3565,2,64574,13217
3,3565,13217,11624
64574,3,11624,169
13217,64574,169,5
11624,13217,5,119
169,11624,119,70
5,169,70,196
119,5,196,7005
70,119,7005,3
196,70,3,1217
7005,196,1217,623
3,7005,623,13217
1217,3,13217,2687
623,1217,2687,90
13217,623,90,156
2687,13217,156,3565
90,2687,3565,6
156,90,6,14494
3565,156,14494,54
6,3565,54,14
14494,6,14,2667
54,14494,2667,19
14,54,19,156
2667,14,156,2273
19,2667,2273,2633
156,19,2633,5
2273,156,5,8995
2633,2273,8995,2638
5,2633,2638,23
8995,5,23,9612
2638,8995,9612,639
23,2638,639,4
9612,23,4,23
639,9612,23,1039
4,639,1039,491
23,4,491,13
1039,23,13,17742
491,1039,17742,231
13,491,231,7432
17742,13,7432,312
231,17742,312,13217
7432,231,13217,27380
312,7432,27380,119
13217,312,119,70
27380,13217,70,3
119,27380,3,971
70,119,971,23
3,70,23,1217
971,3,1217,3940
23,971,3940,4
1217,23,4,4063
3940,1217,4063,119
4,3940,119,413
4063,4,413,82
119,4063,82,119
413,119,119,684
82,413,684,6
119,82,6,48
684,119,48,133
6,684,133,82
48,6,82,327
133,48,327,84
82,133,84,276
327,82,276,47894
84,327,47894,103
276,84,103,5
47894,276,5,226
103,47894,226,88
5,103,88,18725
226,5,18725,2048
88,226,2048,344
18725,88,344,139
2048,18725,139,14
344,2048,14,21
139,344,21,10144
14,139,10144,1698
21,14,1698,35
10144,21,35,2046
1698,10144,2046,209
35,1698,209,14
2046,35,14,8
209,2046,8,2
14,209,2,754
8,14,754,3974
2,8,3974,6
754,2,6,133
3974,754,133,8
6,3974,8,8366
133,6,8366,1217
8,133,1217,69040
8366,8,69040,376
1217,8366,376,57
69040,1217,57,2257
376,69040,2257,20
57,376,20,3280
2257,57,3280,1503
20,2257,1503,4218
3280,20,4218,11976
1503,3280,11976,23
4218,1503,23,1221
11976,4218,1221,15466
23,11976,15466,3259
1221,23,3259,1377
15466,1221,1377,5
3259,15466,5,651
1377,3259,651,1039
5,1377,1039,14
651,5,14,2
1039,651,2,512
14,1039,512,4
2,14,4,6
512,2,6,5
4,512,5,4
6,4,4,626
5,6,626,4218
4,5,4218,1301
626,4,1301,4460
4218,626,4460,12
1301,4218,12,1063
4460,1301,1063,82
12,4460,82,736
1063,12,736,5
82,1063,5,1039
736,82,1039,4576
5,736,4576,798
1039,5,798,5
4576,1039,5,43
798,4576,43,50
5,798,50,21
43,5,21,34778
50,43,34778,3
21,50,3,20
34778,21,20,994
3,34778,994,512
20,3,512,14494
994,20,14494,2790
512,994,2790,922
14494,512,922,68
2790,14494,68,2269
922,2790,2269,1938
68,922,1938,5
2269,68,5,2567
1938,2269,2567,5167
5,1938,5167,10
2567,5,10,14
5167,2567,14,179
10,5167,179,5
14,10,5,4
179,14,4,626
5,179,626,2
4,5,2,16580
626,4,16580,39231
2,626,39231,2582
16580,2,2582,634
39231,16580,634,2790
2582,39231,2790,922
634,2582,922,35317
2790,634,35317,12
922,2790,12,1063
35317,922,1063,6
12,35317,6,738
1063,12,738,2790
6,1063,2790,922
738,6,922,682
2790,738,682,13
922,2790,13,914
682,922,914,3
13,682,3,6225
914,13,6225,119
3,914,119,14494
6225,3,14494,79
119,6225,79,2
14494,119,2,16987
79,14494,16987,35
2,79,35,1458
16987,2,1458,13
35,16987,13,1512
1458,35,1512,9612
13,1458,9612,971
1512,13,971,9
9612,1512,9,282
971,9612,282,177
9,971,177,5
282,9,5,103
177,282,103,205
5,177,205,4
103,5,4,15028
205,103,15028,1039
4,205,1039,335
15028,4,335,3
1039,15028,3,3789
335,1039,3789,42662
3,335,42662,1458
3789,3,1458,28900
42662,3789,28900,4025
1458,42662,4025,82
28900,1458,82,54
4025,28900,54,13
82,4025,13,939
54,82,939,776
13,54,776,44
939,13,44,2
776,939,2,153
44,776,153,170
2,44,170,82
153,2,82,218
170,153,218,3
82,170,3,506
218,82,506,6
3,218,6,16867
506,3,16867,1217
6,506,1217,5045
16867,6,5045,6
1217,16867,6,2790
5045,1217,2790,922
6,5045,922,1065
2790,6,1065,12
922,2790,12,42
1065,922,42,417
12,1065,417,16580
42,12,16580,39231
417,42,39231,2582
16580,417,2582,634
39231,16580,634,472
2582,39231,472,5
634,2582,5,1775
472,634,1775,4
5,472,4,1217
1775,5,1217,2140
4,1775,2140,8
1217,4,8,25
2140,1217,25,1877
8,2140,1877,312
25,8,312,4
1877,25,4,39518
312,1877,39518,2
4,312,2,84
39518,4,84,10
2,39518,10,14
84,2,14,2058
10,84,2058,3
14,10,3,948
2058,14,948,2
3,2058,2,10223
948,3,10223,626
2,948,626,65
10223,2,65,3
626,10223,3,4654
65,626,4654,2
3,65,2,411
4654,3,411,8
2,4654,8,230
411,2,230,16
8,411,16,1217
230,8,1217,2140
16,230,2140,36
1217,16,36,419
2140,1217,419,581
36,2140,581,509
419,36,509,126
581,419,126,1039
509,581,1039,439
126,509,439,265
1039,126,265,3546
439,1039,3546,369
265,439,369,945
3546,265,945,106
369,3546,106,12
945,369,12,2
106,945,2,9224
12,106,9224,200
2,12,200,8
9224,2,8,13
200,9224,13,47
8,200,47,749
13,8,749,126
47,13,126,10
749,47,10,9
126,749,9,258
10,126,258,66
9,10,66,200
258,9,200,14
66,258,14,2254
200,66,2254,1178
14,200,1178,19
2254,14,19,117
1178,2254,117,2128
19,1178,2128,25
117,19,25,5
2128,117,5,3998
25,2128,3998,4
5,25,4,1232
3998,5,1232,19
4,3998,19,6733
1232,4,6733,881
19,1232,881,892
6733,19,892,59525
881,6733,59525,1927
892,881,1927,13663
59525,892,13663,24
1927,59525,24,3728
13663,1927,3728,8029
24,13663,8029,265
3728,24,265,3546
8029,3728,3546,369
265,8029,369,369
3546,265,369,3166
369,3546,3166,2
369,369,2,1122
3166,369,1122,3
2,3166,3,1018
1122,2,1018,10276
3,1122,10276,419
1018,3,419,1517
10276,1018,1517,369
419,10276,369,140
1517,419,140,1050
369,1517,1050,2
140,369,2,1122
1050,140,1122,3
2,1050,3,1984
1122,2,1984,419
3,1122,419,302
1984,3,302,1053
419,1984,1053,15
302,419,15,2
1053,302,2,1106
15,1053,1106,401
2,15,401,200
1106,2,200,10
401,1106,10,784
200,401,784,3
10,200,3,1507
784,10,1507,20
3,784,20,705
1507,3,705,140
20,1507,140,14121
705,20,14121,9
140,705,9,1571
14121,140,1571,4
9,14121,4,509
1571,9,509,394
4,1571,394,892
509,4,892,13655
394,509,13655,4840
892,394,4840,2045
13655,892,2045,22
4840,13655,22,2692
2045,4840,2692,23
22,2045,23,11160
2692,22,11160,5
23,2692,5,29747
11160,23,29747,39360
5,11160,39360,4
29747,5,4,3107
39360,29747,3107,1656
4,39360,1656,4306
3107,4,4306,1039
1656,3107,1039,75723
4306,1656,75723,747
1039,4306,747,1063
75723,1039,1063,369
747,75723,369,1118
1063,747,1118,285
369,1063,285,20
1118,369,20,60
285,1118,60,10
20,285,10,106
60,20,106,3
10,60,3,12915
106,10,12915,419
3,106,419,302
12915,3,302,1323
419,12915,1323,3
302,419,3,1106
1323,302,1106,401
3,1323,401,200
1106,3,200,29
401,1106,29,3
200,401,3,1666
29,200,1666,80
3,29,80,20
1666,3,20,2956
80,1666,2956,1108
20,80,1108,267
2956,20,267,5
1108,2956,5,419
267,1108,419,302
5,267,302,596
419,5,596,3
302,419,3,6094
596,302,6094,2692
3,596,2692,4
6094,3,4,7744
2692,6094,7744,8
4,2692,8,183
7744,4,183,44
8,7744,44,232
183,8,232,5
44,183,5,150
232,44,150,2692
5,232,2692,1648
150,5,1648,6490
2692,150,6490,993
1648,2692,993,2405
6490,1648,2405,28987
993,6490,28987,1925
2405,993,1925,9
28987,2405,9,528
1925,28987,528,1906
9,1925,1906,518
528,9,518,26
1906,528,26,40
518,1906,40,712
26,518,712,102
40,26,102,749
712,40,749,1053
102,712,1053,265
749,102,265,608
1053,749,608,3
265,1053,3,185
608,265,185,13909
3,608,13909,512
185,3,512,302
13909,185,302,4
512,13909,4,1106
302,512,1106,401
4,302,401,309
1106,4,309,20
401,1106,20,141
309,401,141,40
20,309,40,4886
141,20,4886,6809
40,141,6809,24
4886,40,24,2788
6809,4886,2788,419
24,6809,419,1018
2788,24,1018,48
419,2788,48,29811
1018,419,29811,419
48,1018,419,1517
29811,48,1517,4
419,29811,4,1937
1517,419,1937,2159
4,1517,2159,12
1937,4,12,856
2159,1937,856,14559
12,2159,14559,4455
856,12,4455,265
14559,856,265,893
4455,14559,893,200
265,4455,200,12
893,265,12,132
200,893,132,111
12,200,111,7
132,12,7,21
111,132,21,309
7,111,309,375
21,7,375,75
309,21,75,3128
375,309,3128,5
75,375,5,1208
3128,75,1208,2096
5,3128,2096,1884
1208,5,1884,42
2096,1208,42,44
1884,2096,44,75
42,1884,75,1884
44,42,1884,439
75,44,439,12
1884,75,12,860
439,1884,860,109
12,439,109,111
860,12,111,1507
109,860,1507,200
111,109,200,205
1507,111,205,394
200,1507,394,233
205,200,233,893
394,205,893,2
233,394,2,41
893,233,41,8056
2,893,8056,141
41,2,141,228
8056,41,228,419
141,8056,419,302
228,141,302,309
419,228,309,5
302,419,5,10
309,302,10,1868
5,309,1868,2
10,5,2,7929
1868,10,7929,213
2,1868,213,9
7929,2,9,419
213,7929,419,1911
9,213,1911,2171
419,9,2171,5953
1911,419,5953,217
2171,1911,217,12
5953,2171,12,537
217,5953,537,4
12,217,4,2649
537,12,2649,90
4,537,90,5
2649,4,5,1011
90,2649,1011,200
5,90,200,705
1011,5,705,20
200,1011,20,14
705,200,14,21199
20,705,21199,6
14,20,6,352
21199,14,352,5
6,21199,5,70
352,6,70,419
5,352,419,302
70,5,302,1053
419,70,1053,10
302,419,10,14
1053,302,14,1409
10,1053,1409,12852
14,10,12852,6
1409,14,6,19
12852,1409,19,2345
6,12852,2345,1705
19,6,1705,100
2345,19,100,1250
1705,2345,1250,309
100,1705,309,4179
1250,100,4179,540
309,1250,540,1915
4179,309,1915,12
540,4179,12,1063
1915,540,1063,109
12,1915,109,258
1063,12,258,44
109,1063,44,75
258,109,75,1039
44,258,1039,3128
75,44,3128,169
1039,75,169,5
3128,1039,5,70
169,3128,70,2373
5,169,2373,6
70,5,6,3446
2373,70,3446,3
6,2373,3,8666
3446,6,8666,6514
3,3446,6514,195
8666,3,195,7237
6514,8666,7237,3
195,6514,3,1039
7237,195,1039,9809
3,7237,9809,56
1039,3,56,6
9809,1039,6,220
56,9809,220,111
6,56,111,5
220,6,5,5097
111,220,5097,223
5,111,223,119
5097,5,119,7285
223,5097,7285,4
119,223,4,23
7285,119,23,166
4,7285,166,2191
23,4,2191,8
166,23,8,2396
2191,166,2396,10904
8,2191,10904,787
2396,8,787,226
10904,2396,226,735
787,10904,735,570
226,787,570,3
735,226,3,19851
570,735,19851,9
3,570,9,3708
19851,3,3708,5
9,19851,5,16253
3708,9,16253,90
5,3708,90,665
16253,5,665,195
90,16253,195,1266
665,90,1266,183
195,665,183,519
1266,195,519,8
183,1266,8,9
519,183,9,1039
8,519,1039,439
9,8,439,3
1039,9,3,18
439,1039,18,2
3,439,2,4347
18,3,4347,984
2,18,984,226
4347,2,226,816
984,4347,816,3
226,984,3,2495
816,226,2495,682
3,816,682,3
2495,3,3,1217
682,2495,1217,279
3,682,279,6
1217,3,6,137
279,1217,137,2
6,279,2,149
137,6,149,2
2,137,2,6
149,2,6,357
2,149,357,23
6,2,23,39
357,6,39,249
23,357,249,312
39,23,312,933
249,39,933,5
312,249,5,3420
933,312,3420,347
5,933,347,82127
3420,5,82127,6561
347,3420,6561,8220
82127,347,8220,873
6561,82127,873,8
8220,6561,8,1039
873,8220,1039,439
8,873,439,34
1039,8,34,17
439,1039,17,22915
34,439,22915,52
17,34,52,10
22915,17,10,6562
52,22915,6562,119
10,52,119,543
6562,10,543,3
119,6562,3,4
543,119,4,5596
3,543,5596,3511
4,3,3511,338
5596,4,338,297
3511,5596,297,9304
338,3511,9304,963
297,338,963,97168
9304,297,97168,5
963,9304,5,70
97168,963,70,1048
5,97168,1048,369
70,5,369,596
1048,70,596,10
369,1048,10,34
596,369,34,17
10,596,17,2
34,10,2,306
17,34,306,28188
2,17,28188,5
306,2,5,22
28188,306,22,3420
5,28188,3420,320
22,5,320,52
3420,22,52,233
320,3420,233,5
52,320,5,143
233,52,143,35
5,233,35,4
143,5,4,553
35,143,553,5
4,35,5,20
553,4,20,226
5,553,226,25
20,5,25,21
226,20,21,1406
25,226,1406,174
21,25,174,19
1406,21,19,1930
174,1406,1930,5161
19,174,5161,59824
1930,19,59824,9
5161,1930,9,54
59824,5161,54,11
9,59824,11,2993
54,9,2993,22
11,54,22,290
2993,11,290,262
22,2993,262,2093
290,22,2093,842
262,290,842,283
2093,262,283,2744
842,2093,2744,2927
283,842,2927,14086
2744,283,14086,534
2927,2744,534,2
14086,2927,2,658
