4,310,2040,5
1500,4,5,1066
2040,1500,1066,805
5,2040,805,5
1066,5,5,764
805,1066,764,1260
5,805,1260,29
764,5,29,21
1260,764,21,27
29,1260,27,650
21,29,650,1273
27,21,1273,13
650,27,13,47
1273,650,47,4804
13,1273,4804,166
47,13,166,74
4804,47,74,268
166,4804,268,32044
74,166,32044,1273
268,74,1273,7
32044,268,7,2406
1273,32044,2406,10
7,1273,10,764
2406,7,764,3056
10,2406,3056,457
764,10,457,2042
3056,764,2042,22
457,3056,22,69
2042,457,69,802
22,2042,802,134
69,22,134,390
802,69,390,442
134,802,442,1571
390,134,1571,8
442,390,8,27
1571,442,27,34
8,1571,34,96
27,8,96,22
34,27,22,1260
96,34,1260,466
22,96,466,6
1260,22,6,39
466,1260,39,21059
6,466,21059,394
39,6,394,1824
21059,39,1824,7
394,21059,7,34
1824,394,34,17
7,1824,17,395
34,7,395,1260
17,34,1260,5
395,17,5,130
1260,395,130,823
5,1260,823,127
130,5,127,1306
823,130,1306,12
127,823,12,466
1306,127,466,23
12,1306,23,6
466,12,6,3160
23,466,3160,829
6,23,829,3
3160,6,3,65552
829,3160,65552,2133
3,829,2133,287
65552,3,287,13
2133,65552,13,21
287,2133,21,321
13,287,321,146
21,13,146,2
321,21,2,764
146,321,764,335
2,146,335,29
764,2,29,11
335,764,11,28
29,335,28,6
11,29,6,4
28,11,4,407
6,28,407,15
4,6,15,421
407,4,421,39
15,407,39,5480
421,15,5480,4462
39,421,4462,8
5480,39,8,11
4462,5480,11,14
8,4462,14,31591
11,8,31591,22
14,11,22,70781
31591,14,70781,10638
22,31591,10638,10
70781,22,10,83
10638,70781,83,7
10,10638,7,242
83,10,242,7
7,83,7,569
242,7,569,23
7,242,23,258
569,7,258,1497
23,569,1497,378
258,23,378,29
1497,258,29,6
378,1497,6,130
29,378,130,83
6,29,83,634
130,6,634,7
83,130,7,584
634,83,584,353
7,634,353,1144
584,7,1144,37
353,584,37,103
1144,353,103,11
37,1144,11,2068
103,37,2068,13
11,103,13,1016
2068,11,1016,268
13,2068,268,363
1016,13,363,44
268,1016,44,1525
363,268,1525,947
44,363,947,595
1525,44,595,438
947,1525,438,2151
595,947,2151,2
438,595,2,1725
2151,438,1725,296
2,2151,296,12
1725,2,12,69
296,1725,69,1455
12,296,1455,4
69,12,4,16987
1455,69,16987,10846
4,1455,10846,5
16987,4,5,22
10846,16987,22,1273
5,10846,1273,835
22,5,835,2
1273,22,2,7352
835,1273,7352,9
2,835,9,7758
7352,2,7758,4
9,7352,4,4220
7758,9,4220,8519
4,7758,8519,4
4220,4,4,898
8519,4220,898,48
4,8519,48,2
898,4,2,478
48,898,478,3
2,48,3,96
478,2,96,2
3,478,2,20531
96,3,20531,2
2,96,2,541
20531,2,541,4
2,20531,4,110
541,2,110,442
4,541,442,5046
110,4,5046,2
442,110,2,152
5046,442,152,55316
2,5046,55316,3726
152,2,3726,5
55316,152,5,24105
3726,55316,24105,1925
5,3726,1925,6
24105,5,6,6262
1925,24105,6262,2263
6,1925,2263,716
6262,6,716,8592
2263,6262,8592,5
716,2263,5,69
8592,716,69,15
5,8592,15,523
69,5,523,4
15,69,4,14565
523,15,14565,1563
4,523,1563,9
14565,4,9,2
1563,14565,2,7048
9,1563,7048,5
2,9,5,27
7048,2,27,36
5,7048,36,98
27,5,98,5
36,27,5,22
98,36,22,451
5,98,451,438
22,5,438,2151
451,22,2151,3091
438,451,3091,438
2151,438,438,12790
3091,2151,12790,37
438,3091,37,159
12790,438,159,738
37,12790,738,883
159,37,883,71798
738,159,71798,1224
883,738,1224,23
71798,883,23,1035
1224,71798,1035,11267
23,1224,11267,556
1035,23,556,629
11267,1035,629,4
556,11267,4,2686
629,556,2686,23880
4,629,23880,37
2686,4,37,51
23880,2686,51,475
37,23880,475,621
51,37,621,6
475,51,6,1364
621,475,1364,9
6,621,9,70469
1364,6,70469,1358
9,1364,1358,31
70469,9,31,26198
1358,70469,26198,61
31,1358,61,590
26198,31,590,5
61,26198,5,451
590,61,451,823
5,590,823,127
451,5,127,287
823,451,287,75
127,823,75,749
287,127,749,851
75,287,851,322
749,75,322,60
851,749,60,15
322,851,15,27
60,322,27,6
15,60,6,128
27,15,128,281
6,27,281,27302
128,6,27302,27
281,128,27,2418
27302,281,2418,7242
27,27302,7242,61
2418,27,61,12869
7242,2418,12869,974
61,7242,974,15
12869,61,15,2
974,12869,2,1475
15,974,1475,2632
2,15,2632,1413
1475,2,1413,3
2632,1475,3,1316
1413,2632,1316,270
3,1413,270,1487
1316,3,1487,29
270,1316,29,131
1487,270,131,92665
29,1487,92665,27
131,29,27,634
92665,131,634,21
27,92665,21,321
634,27,321,146
21,634,146,61
321,21,61,7758
146,321,7758,1065
61,146,1065,769
7758,61,769,12
1065,7758,12,912
769,1065,912,51
12,769,51,359
912,12,359,5
51,912,5,5451
359,51,5451,202
5,359,202,2133
5451,5,2133,287
202,5451,287,7
2133,202,7,615
287,2133,615,9
7,287,9,6
615,7,6,2
9,615,2,438
6,9,438,80085
2,6,80085,5
438,2,5,911
80085,438,911,194
5,80085,194,7
911,5,7,229
194,911,229,11
7,194,11,34
229,7,34,7348
11,229,7348,9
34,11,9,480
7348,34,480,15
9,7348,15,2
480,9,2,2326
15,480,2326,2
2,15,2,2
2326,2,2,1177
2,2326,1177,58443
2,2,58443,31
1177,2,31,77
58443,1177,77,1361
31,58443,1361,89
77,31,89,6
1361,77,6,152
89,1361,152,4
6,89,4,25195
152,6,25195,162
4,152,162,78
25195,4,78,32
162,25195,32,36
78,162,36,52
32,78,52,11
36,32,11,34
52,36,34,1386
11,52,1386,480
34,11,480,2197
1386,34,2197,2
480,1386,2,2
2197,480,2,4769
2,2197,4769,105
2,2,105,1120
4769,2,1120,31
105,4769,31,77
1120,105,77,611
31,1120,611,41
77,31,41,39945
611,77,39945,3
41,611,3,22
39945,41,22,5526
3,39945,5526,33997
22,3,33997,333
5526,22,333,28
33997,5526,28,27
333,33997,27,14
28,333,14,2
27,28,2,1145
14,27,1145,4
2,14,4,891
1145,2,891,1191
4,1145,1191,631
891,4,631,159
1191,891,159,1554
631,1191,1554,1540
159,631,1540,51305
1554,159,51305,502
1540,1554,502,1511
51305,1540,1511,24
502,51305,24,48
1511,502,48,210
24,1511,210,27
48,24,27,134
210,48,134,444
27,210,444,401
134,27,401,1269
444,134,1269,298
401,444,298,286
1269,401,286,11
298,1269,11,14
286,298,14,21
11,286,21,6
14,11,6,6262
21,14,6262,12
6,21,12,442
6262,6,442,891
12,6262,891,42
442,12,42,5
891,442,5,99
42,891,99,372
5,42,372,629
99,5,629,3
372,99,3,142
629,372,142,27
3,629,27,126
142,3,126,11
27,142,11,1692
126,27,1692,499
11,126,499,7
1692,11,7,165
499,1692,165,131
7,499,131,136
165,7,136,203
131,165,203,2843
136,131,2843,1373
203,136,1373,333
2843,203,333,134
1373,2843,134,34495
333,1373,34495,4125
134,333,4125,7
34495,134,7,891
4125,34495,891,42
7,4125,42,333
891,7,333,28
42,891,28,39
333,42,39,1369
28,333,1369,498
39,28,498,757
1369,39,757,44
498,1369,44,6
757,498,6,13538
44,757,13538,518
6,44,518,6
13538,6,6,197
518,13538,197,2
6,518,2,11
197,6,11,345
2,197,345,27
11,2,27,2552
345,11,2552,97850
27,345,97850,957
2552,27,957,5
97850,2552,5,22
957,97850,22,17210
5,957,17210,15
22,5,15,891
17210,22,891,15
15,17210,15,894
891,15,894,363
15,891,363,333
894,15,333,28
363,894,28,11
333,363,11,358
28,333,358,207
11,28,207,13534
358,11,13534,468
207,358,468,33
13534,207,33,1079
468,13534,1079,891
33,468,891,7
1079,33,7,2031
891,1079,2031,7
7,891,7,821
2031,7,821,73
7,2031,73,2
821,7,2,241
73,821,241,60
2,73,60,11
241,2,11,2
60,241,2,896
11,60,896,1604
2,11,1604,11
896,2,11,2
1604,896,2,201
11,1604,201,756
2,11,756,19
201,2,19,107
756,201,107,2
19,756,2,182
107,19,182,5
2,107,5,45
182,2,45,25
5,182,25,610
45,5,610,8
25,45,8,11
610,25,11,28
8,610,28,12
11,8,12,421
28,11,421,39621
12,28,39621,12
421,12,12,442
39621,421,442,27
12,39621,27,134
442,12,134,421
27,442,421,7
134,27,7,72
421,134,72,14
7,421,14,3
72,7,3,1306
14,72,1306,61
3,14,61,2031
1306,3,2031,8
61,1306,8,2593
2031,61,2593,31
8,2031,31,1942
2593,8,1942,7
31,2593,7,569
1942,31,569,21
7,1942,21,615
569,7,615,9
21,569,9,4
615,21,4,167
9,615,167,1736
4,9,1736,3034
167,4,3034,7
1736,167,7,569
3034,1736,569,615
7,3034,615,9
569,7,9,2031
615,569,2031,8
9,615,8,245
2031,9,245,610
8,2031,610,51
245,8,51,50
610,245,50,631
51,610,631,44360
50,51,44360,52
631,50,52,27
44360,631,27,14
52,44360,14,480
27,52,480,41
14,27,41,2568
480,14,2568,11
41,480,11,77
2568,41,77,484
11,2568,484,3
77,11,3,1358
484,77,1358,1316
3,484,1316,498
1358,3,498,13
1316,1358,13,2903
498,1316,2903,15
13,498,15,338
2903,13,338,222
15,2903,222,31
338,15,31,16
222,338,16,223
31,222,223,88
16,31,88,3685
223,16,3685,5
88,223,5,58
3685,88,58,97
5,3685,97,5815
58,5,5815,455
97,58,455,10725
5815,97,10725,4
455,5815,4,1358
10725,455,1358,1118
4,10725,1118,3499
1358,4,3499,126
1118,1358,126,2
3499,1118,2,2240
126,3499,2240,6
2,126,6,6262
2240,2,6262,12
6,2240,12,298
6262,6,298,1571
12,6262,1571,4
298,12,4,140
1571,298,140,1358
4,1571,1358,295
140,4,295,2
1358,140,2,101234
295,1358,101234,23
2,295,23,2
101234,2,2,712
23,101234,712,6
2,23,6,2737
712,2,2737,32070
6,712,32070,27
2737,6,27,4
32070,2737,4,1358
27,32070,1358,8453
4,27,8453,570
1358,4,570,23
8453,1358,23,1035
570,8453,1035,11267
23,570,11267,6
1035,23,6,6262
11267,1035,6262,3266
6,11267,3266,268
6262,6,268,81435
3266,6262,81435,333
268,3266,333,349
81435,268,349,3
333,81435,3,1358
349,333,1358,134
3,349,134,390
1358,3,390,39234
134,1358,39234,3121
390,134,3121,8
39234,390,8,59
3121,39234,59,331
8,3121,331,37
59,8,37,823
331,59,823,127
37,331,127,237
823,37,237,10
127,823,10,507
237,127,507,488
10,237,488,73
507,10,73,1358
488,507,1358,29
73,488,29,2158
1358,73,2158,4703
29,1358,4703,11477
2158,29,11477,5
4703,2158,5,1829
11477,4703,1829,15
5,11477,15,272
1829,5,272,395
15,1829,395,335
272,15,335,26
395,272,26,2453
335,395,2453,20
26,335,20,7
2453,26,7,27
20,2453,27,30
7,20,30,16
27,7,16,631
30,27,631,44379
16,30,44379,390
631,16,390,331
44379,631,331,62
390,44379,62,5536
331,390,5536,15
62,331,15,1358
5536,62,1358,30
15,5536,30,12
1358,15,12,442
30,1358,442,27
12,30,27,726
442,12,726,2
27,442,2,14688
726,27,14688,4
2,726,4,871
14688,2,871,28
4,14688,28,3508
871,4,3508,14
28,871,14,11207
3508,28,11207,29
14,3508,29,453
11207,14,453,8
29,11207,8,1143
453,29,1143,13
8,453,13,321
1143,8,321,3
13,1143,3,5624
321,13,5624,22
3,321,22,335
5624,3,335,12
22,5624,12,2
335,22,2,438
12,335,438,80072
2,12,80072,298
438,2,298,712
80072,438,712,1358
298,80072,1358,4545
712,298,4545,32
1358,712,32,254
4545,1358,254,8
32,4545,8,3
254,32,3,11014
8,254,11014,437
3,8,437,5
11014,3,5,221
437,11014,221,7
5,437,7,113
221,5,113,10
7,221,10,40
113,7,40,17
10,113,17,1581
40,10,1581,6403
17,40,6403,3
1581,17,3,1595
6403,1581,1595,78
3,6403,78,32
1595,3,32,2
78,1595,2,25962
32,78,25962,442
2,32,442,1921
25962,2,1921,1358
442,25962,1358,28
1921,442,28,11
1358,1921,11,14
28,1358,14,6504
11,28,6504,3
14,11,3,17
6504,14,17,2
3,6504,2,177
17,3,177,5
2,17,5,92149
177,2,92149,947
5,177,947,10
92149,5,10,131
947,92149,131,3132
10,947,3132,2843
131,10,2843,11
3132,131,11,134
2843,3132,134,523
11,2843,523,6
134,11,6,4204
523,134,4204,4991
6,523,4991,1316
4204,6,1316,7
4991,4204,7,569
1316,4991,569,72
7,1316,72,5897
569,7,5897,3
72,569,3,17
5897,72,17,12
3,5897,12,8
17,3,8,78450
12,17,78450,595
8,12,595,970
78450,8,970,2417
595,78450,2417,1266
970,595,1266,3276
2417,970,3276,1673
1266,2417,1673,9
3276,1266,9,1316
1673,3276,1316,498
9,1673,498,12
1316,9,12,442
498,1316,442,30217
12,498,30217,182
442,12,182,5
30217,442,5,45
182,30217,45,31
5,182,31,16
45,5,16,2
31,45,2,334
16,31,334,20097
2,16,20097,37
334,2,37,138
20097,334,138,27
37,20097,27,40
138,37,40,488
27,138,488,6757
40,27,6757,631
488,40,631,15
6757,488,15,1358
631,6757,1358,2417
15,631,2417,134
1358,15,134,421
2417,1358,421,39
134,2417,39,130
421,134,130,1594
39,421,1594,7
130,39,7,1776
1594,130,1776,382
7,1594,382,7
1776,7,7,569
382,1776,569,4
7,382,4,87293
569,7,87293,27
4,569,27,871
87293,4,871,301
27,87293,301,1794
871,27,1794,2568
301,871,2568,2881
1794,301,2881,8
2568,1794,8,1358
2881,2568,1358,77
8,2881,77,2943
1358,8,2943,36
77,1358,36,1248
2943,77,1248,43379
36,2943,43379,58
1248,36,58,2133
43379,1248,2133,287
58,43379,287,12
2133,58,12,3738
287,2133,3738,6
12,287,6,209
3738,12,209,20
6,3738,20,417
209,6,417,28
20,209,28,454
417,20,454,89
28,417,89,2
454,28,2,2
89,454,2,41
2,89,41,26294
2,2,26294,438
41,2,438,2151
26294,41,2151,77
438,26294,77,6206
2151,438,6206,27
77,2151,27,3
6206,77,3,247
27,6206,247,80
3,27,80,41
247,3,41,102432
80,247,102432,7
41,80,7,21
102432,41,21,110
7,102432,110,3
21,7,3,155
110,21,155,4
3,110,4,1361
155,3,1361,27
4,155,27,107
1361,4,107,11
27,1361,11,147
107,27,147,10
11,107,10,107
147,11,107,2
10,147,2,3653
107,10,3653,36
2,107,36,2
3653,2,2,891
36,3653,891,40
2,36,40,36
891,2,36,80
40,891,80,107
36,40,107,2
80,36,2,1688
107,80,1688,13
2,107,13,871
1688,2,871,12896
13,1688,12896,812
871,13,812,16
12896,871,16,11393
812,12896,11393,27
16,812,27,3
11393,16,3,1306
27,11393,1306,2417
3,27,2417,2
1306,3,2,22
2417,1306,22,823
2,2417,823,22807
22,2,22807,333
823,22,333,349
22807,823,349,3
333,22807,3,10568
349,333,10568,8732
3,349,8732,134
10568,3,134,390
8732,10568,390,8
134,8732,8,4117
390,134,4117,6833
8,390,6833,957
4117,8,957,3
6833,4117,3,27
957,6833,27,4
3,957,4,28
27,3,28,8
4,27,8,11
28,4,11,73
8,28,73,83703
11,8,83703,11477
73,11,11477,5
83703,73,5,35
11477,83703,35,5
5,11477,5,1091
35,5,1091,27
5,35,27,14
1091,5,14,165
27,1091,165,395
14,27,395,251
165,14,251,3
395,165,3,45
251,395,45,6
3,251,6,264
45,3,264,16695
6,45,16695,80
264,6,80,1123
16695,264,1123,56
80,16695,56,285
1123,80,285,3
56,1123,3,10501
285,56,10501,3480
3,285,3480,269
10501,3,269,5
3480,10501,5,35
269,3480,35,203
5,269,203,159
35,5,159,63
203,35,63,575
159,203,575,978
63,159,978,189
575,63,189,75
978,575,75,2
189,978,2,812
75,189,812,1397
2,75,1397,89
812,2,89,3
1397,812,3,96
89,1397,96,251
3,89,251,74
96,3,74,1180
251,96,1180,3480
74,251,3480,286
1180,74,286,115
3480,1180,115,14
286,3480,14,262
115,286,262,184
14,115,184,3
262,14,3,2
184,262,2,1321
3,184,1321,333
2,3,333,1632
1321,2,1632,15
333,1321,15,30873
1632,333,30873,2
15,1632,2,2240
30873,15,2240,6
2,30873,6,13105
2240,2,13105,128
6,2240,128,1180
13105,6,1180,39
128,13105,39,249
1180,128,249,60
39,1180,60,425
249,39,425,59
60,249,59,4
425,60,4,4192
59,425,4192,1094
4,59,1094,10501
4192,4,10501,3480
1094,4192,3480,159
10501,1094,159,269
3480,10501,269,5
159,3480,5,35
269,159,35,371
5,269,371,27
35,5,27,28
371,35,28,26
27,371,26,13
28,27,13,22176
26,28,22176,841
13,26,841,74
22176,13,74,386
841,22176,386,124
299,470,112,1070
5,299,1070,283
112,5,283,1125
1070,112,1125,107
283,1070,107,2
1125,283,2,26830
107,1125,26830,82
2,107,82,19901
26830,2,19901,641
82,26830,641,82
19901,82,82,109
641,19901,109,19
82,641,19,15192
109,82,15192,1419
19,109,1419,886
15192,19,886,473
1419,15192,473,318
886,1419,318,109
473,886,109,23
318,473,23,303
109,318,303,13812
23,109,13812,325
303,23,325,686
13812,303,686,9
325,13812,9,1070
686,325,1070,283
9,686,283,27413
1070,9,27413,23928
283,1070,23928,1070
27413,283,1070,283
23928,27413,283,686
1070,23928,686,8
283,1070,8,1778
686,283,1778,7131
8,686,7131,361
1778,8,361,1277
7131,1778,1277,22340
361,7131,22340,22346
1277,361,22346,15005
22340,1277,15005,3262
22346,22340,3262,2111
15005,22346,2111,1070
3262,15005,1070,25390
2111,3262,25390,1125
1070,2111,1125,1641
25390,1070,1641,1563
1125,25390,1563,3212
1641,1125,3212,4404
1563,1641,4404,7131
3212,1563,7131,39971
4404,3212,39971,16209
7131,4404,16209,11003
39971,7131,11003,5438
16209,39971,5438,1072
11003,16209,1072,789
5438,11003,789,112
1072,5438,112,1070
789,1072,1070,2817
112,789,2817,832
1070,112,832,2817
2817,1070,2817,326
832,2817,326,23410
2817,832,23410,59
326,2817,59,88
23410,326,88,45
59,23410,45,113
88,59,113,37
45,88,37,38
113,45,38,1070
37,113,1070,283
38,37,283,99
1070,38,99,148
283,1070,148,8
99,283,8,154
148,99,154,3
8,148,3,634
154,8,634,7
3,154,7,229
634,3,229,36
7,634,36,21
229,7,21,26
36,229,26,147
21,36,147,3
26,21,3,2521
147,26,2521,12080
3,147,12080,782
2521,3,782,112
12080,2521,112,1641
782,12080,1641,7
112,782,7,2
