150,38,6,197
71951,150,197,27
6,71951,27,77217
197,6,77217,228
27,197,228,9
77217,27,9,4530
228,77217,4530,1798
9,228,1798,5
4530,9,5,1277
1798,4530,1277,1599
5,1798,1599,122
1277,5,122,8484
1599,1277,8484,8
122,1599,8,7
8484,122,7,21
8,8484,21,72
7,8,72,2
21,7,2,215
72,21,215,1151
2,72,1151,29
215,2,29,2
1151,215,2,7795
29,1151,7795,56186
2,29,56186,738
7795,2,738,8
56186,7795,8,13
738,56186,13,8589
8,738,8589,136
13,8,136,5
8589,13,5,43
136,8589,43,92
5,136,92,170
43,5,170,313
92,43,313,73
170,92,73,27
313,170,27,7
73,313,7,2536
27,73,2536,1095
7,27,1095,3
2536,7,3,6233
1095,2536,6233,2
3,1095,2,281
6233,3,281,354
2,6233,354,24
281,2,24,638
354,281,638,193
24,354,193,4
638,24,4,57
193,638,57,222
4,193,222,31
57,4,31,18
222,57,18,47
31,222,47,3857
18,31,3857,104
47,18,104,139
3857,47,139,1075
104,3857,1075,127
139,104,127,69
1075,139,69,548
127,1075,548,301
69,127,301,2275
548,69,2275,5724
301,548,5724,491
2275,301,491,19
5724,2275,19,254
491,5724,254,11
19,491,11,34
254,19,34,2502
11,254,2502,15
34,11,15,250
2502,34,250,342
15,2502,342,224
250,15,224,11
342,250,11,1992
224,342,1992,5427
11,224,5427,2853
1992,11,2853,2113
5427,1992,2113,3
2853,5427,3,3390
2113,2853,3390,10
3,2113,10,100734
3390,3,100734,7
10,3390,7,64
100734,10,64,107
7,100734,107,3
64,7,3,1287
107,64,1287,1277
3,107,1277,1599
1287,3,1599,261
1277,1287,261,15754
1599,1277,15754,2030
261,1599,2030,5290
15754,261,5290,5
2030,15754,5,1052
5290,2030,1052,991
5,5290,991,8
1052,5,8,71
991,1052,71,4495
8,991,4495,2
71,8,2,269
4495,71,269,32
2,4495,32,34237
269,2,34237,911
32,269,911,6968
34237,32,6968,24
911,34237,24,27
6968,911,27,238
24,6968,238,188
27,24,188,381
238,27,381,121
188,238,121,17
381,188,17,8
121,381,8,86
17,121,86,1841
8,17,1841,94
86,8,94,15
1841,86,15,2
94,1841,2,222
15,94,222,93833
2,15,93833,238
222,2,238,188
93833,222,188,1080
238,93833,1080,9
188,238,9,270
1080,188,270,447
9,1080,447,7
270,9,7,638
447,270,638,28079
7,447,28079,381
638,7,381,14
28079,638,14,5258
381,28079,5258,9
14,381,9,8
5258,14,8,337
9,5258,337,46924
8,9,46924,32086
337,8,32086,7
46924,337,7,2
32086,46924,2,232
7,32086,232,5
2,7,5,193
232,2,193,150
5,232,150,214
193,5,214,902
150,193,902,11
214,150,11,14
902,214,14,2
11,902,2,35
14,11,35,216
2,14,216,669
35,2,669,2576
216,35,2576,6
669,216,6,575
2576,669,575,978
6,2576,978,189
575,6,189,252
978,575,252,4
189,978,4,2
252,189,2,188
4,252,188,2576
2,4,2576,12
188,2,12,3104
2576,188,3104,4
12,2576,4,2417
3104,12,2417,127
4,3104,127,69
2417,4,69,11
127,2417,11,7
69,127,7,824
11,69,824,5
7,11,5,1942
824,7,1942,191
5,824,191,175
1942,5,175,3189
191,1942,3189,4
175,191,4,124
3189,175,124,17467
4,3189,17467,563
34,51,27,25
138,34,25,52
27,138,52,11
25,27,11,689
52,25,689,85
11,52,85,6
689,11,6,2
85,689,2,153
6,85,153,4
2,6,4,2
153,2,2,727
4,153,727,24
2,4,24,84
727,2,84,2
24,727,2,88
84,24,88,199
2,84,199,1337
88,2,1337,11
199,88,11,13
1337,199,13,260
11,1337,260,873
13,11,873,8
260,13,8,11
873,260,11,34
8,873,34,1283
11,8,1283,284
34,11,284,82
1283,34,82,29
284,1283,29,86
82,284,86,52
29,82,52,11
86,29,11,192
52,86,192,8
11,52,8,1173
192,11,1173,73
8,192,73,2
1173,8,2,1955
73,1173,1955,29
2,73,29,10
1955,2,10,7
29,1955,7,239
10,29,239,24
7,10,24,118
239,7,118,2
24,239,2,1955
118,24,1955,27
2,118,27,13
1955,2,13,260
27,1955,260,510
13,27,510,8
260,13,8,85
510,260,85,7
8,510,7,1502
85,8,1502,550
7,85,550,16
1502,7,16,360
550,1502,360,4
16,550,4,48
360,16,48,550
4,360,550,106
48,4,106,9
550,48,9,78
106,550,78,32
9,106,32,987
78,9,987,1489
32,78,1489,369
987,32,369,16
1489,987,16,1536
369,1489,1536,987
16,369,987,1115
1536,16,1115,4698
987,1536,4698,284
1115,987,284,64
4698,1115,64,8
284,4698,8,7
64,284,7,21
8,64,21,2
7,8,2,1955
21,7,1955,21
2,21,21,23
1955,2,23,48
21,1955,48,20
23,21,20,7
48,23,7,21
20,48,21,2
7,20,2,1955
21,7,1955,87
2,21,87,27
1955,2,27,929
87,1955,929,793
27,87,793,5
929,27,5,169
793,929,169,5
5,793,5,70
169,5,70,31
5,169,31,2994
70,5,2994,3
31,70,3,1058
2994,31,1058,16505
3,2994,16505,5
1058,3,5,119
16505,1058,119,684
5,16505,684,54
119,5,54,119
684,119,119,698
54,684,698,91
119,54,91,3
698,119,3,251
91,698,251,119
3,91,119,5231
251,3,5231,6
119,251,6,41
5231,119,41,7357
6,5231,7357,1200
41,6,1200,26
7357,41,26,16
1200,7357,16,228
26,1200,228,1668
16,26,1668,7709
228,16,7709,639
1668,228,639,1874
7709,1668,1874,6518
639,7709,6518,639
1874,639,639,1948
6518,1874,1948,119
639,6518,119,7709
1948,639,7709,639
119,1948,639,31
7709,119,31,3987
639,7709,3987,266
31,639,266,52
3987,31,52,793
266,3987,793,5
52,266,5,169
793,52,169,5
5,793,5,5477
169,5,5477,114
5,169,114,900
5477,5,900,3
114,5477,3,1283
900,114,1283,85
3,900,85,284
1283,3,284,70
85,1283,70,923
284,85,923,34
70,284,34,17
923,70,17,6
34,923,6,837
17,34,837,143
6,17,143,35
837,6,35,132
143,837,132,247
35,143,247,2
132,35,2,5807
247,132,5807,1790
2,247,1790,73
5807,2,73,76
1790,5807,76,5
73,1790,5,10
76,73,10,1423
5,76,1423,2713
10,5,2713,54
1423,10,54,18
2713,1423,18,208
54,2713,208,4496
18,54,4496,2
208,18,2,1485
4496,208,1485,923
2,4496,923,20
1485,2,20,255
923,1485,255,830
20,923,830,6
255,20,6,48
830,255,48,1265
6,830,1265,11749
48,6,11749,15
1265,48,15,2
11749,1265,2,5267
15,11749,5267,150
2,15,150,1290
5267,2,1290,3517
150,5267,3517,16505
1290,150,16505,5
3517,1290,5,992
16505,3517,992,45
5,16505,45,1114
992,5,1114,1290
45,992,1290,232
1114,45,232,5
1290,1114,5,1290
232,1290,1290,1195
5,232,1195,81
1290,5,81,56
1195,1290,56,5
81,1195,5,1058
56,81,1058,262
5,56,262,4
1058,5,4,41
262,1058,41,3588
4,262,3588,1058
41,4,1058,16505
3588,41,16505,5
1058,3588,5,992
16505,1058,992,408
5,16505,408,18
992,5,18,412
408,992,412,3
18,408,3,17
412,18,17,2043
3,412,2043,5
17,3,5,1848
2043,17,1848,9
5,2043,9,38
1848,5,38,4193
9,1848,4193,3
38,9,3,992
4193,38,992,45
3,4193,45,1626
992,3,1626,5332
45,992,5332,106
1626,45,106,9
5332,1626,9,10458
106,5332,10458,3366
9,106,3366,31
10458,9,31,1611
3366,10458,1611,81
31,3366,81,3
1611,31,3,37011
81,1611,37011,2072
3,81,2072,45
37011,3,45,4
2072,37011,4,9890
45,2072,9890,237
4,45,237,26
9890,4,26,726
237,9890,726,89
26,237,89,191
726,26,191,4
89,726,4,1476
191,89,1476,14
4,191,14,16399
1476,4,16399,3
14,1476,3,585
16399,14,585,42
3,16399,42,4
585,3,4,86
42,585,86,10752
4,42,10752,10814
86,4,10814,3818
10752,86,3818,28
10814,10752,28,8
3818,10814,8,923
28,3818,923,7
8,28,7,2
923,8,2,572
7,923,572,213
2,7,213,29
572,2,29,8
213,572,8,48
29,213,48,57
8,29,57,213
48,8,213,630
57,48,630,50
213,57,50,901
630,213,901,2
50,630,2,239
901,50,239,2
2,901,2,923
239,2,923,7
2,239,7,1229
923,2,1229,143
7,923,143,35
1229,7,35,14
143,1229,14,2
35,143,2,1561
14,35,1561,9
2,14,9,108
1561,2,108,260
9,1561,260,6
108,9,6,10
260,108,10,341
6,260,341,44
10,6,44,10
341,10,10,4375
44,341,4375,36272
10,44,36272,2434
4375,10,2434,462
36272,4375,462,66
2434,36272,66,404
462,2434,404,1005
66,462,1005,5922
404,66,5922,10449
1005,404,10449,326
5922,1005,326,26387
10449,5922,26387,481
326,10449,481,2
26387,326,2,11264
481,26387,11264,181
2,481,181,37
11264,2,37,35484
181,11264,35484,117
37,181,117,32862
35484,37,32862,130
117,35484,130,1207
32862,117,1207,2166
130,32862,2166,61
1207,130,61,6
2166,1207,6,6993
61,2166,6993,5
6,61,5,70
6993,6,70,923
5,6993,923,30
70,5,30,796
923,70,796,846
30,923,846,923
796,30,923,1414
846,796,1414,83
923,846,83,4
1414,923,4,6033
83,1414,6033,79
4,83,79,16226
6033,4,16226,5
79,6033,5,4235
16226,79,4235,30
5,16226,30,5597
4235,5,5597,20
30,4235,20,534
5597,30,534,157
20,5597,157,54
534,20,54,888
157,534,888,730
54,157,730,6
888,54,6,103
730,888,103,108
6,730,108,124
103,6,124,56
108,103,56,5
124,108,5,4703
56,124,4703,12588
5,56,12588,135
4703,5,135,157
12588,4703,157,11891
135,12588,11891,1626
157,135,1626,12683
11891,157,12683,4
1626,11891,4,3512
12683,1626,3512,12175
4,12683,12175,4
3512,4,4,394
12175,3512,394,2049
4,12175,2049,33718
394,4,33718,67
2049,394,67,9397
33718,2049,9397,2252
67,33718,2252,726
9397,67,726,107
2252,9397,107,3
726,2252,3,2
107,726,2,41
3,107,41,8279
2,3,8279,384
41,2,384,30
8279,41,30,1410
384,8279,1410,37
30,384,37,3417
1410,30,3417,5
37,1410,5,1553
3417,37,1553,70
5,3417,70,4
1553,5,4,37
70,1553,37,4305
4,70,4305,30
37,4,30,796
4305,37,796,62
30,4305,62,157
796,30,157,7
62,796,7,1940
157,62,1940,24
7,157,24,60
1940,7,60,3
24,1940,3,60
60,24,60,19
3,60,19,4
60,3,4,167
19,60,167,5
4,19,5,13639
167,4,13639,156
5,167,156,2
13639,5,2,2695
156,13639,2695,4175
2,156,4175,5
2695,2,5,13488
4175,2695,13488,4
5,4175,4,1675
13488,5,1675,5
4,13488,5,1140
1675,4,1140,2086
5,1675,2086,31
1140,5,31,1588
2086,1140,1588,2
31,2086,2,2708
1588,31,2708,203
2,1588,203,207
2708,2,207,17
203,2708,17,29
207,203,29,30
17,207,30,68
29,17,68,796
30,29,796,1656
68,30,1656,4306
796,68,4306,1039
1656,796,1039,30
4306,1656,30,796
1039,4306,796,99
30,1039,99,220
796,30,220,63
99,796,63,4
220,99,4,84
63,220,84,30
4,63,30,16
84,4,16,584
30,84,584,37
16,30,37,3
584,16,3,137
37,584,137,99
3,37,99,1434
137,3,1434,63
99,137,63,48
1434,99,48,87
63,1434,87,5
48,63,5,20
87,48,20,3568
5,87,3568,70
20,5,70,923
3568,20,923,4
70,3568,4,164
923,70,164,154
4,923,154,20
164,4,20,272
154,164,272,138
20,154,138,27
272,20,27,4
138,272,4,630
27,138,630,3
4,27,3,5714
630,4,5714,2055
3,630,2055,7881
5714,3,7881,807
2055,5714,807,8
7881,2055,8,2804
807,7881,2804,70
8,807,70,770
2804,8,770,570
70,2804,570,11
770,70,11,5699
570,770,5699,471
11,570,471,102
5699,11,102,225
471,5699,225,119
102,471,119,102
225,102,102,220
119,225,220,4
102,119,4,1348
220,102,1348,1419
4,220,1419,102
1348,4,102,21715
1419,1348,21715,11
102,1419,11,4013
21715,102,4013,4276
11,21715,4276,2638
4013,11,2638,2434
4276,4013,2434,714
2638,4276,714,70
2434,2638,70,45
714,2434,45,34
70,714,34,93
45,70,93,2900
34,45,2900,5
93,34,5,20
2900,93,20,4318
5,2900,4318,4
20,5,4,117
4318,20,117,27
4,4318,27,142
117,4,142,120
27,117,120,11
142,27,11,324
120,142,324,24
11,120,24,82
324,11,82,1334
24,324,1334,714
82,24,714,27
1334,82,27,34
714,1334,34,5364
27,714,5364,73
34,27,73,2
5364,34,2,572
73,5364,572,1605
2,73,1605,2
572,2,2,7
1605,572,7,2086
2,1605,2086,4
7,2,4,22
2086,7,22,3936
4,2086,3936,13072
22,4,13072,329
3936,22,329,403
13072,3936,403,29
329,13072,29,53
403,329,53,7
29,403,7,68
53,29,68,2142
7,53,2142,1307
68,7,1307,8
2142,68,8,27
1307,2142,27,34
8,1307,34,434
27,8,434,2
34,27,2,1907
434,34,1907,208
2,434,208,388
1907,2,388,126
208,1907,126,10046
388,208,10046,5
126,388,5,923
10046,126,923,1779
5,10046,1779,5
923,5,5,150
1779,923,150,12471
5,1779,12471,1414
150,5,1414,61
12471,150,61,79
1414,12471,79,2
61,1414,2,589
79,61,589,17458
2,79,17458,55
589,2,55,20
17458,589,20,505
55,17458,505,6
20,55,6,546
505,20,546,25
6,505,25,30
546,6,30,18
25,546,18,4
30,25,4,546
18,30,546,2
4,18,2,2738
546,4,2738,8
2,546,8,55
2738,2,55,17
8,2738,17,1013
55,8,1013,3
17,55,3,8546
1013,17,8546,5
3,1013,5,70
8546,3,70,27
5,8546,27,7
70,5,7,53
27,70,53,4
7,27,4,1156
53,7,1156,27
4,53,27,962
1156,4,962,53
27,1156,53,7
962,27,7,29
53,962,29,1156
7,53,1156,27
29,7,27,7
1156,29,7,2
27,1156,2,9562
7,27,9562,11
2,7,11,7
9562,2,7,228
11,9562,228,15269
7,11,15269,13345
228,7,13345,11
15269,228,11,5379
13345,15269,5379,1774
11,13345,1774,27
5379,11,27,6
1774,5379,6,90
27,1774,90,107
6,27,107,11
90,6,11,567
107,90,567,6215
11,107,6215,6998
567,11,6998,547
6215,567,547,698
6998,6215,698,2
547,6998,2,27
698,547,27,5699
2,698,5699,102
27,2,102,197
5699,27,197,11
102,5699,11,5699
197,102,5699,1048
11,197,1048,553
5699,11,553,102
1048,5699,102,916
553,1048,916,553
102,553,553,13914
916,102,13914,5
553,916,5,1268
13914,553,1268,3185
5,13914,3185,102
1268,5,102,15619
3185,1268,15619,5
102,3185,5,846
15619,102,846,3185
5,15619,3185,102455
846,5,102455,102
3185,846,102,938
102455,3185,938,1237
102,102455,1237,102
938,102,102,48
1237,938,48,57
102,1237,57,11
48,102,11,2551
57,48,2551,2055
11,57,2055,7881
2551,11,7881,807
2055,2551,807,5
7881,2055,5,1156
807,7881,1156,770
5,807,770,11
1156,5,11,7
770,1156,7,21
11,770,21,86
7,11,86,42
21,7,42,5
86,21,5,49
42,86,49,359
5,42,359,5
49,5,5,376
359,49,376,29
5,359,29,11
376,5,11,20452
29,376,20452,48
11,29,48,57
20452,11,57,75
48,20452,75,85
57,48,85,9
75,57,9,4929
85,75,4929,11308
9,85,11308,6
4929,9,6,647
11308,4929,647,4
6,11308,4,62872
647,6,62872,5
4,647,5,39
62872,4,39,92
5,62872,92,546
39,5,546,14
92,39,14,8121
546,92,8121,19
14,546,19,2
8121,14,2,1018
19,8121,1018,5
2,19,5,5068
1018,2,5068,629
5,1018,629,73
5068,5,73,2
629,5068,2,3705
73,629,3705,5
2,73,5,6258
3705,2,6258,13442
5,3705,13442,471
6258,5,471,4
13442,6258,4,225
471,13442,225,261
4,471,261,7280
225,4,7280,261
261,225,261,4151
7280,261,4151,5910
261,7280,5910,19
4151,261,19,2
5910,4151,2,41415
19,5910,41415,8076
2,19,8076,9
41415,2,9,191
8076,41415,191,9
9,8076,9,57419
191,9,57419,23
9,191,23,98
57419,9,98,786
23,57419,786,45
98,23,45,56
786,98,56,9
45,786,9,38
56,45,38,83
9,56,83,520
38,9,520,385
83,38,385,4
520,83,4,9
385,520,9,412
4,385,412,765
9,4,765,26
412,9,26,2959
765,412,2959,15
26,765,15,332
2959,26,332,57
15,2959,57,6
332,15,6,4175
57,332,4175,9
6,57,9,1676
4175,6,1676,4
9,4175,4,5134
1676,9,5134,297
4,1676,297,23
5134,4,23,1712
297,5134,1712,368
23,297,368,26
1712,23,26,50
368,1712,50,48
26,368,48,1770
50,26,1770,82
48,50,82,4145
1770,48,4145,23236
82,1770,23236,26546
4145,82,26546,29
23236,4145,29,4579
26546,23236,4579,15269
29,26546,15269,13345
4579,29,13345,9514
15269,4579,9514,48
13345,15269,48,57
9514,13345,57,48
48,9514,48,26
57,48,26,55
48,57,55,25
26,48,25,11
55,26,11,55
25,55,55,25
11,25,25,282
55,11,282,9
25,55,9,207
282,25,207,1676
9,282,1676,4578
207,9,4578,19
1676,207,19,190
4578,1676,190,11
19,4578,11,55
190,19,55,3082
11,190,3082,566
55,11,566,9
3082,55,9,207
566,3082,207,5061
9,566,5061,5
207,9,5,190
5061,207,190,6
5,5061,6,152
190,5,152,11
6,190,11,93
152,6,93,793
11,152,793,50956
93,11,50956,1347
793,93,1347,7
50956,793,7,2
1347,50956,2,10134
7,1347,10134,29
2,7,29,1013
10134,2,1013,3
29,10134,3,20
1013,29,20,2921
3,1013,2921,11
20,3,11,7
2921,20,7,2
11,2921,2,2192
7,11,2192,6
2,7,6,316
2192,2,316,3
6,2192,3,469
316,6,469,25
3,316,25,11
469,3,11,3044
25,469,3044,332
11,25,332,5
3044,11,5,81
332,3044,81,3
5,332,3,262
81,5,262,11
3,81,11,36
262,3,36,11
11,262,11,7
36,11,7,88
11,36,88,17678
7,11,17678,9
88,7,9,15269
17678,88,15269,13345
9,17678,13345,2
15269,9,2,5992
13345,15269,5992,7687
2,13345,7687,13947
5992,2,13947,417
7687,5992,417,716
13947,7687,716,624
417,13947,624,5
716,417,5,938
624,716,938,4
5,624,4,2089
938,5,2089,13345
4,938,13345,7
2089,4,7,2
13345,2089,2,36545
7,13345,36545,565
2,7,565,1412
36545,2,1412,5
565,36545,5,602
1412,565,602,24
5,1412,24,5976
602,5,5976,11
24,602,11,14
5976,24,14,1284
11,5976,1284,2
14,11,2,15269
1284,14,15269,37373
2,1284,37373,6
15269,2,6,76520
37373,15269,76520,2
6,37373,2,236
76520,6,236,9
2,76520,9,54
