11,3452,180,78
134,11,78,32
180,134,32,7
78,180,7,2
32,78,2,1298
7,32,1298,1230
2,7,1230,174
1298,2,174,622
1230,1298,622,732
174,1230,732,4
622,174,4,1536
732,622,1536,15
4,732,15,67
1536,4,67,105
15,1536,105,213
67,15,213,7
105,67,7,51
213,105,51,11
7,213,11,524
51,7,524,9
11,51,9,7
524,11,7,331
9,524,331,89
7,9,89,51
331,7,51,11
89,331,11,40
51,89,40,25
11,51,25,52
40,11,52,1257
25,40,1257,3
52,25,3,2
1257,52,2,655
3,1257,655,175
2,3,175,27
655,2,27,4
175,655,4,32
27,175,32,4
4,27,4,11
32,4,11,28
4,32,28,3637
11,4,3637,3422
28,11,3422,5
3637,28,5,103
3422,3637,103,1309
5,3422,1309,7
103,5,7,165
1309,103,165,1309
7,1309,1309,154
165,7,154,355
1309,165,355,130
154,1309,130,785
355,154,785,34
130,355,34,44
785,130,44,494
34,785,494,145
44,34,145,64
494,44,64,323
145,494,323,105924
64,145,105924,52075
323,64,52075,2
105924,323,2,534
52075,105924,534,4
2,52075,4,15172
534,2,15172,374
4,534,374,24
15172,4,24,39
374,15172,39,249
24,374,249,14
39,24,14,41
249,39,41,705
14,249,705,331
41,14,331,52
705,41,52,11
331,705,11,943
52,331,943,3
11,52,3,106
943,11,106,9
3,943,9,78
106,3,78,6
9,106,6,355
78,9,355,11
6,78,11,28
355,6,28,10
11,355,10,21
28,11,21,355
10,28,355,321
21,10,321,4
355,21,4,101
321,355,101,84
4,321,84,7
101,4,7,1017
84,101,1017,494
7,84,494,174
1017,7,174,29
494,1017,29,7
174,494,7,18
29,174,18,3
7,29,3,44
18,7,44,7
3,18,7,21
44,3,21,1329
7,44,1329,131
21,7,131,317
1329,21,317,19
131,1329,19,49
317,131,49,655
19,317,655,9
49,19,9,3888
655,49,3888,36
9,655,36,51
3888,9,51,26
36,3888,26,380
51,36,380,42
26,51,42,15
380,26,15,2444
42,380,2444,4
15,42,4,1467
2444,15,1467,7
4,2444,7,21
1467,4,21,1329
7,1467,1329,131
21,7,131,10203
1329,21,10203,4
131,1329,4,7
10203,131,7,18
4,10203,18,4211
7,4,4211,11
18,7,11,453
4211,18,453,8
11,4211,8,11
453,11,11,5071
8,453,5071,3
11,8,3,244
5071,11,244,6
3,5071,6,39
244,3,39,249
6,244,249,54
39,6,54,7
249,39,7,2
54,249,2,904
7,54,904,35
2,7,35,25
904,2,25,7
35,904,7,488
25,35,488,361
7,25,361,3
488,7,3,144
361,488,144,31
3,361,31,7
144,3,7,14
31,144,14,3
7,31,3,194
14,7,194,5
3,14,5,32
194,3,32,36
5,194,36,27
32,5,27,11
36,32,11,3336
27,36,3336,20675
11,27,20675,4235
3336,11,4235,7
20675,3336,7,4235
4235,20675,4235,4
7,4235,4,4235
4235,7,4235,13
4,4235,13,3
4235,4,3,17
13,4235,17,1593
3,13,1593,11
17,3,11,132
1593,17,132,18
11,1593,18,4211
132,11,4211,37
18,132,37,32
4211,18,32,433
37,4211,433,29
32,37,29,11
433,32,11,1471
29,433,1471,5
11,29,5,837
1471,11,837,1363
5,1471,1363,19
837,5,19,31611
1363,837,31611,39
19,1363,39,249
31611,19,249,374
39,31611,374,31
249,39,31,3442
374,249,3442,3
31,374,3,469
3442,31,469,3068
3,3442,3068,134
469,3,134,180
3068,469,180,11
134,3068,11,14
180,134,14,1285
11,180,1285,3
14,11,3,17751
1285,14,17751,494
3,1285,494,73
17751,3,73,90
494,17751,90,11
73,494,11,3685
90,73,3685,5
11,90,5,428
3685,11,428,774
5,3685,774,75
428,5,75,1054
774,428,1054,125
75,774,125,50
1054,75,50,307
125,1054,307,19
50,125,19,781
307,50,781,7
19,307,7,21
781,19,21,2707
7,781,2707,15
21,7,15,107
2707,21,107,20
15,2707,20,478
107,15,478,428
20,107,428,13
478,20,13,7384
428,478,7384,7
13,428,7,1649
7384,13,1649,20
7,7384,20,1115
1649,7,1115,123
20,1649,123,74
1115,20,74,174
123,1115,174,20
74,123,20,13
174,74,13,47
20,174,47,163
13,20,163,12
47,13,12,43
163,47,43,19
12,163,19,698
43,12,698,7
19,43,7,331
698,19,331,49
7,698,49,52
331,7,52,11
49,331,11,1050
52,49,1050,1313
11,52,1313,2
1050,11,2,162
1313,1050,162,36
2,1313,36,4
162,2,4,679
36,162,679,66
4,36,66,7
679,4,7,380
66,679,380,47
7,66,47,2
380,7,2,162
47,380,162,11
2,47,11,134
162,2,134,180
11,162,180,7
134,11,7,25
180,134,25,1062
7,180,1062,21
25,7,21,360
1062,25,360,9
21,1062,9,2
360,21,2,135
9,360,135,127
2,9,127,94
135,2,94,11
127,135,11,208
94,127,208,2011
11,94,2011,10
208,11,10,29
2011,208,29,130
10,2011,130,448
29,10,448,14
130,29,14,8
448,130,8,11
14,448,11,100
8,14,100,106
11,8,106,9
100,11,9,32
106,100,32,52
9,106,52,11
32,9,11,244
52,32,244,6
11,52,6,2370
244,11,2370,11846
6,244,11846,7
2370,6,7,274
11846,2370,274,1616
7,11846,1616,7
274,7,7,1466
1616,274,1466,2
7,1616,2,4185
1466,7,4185,19704
2,1466,19704,272
4185,2,272,6670
19704,4185,6670,2
272,19704,2,145
6670,272,145,527
2,6670,527,746
145,2,746,310
527,145,310,10547
746,527,10547,7
310,746,7,2757
10547,310,2757,89
7,10547,89,2084
2757,7,2084,11
89,2757,11,13
2084,89,13,271
11,2084,271,3
13,11,3,44
271,13,44,256
3,271,256,8742
44,3,8742,11
256,44,11,134
8742,256,134,180
11,8742,180,7
134,11,7,24
180,134,24,731
7,180,731,42
24,7,42,5
731,24,5,363
42,731,363,145
5,42,145,374
363,5,374,8742
145,363,8742,14
374,145,14,164
8742,374,164,3
14,8742,3,144
164,14,144,145
3,164,145,4
144,3,4,64
145,144,64,42
4,145,42,765
64,4,765,130
42,64,130,911
765,42,911,623
130,765,623,7
911,130,7,8
623,911,8,78
7,623,78,34
8,7,34,689
78,8,689,6
34,78,6,355
689,34,355,11
6,689,11,28
355,6,28,494
11,355,494,855
28,11,855,20
494,28,20,3207
855,494,3207,3
20,855,3,97
3207,20,97,21
3,3207,21,32
97,3,32,174
21,97,174,7
32,21,7,113
174,32,113,11
7,174,11,689
113,7,689,3
11,113,3,27
689,11,27,75
3,689,75,11371
27,3,11371,2
75,27,2,1067
11371,75,1067,74
2,11371,74,759
1067,2,759,987
74,1067,987,561
759,74,561,7
987,759,7,331
561,987,331,89
7,561,89,52
331,7,52,11
89,331,11,13
52,89,13,98
11,52,98,17253
13,11,17253,3
98,13,3,135
17253,98,135,97
3,17253,97,7
135,3,7,2
97,135,2,6516
7,97,6516,162
2,7,162,7
6516,2,7,380
162,6516,380,445
7,162,445,106
380,7,106,9
445,380,9,162
106,445,162,29
9,106,29,20
162,9,20,66
29,162,66,1047
20,29,1047,174
66,20,174,382
1047,66,382,782
174,1047,782,11
382,174,11,14
782,382,14,990
11,782,990,3
14,11,3,44
990,14,44,11
3,990,11,100
44,3,100,106
11,44,106,9
100,11,9,32
106,100,32,11
9,106,11,134
32,9,134,180
11,32,180,11
134,11,11,2289
180,134,2289,40
11,180,40,106
2289,11,106,9
40,2289,9,101131
106,40,101131,20
9,106,20,14
101131,9,14,2
20,101131,2,677
14,20,677,2630
2,14,2630,53
677,2,53,14
2630,677,14,64
53,2630,64,15643
14,53,15643,12
64,14,12,27
15643,64,27,194
12,15643,194,4
27,12,4,13906
194,27,13906,15401
4,194,15401,27
13906,4,27,7
15401,13906,7,2
27,15401,2,852
7,27,852,4360
2,7,4360,5
852,2,5,622
4360,852,622,1055
5,4360,1055,524
622,5,524,9
1055,622,9,494
524,1055,494,114
9,524,114,16
494,9,16,2982
114,494,2982,5
16,114,5,32
2982,16,32,9
5,2982,9,2
32,5,2,889
9,32,889,382
2,9,382,337
889,2,337,82
382,889,82,49
337,382,49,4580
82,337,4580,238
49,82,238,188
4580,49,188,49
238,4580,49,4050
188,238,4050,12961
49,188,12961,49
4050,49,49,352
12961,4050,352,5
49,12961,5,8457
352,49,8457,2014
5,352,2014,29
8457,5,29,64
2014,8457,64,42
29,2014,42,7
64,29,7,1118
42,64,1118,6
7,42,6,8
1118,7,8,440
6,1118,440,1040
8,6,1040,14
440,8,14,89
1040,440,89,3
14,1040,3,17
89,14,17,63
3,89,63,52
17,3,52,33
63,17,33,642
52,63,642,168
33,52,168,5736
642,33,5736,4
168,642,4,1795
5736,168,1795,3
4,5736,3,374
1795,4,374,164
3,1795,164,51
374,3,51,33
164,374,33,1346
51,164,1346,88
33,51,88,5
1346,33,5,81
88,1346,81,295
5,88,295,2
81,5,2,5628
295,81,5628,5
2,295,5,51
5628,2,51,135
5,5628,135,97
51,5,97,77
135,51,77,17
97,135,17,51
77,97,51,10
17,77,10,121
51,17,121,17
10,51,17,4
121,10,4,140
17,121,140,26
4,17,26,2214
140,4,2214,10
26,140,10,4095
2214,26,4095,351
10,2214,351,26
4095,10,26,610
351,4095,610,8
26,351,8,145
610,26,145,517
8,610,517,3746
145,8,3746,12
517,145,12,1467
3746,517,1467,26
12,3746,26,1366
1467,12,1366,11
26,1467,11,2352
1366,26,2352,32
11,1366,32,82
2352,11,82,4
32,2352,4,97
82,32,97,82
4,82,82,3
97,4,3,274
82,97,274,29
3,82,29,374
274,3,374,7
29,274,7,957
374,29,957,15
7,374,15,137
957,7,137,88
15,957,88,5
137,15,5,20
88,137,20,2
5,88,2,7153
20,5,7153,53
2,20,53,2
7153,2,2,1067
53,7153,1067,5
2,53,5,102978
1067,2,102978,164
5,1067,164,51
102978,5,51,75
164,102978,75,48
51,164,48,7
75,51,7,26
48,75,26,913
7,48,913,2
26,7,2,66
913,26,66,404
2,913,404,145
66,2,145,14
404,66,14,4
145,404,4,13473
14,145,13473,22
4,14,22,499
13473,4,499,14
22,13473,14,15539
499,22,15539,4
14,499,4,321
15539,14,321,11
4,15539,11,557
321,4,557,3166
11,321,3166,32
557,11,32,122
3166,557,122,1528
32,3166,1528,22
122,32,22,3886
1528,122,3886,12
22,1528,12,135
3886,22,135,97
12,3886,97,6
135,12,6,2
97,135,2,107
6,97,107,64
2,6,64,42
107,2,42,486
64,107,486,451
42,64,451,11
486,42,11,160
451,486,160,1110
11,451,1110,12
160,11,12,274
1110,160,274,8
12,1110,8,4
274,12,4,2416
8,274,2416,1977
4,8,1977,42
2416,4,42,88
1977,2416,88,5
42,1977,5,22
88,42,22,267
5,88,267,1845
22,5,1845,3
267,22,3,3016
1845,267,3016,2958
3,1845,2958,52
3016,3,52,30
2958,3016,30,706
52,2958,706,51
30,52,51,451
706,30,451,21
51,706,21,51
451,51,51,2809
21,451,2809,2
51,21,2,32
2809,51,32,252
2,2809,252,7
32,2,7,2534
252,32,2534,2
7,252,2,1907
2534,7,1907,9
2,2534,9,1055
1907,2,1055,398
9,1907,398,4813
1055,9,4813,7869
398,1055,7869,53
4813,398,53,16
7869,4813,16,1194
53,7869,1194,3
16,53,3,51
1194,16,51,2
3,1194,2,63
51,3,63,55
2,51,55,25
63,2,25,145
55,63,145,267
25,55,267,465
145,25,465,15095
267,145,15095,268
465,267,268,738
15095,465,738,5
268,15095,5,2
738,268,2,14638
5,738,14638,233
2,5,233,4
14638,2,4,145
233,14638,145,491
4,233,491,77
145,4,77,21
491,145,21,9782
77,491,9782,4
21,77,4,37414
9782,21,37414,3612
4,9782,3612,3
37414,4,3,1170
3612,37414,1170,194
3,3612,194,29
1170,3,29,62
194,1170,62,34
29,194,34,33
62,29,33,862
34,62,862,48
33,34,48,5
862,33,5,20
48,862,20,9
5,48,9,48
20,5,48,49
9,20,49,3061
48,9,3061,32
49,48,32,116
3061,49,116,62
32,3061,62,3
116,32,3,5704
62,116,5704,2168
3,62,2168,6986
5704,3,6986,34
2168,5704,34,11
6986,2168,11,431
34,6986,431,9
11,34,9,207
431,11,207,10059
9,431,10059,5
207,9,5,494
10059,207,494,1467
5,10059,1467,64
494,5,64,29
1467,494,29,11
64,1467,11,4
29,64,4,145
11,29,145,16
4,11,16,4685
145,4,4685,12
16,145,12,88
4685,16,88,139
12,4685,139,4
88,12,4,11
139,88,11,2959
4,139,2959,362
11,4,362,3
2959,11,3,1843
362,2959,1843,6
3,362,6,57
1843,3,57,357
6,1843,357,2
57,6,2,32
357,57,32,711
2,357,711,7
32,2,7,21
711,32,21,117
7,711,117,5
21,7,5,1790
117,21,1790,1183
5,117,1183,7
1790,5,7,10
1183,1790,10,2
7,1183,2,439
10,7,439,2083
2,10,2083,3
439,2,3,1055
2083,439,1055,578
3,2083,578,20
1055,3,20,7
578,1055,7,182
20,578,182,12
7,20,12,90
182,7,90,145
12,182,145,267
90,12,267,6
145,90,6,117
267,145,117,286
6,267,286,26
117,6,26,154
286,117,154,231
26,286,231,136
154,26,136,5
231,154,5,24455
136,231,24455,2545
5,136,2545,7
24455,5,7,72
2545,24455,72,8
7,2545,8,82
72,7,82,2545
8,72,2545,10
82,8,10,34
2545,82,34,862
10,2545,862,145
34,10,145,7
862,34,7,2
145,862,2,7385
7,145,7385,1888
2,7,1888,629
7385,2,629,11
1888,7385,11,957
629,1888,957,3
11,629,3,139
957,11,139,1055
3,957,1055,299
139,3,299,37
1055,139,37,6
299,1055,6,2
37,299,2,107
6,37,107,64
2,6,64,94
107,2,94,6
64,107,6,264
94,64,264,2894
6,94,2894,13
264,6,13,10
2894,264,10,1191
13,2894,1191,3
10,13,3,137
1191,10,137,89
3,1191,89,93
137,3,93,25
89,137,25,349
93,89,349,4
25,93,4,689
349,25,689,29
4,349,29,1891
689,4,1891,21
29,689,21,162
1891,29,162,557
21,1891,557,207
162,21,207,494
557,162,494,374
207,557,374,7
494,207,7,957
374,494,957,3
7,374,3,2365
957,7,2365,8
3,957,8,26
2365,3,26,144
8,2365,144,32
26,8,32,6
144,26,6,355
32,144,355,4
6,32,4,95
355,6,95,31
4,355,31,28
95,4,28,26
31,95,26,635
28,31,635,3032
26,28,3032,8
635,26,8,2
3032,635,2,27
8,3032,27,252
2,8,252,7
27,2,7,2
252,27,2,3933
7,252,3933,34
2,7,34,53
3933,2,53,17
34,3933,17,76
53,34,76,31
17,53,31,11921
76,17,11921,714
31,76,714,29
11921,31,29,21
714,11921,21,362
29,714,362,3
21,29,3,323
362,21,323,4
3,362,4,408
323,3,408,5
4,323,5,374
408,4,374,5927
5,408,5927,3
374,5,3,12873
5927,374,12873,145
3,5927,145,36
12873,3,36,106
145,12873,106,9
36,145,9,2
106,36,2,667
9,106,667,97
2,9,97,94
667,2,94,16
97,667,16,377
94,97,377,25
16,94,25,87
377,16,87,26
25,377,26,244
87,25,244,6
26,87,6,30279
244,26,30279,35
6,244,35,4
30279,6,4,8
35,30279,8,1023
4,35,1023,3
8,4,3,3997
1023,8,3997,8861
3,1023,8861,162
18879,19,12,1029
4557,18879,1029,109
12,4557,109,7
1029,12,7,1334
109,1029,1334,4
7,109,4,3663
1334,7,3663,152
4,1334,152,36
3663,4,36,4471
152,3663,4471,5
36,152,5,302
4471,36,302,2
5,4471,2,302
302,5,302,3567
2,302,3567,100
302,2,100,6
3567,302,6,6700
100,3567,6700,439
6,100,439,1085
6700,6,1085,2
439,6700,2,43
1085,439,43,1086
2,1085,1086,1696
43,2,1696,460
1086,43,460,19
1696,1086,19,4726
460,1696,4726,12
19,460,12,132
4726,19,132,109
12,4726,109,6
132,12,6,32913
109,132,32913,37
6,109,37,2298
32913,6,2298,5
37,32913,5,48
2298,37,48,406
5,2298,406,50
48,5,50,621
406,48,621,6
50,406,6,4
621,50,4,555
6,621,555,662
4,6,662,3528
555,4,3528,19
662,555,19,15687
3528,662,15687,3810
19,3528,3810,471
15687,19,471,7
3810,15687,7,8624
471,3810,8624,13
7,471,13,64
8624,7,64,5755
13,8624,5755,4
64,13,4,64
5755,64,64,6483
4,5755,6483,90
64,4,90,13
6483,64,13,64
90,6483,64,2138
13,90,2138,26
64,13,26,9067
2138,64,9067,6
26,2138,6,7481
9067,26,7481,652
6,9067,652,4
7481,6,4,1411
652,7481,1411,15
4,652,15,9242
1411,4,9242,590
15,1411,590,11862
9242,15,11862,9
590,9242,9,28448
11862,590,28448,5206
9,11862,5206,1114
28448,9,1114,381
5206,28448,381,50
1114,5206,50,1626
381,1114,1626,25
50,381,25,2386
1626,50,2386,82
25,1626,82,1782
2386,25,1782,19
82,2386,19,4726
1782,82,4726,12
19,1782,12,647
4726,19,647,109
12,4726,109,5481
647,12,5481,5309
109,647,5309,5
5481,109,5,5206
5309,5481,5206,100
5,5309,100,19
5206,5,19,1806
100,5206,1806,17225
19,100,17225,13
1806,19,13,170
17225,1806,170,47
13,17225,47,8390
170,13,8390,12
47,170,12,1631
8390,47,1631,5
12,8390,5,2
1631,12,2,1176
5,1631,1176,4294
2,5,4294,37677
1176,2,37677,29
4294,1176,29,2
37677,4294,2,17225
29,37677,17225,920
2,29,920,20
17225,2,20,72
920,17225,72,190
20,920,190,740
72,20,740,3
190,72,3,42397
740,190,42397,574
3,740,574,5
42397,3,5,3223
574,42397,3223,7
5,574,7,39
3223,5,39,249
7,3223,249,5029
39,7,5029,2312
249,39,2312,9332
5029,249,9332,19
2312,5029,19,4726
9332,2312,4726,12
19,9332,12,318
4726,19,318,109
12,4726,109,15
318,12,15,1319
109,318,1319,4
15,109,4,386
1319,15,386,260
4,1319,260,182
386,4,182,444
260,386,444,401
182,260,401,2819
444,182,2819,50
401,444,50,48
2819,401,48,3648
50,2819,3648,615
48,50,615,9
3648,48,9,57
