527,34,3,17
61,527,17,1390
3,61,1390,9
17,3,9,4
1390,17,4,478
9,1390,478,358
4,9,358,1202
478,4,1202,348
358,478,348,36
1202,358,36,348
348,1202,348,175
36,348,175,84
348,36,84,4
175,348,4,85
84,175,85,3
4,84,3,248
85,4,248,4182
3,85,4182,4612
248,3,4612,3
4182,248,3,251
4612,4182,251,6
3,4612,6,4
251,3,4,1611
6,251,1611,138
4,6,138,27
1611,4,27,69
138,1611,69,1075
27,138,1075,348
69,27,348,9
1075,69,9,8
348,1075,8,44
9,348,44,2654
8,9,2654,27
44,8,27,358
2654,44,358,1202
27,2654,1202,6680
358,27,6680,4612
1202,358,4612,31
6680,1202,31,18
4612,6680,18,527
31,4612,527,61
18,31,61,5
527,18,5,38
61,527,38,1559
5,61,1559,3
38,5,3,251
1559,38,251,79
3,1559,79,62
251,3,62,248
79,251,248,1061
62,79,1061,112
248,62,112,27
1061,248,27,358
112,1061,358,1202
27,112,1202,6680
358,27,6680,4612
1202,358,4612,16
6680,1202,16,1080
4612,6680,1080,3
16,4612,3,1643
1080,16,1643,62
3,1080,62,1597
1643,3,1597,2349
62,1643,2349,62
1597,62,62,4
2349,1597,4,1012
62,2349,1012,4
4,62,4,181
1012,4,181,112
4,1012,112,2220
181,4,2220,142
112,181,142,3
2220,112,3,69
142,2220,69,720
3,142,720,9
69,3,9,19
720,69,19,27
9,720,27,69
19,9,69,7
27,19,7,242
69,27,242,10
7,69,10,400
242,7,400,25
10,242,25,149
400,10,149,9
25,400,9,27
149,25,27,18743
9,149,18743,613
27,9,613,95
18743,27,95,1391
613,18743,1391,3916
95,613,3916,5354
1391,95,5354,12
3916,1391,12,2
5354,3916,2,856
12,5354,856,2789
2,12,2789,703
856,2,703,206
2789,856,206,21
703,2789,21,1635
206,703,1635,39794
21,206,39794,3
1635,21,3,276
39794,1635,276,183
3,39794,183,631
276,3,631,173
183,276,173,4
631,183,4,12113
173,631,12113,81
4,173,81,6
12113,4,6,2
81,12113,2,107
6,81,107,8
2,6,8,477
107,2,477,2652
8,107,2652,10313
477,8,10313,7
2652,477,7,1015
10313,2652,1015,52
7,10313,52,33
1015,7,33,380
52,1015,380,296
33,52,296,79
380,33,79,104
296,380,104,45
79,296,45,6
104,79,6,2
45,104,2,300
6,45,300,1898
2,6,1898,36
300,2,36,2069
1898,300,2069,33
36,1898,33,116
2069,36,116,26
33,2069,26,18
116,33,18,69
26,116,69,519
18,26,519,83
69,18,83,25
519,69,25,912
83,519,912,2
25,83,2,3
912,25,3,17
2,912,17,2
3,2,2,4821
17,3,4821,12132
2,17,12132,5
4821,2,5,631
12132,4821,631,173
5,12132,173,25
631,5,25,59
173,631,59,33
25,173,33,485
59,25,485,4821
33,59,4821,31490
485,33,31490,37
4821,485,37,2531
31490,4821,2531,199
37,31490,199,4
2531,37,4,1988
199,2531,1988,8
4,199,8,78
1988,4,78,32
8,1988,32,1285
78,8,1285,4679
32,78,4679,80
1285,32,80,286
4679,1285,286,11
80,4679,11,14
286,80,14,340
11,286,340,3745
14,11,3745,33
340,14,33,147
3745,340,147,1891
33,3745,1891,8
147,33,8,112
1891,147,112,478
8,1891,478,133
112,8,133,13
478,112,13,1126
133,478,1126,4706
13,133,4706,20
1126,13,20,7
4706,1126,7,128
20,4706,128,1670
7,20,1670,5
128,7,5,2
1670,128,2,6033
5,1670,6033,69
2,5,69,424
6033,2,424,3
69,6033,3,4955
424,69,4955,114
3,424,114,15
4955,3,15,152
114,4955,152,1391
15,114,1391,8078
152,15,8078,56
1391,152,56,19
8078,1391,19,2027
2215,759,3,7365
3074,2215,7365,1268
3,3074,1268,1076
7365,3,1076,14
1268,7365,14,1093
1076,1268,1093,473
14,1076,473,3
1093,14,3,224
473,1093,224,10471
3,473,10471,2405
224,3,2405,86
10471,224,86,2
2405,10471,2,28759
86,2405,28759,2083
2,86,2083,122
28759,2,122,7272
2083,28759,7272,363
122,2083,363,35
7272,122,35,6
363,7272,6,413
35,363,413,4
6,35,4,59469
413,6,59469,9169
4,413,9169,1411
59469,4,1411,2931
9169,59469,2931,2405
1411,9169,2405,14
2931,1411,14,1681
2405,2931,1681,9
14,2405,9,2
1681,14,2,20679
9,1681,20679,24
2,9,24,84
20679,2,84,75
24,20679,75,2
84,24,2,1180
75,84,1180,3074
2,75,3074,6470
1180,2,6470,6348
3074,1180,6348,12
6470,3074,12,312
6348,6470,312,1333
12,6348,1333,2215
312,12,2215,896
1333,312,896,3
2215,1333,3,2559
896,2215,2559,46
3,896,46,4
2559,3,4,58072
46,2559,58072,3605
4,46,3605,228
58072,4,228,9
3605,58072,9,2
228,3605,2,281
9,228,281,41
2,9,41,6348
281,2,6348,298
41,281,298,239
6348,41,239,865
298,6348,865,5
239,298,5,51
865,239,51,14
5,865,14,3833
51,5,3833,455
14,51,455,186
3833,14,186,43573
455,3833,43573,418
186,455,418,5
43573,186,5,1854
418,43573,1854,3500
5,418,3500,1117
1854,5,1117,4
3500,1854,4,80051
1117,3500,80051,832
4,1117,832,21
80051,4,21,508
832,80051,508,9
21,832,9,10
508,21,10,11813
9,508,11813,6
10,9,6,2684
11813,10,2684,273
6,11813,273,3074
2684,6,3074,14
273,2684,14,11175
3074,273,11175,9
14,3074,9,175
11175,14,175,4
9,11175,4,6348
175,9,6348,5
4,175,5,84
6348,4,84,88
5,6348,88,5
84,5,5,10
88,84,10,2650
5,88,2650,341
10,5,341,298
2650,10,298,4
341,2650,4,42031
298,341,42031,198
4,298,198,171
42031,4,171,736
198,42031,736,13618
171,198,13618,15
736,171,15,61
13618,736,61,3
15,13618,3,2
61,15,2,3604
3,61,3604,3605
2,3,3605,6251
3604,2,6251,413
3605,3604,413,6
6251,3605,6,16429
413,6251,16429,4
6,413,4,9542
16429,6,9542,1957
4,16429,1957,636
9542,4,636,4453
1957,9542,4453,4879
636,1957,4879,873
4453,636,873,2
4879,4453,2,3887
873,4879,3887,61465
2,873,61465,1636
3887,2,1636,14
61465,3887,14,4502
1636,61465,4502,4
14,1636,4,589
4502,14,589,5
4,4502,5,545
589,4,545,1075
5,589,1075,818
545,5,818,34
1075,545,34,93
818,1075,93,190
34,818,190,44
93,34,44,198
190,93,198,298
44,190,298,3694
198,44,3694,5
298,198,5,2215
3694,298,2215,3074
5,3694,3074,85285
2215,5,85285,1411
3074,2215,1411,2931
85285,3074,2931,50
1411,85285,50,1197
2931,1411,1197,3
50,2931,3,818
1197,50,818,7690
3,1197,7690,197
818,3,197,422
7690,818,422,2931
197,7690,2931,14
422,197,14,3605
2931,422,3605,3
14,2931,3,1097
3605,14,1097,1304
3,3605,1304,46
1097,3,46,37
1304,1097,37,1304
46,1304,1304,1044
37,46,1044,932
1304,37,932,9
1044,1304,9,48792
932,1044,48792,2931
9,932,2931,4318
48792,9,4318,39
2931,48792,39,2747
4318,2931,2747,12
39,4318,12,473
2747,39,473,2736
12,2747,2736,197
473,12,197,4969
2736,473,4969,2988
197,2736,2988,2
4969,197,2,762
2988,4969,762,5
2,2988,5,1304
762,2,1304,15
5,762,15,2
1304,5,2,106253
15,1304,106253,1302
2,15,1302,5
106253,2,5,2
1302,106253,2,39
5,1302,39,249
2,5,249,312
39,2,312,17094
249,39,17094,31
312,249,31,5869
17094,312,5869,49
31,17094,49,1924
5869,31,1924,520
49,5869,520,29718
1924,49,29718,5672
520,1924,5672,6
29718,520,6,35
5672,29718,35,127
6,5672,127,1573
35,6,1573,1865
127,35,1865,2931
1573,127,2931,4
1865,1573,4,192
2931,1865,192,14
4,2931,14,277
192,4,277,550
14,192,550,25471
277,14,25471,1854
550,277,1854,2
25471,550,2,1898
1854,25471,1898,5
2,1854,5,10276
1898,2,10276,746
5,1898,746,9073
10276,5,9073,349
746,10276,349,473
9073,746,473,2296
349,9073,2296,75
473,349,75,84
2296,473,84,739
75,2296,739,177
84,75,177,5
739,84,5,35
177,739,35,77
5,177,77,137
35,5,137,41
77,35,41,65
137,77,65,2
41,137,2,3604
65,41,3604,5
2,65,5,84
3604,2,84,150
5,3604,150,2658
84,5,2658,427
150,84,427,11522
2658,150,11522,9073
427,2658,9073,10
11522,427,10,77
9073,11522,77,17
10,9073,17,42
77,10,42,5
17,77,5,1375
42,17,1375,17363
5,42,17363,6
1375,5,6,66
17363,1375,66,28
6,17363,28,25397
66,6,25397,1140
28,66,1140,102146
25397,28,102146,11346
1140,25397,11346,4239
102146,1140,4239,5755
11346,102146,5755,2027
4239,11346,2027,6799
5755,4239,6799,41821
2027,5755,41821,29893
6799,2027,29893,28
41821,6799,28,11
29893,41821,11,14
28,29893,14,1686
11,28,1686,8
14,11,8,2
1686,14,2,281
8,1686,281,6348
2,8,6348,5
281,2,5,10954
6348,281,10954,2439
5,6348,2439,4
10954,5,4,84
2439,10954,84,40
4,2439,40,319
84,4,319,1399
40,84,1399,24
319,40,24,1825
1399,319,1825,45
24,1399,45,3
1825,24,3,5755
45,1825,5755,4
3,45,4,319
5755,3,319,933
4,5755,933,7285
319,4,7285,24
933,319,24,3468
7285,933,3468,73662
24,7285,73662,273
3468,24,273,139
73662,3468,139,29893
273,73662,29893,28
139,273,28,1649
29893,139,1649,62
28,29893,62,57
1649,28,57,16
62,1649,16,110
57,62,110,3
16,57,3,1920
110,16,1920,74659
3,110,74659,11850
1920,3,11850,425
74659,1920,425,2
11850,74659,2,9493
425,11850,9493,896
2,425,896,5
9493,2,5,2
896,9493,2,727
5,896,727,7754
2,5,7754,5
727,2,5,2439
7754,727,2439,12
5,7754,12,19860
2439,5,19860,2658
12,2439,2658,1545
19860,12,1545,425
2658,19860,425,8
1545,2658,8,84
425,1545,84,29644
8,425,29644,4
84,8,4,12540
29644,84,12540,3733
4,29644,3733,34
12540,4,34,96
3733,12540,96,1636
34,3733,1636,831
96,34,831,4
1636,96,4,2215
831,1636,2215,3074
4,831,3074,1259
2215,4,1259,18
3074,2215,18,260
1259,3074,260,47
18,1259,47,886
260,18,886,9
47,260,9,462
886,47,462,169
9,886,169,30637
462,9,30637,77
169,462,77,3095
30637,169,3095,3
77,30637,3,6348
3095,77,6348,5
3,3095,5,3608
6348,3,3608,2439
5,6348,2439,4
3608,5,4,84
2439,3608,84,2
4,2439,2,239
84,4,239,413
2,84,413,2
239,2,2,1837
413,239,1837,66950
2,413,66950,17004
1837,2,17004,6486
66950,1837,6486,37
17004,66950,37,451
6486,17004,451,220
37,6486,220,2439
451,37,2439,9
220,451,9,736
2439,220,736,13618
9,2439,13618,75
736,9,75,2
13618,736,2,44
75,13618,44,5
2,75,5,1411
44,2,1411,3733
5,44,3733,4
1411,5,4,3853
3733,1411,3853,2931
4,3733,2931,10923
3853,4,10923,1044
2931,3853,1044,66131
10923,2931,66131,2931
1044,10923,2931,50
66131,1044,50,425
2931,66131,425,48
50,2931,48,409
425,50,409,6041
48,425,6041,1076
409,48,1076,473
6041,409,473,736
1076,6041,736,952
473,1076,952,862
736,473,862,1658
952,736,1658,3
862,952,3,1304
1658,862,1304,9334
3,1658,9334,312
1304,3,312,7408
9334,1304,7408,433
312,9334,433,762
7408,312,762,2931
433,7408,2931,184
762,433,184,3
2931,762,3,150
184,2931,150,2658
3,184,2658,427
150,3,427,1578
2658,150,1578,1304
427,2658,1304,1569
1578,427,1569,1558
1304,1578,1558,2
1569,1304,2,814
1558,1569,814,433
2,1558,433,762
814,2,762,1274
433,814,1274,303
762,433,303,6
1274,762,6,433
303,1274,433,762
6,303,762,50
433,6,50,68
762,433,68,807
50,762,807,36
68,50,36,1933
807,68,1933,6
36,807,6,3238
1933,36,3238,2012
6,1933,2012,26795
3238,6,26795,20792
2012,3238,20792,23141
26795,2012,23141,6740
20792,26795,6740,4
23141,20792,4,17740
6740,23141,17740,3363
4,6740,3363,2658
17740,4,2658,1545
3363,17740,1545,95074
2658,3363,95074,1915
1545,2658,1915,3
95074,1545,3,1304
1915,95074,1304,10
3,1915,10,34544
1304,3,34544,1569
10,1304,1569,170
34544,10,170,1001
1569,34544,1001,122
170,1569,122,1797
1001,170,1797,16740
122,1001,16740,56
1797,122,56,23
16740,1797,23,1304
56,16740,1304,10
23,56,10,34544
1304,23,34544,170
10,1304,170,1001
34544,10,1001,25397
170,34544,25397,2242
1001,170,2242,29604
25397,1001,29604,95068
2242,25397,95068,365
29604,2242,365,1466
95068,29604,1466,5
365,95068,5,1411
1466,365,1411,4
5,1466,4,84
1411,5,84,11983
4,1411,11983,41
84,4,41,65
11983,84,65,1941
41,11983,1941,2825
65,41,2825,473
1941,65,473,4
2825,1941,4,41
473,2825,41,65
4,473,65,9
41,4,9,298
65,41,298,473
9,65,473,9387
298,9,9387,50
473,298,50,7860
9387,473,7860,409
50,9387,409,1922
7860,50,1922,24
409,7860,24,39
1922,409,39,2747
24,1922,2747,3
39,24,3,1037
2747,39,1037,413
3,2747,413,2
1037,3,2,6830
413,1037,6830,6036
2,413,6036,24
6830,2,24,1180
6036,6830,1180,15711
24,6036,15711,3569
1180,24,3569,15
15711,1180,15,759
3569,15711,759,2215
15,3569,2215,100117
759,15,100117,64
2215,759,64,818
100117,2215,818,13
64,100117,13,322
818,64,322,41
13,818,41,2215
322,13,2215,5898
41,322,5898,65
2215,41,65,1268
5898,2215,1268,2170
65,5898,2170,6
1268,65,6,2405
2170,1268,2405,6348
6,2170,6348,5
2405,6,5,84
6348,2405,84,25
5,6348,25,239
84,5,239,20
25,84,20,205
239,25,205,96
20,239,96,1360
205,20,1360,312
96,205,312,39863
1360,96,39863,205
312,1360,205,12
39863,312,12,433
205,39863,433,150
12,205,150,2658
433,12,2658,427
150,433,427,425
2658,150,425,8
427,2658,8,60
425,427,60,51
8,425,51,312
60,8,312,2459
51,60,2459,495
312,51,495,6
2459,312,6,28520
495,2459,28520,312
6,495,312,2215
28520,6,2215,7
312,28520,7,99081
2215,312,99081,12
7,2215,12,433
99081,7,433,15
12,99081,15,41
433,12,41,65
15,433,65,6348
41,15,6348,2988
65,41,2988,25
6348,65,25,239
2988,6348,239,312
25,2988,312,7
239,25,7,86
312,239,86,6348
7,312,6348,351
86,7,351,24
6348,86,24,10
351,6348,10,39863
24,351,39863,2215
10,24,2215,367
39863,10,367,46
2215,39863,46,292
367,2215,292,12
46,367,12,433
292,46,433,4729
12,292,4729,3
433,12,3,828
4729,433,828,21
3,4729,21,2
828,3,2,433
21,828,433,8
2,21,8,30
433,2,30,14
8,433,14,1600
30,8,1600,22380
14,30,22380,3357
1600,14,3357,134
22380,1600,134,2405
3357,22380,2405,7181
134,3357,7181,10
2405,134,10,234
7181,2405,234,73
10,7181,73,2
234,10,2,433
73,234,433,30
2,73,30,55
433,2,55,67014
30,433,67014,12230
55,30,12230,3480
67014,55,3480,1460
12230,67014,1460,82828
3480,12230,82828,969
1460,3480,969,2215
82828,1460,2215,4
969,82828,4,15256
2215,969,15256,63161
4,2215,63161,1076
15256,4,1076,270
63161,15256,270,2967
1076,63161,2967,67228
270,1076,67228,9073
2967,270,9073,34852
67228,2967,34852,26235
9073,67228,26235,50315
34852,9073,50315,11346
26235,34852,11346,31372
50315,26235,31372,693
11346,50315,693,310
3640,308,3640,221
356,3640,221,277
3640,356,277,793
221,3640,793,5
277,221,5,589
793,277,589,5
5,793,5,125
589,5,125,4193
5,589,4193,3
125,5,3,1772
4193,125,1772,1396
3,4193,1396,12
1772,3,12,1392
1396,1772,1392,2573
12,1396,2573,221
1392,12,221,277
2573,1392,277,793
221,2573,793,5
277,221,5,589
793,277,589,5
5,793,5,125
589,5,125,4193
5,589,4193,3
125,5,3,1772
4193,125,1772,1396
3,4193,1396,12
1772,3,12,1392
1396,1772,1392,2573
12,1396,2573,336
1392,12,336,15
2573,1392,15,4237
336,2573,4237,162
15,336,162,82
4237,15,82,4
162,4237,4,32
82,162,32,69
4,82,69,82
32,4,82,84
69,32,84,2195
82,69,2195,7272
84,82,7272,221
2195,84,221,3861
7272,2195,3861,291
221,7272,291,2
3861,221,2,58
291,3861,58,123
2,291,123,11232
58,2,11232,9
123,58,9,370
11232,123,370,6
9,11232,6,454
370,9,454,2
6,370,2,92
454,6,92,710
2,454,710,3440
92,2,3440,38
710,92,38,210
3440,710,210,5
38,3440,5,343
210,38,343,194
5,210,194,484
343,5,484,3
194,343,3,72
484,194,72,51
3,484,51,125
72,3,125,50
51,72,50,277
125,51,277,12
50,125,12,1392
277,50,1392,2573
12,277,2573,4
1392,12,4,62
2573,1392,62,3312
4,2573,3312,38
62,4,38,825
3312,62,825,16
38,3312,16,9
825,38,9,221
16,825,221,3
9,16,3,123
221,9,123,1871
3,221,1871,664
123,3,664,5
1871,123,5,9238
664,1871,9238,6
5,664,6,2
9238,5,2,372
6,9238,372,105
2,6,105,343
372,2,343,72
105,372,72,44
343,105,44,126
72,343,126,150
44,72,150,85
126,44,85,30
150,126,30,99
85,150,99,2420
30,85,2420,51
99,30,51,14
2420,99,14,88
51,2420,88,253
14,51,253,2015
88,14,2015,1864
253,88,1864,59
2015,253,59,30
1864,2015,30,822
59,1864,822,363
30,59,363,482
822,30,482,5
363,822,5,1772
482,363,1772,1396
5,482,1396,125
1772,5,125,118
1396,1772,118,326
125,1396,326,24
118,125,24,49
326,118,49,179
24,326,179,125
49,24,125,641
179,49,641,3
125,179,3,49
641,125,49,520
3,641,520,641
49,3,641,23
520,49,23,3694
641,520,3694,5
23,641,5,2
3694,23,2,2217
5,3694,2217,790
2,5,790,7583
2217,2,7583,307
790,2217,307,5
7583,790,5,41
307,7583,41,65
5,307,65,125
41,5,125,6
65,41,6,759
125,65,759,2217
6,125,2217,790
759,6,790,307
2217,759,307,76
790,2217,76,125
307,790,125,82
76,307,82,3163
125,76,3163,5
82,125,5,896
3163,82,896,82
5,3163,82,50
896,5,50,6500
82,896,6500,19
50,82,19,1396
6500,50,1396,3
19,6500,3,103
1396,19,103,520
3,1396,520,1823
103,3,1823,11
520,103,11,2013
1823,520,2013,197
11,1823,197,60
2013,11,60,425
197,2013,425,6
60,197,6,1206
425,60,1206,8
6,425,8,35
1206,6,35,216
8,1206,216,13
35,8,13,2011
216,35,2011,3
13,216,3,2
2011,13,2,227
3,2011,227,741
2,3,741,8
227,2,8,1396
741,227,1396,4
8,741,4,3372
1396,8,3372,91
4,1396,91,520
3372,4,520,125
91,3372,125,641
520,91,641,3
125,520,3,1754
641,125,1754,92
3,641,92,402
1754,3,402,6
92,1754,6,1345
402,92,1345,3
6,402,3,32
1345,6,32,432
3,1345,432,15775
32,3,15775,3
432,32,3,31549
15775,432,31549,35
3,15775,35,216
31549,3,216,402
35,31549,402,42
216,35,42,125
402,216,125,24
42,402,24,132
125,42,132,109
24,125,109,14
132,24,14,326
109,132,326,19
