620,10,21902,7
213,620,7,2
21902,213,2,1230
7,21902,1230,72
2,7,72,73
1230,2,73,207
72,1230,207,57
73,72,57,7175
207,73,7175,986
57,207,986,1625
7175,57,1625,7
986,7175,7,68
1625,986,68,12600
7,1625,12600,8446
68,7,8446,75
12600,68,75,22
8446,12600,22,91
75,8446,91,5
22,75,5,357
91,22,357,246
5,91,246,15
357,5,15,1036
246,357,1036,3
15,246,3,246
1036,15,246,7727
3,1036,7727,56
246,3,56,5
7727,246,5,780
56,7727,780,87
5,56,87,11
780,5,11,113
87,780,113,2499
11,87,2499,34
113,11,34,3730
2499,113,3730,61
34,2499,61,780
3730,34,780,7
61,3730,7,246
780,61,246,10
7,780,10,373
246,7,373,4158
10,246,4158,729
373,10,729,5
4158,373,5,4455
729,4158,4455,2091
5,729,2091,82
4455,5,82,1859
2091,4455,1859,118
82,2091,118,4158
1859,82,4158,945
118,1859,945,354
4158,118,354,8
945,4158,8,780
354,945,780,121
8,354,121,17
780,8,17,547
121,780,547,805
17,121,805,5
547,17,5,4
805,547,4,2226
5,805,2226,5
4,5,5,2
2226,4,2,3730
5,2226,3730,6
2,5,6,2499
3730,2,2499,7
6,3730,7,174
2499,6,174,149
7,2499,149,9
174,7,9,899
149,174,899,5
9,149,5,2
899,9,2,282
5,899,282,461
2,5,461,26154
282,2,26154,8005
461,282,8005,3
26154,461,3,45016
8005,26154,45016,4
3,8005,4,5706
45016,3,5706,1817
4,45016,1817,45
5706,4,45,780
1817,5706,780,7
45,1817,7,2470
780,45,2470,2499
7,780,2499,3242
2470,7,3242,7
2499,2470,7,8827
3242,2499,8827,25
7,3242,25,21
8827,7,21,116
25,8827,116,51
21,25,51,40
116,21,40,2500
51,116,2500,12798
40,51,12798,3
2500,40,3,96
12798,2500,96,95
3,12798,95,1184
96,3,1184,37
95,96,37,780
1184,95,780,82
37,1184,82,928
780,37,928,11
82,780,11,14
928,82,14,17427
11,928,17427,51
14,11,51,469
17427,14,469,5
51,17427,5,3996
469,51,3996,29233
5,469,29233,1263
3996,5,1263,7
29233,3996,7,25
1263,29233,25,488
7,1263,488,98
25,7,98,147
488,25,147,3
98,488,3,995
147,98,995,16
3,147,16,332
995,3,332,3793
16,995,3793,23009
332,16,23009,3181
3793,332,3181,37
23009,3793,37,780
3181,23009,780,82
37,3181,82,4
780,37,4,37
82,780,37,22
4,82,22,2226
37,4,2226,37
22,37,37,1329
2226,22,1329,201
37,2226,201,37
1329,37,37,1684
201,1329,1684,9
37,201,9,515
1684,37,515,1263
9,1684,1263,5
515,9,5,2268
1263,515,2268,73
5,1263,73,20
2268,5,20,42
73,2268,42,93
20,73,93,10
42,20,10,593
93,42,593,2973
10,93,2973,297
593,10,297,6
2973,593,6,780
297,2973,780,7
6,297,7,118
780,6,118,4092
7,780,4092,19
118,7,19,986
4092,118,986,535
19,4092,535,4397
986,19,4397,52
535,986,52,33
4397,535,33,937
52,4397,937,3853
33,52,3853,2886
937,33,2886,9
3853,937,9,128
2886,3853,128,205
9,2886,205,33
128,9,33,137
205,128,137,8
33,205,8,12
137,33,12,932
8,137,932,4
12,8,4,6
932,12,6,257
4,932,257,780
6,4,780,317
257,6,317,875
780,257,875,171
317,780,171,1268
875,317,1268,4303
171,875,4303,1677
1268,171,1677,780
4303,1268,780,2973
1677,4303,2973,509
780,1677,509,4
2973,780,4,93
509,2973,93,7002
4,509,7002,370
93,4,370,1985
7002,93,1985,4
370,7002,4,3246
1985,370,3246,986
4,1985,986,780
3246,4,780,535
986,3246,535,555
780,986,555,75
535,780,75,2312
555,535,2312,535
75,555,535,349
2312,75,349,10
535,2312,10,2
349,535,2,1357
10,349,1357,2
2,10,2,8
1357,2,8,986
2,1357,986,780
8,2,780,535
986,8,535,73
780,986,73,23009
535,780,23009,300
73,535,300,4
23009,73,4,1253
300,23009,1253,5180
4,300,5180,16
1253,4,16,15015
5180,1253,15015,5
16,5180,5,5890
15015,16,5890,59718
5,15015,59718,16344
5890,5,16344,1160
59718,5890,1160,5
16344,59718,5,43
1160,16344,43,4
5,1160,4,701
43,5,701,4303
4,43,4303,3919
701,4,3919,122
4303,701,122,1873
3919,4303,1873,5
122,3919,5,191
1873,122,191,6
5,1873,6,43
191,5,43,14
6,191,14,3210
43,6,3210,24
14,43,24,4188
3210,14,4188,2037
24,3210,2037,3
4188,24,3,2028
2037,4188,2028,2439
3,2037,2439,9399
2028,3,9399,280
2439,2028,280,554
9399,2439,554,288
280,9399,288,4
554,280,4,105
288,554,105,191
4,288,191,7
105,4,7,118
191,105,118,3173
7,191,3173,24
118,7,24,701
3173,118,701,4303
24,3173,4303,3
701,24,3,1268
4303,701,1268,4303
3,4303,4303,989
1268,3,989,2770
4303,1268,2770,5
989,4303,5,1677
2770,989,1677,780
5,2770,780,24
1677,5,24,652
780,1677,652,3
24,780,3,389
652,24,389,7
3,652,7,2052
389,3,2052,5
7,389,5,20
2052,7,20,15485
5,2052,15485,4428
20,5,4428,4
15485,20,4,288
4428,15485,288,578
4,4428,578,336
288,4,336,20
4,28648,409,143
28229,4,143,35
409,28229,35,182
143,409,182,585
35,143,585,12
182,35,12,150
585,182,150,11328
12,585,11328,930
150,12,930,20
11328,150,20,66
930,11328,66,99
20,930,99,877
66,20,877,6
99,66,6,853
877,99,853,170
6,877,170,227
853,6,227,92
170,853,92,608
227,170,608,11939
92,227,11939,7580
608,92,7580,6
11939,608,6,1538
7580,11939,1538,68
6,7580,68,14
1538,6,14,12208
68,1538,12208,24250
14,68,24250,853
12208,14,853,1658
24250,12208,1658,184
853,24250,184,3
1658,853,3,284
184,1658,284,307
3,184,307,442
284,3,442,122
307,284,122,19782
442,307,19782,1538
122,442,1538,14
19782,122,14,8147
1538,19782,8147,1013
14,1538,1013,15
8147,14,15,128
1013,8147,128,60
15,1013,60,545
128,15,545,365
60,128,365,98302
545,60,98302,930
365,545,930,285
98302,365,285,62
930,98302,62,529
285,930,529,3407
62,285,3407,1670
529,62,1670,175
3407,529,175,226
1670,3407,226,119
175,1670,119,4
226,175,4,1290
119,226,1290,545
4,119,545,2
1290,4,2,149
545,1290,149,2
2,545,2,175
149,2,175,1237
2,149,1237,4
175,2,4,7403
1237,175,7403,397
4,1237,397,4
7403,4,4,2877
397,7403,2877,8
4,397,8,226
2877,4,226,5826
8,2877,5826,545
226,8,545,16
5826,226,16,21
545,5826,21,3671
16,545,3671,585
21,16,585,640
3671,21,640,41
585,3671,41,65
640,585,65,2
41,640,2,568
65,41,568,5
2,65,5,227
568,2,227,141
5,568,141,1448
227,5,1448,3
141,227,3,1486
1448,141,1486,38
3,1448,38,44646
1486,3,44646,18
38,1486,18,241
44646,38,241,6486
18,44646,6486,8
241,18,8,10
6486,241,10,7
8,6486,7,831
10,8,831,3
7,10,3,2041
831,7,2041,434
3,831,434,5
2041,3,5,98
434,2041,98,13068
5,434,13068,6
98,5,6,853
13068,98,853,12
6,13068,12,20
853,6,20,3232
12,853,3232,348
20,12,348,150
3232,20,150,2627
348,3232,2627,5
150,348,5,4499
2627,150,4499,1418
5,2627,1418,18592
4499,5,18592,54
1418,4499,54,7
18592,1418,7,68
54,18592,68,508
7,54,508,2
68,7,2,226
508,68,226,181
2,508,181,708
226,2,708,29
181,226,29,90
708,181,90,45
29,708,45,234
90,29,234,3
45,90,3,18592
234,45,18592,853
3,234,853,2
18592,3,2,4
853,18592,4,344
2,853,344,21282
4,2,21282,5
344,4,5,43
21282,344,43,545
5,21282,545,3407
43,5,3407,87
545,43,87,26
3407,545,26,16
87,3407,16,86
26,87,86,7580
16,26,7580,8
86,16,8,18
7580,86,18,47
8,7580,47,398
18,8,398,2825
47,18,2825,74
398,47,74,2
2825,398,2,241
74,2825,241,1088
2,74,1088,5
241,2,5,60
1088,241,60,7278
5,1088,7278,1538
60,5,1538,5
7278,60,5,1419
1538,7278,1419,4
5,1538,4,1237
1419,5,1237,397
4,1419,397,5
1237,4,5,48
397,1237,48,14294
5,397,14294,6
48,5,6,2744
14294,48,2744,4721
6,14294,4721,4
2744,6,4,2647
4721,2744,2647,21522
4,4721,21522,66
2647,4,66,877
21522,2647,877,154
66,21522,154,1865
877,66,1865,2
154,877,2,1088
1865,154,1088,5
2,1865,5,306
1088,2,306,14036
5,1088,14036,6
306,5,6,70
14036,306,70,166
6,14036,166,62914
70,6,62914,2186
166,70,2186,1356
62914,166,1356,242
2186,62914,242,8
1356,2186,8,391
242,1356,391,16
8,242,16,9443
391,8,9443,15
16,391,15,567
9443,16,567,5
15,9443,5,8598
567,15,8598,4
5,567,4,1720
8598,5,1720,217
4,8598,217,5
1720,4,5,545
217,1720,545,31
5,217,31,154
545,5,154,24
31,545,24,6038
154,31,6038,907
24,154,907,4
6038,24,4,16
907,6038,16,2726
4,907,2726,62
16,4,62,3
2726,16,3,628
62,2726,628,2333
3,62,2333,4
628,3,4,6
2333,628,6,264
4,2333,264,66
6,4,66,88
264,6,88,35
66,264,35,18
88,66,18,2697
35,88,2697,3067
18,35,3067,4499
2697,18,4499,188
3067,2697,188,160
4499,3067,160,211
188,4499,211,1659
160,188,1659,4658
211,160,4658,807
1659,211,807,3
4658,1659,3,930
807,4658,930,853
3,807,853,4
930,3,4,677
853,930,677,853
4,853,853,2718
677,4,2718,854
853,677,854,8
2718,853,8,18
854,2718,18,160
8,854,160,51
18,8,51,4
160,18,4,62
51,160,62,545
4,51,545,1346
62,4,1346,6
545,62,6,55545
1346,545,55545,842
6,1346,842,269
55545,6,269,13518
842,55545,13518,6770
269,842,6770,441
13518,269,441,95
6770,13518,95,648
441,6770,648,6
95,441,6,2
648,95,2,251
6,648,251,15
2,6,15,523
251,2,523,298
15,251,298,254
523,15,254,8
298,523,8,989
254,298,989,160
8,254,160,6
989,8,6,391
160,989,391,465
6,160,465,345
391,6,345,3
465,391,3,2
345,465,2,3013
3,345,3013,1639
2,3,1639,6
3013,2,6,930
1639,3013,930,853
6,1639,853,122
930,6,122,1659
853,930,1659,4
122,853,4,545
1659,122,545,6578
4,1659,6578,29
545,4,29,39
6578,545,39,854
29,6578,854,4
39,29,4,57
854,39,57,648
4,854,648,6770
57,4,6770,28
648,57,28,16
6770,648,16,1093
28,6770,1093,3
16,28,3,1577
1093,16,1577,545
3,1093,545,3407
1577,3,3407,46
545,1577,46,4
3407,545,4,545
46,3407,545,100
4,46,100,244
545,4,244,46
100,545,46,6
244,100,6,241
46,244,241,98121
6,46,98121,160
241,6,160,208
98121,241,208,505
160,98121,505,3853
208,160,3853,6770
505,208,6770,28
3853,505,28,7
6770,3853,7,2084
28,6770,2084,8
7,28,8,74
2084,7,74,235
8,2084,235,568
74,8,568,52
235,74,52,30
568,235,30,942
52,568,942,1285
30,52,1285,3
942,30,3,20
1285,942,20,160
3,1285,160,30
20,3,30,34
160,20,34,137
30,160,137,1804
34,30,1804,72953
137,34,72953,26696
1804,137,26696,63
72953,1804,63,5
26696,72953,5,70
63,26696,70,3747
5,63,3747,5
70,5,5,1659
3747,70,1659,28
5,3747,28,8
1659,5,8,7616
28,1659,7616,18592
8,28,18592,853
7616,8,853,16
18592,7616,16,416
853,18592,416,8
16,853,8,226
416,16,226,744
8,416,744,12
226,8,12,501
744,226,501,10709
12,744,10709,930
501,12,930,3
10709,501,3,741
930,10709,741,1659
3,930,1659,4
741,3,4,391
1659,741,391,13
4,1659,13,784
391,4,784,853
13,391,853,121
784,13,121,3551
853,784,3551,2
121,853,2,160
3551,121,160,5
2,3551,5,376
160,2,376,11
5,160,11,28
376,5,28,2272
11,376,2272,3
28,11,3,71
2272,28,71,252
3,2272,252,7693
71,3,7693,8
252,71,8,545
7693,252,545,16
8,7693,16,749
545,8,749,196
16,545,196,136
749,16,136,60
196,749,60,470
136,196,470,10709
60,136,10709,930
470,60,930,5
10709,470,5,5720
930,10709,5720,103770
5,930,103770,86
5720,5,86,7
103770,5720,7,53
86,103770,53,2117
7,86,2117,5
53,7,5,13498
2117,53,13498,416
5,2117,416,8
13498,5,8,67
416,13498,67,1015
8,416,1015,18
67,8,18,2503
1015,67,2503,104
18,1015,104,759
2503,18,759,18592
104,2503,18592,853
759,104,853,285
18592,759,285,62
853,18592,62,8
285,853,8,788
62,285,788,5
8,62,5,3232
788,8,3232,4
5,788,4,17824
3232,5,17824,903
4,3232,903,15
17824,4,15,6678
903,17824,6678,115
15,903,115,21
6678,15,21,179
115,6678,179,26696
21,115,26696,28
179,21,28,6
26696,179,6,2
28,26696,2,97503
6,28,97503,23
2,6,23,43
97503,2,43,166
23,97503,166,4
43,23,4,432
166,43,432,391
4,166,391,18
432,4,18,533
391,432,533,18592
18,391,18592,207
533,18,207,103
18592,533,103,66
207,18592,66,170
103,207,170,341
66,103,341,7580
170,66,7580,7
341,170,7,133
7580,341,133,88
7,7580,88,2176
133,7,2176,705
88,133,705,5
2176,88,5,1418
705,2176,1418,4
5,705,4,87
1418,5,87,10
4,1418,10,13
87,4,13,47
10,87,47,6
13,10,6,236
47,13,236,9
6,47,9,25
236,6,25,241
9,236,241,10
25,9,10,55
241,25,55,800
10,241,800,3632
55,10,3632,79
800,55,79,660
3632,800,660,5
79,3632,5,2186
660,79,2186,4
5,660,4,188
2186,5,188,27736
4,2186,27736,1574
188,4,1574,4735
27736,188,4735,8
1574,27736,8,2670
4735,1574,2670,1312
8,4735,1312,7
2670,8,7,816
1312,2670,816,3
7,1312,3,610
816,7,610,595
3,816,595,434
610,3,434,5
595,610,5,20
434,595,20,66
5,434,66,1639
20,5,1639,4
66,20,4,26
1639,66,26,28
4,1639,28,10
26,4,10,196
28,26,196,850
10,28,850,3
196,10,3,468
850,196,468,229
3,850,229,284
468,3,284,16
229,468,16,1096
284,229,1096,5
16,284,5,2
1096,16,2,1420
5,1096,1420,36
2,5,36,72
1420,2,72,2
36,1420,2,51582
72,36,51582,39
2,72,39,284
51582,2,284,46
39,51582,46,12
284,39,12,2
46,284,2,2004
12,46,2004,5
2,12,5,3
2004,2,3,46
5,2004,46,62
3,5,62,23178
46,3,23178,689
62,46,689,6
23178,62,6,24250
689,23178,24250,2727
6,689,2727,4
24250,6,4,1569
2727,24250,1569,4
4,2727,4,2
1569,4,2,30414
4,1569,30414,1639
2,4,1639,6
30414,2,6,19782
1639,30414,19782,2727
6,1639,2727,19782
19782,6,19782,1569
2727,19782,1569,853
19782,2727,853,50
1569,19782,50,9551
853,1569,9551,102398
50,853,102398,18
9551,50,18,4517
102398,9551,4517,4860
18,102398,4860,170
4517,18,170,99
4860,4517,99,7580
170,4860,7580,6
99,170,6,4
7580,99,4,640
6,7580,640,20
4,6,20,66
640,4,66,877
20,640,877,16
66,20,16,165
877,66,165,223
16,877,223,1522
165,16,1522,886
223,165,886,19
1522,223,19,70
886,1522,70,26449
19,886,26449,853
70,19,853,62
26449,70,62,8
853,26449,8,129
62,853,129,5
8,62,5,28648
129,8,28648,4
5,129,4,129
28648,5,129,5
4,28648,5,28229
129,4,28229,16
5,129,16,21
28229,5,21,1050
16,28229,1050,41121
21,16,41121,6
1050,21,6,1569
41121,1050,1569,6
6,41121,6,2727
1569,6,2727,129
6,1569,129,5
2727,6,5,28648
129,2727,28648,4
5,129,4,129
28648,5,129,5
4,28648,5,28229
129,4,28229,16
5,129,16,21
28229,5,21,1050
16,28229,1050,92235
21,16,92235,39
1050,21,39,561
92235,1050,561,68
39,92235,68,62
561,39,62,62
68,561,62,35
62,68,35,4
62,62,4,529
35,62,529,1163
4,35,1163,4535
529,4,4535,626
1163,529,626,35
4535,1163,35,1538
626,4535,1538,11340
35,626,11340,226
1538,35,226,15
11340,1538,15,41
226,11340,41,35
15,226,35,998
41,15,998,853
35,41,853,8
998,35,8,1658
853,998,1658,511
8,853,511,65
1658,8,65,443
511,1658,443,39
65,511,39,24
443,65,24,1163
39,443,1163,14
24,39,14,2409
1163,24,2409,41
14,1163,41,1280
2409,14,1280,12
41,2409,12,932
1280,41,932,1538
12,1280,1538,223
932,12,223,2744
1538,932,2744,391
223,1538,391,213
2744,223,213,14
391,2744,14,3748
213,391,3748,1013
14,213,1013,15
3748,14,15,13
1013,3748,13,76
15,1013,76,5
13,15,5,1247
76,13,1247,1639
5,76,1639,6
1247,5,6,226
1639,1247,226,4
6,1639,4,14
226,6,14,86
4,226,86,35
14,4,35,3
86,14,3,137
35,86,137,877
3,35,877,6
137,3,6,161
877,137,161,1073
6,877,1073,23
161,6,23,161
1073,161,161,1916
23,1073,1916,446
161,23,446,26
1916,161,26,324
446,1916,324,2
26,446,2,1979
324,26,1979,3481
2,324,3481,90
1979,2,90,41
3481,1979,41,545
90,3481,545,15
41,90,15,7452
545,41,7452,4
15,545,4,13892
7452,15,13892,2333
4,7452,2333,681
13892,4,681,65
2333,13892,65,126
681,2333,126,1825
65,681,1825,10
126,65,10,6
1825,126,6,368
10,1825,368,15
6,10,15,57
368,6,57,3988
15,368,3988,847
57,15,847,16764
3988,57,16764,150
847,3988,150,1420
16764,847,1420,3229
150,16764,3229,76
1420,150,76,5
3229,1420,5,911
76,3229,911,443
5,76,443,6
911,5,6,133
443,911,133,23
6,443,23,19782
133,6,19782,446
23,133,446,24250
19782,23,24250,853
446,19782,853,50
24250,446,50,3748
853,24250,3748,10
50,853,10,14
3748,50,14,373
10,3748,373,60
14,10,60,6
373,14,6,2
60,373,2,3681
6,60,3681,8
2,6,8,312
3681,2,312,650
8,3681,650,391
312,8,391,213
650,312,213,241
391,650,241,13
213,391,13,2
241,213,2,2326
13,241,2326,2
2,13,2,42
2326,2,42,5
2,2326,5,226
42,2,226,88
5,42,88,1474
226,5,1474,13
88,226,13,196
1474,88,196,56
13,1474,56,9
196,13,9,10
56,196,10,4390
9,56,4390,12
10,9,12,82910
4390,10,82910,391
12,4390,391,4857
82910,12,4857,38161
391,82910,38161,14362
4857,391,14362,2920
38161,4857,2920,1330
14362,38161,1330,6
2920,14362,6,177
1330,2920,177,3
6,1330,3,312
177,6,312,341
3,177,341,6783
312,3,6783,5
341,312,5,677
6783,341,677,853
5,6783,853,35
677,5,35,854
853,677,854,11
35,853,11,68
