208,7,9,476
106,208,476,8
9,106,8,40
476,9,40,1671
8,476,1671,130
40,8,130,82004
1671,40,82004,13
130,1671,13,47
82004,130,47,3397
13,82004,3397,6
47,13,6,795
3397,47,795,4468
6,3397,4468,6
795,6,6,150
4468,795,150,199
6,4468,199,4
150,6,4,1186
199,150,1186,6
4,199,6,341
1186,4,341,360
6,1186,360,35
341,6,35,2
360,341,2,149
35,360,149,29
2,35,29,90
149,2,90,31
29,149,31,2214
90,29,2214,667
31,90,667,185
2214,31,185,761
667,2214,761,8
185,667,8,3
761,185,3,160
8,761,160,4
3,8,4,52
160,3,52,593
4,160,593,1158
52,4,1158,121
593,52,121,5011
1158,593,5011,1293
121,1158,1293,38
5011,121,38,114
1293,5011,114,61
38,1293,61,9
114,38,9,3082
61,114,3082,949
9,61,949,77
3082,9,77,247
949,3082,247,175
77,949,175,305
247,77,305,4
175,247,4,19556
305,175,19556,330
4,305,330,628
19556,4,628,694
330,19556,694,173
628,330,173,324
694,628,324,59
173,694,59,193
324,173,193,19740
59,324,19740,2
193,59,2,2459
19740,193,2459,100921
2,19740,100921,194
2459,2,194,24
100921,2459,24,42
194,100921,42,5
24,194,5,3996
42,24,3996,2271
5,42,2271,4
3996,5,4,704
2271,3996,704,10
4,2271,10,56
704,4,56,5
10,704,5,88271
56,10,88271,194
5,56,194,8
88271,5,8,18
194,88271,18,47
8,194,47,331
18,8,331,25
47,18,25,239
331,47,239,6
25,331,6,20
239,25,20,185
6,239,185,3958
20,6,3958,206
185,20,206,70
3958,185,70,45
206,3958,45,25
70,206,25,976
45,70,976,152
25,45,152,193
976,25,193,1757
152,976,1757,185
193,152,185,1263
1757,193,1263,1003
185,1757,1003,2
1263,185,2,5593
1003,1263,5593,787
2,1003,787,11424
5593,2,11424,10
787,5593,10,1727
11424,787,1727,557
10,11424,557,10387
1727,10,10387,56
557,1727,56,193
10387,557,193,2
56,10387,2,11
193,56,11,27903
2,193,27903,7
11,2,7,21
27903,11,21,2
7,27903,2,5345
21,7,5345,2642
2,21,2642,193
5345,2,193,453
2642,5345,453,4
193,2642,4,33
453,193,33,234
4,453,234,23
33,4,23,194
234,33,194,46
23,234,46,138
194,23,138,27
46,194,27,16
138,46,16,33
27,138,33,2
16,27,2,34581
33,16,34581,6146
2,33,6146,1460
34581,2,1460,931
6146,34581,931,55
1460,6146,55,33
931,1460,33,25
55,931,25,2727
33,55,2727,256
25,33,256,728
2727,25,728,34
256,2727,34,33
728,256,33,2307
34,728,2307,103
33,34,103,45
2307,33,45,74
103,2307,74,164
45,103,164,1025
74,45,1025,305
164,74,305,206
1025,164,206,25
305,1025,25,33
206,305,33,2615
25,206,2615,827
33,25,827,189
2615,33,189,206
827,2615,206,18
189,827,18,112
206,189,112,217
18,206,217,64206
112,18,64206,9666
217,112,9666,104
64206,217,104,194
9666,64206,194,15
104,9666,15,95
194,104,95,23
15,194,23,135
95,15,135,185
23,95,185,80
135,23,80,286
185,135,286,8
80,185,8,343
286,80,343,14
8,286,14,243
343,8,243,12
14,343,12,19
243,14,19,390
12,243,390,11
19,12,11,28
390,19,28,48
11,390,48,162
28,11,162,50
48,28,50,331
162,48,331,14
50,162,14,54
331,50,54,5
14,331,5,33
54,14,33,7
5,54,7,41
33,5,41,19892
7,33,19892,4
41,7,4,106057
19892,41,106057,5
4,19892,5,57
106057,4,57,58
5,106057,58,94
57,5,94,630
58,57,630,3
94,58,3,93
630,94,93,6
3,630,6,12
93,3,12,787
6,93,787,7135
12,6,7135,9
787,12,9,152
7135,787,152,1187
9,7135,1187,126
152,9,126,1571
1187,152,1571,14
126,1187,14,74
1571,126,74,38
14,1571,38,808
74,14,808,50
38,74,50,68
808,38,68,5003
50,808,5003,37
68,50,37,25012
5003,68,25012,1152
37,5003,1152,5
25012,37,5,3996
1152,25012,3996,2414
5,1152,2414,75
3996,5,75,185
2414,3996,185,931
75,2414,931,69
185,75,69,1286
931,185,1286,1732
69,931,1732,37
1286,69,37,15439
1732,1286,15439,461
37,1732,461,5
15439,37,5,1841
461,15439,1841,59648
5,461,59648,3779
1841,5,3779,202
59648,1841,202,150
3779,59648,150,802
202,3779,802,31
150,202,31,365
802,150,365,302
31,802,302,5
365,31,5,185
302,365,185,20
5,302,20,66
185,5,66,4
20,185,4,146
66,20,146,224
4,66,224,15
146,4,15,1193
224,146,1193,39
15,224,39,1970
1193,15,1970,68
39,1193,68,1188
1970,39,1188,9995
68,1970,9995,75
1188,68,75,185
9995,1188,185,4
75,9995,4,28
185,75,28,160
4,185,160,40
28,4,40,17
160,28,17,146
40,160,146,3
17,40,3,475
146,17,475,65736
3,146,65736,272
475,3,272,31
65736,475,31,13
272,65736,13,47
31,272,47,2043
13,31,2043,5
47,13,5,719
2043,47,719,6
5,2043,6,199
719,5,199,223
6,719,223,58
199,6,58,170
223,199,170,878
58,223,878,138
170,58,138,27
878,170,27,621
138,878,621,22
27,138,22,83
621,27,83,442
22,621,442,330
83,22,330,640
442,83,640,2
330,442,2,6025
640,330,6025,659
2,640,659,3
6025,2,3,64
659,6025,64,6
3,659,6,76
64,3,76,5
6,64,5,88
76,6,88,264
5,76,264,930
88,5,930,161
264,88,161,2998
930,264,2998,4
161,930,4,6
2998,161,6,452
4,2998,452,27
6,4,27,1714
452,6,1714,22
27,452,22,1630
1714,27,1630,368
22,1714,368,37
1630,22,37,1111
368,1630,1111,487
37,368,487,4
1111,37,4,2720
487,1111,2720,2429
4,487,2429,224
2720,4,224,12
2429,2720,12,506
224,2429,506,4
12,224,4,238
506,12,238,815
4,506,815,29
238,4,29,27
815,238,27,1527
29,815,1527,14
27,29,14,2
1527,27,2,705
14,1527,705,186
2,14,186,60394
705,2,60394,65
186,705,65,12
60394,186,12,3738
65,60394,3738,36
12,65,36,6
3738,12,6,544
36,3738,544,11595
6,36,11595,39
544,6,39,195
11595,544,195,6
39,11595,6,76
195,39,76,199
6,195,199,931
76,6,931,1270
199,76,1270,4178
931,199,4178,4889
1270,931,4889,22
4178,1270,22,564
4889,4178,564,2
22,4889,2,3478
564,22,3478,272
2,564,272,12
3478,2,12,695
272,3478,695,11
12,272,11,13
695,12,13,186
11,695,186,876
13,11,876,60
186,13,60,65
876,186,65,462
60,876,462,98
65,60,98,57
462,65,57,94
98,462,94,4
57,98,4,59
94,57,59,11
4,94,11,13
59,4,13,3939
11,59,3939,11
13,11,11,7
3939,13,7,334
11,3939,334,3
7,11,3,514
334,7,514,10
3,334,10,331
514,3,331,9
10,514,9,2
331,10,2,3761
9,331,3761,11
2,9,11,1461
3761,2,1461,22
11,3761,22,1318
1461,11,1318,3
22,1461,3,113
1318,22,113,5
3,1318,5,491
113,3,491,2
5,113,2,127
491,5,127,1201
2,491,1201,375
127,2,375,889
1201,127,889,5
375,1201,5,589
889,375,589,5
5,889,5,45
589,5,45,608
5,589,608,3
45,5,3,468
608,45,468,180
3,608,180,8
468,3,8,7
180,468,7,816
8,180,816,3
7,8,3,25
816,7,25,10
3,816,10,11
25,3,11,68
10,25,68,819
11,10,819,7524
68,11,7524,5
819,68,5,22
7524,819,22,8221
5,7524,8221,23
22,5,23,60
8221,22,60,59
23,8221,59,3341
60,23,3341,22
59,60,22,436
3341,59,436,497
22,3341,497,240
436,22,240,4
497,436,4,57
240,497,57,288
4,240,288,38914
57,4,38914,931
288,57,931,196
38914,288,196,365
931,38914,365,924
196,931,924,3
365,196,3,1195
924,365,1195,142
3,924,142,12
1195,3,12,3996
142,1195,3996,797
12,142,797,59
3996,12,59,4854
797,3996,4854,26038
59,797,26038,331
4854,59,331,37
26038,4854,37,931
331,26038,931,1648
37,331,1648,15
931,37,15,2
1648,931,2,1534
15,1648,1534,4918
2,15,4918,5
1534,2,5,12207
4918,1534,12207,4221
5,4918,4221,931
12207,5,931,8431
4221,12207,8431,1336
931,4221,1336,98
8431,931,98,2278
1336,8431,2278,4
98,1336,4,228
2278,98,228,3181
4,2278,3181,3057
228,4,3057,92462
3181,228,92462,209
3057,3181,209,931
92462,3057,931,17578
209,92462,17578,6
931,209,6,2
17578,931,2,11811
6,17578,11811,339
2,6,339,9
11811,2,9,733
339,11811,733,4
9,339,4,132
733,9,132,322
4,733,322,41
132,4,41,194
322,132,194,37
41,322,37,22
194,41,22,304
37,194,304,6
22,37,6,44
304,22,44,805
6,304,805,29
44,6,29,59
805,44,59,26038
29,805,26038,630
59,29,630,3
26038,59,3,663
630,26038,663,61
3,630,61,787
663,3,787,7854
61,663,7854,4
787,61,4,931
7854,787,931,365
4,7854,365,56
931,4,56,137
365,931,137,11
56,365,11,28
137,56,28,26
11,137,26,76611
28,11,76611,1560
26,28,1560,4842
76611,26,4842,19
1560,76611,19,90
4842,1560,90,2
19,4842,2,13368
90,19,13368,12734
2,90,12734,6
13368,2,6,2202
12734,13368,2202,185
6,12734,185,1315
2202,6,1315,3
185,2202,3,93
1315,185,93,41
3,1315,41,876
93,3,876,60
41,93,60,20
876,41,20,60
60,876,60,65
20,60,65,98
60,20,98,5
65,60,5,49
98,65,49,970
5,98,970,46
49,5,46,6
970,49,6,177
46,970,177,19
6,46,19,7809
177,6,7809,2271
19,177,2271,29
7809,19,29,122
2271,7809,122,11
29,2271,11,324
122,29,324,409
11,122,409,2
324,11,2,28272
409,324,28272,4
2,409,4,1266
28272,2,1266,42
4,28272,42,5
1266,4,5,49
42,1266,49,325
5,42,325,441
49,5,441,5
325,49,5,792
441,325,792,23
5,441,23,6622
792,5,6622,2
23,792,2,568
6622,23,568,404
2,6622,404,1560
568,2,1560,7
404,568,7,21
1560,404,21,18
7,1560,18,2
21,7,2,7201
18,21,7201,917
2,18,917,15
7201,2,15,27
917,7201,27,36
15,917,36,98
27,15,98,5
36,27,5,11187
98,36,11187,57
5,98,57,378
11187,5,378,94
57,11187,94,31
378,57,31,365
94,378,365,177
31,94,177,132
365,31,132,18
177,365,18,576
132,177,576,41
18,132,41,2545
576,18,2545,65
41,576,65,12543
2545,41,12543,866
65,2545,866,457
12543,65,457,2
866,12543,2,387
457,866,387,24
2,457,24,1854
387,2,1854,14
24,387,14,42
1854,24,42,5
14,1854,5,258
42,14,258,94
5,42,94,15
258,5,15,28546
94,258,28546,985
15,94,985,5
28546,15,5,12897
985,28546,12897,22
5,985,22,315
12897,5,315,3
22,12897,3,4947
315,22,4947,79
3,315,79,436
4947,3,436,185
79,4947,185,50
436,79,50,1138
185,436,1138,6871
50,185,6871,1221
1138,50,1221,2071
6871,1138,2071,13
1221,6871,13,22
2071,1221,22,2162
13,2071,2162,532
22,13,532,5
2162,22,5,14319
532,2162,14319,5017
5,532,5017,29
14319,5,29,281
5017,14319,281,13630
29,5017,13630,40189
281,29,40189,272
13630,281,272,31
40189,13630,31,13
272,40189,13,1522
31,272,1522,403
13,31,403,9
1522,13,9,20
403,1522,20,1701
9,403,1701,132
20,9,132,18
1701,20,18,47
132,1701,47,256
18,132,256,728
47,18,728,498
256,47,498,5
728,256,5,742
498,728,742,31
5,498,31,13
742,5,13,630
31,742,630,3
13,31,3,155
630,13,155,75
3,630,75,17361
155,3,17361,1158
75,155,1158,1996
17361,75,1996,8342
1158,17361,8342,627
1996,1158,627,5
8342,1996,5,1058
627,8342,1058,1111
5,627,1111,4
1058,5,4,4
1111,1058,4,117
4,1111,117,3
4,4,3,713
117,4,713,487
3,117,487,728
713,3,728,3633
487,713,3633,198
728,487,198,1571
3633,728,1571,15
198,3633,15,12814
1571,198,12814,8349
15,1571,8349,1187
12814,15,1187,5
8349,12814,5,931
1187,8349,931,4
5,1187,4,27
931,5,27,2
4,931,2,595
27,4,595,12697
2,27,12697,5
595,2,5,2702
12697,595,2702,39987
5,12697,39987,306
2702,5,306,594
39987,2702,594,7
306,39987,7,8
594,306,8,30
7,594,30,16
8,7,16,12
30,8,12,5589
16,30,5589,714
12,16,714,5
5589,12,5,3637
714,5589,3637,480
5,714,480,31
3637,5,31,55
480,3637,55,21
31,480,21,25
55,31,25,20
21,55,20,262
25,21,262,11
20,25,11,496
262,20,496,1197
11,262,1197,30
496,11,30,147
1197,496,147,2031
30,1197,2031,31
147,30,31,55
2031,147,55,77570
31,2031,77570,7803
55,31,7803,583
77570,55,583,142
7803,77570,142,15
583,7803,15,2
142,583,2,11501
15,142,11501,9309
2,15,9309,37
11501,2,37,728
9309,11501,728,742
37,9309,742,1330
728,37,1330,118
742,728,118,2
1330,742,2,12363
118,1330,12363,24
2,118,24,649
12363,2,649,981
24,12363,981,19
649,24,19,7308
981,649,7308,4
19,981,4,37
7308,19,37,728
4,7308,728,2064
37,4,2064,23
728,37,23,12147
2064,728,12147,1045
23,2064,1045,2296
12147,23,2296,126
1045,12147,126,8
2296,1045,8,444
126,2296,444,401
8,126,401,1199
444,8,1199,1462
401,444,1462,4
1199,401,4,303
1462,1199,303,198
4,1462,198,1375
303,4,1375,5
198,303,5,554
1375,198,554,88104
5,1375,88104,13
554,5,13,2
88104,554,2,5540
13,88104,5540,29
2,13,29,22
5540,2,22,1796
29,5540,1796,324
22,29,324,61
1796,22,61,865
128,170,70,18
66,128,18,2323
70,66,2323,1136
18,70,1136,1280
2323,18,1280,37
1136,2323,37,262
1280,1136,262,1524
37,1280,1524,5
262,37,5,133
1524,262,133,4
5,1524,4,80
133,5,80,63
4,133,63,29
80,4,29,26
63,80,26,415
29,63,415,21
26,29,21,321
415,26,321,1095
21,415,1095,3
321,21,3,2372
1095,321,2372,183
3,1095,183,8620
2372,3,8620,3
183,2372,3,57301
8620,183,57301,129
3,8620,129,5
57301,3,5,70
129,57301,70,1507
5,129,1507,5
70,5,5,233
1507,70,233,184
5,1507,184,3
233,5,3,2
184,233,2,3560
3,184,3560,199
2,3,199,307
3560,2,307,298
199,3560,298,8
307,199,8,61
298,307,61,24
8,298,24,2
61,8,2,129
24,61,129,762
2,24,762,171
129,2,171,92
762,129,92,2631
171,762,2631,29
92,171,29,1878
2631,92,1878,9569
29,2631,9569,170
1878,29,170,117
9569,1878,117,5
170,9569,5,128
117,170,128,43869
5,117,43869,1237
128,5,1237,1562
43869,128,1562,433
1237,43869,433,9283
1562,1237,9283,53
433,1562,53,7
9283,433,7,337
53,9283,337,3
7,53,3,178
337,7,178,20
3,337,20,233
178,3,233,34
20,178,34,23
233,20,23,275
34,233,275,17
23,34,17,497
275,23,497,41
17,275,41,20553
497,17,20553,110
41,497,110,845
20553,41,845,65
110,20553,65,128
845,110,128,103
65,845,103,1159
128,65,1159,24097
103,128,24097,3560
1159,103,3560,2028
24097,1159,2028,102012
3560,24097,102012,481
2028,3560,481,2459
102012,2028,2459,85
481,102012,85,8
2459,481,8,435
85,2459,435,302
8,85,302,5
435,8,5,233
302,435,233,3
5,302,3,42
233,5,42,97
3,233,97,420
42,3,420,4
97,42,4,2335
420,97,2335,7681
4,420,7681,6
2335,4,6,144
7681,2335,144,9
6,7681,9,39
144,6,39,34690
9,144,34690,39
39,9,39,19964
34690,39,19964,199
39,34690,199,346
19964,39,346,8
199,19964,8,88
346,199,88,70
8,346,70,113
88,8,113,233
70,88,233,7
113,70,7,901
233,113,901,65
7,233,65,10
901,7,10,91
65,901,91,3
10,65,3,17
91,10,17,15
3,91,15,2
17,3,2,408
15,17,408,254
2,15,254,10
408,2,10,7
254,408,7,186
10,254,186,658
7,10,658,4
186,7,4,41
658,186,41,1159
4,658,1159,65
41,4,65,10
1159,41,10,14
65,1159,14,2
10,65,2,568
14,10,568,19194
2,14,19194,129
568,2,129,408
19194,568,408,5
129,19194,5,70
408,129,70,44
5,408,44,775
70,5,775,185
44,70,185,16
775,44,16,186
185,775,186,658
16,185,658,65
186,16,65,26
658,186,26,50
65,658,50,66
26,65,66,404
50,26,404,4
66,50,4,129
404,66,129,44
4,404,44,233
129,4,233,7
44,129,7,84
233,44,84,41
7,233,41,1159
84,7,1159,525
41,84,525,97
1159,41,97,368
525,1159,368,70
97,525,70,4
368,97,4,2018
70,368,2018,50
4,70,50,88
2018,4,88,253
50,2018,253,3
88,50,3,44
253,88,44,148
3,253,148,13
44,3,13,63300
148,44,63300,7690
13,148,7690,5
63300,13,5,233
7690,63300,233,16
5,7690,16,271
233,5,271,1177
16,233,1177,70
271,16,70,55
1177,271,55,596
70,1177,596,12
55,70,12,162
596,55,162,4
12,596,4,58
162,12,58,50
4,162,50,37
58,4,37,2748
50,58,2748,253
37,50,253,3
2748,37,3,44
253,2748,44,233
3,253,233,7
44,3,7,901
233,44,901,23107
7,233,23107,122
901,7,122,1557
23107,901,1557,9
122,23107,9,233
1557,122,233,469
9,1557,469,762
233,9,762,70
469,233,70,488
762,469,488,23
70,762,23,275
488,70,275,1855
23,488,1855,10135
275,23,10135,455
1855,275,455,38
10135,1855,38,83
455,10135,83,1102
38,455,1102,23174
83,38,23174,129
1102,83,129,5
23174,1102,5,70
129,23174,70,1507
5,129,1507,5
70,5,5,232
1507,70,232,3093
5,1507,3093,38
232,5,38,847
3093,232,847,122
38,3093,122,190
847,38,190,129
122,847,129,6026
190,122,6026,4
129,190,4,1841
6026,129,1841,129
4,6026,129,16
1841,4,16,3825
129,1841,3825,36
16,129,36,103034
3825,16,103034,50
36,3825,50,19
103034,36,19,239
50,103034,239,88
19,50,88,3765
239,19,3765,947
88,239,947,38
3765,88,38,1102
947,3765,1102,2
38,947,2,2060
1102,38,2060,1727
2,1102,1727,1557
2060,2,1557,1013
1727,2060,1013,3
1557,1727,3,2
1013,1557,2,2060
3,1013,2060,223
2,3,223,679
2060,2,679,4
223,2060,4,2
679,223,2,2060
4,679,2060,223
2,4,223,61585
2060,2,61585,2926
223,2060,2926,18
61585,223,18,47
2926,61585,47,136
18,2926,136,41
47,18,41,1280
136,47,1280,37
41,136,37,38
1280,41,38,83
