59,737,137,3302
26,59,3302,675
137,26,675,24132
3302,137,24132,3495
675,3302,3495,2
24132,675,2,1338
3495,24132,1338,35
2,3495,35,393
1338,2,393,105
35,1338,105,1100
393,35,1100,134
105,393,134,2349
1100,105,2349,26
134,1100,26,113
2349,134,113,149
26,2349,149,52
113,26,52,655
149,113,655,16
52,149,16,25
655,52,25,4106
16,655,4106,10
25,16,10,72
4106,25,72,21
10,4106,21,2
72,10,2,1810
21,72,1810,418
2,21,418,23
1810,2,23,48
418,1810,48,100
23,418,100,4
48,23,4,25
100,48,25,26
4,100,26,1891
25,4,1891,37
26,25,37,57
1891,26,57,210
37,1891,210,817
57,37,817,184
210,57,184,3
817,210,3,654
184,817,654,19
3,184,19,13674
654,3,13674,393
19,654,393,105
13674,19,105,1100
393,13674,1100,4420
105,393,4420,10147
1100,105,10147,4
4420,1100,4,2310
10147,4420,2310,7529
4,10147,7529,26
2310,4,26,277
7529,2310,277,8
26,7529,8,360
277,26,360,1456
8,277,1456,7
360,8,7,1136
1456,360,1136,2098
7,1456,2098,19
1136,7,19,20
2098,1136,20,1322
19,2098,1322,88309
20,19,88309,848
1322,20,848,10
88309,1322,10,313
848,88309,313,70
10,848,70,114
313,10,114,230
70,313,230,18
114,70,18,2
230,114,2,182
18,230,182,3
2,18,3,106
182,2,106,45259
3,182,45259,13
106,3,13,247
45259,106,247,58
13,45259,58,1158
247,13,1158,3038
58,247,3038,87
1158,58,87,5
3038,1158,5,22
87,3038,22,899
5,87,899,5
22,5,5,2100
899,22,2100,922
5,899,922,548
2100,5,548,653
922,2100,653,2410
548,922,2410,2875
653,548,2875,8471
2410,653,8471,6
2875,2410,6,554
8471,2875,554,42420
6,8471,42420,69903
554,6,69903,127
42420,554,127,94
69903,42420,94,6
127,69903,6,1265
94,127,1265,1675
6,94,1675,13
1265,6,13,25
1675,1265,25,37843
13,1675,37843,2511
25,13,2511,4206
37843,25,4206,5
2511,37843,5,25
4206,2511,25,90
5,4206,90,474
25,5,474,70
90,25,70,548
474,90,548,1606
70,474,1606,11
548,70,11,863
1606,548,863,321
11,1606,321,6
863,11,6,11411
321,863,11411,42
6,321,42,360
11411,6,360,3204
42,11411,3204,3944
360,42,3944,17836
3204,360,17836,11
3944,3204,11,13
17836,3944,13,5600
11,17836,5600,26617
13,11,26617,3
5600,13,3,190
26617,5600,190,1449
3,26617,1449,5
190,3,5,311
1449,190,311,585
5,1449,585,356
311,5,356,7
585,311,7,21
356,585,21,1040
7,356,1040,30
21,7,30,44
1040,21,44,371
30,1040,371,27
44,30,27,50056
371,44,50056,251
27,371,251,9
50056,27,9,687
251,50056,687,2497
9,251,2497,5
687,9,5,2161
2497,687,2161,602
5,2497,602,4
2161,5,4,2
602,2161,2,3013
4,602,3013,1018
2,4,1018,12
3013,2,12,48
1018,3013,48,8480
12,1018,8480,449
48,12,449,2406
8480,48,2406,133
449,8480,133,16
2406,449,16,19213
133,2406,19213,3
16,133,3,95
19213,16,95,620
3,19213,620,22
95,3,22,222
620,95,222,292
22,620,292,54
222,22,54,3678
292,222,3678,920
54,292,920,38
3678,54,38,922
920,3678,922,474
38,920,474,9057
922,38,9057,551
474,922,551,1586
9057,474,1586,4
551,9057,4,344
1586,551,344,139
4,1586,139,1601
344,4,1601,765
139,344,765,13
1601,139,13,3206
765,1601,3206,3
13,765,3,358
3206,13,358,37
3,3206,37,371
358,3,371,8471
37,358,8471,2
371,37,2,20477
8471,371,20477,27
2,8471,27,114
20477,2,114,100
27,20477,100,337
114,27,337,9
100,114,9,1017
337,100,1017,51310
9,337,51310,32
1017,9,32,139
51310,1017,139,7
32,51310,7,186
139,32,186,1651
7,139,1651,65
186,7,65,2211
1651,186,2211,11
65,1651,11,7
2211,65,7,1451
11,2211,1451,2
7,11,2,548
1451,7,548,2395
2,1451,2395,899
548,2,899,5
2395,548,5,11462
899,2395,11462,8
5,899,8,1388
11462,5,1388,142
8,11462,142,3
1388,8,3,49
142,1388,49,1043
3,142,1043,252
49,3,252,82
1043,49,82,4
252,1043,4,13
82,252,13,47
4,82,47,6417
13,4,6417,19
47,13,19,49
6417,47,49,2684
19,6417,2684,5
49,19,5,548
2684,49,548,35
5,2684,35,216
548,5,216,61382
35,548,61382,183
216,35,183,1420
61382,216,1420,8
183,61382,8,18
1420,183,18,23274
8,1420,23274,27
18,8,27,3
23274,18,3,1158
27,23274,1158,1190
3,27,1190,16
1158,3,16,2156
1190,1158,2156,6
16,1190,6,135
2156,16,135,289
6,2156,289,428
135,6,428,99946
289,135,99946,145
428,289,145,77
99946,428,77,5718
145,99946,5718,32
77,145,32,6
5718,77,6,452
32,5718,452,4
6,32,4,39
452,6,39,632
4,452,632,4
39,4,4,11
632,39,11,7
4,632,7,4
11,4,4,14846
7,11,14846,2035
4,7,2035,631
14846,4,631,37
2035,14846,37,2
631,2035,2,41741
37,631,41741,145
2,37,145,1641
41741,2,1641,2
145,41741,2,989
1641,145,989,3083
2,1641,3083,5094
989,2,5094,34
3083,989,34,9725
5094,3083,9725,34719
34,5094,34719,1194
9725,34,1194,5
34719,9725,5,270
1194,34719,270,105
5,1194,105,185
270,5,185,4
105,270,4,6141
185,105,6141,845
4,185,845,1927
6141,4,1927,521
845,6141,521,934
1927,845,934,156
521,1927,156,2
934,521,2,4626
156,934,4626,283
2,156,283,299
4626,2,299,4
283,4626,4,361
299,283,361,92760
4,299,92760,5330
361,4,5330,548
92760,361,548,863
5330,92760,863,2284
548,5330,2284,19398
863,548,19398,6
2284,863,6,2948
19398,2284,2948,9
6,19398,9,145
2948,6,145,961
9,2948,961,839
145,9,839,10
961,145,10,4
839,961,4,35802
10,839,35802,92487
4,10,92487,58
35802,4,58,10
92487,35802,10,7
58,92487,7,48111
10,58,48111,76
7,10,76,1304
48111,7,1304,20
76,48111,20,7
1304,76,7,51
20,1304,51,1225
7,20,1225,25
51,7,25,1195
1225,51,1195,94
25,1225,94,455
1195,25,455,1552
94,1195,1552,29
455,94,29,53
1552,455,53,7
29,1552,7,2
53,29,2,4275
7,53,4275,448
2,7,448,8
4275,2,8,2
448,4275,2,675
8,448,675,317
2,8,317,606
675,2,606,2055
317,675,2055,20
606,317,20,66
2055,606,66,929
20,2055,929,271
66,20,271,39
929,66,39,82
271,929,82,36
39,271,36,23
82,39,23,275
36,82,275,41
23,36,41,71871
275,23,71871,576
41,275,576,230
71871,41,230,17
576,71871,17,3834
230,576,3834,27693
17,230,27693,416
3834,17,416,835
27693,3834,835,10
416,27693,10,230
835,416,230,21
10,835,21,17
230,10,17,1292
21,230,1292,11951
17,21,11951,2
1292,17,2,233
11951,1292,233,13
2,11951,13,247
233,2,247,41
13,233,41,12712
247,13,12712,70
41,247,70,100
12712,41,100,2184
70,12712,2184,6
100,70,6,10
2184,100,10,13
6,2184,13,877
10,6,877,70
13,10,70,18
877,13,18,186
70,877,186,2184
18,70,2184,6
186,18,6,233
2184,186,233,65
6,2184,65,26
233,6,26,25
65,233,25,6
26,65,6,98
25,26,98,57
6,25,57,372
98,6,372,70
57,98,70,1182
372,57,1182,82
70,372,82,4
1182,70,4,18
82,1182,18,170
4,82,170,82
18,4,82,184
170,18,184,3
82,170,3,548
184,82,548,2
3,184,2,3560
548,3,3560,103534
2,548,103534,48
3560,2,48,2
103534,3560,2,1408
48,103534,1408,7874
2,48,7874,42
1408,2,42,210
7874,1408,210,817
42,7874,817,82
210,42,82,21
817,210,21,253
82,817,253,6
21,82,6,2
253,21,2,105
6,253,105,1655
2,6,1655,120
105,2,120,332
1655,105,332,210
120,1655,210,7
332,120,7,1275
210,332,1275,41
7,210,41,5202
1275,7,5202,3
41,1275,3,172
5202,41,172,25716
3,5202,25716,161
172,3,161,210
25716,172,210,694
161,25716,694,7
210,161,7,15
694,210,15,94
7,694,94,174
15,7,174,2017
94,15,2017,1605
174,94,1605,5
2017,174,5,2
1605,2017,2,1622
5,1605,1622,4370
2,5,4370,4
1622,2,4,2
4370,1622,2,7548
4,4370,7548,3773
2,4,3773,12
7548,2,12,54
3773,7548,54,3
12,3773,3,7096
54,12,7096,226
3,54,226,2478
7096,3,2478,863
226,7096,863,371
2478,226,371,19398
863,2478,19398,321
371,863,321,87
19398,371,87,94
321,19398,94,2017
87,321,2017,156
94,87,156,1803
2017,94,1803,160
156,2017,160,16
1803,156,16,1138
160,1803,1138,81153
16,160,81153,337
1138,16,337,9
81153,1138,9,270
337,81153,270,9463
9,337,9463,10
270,9,10,1598
9463,270,1598,26
10,9463,26,77
1598,10,77,972
26,1598,972,10
77,26,10,80
972,77,80,52
10,972,52,26
80,10,26,1692
52,80,1692,91583
26,52,91583,20247
1692,26,20247,19398
91583,1692,19398,835
20247,91583,835,8
19398,20247,8,10
835,19398,10,1598
8,835,1598,42
10,8,42,210
1598,10,210,55
42,1598,55,1233
210,42,1233,57
55,210,57,3
1233,55,3,7096
57,1233,7096,226
3,57,226,91971
7096,3,91971,226
226,7096,226,3970
91971,226,3970,1177
226,91971,1177,1883
3970,226,1883,86
1177,3970,86,107
1883,1177,107,3
86,1883,3,1108
107,86,1108,1708
3,107,1708,354
1108,3,354,132
1708,1108,132,17
354,1708,17,168
132,354,168,1816
17,132,1816,409
168,17,409,97
1816,168,97,368
409,1816,368,8
97,409,8,1343
368,97,1343,210
8,368,210,7
1343,8,7,2848
210,1343,2848,136
7,210,136,107574
2848,7,107574,20
136,2848,20,289
107574,136,289,69
20,107574,69,13
289,20,13,42
69,289,42,714
13,69,714,7
42,13,7,2891
714,42,2891,3957
7,714,3957,105
2891,7,105,18966
3957,2891,18966,4
105,3957,4,2613
18966,105,2613,175
4,18966,175,95
2613,4,95,97
175,2613,97,368
3500,22263,63,617
390,3500,617,71
63,390,71,4145
617,63,4145,1122
71,617,1122,3
4145,71,3,276
1122,4145,276,169
3,1122,169,5
276,3,5,70
169,276,70,41
5,169,41,1961
70,5,1961,656
41,70,656,3
1961,41,3,2
656,1961,2,543
3,656,543,645
2,3,645,842
543,2,842,4
645,543,4,51
842,645,51,11
4,842,11,228
51,4,228,2
11,51,2,1813
228,11,1813,3
2,228,3,311
1813,2,311,674
3,1813,674,7
311,3,7,1598
674,311,1598,3
7,674,3,247
1598,7,247,141
3,1598,141,98
247,3,98,60
141,247,60,86487
98,141,86487,240
60,98,240,7
86487,60,7,3
240,86487,3,1120
7,240,1120,15
3,7,15,35
1120,3,35,4
15,1120,4,715
35,15,715,99
4,35,99,103
715,4,103,66
99,715,66,5
103,99,5,543
66,103,543,645
5,66,645,9
543,5,9,70
645,543,70,1095
9,645,1095,3
70,9,3,179
1095,70,179,9
3,1095,9,10
179,3,10,119
9,179,119,111
10,9,111,34
119,10,34,179
111,119,179,3
34,111,3,1195
179,34,1195,20
3,179,20,240
1195,3,240,168
20,1195,168,233
240,20,233,6
168,240,6,235
233,168,235,281
6,233,281,153
235,6,153,71
281,235,71,92408
153,281,92408,15
71,153,15,2
92408,71,2,1737
15,92408,1737,591
2,15,591,786
1737,2,786,3525
591,1737,3525,74
786,591,74,235
3525,786,235,66
74,3525,66,1122
235,74,1122,132
66,235,132,18
1122,66,18,334
132,1122,334,600
18,132,600,5
334,18,5,502
600,334,502,168
5,600,168,444
502,5,444,5
168,502,5,58
444,168,58,2314
5,444,2314,3587
58,5,3587,8
2314,58,8,84
3587,2314,84,302
8,3587,302,161
84,8,161,111
302,84,111,5
161,302,5,57304
111,161,57304,4524
5,111,4524,4
57304,5,4,2494
4524,57304,2494,6322
4,4524,6322,161
2494,4,161,58
6322,2494,58,387
161,6322,387,24
58,161,24,3500
387,58,3500,1443
24,387,1443,71
3500,24,71,12
1443,3500,12,603
71,1443,603,163
12,71,163,42
603,12,42,4
163,603,4,23
42,163,23,543
4,42,543,645
23,4,645,171
543,23,171,71
645,543,71,381
171,645,381,29
71,171,29,1343
381,71,1343,14
29,381,14,71
1343,29,71,240
14,1343,240,3
71,14,3,247
240,71,247,227
3,240,227,22290
247,3,22290,640
227,247,640,209
22290,227,209,8
640,22290,8,71
209,640,71,228
8,209,228,22
71,8,22,1122
228,71,1122,2082
22,228,2082,2158
1122,22,2158,8
2082,1122,8,707
2158,2082,707,648
8,2158,648,18
707,8,18,47
648,707,47,4176
18,648,4176,19
47,18,19,3500
4176,47,3500,58
19,4176,58,498
3500,19,498,4
58,3500,4,1503
498,58,1503,135
4,498,135,1600
1503,4,1600,12266
135,1503,12266,61405
1600,135,61405,229
12266,1600,229,11
61405,12266,11,40
229,61405,40,144
11,229,144,71
40,11,71,1122
144,40,1122,6322
71,144,6322,28
1122,71,28,1981
6322,1122,1981,64
28,6322,64,64
1981,28,64,64
64,1981,64,64
64,64,64,64
64,64,64,472
64,64,472,2520
64,64,2520,57
472,64,57,35
2520,472,35,3
57,2520,3,123
35,57,123,63
3,35,63,1908
123,3,1908,4
63,123,4,25
1908,63,25,271
4,1908,271,707
25,4,707,586
271,25,586,511
707,271,511,65
586,707,65,392
511,586,392,2
65,511,2,668
392,65,668,39
2,392,39,8020
668,2,8020,227
39,668,227,30889
8020,39,30889,4524
227,8020,4524,802
30889,227,802,5
4524,30889,5,265
802,4524,265,842
5,802,842,369
265,5,369,4
842,265,4,159
369,842,159,842
4,369,842,269
159,4,269,3319
842,159,3319,8
269,842,8,6
3319,269,6,2
8,3319,2,304
6,8,304,12
2,6,12,466
304,2,466,254
12,304,254,35
466,12,35,121
254,466,121,663
35,254,663,3500
121,35,3500,77534
663,121,77534,1122
3500,663,1122,4809
77534,3500,4809,157
1122,77534,157,645
4809,1122,645,627
157,4809,627,40
645,157,40,17
627,645,17,99
40,627,99,52408
17,40,52408,5710
99,17,5710,8
52408,99,8,7
5710,52408,7,93
8,5710,93,239
7,8,239,6
93,7,6,197
239,93,197,29
6,239,29,619
197,6,619,19
29,197,19,2
619,29,2,127
19,619,127,1195
2,19,1195,77
127,2,77,165
1195,127,165,96
77,1195,96,7054
165,77,7054,1075
96,165,1075,133
7054,96,133,19
1075,7054,19,107
133,1075,107,5
19,133,5,35
107,19,35,4
5,107,4,556
35,5,556,73559
4,35,73559,21
556,4,21,2350
73559,556,2350,48
21,73559,48,37
2350,21,37,200
48,2350,200,4
37,48,4,1009
200,37,1009,28
4,200,28,3138
1009,4,3138,117
28,1009,117,17828
3138,28,17828,1039
117,3138,1039,31
17828,117,31,522
1039,17828,522,12
31,1039,12,265
522,31,265,779
12,522,779,369
265,12,369,1119
779,265,1119,10
369,779,10,37
1119,369,37,4900
10,1119,4900,7805
37,10,7805,4
4900,37,4,1586
7805,4900,1586,2812
4,7805,2812,5
1586,4,5,4
2812,1586,4,74920
5,2812,74920,4
4,5,4,679
74920,4,679,31
4,74920,31,1551
679,4,1551,15
31,679,15,162
1551,31,162,1093
15,1551,1093,3
162,15,3,63
1093,162,63,1011
3,1093,1011,4145
63,3,4145,1122
1011,63,1122,9
4145,1011,9,2801
1122,4145,2801,341
9,1122,341,4379
2801,9,4379,842
341,2801,842,6
4379,341,6,10
842,4379,10,13
6,842,13,981
10,6,981,284
13,10,284,12
981,13,12,1592
284,981,1592,1228
12,284,1228,29
1592,12,29,13
1228,1592,13,7361
29,1228,7361,740
13,29,740,3
7361,13,3,420
740,7361,420,22809
3,740,22809,842
420,3,842,6
22809,420,6,1039
842,22809,1039,35
6,842,35,5
1039,6,5,38790
35,1039,38790,122
5,35,122,233
38790,5,233,13
122,38790,13,459
233,122,459,227
13,233,227,1699
459,13,1699,965
227,459,965,170
1699,227,170,71
965,1699,71,228
170,965,228,9
71,170,9,4
228,71,4,443
9,228,443,171
4,9,171,128
443,4,128,66
171,443,66,35
128,171,35,5
66,128,5,637
35,66,637,1168
5,35,1168,5
637,5,5,35
1168,637,35,4
5,1168,4,12190
35,5,12190,18
4,35,18,170
12190,4,170,893
18,12190,893,141
170,18,141,3
893,170,3,392
141,893,392,2
3,141,2,875
392,3,875,1699
2,392,1699,965
875,2,965,12
1699,875,12,38
965,1699,38,87700
12,965,87700,150
38,12,150,1022
87700,38,1022,7
150,87700,7,4
1022,150,4,344
7,1022,344,177
4,7,177,5
344,4,5,51
177,344,51,711
5,177,711,7
51,5,7,1039
711,51,1039,32579
7,711,32579,28
1039,7,28,71
32579,1039,71,7
28,32579,7,2289
71,28,2289,6
7,71,6,809
2289,7,809,1464
6,2289,1464,15
809,6,15,22
1464,809,22,1122
15,1464,1122,29
22,15,29,28
1122,22,28,53
29,1122,53,40
28,29,40,17
53,28,17,2
40,53,2,567
17,40,567,3
2,17,3,346
567,2,346,591
3,567,591,54
346,3,54,11
591,346,11,228
54,591,228,2
11,54,2,273
228,11,273,217
2,228,217,122
273,2,122,11
217,273,11,144
122,217,144,71
11,122,71,354
144,11,354,1039
71,144,1039,28
354,71,28,11
1039,354,11,40
28,1039,40,1064
11,28,1064,1122
40,11,1122,2862
1064,40,2862,375
1122,1064,375,11
2862,1122,11,937
375,2862,937,240
11,375,240,1009
937,11,1009,3567
240,937,3567,54
1009,240,54,469
3567,1009,469,2
54,3567,2,989
469,54,989,194
2,469,194,79887
989,2,79887,1039
194,989,1039,14
79887,194,14,7978
1039,79887,7978,3
14,1039,3,1346
7978,14,1346,8
3,7978,8,71
1346,3,71,1285
8,1346,1285,6
71,8,6,22
1285,71,22,381
6,1285,381,3
22,6,3,400
381,22,400,15
3,381,15,4524
400,3,4524,12
15,400,12,2
4524,15,2,200
12,4524,200,1039
2,12,1039,12995
200,2,12995,8
1039,200,8,40
12995,1039,40,6623
8,12995,6623,1849
40,8,1849,5
6623,40,5,227
1849,6623,227,545
5,1849,545,28
227,5,28,2785
545,227,2785,729
28,545,729,54
2785,28,54,13
729,2785,13,41
54,729,41,65
13,54,65,2
41,13,2,889
65,41,889,194
2,65,194,271
889,2,271,645
194,889,645,11516
271,194,11516,1353
645,271,1353,18
11516,645,18,1439
1353,11516,1439,9
18,1353,9,6
1439,18,6,264
9,1439,264,19137
6,9,19137,1122
264,6,1122,40
19137,264,40,276
1122,19137,276,35
40,1122,35,2
276,40,2,1002
