139,283,99,12
939,139,12,30
99,939,30,16
12,99,16,160
3991,2,77,18
6,3991,18,3067
77,6,3067,1359
18,77,1359,9
3067,18,9,3231
1359,3067,3231,4598
30,84,206,11
116,30,11,7
206,116,7,14
11,206,14,95
7,11,95,444
14,7,444,401
95,14,401,1800
444,95,1800,146
401,444,146,13952
1800,401,13952,3658
146,1800,3658,5
13952,146,5,3051
3658,13952,3051,781
5,3658,781,125
3051,5,125,46
781,3051,46,759
125,781,759,7109
46,125,7109,6470
759,46,6470,429
7109,759,429,46
6470,7109,46,24
429,6470,24,958
46,429,958,78
24,46,78,32
958,24,32,69
78,958,69,555
32,78,555,61
69,32,61,2
555,69,2,3501
61,555,3501,1684
2,61,1684,239
3501,2,239,820
1684,3501,820,38
239,1684,38,1856
820,239,1856,37
38,820,37,10905
1856,38,10905,166
37,1856,166,4
10905,37,4,432
166,10905,432,322
4,166,322,5
432,4,5,135
322,432,135,127
5,322,127,13889
135,5,13889,2280
127,135,2280,62
13889,127,62,8
2280,13889,8,263
62,2280,263,92
8,62,92,230
263,8,230,17
92,263,17,424
230,92,424,3
17,230,3,5121
424,17,5121,15
3,424,15,43
5121,3,43,127
15,5121,127,237
43,15,237,7258
127,43,7258,6015
237,127,6015,23
7258,237,23,131
6015,7258,131,910
23,6015,910,5
131,23,5,70
910,131,70,923
5,910,923,10
70,5,10,1372
923,70,1372,4
10,923,4,555
1372,10,555,85
4,1372,85,52
555,4,52,4
85,555,4,221
52,85,221,291
4,52,291,988
221,4,988,8
291,221,8,3
988,291,3,17
8,988,17,187
3,8,187,3051
17,3,3051,125
187,17,125,929
3051,187,929,4
125,3051,4,2544
929,125,2544,1421
4,929,1421,5
2544,4,5,3786
1421,2544,3786,11559
5,1421,11559,5
3786,5,5,135
11559,3786,135,150
5,11559,150,2438
135,5,2438,8
150,135,8,1292
2438,150,1292,163
8,2438,163,1477
1292,8,1477,1909
163,1292,1909,24
1477,163,24,119
1909,1477,119,111
24,1909,111,86
119,24,86,20
111,119,20,60
86,111,60,447
20,86,447,154
60,20,154,24
447,60,24,2
154,447,2,238
24,154,238,9376
2,24,9376,511
238,2,511,65
9376,238,65,2
511,9376,2,127
65,511,127,32873
2,65,32873,84
127,2,84,286
32873,127,286,88
84,32873,88,5
286,84,5,166
88,286,166,769
5,88,769,7
166,5,7,12
769,166,12,825
7,769,825,5
12,7,5,125
825,12,125,586
5,825,586,54
125,5,54,96
586,125,96,314
54,586,314,206
96,54,206,32
314,96,32,11961
206,314,11961,23
32,206,23,3404
11961,32,3404,3483
23,11961,3483,5
3404,23,5,18310
3483,3404,18310,1800
5,3483,1800,11
18310,5,11,1714
1800,18310,1714,3
11,1800,3,1263
1714,11,1263,12
3,1714,12,444
1263,3,444,401
12,1263,401,4
444,12,4,2322
401,444,2322,6
4,401,6,4
2322,4,4,781
6,2322,781,125
4,6,125,16
781,4,16,3041
125,781,3041,32
16,125,32,4356
3041,16,4356,1313
32,3041,1313,3
4356,32,3,2819
1313,4356,2819,2
3,1313,2,41
2819,3,41,5048
2,2819,5048,5
41,2,5,361
5048,41,361,506
5,5048,506,4
361,5,4,41
506,361,41,9966
4,506,9966,12
41,4,12,940
9966,41,940,1323
12,9966,1323,65
940,12,65,11
1323,940,11,13
65,1323,13,47
11,65,47,171
13,11,171,49
47,13,49,1590
171,47,1590,9
49,171,9,91561
1590,49,91561,73
9,1590,73,4
91561,9,4,16
73,91561,16,24528
4,73,24528,6
16,4,6,2
24528,16,2,381
6,24528,381,32
2,6,32,134
381,2,134,42
32,381,42,151
134,32,151,5
42,134,5,2819
151,42,2819,130
5,151,130,1605
2819,5,1605,7
130,2819,7,2
1605,130,2,11650
7,1605,11650,677
2,7,677,535
11650,2,535,15
677,11650,15,555
535,677,555,506
15,535,506,20
555,15,20,14
506,555,14,2176
20,506,2176,15
14,20,15,49
2176,14,49,2120
15,2176,2120,2
49,15,2,269
2120,49,269,5
2,2120,5,35
269,2,35,6
5,269,6,59
35,5,59,11
6,35,11,1673
59,6,1673,1178
11,59,1178,3657
1673,11,3657,2064
1178,1673,2064,2444
3657,1178,2444,2
2064,3657,2,780
2444,2064,780,854
2,2444,854,5
780,2,5,361
854,780,361,506
5,854,506,45483
361,5,45483,301
506,361,301,32
45483,506,32,322
301,45483,322,2126
32,301,2126,567
322,32,567,99
2126,322,99,24
567,2126,24,494
99,567,494,145
24,99,145,4
494,24,4,140
145,494,140,24
4,145,24,138
140,4,138,27
24,140,27,11
138,24,11,84
27,138,84,768
11,27,768,2444
84,11,2444,4
768,84,4,13
2444,768,13,281
4,2444,281,201
13,4,201,148
281,13,148,3
201,281,3,44
148,201,44,37
3,148,37,361
44,3,361,100317
37,44,100317,44
361,37,44,11
100317,361,11,68
44,100317,68,10368
11,44,10368,49
68,11,49,5427
10368,68,5427,9
49,10368,9,935
5427,49,935,2140
9,5427,2140,4
935,9,4,444
2140,935,444,401
4,2140,401,454
444,4,454,4460
401,444,4460,6
454,401,6,1360
4460,454,1360,8
6,4460,8,444
1360,6,444,401
8,1360,401,55
444,8,55,208
401,444,208,17
55,401,17,918
208,55,918,3
17,208,3,370
918,17,370,285
3,918,285,2233
370,3,2233,1046
285,370,1046,401
2233,285,401,4
1046,2233,4,7
401,1046,7,34
4,401,34,431
7,4,431,3
34,7,3,5515
431,34,5515,6
3,431,6,444
5515,3,444,100650
6,5515,100650,14
444,6,14,21
100650,444,21,49
14,100650,49,1152
21,14,1152,258
49,21,258,66
1152,49,66,404
258,1152,404,59
66,258,59,11
404,66,11,134
59,404,134,39
11,59,39,249
134,11,249,2506
39,134,2506,2818
249,39,2818,8
2506,249,8,940
2818,2506,940,147
8,2818,147,3
940,8,3,17
147,940,17,2
3,147,2,177
17,3,177,5
2,17,5,21762
177,2,21762,940
5,177,940,1323
21762,5,1323,4
940,21762,4,27924
1323,940,27924,15
4,1323,15,1253
27924,4,1253,2819
15,27924,2819,74
1253,15,74,2137
2819,1253,2137,102
74,2819,102,45
2137,74,45,31
102,2137,31,18
45,102,18,186
31,45,186,1516
18,31,1516,3553
186,18,3553,2223
1516,186,2223,78558
3553,1516,78558,90
2223,3553,90,629
78558,2223,629,160
90,78558,160,423
629,90,423,46
160,629,46,1216
423,160,1216,41
46,423,41,25
1216,46,25,65
41,1216,65,27
25,41,27,46
65,25,46,4
27,65,4,76
46,27,76,44
4,46,44,148
76,4,148,6
44,76,6,432
148,44,432,26
6,148,26,208
432,6,208,14
26,432,14,166
208,26,166,3
14,208,3,485
166,14,485,29
3,166,29,26
485,3,26,513
29,485,513,2
26,29,2,786
513,26,786,9
2,513,9,17687
786,2,17687,59
9,786,59,26
17687,9,26,1845
59,17687,1845,3
26,59,3,154
1845,26,154,1622
3,1845,1622,4
154,3,4,300
1622,154,300,1292
4,1622,1292,25
300,4,25,247
1292,300,247,41203
25,1292,41203,13
247,25,13,103
41203,247,103,107
13,41203,107,3
103,13,3,22155
107,103,22155,1313
3,107,1313,102
22155,3,102,98
1313,22155,98,3312
102,1313,3312,2280
98,102,2280,24
3312,98,24,49
2280,3312,49,444
24,2280,444,401
49,24,401,1800
444,49,1800,42
401,444,42,7
1800,401,7,8
42,1800,8,11
7,42,11,77
8,7,77,18
11,8,18,307
77,11,307,3483
18,77,3483,205
307,18,205,404
3483,307,404,11676
205,3483,11676,2
404,205,2,8
11676,404,8,230
2,11676,230,18
8,2,18,47
230,8,47,57
18,230,57,7
47,18,7,8
57,47,8,11
7,57,11,77
8,7,77,18
11,8,18,723
77,11,723,83
18,77,83,876
723,18,876,3236
83,723,3236,6
876,83,6,99
3236,876,99,17455
6,3236,17455,8306
99,6,8306,2885
17455,99,2885,5
8306,17455,5,311
2885,8306,311,674
5,2885,674,32
311,5,32,230
674,311,230,18
32,674,18,486
230,32,486,1944
18,230,1944,126
486,18,126,470
1944,486,470,46
126,1944,46,51
470,126,51,10
46,470,10,123
51,46,123,2
10,51,2,3218
123,10,3218,70
2,123,70,2623
3218,2,2623,378
70,3218,378,66
2623,70,66,3
378,2623,3,2807
66,378,2807,46
3,66,46,9
2807,3,9,4
46,2807,4,509
9,46,509,36
4,9,36,25
509,4,25,5
36,509,5,179
25,36,179,24
5,25,24,4
179,5,4,940
24,179,940,8
4,24,8,914
940,4,914,1195
8,940,1195,515
914,8,515,3
1195,914,3,17343
515,1195,17343,4
3,515,4,163
17343,3,163,169
4,17343,169,5
163,4,5,70
169,163,70,79
5,169,79,65668
70,5,65668,1865
79,70,1865,2943
65668,79,2943,5714
1865,65668,5714,5
2943,1865,5,4054
5714,2943,4054,432
5,5714,432,125
4054,5,125,1800
432,4054,1800,18
125,432,18,154
1800,125,154,142
18,1800,142,3
154,18,3,5879
142,154,5879,49
3,142,49,2882
5879,3,2882,40
49,5879,40,18
2882,49,18,1126
40,2882,1126,2670
18,40,2670,52
1126,18,52,2546
2670,1126,2546,5
52,2670,5,27
2546,52,27,4505
5,2546,4505,1069
27,5,1069,300
4505,27,300,4
1069,4505,4,1532
300,1069,1532,1137
4,300,1137,13
1532,4,13,21
1137,1532,21,6747
13,1137,6747,31416
21,13,31416,32
6747,21,32,4
31416,6747,4,57
32,31416,57,629
4,32,629,2169
57,4,2169,7
629,57,7,52
2169,629,52,33
7,2169,33,623
52,7,623,271
33,52,271,34
623,33,34,247
271,623,247,166
34,271,166,25
247,34,25,25
166,247,25,10
25,166,10,36
25,25,36,23
10,25,23,131
36,10,131,275
23,36,275,2710
131,23,2710,10
275,131,10,1570
2710,275,1570,511
10,2710,511,65
1570,10,65,329
511,1570,329,57
65,511,57,302
329,65,302,100144
57,329,100144,70
302,57,70,114
100144,302,114,2169
70,100144,2169,7
114,70,7,3
2169,114,3,16720
7,2169,16720,5
3,7,5,238
16720,3,238,92
5,16720,92,1279
238,5,1279,3
92,238,3,1072
1279,92,1072,923
3,1279,923,8
1072,3,8,2085
923,1072,2085,52
8,923,52,1298
2085,8,1298,34
52,2085,34,128
1298,52,128,239
34,1298,239,752
128,34,752,65
239,128,65,5842
752,239,5842,37
65,752,37,825
5842,65,825,5
37,5842,5,994
825,37,994,125
5,825,125,3051
994,5,3051,24
125,994,24,32
3051,125,32,69
24,3051,69,79592
32,24,79592,270
69,32,270,2253
79592,69,2253,737
270,79592,737,16
2253,270,16,516
737,2253,516,19
16,737,19,10
516,16,10,2253
19,516,2253,979
10,19,979,1321
2253,10,1321,24
979,2253,24,39
1321,979,39,808
24,1321,808,88
39,24,88,2253
808,39,2253,16
88,808,16,903
2253,88,903,15
16,2253,15,4
903,16,4,2594
15,903,2594,384
4,15,384,46
2594,4,46,2
384,2594,2,2244
46,384,2244,1076
2,46,1076,270
2244,2,270,21784
1076,2244,21784,599
270,1076,599,41
21784,270,41,2253
599,21784,2253,155
41,599,155,3
2253,41,3,737
155,2253,737,725
3,155,725,1128
737,3,1128,36
725,737,36,527
1128,725,527,61
36,1128,61,9
527,36,9,814
61,527,814,737
9,61,737,125
814,9,125,3193
737,814,3193,3
125,737,3,1406
3193,125,1406,3
3,3193,3,20
1406,3,20,2253
3,1406,2253,3684
20,3,3684,2
2253,20,2,300
3684,2253,300,3
2,3684,3,77884
651,6080,7,2
22861,651,2,1051
7,22861,1051,5
2,7,5,1215
1051,2,1215,1210
5,1051,1210,23
1215,5,23,393
1210,1215,393,5
23,1210,5,3227
393,23,3227,4280
5,393,4280,1163
3227,5,1163,11
4280,3227,11,7
1163,4280,7,68
11,1163,68,437
7,11,437,5
68,7,5,237
437,68,237,73523
5,437,73523,2007
237,5,2007,4
73523,237,4,12058
2007,73523,12058,1210
4,2007,1210,73558
12058,4,73558,7
1210,12058,7,2
73558,1210,2,7441
7,73558,7441,733
2,7,733,8
7441,2,8,96
733,7441,96,246
8,733,246,13921
96,8,13921,10
246,96,10,1821
13921,246,1821,294
10,13921,294,3
1821,10,3,1852
294,1821,1852,3
3,294,3,6481
1852,3,6481,4
3,1852,4,57
6481,3,57,4824
4,6481,4824,733
57,4,733,934
4824,57,934,7
733,4824,7,21
934,733,21,3
7,934,3,981
21,7,981,2
3,21,2,1449
981,3,1449,294
2,981,294,2979
1449,2,2979,9
294,1449,9,10
2979,294,10,1821
9,2979,1821,45
10,9,45,31
1821,10,31,16
45,1821,16,3345
31,45,3345,8
16,31,8,558
3345,16,558,230
8,3345,230,17
558,8,17,29519
230,558,29519,38
17,230,38,18612
29519,17,18612,584
38,29519,584,121
18612,38,121,18
584,18612,18,4109
121,584,4109,81
18,121,81,15
4109,18,15,38
81,4109,38,39
15,81,39,2979
38,15,2979,6
39,38,6,99
2979,39,99,236
6,2979,236,398
99,6,398,10
236,99,10,352
398,236,352,1062
10,398,1062,95
352,10,95,5412
1062,352,5412,4
95,1062,4,21724
5412,95,21724,2778
4,5412,2778,1858
21724,4,1858,4
2778,21724,4,8
1858,2778,8,3666
4,1858,3666,3
8,4,3,137
3666,8,137,229
3,3666,229,1821
137,3,1821,3326
229,137,3326,77
1821,229,77,17
3326,1821,17,3399
77,3326,3399,19
17,77,19,1972
3399,17,1972,18612
19,3399,18612,20
1972,19,20,7
18612,1972,7,21
20,18612,21,733
7,20,733,7
21,7,7,976
733,21,976,3
7,733,3,468
976,7,468,180
3,976,180,51
468,3,51,344
180,468,344,6
51,180,6,43782
344,51,43782,6474
6,344,6474,74
43782,6,74,564
6474,43782,564,5
74,6474,5,399
564,74,399,1301
5,564,1301,23
399,5,23,558
1301,399,558,46
23,1301,46,36
558,23,36,23
46,558,23,275
36,46,275,6
23,36,6,3782
275,23,3782,1597
6,275,1597,1898
3782,6,1898,46
1597,3782,46,115
1898,1597,115,5579
46,1898,5579,4
115,46,4,344
5579,115,344,194
4,5579,194,6
344,4,6,4
194,344,4,294
6,194,294,406
4,6,406,59
294,4,59,45
406,294,45,55
59,406,55,19563
45,59,19563,38
55,45,38,39
19563,55,39,2979
38,19563,2979,62
39,38,62,121
2979,39,121,558
62,2979,558,1301
121,62,1301,516
558,121,516,51
1301,558,51,139
516,1301,139,737
51,516,737,36
139,51,36,343
737,139,343,1743
36,737,1743,92429
343,36,92429,38
1743,343,38,11349
92429,1743,11349,6657
38,92429,6657,12
11349,38,12,338
6657,11349,338,152
12,6657,152,840
338,12,840,73
152,338,73,558
840,152,558,1349
73,840,1349,152
558,73,152,1301
1349,558,1301,18
152,1349,18,47
1301,152,47,9443
18,1301,9443,15
47,18,15,183
9443,47,183,194
15,9443,194,98
183,15,98,39
194,183,39,2563
98,194,2563,15
39,98,15,2
2563,39,2,1087
15,2563,1087,96
2,15,96,2
1087,2,2,2443
96,1087,2443,198
2,96,198,5
2443,2,5,973
198,2443,973,463
5,198,463,29
973,5,29,8
463,973,8,55
29,463,55,17
8,29,17,2
55,8,2,1130
17,55,1130,3243
2,17,3243,286
1130,2,286,344
3243,1130,344,39
286,3243,39,55
344,286,55,68
39,344,68,17
55,39,17,973
68,55,973,48
17,68,48,5
973,17,5,372
48,973,372,2563
5,48,2563,16
372,5,16,2357
2563,372,2357,5
16,2563,5,3596
2357,16,3596,26497
5,2357,26497,83
3596,5,83,34423
26497,3596,34423,3
83,26497,3,3409
34423,83,3409,2215
3,34423,2215,49143
3409,3,49143,140
2215,3409,140,714
49143,2215,714,194
140,49143,194,7
714,140,7,229
194,714,229,558
7,194,558,36
229,7,36,80
558,229,80,39
36,558,39,152
80,36,152,7
39,80,7,10638
152,39,10638,662
7,152,662,5
10638,7,5,39
662,10638,39,25
5,662,25,8
39,5,8,30
25,39,30,2
8,25,2,553
30,8,553,16
2,30,16,2160
553,2,2160,3
16,553,3,1262
2160,16,1262,6
3,2160,6,1566
1262,3,1566,105
6,1262,105,4
1566,6,4,338
105,1566,338,71677
4,105,71677,558
338,4,558,18612
71677,338,18612,8
558,71677,8,14
18612,558,14,1139
8,18612,1139,4581
14,8,4581,19
1139,14,19,4850
4581,1139,4850,261
19,4581,261,399
4850,19,399,3849
261,4850,3849,40
399,261,40,17
3849,399,17,98
40,3849,98,282
17,40,282,4850
98,17,4850,1861
282,98,1861,11289
4850,282,11289,3532
1861,4850,3532,5
11289,1861,5,399
3532,11289,399,8
5,3532,8,858
399,5,858,81
8,399,81,4850
858,8,4850,3139
81,858,3139,12
4850,81,12,561
3139,4850,561,303
12,3139,303,54
561,12,54,16
303,561,16,1820
54,303,1820,19
16,54,19,335
1820,16,335,5
19,1820,5,561
335,19,561,66761
5,335,66761,2098
561,5,2098,19
66761,561,19,994
2098,66761,994,934
19,2098,934,9
994,19,9,482
934,994,482,2
9,934,2,88
482,9,88,5
2,482,5,45
88,2,45,31
5,88,31,179
45,5,179,6
31,45,6,14232
179,31,14232,16
6,179,16,1873
14232,6,1873,10
16,14232,10,21
1873,16,21,2657
10,1873,2657,8
21,10,8,2950
2657,21,2950,277
8,2657,277,2
2950,8,2,2007
277,2950,2007,2137
2,277,2137,6
2007,2,6,1967
2137,2007,1967,806
6,2137,806,1273
1967,6,1273,6
806,1967,6,3624
1273,806,3624,9
6,1273,9,1887
3624,6,1887,129
9,3624,129,5
1887,9,5,45
129,1887,45,8593
5,129,8593,50
45,5,50,225
8593,45,225,1013
50,8593,1013,15
225,50,15,129
1013,225,129,5
15,1013,5,43
129,15,43,1887
5,129,1887,31
43,5,31,16
1887,43,16,340
31,1887,340,106569
16,31,106569,4
340,16,4,39
106569,340,39,55
4,106569,55,17
39,4,17,8838
55,39,8838,12
17,55,12,90
8838,17,90,446
12,8838,446,12
90,12,12,1236
446,90,1236,29
12,446,29,2959
1236,12,2959,1301
29,1236,1301,77
2959,29,77,920
1301,2959,920,62
77,1301,62,26
920,77,26,4
62,920,4,38
26,62,38,4850
4,26,4850,179
38,4,179,140
4850,38,140,23
179,4850,23,275
140,179,275,166
23,140,166,40
275,23,40,116
166,275,116,62
40,166,62,4
116,40,4,206
62,116,206,39
4,62,39,777
206,4,777,4572
39,206,4572,856
777,39,856,100106
4572,777,100106,2137
856,4572,2137,6
100106,856,6,152
