68,11,1255,12
13,68,12,42
1255,13,42,5
12,1255,5,27
42,12,27,3118
5,42,3118,139
27,5,139,487
3118,27,487,90438
139,3118,90438,40
487,139,40,25
90438,487,25,282
40,90438,282,3637
25,40,3637,235
282,25,235,587
3637,282,587,212
235,3637,212,279
587,235,279,8
212,587,8,2
279,212,2,350
8,279,350,1597
2,8,1597,20
350,2,20,85
1597,350,85,114
20,1597,114,976
85,20,976,32
114,85,32,74
976,114,74,27
32,976,27,19
74,32,19,1038
27,74,1038,173
19,27,173,26
1038,19,26,68
173,1038,68,113
26,173,113,11
68,26,11,41
113,68,41,253
11,113,253,3
41,11,3,3329
253,41,3329,4
3,253,4,789
3329,3,789,43
4,3329,43,1103
789,4,1103,90335
43,789,90335,164
1103,43,164,3
90335,1103,3,599
164,90335,599,601
3,164,601,199
599,3,199,95481
601,599,95481,2
199,601,2,1381
95481,199,1381,114
2,95481,114,976
1381,2,976,32
114,1381,32,74
976,114,74,27
32,976,27,59
74,32,59,10
27,74,10,154
59,27,154,3
10,59,3,501
154,10,501,342
3,154,342,537
501,3,537,129
342,501,129,8
537,342,8,1944
129,537,1944,1255
8,129,1255,11
1944,8,11,621
1255,1944,621,6
11,1255,6,132
621,11,132,30647
6,621,30647,114
132,6,114,16
30647,132,16,41
114,30647,41,253
16,114,253,3
41,16,3,976
253,41,976,27
3,253,27,3
976,3,3,1546
27,976,1546,430
3,27,430,151
1546,3,151,73
430,1546,73,293
151,430,293,13300
73,151,13300,94
293,73,94,84
13300,293,84,807
94,13300,807,12
84,94,12,5138
807,84,5138,976
12,807,976,6
5138,12,6,92
976,5138,92,8
6,976,8,2
92,6,2,1356
8,92,1356,170
2,8,170,132
1356,2,132,59
170,1356,59,27
132,170,27,13
59,132,13,4
27,59,4,18098
13,27,18098,1255
4,13,1255,30643
18098,4,30643,27
1255,18098,27,366
30643,1255,366,8
27,30643,8,11
366,27,11,610
8,366,610,594
11,8,594,5
610,11,5,4123
594,610,4123,70
5,594,70,32
4123,5,32,325
70,4123,325,89
32,70,89,12
325,32,12,7298
89,325,7298,19
12,89,19,2
7298,12,2,129
19,7298,129,1381
2,19,1381,114
129,2,114,44
1381,129,44,11
114,1381,11,25
44,114,25,2
11,44,2,282
25,11,282,262
2,25,262,615
282,2,615,56
262,282,56,9
615,262,9,38
56,615,38,347
9,56,347,171
38,9,171,1191
347,38,1191,288
171,347,288,60
1191,171,60,6
288,1191,6,860
60,288,860,617
6,60,617,71
860,6,71,1593
617,860,1593,1491
71,617,1491,690
1593,71,690,12
1491,1593,12,20
690,1491,20,705
12,690,705,19
20,12,19,40633
705,20,40633,25
19,705,25,114
40633,19,114,488
25,40633,488,37
114,25,37,27
488,114,27,1673
37,488,1673,9
27,37,9,263
1673,27,263,63
9,1673,63,1726
263,9,1726,657
63,263,657,36041
1726,63,36041,129
657,1726,129,5
36041,657,5,114
129,36041,114,44
5,129,44,10
114,5,10,64
44,114,64,273
10,44,273,224
64,10,224,9
273,64,9,129
224,273,129,10
9,224,10,52009
129,9,52009,58
10,129,58,44
52009,10,44,10
58,52009,10,64
44,58,64,273
10,44,273,224
64,10,224,129
273,64,129,122
224,273,122,3163
129,224,3163,5
122,129,5,162
3163,122,162,44
5,3163,44,10
162,5,10,4527
44,162,4527,81
10,44,81,7792
4527,10,7792,421
81,4527,421,39
7792,81,39,199
421,7792,199,7
39,421,7,292
199,39,292,12
7,199,12,9063
292,7,9063,4
12,292,4,5196
9063,12,5196,407
4,9063,407,15
5196,4,15,7217
407,5196,7217,2331
15,407,2331,1850
7217,15,1850,114
2331,7217,114,2825
1850,2331,2825,4
114,1850,4,14
2825,114,14,1535
4,2825,1535,203
14,4,203,1617
1535,14,1617,1524
203,1535,1524,5
1617,203,5,3202
1524,1617,3202,14657
5,1524,14657,654
3202,5,654,4
14657,3202,4,9030
654,14657,9030,733
4,654,733,654
9030,4,654,651
733,9030,651,24
654,733,24,878
651,654,878,884
24,651,884,199
878,24,199,13
884,878,13,2
199,884,2,1381
13,199,1381,5
2,13,5,6155
1381,2,6155,2059
5,1381,2059,5
6155,5,5,1812
2059,6155,1812,36
5,2059,36,5126
1812,5,5126,258
36,1812,258,1398
5126,36,1398,173
258,5126,173,9
1398,258,9,48
173,1398,48,1850
9,173,1850,114
673,464,268,14490
636,673,14490,13
268,636,13,1355
14490,268,1355,4
13,14490,4,526
1355,13,526,316
4,1355,316,5129
526,4,5129,1972
316,526,1972,35
5129,316,35,39
1972,5129,39,3766
35,1972,3766,200
39,35,200,6
3766,39,6,4
200,3766,4,315
6,200,315,3
4,6,3,10072
315,4,10072,2
3,315,2,6611
10072,3,6611,5
2,10072,5,1187
6611,2,1187,4
5,6611,4,288
1187,5,288,3270
4,1187,3270,102
288,4,102,22
3270,288,22,97444
102,3270,97444,316
22,102,316,1899
97444,22,1899,1770
316,97444,1770,2504
1899,316,2504,188
1770,1899,188,9
2504,1770,9,35
188,2504,35,909
9,188,909,3
35,9,3,364
909,35,364,1069
3,909,1069,4795
364,3,4795,4
1069,364,4,2007
4795,1069,2007,11
4,4795,11,68
2007,4,68,11039
11,2007,11039,432
68,11,432,1587
11039,68,1587,101
432,11039,101,3
1587,432,3,2610
101,1587,2610,38
3,101,38,83
2610,3,83,3766
38,2610,3766,648
83,38,648,2
3766,83,2,1952
648,3766,1952,260
2,648,260,35
1952,2,35,6
260,1952,6,1774
35,260,1774,19348
6,35,19348,498
1774,6,498,274
19348,1774,274,5966
498,19348,5966,714
274,498,714,88
5966,274,88,4229
714,5966,4229,177
88,714,177,5
4229,88,5,141
177,4229,141,54
5,177,54,35
141,5,35,8
54,141,8,92
35,54,92,3766
8,35,3766,34
92,8,34,17
3766,92,17,1321
34,3766,1321,2691
17,34,2691,19
1321,17,19,4485
2691,1321,4485,63834
19,2691,63834,18
4485,19,18,10953
63834,4485,10953,2153
18,63834,2153,5
10953,18,5,161
2153,10953,161,3343
5,2153,3343,2371
161,5,2371,9
3343,161,9,48
2371,3343,48,67
9,2371,67,553
48,9,553,4
67,48,4,4562
553,67,4562,122
4,553,122,68
4562,4,68,10380
122,4562,10380,2778
68,122,2778,5
10380,68,5,597
2778,10380,597,14490
5,2778,14490,28
597,5,28,6
14490,597,6,2
28,14490,2,339
6,28,339,519
2,6,519,50
339,2,50,68
519,339,68,2
50,519,2,35
68,50,35,8
2,68,8,7829
35,2,7829,3
8,35,3,609
7829,8,609,67
3,7829,67,45
609,3,45,4
67,609,4,1587
45,67,1587,3
4,45,3,17
1587,4,17,2
3,1587,2,679
17,3,679,2
2,17,2,451
679,2,451,261
2,679,261,16300
451,2,16300,19839
261,451,19839,94544
16300,261,94544,35
19839,16300,35,111
94544,19839,111,2984
35,94544,2984,893
111,35,893,111
2984,111,111,200
893,2984,200,508
111,893,508,2
200,111,2,166
508,200,166,2874
2,508,2874,2778
166,2,2778,214
2874,166,214,309
2778,2874,309,141
214,2778,141,7208
309,214,7208,6688
141,309,6688,7633
7208,141,7633,947
6688,7208,947,45
7633,6688,45,2421
947,7633,2421,3
45,947,3,91
2421,45,91,2
3,2421,2,166
91,3,166,3766
2,91,3766,5
166,2,5,38
3766,166,38,655
5,3766,655,2118
38,5,2118,5
655,38,5,66902
2118,655,66902,298
5,2118,298,14490
66902,5,14490,1235
298,66902,1235,8294
14490,298,8294,74
1235,14490,74,141
8294,1235,141,254
74,8294,254,11
141,74,11,7617
254,141,7617,3
11,254,3,7896
7617,11,7896,24
3,7617,24,45
7896,3,45,9
24,7896,9,363
45,24,363,32038
9,45,32038,28
363,9,28,8
32038,363,8,292
28,32038,292,993
8,28,993,20
292,8,20,7896
993,292,7896,7
20,993,7,353
7896,20,353,470
7,7896,470,297
353,7,297,3
470,353,3,8547
297,470,8547,4
3,297,4,1577
8547,3,1577,35
4,8547,35,1559
1577,4,1559,3
35,1577,3,2778
1559,35,2778,4
3,1559,4,62429
2778,3,62429,1355
4,2778,1355,141
62429,4,141,647
1355,62429,647,170
141,1355,170,140
647,141,140,363
170,647,363,422
140,170,422,2812
363,140,2812,1587
422,363,1587,211
2812,422,211,16321
1587,2812,16321,4
211,1587,4,5488
16321,211,5488,493
4,16321,493,18
5488,4,18,8189
493,5488,8189,2427
18,493,2427,240
8189,18,240,79
2427,8189,79,10394
240,2427,10394,4
79,240,4,407
10394,79,407,500
4,10394,500,128
407,4,128,153
500,407,153,464
128,500,464,673
153,128,673,4009
464,153,4009,636
673,464,636,4
4009,673,4,3668
636,4009,3668,134
4,636,134,8026
3668,4,8026,39
134,3668,39,274
8026,134,274,13
39,8026,13,91
274,39,91,2
13,274,2,12670
91,13,12670,5029
2,91,5029,69
12670,2,69,3
5029,12670,3,431
69,5029,431,705
3,69,705,207
431,3,207,664
705,431,664,5
207,705,5,32025
664,207,32025,7
5,664,7,4470
32025,5,4470,139
7,32025,139,10
4470,7,10,14
139,4470,14,739
10,139,739,59
14,10,59,2
739,14,2,556
59,739,556,312
2,59,312,1133
556,2,1133,893
312,556,893,4
1133,312,4,4042
893,1133,4042,7633
4,893,7633,1766
4042,4,1766,48
7633,4042,48,3766
1766,7633,3766,4
48,1766,4,6188
3766,48,6188,3
4,3766,3,48
6188,4,48,11240
3,6188,11240,23
48,3,23,48
11240,48,48,60
23,11240,60,3668
48,23,3668,23514
60,48,23514,35
3668,60,35,870
23514,3668,870,428
35,23514,428,5
870,35,5,794
428,870,794,142
5,428,142,274
794,5,274,99
142,794,99,611
274,142,611,56
99,274,56,399
611,99,399,101
56,611,101,151
399,56,151,3
101,399,3,366
151,101,366,2474
3,151,2474,20
366,3,20,870
2474,366,870,1530
20,2474,1530,174
870,20,174,5
1530,870,5,9051
174,1530,9051,11
5,174,11,63673
9051,5,63673,26
11,9051,26,123
63673,11,123,8
26,63673,8,9051
123,26,9051,1530
8,123,1530,3
9051,8,3,2
1530,9051,2,13751
3,1530,13751,151
2,3,151,5
13751,2,5,1887
151,13751,1887,4
5,151,4,824
1887,5,824,2
4,1887,2,750
824,4,750,120
2,824,120,26
750,2,26,2885
120,750,2885,315
26,120,315,3
2885,26,3,431
315,2885,431,9051
3,315,9051,11
431,3,11,8735
9051,431,8735,473
11,9051,473,889
8735,11,889,5
473,8735,5,338
889,473,338,222
5,889,222,2373
338,5,2373,23
222,338,23,547
2373,222,547,1592
23,2373,1592,760
547,23,760,6
1592,547,6,9305
760,1592,9305,3
6,760,3,251
9305,6,251,12
3,9305,12,14490
251,3,14490,3
12,251,3,524
14490,12,524,571
3,14490,571,12
524,3,12,35
571,524,35,3766
12,571,3766,200
355,466,3351,2
657,355,2,172
3351,657,172,263
2,3351,263,2981
172,2,2981,1726
263,172,1726,657
2981,263,657,1007
1726,2981,1007,324
657,1726,324,56
1007,657,56,5
324,1007,5,2566
56,324,2566,429
5,56,429,26
2566,5,26,2011
429,2566,2011,8
26,429,8,263
2011,26,263,755
8,2011,755,4364
263,8,4364,27
755,263,27,69
4364,755,69,41
27,4364,41,65
69,27,65,370
41,69,370,171
65,41,171,127
370,65,127,69
171,370,69,4
127,171,4,10
69,127,10,1047
4,69,1047,25
10,4,25,201
1047,10,201,26
25,1047,26,28
201,25,28,26
26,201,26,50
28,26,50,25
26,28,25,1681
50,26,1681,457
25,50,457,2042
1681,25,2042,14
457,1681,14,6
2042,457,6,27
14,2042,27,1478
6,14,1478,2005
27,6,2005,2042
1478,27,2042,14
2005,1478,14,2
2042,2005,2,1954
14,2042,1954,3757
2,14,3757,375
1954,2,375,27
3757,1954,27,324
375,3757,324,525
27,375,525,4
324,27,4,822
525,324,822,89
4,525,89,22
822,4,22,12732
89,822,12732,4578
22,89,4578,76
12732,22,76,92827
4578,12732,92827,4
76,4578,4,716
92827,76,716,39
4,92827,39,1039
716,4,1039,5
39,716,5,4098
1039,39,4098,2042
5,1039,2042,14
4098,5,14,2
2042,4098,2,241
14,2042,241,60
2,14,60,58
241,2,58,2108
60,241,2108,31
58,60,31,2803
2108,58,2803,2
31,2108,2,8691
2803,31,8691,2188
2,2803,2188,105
8691,2,105,97
2188,8691,97,126
105,2188,126,10
97,105,10,14
126,97,14,6946
10,126,6946,9
14,10,9,2
6946,14,2,182
9,6946,182,5
2,9,5,1278
182,2,1278,2042
5,182,2042,274
1278,5,274,27
2042,1278,27,69
274,2042,69,75
27,274,75,95
69,27,95,1765
75,69,1765,50
95,75,50,146
1765,95,146,166
50,1765,166,4
146,50,4,87
166,146,87,152
4,166,152,208
87,4,208,425
152,87,425,12
208,152,12,10
425,208,10,204
12,425,204,44
10,12,44,26
204,10,26,488
44,204,488,131
26,44,131,2043
488,26,2043,5
131,488,5,38
2043,131,38,4098
5,2043,4098,10
38,5,10,2
4098,38,2,334
10,4098,334,196
2,10,196,500
334,2,500,29
196,334,29,43
500,196,43,92
29,500,92,1857
43,29,1857,3
92,43,3,1144
1857,92,1144,657
3,1857,657,5121
1144,3,5121,6
657,1144,6,127
5121,657,127,85
6,5121,85,625
127,6,625,543
85,127,543,1533
625,85,1533,8
543,625,8,204
1533,543,204,14
8,1533,14,1390
204,8,1390,9
14,204,9,3062
1390,14,3062,79
9,1390,79,125
3062,9,125,5
79,3062,5,135
125,79,135,150
5,125,150,369
135,5,369,4
150,135,4,32
369,150,32,69
4,369,69,802
32,4,802,256
69,32,256,885
802,69,885,4
256,802,4,726
885,256,726,3
4,885,3,781
726,4,781,54
3,726,54,307
781,3,307,81
54,781,81,263
307,54,263,92
81,307,92,44
263,81,44,3084
92,263,3084,811
44,92,811,30
3084,44,30,3051
811,3084,3051,112
30,811,112,213
3051,30,213,21
112,3051,21,86
213,112,86,34
21,213,34,30
86,21,30,319
34,86,319,3062
30,34,3062,112
319,30,112,213
3062,319,213,30
112,3062,30,18
213,112,18,1039
30,213,1039,5
18,30,5,263
1039,18,263,4098
5,1039,4098,138
263,5,138,27
4098,263,27,84
138,4098,84,438
27,138,438,112
84,27,112,133
438,84,133,11
112,438,11,34
133,112,34,25
11,133,25,51
34,11,51,30
25,34,30,468
51,25,468,89
30,51,89,87
468,30,87,30
89,468,30,83
87,89,83,89
30,87,89,22
83,30,22,320
89,83,320,22
22,89,22,1587
320,22,1587,84
22,320,84,22
1587,22,22,133
84,1587,133,90
22,84,90,27
133,22,27,267
90,133,267,2011
27,90,2011,26
267,27,26,18
2011,267,18,208
26,2011,208,1126
18,26,1126,620
208,18,620,5
1126,208,5,38
620,1126,38,1320
5,620,1320,4507
38,5,4507,36
1320,38,36,4477
4507,1320,4477,25
36,4507,25,26
4477,36,26,106
25,4477,106,9
26,25,9,272
106,26,272,31
9,106,31,77
272,9,77,611
31,272,611,204
77,31,204,3
611,77,3,81
204,611,81,2
3,204,2,2
81,3,2,17400
2,81,17400,42
2,2,42,27
17400,2,27,267
42,17400,267,28
27,42,28,25
267,27,25,51
28,267,51,52
25,28,52,27
51,25,27,7
52,51,7,2
27,52,2,263
7,27,263,3757
2,7,3757,7
263,2,7,552
3757,263,552,892
7,3757,892,2286
552,7,2286,2077
892,552,2077,4
2286,892,4,27
2077,2286,27,7
4,2077,7,1832
27,4,1832,6146
7,27,6146,3155
1832,7,3155,2029
6146,1832,2029,170
3155,6146,170,21985
2029,3155,21985,12146
170,2029,12146,75642
21985,170,75642,11
12146,21985,11,30
75642,12146,30,12
11,75642,12,3
30,11,3,44
12,30,44,27
3,12,27,116
44,3,116,204
27,44,204,282
116,27,282,65
204,116,65,204
282,204,204,87
65,282,87,27
204,65,27,13
87,204,13,47
27,87,47,53
13,27,53,25
47,13,25,90
53,47,90,60
25,53,60,74
90,25,74,66
60,90,66,11
74,60,11,178
66,74,178,8
11,66,8,27
178,11,27,377
8,178,377,402
27,8,402,15
377,27,15,204
402,377,204,7
15,402,7,3235
204,15,3235,87
7,204,87,27
3235,7,27,116
87,3235,116,622
27,87,622,4
116,27,4,11
622,116,11,80
4,622,80,116
11,4,116,430
80,11,430,2054
116,80,2054,4
430,116,4,8
2054,430,8,242
4,2054,242,50
8,4,50,12
242,8,12,183
50,242,183,210
12,50,210,5
183,12,5,402
210,183,402,4
5,210,4,157
402,5,157,34
4,402,34,17
157,4,17,306
34,157,306,285
17,34,285,190
306,17,190,27
285,306,27,267
190,285,267,28
27,190,28,26
267,27,26,25
28,267,25,299
26,28,299,52
25,26,52,263
299,25,263,3051
52,299,3051,67
263,52,67,213
3051,263,213,87
67,3051,87,67
213,67,67,213
87,213,213,14
67,87,14,359
213,67,359,5
14,213,5,68403
359,14,68403,2433
5,359,2433,11
68403,5,11,68
2433,68403,68,28
11,2433,28,11
68,11,11,511
28,68,511,18
11,28,18,2
511,11,2,263
18,511,263,3757
2,18,3757,6
263,2,6,119
3757,263,119,111
6,3757,111,65
119,6,65,76
111,119,76,1942
65,111,1942,2
76,65,2,862
1942,76,862,2480
2,1942,2480,2149
862,2,2149,565
2480,862,565,63
2149,2480,63,11
565,2149,11,453
63,565,453,11
11,63,11,14
453,11,14,25
11,453,25,1681
14,11,1681,11387
25,14,11387,14
1681,25,14,12
11387,1681,12,785
14,11387,785,4
12,14,4,596
785,12,596,8
4,785,8,157
596,4,157,7
8,596,7,110
157,8,110,3
7,157,3,17
110,7,17,306
3,110,306,285
17,3,285,87
306,17,87,11
285,306,11,945
87,285,945,93
11,87,93,3
945,11,3,514
93,945,514,95
3,93,95,5083
514,3,5083,1089
95,514,1089,5
5083,95,5,3801
1089,5083,3801,8381
5,1089,8381,37
3801,5,37,38027
8381,3801,38027,198
37,8381,198,12
38027,37,12,99
198,38027,99,1220
12,198,1220,2
99,12,2,273
1220,99,273,333
2,1220,333,44
273,2,44,221
333,273,221,13
44,333,13,13
221,44,13,2
13,221,2,8217
13,13,8217,2425
2,13,2425,9
8217,2,9,27
2425,8217,27,125
9,2425,125,170
27,9,170,318
