75,632,4143,571
2,75,571,12815
4143,2,12815,2749
571,4143,2749,6
12815,571,6,452
2749,12815,452,1551
6,2749,1551,128
452,6,128,153
1551,452,153,6
128,1551,6,128
153,128,128,363
6,153,363,44
128,6,44,58
363,128,58,492
44,363,492,13
58,44,13,1691
492,58,1691,3
13,492,3,305
1691,13,305,210
3,1691,210,1649
305,3,1649,89
210,305,89,2
1649,210,2,3028
89,1649,3028,94
2,89,94,2175
3028,2,2175,5
94,3028,5,4275
2175,94,4275,2
5,2175,2,3080
4275,5,3080,567
2,4275,567,3
3080,2,3,27
567,3080,27,4
3,567,4,638
27,3,638,193
4,27,193,161
638,4,161,5
193,638,5,894
161,193,894,16
5,161,16,1050
894,5,1050,15537
16,894,15537,19
1050,16,19,90
15537,1050,90,97
19,15537,97,195
90,19,195,29
97,90,29,15
195,97,15,39
29,195,39,632
15,29,632,289
39,15,289,72
632,39,72,44
289,632,44,351
72,289,351,57195
44,72,57195,917
351,44,917,77
57195,351,77,5421
917,57195,5421,305
77,917,305,350
5421,77,350,23
305,5421,23,1174
350,305,1174,12
23,350,12,3
1174,23,3,22
12,1174,22,9198
3,12,9198,423
22,3,423,1694
9198,22,1694,4
423,9198,4,1766
1694,423,1766,9
4,1694,9,891
1766,4,891,728
9,1766,728,36
891,9,36,189
728,891,189,3
36,728,3,1711
189,36,1711,805
3,189,805,4
1711,3,4,16370
805,1711,16370,4
4,805,4,260
16370,4,260,3312
4,16370,3312,9252
260,4,9252,431
3312,260,431,3
9252,3312,3,5945
431,9252,5945,4053
3,431,4053,492
5945,3,492,77023
4053,5945,77023,14
492,4053,14,86
77023,492,86,42
14,77023,42,3
86,14,3,154
42,86,154,203
3,42,203,167
154,3,167,747
203,154,747,330
167,203,330,6
747,167,6,51
330,747,51,7
6,330,7,828
51,6,828,2
7,51,2,99
828,7,99,6
2,828,6,352
99,2,352,5
6,99,5,127
352,6,127,185
5,352,185,138
127,5,138,27
185,127,27,5370
138,185,5370,56
27,138,56,23
5370,27,23,1263
56,5370,1263,75
23,56,75,11
1263,23,11,14
75,1263,14,7854
11,75,7854,9
14,11,9,424
7854,14,424,3
9,7854,3,7450
424,9,7450,827
3,424,827,189
7450,3,189,8
827,7450,8,48
189,827,48,5
8,189,5,22
48,8,22,812
5,48,812,4
22,5,4,722
812,22,722,385
4,812,385,56
722,4,56,53
385,722,53,11
56,385,11,28
53,56,28,73
11,53,73,2
28,11,2,18912
73,28,18912,5302
2,73,5302,470
18912,2,470,12
5302,18912,12,2
470,5302,2,17081
12,470,17081,8
2,12,8,31
17081,2,31,10
8,17081,10,7
31,8,7,11
10,31,11,218
7,10,218,2
11,7,2,787
218,11,787,2166
2,218,2166,7933
787,2,7933,2044
2166,787,2044,134
7933,2166,134,43
2044,7933,43,30
134,2044,30,18
43,134,18,48
30,43,48,812
18,30,812,6
48,18,6,1263
812,48,1263,4
6,812,4,337
1263,6,337,26
4,1263,26,219
337,4,219,21
26,337,21,5768
219,26,5768,180
21,219,180,174
5768,21,174,2463
180,5768,2463,180
174,180,180,337
2463,174,337,26
180,2463,26,219
337,180,219,21
26,337,21,5768
219,26,5768,180
21,219,180,7
5768,21,7,7
180,5768,7,25
7,180,25,14
7,7,14,38
25,7,38,246
14,25,246,7
38,14,7,110
246,38,110,3
7,246,3,25
110,7,25,101
3,110,101,148
25,3,148,9
101,25,9,70
148,101,70,166
9,148,166,7
70,9,7,25
166,70,25,14
7,166,14,38
25,7,38,246
14,25,246,7
38,14,7,25
246,38,25,147
7,246,147,38
25,7,38,246
147,25,246,4
38,147,4,7
246,38,7,86
4,246,86,42
7,4,42,61
86,7,61,164
42,86,164,8
61,42,8,55
164,61,55,44
8,164,44,8
221,407,14,2906
2109,221,2906,87
14,2109,87,5
2906,14,5,20235
87,2906,20235,5
5,87,5,1243
20235,5,1243,4
5,20235,4,1335
1243,5,1335,8
4,1243,8,32
1335,4,32,479
8,1335,479,13
32,8,13,88
479,32,88,1885
13,479,1885,4
88,13,4,24632
1885,88,24632,3
4,1885,3,709
24632,4,709,1213
3,24632,1213,3
709,3,3,3352
1213,709,3352,44
3,1213,44,70
3352,3,70,1459
44,3352,1459,1256
70,44,1256,5475
1459,70,5475,1496
1256,1459,1496,227
5475,1256,227,291
1496,5475,291,79
227,1496,79,32
291,227,32,479
79,291,479,14
32,79,14,761
479,32,761,87
14,479,87,5
761,14,5,32
87,761,32,347
5,87,347,807
32,5,807,15
347,32,15,43
807,347,43,2006
15,807,2006,44
43,15,44,1256
2006,43,1256,5475
44,2006,5475,2
1256,44,2,159
5475,1256,159,43
2,5475,43,839
159,2,839,3521
43,159,3521,3267
839,43,3267,379
3521,839,379,221
3267,3521,221,13
379,3267,13,47
221,379,47,10067
13,221,10067,451
47,13,451,5572
10067,47,5572,2706
451,10067,2706,23
5572,451,23,347
2706,5572,347,479
23,2706,479,9
347,23,9,74
479,347,74,2
9,479,2,66
74,9,66,84
2,74,84,4
66,2,4,7
84,66,7,253
4,84,253,3
7,4,3,310
253,7,310,496
3,253,496,102
310,3,102,10
496,310,10,421
102,496,421,39
10,102,39,425
421,10,425,442
39,421,442,2344
425,39,2344,2440
442,425,2440,158
2344,442,158,5475
2440,2344,5475,134
158,2440,134,310
5475,158,310,1014
134,5475,1014,12
310,134,12,466
1014,310,466,8
12,1014,8,2109
466,12,2109,14
8,466,14,2906
2109,8,2906,87
14,2109,87,5
2906,14,5,20235
87,2906,20235,5
5,87,5,1243
20235,5,1243,4
5,20235,4,1335
1243,5,1335,8
4,1243,8,32
1335,4,32,479
8,1335,479,13
32,8,13,88
479,32,88,1885
13,479,1885,4
88,13,4,24632
1885,88,24632,3
4,1885,3,709
24632,4,709,1213
3,24632,1213,3
709,3,3,3352
1213,709,3352,4
3,1213,4,90
3352,3,90,57
4,3352,57,426
90,4,426,21318
57,90,21318,19
426,57,19,197
21318,426,197,10
19,21318,10,14
197,19,14,1254
10,197,1254,12
14,10,12,466
1254,14,466,8
12,1254,8,32
466,12,32,479
8,466,479,365
32,8,365,2
479,32,2,169
365,479,169,2722
2,365,2722,24
169,2,24,3352
2722,169,3352,171
24,2722,171,78
3352,24,78,32
171,3352,32,2451
78,171,2451,2
32,78,2,43
2451,32,43,269
2,2451,269,5
43,2,5,35
269,43,35,261
5,269,261,49
35,5,49,6108
261,35,6108,35
49,261,35,216
6108,49,216,78
35,6108,78,516
216,35,516,3
78,216,3,21
516,78,21,3544
3,516,3544,216
21,3,216,5
3544,21,5,4455
216,3544,4455,640
5,216,640,3898
4455,5,3898,4
640,4455,4,2315
3898,640,2315,588
4,3898,588,15
2315,4,15,2238
588,2315,2238,3
15,588,3,479
2238,15,479,59
3,2238,59,11
479,3,11,716
59,479,716,269
11,59,269,5
716,11,5,35
269,716,35,184
5,269,184,3
35,5,3,479
184,35,479,1087
3,184,1087,3352
479,3,3352,13
1087,479,13,25
3352,1087,25,239
13,3352,239,398
25,13,398,32
239,25,32,2
398,239,2,896
32,398,896,5
2,32,5,175
896,2,175,169
5,896,169,4
175,5,4,169
169,175,169,74
4,169,74,66
169,4,66,619
74,169,619,24
66,74,24,3352
619,66,3352,709
24,619,709,1213
3352,24,1213,13
709,3352,13,68
1213,709,68,47
13,1213,47,42
68,13,42,5
47,68,5,32
42,47,32,479
5,42,479,911
32,5,911,812
479,32,812,10
911,479,10,716
812,911,716,508
10,812,508,6
716,10,6,8
508,716,8,2892
6,508,2892,13
8,6,13,398
2892,8,398,81
13,2892,81,175
398,13,175,169
81,398,169,4
175,81,4,169
169,175,169,25
4,169,25,95
169,4,95,430
25,169,430,4824
95,25,4824,54
430,95,54,18
4824,430,18,47
54,4824,47,4586
18,54,4586,2
47,18,2,2006
4586,47,2006,5
2,4586,5,143
2006,2,143,35
5,2006,35,18
143,5,18,47
35,143,47,4077
18,35,4077,2
47,18,2,32
4077,47,32,479
2,4077,479,812
32,2,812,5475
479,32,5475,28
812,479,28,8
5475,812,8,7
28,5475,7,2
8,28,2,718
7,8,718,512
2,7,512,10
718,2,10,7
512,718,7,4679
10,512,4679,10
7,10,10,7
4679,7,7,1278
10,4679,1278,10
7,10,10,7
1278,7,7,11554
10,1278,11554,5
7,10,5,158
11554,7,158,28
5,11554,28,1459
158,5,1459,5475
28,158,5475,653
1459,28,653,8
5475,1459,8,48
653,5475,48,2280
8,653,2280,4
48,8,4,291
2280,48,291,3272
4,2280,3272,32
291,4,32,347
3272,291,347,50
32,3272,50,541
347,32,541,24
50,347,24,95
541,50,95,2549
24,541,2549,6
95,24,6,70
2549,95,70,92
6,2549,92,31
70,6,31,18
92,70,18,13
31,92,13,362
18,31,362,26
13,18,26,18
362,13,18,3457
26,362,3457,61
18,26,61,26
3457,18,26,18
61,3457,18,307
26,61,307,125
18,26,125,26
307,18,26,18
125,307,18,3051
26,125,3051,79
18,26,79,38
3051,18,38,83
79,3051,83,1447
38,79,1447,4
83,38,4,6
1447,83,6,76
4,1447,76,187
6,4,187,26
76,6,26,18
187,76,18,420
26,187,420,10
18,26,10,3
420,18,3,781
10,420,781,11
3,10,11,453
781,3,453,14764
11,781,14764,1087
453,11,1087,781
14764,453,781,13
1087,14764,13,307
781,1087,307,589
13,781,589,5
307,13,5,78
589,307,78,69
5,589,69,802
78,5,802,4
69,78,4,172
802,69,172,619
4,802,619,256
172,4,256,885
619,172,885,125
256,619,125,170
885,256,170,128
125,885,128,205
170,125,205,3872
128,170,3872,76
205,128,76,5
3872,205,5,43579
76,3872,43579,696
5,76,696,2274
43579,5,2274,32
696,43579,32,347
2274,696,347,4
32,2274,4,78
347,32,78,32
4,347,32,1272
78,4,1272,9
32,78,9,119
1272,32,119,111
9,1272,111,5475
119,9,5475,2342
111,119,2342,8
5475,111,8,187
2342,5475,187,40
8,2342,40,88
187,8,88,584
40,187,584,345
88,40,345,3
584,88,3,3259
345,584,3259,4
3,345,4,76
3259,3,76,45
4,3259,45,40
76,4,40,17
45,76,17,1480
40,45,1480,2
17,40,2,341
1480,17,341,2
2,1480,2,20
341,2,20,1180
2,341,1180,6831
651,19,383,23
80813,651,23,131
383,80813,131,1096
23,383,1096,5
131,23,5,20
1096,131,20,283
5,1096,283,3438
20,5,3438,19
283,20,19,9474
3438,283,9474,755
19,3438,755,2823
9474,19,2823,16561
755,9474,16561,41
2823,755,41,45
16561,2823,45,210
41,16561,210,24
45,41,24,5198
210,45,5198,1537
24,210,1537,65
5198,24,65,48
1537,5198,48,57
65,1537,57,434
48,65,434,243
57,48,243,99816
434,57,99816,7
243,434,7,2
99816,243,2,2899
7,99816,2899,35
2,7,35,5
2899,2,5,1091
35,2899,1091,59
5,35,59,33
1091,5,33,803
59,1091,803,8
33,59,8,399
803,33,399,616
8,803,616,7
399,8,7,340
616,399,340,1448
7,616,1448,3
340,7,3,1500
1448,340,1500,2111
3,1448,2111,70515
1500,3,70515,398
2111,1500,398,727
70515,2111,727,2
398,70515,2,54425
727,398,54425,901
2,727,901,5198
54425,2,5198,1537
901,54425,1537,971
5198,901,971,131
1537,5198,131,534
971,1537,534,2
131,971,2,149
534,131,149,2
2,534,2,131
149,2,131,547
2,149,547,397
131,2,397,16
547,131,16,84
397,547,84,2392
16,397,2392,1537
84,16,1537,1274
2392,84,1274,9314
1537,2392,9314,3
1274,1537,3,669
9314,1274,669,156
3,9314,156,2
669,3,2,1105
156,669,1105,6717
2,156,6717,12530
1105,2,12530,6732
6717,1105,6732,910
12530,6717,910,1537
6732,12530,1537,4
910,6732,4,80
1537,910,80,53438
4,1537,53438,477
80,4,477,3
53438,80,3,17
477,53438,17,2
3,477,2,372
17,3,372,1302
2,17,1302,2299
372,2,2299,20
1302,372,20,11180
2299,1302,11180,1564
20,2299,1564,5
11180,20,5,5198
1564,11180,5198,1537
5,1564,1537,6060
5198,5,6060,16
1537,5198,16,6
6060,1537,6,67
16,6060,67,686
6,16,686,6
67,6,6,67
686,67,67,538
6,686,538,4
67,6,4,603
538,67,603,6
4,538,6,4921
603,4,4921,30
6,603,30,123
4921,6,123,6
30,4921,6,1294
123,30,1294,30
6,123,30,91
1294,6,91,332
30,1294,332,44
91,30,44,3
332,91,3,1622
44,332,1622,1903
3,44,1903,4
1622,3,4,67
1903,1622,67,308
4,1903,308,26
67,4,26,219
308,67,219,6
26,308,6,4226
219,26,4226,1294
6,219,1294,4
4226,6,4,67
1294,4226,67,36366
4,1294,36366,4
67,4,4,760
36366,67,760,80092
4,36366,80092,5198
760,4,5198,1537
80092,760,1537,16
5198,80092,16,434
1537,5198,434,19
16,1537,19,103
434,16,103,4
19,434,4,86
103,19,86,103
4,103,103,372
86,4,372,255
103,86,255,6688
372,103,6688,9973
255,372,9973,1835
6688,255,1835,5
9973,6688,5,9973
1835,9973,9973,1288
5,1835,1288,44
9973,5,44,8903
1288,9973,8903,4
44,1288,4,8584
8903,44,8584,8903
4,8903,8903,4
8584,4,4,8584
8903,8584,8584,16
4,8903,16,853
8584,4,853,255
16,8584,255,184
853,16,184,3
255,853,3,70
184,255,70,1648
3,184,1648,9
70,3,9,7699
1648,70,7699,5
9,1648,5,1008
7699,9,1008,16613
5,7699,16613,16362
1008,5,16362,5198
16613,1008,5198,1537
16362,16613,1537,16
5198,16362,16,84
1537,5198,84,108
16,1537,108,911
84,16,911,2795
108,84,2795,4
911,108,4,3556
2795,911,3556,5
4,2795,5,3033
3556,4,3033,84894
5,3556,84894,686
3033,5,686,4
84894,3033,4,118
686,84894,118,30512
4,686,30512,3
118,4,3,6060
30512,118,6060,7
3,30512,7,23
6060,3,23,853
7,6060,853,5
23,7,5,67
853,23,67,593
5,853,593,283
67,5,283,15820
593,67,15820,661
283,593,661,3
15820,283,3,20
661,15820,20,6506
3,661,6506,7
20,3,7,828
6506,20,828,21
7,6506,21,3
828,7,3,123
21,828,123,4921
3,21,4921,3
123,3,3,4010
4921,123,4010,3788
3,4921,3788,5
4010,3,5,8903
3788,4010,8903,4
5,3788,4,8584
8903,5,8584,1154
4,8903,1154,7
8584,4,7,3
1154,8584,3,1300
7,1154,1300,6060
3,7,6060,1622
1300,3,1622,61
6060,1300,61,112
1622,6060,112,213
61,1622,213,4
112,61,4,443
213,112,443,5439
4,213,5439,13681
443,4,13681,5
5439,443,5,112
13681,5439,112,2111
5,13681,2111,65585
112,5,65585,46
2111,112,46,3670
65585,2111,3670,16719
46,65585,16719,4
3670,46,4,4458
16719,3670,4458,46
4,16719,46,16
4458,4,16,244
46,4458,244,686
16,46,686,420
244,16,420,26
686,244,26,380
420,686,380,21
26,420,21,47
380,26,47,4574
21,380,4574,2065
47,21,2065,36
4574,47,36,16
2065,4574,16,6087
36,2065,6087,6
16,36,6,6807
6087,16,6807,4
6,6087,4,56
6807,6,56,5
4,6807,5,1614
56,4,1614,8636
5,56,8636,325
1614,5,325,60
8636,1614,60,3
325,8636,3,389
60,325,389,3670
3,60,3670,7
389,3,7,6
3670,389,6,1308
7,3670,1308,59
6,7,59,33
1308,6,33,18
59,1308,18,2117
33,59,2117,5
18,33,5,3169
2117,18,3169,3
5,2117,3,7990
3169,5,7990,4
3,3169,4,55
7990,3,55,4413
4,7990,4413,875
55,4,875,2060
4413,55,2060,53701
875,4413,53701,1778
2060,875,1778,90
53701,2060,90,18735
1778,53701,18735,112
90,1778,112,616
18735,90,616,55
112,18735,55,91
616,112,91,3
55,616,3,4702
91,55,4702,4
3,91,4,20377
4702,3,20377,112
4,4702,112,1620
20377,4,1620,922
112,20377,922,5
1620,112,5,9474
922,1620,9474,7
5,922,7,8
9474,5,8,33
7,9474,33,55
8,7,55,3891
33,8,3891,41
55,33,41,39904
3891,55,39904,4458
41,3891,4458,65
39904,41,65,59
4458,39904,59,33
65,4458,33,389
59,65,389,81
33,59,81,668
389,33,668,36
81,389,36,12861
668,81,12861,3263
36,668,3263,81
12861,36,81,6
3263,12861,6,2
81,3263,2,51568
6,81,51568,609
2,6,609,33
51568,2,33,3
609,51568,3,3891
33,609,3891,239
3,33,239,1189
3891,3,1189,869
239,3891,869,5
1189,239,5,4458
869,1189,4458,5439
5,869,5439,65
4458,5,65,33
5439,4458,33,40
65,5439,40,4311
33,65,4311,17
40,33,17,458
4311,40,458,3
17,4311,3,389
458,17,389,668
3,458,668,36
389,3,36,19360
668,389,19360,15
36,668,15,64784
19360,36,64784,7
15,19360,7,2
64784,15,2,306
7,64784,306,107
2,7,107,3
306,2,3,1486
107,306,1486,5439
3,107,5439,9235
1486,3,9235,76
5439,1486,76,34
9235,5439,34,653
76,9235,653,8
34,76,8,7428
653,34,7428,41
8,653,41,14747
7428,8,14747,65
41,7428,65,33
14747,41,33,77
65,14747,77,4311
33,65,4311,17984
77,33,17984,168
4311,77,168,7
17984,4311,7,4986
168,17984,4986,29
7,168,29,59
4986,7,59,33
29,4986,33,803
59,29,803,62
33,59,62,5439
803,33,5439,446
62,803,446,6
5439,62,6,88
446,5439,88,686
6,446,686,18
88,6,18,3012
686,88,3012,3892
18,686,3892,170
3012,18,170,4873
3892,3012,4873,5
170,3892,5,22400
4873,170,22400,7303
5,4873,7303,6
22400,5,6,9474
7303,22400,9474,245
6,7303,245,96
9474,6,96,61890
245,9474,61890,649
96,245,649,1778
61890,96,1778,2
649,61890,2,1002
1778,649,1002,3036
2,1778,3036,5
1002,2,5,39124
3036,1002,39124,4
5,3036,4,10
39124,5,10,7
4,39124,7,104
10,4,104,10346
7,10,10346,8
104,7,8,16
10346,104,16,1390
8,10346,1390,9
16,8,9,1417
1390,16,1417,5439
9,1390,5439,23257
1417,9,23257,283
5439,1417,283,4
23257,5439,4,3356
283,23257,3356,5
4,283,5,478
3356,4,478,60051
5,3356,60051,26725
478,5,26725,6783
60051,478,6783,5
26725,60051,5,2455
6783,26725,2455,7303
5,6783,7303,1031
2455,5,1031,13
7303,2455,13,9677
1031,7303,9677,649
13,1031,649,25411
9677,13,25411,1390
649,9677,1390,9
25411,649,9,9328
1390,25411,9328,104
9,1390,104,8662
9328,9,8662,3
104,9328,3,1417
8662,104,1417,4
3,8662,4,11116
1417,3,11116,1914
