3823,65,965,9
7745,3823,9,48
965,7745,48,3327
9,965,3327,2
48,9,2,5
3327,48,5,88
2,3327,88,264
5,2,264,678
88,5,678,6
264,88,6,132
678,264,132,23
6,678,23,301
132,6,301,3823
23,132,3823,7745
301,23,7745,965
3823,301,965,9
7745,3823,9,909
965,7745,909,6
9,965,6,3211
909,9,3211,940
6,909,940,46
3211,6,46,211
940,3211,211,1683
46,940,1683,3211
211,46,3211,46
1683,211,46,7
3211,1683,7,68
46,3211,68,875
7,46,875,65
68,7,65,3823
875,68,3823,7745
65,875,7745,965
3823,65,965,9
7745,3823,9,48
965,7745,48,262
9,965,262,46
48,9,46,23
262,48,23,151
46,262,151,425
23,46,425,6
151,23,6,10
425,151,10,4335
6,425,4335,8
10,6,8,2367
4335,10,2367,4727
8,4335,4727,7
2367,8,7,1457
4727,2367,1457,65
7,4727,65,1683
1457,7,1683,940
65,1457,940,4
1683,65,4,57
940,1683,57,3719
4,940,3719,2131
57,4,2131,1207
3719,57,1207,1808
2131,3719,1808,10
1207,2131,10,91
1808,1207,91,1787
10,1808,1787,5
91,10,5,1147
1787,91,1147,2616
5,1787,2616,678
1147,5,678,3
2616,1147,3,1013
678,2616,1013,1683
3,678,1683,940
1013,3,940,909
1683,1013,909,3
940,1683,3,2367
909,940,2367,940
3,909,940,909
2367,3,909,2
940,2367,2,705
909,940,705,168
2,909,168,10
705,2,10,1186
168,705,1186,5
10,168,5,41
1186,10,41,65
5,1186,65,43
41,5,43,52673
65,41,52673,5
43,65,5,318
52673,43,318,1683
5,52673,1683,3211
318,5,3211,940
1683,318,940,13
3211,1683,13,262
940,3211,262,1161
13,940,1161,2367
262,13,2367,479
1161,262,479,678
2367,1161,678,53
479,2367,53,50
678,479,50,45
53,678,45,4055
50,53,4055,6
45,50,6,2367
4055,45,2367,73739
6,4055,73739,304
2367,6,304,154
73739,2367,154,24
304,73739,24,216
154,304,216,5
24,154,5,694
216,24,694,1087
5,216,1087,54
694,5,54,1461
1087,694,1461,2367
54,1087,2367,479
1461,54,479,965
2367,1461,965,678
479,2367,678,29
965,479,29,333
678,965,333,7
29,678,7,2155
333,29,2155,9
7,333,9,366
2155,7,366,8
9,2155,8,2367
366,9,2367,7
8,366,7,2355
2367,8,2355,793
7,2367,793,5
2355,7,5,169
793,2355,169,5
5,793,5,670
169,5,670,2
5,169,2,66
670,5,66,12
2,670,12,694
66,2,694,200
12,66,200,9
694,12,9,1613
200,694,1613,4
9,200,4,39
1613,9,39,249
4,1613,249,1440
39,4,1440,2367
249,39,2367,191
1440,249,191,7
2367,1440,7,962
191,2367,962,961
7,191,961,2918
962,7,2918,6
961,962,6,39
2918,961,39,249
6,2918,249,4
39,6,4,1613
249,39,1613,122
4,249,122,216
1613,4,216,5
122,1613,5,694
216,122,694,477
5,216,477,3
694,5,3,2920
477,694,2920,2355
3,477,2355,678
2920,3,678,3
2355,2920,3,2367
678,2355,2367,479
3,678,479,366
2367,3,366,8
479,2367,8,2367
366,479,2367,1978
8,366,1978,16
2367,8,16,2355
1978,2367,2355,169
16,1978,169,6
2355,16,6,1613
169,2355,1613,4
6,169,4,169
1613,6,169,6
4,1613,6,39
169,4,39,249
6,169,249,207
39,6,207,66
249,39,66,7
207,249,7,21
66,207,21,6
7,66,6,2441
21,7,2441,88
6,21,88,264
2441,6,264,1906
88,2441,1906,22945
264,88,22945,1155
1906,264,1155,2158
22945,1906,2158,8
1155,22945,8,6
2158,1155,6,1613
8,2158,1613,53
6,8,53,7
1613,6,7,4
53,1613,4,1496
7,53,1496,1768
4,7,1768,74
1496,4,74,229
1768,1496,229,1440
74,1768,1440,1519
229,74,1519,16
1440,229,16,502
1519,1440,502,1058
16,1519,1058,497
502,16,497,12
1058,502,12,2367
497,1058,2367,694
12,497,694,694
2367,12,694,5381
694,2367,5381,6
694,694,6,35
5381,694,35,16
6,5381,16,4817
35,6,4817,5796
16,35,5796,840
4817,16,840,74
5796,4817,74,2060
840,5796,2060,80864
74,840,80864,54
2060,74,54,7
80864,2060,7,428
54,80864,428,168
7,54,168,54
428,7,54,2367
168,428,2367,1978
54,168,1978,93
2367,54,93,2
1978,2367,2,1223
93,1978,1223,9
2,93,9,2
1223,2,2,856
9,1223,856,869
2,9,869,5
856,2,5,3893
869,856,3893,8
5,869,8,26
3893,5,26,117
8,3893,117,142
26,8,142,3
117,26,3,6183
142,117,6183,5381
3,142,5381,16
6183,3,16,400
5381,6183,400,12
16,5381,12,2
400,16,2,1816
12,400,1816,224
2,12,224,8
1816,2,8,77
224,1816,77,284
8,224,284,6
77,8,6,2
284,77,2,57956
6,284,57956,9
2,6,9,39784
57956,2,39784,59068
9,57956,59068,4
39784,9,4,452
59068,39784,452,345
4,59068,345,226
452,4,226,6
345,452,6,192
226,345,192,191
6,226,191,4
192,6,4,577
191,192,577,5
4,191,5,192
577,4,192,191
5,577,191,2431
192,5,2431,7
191,192,7,1058
2431,191,1058,6
7,2431,6,95
1058,7,95,35
6,1058,35,65
95,6,65,6
35,95,6,57
65,35,57,29
6,65,29,20
57,6,20,366
29,57,366,9513
20,29,9513,984
366,20,984,5
9513,366,5,227
984,9513,227,436
5,984,436,1223
227,5,1223,8
436,227,8,13
1223,436,13,2106
8,1223,2106,136
13,8,136,5
2106,13,5,577
136,2106,577,5
5,136,5,192
577,5,192,191
5,577,191,13273
192,5,13273,932
191,192,932,786
13273,191,786,5
932,13273,5,1683
786,932,1683,4
5,786,4,1125
1683,5,1125,1276
4,1683,1276,191
1125,4,191,1161
1276,1125,1161,80556
191,1276,80556,7
1161,191,7,165
80556,1161,165,5242
7,80556,5242,65
165,7,65,11754
5242,165,11754,333
65,5242,333,5
11754,65,5,694
333,11754,694,73
5,333,73,192
694,5,192,4
73,694,4,2367
192,73,2367,184
4,192,184,3
2367,4,3,3868
184,2367,3868,736
3,184,736,22512
3868,3,22512,994
736,3868,994,1870
22512,736,1870,436
994,22512,436,1223
1870,994,1223,7
436,1870,7,2
1223,436,2,2046
7,1223,2046,7678
2,7,7678,8
2046,2,8,609
7678,2046,609,192
8,7678,192,694
609,8,694,3
192,609,3,2959
694,192,2959,15
3,694,15,694
2959,3,694,24
15,2959,24,3719
694,15,3719,2131
24,694,2131,20
3719,24,20,436
2131,3719,436,1223
20,2131,1223,7
436,20,7,2299
1223,436,2299,163
7,1223,163,405
2299,7,405,1322
163,2299,1322,192
405,163,192,191
1322,405,191,7090
192,1322,7090,6
191,192,6,598
7090,191,598,184
6,7090,184,3
598,6,3,2
184,598,2,181
3,184,181,19
2,3,19,1288
181,2,1288,5
19,181,5,105
1288,19,105,515
5,1288,515,23
105,5,23,2213
515,105,2213,35
23,515,35,393
2213,23,393,4
35,2213,4,166
393,35,166,188
4,393,188,654
166,4,654,528
188,166,528,16505
654,188,16505,598
528,654,598,68
16505,528,68,420
598,16505,420,90
68,598,90,14679
420,68,14679,554
90,420,554,3243
14679,90,3243,9
554,14679,9,192
3243,554,192,191
9,3243,191,1207
192,9,1207,216
191,192,216,5
1207,191,5,694
216,1207,694,1181
5,216,1181,8
694,5,8,474
1181,694,474,2
8,1181,2,568
474,8,568,192
2,474,192,191
568,2,191,34
192,568,34,247
191,192,247,57947
34,191,57947,15
247,34,15,3719
57947,247,3719,2131
15,57947,2131,261
3719,15,261,2
2131,3719,2,227
261,2131,227,436
2,261,436,3243
227,2,3243,119
436,227,119,111
3243,436,111,383
119,3243,383,8
111,119,8,2367
383,111,2367,4
8,383,4,192
2367,8,192,694
4,2367,694,786
192,4,786,16
694,192,16,84
786,694,84,1275
16,786,1275,2660
84,16,2660,15
1275,84,15,694
2660,1275,694,24
15,2660,24,2568
694,15,2568,2131
24,694,2131,87162
2568,24,87162,227
2131,2568,227,92
87162,2131,92,2504
227,87162,2504,13
92,227,13,1658
2504,92,1658,171
13,2504,171,71
1658,13,71,252
171,1658,252,23
71,171,23,42
252,71,42,173
23,252,173,6
42,23,6,227
173,42,227,2504
6,173,2504,1123
227,6,1123,3517
2504,227,3517,446
1123,2504,446,170
3517,1123,170,53
446,3517,53,13
170,446,13,47
53,170,47,2
13,53,2,849
47,13,849,7681
2,47,7681,170
849,2,170,140
7681,849,140,29
170,7681,29,80
140,170,80,25
29,140,25,2
80,29,2,2
25,80,2,1398
2,25,1398,5
2,2,5,896
1398,2,896,2504
5,1398,2504,227
896,5,227,92
2504,896,92,84
227,2504,84,13
92,227,13,7197
84,92,7197,336
13,84,336,170
7197,13,170,108
336,7197,108,124
170,336,124,37503
108,170,37503,2
124,108,2,7735
37503,124,7735,8
2,37503,8,62
7735,2,62,896
8,7735,896,227
62,8,227,2504
896,62,2504,170
227,896,170,3730
2504,227,3730,207
170,2504,207,66
3730,170,66,1861
207,3730,1861,3013
66,207,3013,4004
1861,66,4004,9
3013,1861,9,43
4004,3013,43,4335
2217,2733,1579,496
3392,2217,496,582
1579,3392,582,279
496,1579,279,6659
582,496,6659,2450
279,582,2450,4
6659,279,4,4713
2450,6659,4713,895
4,2450,895,5
4713,4,5,1470
895,4713,1470,637
5,895,637,15
1470,5,15,3992
637,1470,3992,35
15,637,35,2217
3992,15,2217,2315
35,3992,2315,141
2217,35,141,4
2315,2217,4,1674
141,2315,1674,8
4,141,8,77
1674,4,77,1497
8,1674,1497,1300
77,8,1300,89
1497,77,89,24
1300,1497,24,266
89,1300,266,184
24,89,184,3
266,24,3,39
184,266,39,1087
3,184,1087,46547
39,3,46547,8467
1087,39,8467,5
46547,1087,5,980
8467,46547,980,680
5,8467,680,13
980,5,13,47
680,980,47,23
13,680,23,456
47,13,456,5
23,47,5,2
456,23,2,150
5,456,150,185
2,5,185,9
150,2,9,66
185,150,66,375
9,185,375,587
66,9,587,212
375,66,212,328
587,375,328,6
212,587,6,860
328,212,860,8
6,328,8,43
860,6,43,1103
8,860,1103,420
43,8,420,1470
1103,43,1470,903
420,1103,903,101
1470,420,101,3
903,1470,3,5273
101,903,5273,5963
3,101,5963,2
5273,3,2,1804
5963,5273,1804,4983
2,5963,4983,3
1804,2,3,70
4983,1804,70,980
3,4983,980,101
70,3,101,82491
980,70,82491,992
101,980,992,4
82491,101,4,2
992,82491,2,227
4,992,227,212
2,4,212,992
227,2,992,8
212,227,8,146
992,212,146,980
8,992,980,680
146,8,680,605
980,146,605,6
680,980,6,2733
605,680,2733,2450
6,605,2450,139
2733,6,139,6
2450,2733,6,1001
139,2450,1001,4
6,139,4,4327
1001,6,4327,316
4,1001,316,3
4327,4,3,35
316,4327,35,8688
3,316,8688,741
35,3,741,8118
8688,35,8118,81
741,8688,81,21
8118,741,21,3
81,8118,3,139
21,81,139,680
3,21,680,1314
139,3,1314,3
680,139,3,1470
1314,680,1470,903
3,1314,903,184
1470,3,184,3
903,1470,3,212
184,903,212,85330
3,184,85330,279
212,3,279,2450
85330,212,2450,18201
279,85330,18201,17168
2450,279,17168,4
18201,2450,4,1494
17168,18201,1494,22
4,17168,22,1142
1494,4,1142,2165
22,1494,2165,28
1142,22,28,2450
2165,1142,2450,7333
28,2165,7333,2317
2450,28,2317,3
7333,2450,3,2495
2317,7333,2495,104251
3,2317,104251,23184
2495,3,23184,81
104251,2495,81,3
23184,104251,3,595
81,23184,595,3247
3,81,3247,4
595,3,4,3709
3247,595,3709,24
4,3247,24,85482
3709,4,85482,28
24,3709,28,6
85482,24,6,2
28,85482,2,304
6,28,304,8
2,6,8,1579
304,2,1579,13
8,304,13,64
1579,8,64,1142
13,1579,1142,74
64,13,74,4327
1142,64,4327,316
74,1142,316,36
4327,74,36,212
316,4327,212,953
36,316,953,3
212,36,3,4886
953,212,4886,8688
3,953,8688,741
4886,3,741,24
8688,4886,24,3980
741,8688,3980,1470
24,741,1470,680
3980,24,680,38553
1470,3980,38553,2570
680,1470,2570,3
38553,680,3,431
2570,38553,431,20
3,2570,20,1022
431,3,1022,6669
20,431,6669,4
1022,20,4,913
6669,1022,913,3
4,6669,3,4513
913,4,4513,11
3,913,11,46056
4513,3,46056,481
11,4513,481,6
46056,11,6,22
481,46056,22,316
6,481,316,8
22,6,8,43
316,22,43,587
8,316,587,212
43,8,212,992
587,43,992,14
212,587,14,23
992,212,23,25
14,992,25,15
23,14,15,2
25,23,2,335
15,25,335,6
2,15,6,647
335,2,647,19
6,335,19,2733
647,6,2733,587
19,647,587,212
2733,19,212,8
587,2733,8,5264
212,587,5264,8688
8,212,8688,741
5264,8,741,3
8688,5264,3,172
741,8688,172,3980
3,741,3980,680
172,3,680,1314
3980,172,1314,3
680,3980,3,1470
1314,680,1470,28008
3,1314,28008,7713
1470,3,7713,737
28008,1470,737,13
7713,28008,13,2989
737,7713,2989,6
13,737,6,3412
2989,13,3412,4
6,2989,4,4603
3412,6,4603,2450
4,3412,2450,28
4603,4,28,15
2450,4603,15,90
28,2450,90,8688
15,28,8688,741
90,15,741,3980
8688,90,3980,680
741,8688,680,1314
3980,741,1314,3
680,3980,3,980
1314,680,980,903
3,1314,903,122
980,3,122,57
903,980,57,900
122,903,900,3
57,122,3,25
900,57,25,87134
3,900,87134,2733
25,3,2733,587
87134,25,587,212
2733,87134,212,516
587,2733,516,323
212,587,323,8688
516,212,8688,741
323,516,741,18
8688,323,18,2
741,8688,2,22442
18,741,22442,2490
2,18,2490,21
22442,2,21,3
2490,22442,3,139
21,2490,139,98
3,21,98,680
139,3,680,1314
98,139,1314,11
680,98,11,1757
1314,680,1757,2165
11,1314,2165,28
1757,11,28,2450
2165,1757,2450,316
28,2165,316,14
2450,28,14,2902
316,2450,2902,3
14,316,3,314
2902,14,314,4
3,2902,4,1024
314,3,1024,141
4,314,141,37
1024,4,37,54
141,1024,54,53
37,141,53,7
54,37,7,64
53,54,64,3412
7,53,3412,36
64,7,36,11474
3412,64,11474,93172
36,3412,93172,2
11474,36,2,58
93172,11474,58,13
2,93172,13,47
58,2,47,2
13,58,2,3023
47,13,3023,5
2,47,5,222
3023,2,222,434
5,3023,434,126
222,5,126,6
434,222,6,11
126,434,11,14
6,126,14,1300
11,6,1300,24
14,11,24,266
1300,14,266,75
24,1300,75,2
266,24,2,227
75,266,227,741
2,75,741,328
227,2,328,11
741,227,11,14
328,741,14,4407
11,328,4407,491
14,11,491,898
4407,14,898,141
491,4407,141,19
898,491,19,2704
141,898,2704,3
19,141,3,123
2704,19,123,83
3,2704,83,2
123,3,2,793
83,123,793,10826
2,83,10826,82162
793,2,82162,517
10826,793,517,582
82162,10826,582,279
517,82162,279,262
582,517,262,142
279,582,142,6
262,279,6,5927
142,262,5927,21
6,142,21,3
5927,6,3,25
21,5927,25,476
3,21,476,3
25,3,3,392
476,25,392,606
3,476,606,10875
392,3,10875,15
606,392,15,227
10875,606,227,212
20,336,1089,5
2,20,5,78
1089,2,78,32
5,1089,32,15
78,5,15,76
32,78,76,176
15,32,176,379
76,15,379,10061
176,76,10061,61
379,176,61,12
10061,379,12,338
61,10061,338,152
12,61,152,74
338,12,74,1180
152,338,1180,29
74,152,29,45
1180,74,45,50
29,1180,50,1159
45,29,1159,6
50,45,6,38
1159,50,38,1805
6,1159,1805,3
38,6,3,10
1805,38,10,259
3,1805,259,12
10,3,12,558
259,10,558,1128
12,259,1128,9
558,12,9,15255
1128,558,15255,176
9,1128,176,20486
15255,9,20486,1648
176,15255,1648,434
20486,176,434,1768
1648,20486,1768,4
434,1648,4,3270
1768,434,3270,1141
4,1768,1141,74
3270,4,74,825
1141,3270,825,4
74,1141,4,51
825,74,51,14
4,825,14,388
51,4,388,118
14,51,118,42
388,14,42,3
118,388,3,3581
42,118,3581,78
3,42,78,259
3581,3,259,822
78,3581,822,15255
259,78,15255,176
822,259,176,379
15255,822,379,23
176,15255,23,848
379,176,848,5251
23,379,5251,6
848,23,6,15986
5251,848,15986,2550
6,5251,2550,12
15986,6,12,747
2550,15986,747,1089
12,2550,1089,14
747,12,14,42
1089,747,42,6
14,1089,6,715
42,14,715,4
6,42,4,34055
715,6,34055,234
4,715,234,31
34055,4,31,5082
234,34055,5082,4578
31,234,4578,23
5082,31,23,848
4578,5082,848,5251
23,4578,5251,6
848,23,6,15986
5251,848,15986,2550
6,5251,2550,270
15986,6,270,174
2550,15986,174,20
270,2550,20,806
174,270,806,7
20,174,7,4
806,20,4,3041
7,806,3041,8794
4,7,8794,5
3041,4,5,51
8794,3041,51,30
5,8794,30,48
51,5,48,40
30,51,40,73
48,30,73,3
40,48,3,137
73,40,137,78
3,73,78,6
137,3,6,10890
78,137,10890,2
6,78,2,33
10890,6,33,55
2,10890,55,8683
33,2,8683,137
55,33,137,1089
8683,55,1089,62
137,8683,62,176
1089,137,176,379
62,1089,379,15
176,62,15,2
379,176,2,565
15,379,565,6
2,15,6,4
565,2,4,3803
6,565,3803,25104
4,6,25104,10250
3803,4,10250,10
25104,3803,10,477
10250,25104,477,8
10,10250,8,26
477,10,26,16
8,477,16,8745
26,8,8745,480
16,26,480,31
8745,16,31,901
480,8745,901,2
31,480,2,4010
901,31,4010,6
2,901,6,7335
4010,2,7335,5
6,4010,5,78
7335,6,78,32
5,7335,32,7872
78,5,7872,24
32,78,24,15255
7872,32,15255,176
24,7872,176,20485
15255,24,20485,558
176,15255,558,1128
20485,176,1128,6
558,20485,6,2
1128,558,2,373
6,1128,373,1089
2,6,1089,176
373,2,176,379
1089,373,379,1363
176,1089,1363,15
379,176,15,2
1363,379,2,417
15,1363,417,6
2,15,6,2
417,2,2,138
6,417,138,27
2,6,27,4010
138,2,4010,15
27,138,15,6402
4010,27,6402,395
15,4010,395,157
6402,15,157,306
395,6402,306,285
157,395,285,6
306,157,6,652
285,306,652,15255
6,285,15255,2550
652,6,2550,7872
15255,652,7872,24
2550,15255,24,15255
7872,2550,15255,176
24,7872,176,20485
15255,24,20485,558
176,15255,558,1128
20485,176,1128,170
558,20485,170,2
1128,558,2,1372
170,1128,1372,869
2,170,869,5
1372,2,5,7351
869,1372,7351,2808
5,869,2808,88110
7351,5,88110,146
2808,7351,146,2
88110,2808,2,273
146,88110,273,224
2,146,224,37
273,2,37,259
224,273,259,2772
37,224,2772,38751
259,37,38751,63
2772,259,63,5
38751,2772,5,15255
63,38751,15255,176
5,63,176,20486
15255,5,20486,1648
176,15255,1648,516
20486,176,516,3
