24,368,20352,11
3724,24,11,134
20352,3724,134,42
11,20352,42,5
134,11,5,22
42,134,22,471
5,42,471,280
22,5,280,255
471,22,255,280
280,471,280,5550
255,280,5550,55
280,255,55,17
5550,280,17,2207
55,5550,2207,26
17,55,26,55
2207,17,55,17
26,2207,17,2429
55,26,2429,29
17,55,29,7454
2429,17,7454,5550
29,2429,5550,8
7454,29,8,272
5550,7454,272,7
8,5550,7,110
272,8,110,3
7,272,3,1114
110,7,1114,33
3,110,33,9
1114,3,9,290
33,1114,290,7
9,33,7,18
290,9,18,64
7,290,64,354
18,7,354,52
64,18,52,4008
354,64,4008,24779
52,354,24779,207
4008,52,207,340
24779,4008,340,28
207,24779,28,20
340,207,20,29
28,340,29,10
20,28,10,1173
29,20,1173,73
10,29,73,271
1173,10,271,11
73,1173,11,40
271,73,40,18
11,271,18,28
40,11,28,11
18,40,11,1389
28,18,1389,8
11,28,8,30
1389,11,30,121
8,1389,121,1227
30,8,1227,5074
121,30,5074,2739
1227,121,2739,5
5074,1227,5,67
2739,5074,67,542
5,2739,542,30
67,5,30,121
542,67,121,17
30,542,17,12381
121,30,12381,1471
17,121,1471,62
12381,17,62,10
1471,12381,10,7
62,1471,7,1119
10,62,1119,22068
7,10,22068,849
1119,7,849,8
22068,1119,8,55
849,22068,55,88
8,849,88,26063
55,8,26063,15
88,55,15,2
26063,88,2,38842
15,26063,38842,33
2,15,33,18
38842,2,18,516
33,38842,516,3
18,33,3,96
516,18,96,99
3,516,99,664
96,3,664,10
99,96,10,7
664,99,7,445
10,664,445,282
7,10,282,3
445,7,3,4470
282,445,4470,1765
3,282,1765,995
4470,3,995,25
1765,4470,25,21
995,1765,21,1427
25,995,1427,9
21,25,9,57
1427,21,57,417
9,1427,417,3
57,9,3,25
417,57,25,10
3,417,10,4086
25,3,4086,12
10,25,12,2057
4086,10,2057,20
12,4086,20,121
2057,12,121,17
20,2057,17,42
121,20,42,13771
17,121,13771,4
42,17,4,261
13771,42,261,196
4,13771,196,136
261,4,136,6
196,261,6,107
136,196,107,5
6,136,5,30522
107,6,30522,6629
5,107,6629,53
30522,5,53,7
6629,30522,7,2
53,6629,2,856
7,53,856,1105
2,7,1105,5
856,2,5,24467
1105,856,24467,8
5,1105,8,2
24467,5,2,272
8,24467,272,121
2,8,121,18
272,2,18,23
121,272,23,1170
18,121,1170,60
23,18,60,4
1170,23,4,20
60,1170,20,7
4,60,7,42
20,4,42,5
7,20,5,81
42,7,81,997
5,42,997,121
81,5,121,17
997,81,17,1234
121,997,1234,29
17,121,29,1343
1234,17,1343,1974
29,1234,1974,1183
1343,29,1183,2768
1974,1343,2768,2
1183,1974,2,4660
2768,1183,4660,7
2,2768,7,325
4660,2,325,13763
7,4660,13763,15
325,7,15,2
13763,325,2,7067
15,13763,7067,11633
2,15,11633,76970
7067,2,76970,3096
11633,7067,3096,2180
76970,11633,2180,164
3096,76970,164,7
2180,3096,7,8
164,2180,8,997
7,164,997,17
8,7,17,6428
997,8,6428,42
17,997,42,121
6428,17,121,5117
42,6428,5117,14
121,42,14,3
5117,121,3,1765
14,5117,1765,57
3,14,57,97
1765,3,97,10281
57,1765,10281,7
97,57,7,15100
10281,97,15100,8
7,10281,8,2804
15100,7,2804,5254
8,15100,5254,570
2804,8,570,4
5254,2804,4,3374
570,5254,3374,38
4,570,38,14466
3374,4,14466,53
38,3374,53,121
14466,38,121,17
53,14466,17,64
121,53,64,4957
17,121,4957,36
64,17,36,28494
4957,64,28494,6
36,4957,6,98
28494,36,98,5
6,28494,5,67
98,6,67,1829
5,98,1829,15
67,5,15,542
1829,67,542,20
15,1829,20,359
542,15,359,5
20,542,5,148
359,20,148,7
5,359,7,1019
148,5,1019,2156
7,148,2156,4
1019,7,4,370
2156,1019,370,5686
4,2156,5686,10
370,4,10,19110
5686,370,19110,6566
10,5686,6566,10995
19110,10,10995,97
6566,19110,97,73
10995,6566,73,2
97,10995,2,2969
73,97,2969,3465
2,73,3465,52
2969,2,52,57
3465,2969,57,97
52,3465,97,7
57,52,7,11822
97,57,11822,3
7,97,3,997
11822,7,997,30
3,11822,30,55
997,3,55,140
30,997,140,4579
55,30,4579,488
140,55,488,67
4579,140,67,107
488,4579,107,845
67,488,845,470
107,67,470,299
845,107,299,3
470,845,3,1227
299,470,1227,337
3,299,337,206
1227,3,206,5254
337,1227,5254,716
206,337,716,2397
5254,206,2397,6
716,5254,6,99
2397,716,99,236
6,2397,236,148
99,6,148,132
236,99,132,208
148,236,208,859
132,148,859,155
208,132,155,142
859,208,142,3
155,859,3,51
142,155,51,26
3,142,26,50
51,3,50,29
26,51,29,23
50,26,23,275
29,50,275,30
23,29,30,55
275,23,55,346
30,275,346,2593
55,30,2593,585
346,55,585,9
2593,346,9,2
585,2593,2,39
9,585,39,3134
2,9,3134,5
39,2,5,94368
3134,39,94368,482
5,3134,482,34
94368,5,34,10411
482,94368,10411,164
34,482,164,3419
10411,34,3419,1226
164,10411,1226,29032
3419,164,29032,773
1226,3419,773,1867
29032,1226,1867,15
773,29032,15,4058
1867,773,4058,3079
15,1867,3079,2873
4058,15,2873,651
3079,4058,651,25509
2873,3079,25509,59
651,2873,59,103
25509,651,103,50
59,25509,50,6
103,59,6,1476
50,103,1476,6
6,50,6,321
1476,6,321,75
6,1476,75,124
321,6,124,14
75,321,14,74
124,75,74,103
14,124,103,2166
74,14,2166,2055
103,74,2055,29032
2166,103,29032,641
2055,2166,641,5
29032,2055,5,16952
641,29032,16952,835
5,641,835,8
16952,5,8,11
835,16952,11,14
8,835,14,11416
11,8,11416,19
14,11,19,25509
11416,14,25509,3814
19,11416,3814,6783
25509,19,6783,5
3814,25509,5,23502
6783,3814,23502,5425
5,6783,5425,5
23502,5,5,60
5425,23502,60,29032
5,5425,29032,277
60,5,277,491
29032,60,491,4579
277,29032,4579,51472
491,277,51472,24
4579,491,24,88
51472,4579,88,372
24,51472,372,39
88,24,39,703
372,88,703,126
39,372,126,118
703,39,118,163
126,703,163,56
118,126,56,1139
163,118,1139,11
56,163,11,1558
1139,56,1558,15
11,1139,15,25509
1558,11,25509,74
15,1558,74,104
25509,15,104,343
74,25509,343,90
104,74,90,568
343,104,568,394
90,343,394,11
568,90,11,2757
394,568,2757,25509
11,394,25509,48
2757,11,48,103926
25509,2757,103926,757
48,25509,757,103
103926,48,103,50
757,103926,50,458
103,757,458,3
50,103,3,346
458,50,346,677
3,458,677,585
346,3,585,45208
677,346,45208,482
585,677,482,96
45208,585,96,183
482,45208,183,173
96,482,173,6560
183,96,6560,3429
173,183,3429,14
6560,173,14,2
3429,6560,2,100852
14,3429,100852,1974
2,14,1974,272
100852,2,272,3
1974,100852,3,44
272,1974,44,275
3,272,275,11
44,3,11,14
275,44,14,6
11,275,6,2
14,11,2,423
6,14,423,3
2,6,3,1386
423,2,1386,22
3,423,22,3659
1386,3,3659,2
22,1386,2,63
3659,22,63,4
2,3659,4,3
63,2,3,20
4,63,20,117
3,4,117,11
20,3,11,612
117,20,612,2
11,117,2,272
612,11,272,131
2,612,131,382
272,2,382,24
131,272,24,89
382,131,89,12890
24,382,12890,4
89,24,4,96337
12890,89,96337,1226
4,12890,1226,3697
96337,4,3697,18902
1226,96337,18902,18902
3697,1226,18902,1409
18902,3697,1409,608
18902,18902,608,3
1409,18902,3,346
608,1409,346,3429
3,608,3429,4
346,3,4,25742
3429,346,25742,4
4,3429,4,11090
25742,4,11090,1527
4,25742,1527,6
11090,4,6,22
1527,11090,22,290
6,1527,290,103
22,6,103,471
290,22,471,1409
103,290,1409,1558
471,103,1558,1139
1409,471,1139,2
1558,1409,2,284
1139,1558,284,5
2,1139,5,38
284,2,38,3426
5,284,3426,841
38,5,841,4
3426,38,4,382
841,3426,382,12006
4,841,12006,5
382,4,5,792
12006,382,792,3
5,12006,3,22
792,5,22,1223
3,792,1223,3429
22,3,3429,1409
1223,22,1409,2757
3429,1223,2757,22
1409,3429,22,547
2757,1409,547,542
22,2757,542,3499
547,22,3499,3
542,547,3,8123
3499,542,8123,148
3,3499,148,61
8123,3,61,26
148,8123,26,50
61,148,50,208
26,61,208,183
50,26,183,5
208,50,5,376
183,208,376,29
5,183,29,23
376,5,23,275
29,376,275,76
23,29,76,57744
275,23,57744,14
76,275,14,95389
57744,76,95389,15
14,57744,15,347
95389,14,347,16
15,95389,16,5
347,15,5,2
16,347,2,3750
5,16,3750,382
2,5,382,1026
3750,2,1026,87
382,3750,87,30
1026,382,30,16
87,1026,16,2374
30,87,2374,19
16,30,19,2286
2374,16,2286,5
19,2374,5,1576
2286,19,1576,36
5,2286,36,714
1576,5,714,680
36,1576,680,10
714,36,10,34
680,714,34,17
10,680,17,41
34,10,41,831
17,34,831,3
41,17,3,37402
831,41,37402,1903
3,831,1903,24
37402,3,24,95
1903,37402,95,15
24,1903,15,894
95,24,894,30
15,95,30,18
894,15,18,247
30,894,247,6019
18,30,6019,12
247,18,12,57
6019,247,57,435
12,6019,435,10
57,12,10,132
435,57,132,17
10,435,17,2058
132,10,2058,3
17,132,3,4101
2058,17,4101,156
3,2058,156,5550
4101,3,5550,36
156,4101,36,23
5550,156,23,275
36,5550,275,346
23,36,346,677
275,23,677,585
346,275,585,170
677,346,170,53
585,677,53,132
170,585,132,17
53,170,17,41
132,53,41,336
17,132,336,576
41,17,576,15
336,41,15,57
576,336,57,97
15,576,97,8
57,15,8,309
97,57,309,6
8,97,6,67
309,8,67,950
6,309,950,531
67,6,531,164
950,67,164,7
531,950,7,21
164,531,21,3
7,164,3,913
21,7,913,196
3,21,196,136
913,3,136,782
196,913,782,336
136,196,336,352
782,136,352,4
336,782,4,677
352,336,677,1576
4,352,1576,132
677,4,132,179
1576,677,179,6
132,1576,6,67
179,132,67,950
6,179,950,26
67,6,26,55
950,67,55,17
26,950,17,15807
55,26,15807,3
17,55,3,76
15807,17,76,2145
3,15807,2145,19
76,3,19,209
2145,76,209,8
19,2145,8,7330
209,19,7330,347
8,209,347,11120
7330,8,11120,55
347,7330,55,296
11120,347,296,2670
55,11120,2670,65
296,55,65,95
2670,296,95,24
65,2670,24,2397
95,65,2397,5254
24,95,5254,6850
2397,24,6850,4
5254,2397,4,16328
6850,5254,16328,16
4,6850,16,88
16328,4,88,344
16,16328,344,164
88,16,164,714
344,88,714,41
164,344,41,25
714,164,25,65
41,714,65,5254
25,41,5254,15
65,25,15,95
5254,65,95,5047
15,5254,5047,3
95,15,3,103434
5047,95,103434,2397
3,5047,2397,919
103434,3,919,15
2397,103434,15,5434
919,2397,5434,7
15,919,7,714
5434,15,714,88
7,5434,88,831
714,7,831,59
88,714,59,2
831,88,2,272
59,831,272,4
2,59,4,565
272,2,565,18
4,272,18,47
565,4,47,143
18,565,143,6
47,18,6,268
143,47,268,168
6,143,168,56276
268,6,56276,309
168,268,309,4
56276,168,4,1623
309,56276,1623,382
4,309,382,303
1623,4,303,5
382,1623,5,3167
303,382,3167,4
5,303,4,3984
3167,5,3984,154
4,3167,154,79
3984,4,79,671
154,3984,671,919
79,154,919,175
671,79,175,5434
919,671,5434,55
175,919,55,1845
5434,175,1845,36
55,5434,36,247
1845,55,247,2397
36,1845,2397,9
247,36,9,4
2397,247,4,9470
9,2397,9470,217
4,9,217,5
9470,4,5,337
217,9470,337,4
5,217,4,10
337,5,10,40
4,337,40,17
10,4,17,1523
40,10,1523,3
17,40,3,1643
1523,17,1643,48
3,1523,48,5
1643,3,5,81
48,1643,81,164
5,48,164,10
81,5,10,7
164,81,7,362
10,164,362,9
7,10,9,180
362,7,180,3
9,362,3,35
180,9,35,130
3,180,130,737
35,3,737,8
130,35,8,10
737,130,10,7
8,737,7,557
10,8,557,1523
7,10,1523,3
557,7,3,611
1523,557,611,4
3,1523,4,5633
611,3,5633,1069
4,611,1069,919
5633,4,919,142
1069,5633,142,3
919,1069,3,51
142,919,51,10
3,142,10,14
51,3,14,75
10,51,75,10
14,10,10,13
75,14,13,47
10,75,47,52421
13,10,52421,7
47,13,7,42
52421,47,42,148
7,52421,148,1933
42,7,1933,7
148,42,7,859
1933,148,859,190
7,1933,190,130
859,7,130,83
190,859,83,576
130,190,576,345
83,130,345,180
576,83,180,3
345,576,3,178
180,345,178,8
3,180,8,370
178,3,370,2
8,178,2,1069
370,8,1069,919
2,370,919,7
1069,2,7,42
919,1069,42,10
7,919,10,7
42,7,7,42
10,42,42,42
7,10,42,55
42,7,55,21
42,42,21,245
55,42,245,155
21,55,155,142
245,21,142,3
155,245,3,51
142,155,51,10
3,142,10,14
51,3,14,126
10,51,126,21176
14,10,21176,1829
126,14,1829,16
21176,126,16,828
1829,21176,828,451
16,1829,451,4
828,16,4,505
451,828,505,48
4,451,48,60
505,4,60,29
48,505,29,7
60,48,7,40
29,60,40,21
7,29,21,251
40,7,251,20
21,40,20,5254
251,21,5254,7
20,251,7,40
5254,20,40,251
7,5254,251,10
40,7,10,4
251,40,4,12338
10,251,12338,15030
4,10,15030,552
12338,4,552,5834
15030,12338,5834,1527
552,15030,1527,12999
5834,552,12999,48
1527,5834,48,10
12999,1527,10,549
48,12999,549,6
10,48,6,10
549,10,10,104831
6,549,104831,41
10,6,41,109
104831,10,109,1956
41,104831,1956,107
109,41,107,3
1956,109,3,172
107,1956,172,17371
3,107,17371,486
16,30,138,27
160,16,27,12
138,160,12,747
27,138,747,14
12,27,14,946
747,12,946,10412
14,747,10412,198
946,14,198,695
10412,946,695,19
198,10412,19,696
695,198,696,427
19,695,427,406
696,19,406,6
427,696,6,311
406,427,311,5
6,406,5,2
311,6,2,69
5,311,69,381
2,5,381,6
69,2,6,1378
381,69,1378,75
6,381,75,4
1378,6,4,1146
75,1378,1146,6
4,75,6,787
1146,4,787,746
6,1146,746,725
787,6,725,5
746,787,5,96885
725,746,96885,427
5,725,427,4278
96885,5,4278,27
427,96885,27,198
4278,427,198,695
27,4278,695,23
198,27,23,4212
695,198,4212,712
23,695,712,46
4212,23,46,55131
712,4212,55131,86077
46,712,86077,355
55131,46,355,109
86077,55131,109,339
355,86077,339,62
109,355,62,8
339,109,8,27
62,339,27,14
8,62,14,6
27,8,6,311
14,27,311,5
6,14,5,22
311,6,22,381
5,311,381,59
22,5,59,1146
381,22,1146,1959
59,381,1959,11
1146,59,11,14
1959,1146,14,615
11,1959,615,79
14,11,79,787
615,14,787,22
79,615,22,435
787,79,435,74
22,787,74,22
435,22,22,1070
74,435,1070,3
22,74,3,1365
1070,22,1365,13733
3,1070,13733,24
1365,3,24,695
13733,1365,695,849
24,13733,849,59
695,24,59,696
849,695,696,427
59,849,427,406
696,59,406,4578
427,696,4578,89
406,427,89,4
4578,406,4,8582
89,4578,8582,89
4,89,89,198
8582,4,198,695
89,8582,695,27
198,89,27,7987
695,198,7987,22
27,695,22,573
7987,27,573,2
22,7987,2,11
573,22,11,274
2,573,274,695
11,2,695,787
274,11,787,8861
695,274,8861,15
787,695,15,10239
8861,787,10239,234
15,8861,234,12
10239,15,12,38
234,10239,38,322
12,234,322,2
38,12,2,696
322,38,696,427
2,322,427,4
696,2,4,176
427,696,176,4320
4,427,4320,1882
176,4,1882,4278
4320,176,4278,6
1882,4320,6,3
4278,1882,3,946
6,4278,946,1783
3,6,1783,272
946,3,272,339
1783,946,339,12
272,1783,12,672
339,272,672,62
12,339,62,532
672,12,532,8
62,672,8,696
532,62,696,427
8,532,427,4
696,8,4,141
427,696,141,772
4,427,772,365
141,4,365,83
772,141,83,272
365,772,272,295
83,365,295,2889
272,83,2889,5
295,272,5,272
2889,295,272,31
5,2889,31,14
272,5,14,3845
31,272,3845,19
14,31,19,176
3845,14,176,4
19,3845,4,696
176,19,696,427
4,176,427,75
696,4,75,6655
427,696,6655,14
75,427,14,4278
6655,75,4278,198
14,6655,198,695
4278,14,695,19
198,4278,19,43
695,198,43,406
19,695,406,46
43,19,46,5640
406,43,5640,9453
46,406,9453,355
5640,46,355,109
9453,5640,109,341
355,9453,341,19026
109,355,19026,181
341,109,181,835
19026,341,835,2
181,19026,2,272
835,181,272,14
2,835,14,1218
272,2,1218,6
14,272,6,787
1218,14,787,184
6,1218,184,3
787,6,3,76
184,787,76,2343
3,184,2343,42
76,3,42,2665
2343,76,2665,28
42,2343,28,8
2665,42,8,26
28,2665,26,50
8,28,50,6
26,8,6,787
50,26,787,59
6,50,59,4
787,6,4,2518
59,787,2518,756
4,59,756,58508
2518,4,58508,455
756,2518,455,695
58508,756,695,9123
455,58508,9123,23
695,455,23,27
9123,695,27,2665
23,9123,2665,140
27,23,140,5987
2665,27,5987,3
140,2665,3,93
5987,140,93,769
3,5987,769,5
93,3,5,378
769,93,378,1708
5,769,1708,756
378,5,756,2274
1708,378,2274,81
756,1708,81,4
2274,756,4,3871
81,2274,3871,272
4,81,272,272
3871,4,272,140
272,3871,140,15939
272,272,15939,56
140,272,56,4
15939,140,4,1123
56,15939,1123,79
4,56,79,22
1123,4,22,3147
79,1123,3147,3
22,79,3,3082
3147,22,3082,51
3,3147,51,1492
3082,3,1492,73
51,3082,73,2
1492,51,2,419
73,1492,419,184
2,73,184,3
419,2,3,2665
184,419,2665,272
3,184,272,14
2665,3,14,20306
272,2665,20306,37
14,272,37,374
20306,14,374,7
37,20306,7,14
374,37,14,6
7,374,6,787
14,7,787,180
6,14,180,4
787,6,4,130
180,787,130,2
4,180,2,796
130,4,796,2
2,130,2,756
796,2,756,13641
2,796,13641,455
756,2,455,695
13641,756,695,9123
455,13641,9123,23
695,455,23,27
9123,695,27,7
23,9123,7,295
27,23,295,769
7,27,769,5
295,7,5,273
769,295,273,756
5,769,756,231
273,5,231,180
756,273,180,4
231,756,4,30
180,231,30,3871
4,180,3871,89
30,4,89,4
3871,30,4,59
89,3871,59,30
4,89,30,7
59,4,7,11
30,59,11,6856
