7,20,7,245
20,7,245,7609
7,20,7609,10
245,7,10,242
7609,245,242,8
10,7609,8,16
242,10,16,424
8,242,424,3
16,8,3,93
424,16,93,23
3,424,23,2
93,3,2,3596
23,93,3596,4159
2,23,4159,26
3596,2,26,666
4159,3596,666,4
26,4159,4,1090
666,26,1090,10
4,666,10,24
1090,4,24,3596
10,1090,3596,560
24,10,560,294
3596,24,294,8
560,3596,8,7
294,560,7,5
8,294,5,1368
7,8,1368,385
5,7,385,3
1368,5,3,70
385,1368,70,45
3,385,45,4
70,3,4,57
45,70,57,37
4,45,37,4
57,4,4,85
37,57,85,4014
4,37,4014,468
85,4,468,43
4014,85,43,51
468,4014,51,40
43,468,40,505
51,43,505,52
40,51,52,33
505,40,33,2717
52,505,2717,56
33,52,56,5
2717,33,5,20
56,2717,20,2139
5,56,2139,1762
20,5,1762,7
2139,20,7,40
1762,2139,40,17
7,1762,17,1019
40,7,1019,1480
17,40,1480,19
1019,17,19,1149
1480,1019,1149,176
19,1480,176,4
1149,19,4,7
176,1149,7,40
4,176,40,140
7,4,140,17
40,7,17,8603
140,40,8603,536
17,140,536,1019
8603,17,1019,3
536,8603,3,143
1019,536,143,35
3,1019,35,36
143,3,36,3
35,143,3,4284
36,35,4284,6
3,36,6,4284
4284,3,4284,7
6,4284,7,353
4284,6,353,21
7,4284,21,496
353,7,496,7
21,353,7,18
496,21,18,260
7,496,260,47
18,7,47,1274
260,18,1274,3745
47,260,3745,19
1274,47,19,669
3745,1274,669,12821
19,3745,12821,1554
669,19,1554,13042
12821,669,13042,65051
1554,12821,65051,30
13042,1554,30,50
65051,13042,50,21
30,65051,21,856
50,30,856,912
21,50,912,51
856,21,51,40
912,856,40,505
51,912,505,53
40,51,53,29
505,40,29,140
53,505,140,30
29,53,30,116
140,29,116,8
30,140,8,6775
116,30,6775,92
8,116,92,13
6775,8,13,900
92,6775,900,3
13,92,3,44
900,13,44,8
3,900,8,26
44,3,26,34
8,44,34,21
26,8,21,8603
34,26,8603,180
21,34,180,3
8603,21,3,143
180,8603,143,35
3,180,35,30
143,3,30,116
35,143,116,26
30,35,26,18
116,30,18,8603
26,116,8603,1161
18,26,1161,3315
8603,18,3315,5
1161,8603,5,45
3315,1161,45,894
5,3315,894,43
45,5,43,13
894,45,13,4103
43,894,4103,170
13,43,170,23
4103,13,23,275
170,4103,275,25
23,170,25,74
275,23,74,128
25,275,128,8429
74,25,8429,66
128,74,66,207
8429,128,207,795
66,8429,795,417
207,66,417,43
795,207,43,13
417,795,13,630
43,417,630,3
13,43,3,8603
630,13,8603,24
3,630,24,4284
8603,3,4284,13
24,8603,13,47
4284,24,47,8603
13,4284,8603,4
47,13,4,26
8603,47,26,900
4,8603,900,3
26,4,3,420
900,26,420,2
3,900,2,1833
420,3,1833,4014
2,420,4014,45
1833,2,45,465
4014,1833,465,706
45,4014,706,180
465,45,180,62
706,465,62,33
180,706,33,3004
62,180,3004,15
33,62,15,5315
3004,33,5315,6
15,3004,6,164
5315,15,164,1762
6,5315,1762,234
164,6,234,42
1762,164,42,5
234,1762,5,325
42,234,325,2920
5,42,2920,5
325,5,5,399
2920,325,399,118
5,2920,118,7
399,5,7,8
118,399,8,26
7,118,26,219
8,7,219,16614
26,8,16614,42
219,26,42,5
16614,219,5,1375
42,16614,1375,2920
5,42,2920,5
1375,5,5,399
2920,1375,399,118
5,2920,118,7
399,5,7,26
118,399,26,16
7,118,16,16614
26,7,16614,26
16,26,26,5464
16614,16,5464,4
26,16614,4,483
5464,26,483,3
4,5464,3,4413
483,4,4413,1494
3,483,1494,26
4413,3,26,5464
1494,4413,5464,3
26,1494,3,118
5464,26,118,646
3,5464,646,586
118,3,586,6
646,118,6,1494
586,646,1494,26
6,586,26,5464
1494,6,5464,3
26,1494,3,16691
5464,26,16691,4
3,5464,4,26
16691,3,26,218
4,16691,218,12
26,4,12,25
218,26,25,6
12,218,6,130
25,12,130,743
6,25,743,3034
130,6,3034,7
743,130,7,2
3034,743,2,1067
7,3034,1067,37745
2,7,37745,46
1067,2,46,20
37745,1067,20,7
46,37745,7,108
20,46,108,174
7,20,174,10
108,7,10,17705
174,108,17705,108
10,174,108,9
17705,10,9,180
108,17705,180,4014
9,108,4014,10
180,9,10,108
4014,180,108,261
10,4014,261,6473
108,10,6473,9
261,108,9,42
6473,261,42,148
9,6473,148,7
42,9,7,10
148,42,10,1762
7,148,1762,10
10,7,10,108
1762,10,108,261
10,1762,261,6473
108,10,6473,29
261,108,29,7
6473,261,7,18
29,6473,18,388
7,29,388,6473
18,7,6473,6
388,18,6,25
6473,388,25,241
6,6473,241,7
25,6,7,25
241,25,25,1062
7,241,1062,10
25,7,10,4014
1062,25,4014,811
10,1062,811,1762
4014,10,1762,25
811,4014,25,811
1762,811,811,33
25,1762,33,5464
811,25,5464,42
33,811,42,280
5464,33,280,17173
42,5464,17173,7
280,42,7,8
17173,280,8,130
7,17173,130,534
8,7,534,397
130,8,397,46
534,130,46,26
397,534,26,68
46,397,68,5464
26,46,5464,26
68,26,26,5464
5464,68,5464,3
26,5464,3,118
5464,26,118,261
3,5464,261,38
118,3,38,810
261,118,810,8
38,261,8,2
810,38,2,490
8,810,490,490
2,8,490,23430
490,2,23430,54
490,490,54,26
23430,490,26,7
54,23430,7,706
26,54,706,9
7,26,9,4014
706,7,4014,25
9,706,25,33
4014,9,33,1891
25,4014,1891,37
33,25,37,81
1891,33,81,1762
37,1891,1762,811
81,37,811,7
1762,81,7,1891
811,1762,1891,37
7,811,37,81
1891,7,81,7
37,1891,7,1891
81,37,1891,37
7,81,37,38
1891,7,38,1010
37,1891,1010,7
38,37,7,353
1010,38,353,2525
7,1010,2525,4
353,7,4,6
2525,353,6,8944
4,2525,8944,3817
6,4,3817,100
8944,6,100,4014
3817,8944,4014,76
100,3817,76,45
4014,100,45,40
76,4014,40,44
45,76,44,149
40,45,149,206
44,40,206,25
149,44,25,33
206,149,33,117
25,206,117,10
33,25,10,4
117,33,4,551
10,117,551,1400
4,10,1400,56
551,4,56,1224
1400,551,1224,4
56,1400,4,609
1224,56,609,1570
4,1224,1570,3
609,4,3,17
1570,609,17,8603
3,1570,8603,3
17,3,3,4284
8603,17,4284,100
3,8603,100,1762
4284,3,1762,700
100,4284,700,13
1762,100,13,1492
700,1762,1492,79
13,700,79,20
1492,13,20,668
79,1492,668,743
20,79,743,26
668,20,26,757
743,668,757,14268
26,743,14268,205
757,26,205,6
14268,757,6,3292
205,14268,3292,10464
6,205,10464,5025
3292,6,5025,25
10464,3292,25,10
5025,10464,10,180
25,5025,180,4
10,25,4,700
180,10,700,7526
4,180,7526,4284
700,4,4284,4
7526,700,4,1886
4284,7526,1886,31
4,4284,31,101
1886,4,101,700
31,1886,700,146
101,31,146,2
700,101,2,1734
146,700,1734,8
2,146,8,7
1734,2,7,353
8,1734,353,118
7,8,118,10460
353,7,10460,3845
118,353,3845,2724
10460,118,2724,6908
3845,10460,6908,5
2724,3845,5,130
6908,2724,130,574
5,6908,574,4
130,5,4,8
574,130,8,51
4,574,51,13
8,4,13,1959
51,8,1959,13
13,51,13,21
1959,13,21,1959
13,1959,1959,474
21,13,474,141
1959,21,141,8
474,1959,8,143
141,474,143,2892
8,141,2892,4
143,8,4,4284
2892,143,4284,4
4,2892,4,8
4284,4,8,95
4,4284,95,426
8,4,426,327
95,8,327,7489
426,95,7489,10
327,426,10,7
7489,327,7,4
10,7489,4,713
7,10,713,1494
4,7,1494,10
713,4,10,7
1494,713,7,143
10,1494,143,226
7,10,226,2925
143,7,2925,1379
226,143,1379,51
2925,226,51,110
1379,2925,110,12
51,1379,12,164
110,51,164,51
12,110,51,7
164,12,7,112
51,164,112,605
7,51,605,2015
112,7,2015,9
605,112,9,20
2015,605,20,1762
9,2015,1762,44
20,9,44,8
1762,20,8,33
44,1762,33,121
8,44,121,7511
33,8,7511,22
121,33,22,3382
7511,121,3382,100
22,7511,100,4
3382,22,4,164
100,3382,164,7
4,100,7,4284
164,4,4284,2925
7,164,2925,1544
4284,7,1544,142
2925,4284,142,3
1544,2925,3,143
142,1544,143,226
3,142,226,3
143,3,3,44
226,143,44,64
3,226,64,30
44,3,30,219
64,44,219,21
30,64,21,110
219,30,110,3
21,219,3,7511
110,21,7511,700
3,110,700,992
7511,3,992,25
700,7511,25,1293
992,700,1293,555
25,992,555,38
1293,25,38,953
555,1293,953,3
38,555,3,8603
953,38,8603,7
3,953,7,72
8603,3,72,346
7,8603,346,10
72,7,10,1428
346,72,1428,2632
10,346,2632,8
1428,10,8,1530
2632,1428,1530,37
8,2632,37,20
1530,8,20,743
37,1530,743,7
20,37,7,21
743,20,21,243
7,743,243,56
21,7,56,20598
243,21,20598,6
56,243,6,310
20598,56,310,87
6,20598,87,10
310,6,10,115
87,310,115,2480
10,87,2480,701
115,10,701,492
2480,115,492,1530
701,2480,1530,46
492,701,46,8
1530,492,8,811
46,1530,811,652
8,46,652,13
811,8,13,105
652,811,105,2298
13,652,2298,10
105,13,10,2
2298,105,2,738
10,2298,738,10
2,10,10,21
738,2,21,72
10,738,72,180
21,10,180,53
72,21,53,2
180,72,2,2921
53,180,2921,5
2,53,5,57
2921,2,57,45
5,2921,45,2
57,5,2,149
45,57,149,652
2,45,652,13
149,2,13,105
652,149,105,2298
13,652,2298,5
105,13,5,376
2298,105,376,64
5,2298,64,35
376,5,35,1205
64,376,1205,8
35,64,8,10
1205,35,10,121
8,1205,121,251
10,8,251,45
121,10,45,10
251,121,10,7
45,251,7,22128
10,45,22128,36
7,10,36,15032
22128,7,15032,9
36,22128,9,105
15032,36,105,337
9,15032,337,105
105,9,105,2298
337,105,2298,26
105,337,26,25
2298,105,25,251
26,2298,251,81
25,26,81,105
251,25,105,2298
81,251,2298,6
105,81,6,539
2298,105,539,26
6,2298,26,25
539,6,25,251
26,539,251,81
25,26,81,105
251,25,105,2298
81,251,2298,6
105,81,6,8370
2298,105,8370,4
6,2298,4,26
8370,6,26,25
4,8370,25,251
26,4,251,81
25,26,81,105
251,25,105,2298
81,251,2298,6
105,81,6,143
2298,105,143,35
6,2298,35,1886
143,6,1886,36
35,143,36,4284
1886,35,4284,10
36,1886,10,7
4284,36,7,1428
10,4284,1428,7609
7,10,7609,3
1428,7,3,18
7609,1428,18,8
3,7609,8,359
18,3,359,5
8,18,5,28289
359,8,28289,1762
5,359,1762,164
28289,5,164,30
1762,28289,30,18
164,1762,18,2
30,164,2,187
18,30,187,6775
2,18,6775,187
187,2,187,120
6775,187,120,7
187,6775,7,18
120,187,18,208
7,120,208,47
18,7,47,496
208,18,496,15
47,208,15,2
496,47,2,512
15,496,512,120
2,15,120,7
512,2,7,18
120,512,18,260
7,120,260,47
18,7,47,3745
260,18,3745,19
47,260,19,12821
3745,47,12821,1554
19,3745,1554,4
12821,19,4,277
1554,12821,277,3
4,1554,3,17
277,4,17,2525
3,277,2525,120
17,3,120,565
2525,17,565,1313
120,2525,1313,28
565,120,28,8
1313,565,8,176
28,1313,176,146
8,28,146,10
176,8,10,61
146,176,61,120
10,146,120,143
61,10,143,226
120,61,226,2925
143,120,2925,28
226,143,28,668
2925,226,668,148
28,2925,148,7
668,28,7,713
148,668,713,120
7,148,120,35
713,7,35,5
120,713,5,4384
35,120,4384,68
5,35,68,1773
4384,5,1773,4
68,4384,4,277
1773,68,277,8
4,1773,8,7
277,4,7,121
8,277,121,17
7,8,17,398
121,7,398,3382
17,121,3382,95
398,17,95,16
3382,398,16,209
95,3382,209,29
16,95,29,51
209,16,51,7
29,209,7,1246
51,29,1246,4014
7,51,4014,811
1246,7,811,10
4014,1246,10,382
811,4014,382,1762
10,811,1762,1246
382,10,1246,7
1762,382,7,5133
1246,1762,5133,3156
7,1246,3156,5133
5133,7,5133,8
3156,5133,8,7
5133,3156,7,18
8,5133,18,47
7,8,47,496
18,7,496,15
47,18,15,2
496,47,2,512
15,496,512,4
2,15,4,208
512,2,208,5771
4,512,5771,8
208,4,8,7
5771,208,7,18
8,5771,18,47
7,8,47,260
18,7,260,1274
47,18,1274,3745
260,47,3745,208
1274,260,208,5771
3745,1274,5771,8
208,3745,8,565
5771,208,565,1313
8,5771,1313,44
565,8,44,8
1313,565,8,176
44,1313,176,146
8,44,146,10
176,8,10,61
146,176,61,1246
10,146,1246,7
61,10,7,424
1246,61,424,3
7,1246,3,1227
424,7,1227,699
3,424,699,8
1227,3,8,700
699,1227,700,2925
8,699,2925,277
700,8,277,8
2925,700,8,668
277,2925,668,148
8,277,148,7
668,8,7,713
148,668,713,208
7,148,208,80
713,7,80,5771
208,713,5771,8
80,208,8,4384
5771,80,4384,146
8,5771,146,2
4384,8,2,3292
146,4384,3292,2627
2,146,2627,168
3292,2,168,10
2627,3292,10,3292
168,2627,3292,2065
10,168,2065,4
3292,10,4,277
2065,3292,277,8
4,2065,8,811
277,4,811,7
8,277,7,353
811,8,353,1073
7,811,1073,3
353,7,3,6853
1073,353,6853,19
3,1073,19,143
6853,3,143,35
3315,6540,181,8
17756,3315,8,2696
181,17756,2696,892
8,181,892,3308
2696,8,3308,886
892,2696,886,2
3308,892,2,921
886,3308,921,339
2,886,339,12
921,2,12,672
339,921,672,37
12,339,37,51
672,12,51,721
37,672,721,12
51,37,12,3848
721,51,3848,6
12,721,6,2032
3848,12,2032,74
6,3848,74,378
2032,6,378,568
74,2032,568,404
378,74,404,8
568,378,8,162
404,568,162,287
8,404,287,78
162,8,78,32
287,162,32,115
78,287,115,14
32,78,14,45
115,32,45,3
14,115,3,116
45,14,116,37
3,45,37,339
116,3,339,6796
37,116,6796,1819
339,37,1819,5
6796,339,5,2
1819,6796,2,2032
5,1819,2032,1376
2,5,1376,13187
2032,2,13187,14361
1376,2032,14361,8
13187,1376,8,1959
14361,13187,1959,12
8,14361,12,132
1959,8,132,109
12,1959,109,59
132,12,59,103
109,132,103,471
59,109,471,7067
103,59,7067,1376
471,103,1376,79
7067,471,79,38
1376,7067,38,708
79,1376,708,4
38,79,4,6790
708,38,6790,4645
4,708,4645,49
6790,4,49,46
4645,6790,46,892
49,4645,892,3308
46,49,3308,41438
892,46,41438,1029
3308,892,1029,109
41438,3308,109,20
1029,41438,20,339
109,1029,339,829
20,109,829,4273
339,20,4273,167
829,339,167,174
4273,829,174,4
167,4273,4,297
174,167,297,5
4,174,5,702
297,4,702,31
5,297,31,441
702,5,441,42
31,702,42,5
441,31,5,3522
42,441,3522,78
5,42,78,32
3522,5,32,184
78,3522,184,3
32,78,3,339
184,32,339,977
3,184,977,14
339,3,14,1819
977,339,1819,4
14,977,4,3767
1819,14,3767,25
4,1819,25,6790
3767,4,6790,8
25,3767,8,11
6790,25,11,757
8,6790,757,566
11,8,566,44
757,11,44,6
566,757,6,2
44,566,2,14227
6,44,14227,4
2,6,4,14
14227,2,14,274
4,14227,274,2160
14,4,2160,3
274,14,3,2163
2160,274,2163,397
3,2160,397,2
2163,3,2,556
397,2163,556,986
2,397,986,3372
556,2,3372,639
986,556,639,2128
3372,986,2128,13490
639,3372,13490,4452
2128,639,4452,14
13490,2128,14,496
4452,13490,496,15
14,4452,15,1819
496,14,1819,140
15,496,140,78
1819,15,78,3428
140,1819,3428,716
78,140,716,22
3428,78,22,702
716,3428,702,4452
22,716,4452,13
702,22,13,18126
4452,702,18126,3569
13,4452,3569,15
18126,13,15,944
3569,18126,944,1576
15,3569,1576,6
944,15,6,22
1576,944,22,12845
6,1576,12845,4410
22,6,4410,8
12845,22,8,11
4410,12845,11,1285
8,4410,1285,512
11,8,512,6
1285,11,6,212
512,1285,212,78
6,512,78,18531
212,6,18531,1819
78,212,1819,944
18531,78,944,1764
1819,18531,1764,6
944,1819,6,316
1764,944,316,3
6,1764,3,1361
316,6,1361,49
3,316,49,5774
1361,3,5774,5
49,1361,5,2
5774,49,2,3071
5,5774,3071,24
2,5,24,339
3071,2,339,4452
24,3071,4452,702
339,24,702,30
4452,339,30,3
702,4452,3,2416
30,702,2416,3244
3,30,3244,3
2416,3,3,6719
3244,2416,6719,977
3,3244,977,944
6719,3,944,9852
977,6719,9852,48
944,977,48,5127
9852,944,5127,1238
48,9852,1238,4
5127,48,4,1677
1238,5127,1677,416
4,1238,416,2962
1677,4,2962,3
416,1677,3,3684
2962,416,3684,3
3,2962,3,22780
3684,3,22780,4
3,3684,4,12259
22780,3,12259,4658
4,22780,4658,80
12259,4,80,3200
4658,12259,3200,977
80,4658,977,31
3200,80,31,13
977,3200,13,47
31,977,47,2
13,31,2,7123
47,13,7123,375
2,47,375,167
7123,2,167,5
375,7123,5,1279
167,375,1279,56
5,167,56,2018
1279,5,2018,471
56,1279,471,4
2018,56,4,24407
471,2018,24407,100
4,471,100,49
24407,4,49,1819
100,24407,1819,944
49,100,944,13
1819,49,13,644
944,1819,644,154
13,944,154,845
644,13,845,3
154,644,3,358
845,154,358,37
3,845,37,62
358,3,62,78
37,358,78,659
62,37,659,5919
78,62,5919,49
659,78,49,290
5919,659,290,54
49,5919,54,75
290,49,75,1725
54,290,1725,17451
75,54,17451,79
1725,75,79,2
17451,1725,2,1151
79,17451,1151,15
2,79,15,717
1151,2,717,4
15,1151,4,1086
717,15,1086,60
4,717,60,14361
1086,4,14361,31
60,1086,31,13
14361,60,13,260
31,14361,260,47
13,31,47,243
260,13,243,168
47,260,168,2
243,47,2,1519
168,243,1519,4273
2,168,4273,3933
1519,2,3933,13
4273,1519,13,3
3933,4273,3,485
13,3933,485,2183
3,13,2183,307
485,3,307,6
2183,485,6,54
307,2183,54,78
6,307,78,5564
54,6,5564,37
78,54,37,1725
5564,78,1725,78
37,5564,78,5564
1725,37,5564,12
78,1725,12,2183
5564,78,2183,37
12,5564,37,2
2183,12,2,1725
37,2183,1725,5
2,37,5,2
1725,2,2,272
5,1725,272,31
2,5,31,6790
272,2,6790,1819
31,272,1819,2
6790,31,2,547
1819,6790,547,1376
2,1819,1376,4
547,2,4,4720
