4,728,410,636
159,4,636,827
410,159,827,189
91,43,2,2147
6975,91,2147,292
2,6975,292,9
2147,2,9,1209
292,2147,1209,559
9,292,559,181
1209,9,181,758
559,1209,758,60
181,559,60,1547
758,181,1547,109
60,758,109,93
1547,60,93,865
109,1547,865,6383
93,109,6383,3150
865,93,3150,43
6383,865,43,603
3150,6383,603,163
43,3150,163,1089
603,43,1089,19
163,603,19,669
1089,163,669,15630
19,1089,15630,75793
669,19,75793,71020
15630,669,71020,2309
75793,15630,2309,197
71020,75793,197,13
2309,71020,13,47
197,2309,47,3583
13,197,3583,2467
47,13,2467,2147
3583,47,2147,24
2467,3583,24,2
2147,2467,2,292
24,2147,292,6
2,24,6,6975
292,2,6975,170
6,292,170,860
6975,6,860,43
170,6975,43,158
860,170,158,18
43,860,18,2011
158,43,2011,4019
18,158,4019,43
2011,18,43,603
4019,2011,603,163
43,4019,163,17517
603,43,17517,2147
163,603,2147,16
17517,163,16,28
2147,17517,28,3
16,2147,3,17
28,16,17,2191
3,28,2191,625
17,3,625,12
2191,17,12,467
625,2191,467,35
12,625,35,809
467,12,809,6
35,467,6,4133
809,35,4133,1209
6,809,1209,1420
4133,6,1420,916
1209,4133,916,108
1420,1209,108,676
916,1420,676,467
108,916,467,35
676,108,35,625
467,676,625,2561
35,467,2561,19
625,35,19,2147
2561,625,2147,2845
19,2561,2845,56
2147,19,56,5
2845,2147,5,9847
56,2845,9847,292
5,56,292,6
9847,5,6,8907
292,9847,8907,1746
6,292,1746,13
8907,6,13,47
1746,8907,47,91
13,1746,91,6
47,13,6,41
91,47,41,65
6,91,65,43
41,6,43,1619
65,41,1619,102
43,65,102,467
1619,43,467,35
102,1619,35,7
467,102,7,5012
35,467,5012,19991
7,35,19991,6
5012,7,6,3675
19991,5012,3675,312
6,19991,312,5
3675,6,5,9751
312,3675,9751,640
5,312,640,1619
9751,5,1619,4
640,9751,4,2
1619,640,2,1195
4,1619,1195,24
2,4,24,23344
1195,2,23344,3675
24,1195,3675,2797
23344,24,2797,12
3675,23344,12,585
2797,3675,585,7
12,2797,7,1261
585,12,1261,469
7,585,469,5202
1261,7,5202,6
469,1261,6,312
5202,469,312,2122
6,5202,2122,5
312,6,5,2
2122,312,2,696
5,2122,696,2147
2,5,2147,3103
696,2,3103,6
2147,696,6,6975
3103,2147,6975,14
6,3103,14,2011
6975,6,2011,12
14,6975,12,442
2011,14,442,19
12,2011,19,43
442,12,43,158
19,442,158,876
43,19,876,3
158,43,3,197
876,158,197,259
3,876,259,12
197,3,12,999
259,197,999,5
12,259,5,3269
999,12,3269,53
5,999,53,16
3269,5,16,76
53,3269,76,43
16,53,43,215
76,16,215,2549
43,76,2549,6362
215,43,6362,2147
2549,215,2147,559
6362,2549,559,6
2147,6362,6,6975
559,2147,6975,1543
6,559,1543,158
6975,6,158,134
1543,6975,134,986
158,1543,986,43
134,158,43,92
986,134,92,13
43,986,13,21
92,43,21,2204
13,92,2204,1235
21,13,1235,559
2204,21,559,122
1235,2204,122,8907
559,1235,8907,2139
122,559,2139,877
8907,122,877,3
2139,8907,3,300
877,2139,300,3
3,877,3,259
300,3,259,43
3,300,43,215
259,3,215,84
43,259,84,2845
215,43,2845,5375
84,215,5375,36
2845,84,36,17517
5375,2845,17517,2147
36,5375,2147,24
17517,36,24,6975
2147,17517,6975,20353
24,2147,20353,3260
6975,24,3260,25084
20353,6975,25084,2907
3260,20353,2907,1185
25084,3260,1185,1319
2907,25084,1319,5561
1185,2907,5561,3352
1319,1185,3352,11467
5561,1319,11467,46
3352,5561,46,5415
11467,3352,5415,43655
46,11467,43655,58430
5415,46,58430,318
43655,5415,318,109
58430,43655,109,43
318,58430,43,1023
109,318,1023,656
43,109,656,3
1023,43,3,4
656,1023,4,603
3,656,603,292
4,3,292,6
603,4,6,6975
292,603,6975,3
6,292,3,349
6975,6,349,2
3,6975,2,1170
349,3,1170,3813
2,349,3813,259
1170,2,259,9
3813,1170,9,43
259,3813,43,625
9,259,625,559
43,9,559,6
625,43,6,464
559,625,464,1802
6,559,1802,170
464,6,170,23344
1802,464,23344,4641
170,1802,4641,102
23344,170,102,92
4641,23344,92,5
102,4641,5,12180
92,102,12180,4537
5,92,4537,6
12180,5,6,1209
4537,12180,1209,13
6,4537,13,247
1209,6,247,2
13,1209,2,372
247,13,372,292
2,247,292,5
372,2,5,559
292,372,559,9
5,292,9,7
559,5,7,2
9,559,2,149
7,9,149,2
2,7,2,3288
149,2,3288,1261
2,149,1261,43
3288,2,43,1706
1261,3288,1706,3492
43,1261,3492,1441
1706,43,1441,1687
3492,1706,1687,1431
1441,3492,1431,24
1687,1441,24,3300
1431,1687,3300,603
24,1431,603,1489
3300,24,1489,6
603,3300,6,72274
1489,603,72274,12
6,1489,12,4438
72274,6,4438,1374
12,72274,1374,5
4438,12,5,29136
1374,4438,29136,1640
5,1374,1640,2147
29136,5,2147,18
1640,29136,18,68
2147,1640,68,47
18,2147,47,292
68,18,292,53
47,68,53,29
292,47,29,4438
53,292,4438,92
29,53,92,13
4438,29,13,900
92,4438,900,3
13,92,3,1756
900,13,1756,2421
3,900,2421,9
1756,3,9,1218
2421,1756,1218,2147
9,2421,2147,375
1218,9,375,544
2147,1218,544,20
375,2147,20,66
544,375,66,2344
20,544,2344,594
66,20,594,5
2344,66,5,4
594,2344,4,6304
5,594,6304,3270
4,5,3270,23
6304,4,23,308
3270,6304,308,158
23,3270,158,28
308,23,28,6975
158,308,6975,14
28,158,14,99
6975,28,99,464
14,6975,464,1241
99,14,1241,133
464,99,133,3
1241,464,3,3497
133,1241,3497,10
3,133,10,92
3497,3,92,6
10,3497,6,3421
92,10,3421,1515
6,92,1515,916
3421,6,916,2205
1515,3421,2205,8
916,1515,8,186
2205,916,186,3
8,2205,3,7388
186,8,7388,6
3,186,6,1209
7388,3,1209,2485
6,7388,2485,4546
1209,6,4546,278
2485,1209,278,4
4546,2485,4,2322
278,4546,2322,71
4,278,71,252
2322,4,252,13
71,2322,13,1296
252,71,1296,1505
13,252,1505,696
1296,13,696,87
1505,1296,87,5
696,1505,5,594
87,696,594,9
5,87,9,6975
594,5,6975,534
9,594,534,923
6975,9,923,4
534,6975,4,451
923,534,451,430
4,923,430,167
451,4,167,158
430,451,158,134
167,430,134,259
158,167,259,599
134,158,599,41
259,134,41,6975
599,259,6975,24
41,599,24,403
6975,41,403,3
24,6975,3,29202
403,24,29202,467
3,403,467,35
29202,3,35,13
467,29202,13,260
35,467,260,897
13,35,897,2
260,13,2,217
897,260,217,5
2,897,5,167
217,2,167,6
5,217,6,6975
167,5,6975,211
6,167,211,860
6975,6,860,3088
211,6975,3088,5
860,211,5,462
3088,860,462,238
5,3088,238,4558
462,5,4558,23
238,462,23,3141
4558,238,3141,4040
23,4558,4040,5
3141,23,5,16295
4040,3141,16295,4
5,4040,4,355
16295,5,355,1687
4,16295,1687,5
355,4,5,2
1687,355,2,127
5,1687,127,7879
2,5,7879,3017
127,2,3017,8
7879,127,8,897
3017,7879,897,244
8,3017,244,10
897,8,10,14
244,897,14,4
10,244,4,7
14,10,7,167
4,14,167,12
7,4,12,2
167,7,2,879
12,167,879,11173
2,12,11173,1209
879,2,1209,6
11173,879,6,647
1209,11173,647,8
6,1209,8,914
647,6,914,8907
8,647,8907,96
914,8,96,61
8907,914,61,38
96,8907,38,634
61,96,634,37
38,61,37,2147
634,38,2147,292
37,634,292,43
2147,37,43,158
292,2147,158,28
43,292,28,203
158,43,203,461
28,158,461,6617
203,28,6617,1543
461,203,1543,656
6617,461,656,3
1543,6617,3,292
656,1543,292,43
3,656,43,1285
292,3,1285,3
43,292,3,248
1285,43,248,858
3,1285,858,61
248,3,61,8907
858,248,8907,625
61,858,625,2200
8907,61,2200,4228
625,8907,4228,259
2200,625,259,425
4228,2200,425,286
259,4228,286,1027
425,259,1027,86
286,425,86,4019
1027,286,4019,1640
86,1027,1640,2147
4019,86,2147,16
1640,4019,16,292
2147,1640,292,23
16,2147,23,3103
292,16,3103,26
23,292,26,77
3103,23,77,17
26,3103,17,1218
77,26,1218,6
17,77,6,475
1218,17,475,52
6,1218,52,8907
475,6,8907,874
52,475,874,276
8907,52,276,38
874,8907,38,2421
276,874,2421,43
38,276,43,158
2421,38,158,134
43,2421,134,986
158,43,986,197
134,158,197,13
986,134,13,1023
197,986,1023,3
13,197,3,1899
1023,13,1899,703
3,1023,703,5
1899,3,5,10
703,1899,10,2147
5,703,2147,292
10,5,292,409
2147,10,409,1802
292,2147,1802,128
409,292,128,205
1802,409,205,5830
128,1802,5830,2561
205,128,2561,799
5830,205,799,998
2561,5830,998,8
799,2561,8,43
998,799,43,13
8,998,13,47
43,8,47,760
13,43,760,2
47,13,2,169
760,47,169,2147
2,760,2147,292
169,2,292,6
2147,169,6,813
292,2147,813,20353
6,292,20353,879
813,6,879,5
20353,813,5,45197
879,20353,45197,24
5,879,24,120
45197,5,120,7969
24,45197,7969,1838
120,24,1838,4654
7969,120,4654,77
1838,7969,77,695
4654,1838,695,559
77,4654,559,6
695,77,6,9365
559,695,9365,1209
6,559,1209,3645
9365,6,3645,7484
1209,9365,7484,4
3645,1209,4,6198
185,41,94,50
2097,185,50,165
94,2097,165,631
50,94,631,37
165,50,37,452
631,165,452,10
37,631,10,112
452,37,112,429
10,452,429,4494
112,10,4494,5
429,112,5,9
4494,429,9,433
5,4494,433,329
9,5,329,93
433,9,93,3
329,433,3,74769
93,329,74769,41
3,93,41,58
74769,3,58,94
41,74769,94,1658
58,41,1658,56
94,58,56,5
1658,94,5,237
56,1658,237,442
5,56,442,1293
237,5,1293,1038
442,237,1038,94
1293,442,94,1610
1038,1293,1610,52
94,1038,52,33
1610,94,33,1415
52,1610,1415,1697
33,52,1697,11261
1415,33,11261,29
1697,1415,29,8
11261,1697,8,73
29,11261,73,3600
8,29,3600,10363
73,8,10363,2
3600,73,2,165
10363,3600,165,118
2,10363,118,2
165,2,2,1473
118,165,1473,387
2,118,387,866
1473,2,866,457
387,1473,457,7
866,387,7,56
457,866,56,1829
7,457,1829,2
56,7,2,2083
1829,56,2083,3
2,1829,3,580
2083,2,580,31
3,2083,31,697
580,3,697,3
31,580,3,96
697,31,96,105
3,697,105,1531
96,3,1531,3518
105,96,3518,6
1531,105,6,10476
3518,1531,10476,452
6,3518,452,1339
10476,6,1339,1653
452,10476,1653,1987
1339,452,1987,3069
1653,1339,3069,68
1987,1653,68,3199
3069,1987,3199,22
68,3069,22,33980
3199,68,33980,3132
22,3199,3132,2843
33980,22,2843,3069
3132,33980,3069,4216
2843,3132,4216,22
3069,2843,22,1155
4216,3069,1155,5
22,4216,5,748
1155,22,748,23
5,1155,23,1025
748,5,1025,305
23,748,305,122
1025,23,122,457
305,1025,457,44
122,305,44,11
457,122,11,635
44,457,635,96
11,44,96,98
635,11,98,1490
96,635,1490,6
98,96,6,289
1490,98,289,46
6,1490,46,286
289,6,286,11
46,289,11,44
286,46,44,1239
11,286,1239,142
44,11,142,3628
1239,44,3628,58
142,1239,58,25589
3628,142,25589,457
58,3628,457,11
25589,58,11,766
457,25589,766,3
11,457,3,1854
766,11,1854,3
3,766,3,744
1854,3,744,5014
3,1854,5014,12
744,3,12,22
5014,744,22,2000
12,5014,2000,69
22,12,69,9
2000,22,9,265
69,2000,265,2
9,69,2,281
265,9,281,205
2,265,205,142
281,2,142,457
205,281,457,28
142,205,28,11
457,142,11,276
28,457,276,61
11,28,61,3
276,11,3,3
61,276,3,248
3,61,248,513
3,3,513,9
248,3,9,4
513,248,4,341
9,513,341,1854
4,9,1854,1339
341,4,1339,54
1854,341,54,40
1339,1854,40,18
54,1339,18,3364
40,54,3364,89
18,40,89,3
3364,18,3,296
89,3364,296,161
3,89,161,9
296,3,9,63
161,296,63,4
9,161,4,387
63,9,387,9
4,63,9,2
387,4,2,281
9,387,281,205
2,9,205,752
281,2,752,164
205,281,164,2008
752,205,2008,11
164,752,11,1296
2008,164,1296,94089
11,2008,94089,3069
1296,11,3069,1404
94089,1296,1404,7
3069,94089,7,2611
1404,3069,2611,308
7,1404,308,3
2611,7,3,51365
308,2611,51365,4364
3,308,4364,19
51365,3,19,4
4364,51365,4,6004
19,4364,6004,12
4,19,12,83530
6004,4,83530,76896
12,6004,76896,1561
83530,12,1561,5
76896,83530,5,7039
1561,76896,7039,494
5,1561,494,145
7039,5,145,4
494,7039,4,138
145,494,138,27
4,145,27,16
138,4,16,2867
27,138,2867,12
16,27,12,3816
2867,16,3816,37
12,2867,37,452
3816,12,452,284
37,3816,284,33
452,37,33,230
284,452,230,44
33,284,44,8
230,33,8,27
44,230,27,7
8,44,7,12
27,8,12,837
7,27,837,29
12,7,29,64
837,12,64,11
29,837,11,72
64,29,72,73
11,64,73,8
72,11,8,12
73,72,12,135
8,73,135,210
12,8,210,158
135,12,158,284
210,135,284,44
158,210,44,78
284,158,78,32
44,284,32,2039
78,44,2039,145
32,78,145,19
2039,32,19,42
145,2039,42,5
19,145,5,2566
42,19,2566,1551
5,42,1551,6
2566,5,6,452
1551,2566,452,352
6,1551,352,165
452,6,165,504
352,452,504,145
165,352,145,7
504,165,7,615
145,504,615,79
7,145,79,62
615,7,62,56238
79,615,56238,6
62,79,6,76
56238,62,76,4448
6,56238,4448,3042
76,6,3042,2470
4448,76,2470,1179
3042,4448,1179,42
2470,3042,42,194
1179,2470,194,165
42,1179,165,7523
194,42,7523,52
165,194,52,2
7523,165,2,4489
52,7523,4489,2663
2,52,2663,12
4489,2,12,10
2663,4489,10,2039
12,2663,2039,7
10,12,7,95
2039,10,95,374
7,2039,374,155
95,7,155,3
374,95,3,1656
155,374,1656,86013
3,155,86013,58
1656,3,58,210
86013,1656,210,138
58,86013,138,27
210,58,27,7
138,210,7,791
27,138,791,9
7,27,9,2
791,7,2,1135
9,791,1135,30430
2,9,30430,292
1135,2,292,12
30430,1135,12,638
292,30430,638,193
12,292,193,2001
638,12,2001,4257
193,638,4257,3441
2001,193,3441,8
4257,2001,8,1460
3441,4257,1460,931
8,3441,931,14
1460,8,14,3780
931,1460,3780,56
14,931,56,5
3780,14,5,237
56,3780,237,4
5,56,4,3413
237,5,3413,193
4,237,193,4448
3413,4,4448,5105
193,3413,5105,3
4448,193,3,666
5105,4448,666,3
3,5105,3,7067
666,3,7067,931
3,666,931,267
7067,3,267,3
931,7067,3,38
267,931,38,210
3,267,210,27
38,3,27,7
210,38,7,3723
27,210,3723,340
7,27,340,517
3723,7,517,1551
340,3723,1551,292
517,340,292,12
1551,517,12,22
292,1551,22,571
12,292,571,20567
22,12,20567,199
571,22,199,39894
20567,571,39894,206
199,20567,206,50
39894,199,50,199
206,39894,199,4
50,206,4,1339
199,50,1339,284
4,199,284,382
1339,4,382,755
284,1339,755,16
382,284,16,1862
755,382,1862,10
16,755,10,14
1862,16,14,2
10,1862,2,571
14,10,571,9012
2,14,9012,315
571,2,315,19
9012,571,19,193
315,9012,193,1812
19,315,1812,2
193,19,2,217
1812,193,217,5
2,1812,5,7613
217,2,7613,18082
5,217,18082,1812
7613,5,1812,877
18082,7613,877,5
1812,18082,5,778
877,1812,778,368
5,877,368,4
778,5,4,443
368,778,443,6
4,368,6,5196
443,4,5196,91
6,443,91,54
5196,6,54,340
91,5196,340,96
54,91,96,2
340,54,2,182
96,340,182,5
2,96,5,448
182,2,448,87
5,182,87,2752
448,5,2752,39
87,448,39,951
2752,87,951,31
39,2752,31,7
951,39,7,20
31,951,20,14
7,31,14,3265
20,7,3265,6
14,20,6,144
3265,14,144,6
6,3265,6,500
144,6,500,75238
6,144,75238,190
500,6,190,135
75238,500,135,185
190,75238,185,1904
135,190,1904,548
185,135,548,1171
1904,185,1171,303
548,1904,303,12
1171,548,12,2643
303,1171,2643,20
12,303,20,60
2643,12,60,15
20,2643,15,86
60,20,86,78
15,60,78,4
86,15,4,494
78,86,494,12
4,78,12,695
494,4,695,3054
12,494,3054,31
695,12,31,1658
3054,695,1658,56
31,3054,56,5
1658,31,5,237
56,1658,237,579
5,56,579,452
237,5,452,1551
579,237,1551,34
452,579,34,137
1551,452,137,64
34,1551,64,851
137,34,851,3892
64,137,3892,6
851,64,6,876
3892,851,876,16487
6,3892,16487,1427
876,6,1427,20
16487,876,20,185
1427,16487,185,14
20,1427,14,12
185,20,12,1774
14,185,1774,1637
12,14,1637,28
1774,12,28,64
1637,1774,64,1919
28,1637,1919,417
64,28,417,2379
1919,64,2379,10
417,1919,10,560
2379,417,560,20
10,2379,20,185
560,10,185,7
20,560,7,42
185,20,42,5
7,185,5,378
42,7,378,453
5,42,453,3
378,5,3,135
453,378,135,185
3,453,185,1637
135,3,1637,72
185,135,72,2
1637,185,2,237
72,1637,237,93
2,72,93,41
237,2,41,4174
93,237,4174,1864
41,93,1864,103
4174,41,103,69
1864,4174,69,653
103,1864,653,74
69,103,74,672
653,69,672,37
74,653,37,2391
672,74,2391,5
37,672,5,1055
2391,37,1055,2
5,2391,2,185
1055,5,185,8
2,1055,8,8493
185,2,8493,74
8,185,74,79
8493,8,79,128
74,8493,128,330
79,74,330,879
128,79,879,1040
330,128,1040,518
879,330,518,6
1040,879,6,21703
518,1040,21703,39
6,518,39,632
21703,6,632,99681
39,21703,99681,1421
632,39,1421,145
99681,632,145,44
1421,99681,44,32
145,1421,32,7
44,145,7,196
32,44,196,1248
7,32,1248,12
196,7,12,215
1248,196,215,1844
12,1248,1844,554
215,12,554,940
1844,215,940,4
554,1844,4,506
940,554,506,32
4,940,32,44
506,4,44,1816
32,506,1816,7
44,32,7,816
1816,44,816,87
7,1816,87,4
816,7,4,344
87,816,344,177
4,87,177,5
344,4,5,118
177,344,118,2
5,177,2,1055
118,5,1055,7
2,118,7,395
1055,2,395,1418
7,1055,1418,715
395,7,715,177
1418,395,177,34
715,1418,34,17
177,715,17,171
34,177,171,257
17,34,257,85
171,17,85,59
257,171,59,135
85,257,135,287
59,85,287,34
135,59,34,1016
287,135,1016,205
34,287,205,1222
1016,34,1222,133
205,1016,133,62
1222,205,62,4050
133,1222,4050,4
62,133,4,882
4050,62,882,26
4,4050,26,27196
882,4,27196,105
26,882,105,155
27196,26,155,3116
105,27196,3116,2
155,105,2,399
3116,155,399,56
2,3116,56,5
