1043,500,18,533
40,1043,533,156
18,40,156,2
533,18,2,1934
156,533,1934,2
2,156,2,2
1934,2,2,337
2,1934,337,3
2,2,3,14278
337,2,14278,82
3,337,82,2
14278,3,2,239
82,14278,239,351
2,82,351,2
239,2,2,39
351,239,39,108019
2,351,108019,14
39,2,14,99
108019,39,99,587
14,108019,587,212
99,14,212,279
587,99,279,6
212,587,6,568
279,212,568,3
6,279,3,300
568,6,300,1525
3,568,1525,12
300,3,12,2
1525,300,2,94
12,1525,94,6
2,12,6,311
94,2,311,5
6,94,5,127
311,6,127,53289
5,311,53289,300
127,5,300,3195
53289,127,3195,8258
300,53289,8258,9995
3195,300,9995,4
8258,3195,4,1988
9995,8258,1988,8
4,9995,8,11
1988,4,11,13
8,1988,13,1834
11,8,1834,2217
13,11,2217,2315
1834,13,2315,27
2217,1834,27,228
2315,2217,228,9
27,2315,9,49
228,27,49,3
9,228,3,94610
49,9,94610,20
3,49,20,6100
94610,3,6100,1657
20,94610,1657,83
6100,20,83,791
1657,6100,791,27
83,1657,27,2
791,83,2,24424
27,791,24424,4
2,27,4,1222
24424,2,1222,390
4,24424,390,6
1222,4,6,4
390,1222,4,407
6,390,407,758
4,6,758,12
407,4,12,298
758,407,298,11
12,758,11,245
298,12,245,13
11,298,13,4
245,11,4,60517
13,245,60517,429
4,13,429,11
60517,4,11,939
429,60517,939,3
11,429,3,18
939,11,18,1050
3,939,1050,49
18,3,49,357
1050,18,357,4
49,1050,4,38
357,49,38,2774
4,357,2774,41
38,4,41,1483
2774,38,1483,6
41,2774,6,2
1483,41,2,304
6,1483,304,11
2,6,11,28
304,2,28,12
11,304,12,4762
28,11,4762,130
12,28,130,264
4762,12,264,1184
130,4762,1184,6
264,130,6,411
1184,264,411,3
6,1184,3,310
411,6,310,6351
3,411,6351,50
310,3,50,16065
6351,310,16065,4
50,6351,4,7
16065,50,7,3284
4,16065,3284,395
7,4,395,98662
3284,7,98662,121
395,3284,121,1227
98662,395,1227,5350
121,98662,5350,12
1227,121,12,2
5350,1227,2,94
12,5350,94,9
2,12,9,166
94,2,166,266
9,94,266,6
166,9,6,475
266,166,475,7
6,266,7,34
475,6,34,17
7,475,17,41
34,7,41,55306
17,34,55306,212
41,17,212,279
55306,41,279,16
212,55306,16,761
279,212,761,3
16,279,3,4849
761,16,4849,3
3,761,3,2
4849,3,2,825
3,4849,825,5
2,3,5,1754
825,2,1754,139
5,825,139,9
1754,5,9,43
139,1754,43,741
9,139,741,54
43,9,54,13387
741,43,13387,8
54,741,8,26
13387,54,26,5917
8,13387,5917,24
26,8,24,1525
5917,26,1525,4497
24,5917,4497,36
1525,24,36,2594
4497,1525,2594,98
36,4497,98,94
2594,36,94,9
98,2594,9,166
94,98,166,266
9,94,266,26
166,9,26,16
266,166,16,21
26,266,21,2204
16,26,2204,2667
21,16,2667,19
2204,21,19,825
2667,2204,825,29
19,2667,29,1750
825,19,1750,596
29,825,596,3
1750,29,3,663
596,1750,663,74628
3,596,74628,300
663,3,300,50
74628,663,50,21
300,74628,21,86
50,300,86,2479
21,50,2479,29
86,21,29,68
2479,86,68,774
29,2479,774,8575
68,29,8575,9
774,68,9,480
8575,774,480,6
9,8575,6,49
480,9,49,423
6,480,423,11
49,6,11,13
423,49,13,301
11,423,301,3170
13,11,3170,271
301,13,271,5
3170,301,5,2
271,3170,2,3316
5,271,3316,9896
2,5,9896,6
3316,2,6,264
9896,3316,264,66
6,9896,66,15
264,6,15,521
66,264,521,267
15,66,267,501
521,15,501,21098
267,521,21098,13227
501,267,13227,4312
21098,501,4312,22889
13227,21098,22889,7018
4312,13227,7018,6359
22889,4312,6359,4312
7018,22889,4312,273
6359,7018,273,54
4312,6359,54,14
273,4312,14,398
54,273,398,3
14,54,3,500
398,14,500,8882
3,398,8882,19343
500,3,19343,79528
8882,500,79528,20
19343,8882,20,153
79528,19343,153,119
20,79528,119,111
153,20,111,1007
119,153,1007,2600
111,119,2600,2569
1007,111,2569,5541
2600,1007,5541,8
2569,2600,8,6100
5541,2569,6100,31
8,5541,31,7
6100,8,7,1027
31,6100,1027,1544
7,31,1544,2
1027,7,2,563
1544,1027,563,228
2,1544,228,130
563,2,130,83
228,563,83,357
130,228,357,7
83,130,7,21
357,83,21,247
7,357,247,508
21,7,508,2
247,21,2,4312
508,247,4312,22889
2,508,22889,9
4312,2,9,84545
22889,4312,84545,11
9,22889,11,13
84545,9,13,241
11,84545,241,47
13,11,47,508
241,13,508,2
47,241,2,2
508,47,2,232
2,508,232,5
2,2,5,521
232,2,521,904
5,232,904,5
521,5,5,212
904,521,212,6100
5,904,6100,2875
212,5,2875,4
6100,212,4,6077
2875,6100,6077,105
4,2875,105,4
6077,4,4,520
105,6077,520,300
4,105,300,37
520,4,37,27
300,520,27,939
37,300,939,3
27,37,3,154
939,27,154,56
3,939,56,5
154,3,5,51668
56,154,51668,473
5,56,473,11
51668,5,11,134
473,51668,134,390
11,473,390,8
134,11,8,11
390,134,11,13
8,390,13,99
11,8,99,486
13,11,486,27
99,13,27,1401
486,99,1401,14
27,486,14,3798
1401,27,3798,2
14,1401,2,11
3798,14,11,14
2,3798,14,37
11,2,37,3
14,11,3,247
37,14,247,202
3,37,202,287
247,3,287,286
202,247,286,11
287,202,11,4545
286,287,4545,89
11,286,89,6
4545,11,6,520
89,4545,520,461
6,89,461,254
520,6,254,11
461,520,11,13
254,461,13,64
11,254,64,8772
13,11,8772,37
64,13,37,89
8772,64,89,11
37,8772,11,44
89,37,44,1112
11,89,1112,154
44,11,154,79
1112,44,79,22
154,1112,22,573
79,154,573,23
22,79,23,81998
573,22,81998,134
23,573,134,39
81998,23,39,249
134,81998,249,60
39,134,60,49
249,39,49,300
60,249,300,50
49,60,50,1264
300,49,1264,4007
50,300,4007,4
1264,50,4,4484
4007,1264,4484,4611
4,4007,4611,4
4484,4,4,8
4611,4484,8,11
4,4611,11,13
8,4,13,329
11,8,329,49
13,11,49,1204
329,13,1204,279
49,329,279,13273
1204,49,13273,60
279,1204,60,4
13273,279,4,197
60,13273,197,259
4,60,259,18
197,4,18,161
259,197,161,758
18,259,758,2253
161,18,2253,4563
758,161,4563,15
2253,758,15,27
9915,39,4995,10533
3150,9915,10533,3
4995,3150,3,547
10533,4995,547,5105
3,10533,5105,889
547,3,889,5
5105,547,5,11742
889,5105,11742,18
5,889,18,2373
11742,5,2373,6
18,11742,6,6967
2373,18,6967,326
6,2373,326,22202
6967,6,22202,3
326,6967,3,513
22202,326,513,7237
3,22202,7237,3
513,3,3,8186
7237,513,8186,3388
3,7237,3388,7334
8186,3,7334,5604
3388,8186,5604,19223
7334,3388,19223,31
5604,7334,31,210
19223,5604,210,23
31,19223,23,406
210,31,406,5
23,210,5,75
406,23,75,2336
5,406,2336,2
75,5,2,910
2336,75,910,167
2,2336,167,159
910,2,159,23917
167,910,23917,5
159,167,5,3383
23917,159,3383,108
5,23917,108,3582
3383,5,3582,817
108,3383,817,504
3582,108,504,5604
817,3582,5604,19223
504,817,19223,9556
5604,504,9556,7
19223,5604,7,4195
9556,19223,4195,23
7,9556,23,74229
4195,7,74229,8027
23,4195,8027,6
74229,23,6,6967
8027,74229,6967,326
6,8027,326,22202
6967,6,22202,3383
326,6967,3383,12
22202,326,12,318
3383,22202,318,109
12,3383,109,3150
318,12,3150,4995
109,318,4995,19223
3150,109,19223,8972
4995,3150,8972,14
19223,4995,14,1328
8972,19223,1328,9
14,8972,9,8021
1328,14,8021,23
9,1328,23,8027
8021,9,8027,12
23,8021,12,442
8027,23,442,15
12,8027,15,2
442,12,2,8186
15,442,8186,1488
2,15,1488,1819
8186,2,1819,74
1488,8186,74,10
1819,1488,10,159
74,1819,159,5105
10,74,5105,7
159,10,7,1165
5105,159,1165,5181
7,5105,5181,9
1165,7,9,13630
5181,1165,13630,8448
9,5181,8448,2363
13630,9,2363,934
8448,13630,934,6
2363,8448,6,3383
934,2363,3383,592
6,934,592,74
3383,6,74,3260
592,3383,3260,6
74,592,6,108
3260,74,108,3582
6,3260,3582,764
108,6,764,19223
3582,108,19223,517
764,3582,517,3018
19223,764,3018,9
517,19223,9,22
3018,517,22,150
9,3018,150,210
22,9,210,4
150,22,4,517
210,150,517,1432
4,210,1432,1851
517,4,1851,15
1432,517,15,1793
1851,1432,1793,504
6,85,217,4
1089,6,4,1299
217,1089,1299,24
4,217,24,103
1299,4,103,94
24,1299,94,23
103,24,23,456
94,103,456,5
23,94,5,10
456,23,10,48
6231,3639,607,469
14360,6231,469,114
607,14360,114,2
469,607,2,4035
114,469,4035,100
2,114,100,3639
4035,2,3639,6231
100,4035,6231,13
3639,100,13,914
6231,3639,914,56
13,6231,56,1149
914,13,1149,356
56,914,356,19
1149,56,19,791
356,1149,791,469
19,356,469,114
791,19,114,4035
469,791,4035,100
114,469,100,31
4035,114,31,327
100,4035,327,20265
31,100,20265,100
327,31,100,161
20265,327,161,210
100,20265,210,5
161,100,5,2319
210,161,2319,185
5,210,185,18
2319,5,18,5853
185,2319,5853,159
18,185,159,1032
5853,18,1032,624
159,5853,624,9
1032,159,9,8064
624,1032,8064,10
9,624,10,6
8064,9,6,5767
10,8064,5767,461
6,10,461,8
5767,6,8,34
461,5767,34,611
8,461,611,56
34,8,56,325
611,34,325,6
56,611,6,597
325,56,597,1836
6,325,1836,639
597,6,639,18300
1836,597,18300,33043
639,1836,33043,28
18300,639,28,329
33043,18300,329,137
28,33043,137,25
329,28,25,12
137,329,12,42
25,137,42,210
12,25,210,30
42,12,30,380
210,42,380,295
30,210,295,2319
380,30,2319,2414
295,380,2414,260
2319,295,260,791
2414,2319,791,476
260,2414,476,26
791,260,26,25
476,791,25,73
26,476,73,4679
25,26,4679,4
73,25,4,6670
4679,73,6670,1488
4,4679,1488,12
6670,4,12,274
1488,6670,274,30
12,1488,30,380
274,12,380,295
30,274,295,6826
380,30,6826,2583
295,380,2583,5
6826,295,5,2
2583,6826,2,28091
5,2583,28091,18556
2,5,18556,31
28091,2,31,14
18556,28091,14,284
31,18556,284,5
14,31,5,2
284,14,2,973
5,284,973,106
2,5,106,3
973,2,3,17
106,973,17,7498
3,106,7498,1219
17,3,1219,19
7498,17,19,3497
1219,7498,3497,5
19,1219,5,2682
3497,19,2682,4
5,3497,4,2
2682,5,2,9688
4,2682,9688,4677
2,4,4677,31
9688,2,31,739
4677,9688,739,103
31,4677,103,12842
739,31,12842,124
103,739,124,9
12842,103,9,331
124,12842,331,5
9,124,5,22
331,9,22,6089
5,331,6089,7
22,5,7,1222
6089,22,1222,43
7,6089,43,10
1222,7,10,2
43,1222,2,124
10,43,124,306
2,10,306,64
124,2,64,255
306,124,255,72
64,306,72,5296
255,64,5296,7
72,255,7,116
5296,72,116,120
7,5296,120,30
116,7,30,219
120,116,219,2685
30,120,2685,6231
219,30,6231,28
2685,219,28,130
6231,2685,130,289
28,6231,289,564
130,28,564,6
289,130,6,4
564,289,4,56
6,564,56,5
4,6,5,92
56,4,92,13
5,56,13,47
92,5,47,3
13,92,3,1486
47,13,1486,1517
3,47,1517,9
1486,3,9,1886
1517,1486,1886,1060
9,1517,1060,940
1886,9,940,4
1060,1886,4,8
940,1060,8,34
4,940,34,21
8,4,21,160
34,8,160,336
16,53,217,5
2,16,5,3665
217,2,3665,1034
5,217,1034,6689
3665,5,6689,8
1034,3665,8,13767
6689,1034,13767,12
8,6689,12,51
13767,8,51,34
12,13767,34,505
51,12,505,126
34,51,126,171
505,34,171,4
126,505,4,75
171,126,75,85
4,171,85,1221
75,4,1221,1822
85,75,1822,5
1221,85,5,1125
1822,1221,1125,39
5,1822,39,4
1125,5,4,888
39,1125,888,6715
4,39,6715,5
888,4,5,677
6715,888,677,448
5,6715,448,62
677,5,62,18
448,677,18,161
62,448,161,5723
18,62,5723,1483
161,18,1483,5818
5723,161,5818,1506
1483,5723,1506,743
5818,1483,743,15
1506,5818,15,5175
743,1506,5175,3632
15,743,3632,2
5175,15,2,3
3632,5175,3,4756
2,3632,4756,1221
3,2,1221,1034
4756,3,1034,3192
1221,4756,3192,1934
1034,1221,1934,8
3192,1034,8,55
1934,3192,55,505
8,1934,505,1539
55,8,1539,536
505,55,536,1179
1539,505,1179,4
536,1539,4,92
1179,536,92,297
4,1179,297,8
92,4,8,55
297,92,55,17
8,297,17,5046
55,8,5046,19
17,55,19,284
5046,17,284,888
19,5046,888,339
284,19,339,4
888,284,4,3305
339,888,3305,1110
4,339,1110,1341
3305,4,1341,209
1110,3305,209,8
1341,1110,8,92
209,1341,92,7
8,209,7,962
92,8,962,2489
7,92,2489,3
962,7,3,18
2489,962,18,240
3,2489,240,990
18,3,990,4
240,18,4,6
990,240,6,236
4,990,236,15
6,4,15,3354
236,6,3354,4
15,236,4,1755
3354,15,1755,8
4,3354,8,55
1755,4,55,484
8,1755,484,79
55,8,79,4
484,55,4,1441
79,484,1441,559
4,79,559,72715
1441,4,72715,55
559,1441,55,790
72715,559,790,888
55,72715,888,6715
790,55,6715,601
888,790,601,181
6715,888,181,15
601,6715,15,457
181,601,457,1656
15,181,1656,50861
457,15,50861,118
1656,457,118,1936
50861,1656,1936,4
118,50861,4,463
1936,118,463,324
4,1936,324,56
463,4,56,57
324,463,57,44
56,324,44,1238
57,56,1238,19
44,57,19,8408
1238,44,8408,41766
19,1238,41766,5
8408,19,5,693
41766,8408,693,310
5,41766,310,318
693,5,318,3115
310,693,3115,43
318,310,43,158
3115,318,158,204
43,3115,204,230
158,43,230,2963
204,158,2963,83
230,204,83,43
2963,230,43,1706
83,2963,1706,6
43,83,6,278
1706,43,278,463
6,1706,463,2891
278,6,2891,3926
463,278,3926,24
2891,463,24,2
3926,2891,2,2157
24,3926,2157,1881
2,24,1881,407
2157,2,407,880
1881,2157,880,2130
407,1881,2130,23
880,407,23,1133
2130,880,1133,5
23,2130,5,238
1133,23,238,815
5,1133,815,6
238,5,6,39
815,238,39,249
6,815,249,8
39,6,8,14
249,39,14,1535
8,249,1535,15
14,8,15,150
1535,14,150,625
15,1535,625,437
150,15,437,892
625,150,892,5679
437,625,5679,661
892,437,661,8
5679,892,8,5679
661,5679,5679,726
8,661,726,3
5679,8,3,194
726,5679,194,276
3,726,276,103
194,3,103,3632
276,194,3632,79
103,276,79,71
3632,103,71,252
79,3632,252,5172
71,79,5172,20
252,71,20,300
5172,252,300,324
20,5172,324,1539
300,20,1539,595
324,300,595,9
1539,324,9,43
595,1539,43,4
9,595,4,204
43,9,204,3447
4,43,3447,42
204,4,42,190
3447,204,190,81250
42,3447,81250,40
190,42,40,243
81250,190,243,10
40,81250,10,268
243,40,268,81
10,243,81,3
268,10,3,2963
81,268,2963,83
3,81,83,4
2963,3,4,70
83,2963,70,1706
4,83,1706,52
70,4,52,26
1706,70,26,1047
52,1706,1047,8
26,52,8,14
1047,26,14,2424
8,1047,2424,3
14,8,3,38
2424,14,38,163
3,2424,163,12
38,3,12,585
163,38,585,204
12,163,204,13
585,12,13,2792
204,585,2792,2
13,204,2,131
2792,13,131,1108
2,2792,1108,4
131,2,4,2175
1108,131,2175,603
4,1108,603,441
2175,4,441,213
603,2175,213,6
441,603,6,278
213,441,278,4
6,213,4,40
278,6,40,21
4,278,21,18
40,4,18,42
21,40,42,8
18,21,8,52
42,18,52,10
8,42,10,40
52,8,40,91
10,52,91,10
40,10,10,892
91,40,892,5679
10,91,5679,140
892,10,140,5679
5679,892,5679,14
140,5679,14,2325
5679,140,2325,37
14,5679,37,464
2325,14,464,1926
37,2325,1926,4
464,37,4,11
1926,464,11,13
4,1926,13,20
11,4,20,3
13,11,3,44
20,13,44,174
3,20,174,43
44,3,43,188
174,44,188,5
43,174,5,424
188,43,424,3
5,188,3,2839
424,5,2839,11035
3,424,11035,3
2839,3,3,276
11035,2839,276,61
3,11035,61,10
276,3,10,342
61,276,342,537
10,61,537,7
342,10,7,584
537,342,584,7731
7,537,7731,714
584,7,714,86
7731,584,86,148
714,7731,148,43
86,714,43,77
148,86,77,93
43,148,93,40
77,43,40,17
93,77,17,5566
40,93,5566,12
17,40,12,464
5566,17,464,1926
12,5566,1926,342
464,12,342,4228
1926,464,4228,7
342,1926,7,113
4228,342,113,1938
7,4228,1938,5
113,7,5,502
1938,113,502,464
5,1938,464,3396
502,5,3396,3
464,502,3,28361
3396,464,28361,7
3,3396,7,584
28361,3,584,2
7,28361,2,182
584,7,182,434
2,584,434,26
182,2,26,16
434,182,16,203
26,434,203,3258
16,26,3258,4
203,16,4,26
3258,203,26,16
4,3258,16,131
26,4,131,7502
16,26,7502,25
131,16,25,1938
7502,131,1938,5
25,7502,5,947
1938,25,947,61
5,1938,61,38
947,5,38,342
61,947,342,5104
38,61,5104,1112
342,38,1112,10
5104,342,10,7
1112,5104,7,7
10,1112,7,2
7,10,2,11761
7,7,11761,15
2,7,15,81
11761,2,81,48
15,11761,48,5
81,15,5,20
48,81,20,1173
5,48,1173,131
20,5,131,25184
1173,20,25184,541
131,1173,541,24
25184,131,24,437
541,25184,437,5
24,541,5,150
437,24,150,625
5,437,625,8
150,5,8,7
625,150,7,87
8,625,87,10
7,8,10,7
87,7,7,71
10,87,71,7
7,10,7,3732
71,7,3732,2
7,71,2,25192
3732,7,25192,188
2,3732,188,1539
25192,2,1539,447
188,25192,447,536
1539,188,536,24
447,1539,24,204
536,447,204,36
24,536,36,464
204,24,464,1926
36,204,1926,337
464,36,337,11
1926,464,11,392
337,1926,392,81
11,337,81,3
392,11,3,91
81,392,91,394
3,81,394,5679
91,3,5679,235
394,91,235,411
5679,394,411,16
235,5679,16,131
411,235,131,1735
16,411,1735,1539
131,16,1539,194
1735,131,194,5
1539,1735,5,229
194,1539,229,36
5,194,36,21
229,5,21,204
36,229,204,13
21,36,13,47
204,21,47,7373
13,204,7373,15
47,13,15,85
7373,47,85,428
15,7373,428,4
85,15,4,264
428,85,264,447
4,428,447,19
264,4,19,823
447,264,823,63
19,447,63,1140
823,19,1140,927
63,823,927,8
1140,63,8,43
927,1140,43,34
8,927,34,1406
43,8,1406,3
