79,1711,236,20
373,79,20,7
236,373,7,2
20,236,2,5584
7,20,5584,3
2,7,3,22
5584,2,22,3301
3,5584,3301,2329
22,3,2329,4
3301,22,4,22
2329,3301,22,3626
4,2329,3626,12
22,4,12,9507
3626,22,9507,4675
12,3626,4675,356
9507,12,356,714
4675,9507,714,998
356,4675,998,8
714,356,8,6310
998,714,6310,5
8,998,5,167
6310,8,167,2
5,6310,2,8
167,5,8,18
2,167,18,21320
8,2,21320,6181
18,8,6181,35
21320,18,35,50
6181,21320,50,21
35,6181,21,2
50,35,2,1566
21,50,1566,2
2,21,2,879
1566,2,879,1040
2,1566,1040,518
879,2,518,8
1040,879,8,728
518,1040,728,33167
8,518,33167,3369
728,8,3369,313
33167,728,313,3
3369,33167,3,17
313,3369,17,1025
3,313,1025,305
17,3,305,11
1025,17,11,13
305,1025,13,1658
11,305,1658,142
13,11,142,6
1658,13,6,3705
142,1658,3705,75
6,142,75,58827
3705,6,58827,203
75,3705,203,1079
58827,75,1079,891
203,58827,891,1187
1079,203,1187,23
891,1079,23,747
1187,891,747,185
23,1187,185,2
747,23,2,2
185,747,2,998
2,185,998,9
2,2,9,89
998,2,89,4
9,998,4,2
89,9,2,3860
4,89,3860,8
2,4,8,185
3860,2,185,1538
8,3860,1538,25
185,8,25,962
1538,185,962,323
25,1538,323,390
962,25,390,987
323,962,987,822
390,323,822,8
987,390,8,5
822,987,5,58
8,822,58,289
5,8,289,114
58,5,114,146
289,58,146,61
114,289,61,38
146,114,38,634
61,146,634,6
38,61,6,128
634,38,128,258
6,634,258,44
128,6,44,60
258,128,60,9
44,258,9,5140
60,44,5140,305
9,60,305,3
5140,9,3,25
305,5140,25,2
3,305,2,94353
25,3,94353,286
2,25,286,26
94353,2,26,18
286,94353,18,47
26,286,47,719
18,26,719,19
47,18,19,1607
719,47,1607,1381
19,719,1381,6
1607,19,6,199
1381,1607,199,10
6,1381,10,7
199,6,7,165
10,199,165,490
7,10,490,3
165,7,3,178
490,165,178,8
3,490,8,494
178,3,494,145
8,178,145,4
494,8,4,138
145,494,138,27
4,145,27,332
138,4,332,5744
27,138,5744,38
332,27,38,895
5744,332,895,19
38,5744,19,1657
895,38,1657,4468
19,895,4468,12
1657,19,12,298
4468,1657,298,39
12,4468,39,632
298,12,632,7
39,298,7,1192
632,39,1192,3
7,632,3,1306
1192,7,1306,63
3,1192,63,21
1306,3,21,13987
63,1306,13987,2126
21,63,2126,10
13987,21,10,7
2126,13987,7,490
10,2126,490,3
7,10,3,1062
490,7,1062,2
3,490,2,531
1062,3,531,289
2,1062,289,8
531,2,8,13
289,531,13,25
8,289,25,4807
13,8,4807,11857
25,13,11857,157
4807,25,157,105
11857,4807,105,61254
157,11857,61254,42
105,157,42,55
61254,105,55,17
42,61254,17,856
55,42,856,120
17,55,120,69
856,17,69,155
120,856,155,24
69,120,24,164
155,69,164,78
24,155,78,32
164,24,32,7
78,164,7,165
32,78,165,3667
7,32,3667,3
165,7,3,192
3667,165,192,135
3,3667,135,499
192,3,499,4
135,192,4,859
499,135,859,1679
4,499,1679,257
859,4,257,85
1679,859,85,29
257,1679,29,11
85,257,11,549
29,85,549,99
11,29,99,103
549,11,103,949
99,549,949,2481
103,99,2481,4
949,103,4,2492
2481,949,2492,49
4,2481,49,381
2492,4,381,128
49,2492,128,330
381,49,330,1094
128,381,1094,11
330,128,11,34
1094,330,34,5305
11,1094,5305,80
34,11,80,606
5305,34,606,274
80,5305,274,8
606,80,8,132
274,606,132,248
8,274,248,1354
132,8,1354,499
248,132,499,29
1354,248,29,692
499,1354,692,1444
29,499,1444,144
692,29,144,6
1444,692,6,257
144,1444,257,60801
6,144,60801,22
257,6,22,4324
60801,257,4324,6
22,60801,6,452
4324,22,452,27
6,4324,27,7
452,6,7,370
27,452,370,285
7,27,285,272
370,7,272,3
285,370,3,1297
272,285,1297,12
3,272,12,58
1297,3,58,210
12,1297,210,29
58,12,29,31
210,58,31,7
29,210,7,2175
31,29,2175,5
7,31,5,8
2175,7,8,638
5,2175,638,193
8,5,193,584
638,8,584,13
193,638,13,325
584,193,325,600
13,584,600,84
325,13,84,29
600,325,29,8995
84,600,8995,455
29,84,455,89
8995,29,89,7
455,8995,7,422
89,455,422,6
7,89,6,97
422,7,97,256
6,422,256,728
97,6,728,2579
256,97,2579,2
728,256,2,600
2579,728,600,3
2,2579,3,123
600,2,123,12
3,600,12,27
123,3,27,29
12,123,29,3
27,12,3,192
29,27,192,11
3,29,11,327
192,3,327,99
11,192,99,988
327,11,988,11
99,327,11,13
988,99,13,8033
11,988,8033,3
13,11,3,459
8033,13,459,246
3,8033,246,4
459,3,4,2220
246,459,2220,6
4,246,6,77656
2220,4,77656,1746
6,2220,1746,827
77656,6,827,189
1746,77656,189,55
827,1746,55,4130
189,827,4130,12
55,189,12,3
4130,55,3,413
12,4130,413,673
3,12,673,29
413,3,29,327
673,413,327,1711
29,673,1711,198
327,29,198,4
1711,327,4,2762
198,1711,2762,53
4,198,53,4
2762,4,4,1025
53,2762,1025,305
4,53,305,149
1025,4,149,8
305,1025,8,1733
149,305,1733,313
8,149,313,2867
1733,8,2867,23
313,1733,23,97640
2867,313,97640,699
23,2867,699,7
97640,23,7,8
699,97640,8,30
7,699,30,72
8,7,72,25
30,8,25,116
72,30,116,120
25,72,120,20
116,25,20,7
120,116,7,110
20,120,110,29
7,20,29,30
110,7,30,25
29,110,25,116
30,29,116,8
25,30,8,70
116,25,70,356
8,116,356,635
70,8,635,17
356,70,17,183
635,356,183,9
17,635,9,2
183,17,2,241
9,183,241,122
2,9,122,375
241,2,375,698
122,241,698,513
375,122,513,41
698,375,41,769
513,698,769,3
41,513,3,147
769,41,147,5
3,769,5,400
147,3,400,45
5,147,45,4
400,5,4,67
45,400,67,515
4,45,515,4898
67,4,4898,285
515,67,285,67
4898,515,67,356
285,4898,356,34
67,285,34,17
356,67,17,5526
34,356,5526,8
17,34,8,132
5526,17,132,17
8,5526,17,69225
132,8,69225,547
17,132,547,105
69225,17,105,13456
547,69225,13456,8
105,547,8,2
13456,105,2,153
8,13456,153,7
2,8,7,4
153,2,4,15033
7,153,15033,6
4,7,6,356
15033,4,356,13
6,15033,13,1498
356,6,1498,285
13,356,285,42
1498,13,42,153
285,1498,153,404
42,285,404,1025
153,42,1025,305
404,153,305,14
1025,404,14,12
305,1025,12,583
14,305,583,1324
12,14,1324,422
583,12,422,15
1324,583,15,22
422,1324,22,571
15,422,571,12815
22,15,12815,2749
571,22,2749,6
12815,571,6,452
2749,12815,452,462
6,2749,462,18694
452,6,18694,138
462,452,138,27
18694,462,27,256
138,18694,256,728
27,138,728,324
256,27,324,6
728,256,6,1038
324,728,1038,15
6,324,15,4
1038,6,4,11513
15,1038,11513,4
4,15,4,827
11513,4,827,189
4,11513,189,7
827,4,7,25
189,827,25,136
7,189,136,282
25,7,282,15
136,25,15,51
282,136,51,2
15,282,2,841
51,15,841,2
2,51,2,153
841,2,153,96
2,841,96,613
153,2,613,42
96,153,42,8
613,96,8,364
42,613,364,2
8,42,2,59661
364,8,59661,305
2,364,305,10110
59661,2,10110,2720
305,59661,2720,6
10110,305,6,8
2720,10110,8,322
6,2720,322,198
8,6,198,1224
322,8,1224,14
198,322,14,1893
1224,198,1893,9
14,1224,9,7867
1893,14,7867,5
9,1893,5,492
7867,9,492,94
5,7867,94,6
492,5,6,311
94,492,311,5
6,94,5,3705
311,6,3705,3
5,311,3,123
3705,5,123,1255
3,3705,1255,500
123,3,500,18082
1255,123,18082,4668
500,1255,4668,305
18082,500,305,1558
4668,18082,1558,9
305,4668,9,728
1558,305,728,947
9,1558,947,22
728,9,22,69
947,728,69,2
22,947,2,12187
69,22,12187,350
2,69,350,5
12187,2,5,27198
350,12187,27198,62
5,350,62,241
27198,5,241,8
62,27198,8,128
241,62,128,469
8,241,469,3
128,8,3,17
469,128,17,388
3,469,388,398
17,3,398,728
388,17,728,899
398,388,899,5
728,398,5,528
899,728,528,1249
5,899,1249,845
528,5,845,80
1249,528,80,827
845,1249,827,189
80,845,189,1362
827,80,1362,24
189,827,24,40061
1362,189,40061,15
24,1362,15,2
40061,24,2,21760
15,40061,21760,2749
2,15,2749,6
21760,2,6,39
2749,21760,39,632
6,2749,632,928
39,6,928,827
632,39,827,121
928,632,121,611
827,928,611,22
121,827,22,2625
611,121,2625,56
22,611,56,12
2625,22,12,1455
56,2625,1455,41
12,56,41,85645
1455,12,85645,9
41,1455,9,638
85645,41,638,193
9,85645,193,11
638,9,11,1297
193,638,1297,2226
11,193,2226,6
1297,11,6,2
2226,1297,2,35
6,2226,35,120
2,6,120,11
35,2,11,14
120,35,14,1192
11,120,1192,3
14,11,3,25
1192,14,25,149
3,1192,149,54
25,3,54,4941
149,25,4941,149
54,149,149,9
4941,54,9,89
149,4941,89,2611
9,149,2611,79
89,9,79,15081
2611,89,15081,105
79,2611,105,1746
15081,79,1746,6
105,15081,6,87281
1746,105,87281,113
6,1746,113,138
87281,6,138,27
113,87281,27,40
138,113,40,367
27,138,367,192
40,27,192,98
367,40,98,35
192,367,35,149
98,192,149,20
35,98,20,7
149,35,7,2
20,149,2,2899
7,20,2899,105
2,7,105,532
2899,2,532,29
105,2899,29,53
532,105,53,165
29,532,165,2
53,29,2,241
165,53,241,107
2,165,107,3
241,2,3,155
107,241,155,21
3,107,21,301
155,3,301,9
21,155,9,1079
301,21,1079,891
9,301,891,22
1079,9,22,20106
891,1079,20106,167
22,891,167,102
20106,22,102,305
167,20106,305,6
102,167,6,128
305,102,128,185
6,305,185,132
128,6,132,18
185,128,18,1671
132,185,1671,387
18,132,387,29
1671,18,29,11
387,1671,11,1920
29,387,1920,4
11,29,4,891
1920,11,891,635
4,1920,635,11
891,4,11,65037
635,891,65037,4116
11,635,4116,51
65037,11,51,32
4116,65037,32,327
51,4116,327,25
32,51,25,4313
327,32,4313,494
25,327,494,145
4313,25,145,14
494,4313,14,761
145,494,761,3
14,145,3,192
761,14,192,273
3,761,273,54
192,3,54,1389
273,192,1389,8
54,273,8,11
1389,54,11,13
8,1389,13,3
11,8,3,192
13,11,192,131
3,13,131,273
192,3,273,6
131,192,6,316
273,131,316,3
6,273,3,1519
316,6,1519,366
3,316,366,592
1519,3,592,4
366,1519,4,11
592,366,11,7
4,592,7,72
11,4,72,8
7,11,8,15
72,7,15,22
8,72,22,7093
15,8,7093,592
22,15,592,6
7093,22,6,39
592,7093,39,632
6,592,632,145
39,6,145,34
632,39,34,18
145,632,18,1071
34,145,1071,4
18,34,4,1969
1071,18,1969,3
4,1071,3,123
1969,4,123,20
3,1969,20,237
123,3,237,606
20,123,606,65
237,20,65,580
606,237,580,1327
65,606,1327,2
580,65,2,281
1327,580,281,205
2,1327,205,404
281,2,404,229
205,281,229,11
404,205,11,55
229,404,55,123
11,229,123,10
55,11,10,48
123,55,48,107
10,123,107,7
48,10,7,4
107,48,4,555
7,107,555,194
4,7,194,30
555,4,30,34
194,555,34,1346
30,194,1346,6
34,30,6,153
1346,34,153,4
6,1346,4,205
153,6,205,805
4,153,805,2
205,4,2,237
805,205,237,84
2,805,84,317
237,2,317,12
84,237,12,3
317,84,3,41
12,317,41,2449
3,12,2449,35
41,3,35,409
2449,41,409,32837
35,2449,32837,78
409,35,78,32
32837,409,32,31
78,32837,31,182
32,78,182,21
31,32,21,86
182,31,86,6199
21,182,6199,29
86,21,29,8975
6199,86,8975,4
29,6199,4,25125
8975,29,25125,1163
4,8975,1163,8
25125,4,8,3364
1163,25125,3364,49
8,1163,49,3
3364,8,3,1287
49,3364,1287,617
3,49,617,71
1287,3,71,6
617,1287,6,10
71,617,10,60
6,71,60,9
10,6,9,49
60,10,49,69
9,60,69,3
49,9,3,123
69,49,123,1630
3,69,1630,4
123,3,4,4597
1630,123,4597,10
4,1630,10,4922
4597,4,4922,1820
10,4597,1820,54
4922,10,54,364
1820,4922,364,585
54,1820,585,868
364,54,868,29
585,364,29,68
868,585,68,10
29,868,10,1110
68,29,1110,15
10,68,15,114
1110,10,114,52
15,1110,52,49
114,15,49,69
52,114,69,55
49,52,55,12772
69,49,12772,12
55,69,12,10
12772,55,10,1594
12,12772,1594,10
10,12,10,7
1594,10,7,2175
10,1594,2175,5
7,10,5,2
2175,7,2,56462
5,2175,56462,145
2,5,145,592
56462,2,592,6
145,56462,6,39
592,145,39,632
6,592,632,34
39,6,34,567
632,39,567,78
34,632,78,32
567,34,32,3
78,567,3,15419
32,78,15419,49
3,32,49,519
15419,3,519,3
49,15419,3,744
519,49,744,12
3,519,12,1605
744,3,1605,4
12,744,4,6884
1605,12,6884,5
4,1605,5,274
6884,4,274,29
5,6884,29,10
274,5,10,327
29,274,327,68
10,29,68,1195
327,10,1195,49
68,327,49,3
1195,68,3,247
49,1195,247,2
3,49,2,282
247,3,282,53275
2,247,53275,84
282,2,84,145
53275,282,145,34
84,53275,34,18
145,84,18,136
34,145,136,875
18,34,875,2226
136,18,2226,6
875,136,6,2716
2226,875,2716,413
6,2226,413,673
2716,6,673,1378
413,2716,1378,4
673,413,4,996
1378,673,996,298
4,1378,298,949
996,4,949,22
298,996,22,567
949,298,567,34
22,949,34,17
567,22,17,3
34,567,3,62
17,34,62,8
3,17,8,11
62,3,11,55
8,62,55,13266
11,8,13266,2226
55,11,2226,6
13266,55,6,2677
2226,13266,2677,56
6,2226,56,3
2677,6,3,2
56,2677,2,41
3,56,41,2449
2,3,2449,135
41,2,135,35353
2449,41,35353,911
135,2449,911,567
35353,135,567,110
911,35353,110,845
567,911,845,34
110,567,34,17
845,110,17,186
34,845,186,3
17,34,3,1287
186,17,1287,494
3,186,494,145
1287,3,145,65
494,1287,65,10
145,494,10,34
65,145,34,17
10,65,17,3
34,10,3,2348
17,34,2348,4
3,17,4,2500
2348,3,2500,70
4,2348,70,613
2500,4,613,534
70,2500,534,114
613,70,114,679
534,613,679,4
114,534,4,39
679,114,39,114
4,679,114,3
39,4,3,123
114,39,123,2
3,114,2,382
123,3,382,234
2,123,234,23
382,2,23,49
234,382,49,53460
23,234,53460,4116
49,23,4116,2
53460,49,2,390
4116,53460,390,2635
2,4116,2635,4
390,2,4,2
2635,390,2,135
4,2635,135,1584
2,4,1584,7
135,2,7,823
1584,135,823,4856
7,1584,4856,9
823,7,9,4902
4856,823,4902,3236
9,4856,3236,4
4902,9,4,114
3236,4902,114,3350
4,3236,3350,23
114,4,23,135
3350,114,135,150
23,3350,150,369
135,23,369,2
150,135,2,2998
369,150,2998,6069
2,369,6069,2766
2998,2,2766,11
6069,2998,11,7
2766,6069,7,4
11,2766,4,13484
7,11,13484,1051
4,7,1051,23
13484,4,23,6916
1051,13484,6916,393
23,1051,393,4
6916,23,4,824
393,6916,824,5
4,393,5,6693
824,4,6693,15
5,824,15,18274
6693,5,18274,8902
15,6693,8902,259
18274,15,259,6
8902,18274,6,16652
259,8902,16652,253
6,259,253,7278
16652,6,7278,76
253,16652,76,5
7278,253,5,13891
76,7278,13891,10949
5,76,10949,34553
13891,5,34553,45
10949,13891,45,31
34553,10949,31,128
45,34553,128,60
31,45,60,231
128,31,231,40
60,128,40,18
231,60,18,1232
40,231,1232,3040
18,40,3040,457
1232,18,457,190
3040,1232,190,24331
457,3040,24331,119
190,457,119,272
24331,190,272,15
119,24331,15,2
272,119,2,1277
15,272,1277,8519
2,15,8519,4
1277,2,4,2657
8519,1277,2657,2328
4,8519,2328,58535
2657,4,58535,8
2328,2657,8,53
58535,2328,53,7
8,58535,7,580
53,8,580,320
7,53,320,457
580,7,457,6
320,580,6,237
457,320,237,5714
6,457,5714,866
237,6,866,31
5714,237,31,784
866,5714,784,3
31,866,3,2348
784,31,2348,2
3,784,2,136
2348,3,136,12053
2,2348,12053,2
136,2,2,22
12053,136,22,810
2,12053,810,53
22,2,53,64
810,22,64,1567
53,810,1567,24980
64,53,24980,5
1567,64,5,1548
24980,1567,1548,106
5,24980,106,54
1548,5,54,7
106,1548,7,2152
54,106,2152,223
7,54,223,363
2152,7,363,11289
223,2152,11289,94
363,223,94,211
11289,363,211,14846
94,11289,14846,2035
211,94,2035,145
14846,211,145,638
2035,14846,638,193
145,2035,193,7
638,145,7,1003
193,638,1003,14137
7,193,14137,9
1003,7,9,1548
14137,1003,1548,144
9,14137,144,29
1548,9,29,22
144,1548,22,77861
29,144,77861,2749
22,29,2749,6
77861,22,6,202
2749,77861,202,949
6,2749,949,298
202,6,298,330
949,202,330,835
298,949,835,11
330,298,11,77
835,330,77,1463
11,835,1463,22140
77,11,22140,39
1463,77,39,632
22140,1463,632,114
39,22140,114,3
632,39,3,9513
114,632,9513,22
3,114,22,25655
9513,3,25655,338
22,9513,338,57147
25655,22,57147,284
338,25655,284,522
57147,338,522,41
284,57147,41,2
522,284,2,2
41,522,2,18040
2,41,18040,3
2,2,3,452
18040,2,452,1339
3,18040,1339,284
452,3,284,65
1339,452,65,2
284,1339,2,2971
65,284,2971,12
2,65,12,1441
2971,2,1441,35
12,2971,35,5
1441,12,5,14630
35,1441,14630,452
5,35,452,638
14630,5,638,193
452,14630,193,39884
638,452,39884,56
193,638,56,6
39884,193,6,725
56,39884,725,5
6,56,5,138
725,6,138,19
5,725,19,2
138,5,2,281
19,138,281,1398
2,19,1398,173
281,2,173,27
1398,281,27,411
173,1398,411,15
27,173,15,2
411,27,2,7093
15,411,7093,592
2,15,592,6
7093,2,6,39
592,7093,39,632
6,592,632,2870
39,6,2870,193
632,39,193,19
2870,632,19,2
193,2870,2,239
19,193,239,1708
2,19,1708,1381
239,2,1381,65
1708,239,65,11
1381,1708,11,182
