41001,2,1690,165
16,41001,165,424
1690,16,424,3
165,1690,3,516
424,165,516,229
3,424,229,26
516,3,26,34
229,516,34,1711
26,229,1711,7928
34,26,7928,9
1711,34,9,27
7928,1711,27,36
9,7928,36,1679
27,9,1679,10
36,27,10,20
1679,36,20,85
10,1679,85,56
20,10,56,29
85,20,29,1690
56,85,1690,195
29,56,195,562
1690,29,562,23735
195,1690,23735,251
562,195,251,8
23735,562,8,732
251,23735,732,48234
8,251,48234,18
732,8,18,2
48234,732,2,131
18,48234,131,7880
2,18,7880,384
131,2,384,5
7880,131,5,51
384,7880,51,30
5,384,30,25
51,5,25,15
30,51,15,360
25,30,360,4
15,25,4,7
360,15,7,44
4,360,44,8
7,4,8,6
44,7,6,448
8,44,448,5
6,8,5,8
448,6,8,88
5,448,88,751
8,5,751,113
88,8,113,8
751,88,8,360
113,751,360,7
8,113,7,2
360,8,2,101
7,360,101,10
2,7,10,21
101,2,21,10
10,101,10,2
21,10,2,2490
10,21,2490,23735
2,10,23735,2312
2490,2,2312,27
23735,2490,27,47
2312,23735,47,5227
27,2312,5227,925
47,27,925,6
5227,47,6,44
925,5227,44,719
6,925,719,61
44,6,61,3
719,44,3,20
61,719,20,18076
3,61,18076,2389
20,3,2389,8
18076,20,8,20
2389,18076,20,99
8,2389,99,21233
20,8,21233,185
99,20,185,34
21233,99,34,17
185,21233,17,6
34,185,6,39
17,34,39,249
6,17,249,418
39,6,418,161
249,39,161,94
418,249,94,488
161,418,488,101
94,161,101,23
488,94,23,308
101,488,308,6
23,101,6,20
308,23,20,1632
6,308,1632,42200
20,6,42200,2841
1632,20,2841,7
42200,1632,7,2687
2841,42200,2687,6
7,2841,6,3160
2687,7,3160,32
6,2687,32,2438
3160,6,2438,16
32,3160,16,985
2438,32,985,351
16,2438,351,6
985,16,6,3142
351,985,3142,4
6,351,4,185
3142,6,185,777
4,3142,777,23
185,4,23,10895
777,185,10895,393
23,777,393,6
10895,23,6,19920
393,10895,19920,7
6,393,7,86
19920,6,86,37
7,19920,37,4
86,7,4,509
37,86,509,96005
4,37,96005,11
509,4,11,13
96005,509,13,1956
11,96005,1956,27
13,11,27,2305
1956,13,2305,12674
27,1956,12674,10
2305,27,10,61
12674,2305,61,4
10,12674,4,502
61,10,502,15058
4,61,15058,23
502,4,23,185
15058,502,185,29
23,15058,29,11
185,23,11,115
29,185,115,2459
11,29,2459,2208
115,11,2208,99
2459,115,99,5377
2208,2459,5377,472
99,2208,472,11
5377,99,11,1427
472,5377,1427,375
11,472,375,11
1427,11,11,1511
375,1427,1511,4
11,375,4,1459
1511,11,1459,44
4,1511,44,11
1459,4,11,42
44,1459,42,5
11,44,5,325
42,11,325,2557
5,42,2557,41230
325,5,41230,56
2557,325,56,53
41230,2557,53,25
56,41230,25,62
53,56,62,34
25,53,34,32
62,25,32,93
34,62,93,990
32,34,990,3
93,32,3,96634
990,93,96634,18
3,990,18,3
96634,3,3,17
18,96634,17,1080
3,18,1080,9
17,3,9,73
1080,17,73,17714
9,1080,17714,1781
73,9,1781,8
17714,73,8,154
1781,17714,154,23
8,1781,23,33
154,8,33,11
23,154,11,134
33,23,134,500
11,33,500,330
134,11,330,350
500,134,350,4008
330,500,4008,13191
350,330,13191,7
4008,350,7,353
13191,4008,353,2664
7,13191,2664,12
353,7,12,130
2664,353,130,576
12,2664,576,24
130,12,24,5161
576,130,5161,34316
24,576,34316,32
5161,24,32,895
34316,5161,895,132
32,34316,132,17
895,32,17,470
132,895,470,2
17,132,2,186
470,17,186,1349
2,470,1349,997
186,2,997,3
1349,186,3,2489
997,1349,2489,9
3,997,9,185
2489,3,185,11
9,2489,11,7
185,9,7,110
11,185,110,19
7,11,19,27501
110,7,27501,135
19,110,135,287
27501,19,287,642
135,27501,642,142
287,135,142,2329
642,287,2329,128
142,642,128,153
2329,142,153,333
128,2329,333,44
153,128,44,11
333,153,11,110
44,333,110,168
11,44,168,3271
110,11,3271,563
168,110,563,22925
3271,168,22925,4
563,3271,4,4325
22925,563,4325,3411
4,22925,3411,5
4325,4,5,27
3411,4325,27,24
5,3411,24,58
27,5,58,289
24,27,289,185
58,24,185,470
289,58,470,383
185,289,383,5
470,185,5,22
383,470,22,2318
5,383,2318,4
22,5,4,51
2318,22,51,93
4,2318,93,203
51,4,203,22
93,51,22,38247
203,93,38247,296
22,203,296,409
38247,22,409,45
296,38247,45,1177
409,296,1177,4
45,409,4,4310
1177,45,4310,4286
4,1177,4286,26
4310,4,26,2548
4286,4310,2548,44
26,4286,44,206
2548,26,206,16
44,2548,16,5999
206,44,5999,48
16,206,48,400
5999,16,400,25
48,5999,25,490
400,48,490,7
25,400,7,242
490,25,242,112
7,490,112,1376
242,7,1376,110
112,242,110,3
1376,112,3,17
110,1376,17,235
3,110,235,63
17,3,63,54
235,17,54,130
63,235,130,300
54,63,300,7
130,54,7,1981
300,130,1981,57712
7,300,57712,31588
1981,7,31588,8168
57712,1981,8168,18
31588,57712,18,2
8168,31588,2,131
18,8168,131,1191
2,18,1191,237
131,2,237,805
1191,131,805,5
237,1191,5,43
805,237,43,4
5,805,4,30
43,5,30,18
4,43,18,103
30,4,103,94
18,30,94,4
103,18,4,30
94,103,30,18
4,94,18,103
30,4,103,94
18,30,94,907
103,18,907,8
94,103,8,116
907,94,116,62
8,907,62,3
116,8,3,192
62,116,192,23
3,62,23,15462
192,3,15462,4
23,192,4,10
15462,23,10,110
4,15462,110,3
10,4,3,17
110,10,17,2
3,110,2,1191
17,3,1191,237
2,17,237,9
1191,2,9,161
237,1191,161,210
9,237,210,4
161,9,4,26
210,161,26,415
4,210,415,110
26,4,110,3
415,26,3,155
110,415,155,23
3,110,23,10
155,3,10,31588
23,155,31588,105001
10,23,105001,13
31588,10,13,2025
105001,31588,2025,6
13,105001,6,41
2025,13,41,185
6,2025,185,65
41,6,65,98
185,41,98,127
65,185,127,94
98,65,94,6
127,98,6,264
94,127,264,352
6,94,352,29
264,6,29,10
352,264,10,490
29,352,490,3
10,29,3,44
490,10,44,62
3,490,62,136
44,3,136,8
62,44,8,576
136,62,576,34
8,136,34,248
576,8,248,15
34,576,15,4
248,34,4,9840
15,248,9840,2282
4,15,2282,73
9840,4,73,8521
2282,9840,8521,7
73,2282,7,2489
8521,73,2489,3
7,8521,3,322
2489,7,322,76
3,2489,76,3990
322,3,3990,1073
76,322,1073,24
3990,76,24,49
1073,3990,49,125
24,1073,125,954
49,24,954,3
125,49,3,200
954,125,200,32
3,954,32,73311
200,3,73311,69
32,200,69,1950
73311,32,1950,44
69,73311,44,49
1950,69,49,504
44,1950,504,403
49,44,403,3
504,49,3,154
403,504,154,61
3,403,61,15
154,3,15,2
61,154,2,7201
15,61,7201,15323
2,15,15323,8
7201,2,8,34
15323,7201,34,3930
8,15323,3930,27
34,8,27,198
3930,34,198,22
27,3930,22,868
198,27,868,4
22,198,4,2502
868,22,2502,6
4,868,6,114
2502,4,114,81512
6,2502,81512,32
114,6,32,42
81512,114,42,5
32,81512,5,273
42,32,273,837
5,42,837,3
273,5,3,790
837,273,790,9
3,837,9,7
790,3,7,62
9,790,62,11
7,9,11,34
62,7,34,4099
11,62,4099,3
34,11,3,27
4099,34,27,167
3,4099,167,11
27,3,11,47
167,27,47,508
11,167,508,3
47,11,3,93
508,47,93,10768
3,508,10768,1049
93,3,1049,946
10768,93,946,25
1049,10768,25,1634
946,1049,1634,2
25,946,2,3506
1634,25,3506,3235
2,1634,3235,7575
3506,2,7575,34
3235,3506,34,17
7575,3235,17,23291
34,7575,23291,344
17,34,344,6
23291,17,6,20
344,23291,20,185
6,344,185,9
20,6,9,406
10,84,1076,270
7,10,270,2308
1076,7,2308,3
270,1076,3,43
2308,270,43,8
3,2308,8,2068
43,3,2068,676
8,43,676,16
2068,8,16,6543
676,2068,6543,259
16,676,259,84
6543,16,84,10
259,6543,10,7
84,259,7,1076
10,84,1076,270
7,10,270,2308
1076,7,2308,3
270,1076,3,43
2308,270,43,8
3,2308,8,2068
43,3,2068,676
8,43,676,16
2068,8,16,6543
676,2068,6543,939
16,676,939,99
6543,16,99,12
939,6543,12,12234
69,32,601,2895
6,69,2895,75
601,6,75,200
2895,601,200,1532
75,2895,1532,12
200,75,12,96
1532,200,96,1042
12,1532,1042,8
96,12,8,40
1042,96,40,9451
8,1042,9451,81
40,8,81,1547
9451,40,1547,109
81,9451,109,1011
1547,81,1011,259
109,1547,259,272
1011,109,272,1826
259,1011,1826,3
272,259,3,17
1826,272,17,12
3,1826,12,5
17,3,5,159
12,17,159,63
5,12,63,200
159,5,200,32
63,159,32,134
200,63,134,2975
32,200,2975,39
134,32,39,442
2975,134,442,11
39,2975,11,14
442,39,14,22
11,442,22,810
14,11,810,3
22,14,3,664
810,22,664,61
3,810,61,4
664,3,4,17
61,664,17,272
4,61,272,362
17,4,362,3
272,17,3,1235
362,272,1235,89
3,362,89,7
1235,3,7,18
89,1235,18,445
7,89,445,697
18,7,697,89
445,18,89,3
697,445,3,664
89,697,664,61
3,89,61,82
664,3,82,9
61,664,9,66
82,61,66,82
9,82,82,33
66,9,33,116
82,66,116,7
33,82,7,18
116,33,18,245
7,116,245,47
18,7,47,424
245,18,424,3
47,245,3,678
424,47,678,20
3,424,20,56
678,3,56,82
20,678,82,130
56,20,130,668
82,56,668,290
130,82,290,33
668,130,33,116
290,668,116,10
33,290,10,7
116,33,7,60
10,116,60,9
7,10,9,89
60,7,89,3
9,60,3,664
89,9,664,61
3,89,61,3
664,3,3,5221
61,664,5221,28
3,61,28,10456
5221,3,10456,1226
28,5221,1226,31
10456,28,31,3248
1226,10456,3248,24
31,1226,24,22
3248,31,22,2032
24,3248,2032,308
22,24,308,3
2032,22,3,1609
308,2032,1609,2756
3,308,2756,9
1609,3,9,442
2756,1609,442,667
9,2756,667,127
442,9,127,185
667,442,185,175
127,667,175,202
185,127,202,287
175,185,287,138
202,175,138,27
287,202,27,4
138,287,4,162
27,138,162,78
4,27,78,32
162,4,32,2032
78,162,2032,272
32,78,272,7
2032,32,7,21
272,2032,21,7675
7,272,7675,135
21,7,135,287
7675,21,287,1043
135,7675,1043,11
287,135,11,28
1043,287,28,11
11,1043,11,7
28,11,7,2925
11,28,2925,9817
7,11,9817,8
2925,7,8,159
9817,2925,159,63
8,9817,63,3684
159,8,3684,3
63,159,3,2
3684,63,2,17422
3,3684,17422,930
2,3,930,4
17422,2,4,243
930,17422,243,323
4,930,323,3
243,4,3,798
323,243,798,82
3,323,82,370
798,3,370,4
82,798,4,9
370,82,9,48
4,370,48,10
9,4,10,7
48,9,7,61
10,48,61,3
7,10,3,89
61,7,89,84
3,61,84,11
89,3,11,28
84,89,28,7
11,84,7,380
28,11,380,1956
7,28,1956,31
380,7,31,7
1956,380,7,353
31,1956,353,329
7,31,329,89
353,7,89,664
329,353,664,61
89,329,61,4
664,89,4,988
61,664,988,180
4,61,180,101
988,4,101,36
180,988,36,988
101,180,988,180
36,101,180,732
988,36,732,11
180,988,11,28
732,180,28,1226
11,732,1226,100
28,11,100,1010
1226,28,1010,23808
100,1226,23808,4374
1010,100,4374,1226
23808,1010,1226,7
4374,23808,7,1299
1226,4374,1299,6
7,1226,6,152
1299,7,152,641
6,1299,641,3341
152,6,3341,62
641,152,62,2
3341,641,2,2
62,3341,2,10369
2,62,10369,6
2,2,6,334
10369,2,334,1342
6,10369,1342,20766
334,6,20766,1118
1342,334,1118,49
20766,1342,49,122
1118,20766,122,56
49,1118,56,12
122,49,12,2
56,122,2,29459
12,56,29459,103
2,12,103,716
29459,2,716,349
103,29459,349,4
716,103,4,336
349,716,336,363
4,349,363,5633
336,4,5633,3508
363,336,3508,184
5633,363,184,3
3508,5633,3,95
184,3508,95,641
3,184,641,75
95,3,75,1226
641,95,1226,14
75,641,14,1284
1226,75,1284,22
14,1226,22,1010
1284,14,1010,1992
22,1284,1992,134
1010,22,134,498
1992,1010,498,37
134,1992,37,22
498,134,22,12
37,498,12,4
22,37,4,782
12,22,782,32
4,12,32,14
782,4,14,3758
32,782,3758,11
14,32,11,28
3758,14,28,6
11,3758,6,407
28,11,407,2032
6,28,2032,35
407,6,35,6143
2032,407,6143,40
35,2032,40,513
6143,35,513,49
40,6143,49,977
513,40,977,144
49,513,144,207
977,49,207,205
144,977,205,15
207,144,15,80
205,207,80,200
15,205,200,1995
80,15,1995,1593
200,80,1593,301
1995,200,301,75
1593,1995,75,11
301,1593,11,510
75,301,510,32
11,75,32,14
510,11,14,438
32,510,438,9
14,32,9,63
438,14,63,184
9,438,184,3
63,9,3,49
184,63,49,152
3,184,152,641
49,3,641,1226
152,49,1226,28
641,152,28,11
1226,641,11,13
28,1226,13,2
11,28,2,201
13,11,201,919
2,13,919,9
201,2,9,478
919,201,478,463
9,919,463,1394
478,9,1394,1243
1547,1271,10126,3150
109,1547,3150,31210
10126,109,31210,8180
3150,10126,8180,4995
31210,3150,4995,640
8180,31210,640,379
4995,8180,379,2424
640,4995,2424,3
379,640,3,314
2424,379,314,432
3,2424,432,778
314,3,778,1393
432,314,1393,656
778,432,656,1150
1393,778,1150,5805
656,1393,5805,1021
1150,656,1021,16
5805,1150,16,2704
1021,5805,2704,3
16,1021,3,549
2704,16,549,2
3,2704,2,1629
549,3,1629,18
2,549,18,1326
1629,2,1326,61
18,1629,61,176
1326,18,176,2684
61,1326,2684,5
176,61,5,676
2684,176,676,13
5,2684,13,1454
676,5,1454,577
13,676,577,557
1454,13,557,169
577,1454,169,6
557,577,6,72
169,557,72,42
6,169,42,205
72,6,205,30
42,72,30,18
205,42,18,1071
30,205,1071,30
18,30,30,77
1071,18,77,155
30,1071,155,83
77,30,83,53
155,77,53,23
83,155,23,98
53,83,98,60
23,53,60,4
98,23,4,30
60,98,30,16
4,60,16,424
30,4,424,622
16,30,622,30
424,16,30,55
622,424,55,3
30,622,3,21
55,30,21,18
3,55,18,3
21,3,3,25
18,21,25,98444
3,18,98444,826
25,3,826,2498
98444,25,2498,457
826,98444,457,29598
2498,826,29598,134
457,2498,134,523
29598,457,523,12
134,29598,12,442
523,134,442,1021
12,523,1021,18
442,12,18,47
1021,442,47,5978
18,1021,5978,432
47,18,432,778
5978,47,778,508
432,5978,508,2
778,432,2,15741
508,778,15741,7364
2,508,7364,54
15741,2,54,2994
7364,15741,2994,3
54,7364,3,1393
2994,54,1393,656
3,2994,656,1150
1393,3,1150,4618
656,1393,4618,17590
1150,656,17590,694
4618,1150,694,2398
17590,4618,2398,1120
694,17590,1120,170
2398,694,170,1180
1120,2398,1180,161
170,1120,161,733
1180,170,733,4
161,1180,4,141
733,161,141,772
4,733,772,18
141,4,18,47
772,141,47,1379
18,772,1379,1168
47,18,1168,5
1379,47,5,1021
1168,1379,1021,3
5,1168,3,549
1021,5,549,418
3,1021,418,4
549,3,4,317
418,549,317,3
4,418,3,166
317,4,166,778
3,317,778,3327
166,3,3327,608
778,166,608,540
3327,778,540,59
608,3327,59,4203
540,608,4203,303
59,540,303,61
4203,59,61,2
303,4203,2,39
61,303,39,1085
2,61,1085,5
39,2,5,23
1085,39,23,275
5,1085,275,638
23,5,638,4
275,23,4,26284
638,275,26284,26
4,638,26,18
26284,4,18,68
26,26284,68,2937
18,26,2937,35
68,18,35,3848
2937,68,3848,1528
35,2937,1528,586
3848,35,586,995
1528,3848,995,6
586,1528,6,1082
995,586,1082,5
6,995,5,943
1082,6,943,1150
5,1082,1150,54
943,5,54,34
1150,943,34,3854
54,1150,3854,378
34,54,378,35
3854,34,35,72
378,3854,72,154
35,378,154,198
72,35,198,432
154,72,432,1767
198,154,1767,155
432,198,155,142
1767,432,142,3
155,1767,3,273
142,155,273,1085
3,142,1085,4
273,3,4,329
1085,273,329,358
4,1085,358,4
329,4,4,666
358,329,666,678
4,358,678,56
666,4,56,1154
678,666,1154,9
56,678,9,20
1154,56,20,38
9,1154,38,519
20,9,519,14
38,20,14,1428
519,38,1428,21
14,519,21,30
1428,14,30,16
21,1428,16,867
30,21,867,164
16,30,164,29598
867,16,29598,28
164,867,28,1197
29598,164,1197,8
28,29598,8,23
1197,28,23,76
8,1197,76,173
23,8,173,328
76,23,328,5
173,76,5,141
328,173,141,13
5,328,13,3
141,5,3,17
13,141,17,3101
3,13,3101,694
17,3,694,2398
3101,17,2398,1120
694,3101,1120,68
2398,694,68,28
1120,2398,28,6
68,1120,6,2
28,68,2,304
6,28,304,8
2,6,8,48
304,2,48,31578
8,304,31578,34
48,8,34,17
31578,48,17,3215
34,31578,3215,3
17,34,3,15947
3215,17,15947,2145
3,3215,2145,5
15947,3,5,141
2145,15947,141,4
5,2145,4,1300
141,5,1300,24
4,141,24,778
1300,4,778,41
24,1300,41,65
778,24,65,45
41,778,45,50
65,41,50,1480
45,65,1480,74
50,45,74,1180
1480,50,1180,29
74,1480,29,519
1180,74,519,13
29,1180,13,64
519,29,64,660
13,519,660,12
64,13,12,676
660,64,676,4203
12,660,4203,18
676,12,18,900
4203,676,900,3
18,4203,3,10421
900,18,10421,778
3,900,778,36
10421,3,36,549
778,10421,549,35
36,778,35,3848
549,36,3848,1634
35,549,1634,3001
3848,35,3001,4
1634,3848,4,556
3001,1634,556,1440
4,3001,1440,24
556,4,24,501
1440,556,501,1295
24,1440,1295,1168
501,24,1168,5
1295,501,5,1021
1168,1295,1021,3116
5,1168,3116,2
1021,5,2,399
3116,1021,399,8565
2,3116,8565,3101
399,2,3101,15
8565,399,15,2078
3101,8565,2078,4
15,3101,4,5695
2078,15,5695,27339
4,2078,27339,64
5695,4,64,5234
27339,5695,5234,64
64,27339,64,4319
5234,64,4319,676
64,5234,676,3424
4319,64,3424,29928
676,4319,29928,23901
3424,676,23901,5
29928,3424,5,3027
23901,29928,3027,1454
5,23901,1454,7395
