86,744,128,568
12,86,568,275
128,12,275,1632
568,128,1632,1088
275,568,1088,4
1632,275,4,613
1088,1632,613,12
4,1088,12,169
613,4,169,5
12,613,5,670
169,12,670,7727
5,169,7727,79
670,5,79,32
7727,670,32,479
79,7727,479,2786
32,79,2786,251
479,32,251,20
2786,479,20,997
251,2786,997,89270
20,251,89270,15
997,20,15,90
89270,997,90,5
15,89270,5,32
90,15,32,100
5,90,100,1474
32,5,1474,903
100,32,903,83
1474,100,83,1456
903,1474,1456,420
83,903,420,21555
1456,83,21555,1201
420,1456,1201,9
21555,420,9,1436
1201,21555,1436,59
9,1201,59,32
1436,9,32,716
59,1436,716,269
32,59,269,5
716,32,5,35
269,716,35,479
5,269,479,1355
35,5,1355,4
479,35,4,588
1355,479,588,15
4,1355,15,119
588,4,119,111
15,588,111,3
119,15,3,2710
111,119,2710,48
3,111,48,5
2710,3,5,10
48,2710,10,2635
5,48,2635,10
10,5,10,7
2635,10,7,663
10,2635,663,168
7,10,168,25
663,7,25,11256
168,663,11256,1574
25,168,1574,30726
11256,25,30726,436
1574,11256,436,3416
30726,1574,3416,1941
436,30726,1941,4130
3416,436,4130,4
1941,3416,4,238
4130,1941,238,92
4,4130,92,799
238,4,799,3
92,238,3,484
799,92,484,61
3,799,61,51
484,3,51,479
61,484,479,7689
51,61,7689,38
479,51,38,88
7689,479,88,1566
38,7689,1566,2034
88,38,2034,14
1566,88,14,3211
2034,1566,3211,1515
14,2034,1515,1037
3211,14,1037,2471
1515,3211,2471,129
1037,1515,129,36
2471,1037,36,25
129,2471,25,5
36,129,5,294
25,36,294,12
5,25,12,1236
294,5,1236,8
12,294,8,7
1236,12,7,17149
8,1236,17149,9
7,8,9,1273
17149,7,1273,4656
9,17149,4656,156
1273,9,156,2
4656,1273,2,1967
156,4656,1967,4
2,156,4,1541
1967,2,1541,7
4,1967,7,831
1541,4,831,3
7,1541,3,65055
831,7,65055,3
3,831,3,5436
65055,3,5436,44
3,65055,44,3639
5436,3,3639,11256
44,5436,11256,561
3639,44,561,1100
11256,3639,1100,2
561,11256,2,11
1100,561,11,1963
2,1100,1963,56
11,2,56,1037
1963,11,1037,2471
56,1963,2471,9
1037,56,9,180
2471,1037,180,12
9,2471,12,2
180,9,2,105974
12,180,105974,30
2,12,30,596
105974,2,596,7
30,105974,7,40
596,30,40,3304
7,596,3304,22
40,7,22,128
3304,40,128,320
22,3304,320,2
128,22,2,4512
320,128,4512,12
2,320,12,3389
4512,2,3389,9107
12,4512,9107,5
3389,12,5,2471
9107,3389,2471,663
5,9107,663,1037
2471,5,1037,2471
663,2471,2471,11
1037,663,11,920
2471,1037,920,5742
11,2471,5742,5
920,11,5,2
5742,920,2,182
5,5742,182,5
2,5,5,8334
182,2,8334,36
5,182,36,62388
8334,5,62388,294
36,8334,294,1781
62388,36,1781,6
294,62388,6,238
1781,294,238,1200
6,1781,1200,4
238,6,4,25
1200,238,25,12
4,1200,12,29
25,4,29,2
12,25,2,668
29,12,668,2921
2,29,2921,5
668,2,5,10
2921,668,10,7
5,2921,7,131
10,5,131,3179
7,10,3179,52
131,7,52,33
3179,131,33,55
52,3179,55,346
33,52,346,10
55,33,10,3639
346,55,3639,5276
10,346,5276,6
3639,10,6,1340
5276,3639,1340,201
6,5276,201,1781
1340,6,1781,54
201,1340,54,11
1781,201,11,115
54,1781,115,19
11,54,19,1544
115,11,1544,3213
19,115,3213,4358
1544,19,4358,8
3213,1544,8,8492
4358,3213,8492,168
8,4358,168,1037
8492,8,1037,2471
168,8492,2471,170
1037,168,170,20
2471,1037,20,633
170,2471,633,1973
20,170,1973,14232
633,20,14232,191
1973,633,191,3639
14232,1973,3639,1498
191,14232,1498,2
3639,191,2,224
1498,3639,224,3
2,1498,3,91
224,2,91,427
3,224,427,5
91,3,5,2
427,91,2,529
5,427,529,846
2,5,846,3178
529,2,3178,171
846,529,171,85600
3178,846,85600,509
171,3178,509,30
85600,171,30,380
509,85600,380,295
30,509,295,591
380,30,591,5
295,380,5,2461
591,295,2461,7
5,591,7,501
2461,5,501,23
7,2461,23,462
501,7,462,601
23,501,601,2543
462,23,2543,11
601,462,11,44
2543,601,44,20
11,2543,20,315
44,11,315,9598
20,44,9598,2
315,20,2,4505
9598,315,4505,5
2,9598,5,14057
4505,2,14057,479
5,4505,479,812
14057,5,812,31
479,14057,31,477
812,479,477,3
31,812,3,18
477,31,18,5673
3,477,5673,5625
18,3,5625,24
5673,18,24,38
5625,5673,38,919
24,5625,919,15
38,24,15,32
919,38,32,211
15,919,211,3334
32,15,3334,3211
211,32,3211,526
3334,211,526,1461
3211,3334,1461,19
526,3211,19,39
1461,526,39,249
19,1461,249,60
39,19,60,31
249,39,31,822
60,249,822,61
31,60,61,12
822,31,12,4
61,822,4,102712
12,61,102712,2621
4,12,2621,92
102712,4,92,1087
2621,102712,1087,104
92,2621,104,1531
1087,92,1531,3958
104,1087,3958,2
1531,104,2,2087
3958,1531,2087,5
2,3958,5,34595
2087,2,34595,432
5,2087,432,246
34595,5,246,4
432,34595,4,92
246,432,92,188
4,246,188,8
92,4,8,6826
188,92,6826,80
8,188,80,90
6826,8,90,35478
80,6826,35478,1481
90,80,1481,434
35478,90,434,2
1481,35478,2,6562
434,1481,6562,21
2,434,21,72
6562,2,72,87
21,6562,87,5
72,21,5,104
87,72,104,1856
5,87,1856,29
104,5,29,87
1856,104,87,5
29,1856,5,62
87,29,62,26
5,87,26,1452
62,5,1452,11256
26,62,11256,7
1452,26,7,303
11256,1452,303,61
7,11256,61,41
303,7,41,73
61,303,73,2
41,61,2,2464
73,41,2464,2077
2,73,2077,6974
2464,2,6974,65
2077,2464,65,2
6974,2077,2,113
65,6974,113,2148
2,65,2148,3362
113,2,3362,634
2148,113,634,168
3362,2148,168,54
634,3362,54,48
168,634,48,10
54,168,10,654
48,54,654,2770
10,48,2770,4
654,10,4,7
2770,654,7,12113
4,2770,12113,2994
7,4,2994,3
12113,7,3,2
2994,12113,2,33442
3,2994,33442,534
2,3,534,9217
33442,2,9217,320
534,33442,320,32169
9217,534,32169,1040
320,9217,1040,2
32169,320,2,3316
1040,32169,3316,67056
2,1040,67056,31
3316,2,31,8488
67056,3316,8488,563
31,67056,563,776
8488,31,776,5
563,8488,5,81
776,563,81,39
5,776,39,249
81,5,249,60
39,81,60,10175
249,39,10175,211
60,249,211,27
10175,60,27,60
211,10175,60,3
27,211,3,93
60,27,93,1191
3,60,1191,1040
93,3,1040,262
1191,93,262,7
1040,1191,7,3
262,1040,3,4365
7,262,4365,5456
3,7,5456,12309
4365,3,12309,654
5456,4365,654,79
12309,5456,79,13429
654,12309,13429,104303
79,654,104303,105
13429,79,105,4801
104303,13429,4801,8
105,104303,8,55
4801,105,55,17
8,4801,17,5144
55,8,5144,12
17,55,12,2
5144,17,2,303
12,5144,303,1637
2,12,1637,73
303,2,73,1308
1637,303,1308,11545
73,1637,11545,30
1308,73,30,179
11545,1308,179,131
30,11545,131,241
179,30,241,4
131,179,4,490
241,131,490,3
4,241,3,858
490,4,858,2
3,490,2,1530
858,3,1530,100140
2,858,100140,10
1530,2,10,56
100140,1530,56,205
10,100140,205,6
56,10,6,1108
205,56,1108,11
6,205,11,44
1108,6,44,7
11,1108,7,273
44,11,273,12
7,44,12,20
273,7,20,30
12,273,30,219
20,12,219,21
30,20,21,110
219,30,110,166
21,219,166,375
110,21,375,30
166,110,30,18
375,166,18,271
30,375,271,25
18,30,25,18900
271,18,18900,8
25,271,8,98
18900,25,98,1301
8,18900,1301,23
98,8,23,2
1301,98,2,718
23,1301,718,2563
2,23,2563,40
718,2,40,17
2563,718,17,4
40,2563,4,4872
17,40,4872,3
4,17,3,862
4872,4,862,10
3,4872,10,61
862,3,61,4
10,862,4,276
61,10,276,2
4,61,2,3466
276,4,3466,6169
2,276,6169,3
3466,2,3,20
6169,3466,20,117
3,6169,117,1040
20,3,1040,5324
117,20,5324,22
1040,117,22,1580
5324,1040,1580,15
22,5324,15,2850
1580,22,2850,25
15,1580,25,1632
2850,15,1632,231
25,2850,231,266
1632,25,266,8
231,1632,8,26
266,231,26,219
8,266,219,508
26,8,508,19
219,26,19,38
508,219,38,26853
19,508,26853,44250
38,19,44250,46
26853,38,46,445
44250,26853,445,17
46,44250,17,1414
445,46,1414,39
17,445,39,11
1414,17,11,44
39,1414,44,190
11,39,190,2850
44,11,2850,7
190,44,7,4057
2850,190,4057,1297
7,2850,1297,3055
4057,7,3055,99570
1297,4057,99570,523
3055,1297,523,6552
99570,3055,6552,9
523,99570,9,3558
6552,523,3558,34
9,6552,34,24628
3558,9,24628,1205
34,3558,1205,1774
24628,34,1774,24414
1205,24628,24414,654
1774,1205,654,87
24414,1774,87,88
654,24414,88,5
87,654,5,51
88,87,51,26
5,88,26,219
51,5,219,11690
26,51,11690,15
219,26,15,7
11690,219,7,7178
15,11690,7178,1265
7,15,1265,288
7178,7,288,5
1265,7178,5,10642
288,1265,10642,25
5,288,25,144
10642,5,144,273
25,10642,273,2612
144,25,2612,1716
273,144,1716,808
2612,273,808,44
1716,2612,44,2786
808,1716,2786,33
44,808,33,40
2786,44,40,93
33,2786,93,2
40,33,2,3786
93,40,3786,2
2,93,2,1543
3786,2,1543,986
2,3786,986,270
1543,2,270,87
986,1543,87,1601
270,986,1601,55
87,270,55,2301
1601,87,2301,3
55,1601,3,329
2301,55,329,2
3,2301,2,523
329,3,523,1016
2,329,1016,80
523,2,80,205
1016,523,205,12
80,1016,12,2
205,80,2,460
12,205,460,30
2,12,30,55
460,2,55,30
30,460,30,219
55,30,219,400
30,55,400,2
219,30,2,2
400,219,2,144
2,400,144,66422
2,2,66422,337
144,2,337,11256
66422,144,11256,115
337,66422,115,20
11256,337,20,7
115,11256,7,87
20,115,87,10
7,20,10,696
87,7,696,3
10,87,3,62
696,10,62,222
3,696,222,55
62,3,55,3084
222,62,3084,882
55,222,882,152
3084,55,152,1040
882,3084,1040,13
152,882,13,20068
1040,152,20068,20
13,1040,20,196
20068,13,196,79
20,20068,79,2
196,20,2,2850
79,196,2850,2936
2,79,2936,274
2850,2,274,4354
2936,2850,4354,101
274,2936,101,10
4354,274,10,242
101,4354,242,8
10,101,8,26682
242,10,26682,2
8,242,2,460
26682,8,460,1939
2,26682,1939,725
460,2,725,1128
1939,460,1128,5
725,1939,5,39
1128,725,39,249
5,1128,249,60
39,5,60,274
249,39,274,7
60,249,7,13156
274,60,13156,41
7,274,41,4043
13156,7,4043,65
41,13156,65,3596
4043,41,3596,10
65,4043,10,12
3596,65,12,17917
10,3596,17917,30
12,10,30,25
17917,12,25,234
30,17917,234,23
25,30,23,882
234,25,882,152
23,234,152,2
882,23,2,2006
152,882,2006,87
2,152,87,30
2006,2,30,25
87,2006,25,14
30,87,14,67
25,30,67,179
14,25,179,3
67,14,3,17
179,67,17,4642
3,179,4642,6
17,3,6,222
4642,17,222,8987
6,4642,8987,44
222,6,44,1040
8987,222,1040,30
44,8987,30,244
1040,44,244,4
30,1040,4,210
244,30,210,19
4,244,19,152
210,4,152,207
19,210,207,60
152,19,60,30
207,152,30,219
60,207,219,3421
30,60,3421,2
219,30,2,563
3421,219,563,7
2,3421,7,858
563,2,858,2
7,563,2,838
858,7,838,1963
2,858,1963,8
838,2,8,2270
1963,838,2270,972
8,1963,972,83
2270,8,83,19
972,2270,19,4425
83,972,4425,207
19,83,207,1676
4425,19,1676,30
207,4425,30,219
1676,207,219,110
30,1676,110,3
219,30,3,236
110,219,236,207
3,110,207,3454
236,3,3454,2088
207,236,2088,110
3454,207,110,3
2088,3454,3,3304
110,2088,3304,76
3,110,76,5
3304,3,5,10
76,3304,10,7
5,76,7,2
10,5,2,2010
7,10,2010,590
2,7,590,29
2010,2,29,10
590,2010,10,1722
29,590,1722,93
10,29,93,86316
1722,10,86316,8
93,1722,8,179
86316,93,179,13
8,86316,13,17438
179,8,17438,882
13,179,882,46
17438,13,46,370
882,17438,370,10
46,882,10,277
370,46,277,2
10,370,2,350
277,10,350,616
2,277,616,6
350,2,6,562
616,350,562,4943
6,616,4943,2116
562,6,2116,46
4943,562,46,140
2116,4943,140,154
46,2116,154,4354
140,46,4354,5630
154,140,5630,4
4354,154,4,6146
5630,4354,6146,1362
4,5630,1362,4
6146,4,4,247
1362,6146,247,13742
4,1362,13742,9
247,4,9,2
13742,247,2,16129
9,13742,16129,2975
2,9,2975,39
16129,2,39,1530
2975,16129,1530,15
39,2975,15,32
1530,39,32,1481
15,1530,1481,30
32,15,30,208
1481,32,208,245
30,1481,245,1558
208,30,1558,2
245,208,2,460
1558,245,460,44
2,1558,44,2786
460,2,2786,29
44,460,29,33
2786,44,33,155
29,2786,155,4
33,29,4,30
155,33,30,380
4,155,380,295
30,4,295,148
380,30,148,30
295,380,30,219
148,295,219,5702
30,148,5702,3
219,30,3,1663
5702,219,1663,765
3,5702,765,1781
1663,3,1781,30
765,1663,30,219
1781,765,219,23481
30,1781,23481,30
219,30,30,1711
23481,219,1711,1781
30,23481,1781,24
1711,30,24,274
1781,1711,274,10
24,1781,10,2
274,24,2,3833
10,274,3833,2738
2,10,2738,1002
3833,2,1002,3001
2738,3833,3001,1663
1002,2738,1663,73906
3001,1002,73906,295
1663,3001,295,591
73906,1663,591,5
295,73906,5,2461
591,295,2461,7
5,591,7,501
2461,5,501,23
7,2461,23,462
501,7,462,601
23,501,601,53627
462,23,53627,1308
601,462,1308,78
53627,601,78,32
1308,53627,32,784
78,1308,784,3
32,78,3,1362
784,32,1362,2
3,784,2,2476
1362,3,2476,1158
2,1362,1158,597
2476,2,597,761
1158,2476,761,11
597,1158,11,47
761,597,47,4811
11,761,4811,83
47,11,83,19
4811,47,19,32
83,4811,32,479
19,83,479,33849
32,19,33849,4
479,32,4,1856
33849,479,1856,8
4,33849,8,11
1856,4,11,1296
8,1856,1296,2
11,8,2,432
1296,11,432,125
2,1296,125,783
432,2,783,2
125,432,2,269
783,125,269,5
2,783,5,35
269,2,35,4
5,269,4,1748
35,5,1748,136
4,35,136,5
1748,4,5,49
136,1748,49,6323
5,136,6323,644
49,5,644,954
6323,49,954,18
644,6323,18,8280
954,644,8280,6
18,954,6,1206
8280,18,1206,125
6,8280,125,2019
1206,6,2019,998
125,1206,998,8
2019,125,8,200
998,2019,200,32
8,998,32,168
200,8,168,479
32,200,479,1023
168,32,1023,35
479,168,35,216
1023,479,216,2421
35,1023,2421,3
216,35,3,1205
2421,216,1205,876
3,2421,876,1429
1205,3,1429,6
876,1205,6,156
1429,876,156,12779
6,1429,12779,426
156,6,426,2
12779,156,2,464
426,12779,464,1926
2,426,1926,4
464,2,4,15798
1926,464,15798,2
4,1926,2,199
15798,4,199,183
2,15798,183,44
199,2,44,277
183,199,277,8
44,183,8,357
277,44,357,114
8,277,114,693
357,8,693,88
114,357,88,15
693,114,15,22
88,693,22,872
15,88,872,7
22,15,7,3349
872,22,3349,12
7,872,12,1547
3349,7,1547,78
12,3349,78,32
1547,12,32,34
78,1547,34,5995
32,78,5995,12
34,32,12,104
5995,34,104,323
12,5995,323,126
104,12,126,1595
323,104,1595,369
126,323,369,12
1595,126,12,1707
369,1595,1707,49
12,369,49,1474
1707,12,1474,16
49,1707,16,110
1474,49,110,49525
16,1474,49525,162
110,16,162,156
49525,110,156,2
162,49525,2,29651
156,162,29651,3032
2,156,3032,8
29651,2,8,2786
3032,29651,2786,4
8,3032,4,22
2786,8,22,7187
4,2786,7187,18
22,4,18,47
7187,22,47,41
18,7187,41,1566
47,18,1566,65
41,47,65,222
1566,41,222,31
65,1566,31,1943
222,65,1943,200
31,222,200,32
1943,31,32,66
200,1943,66,404
32,200,404,26
66,32,26,380
404,66,380,11121
26,404,11121,79
380,26,79,2
11121,380,2,875
79,11121,875,3108
2,79,3108,11
875,2,11,44
3108,875,44,53
11,3108,53,41
44,11,41,12
53,44,12,107
41,53,107,30
12,41,30,380
107,12,380,295
30,107,295,103
380,30,103,41
295,380,41,1564
103,295,1564,5
41,103,5,1781
1564,41,1781,12
5,1564,12,32
1781,5,32,1278
12,1781,1278,44
32,12,44,2786
1278,32,2786,211
44,1278,211,2
2786,44,2,744
211,2786,744,12
2,211,12,62
744,2,62,812
12,744,812,3277
62,12,3277,6
812,62,6,32
3277,812,32,1481
6,3277,1481,1834
32,6,1834,90
1481,32,90,5
1834,1481,5,1291
90,1834,1291,521
5,90,521,514
1291,5,514,2313
521,1291,2313,33
514,521,33,234
2313,514,234,23
33,2313,23,51
234,33,51,26
23,234,26,380
51,23,380,42
26,51,42,6
380,26,6,7559
42,380,7559,3733
6,42,3733,3668
7559,6,3668,234
3733,7559,234,23
3668,3733,23,1060
234,3668,1060,10030
23,234,10030,20986
1060,23,20986,399
10030,1060,399,4602
20986,10030,4602,46
399,20986,46,52
4602,399,52,33
46,4602,33,123
52,46,123,476
33,52,476,8
123,33,8,274
476,123,274,11030
8,476,11030,3
274,8,3,17
11030,274,17,2
3,11030,2,10506
17,3,10506,734
2,17,734,32
10506,2,32,18
734,10506,18,1879
32,734,1879,1596
18,32,1596,81
1879,18,81,9
1596,1879,9,4955
81,1596,4955,26
9,81,26,380
4955,9,380,7168
26,4955,7168,586
380,26,586,122
7168,380,122,1568
586,7168,1568,61
122,586,61,1375
1568,122,1375,1162
61,1568,1162,5
1375,61,5,1764
1162,1375,1764,6
5,1162,6,106929
1764,5,106929,20
6,1764,20,7
106929,6,7,2431
20,106929,2431,11090
7,20,11090,39
2431,7,39,9
11090,2431,9,32
39,11090,32,29651
9,39,29651,653
32,9,653,8
29651,32,8,120
653,29651,120,32
8,653,32,16
120,8,16,1229
32,120,1229,38
16,32,38,895
1229,16,895,10290
38,1229,10290,247
895,38,247,3891
10290,895,3891,19
247,10290,19,1177
3891,247,1177,9871
19,3891,9871,4
1177,19,4,2074
9871,1177,2074,38
4,9871,38,83
2074,4,83,434
38,2074,434,1062
83,38,1062,547
434,83,547,6950
1062,434,6950,13274
547,1062,13274,2077
6950,547,2077,59
13274,6950,59,27864
2077,13274,27864,40
59,2077,40,1400
27864,59,1400,6
40,27864,6,4
1400,40,4,582
6,1400,582,2662
4,6,2662,40
582,4,40,17
2662,582,17,53
40,2662,53,4
17,40,4,11
53,17,11,100
4,53,100,72
11,4,72,483
100,11,483,1444
