173,19,39,632
6,173,632,12
39,6,12,4787
632,39,4787,5
12,632,5,2
4787,12,2,421
5,4787,421,199
2,5,199,947
421,2,947,89
199,421,89,2
947,199,2,77605
89,947,77605,41127
2,89,41127,18
77605,2,18,241
41127,77605,241,761
18,41127,761,8
241,18,8,145
761,241,145,24
8,761,24,4133
145,8,4133,1384
24,145,1384,40
4133,24,40,584
1384,4133,584,123
40,1384,123,39
584,40,39,632
123,584,632,29
39,123,29,84
632,39,84,154
29,632,154,2
84,29,2,4977
154,84,4977,199
2,154,199,998
4977,2,998,145
199,4977,145,15
998,199,15,2
145,998,2,2039
15,145,2039,6
2,15,6,74103
2039,2,74103,10
6,2039,10,560
74103,6,560,8
10,74103,8,32
560,10,32,13
8,560,13,2
32,8,2,136
13,32,136,1708
2,13,1708,1255
136,2,1255,2
1708,136,2,949
1255,1708,949,317
2,1255,317,3
949,2,3,1708
317,949,1708,35
3,317,35,120
1708,3,120,145
35,1708,145,40
120,35,40,21
145,120,21,93
40,145,93,90
21,40,90,1290
93,21,1290,106
90,93,106,4
1290,90,4,49
106,1290,49,637
4,106,637,1791
49,4,1791,40
637,49,40,2289
1791,637,2289,248
40,1791,248,29
2289,40,29,52
248,2289,52,1892
29,248,1892,3667
52,29,3667,78
1892,52,78,32
3667,1892,32,801
78,3667,801,9
32,78,9,6
801,32,6,99
9,801,99,103
6,9,103,949
99,6,949,40
103,99,40,8
949,103,8,392
40,949,392,2
8,40,2,152
392,8,152,2793
2,392,2793,4
152,2,4,1638
2793,152,1638,2882
4,2793,2882,49
1638,4,49,19425
2882,1638,19425,197
49,2882,197,259
19425,49,259,1079
197,19425,1079,15769
259,197,15769,44
1079,259,44,8
15769,1079,8,40
44,15769,40,17
8,44,17,2
40,8,2,896
17,40,896,3933
2,17,3933,9
896,2,9,32
3933,896,32,1088
9,3933,1088,10
32,9,10,68
1088,32,68,2
10,1088,2,182
68,10,182,41
2,68,41,253
182,2,253,3
41,182,3,155
253,41,155,24
3,253,24,5820
155,3,5820,3
24,155,3,738
5820,24,738,65
3,5820,65,88
738,3,88,45
65,738,45,46
88,65,46,211
45,88,211,88
46,45,88,492
211,46,492,162
88,211,162,46
492,88,46,102556
162,492,102556,206
46,162,206,78
102556,46,78,13
206,102556,13,1593
78,206,1593,2154
13,78,2154,494
1593,13,494,2
2154,1593,2,2
494,2154,2,13896
2,494,13896,4
2,2,4,13
13896,2,13,16004
4,13896,16004,49
13,4,49,167
16004,13,167,6
49,16004,6,4
167,49,4,452
6,167,452,1510
4,6,1510,11
452,4,11,28
1510,452,28,53
11,1510,53,7
28,11,7,2
53,28,2,273
7,53,273,841
2,7,841,12
273,2,12,419
841,273,419,175
12,841,175,49
419,12,49,4
175,419,4,145
49,175,145,52
4,49,52,33
145,4,33,44
52,145,44,524
33,52,524,61
44,33,61,3
524,44,3,722
61,524,722,385
3,61,385,140
722,3,140,524
385,722,524,61
140,385,61,3
524,140,3,419
61,524,419,78615
3,61,78615,10
419,3,10,490
78615,419,490,3
10,78615,3,178
490,10,178,8
3,490,8,32
178,3,32,1122
8,178,1122,1864
32,8,1864,3
1122,32,3,5268
1864,1122,5268,2
3,1864,2,129
5268,3,129,935
2,5268,935,436
129,2,436,26581
935,129,26581,12
436,935,12,95
26581,436,95,3100
12,26581,3100,41
95,12,41,65
3100,95,65,169
41,3100,169,2
65,41,2,66
169,65,66,14
2,169,14,748
66,2,748,19
14,66,19,145
748,14,145,100
19,748,100,39912
145,19,39912,33982
100,145,33982,31
39912,100,31,13
33982,39912,13,3744
31,33982,3744,1996
13,31,1996,32
3744,13,32,2054
1996,3744,2054,13
32,1996,13,47
2054,32,47,1333
13,2054,1333,142
47,13,142,3200
1333,47,3200,49
142,1333,49,5
3200,142,5,438
49,3200,438,2
5,49,2,22685
438,5,22685,27630
2,438,27630,797
22685,2,797,1533
27630,22685,1533,8
797,27630,8,145
1533,797,145,14
8,1533,14,718
145,8,718,75
14,145,75,99
718,14,99,135
75,718,135,185
99,75,185,59
135,99,59,11
185,135,11,365
59,185,365,2
11,59,2,531
365,11,531,139
2,365,139,198
531,2,198,1485
139,531,1485,19
198,139,19,254
1485,198,254,11
19,1485,11,14
254,19,14,1650
11,254,1650,5
14,11,5,1107
1650,14,1107,37
5,1650,37,49
1107,5,49,4566
37,1107,4566,125
49,37,125,152
4566,49,152,18
125,4566,18,1049
152,125,1049,136
18,152,136,2154
1049,18,2154,89
136,1049,89,73
2154,136,73,4249
89,2154,4249,562
73,89,562,367
4249,73,367,73044
562,4249,73044,7
367,562,7,165
73044,367,165,2476
7,73044,2476,1954
165,7,1954,29
2476,165,29,9
1954,2476,9,99
29,1954,99,60
9,29,60,6
99,9,6,90
60,99,90,205
6,60,205,310
90,6,310,7
205,90,7,2800
310,205,2800,229
7,310,229,11
2800,7,11,230
229,2800,230,17
11,229,17,13035
230,11,13035,46
17,230,46,4
13035,17,4,480
46,13035,480,765
4,46,765,2511
480,4,2511,79
765,480,79,237
2511,765,237,7
79,2511,7,507
237,79,507,10
7,237,10,14
507,7,14,72
10,507,72,2
14,10,2,5409
72,14,5409,8
2,72,8,1140
5409,2,1140,927
8,5409,927,72
1140,8,72,28
927,1140,28,8
72,927,8,494
28,72,494,21
8,28,21,78
494,8,78,13
21,494,13,241
78,21,241,47
13,78,47,794
241,13,794,102
47,241,102,935
794,47,935,73267
102,794,73267,5079
935,102,5079,7
73267,935,7,2
5079,73267,2,421
7,5079,421,39
2,7,39,1459
421,2,1459,4
39,421,4,350
1459,39,350,5
4,1459,5,7476
350,4,7476,540
5,350,540,353
7476,5,353,4
540,7476,4,1171
353,540,1171,303
4,353,303,11
1171,4,11,7
303,1171,7,824
11,303,824,5
7,11,5,566
824,7,566,563
5,824,563,4
566,5,4,7
563,566,7,292
4,563,292,6
7,4,6,197
292,7,197,663
6,292,663,89
197,6,89,23
663,197,23,8629
89,663,8629,1394
23,89,1394,164
8629,23,164,9
1394,8629,9,41
164,1394,41,294
9,164,294,12
41,9,12,3697
294,41,3697,5079
300,2,5,2
883,300,2,17079
5,883,17079,3234
2,5,3234,2
17079,2,2,54
3234,17079,54,7
2,3234,7,1825
54,2,1825,4916
7,54,4916,3
1825,7,3,3794
4916,1825,3794,169
3,4916,169,14195
3794,3,14195,7274
169,3794,7274,14
14195,169,14,6141
7274,14195,6141,79
14,7274,79,12645
6141,14,12645,4
79,6141,4,67
12645,79,67,910
4,12645,910,544
67,4,544,20
910,67,20,153
544,910,153,640
20,544,640,118
153,20,118,8529
640,153,8529,552
118,640,552,367
8529,118,367,170
552,8529,170,11
367,552,11,11718
170,367,11718,1939
11,170,1939,2
11718,11,2,20805
1939,11718,20805,12
2,1939,12,67
20805,2,67,1014
12,20805,1014,3291
67,12,3291,14195
1014,67,14195,2365
3291,1014,2365,2
14195,3291,2,2273
2365,14195,2273,1151
2,2365,1151,54
2273,2,54,165
1151,2273,165,1894
54,1151,1894,89
165,54,89,3
1894,165,3,20
89,1894,20,44
3,89,44,19320
20,3,19320,2951
44,20,2951,3
19320,44,3,11502
2951,19320,11502,168
3,2951,168,4
11502,3,4,11665
168,11502,11665,14195
4,168,14195,134
11665,4,134,43
14195,11665,43,8
134,14195,8,53
43,134,53,14
8,43,14,41
53,8,41,3
14,53,3,22
41,14,22,20805
3,41,20805,37066
22,3,37066,65
20805,22,65,966
37066,20805,966,1070
65,37066,1070,10
966,65,10,4
1070,966,4,5150
10,1070,5150,15655
4,10,15655,1736
5150,4,1736,1380
15655,5150,1380,33
1736,15655,33,219
1380,1736,219,445
33,1380,445,4689
219,33,4689,6164
445,219,6164,5
4689,445,5,112
6164,4689,112,99
5,6164,99,6311
112,5,6311,7
99,112,7,552
6311,99,552,10
7,6311,10,7
552,7,7,165
10,552,165,396
7,10,396,362
165,7,362,5
396,165,5,10
362,396,10,29
5,362,29,10
10,5,10,7662
29,10,7662,130
10,29,130,290
7662,10,290,2055
130,7662,2055,156
290,130,156,14
2055,290,14,14195
156,2055,14195,16361
14,156,16361,15
14195,14,15,20805
16361,14195,20805,11
15,16361,11,182
20805,15,182,385
11,20805,385,6
182,11,6,1400
385,182,1400,4
6,385,4,80
1400,6,80,1593
4,1400,1593,5703
80,4,5703,22
1593,80,22,1746
5703,1593,1746,53
22,5703,53,14
1746,22,14,2
53,1746,2,60
14,53,60,33
2,14,33,77
60,2,77,172
33,60,172,180
77,33,180,24
172,77,24,25870
180,172,25870,12
24,180,12,2
25870,24,2,1751
12,25870,1751,33
2,12,33,320
1751,2,320,2
33,1751,2,1751
320,33,1751,6
2,320,6,130
1751,2,130,418
6,1751,418,4
130,6,4,7
418,130,7,380
4,418,380,34508
7,4,34508,2
380,7,2,3901
34508,380,3901,74
2,34508,74,10
3901,2,10,29
74,3901,29,370
10,74,370,7
29,10,7,365
370,29,365,3
7,370,3,21341
365,7,21341,412
3,365,412,765
21341,3,765,7342
412,21341,7342,7
765,412,7,80
7342,765,80,182
7,7342,182,1765
80,7,1765,15
182,80,15,130
1765,182,130,2151
15,1765,2151,6
130,15,6,1736
2151,130,1736,1840
6,2151,1840,130
1736,6,130,290
1840,1736,290,7
130,1840,7,118
290,130,118,2013
7,290,2013,19
118,7,19,20
2013,118,20,5150
19,2013,5150,106631
20,19,106631,14195
5150,20,14195,10235
106631,5150,10235,19
14195,106631,19,22
10235,14195,22,1705
19,10235,1705,14429
22,19,14429,22
1705,22,22,1705
14429,1705,1705,7152
22,14429,7152,4516
1705,22,4516,20805
7152,1705,20805,29
4516,7152,29,14195
20805,4516,14195,40
29,20805,40,36647
14195,29,36647,23
40,14195,23,98
36647,40,98,1526
23,36647,1526,5
98,23,5,10
1526,98,10,19442
5,1526,19442,48
10,5,48,1705
19442,10,1705,4
48,19442,4,1736
1705,48,1736,21
4,1705,21,3
1736,4,3,96
21,1736,96,1437
3,21,1437,11
96,3,11,13
1437,96,13,146
11,1437,146,14195
13,11,14195,1289
146,13,1289,8
14195,146,8,53
1289,14195,53,16
8,1289,16,90
53,8,90,10242
16,53,10242,17101
90,16,17101,54
10242,90,54,55
17101,10242,55,345
54,17101,345,3
55,54,3,4
345,55,4,48
3,345,48,56
4,3,56,20805
48,4,20805,5150
56,48,5150,13376
20805,56,13376,3252
5150,20805,3252,26
13376,5150,26,819
3252,13376,819,715
26,3252,715,23
819,26,23,60
715,819,60,29
23,715,29,7
60,23,7,137
29,60,137,84
7,29,84,8
137,7,8,130
84,137,130,2924
8,84,2924,36012
130,8,36012,5
2924,130,5,81
36012,2924,81,14
5,36012,14,2
81,5,2,3501
14,81,3501,527
2,14,527,5
3501,2,5,148
527,3501,148,3
5,527,3,154
132,8149,3,3787
900,132,3787,144
3,900,144,9
3787,3,9,709
144,3787,709,1213
9,144,1213,8149
709,9,8149,132
1213,709,132,900
8149,1213,900,3
132,8149,3,3787
900,132,3787,144
3,900,144,9
3787,3,9,709
144,3787,709,1213
9,144,1213,19
709,9,19,109
1213,709,109,1149
19,1213,1149,1032
109,19,1032,624
1149,109,624,8149
1032,1149,8149,132
624,1032,132,13
8149,624,13,900
132,8149,900,3
13,132,3,3787
900,13,3787,49
3,900,49,144
3787,3,144,9
49,3787,9,1886
144,49,1886,537
9,144,537,1517
1886,9,1517,3
537,1886,3,709
1517,537,709,1213
3,1517,1213,2
709,3,2,149
1213,709,149,2
2,1213,2,5089
149,2,5089,4252
2,149,4252,23
5089,2,23,700
4252,5089,700,399
23,4252,399,101
700,23,101,1133
399,700,1133,640
101,399,640,991
1133,101,991,4773
640,1133,4773,6
991,640,6,1739
4773,991,1739,171
6,4773,171,2
1739,6,2,185
171,1739,185,23
2,171,23,111
185,2,111,5
23,185,5,677
111,23,677,6
5,111,6,2574
677,5,2574,12
6,677,12,442
2574,6,442,132
12,2574,132,13138
442,12,13138,5342
132,442,5342,251
13138,132,251,5
5342,13138,5,5317
251,5342,5317,195
5,251,195,5640
5317,5,5640,11586
195,5317,11586,3
5640,195,3,117
11586,5640,117,133
3,11586,133,537
117,3,537,1517
133,117,1517,3
537,133,3,709
1517,537,709,1213
3,1517,1213,139
709,3,139,16
1213,709,16,118
139,1213,118,1773
16,139,1773,174
118,16,174,30
1773,118,30,16
174,1773,16,131
30,174,131,314
16,30,314,8
131,16,8,86
314,131,86,1154
8,314,1154,8
86,8,8,7
1154,86,7,110
8,1154,110,3
7,8,3,179
110,7,179,9
3,110,9,1739
179,3,1739,7
9,179,7,340
1739,9,340,3
7,1739,3,96
340,7,96,507
3,340,507,8
96,3,8,30
507,96,30,18
8,507,18,105
30,8,105,1154
18,30,1154,8
105,18,8,34
1154,105,34,276
8,1154,276,3356
34,8,3356,6
276,34,6,1739
3356,276,1739,132
6,3356,132,134
1739,6,134,11586
132,1739,11586,4
134,132,4,18709
11586,134,18709,472
4,11586,472,5
18709,4,5,5342
472,18709,5342,1234
5,472,1234,194
5342,5,194,132
1234,5342,132,957
194,1234,957,37
132,194,37,1886
957,132,1886,92
37,957,92,1977
1886,37,1977,3
92,1886,3,2246
1977,92,2246,28
3,1977,28,420
2246,3,420,3
28,2246,3,34960
420,28,34960,133
3,420,133,11586
34960,3,11586,68
133,34960,68,2325
11586,133,2325,132
68,11586,132,144
2325,68,144,9
132,2325,9,709
144,132,709,1213
9,144,1213,4252
709,9,4252,6
1213,709,6,700
4252,1213,700,399
6,4252,399,101
700,6,101,1133
399,700,1133,2
101,399,2,2046
1133,101,2046,106
2,1133,106,12
2046,2,12,4252
106,2046,4252,5
12,106,5,5089
4252,12,5089,6
5,4252,6,1133
5089,5,1133,34
6,5089,34,174
25101,19,20,60
79162,25101,60,5
20,79162,5,306
60,20,306,2029
5,60,2029,4
306,5,4,3936
2029,306,3936,3470
4,2029,3470,30
3936,4,30,48
3470,3936,48,18
30,3470,18,67
48,30,67,564
18,48,564,3
67,18,3,671
564,67,671,76
3,564,76,5
671,3,5,43
76,671,43,16
5,76,16,44776
43,5,44776,122
16,43,122,76
44776,16,76,5
122,44776,5,43
76,122,43,16
5,76,16,20283
43,5,20283,67
16,43,67,21724
20283,16,21724,244
67,20283,244,48
21724,67,48,18
244,21724,18,2244
48,244,2244,1370
18,48,1370,4
2244,18,4,2228
1370,2244,2228,3
4,1370,3,610
2228,4,610,6
3,2228,6,67
610,3,67,6203
6,610,6203,729
67,6,729,5
6203,67,5,3223
729,6203,3223,4
5,729,4,10832
3223,5,10832,2122
4,3223,2122,123
10832,4,123,332
2122,10832,332,5
123,2122,5,43
332,123,43,12
5,332,12,2
43,5,2,475
12,43,475,3545
2,12,3545,3
475,2,3,3875
3545,475,3875,67
3,3545,67,2582
3875,3,2582,1594
67,3875,1594,3936
2582,67,3936,1335
1594,2582,1335,4
3936,1594,4,17297
1335,3936,17297,8360
4,1335,8360,597
17297,4,597,13
8360,17297,13,2
597,8360,2,849
13,597,849,3
2,13,3,6257
849,2,6257,6
3,849,6,38
6257,3,38,83
6,6257,83,2244
38,6,2244,17724
83,38,17724,593
2244,83,593,770
17724,2244,770,10
593,17724,10,7
770,593,7,3053
10,770,3053,1310
7,10,1310,6
3053,7,6,60
1310,3053,60,5
6,1310,5,623
60,6,623,160
5,60,160,4
623,5,4,2680
160,623,2680,3
4,160,3,611
2680,4,611,6
3,2680,6,1280
611,3,1280,486
6,611,486,297
1280,6,297,4
486,1280,4,3984
297,486,3984,84
4,297,84,41
3984,4,41,65
84,3984,65,367
41,84,367,30
65,41,30,147
367,65,147,3
30,367,3,514
147,30,514,1939
3,147,1939,849
514,3,849,8
1939,514,8,855
849,1939,855,43
8,849,43,164
855,8,164,3
43,855,3,244
164,43,244,6
3,164,6,738
244,3,738,242
6,244,242,3
738,6,3,322
242,738,322,567
3,242,567,8
322,3,8,2107
567,322,2107,13
8,567,13,392
2107,8,392,4
13,2107,4,8943
392,13,8943,9
4,392,9,282
8943,4,282,1585
9,8943,1585,5
282,9,5,67
1585,282,67,1370
5,1585,1370,3
67,5,3,17
1370,67,17,69272
3,1370,69272,55
17,3,55,828
69272,17,828,313
55,69272,313,73
828,55,73,30
313,828,30,18
73,313,18,90
30,73,90,2753
18,30,2753,31
90,18,31,24951
2753,90,24951,164
31,2753,164,3
24951,31,3,483
164,24951,483,583
3,164,583,96
483,3,96,2279
583,483,2279,4
96,583,4,873
2279,96,873,124
4,2279,124,12
873,4,12,5841
124,873,5841,6
12,124,6,95
5841,12,95,45
6,5841,45,30
95,6,30,2665
45,95,2665,51
30,45,51,1058
2665,30,1058,5864
51,2665,5864,55
1058,51,55,6357
5864,1058,6357,15
55,5864,15,1322
6357,55,1322,694
15,6357,694,4
1322,15,4,2527
694,1322,2527,486
4,694,486,26
2527,4,26,248
486,2527,248,3
26,486,3,1665
248,26,1665,43
3,248,43,61
1665,3,61,6
43,1665,6,2411
61,43,2411,9
6,61,9,67
2411,6,67,849
9,2411,849,3
67,9,3,443
849,67,443,472
3,849,472,5
443,3,5,7
472,443,7,569
5,472,569,30
7,5,30,16
569,7,16,21
30,569,21,164
16,30,164,3
21,16,3,24145
164,21,24145,6
3,164,6,623
24145,3,623,4
6,24145,4,2680
623,6,2680,29
4,623,29,3
2680,4,3,2754
29,2680,2754,95
3,29,95,1329
2754,3,1329,5
95,2754,5,14380
1329,95,14380,15
5,1329,15,3206
14380,5,3206,6
15,14380,6,2726
3206,15,2726,3
6,3206,3,83
2726,6,83,31
3,2726,31,30
83,3,30,16
31,83,16,30
30,31,30,178
16,30,178,261
30,16,261,623
178,30,623,5
261,178,5,89206
623,261,89206,147
5,623,147,849
89206,5,849,11964
147,89206,11964,31
849,147,31,179
11964,849,179,3
31,11964,3,3474
179,31,3474,57
3,179,57,61
3474,3,61,1939
57,3474,1939,875
61,57,875,585
1939,61,585,30
875,1939,30,18
585,875,18,45
30,585,45,223
18,30,223,43
45,18,43,15
223,45,15,39
43,223,39,354
15,43,354,2034
39,15,2034,4
354,39,4,16054
2034,354,16054,3
4,2034,3,25
16054,4,25,72
3,16054,72,8
25,3,8,95
