100,4562,30,18
563,100,18,508
30,563,508,16628
18,30,16628,5
508,18,5,124
16628,508,124,329
5,16628,329,43
124,5,43,84
329,124,84,346
43,329,346,3206
84,43,3206,570
346,84,570,3
3206,346,3,1798
570,3206,1798,857
3,570,857,4
1798,3,4,2066
857,1798,2066,2
4,857,2,108
2066,4,108,261
2,2066,261,342
108,2,342,537
261,108,537,82
342,261,82,2
537,342,2,934
82,537,934,11
2,82,11,3032
934,2,3032,11
11,934,11,132
3032,11,132,21
11,3032,21,137
132,11,137,6
21,132,6,22
137,21,22,78158
6,137,78158,607
22,6,607,71
78158,22,71,1134
607,78158,1134,2
71,607,2,6085
1134,71,6085,254
2,1134,254,4
6085,2,4,70
254,6085,70,63
4,254,63,13
70,4,13,154
63,70,154,79
13,63,79,1765
154,13,1765,15
79,154,15,738
1765,79,738,5
15,1765,5,4
738,15,4,3947
5,738,3947,1687
4,5,1687,4
3947,4,4,3575
1687,3947,3575,22
4,1687,22,2207
3575,4,2207,455
22,3575,455,31033
2207,22,31033,2
455,2207,2,108
31033,455,108,261
2,31033,261,342
108,2,342,26681
261,108,26681,8827
342,261,8827,1905
26681,342,1905,20
8827,26681,20,1804
1905,8827,1804,1134
20,1905,1134,54
1804,20,54,13
1134,1804,13,241
54,1134,241,47
13,54,47,13533
241,13,13533,19
47,241,19,21
13533,47,21,86
19,13533,86,45
21,19,45,5
86,21,5,5696
45,86,5696,29
5,45,29,19
5696,5,19,48
29,5696,48,3512
19,29,3512,89100
48,19,89100,75094
3512,48,75094,2
89100,3512,2,5696
75094,89100,5696,1440
2,75094,1440,31
5696,2,31,14
1440,5696,14,223
31,1440,223,889
14,31,889,5
223,14,5,45
889,223,45,31
5,889,31,2447
45,5,2447,857
31,45,857,1840
2447,31,1840,6
857,2447,6,1571
1840,857,1571,3
6,1840,3,513
1571,6,513,38
3,1571,38,1036
513,3,1036,3
38,513,3,944
1036,38,944,28
3,1036,28,71
944,3,71,381
28,944,381,13
71,28,13,1266
381,71,1266,403
13,381,403,3
1266,13,3,19193
403,1266,19193,3503
3,403,3503,31
19193,3,31,18
3503,19193,18,47
31,3503,47,1645
18,31,1645,88
47,18,88,5
1645,47,5,38
88,1645,38,244
5,88,244,9
38,5,9,4
244,38,4,70
9,244,70,63
4,9,63,3
70,4,3,154
63,70,154,36996
3,63,36996,48
154,3,48,1440
36996,154,1440,50
48,36996,50,3765
1440,48,3765,15
50,1440,15,63
3765,50,63,381
15,3765,381,301
63,15,301,7
381,63,7,2250
301,381,2250,7
7,301,7,7
2250,7,7,21
7,2250,21,485
7,7,485,476
21,7,476,4197
485,21,4197,37
476,485,37,62
4197,476,62,11
37,4197,11,240
62,37,240,3
11,62,3,1666
240,11,1666,13458
3,240,13458,5
1666,3,5,342
13458,1666,342,537
5,13458,537,28
342,5,28,81190
537,342,81190,101353
28,537,101353,31
81190,28,31,14
101353,81190,14,566
31,101353,566,66
14,31,66,547
566,14,547,59
66,566,59,1198
547,66,1198,14
59,547,14,1658
1198,59,1658,72
14,1198,72,5297
1658,14,5297,22
72,1658,22,1134
5297,72,1134,7
22,5297,7,21
1134,22,21,362
7,1134,362,11
21,7,11,7
362,21,7,2
11,362,2,2177
7,11,2177,43
2,7,43,63
2177,2,63,7
43,2177,7,2010
63,43,2010,11
7,63,11,13
2010,7,13,47
11,2010,47,41
13,11,41,88808
47,13,88808,13
41,47,13,241
88808,41,241,621
13,88808,621,478
241,13,478,3
621,241,3,155
478,621,155,3
3,478,3,5696
155,3,5696,640
3,155,640,595
5696,3,595,9
640,5696,9,1134
595,640,1134,3
9,595,3,434
1134,9,434,1768
3,1134,1768,6
434,3,6,26594
1768,434,26594,90
6,1768,90,3512
26594,6,3512,803
90,26594,803,167
3512,90,167,2
803,3512,2,124
167,803,124,512
2,167,512,82
124,2,82,321
512,124,321,7511
82,512,7511,177
321,82,177,38
7511,321,38,133
177,7511,133,10625
38,177,10625,195
133,38,195,1596
10625,133,1596,6
195,10625,6,1825
1596,195,1825,10
6,1596,10,37
1825,6,37,82
10,1825,82,2496
37,10,2496,6
82,37,6,43
2496,82,43,7
6,2496,7,8
43,6,8,167
7,43,167,19898
8,7,19898,117
167,8,117,5
19898,167,5,2968
117,19898,2968,124
5,117,124,2355
2968,5,2355,90
124,2968,90,41
2355,124,41,70
90,2355,70,4
41,90,4,3512
70,41,3512,78519
4,70,78519,8347
3512,4,8347,12
78519,3512,12,1206
8347,78519,1206,186
12,8347,186,65
1206,12,65,2
186,1206,2,153
65,186,153,75
2,65,75,43
153,2,43,1658
75,153,1658,2
43,75,2,373
1658,43,373,3947
2,1658,3947,1198
373,2,1198,12
3947,373,12,701
1198,3947,701,2089
12,1198,2089,312
701,12,312,5
2089,701,5,13235
312,2089,13235,936
5,312,936,41
13235,5,41,65
936,13235,65,45
41,936,45,71
65,41,71,28
45,65,28,171
71,45,171,2
28,71,2,1134
171,28,1134,3
2,171,3,2181
1134,2,2181,6
3,1134,6,500
2181,3,500,8
6,2181,8,11
500,6,11,40
8,500,40,17
11,8,17,37203
40,11,37203,3
17,40,3,155
37203,17,155,3
3,37203,3,5696
155,3,5696,4
3,155,4,82914
5696,3,82914,828
4,5696,828,40
82914,4,40,17
828,82914,17,37203
40,828,37203,82
17,40,82,10
37203,17,10,40
82,37203,40,17
10,82,17,3932
40,10,3932,9
17,40,9,180
3932,17,180,3
9,3932,3,1134
180,9,1134,95
3,180,95,103
1134,3,103,1163
95,1134,1163,6
103,95,6,475
1163,103,475,11
6,1163,11,19200
475,6,19200,466
11,475,466,86
19200,11,86,701
466,19200,701,195
86,466,195,3
701,86,3,18
195,701,18,2745
3,195,2745,5696
18,3,5696,122
2745,18,122,6
5696,2745,6,266
122,5696,266,14
6,122,14,2794
266,6,2794,6373
14,266,6373,31
2794,14,31,2420
6373,2794,2420,2
31,6373,2,21034
2420,31,21034,23
2,2420,23,857
21034,2,857,1840
23,21034,1840,27719
857,23,27719,6
1840,857,6,59
27719,1840,59,11
6,27719,11,14
59,6,14,4224
11,59,4224,1032
14,11,1032,81457
4224,14,81457,1971
1032,4224,1971,2745
81457,1032,2745,3947
1971,81457,3947,1198
2745,1971,1198,4631
3947,2745,4631,6
1198,3947,6,5696
4631,1198,5696,6
6,4631,6,75
5696,6,75,11
6,5696,11,13
75,6,13,274
11,75,274,266
13,11,266,29
274,13,29,64
266,274,64,1869
29,266,1869,43
64,29,43,63
1869,64,63,13
43,1869,13,367
63,43,367,2745
13,63,2745,312
367,13,312,9988
2745,367,9988,43
312,2745,43,158
9988,312,158,3
43,9988,3,1134
158,43,1134,777
3,158,777,14
1134,3,14,3824
777,1134,3824,3550
14,777,3550,6
3824,14,6,59
3550,3824,59,11
6,3550,11,14
59,6,14,111
11,59,111,681
14,11,681,1896
111,14,1896,10811
681,111,10811,1884
1896,681,1884,2399
10811,1896,2399,4113
1884,10811,4113,9656
2399,1884,9656,128
4113,2399,128,4847
9656,4113,4847,119
128,9656,119,111
4847,128,111,1454
119,4847,1454,516
111,119,516,3
1454,111,3,2065
516,1454,2065,15
3,516,15,1134
2065,3,1134,75
15,2065,75,1138
1134,15,1138,1280
75,1134,1280,1805
1138,75,1805,3
1280,1138,3,256
1805,1280,256,1495
3,1805,1495,7237
256,3,7237,3
1495,256,3,944
7237,1495,944,5
3,7237,5,5696
944,3,5696,1687
5,944,1687,12
5696,5,12,5019
1687,5696,5019,5
12,1687,5,238
5019,12,238,624
5,5019,624,100
238,5,100,518
624,238,518,128
100,624,128,81829
518,100,81829,5
128,518,5,466
81829,128,466,1134
5,81829,1134,71
466,5,71,134
1134,466,134,43
71,1134,43,2423
134,71,2423,4
43,134,4,232
2423,43,232,5
4,2423,5,3512
232,4,3512,215
5,232,215,23
3512,5,23,75043
215,3512,75043,292
23,215,292,6
75043,23,6,701
292,75043,701,2181
6,292,2181,62
701,6,62,10
2181,701,10,14
62,2181,14,2
10,62,2,5584
14,10,5584,3
2,14,3,62
5584,2,62,80
3,5584,80,88
62,3,88,4447
80,62,4447,1159
88,80,1159,55
4447,88,55,17
1159,4447,17,2542
55,1159,2542,62
17,55,62,103
2542,17,103,226
62,2542,226,55
103,62,55,247
226,103,247,21
55,226,21,72
247,55,72,1120
21,247,1120,29
72,21,29,325
1120,72,325,5
29,1120,5,66244
325,29,66244,1413
5,325,1413,11
66244,5,11,28
1413,66244,28,14
11,1413,14,4
28,11,4,924
14,28,924,3
4,14,3,15131
924,4,15131,2894
3,924,2894,5
15131,3,5,48
2894,15131,48,31
5,2894,31,50
48,5,50,182
31,48,182,6
50,31,6,108
182,50,108,124
6,182,124,103
108,6,103,29
124,108,29,68
103,124,68,13
29,103,13,2
68,29,2,519
13,68,519,9
2,13,9,42474
519,2,42474,25
9,519,25,113
42474,9,113,8
25,42474,8,177
113,25,177,5
8,113,5,337
177,8,337,7
5,177,7,110
337,5,110,7
7,337,7,87
110,7,87,7
7,110,7,14
87,7,14,3
7,87,3,370
14,7,370,285
3,14,285,3502
370,3,3502,131
285,370,131,280
3502,285,280,692
131,3502,692,8
280,131,8,16
692,280,16,56
8,692,56,53
16,8,53,4
56,16,4,448
53,56,448,5
4,53,5,5391
448,4,5391,8
5,448,8,30
5391,5,30,48
8,5391,48,121
30,8,121,18
48,30,18,71
121,48,71,13477
18,121,13477,10
71,18,10,21
13477,71,21,86
10,13477,86,2
21,10,2,3860
86,21,3860,5
2,86,5,2273
3860,2,2273,3737
5,3860,3737,5
2273,5,5,108
3737,2273,108,124
5,3737,124,103
108,5,103,4
124,108,4,439
103,124,439,5
4,103,5,2525
439,4,2525,409
5,439,409,3317
2525,5,3317,29
409,2525,29,10
3317,409,10,68
29,3317,68,3
10,29,3,2654
68,10,2654,1903
3,68,1903,8
2654,3,8,262
1903,2654,262,7
8,1903,7,21
262,8,21,42
7,262,42,6
21,7,6,3230
42,21,3230,844
6,42,844,760
3230,6,760,1182
844,3230,1182,5
760,844,5,857
1182,760,857,4
5,1182,4,3230
857,5,3230,1684
4,857,1684,5
3230,4,5,342
1684,3230,342,124
5,1684,124,6
342,5,6,66543
124,342,66543,199
6,124,199,822
66543,6,822,88
199,66543,88,3512
822,199,3512,1905
88,822,1905,71
3512,88,71,4745
1905,3512,4745,57
71,1905,57,426
4745,71,426,6
57,4745,6,818
426,57,818,1289
6,426,1289,102
818,6,102,1724
1289,818,1724,1134
102,1289,1134,3
1724,102,3,3440
1134,1724,3440,2
3,1134,2,40107
3440,3,40107,384
2,3440,384,5
40107,2,5,2181
384,40107,2181,564
5,384,564,6
2181,5,6,373
564,2181,373,108
6,564,108,10136
373,6,10136,1402
108,373,1402,238
10136,108,238,1828
1402,10136,1828,28
238,1402,28,2181
1828,238,2181,121
28,1828,121,21
2181,28,21,1966
121,2181,1966,3772
21,121,3772,2336
1966,21,2336,10
3772,1966,10,6930
2336,3772,6930,12
10,2336,12,10
6930,10,10,10641
12,6930,10641,171
10,12,171,26669
10641,10,26669,403
171,10641,403,2181
26669,171,2181,55
403,26669,55,123
2181,403,123,2
55,2181,2,1390
123,55,1390,2252
2,123,2252,455
1390,2,455,10
2252,1390,10,83
455,2252,83,45
10,455,45,4
83,10,4,414
45,83,414,543
4,45,543,4
414,4,4,16887
543,414,16887,123
4,543,123,352
16887,4,352,2
123,16887,2,2
352,123,2,3607
2,352,3607,3
2,2,3,1227
3607,2,1227,2
3,3607,2,41492
1227,3,41492,5
2,1227,5,3306
41492,2,3306,5
5,41492,5,124
3306,5,124,1828
5,3306,1828,2477
124,5,2477,37288
1828,124,37288,55160
2477,1828,55160,134
37288,2477,134,18861
55160,37288,18861,6375
134,55160,6375,539
18861,134,539,814
6375,18861,814,30
539,6375,30,136
814,539,136,606
30,814,606,1826
136,30,1826,3947
606,136,3947,1687
1826,606,1687,5
3947,1826,5,5696
1687,3947,5696,4
5,1687,4,13235
5696,5,13235,50
4,5696,50,5
13235,4,5,2181
50,13235,2181,83
5,50,83,79482
2181,5,79482,4
83,2181,4,2253
79482,83,2253,12
4,79482,12,343
2253,4,343,5
12,2253,5,1134
343,12,1134,986
5,343,986,908
1134,5,908,2181
986,1134,2181,5
908,986,5,424
2181,908,424,3
5,2181,3,4926
424,5,4926,2181
3,424,2181,2
4926,3,2,944
2181,4926,944,5
2,2181,5,108
944,2,108,124
5,944,124,103
108,5,103,511
124,108,511,65
103,124,65,42
511,103,42,5
65,511,5,10
42,65,10,372
5,42,372,89396
10,5,89396,1687
372,10,1687,5
89396,372,5,161
1687,89396,161,5696
5,1687,5696,4
161,5,4,13235
5696,161,13235,14
4,5696,14,4585
13235,4,4585,539
14,13235,539,814
4585,14,814,28
539,4585,28,2
814,539,2,2
28,814,2,1272
2,28,1272,3
2,2,3,611
1272,2,611,4
3,1272,4,341
611,3,341,117
4,611,117,3
341,4,3,124
117,341,124,4
3,117,4,1090
124,3,1090,8692
4,124,8692,3267
1090,4,3267,24
8692,1090,24,1826
3267,8692,1826,80
24,3267,80,41
1826,24,41,78553
80,1826,78553,453
41,80,453,10
78553,41,10,14
453,78553,14,124
10,453,124,5
14,10,5,2883
124,14,2883,3512
5,124,3512,10625
2883,5,10625,92
3512,2883,92,1371
10625,3512,1371,102
92,10625,102,10
1371,92,10,10641
102,1371,10641,4
10,102,4,10
10641,10,10,3523
4,10641,3523,3
10,4,3,1205
3523,10,1205,10
3,3523,10,1318
1205,3,1318,8
10,1205,8,13
1318,10,13,186
8,1318,186,3
13,8,3,43
186,13,43,3780
3,186,3780,3947
43,3,3947,1198
5598,7021,7,2687
3383,5598,2687,12
7,3383,12,2
2687,7,2,2586
12,2687,2586,5
2,12,5,778
2586,2,778,4
5,2586,4,34
778,5,34,17
4,778,17,308
34,4,308,3
17,34,3,2262
308,17,2262,6317
3,308,6317,7021
2262,3,7021,19
6317,2262,19,9157
7021,6317,9157,18228
19,7021,18228,67184
9157,19,67184,4
18228,9157,4,67158
67184,18228,67158,5
4,67184,5,2
67158,4,2,6317
5,67158,6317,62
2,5,62,230
6317,2,230,96
62,6317,96,10
230,62,10,477
96,230,477,2
10,96,2,52
477,10,52,4
2,477,4,7021
52,2,7021,290
4,52,290,15
7021,4,15,42690
290,7021,42690,7
15,290,7,2
42690,15,2,18441
7,42690,18441,42
2,7,42,29
18441,2,29,412
42,18441,412,77
29,42,77,17
412,29,17,606
77,412,606,24
17,77,24,699
606,17,699,75
24,606,75,4
699,24,4,7021
75,699,7021,7
4,75,7,30400
7021,4,30400,4
7,7021,4,2397
30400,7,2397,5873
4,30400,5873,82
2397,4,82,13
5873,2397,13,10
82,5873,10,2212
13,82,2212,1933
10,13,1933,100
2212,10,100,10
1933,2212,10,1016
100,1933,1016,408
10,100,408,5
1016,10,5,10
408,1016,10,44
5,408,44,6
10,5,6,2633
44,10,2633,7
6,44,7,957
2633,6,957,4
7,2633,4,14617
957,7,14617,3
4,957,3,2863
14617,4,2863,24166
3,14617,24166,6095
2863,3,6095,4
24166,2863,4,465
6095,24166,465,2731
4,6095,2731,3899
465,4,3899,54
2731,465,54,284
3899,2731,284,24
54,3899,24,852
284,54,852,6
24,284,6,12376
852,24,12376,999
6,852,999,4047
12376,6,4047,10
999,12376,10,21
4047,999,21,2221
10,4047,2221,9
21,10,9,6317
2221,21,6317,1297
9,2221,1297,3
6317,9,3,17
1297,6317,17,3767
3,1297,3767,19
17,3,19,38
3767,17,38,10105
19,3767,10105,207
38,19,207,84
10105,38,84,4
207,10105,4,285
84,207,285,6813
4,84,6813,7021
285,4,7021,146
6813,285,146,3
7021,6813,3,2863
146,7021,2863,9
3,146,9,1370
2863,3,1370,5
9,2863,5,5950
1370,9,5950,399
5,1370,399,16
5950,5,16,1300
399,5950,1300,24
16,399,24,6317
1300,16,6317,4
24,1300,4,6965
6317,24,6965,3
4,6317,3,21185
6965,4,21185,53
3,6965,53,26
21185,3,26,16
53,21185,16,458
26,53,458,3
16,26,3,244
458,16,244,223
3,458,223,38
244,3,38,359
223,244,359,4
38,223,4,2305
359,38,2305,290
4,359,290,12
2305,4,12,38
290,2305,38,461
12,290,461,4
38,12,4,84
461,38,84,8
4,461,8,99
84,4,99,7021
8,84,7021,5598
99,8,5598,6
7021,99,6,48
5598,7021,48,5
6,5598,5,3087
48,6,3087,157
5,48,157,13
3087,5,13,1893
157,3087,1893,20
13,157,20,7
1893,13,7,253
20,1893,253,3
7,20,3,247
253,7,247,2
3,253,2,738
247,3,738,9
2,247,9,90
738,2,90,41
9,738,41,5
90,9,5,19810
41,90,19810,778
5,41,778,79560
19810,5,79560,5598
778,19810,5598,3383
79560,778,3383,34
5598,79560,34,17
3383,5598,17,2687
34,3383,2687,12
17,34,12,2
2687,17,2,2586
12,2687,2586,5
2,12,5,778
2586,2,778,2687
5,2586,2687,6
778,5,6,54555
2687,778,54555,25
6,2687,25,68204
54555,6,68204,14486
25,54555,14486,36625
68204,25,36625,5598
14486,68204,5598,34
36625,14486,34,350
5598,36625,350,2262
34,5598,2262,6317
350,34,6317,2199
2262,350,2199,2199
6317,2262,2199,101
2199,6317,101,843
2199,2199,843,1354
101,2199,1354,1880
843,101,1880,9
1354,843,9,169
1880,1354,169,4
9,1880,4,16
169,9,16,2830
4,169,2830,1279
16,4,1279,7021
2830,16,7021,3
1279,2830,3,123
7021,1279,123,72977
3,7021,72977,3
123,3,3,67442
72977,123,67442,99
3,72977,99,103
67442,3,103,7021
99,67442,7021,3
103,99,3,346
7021,103,346,5598
3,7021,5598,50
346,3,50,36671
5598,346,36671,4
50,5598,4,38788
36671,50,38788,31
4,36671,31,16
38788,4,16,178
31,38788,178,3
16,31,3,18
178,16,18,47
3,178,47,2262
18,3,2262,24
47,18,24,14014
2262,47,14014,120
24,2262,120,26
14014,24,26,4071
120,14014,4071,6
26,120,6,19477
4071,26,19477,122
6,4071,122,5598
19477,6,5598,34
122,19477,34,21
5598,122,21,17
34,5598,17,1131
21,34,1131,3
17,21,3,166
1131,17,166,10
3,1131,10,34
166,3,34,259
10,166,259,1782
34,10,1782,37
259,34,37,5096
1782,259,5096,5
37,1782,5,2262
5096,37,2262,7021
5,5096,7021,880
2262,5,880,558
7021,2262,558,4
880,7021,4,168
558,880,168,450
4,558,450,7021
168,4,7021,5598
450,168,5598,1087
7021,450,1087,333
5598,7021,333,560
1087,5598,560,843
5,103,2144,3936
1109,5,3936,195
2144,1109,195,18
