2,123,5329,234
41,2,234,23
5329,41,23,51
234,5329,51,20
23,234,20,678
51,23,678,242
20,51,242,4
678,20,4,920
242,678,920,912
4,242,912,206
920,4,206,10
912,920,10,115
206,912,115,514
10,206,514,23322
115,10,23322,158
514,115,158,1787
23322,514,1787,5
158,23322,5,1147
1787,158,1147,2616
5,1787,2616,2606
1147,5,2606,497
2616,1147,497,9
2606,2616,9,220
497,2606,220,2328
9,497,2328,7
220,9,7,129
2328,220,129,46
7,2328,46,37
129,7,37,6744
46,129,6744,5
37,46,5,497
6744,37,497,27
5,6744,27,101938
497,5,101938,27
27,497,27,69
101938,27,69,158
27,101938,158,1274
69,27,1274,134
158,69,134,43
1274,158,43,8
134,1274,8,26
43,134,26,4333
8,43,4333,129
26,8,129,501
4333,26,501,20
129,4333,20,561
501,129,561,303
20,501,303,24
561,20,24,1787
303,561,1787,5
24,303,5,1147
1787,24,1147,2616
5,1787,2616,10486
1147,5,10486,217
2616,1147,217,5
10486,2616,5,45
217,10486,45,1068
5,217,1068,2
45,5,2,5332
1068,45,5332,4
2,1068,4,21
5332,2,21,6
4,5332,6,1147
21,4,1147,163
6,21,163,2
1147,6,2,2
163,1147,2,1398
2,163,1398,5
2,2,5,896
1398,2,896,1092
5,1398,1092,90929
896,5,90929,2898
1092,896,2898,3
90929,1092,3,45
2898,90929,45,31
3,2898,31,16
45,3,16,1131
31,45,1131,9
16,31,9,179
1131,16,179,4
9,1131,4,2830
179,9,2830,615
4,179,615,9
2830,4,9,2
615,2830,2,262
9,615,262,29
2,9,29,25
262,2,25,18
29,262,18,42
25,29,42,21
18,25,21,6
42,18,6,1147
21,42,1147,163
6,21,163,2898
1147,6,2898,3
163,1147,3,45
2898,163,45,31
3,2898,31,16
45,3,16,21
31,45,21,615
16,31,615,9
21,16,9,262
615,21,262,87
9,615,87,26
262,9,26,18
87,262,18,398
26,87,398,61
18,26,61,615
398,18,615,36
61,398,36,16
615,61,16,21
36,615,21,1918
16,36,1918,46
21,16,46,156
1918,21,156,2
46,1918,2,545
156,46,545,545
2,156,545,400
545,2,400,177
545,545,177,60
400,545,60,122
177,400,122,110
60,177,110,3
122,60,3,391
110,122,391,16
3,110,16,3205
391,3,3205,6
16,391,6,4055
3205,16,4055,53934
6,3205,53934,242
4055,6,242,27
53934,4055,27,7
242,53934,7,3600
27,242,3600,545
7,27,545,31
3600,7,31,16
545,3600,16,21
31,545,21,615
16,31,615,9
21,16,9,179
615,21,179,2
9,615,2,2
179,9,2,177
2,179,177,5
2,2,5,5332
177,2,5332,684
5,177,684,5091
5332,5,5091,95
684,5332,95,545
5091,684,545,25
95,5091,25,18
545,95,18,262
25,545,262,29
18,25,29,8
262,18,8,115
29,262,115,21
8,29,21,1540
115,8,1540,2391
21,115,2391,5
1540,21,5,5332
2391,1540,5332,4
5,2391,4,7
5332,5,7,613
4,5332,613,5781
7,4,5781,9
613,7,9,20
5781,613,20,406
9,5781,406,151
20,9,151,87
406,20,87,217
151,406,217,5
87,151,5,45
217,87,45,31
5,217,31,16
45,5,16,615
31,45,615,9
16,31,9,262
615,16,262,364
9,615,364,45
262,9,45,31
364,262,31,16
45,364,16,6
31,45,6,391
16,31,391,601
6,16,601,99494
391,6,99494,2
601,391,2,422
99494,601,422,391
2,99494,391,16286
422,2,16286,31
391,422,31,7
16286,391,7,110
31,16286,110,3
7,31,3,391
110,7,391,601
3,110,601,60
391,3,60,4
601,391,4,1262
60,601,1262,6
4,60,6,35854
1262,4,35854,1717
6,1262,1717,59
35854,6,59,21
1717,35854,21,6
59,1717,6,391
21,59,391,545
6,21,545,115
391,6,115,18
545,391,18,2
115,545,2,262
18,115,262,29
2,18,29,7
262,2,7,615
29,262,615,9
7,29,9,42
615,7,42,3600
9,615,3600,545
42,9,545,2
3600,42,2,5332
545,3600,5332,46
2,545,46,1830
5332,2,1830,2
46,5332,2,2
1830,46,2,417
2,1830,417,31
2,2,31,615
417,2,615,9
31,417,9,2
615,31,2,262
9,615,262,29
2,9,29,396
262,2,396,346
29,262,346,42
396,29,42,46
346,396,46,115
42,346,115,468
46,42,468,33
115,46,33,476
468,115,476,37
33,468,37,1147
476,33,1147,79907
37,476,79907,2259
1147,37,2259,7
79907,1147,7,40
2259,79907,40,113
7,2259,113,40
40,7,40,488
113,40,488,2707
40,113,2707,501
488,40,501,8
2707,488,8,87
501,2707,87,10
8,501,10,3600
87,8,3600,45
10,87,45,31
3600,10,31,132
45,3600,132,18
31,45,18,64
132,31,64,385
18,132,385,6
64,18,6,454
385,64,454,2
6,385,2,262
454,6,262,28
2,454,28,1822
262,2,1822,29995
28,262,29995,654
1822,28,654,1204
29995,1822,1204,9
654,29995,9,35
1204,654,35,4
9,1204,4,556
35,9,556,188
4,35,188,753
556,4,753,23
188,556,23,575
753,188,575,6936
23,753,6936,393
575,23,393,39057
6936,575,39057,16792
393,6936,16792,13552
39057,393,13552,7
16792,39057,7,21
13552,16792,21,154
7,13552,154,61
21,7,61,15
154,21,15,2391
61,154,2391,5
15,61,5,5332
2391,15,5332,56
5,2391,56,5
5332,5,5,4454
56,5332,4454,603
5,56,603,10
4454,5,10,340
603,4454,340,1861
10,603,1861,4
340,10,4,6028
1861,340,6028,1818
4,1861,1818,2391
6028,4,2391,303
1818,6028,303,19
2391,1818,19,414
303,2391,414,1147
19,303,1147,528
414,19,528,6
1147,414,6,33
528,1147,33,2553
6,528,2553,27
33,6,27,2391
2553,33,2391,3
27,2553,3,119
2391,27,119,2328
3,2391,2328,129
119,3,129,16
2328,119,16,5332
129,2328,5332,8
16,129,8,566
5332,16,566,60
8,5332,60,158
566,8,158,13552
60,566,13552,2606
158,60,2606,497
13552,158,497,129
2606,13552,129,9
497,2606,9,119
129,497,119,107747
9,129,107747,4535
119,9,4535,901
107747,119,901,65
4535,107747,65,220
901,4535,220,501
65,901,501,27
220,65,27,13724
501,220,13724,2727
27,501,2727,13552
13724,27,13552,2328
2727,13724,2328,2606
13552,2727,2606,497
2328,13552,497,9
2606,2328,9,2312
497,2606,2312,7
9,497,7,129
2312,9,129,1058
7,2312,1058,65
129,7,65,497
1058,129,497,9
65,1058,9,119
497,65,119,2328
9,497,2328,29
119,9,29,203
2328,119,203,27
29,2328,27,4289
203,29,4289,2312
27,203,2312,2328
4289,27,2328,2606
2312,4289,2606,497
2328,2312,497,3190
2606,2328,3190,3
497,2606,3,129
3190,497,129,46
3,3190,46,80
129,3,80,60
46,129,60,158
80,46,158,497
60,80,497,4
158,60,4,80
497,158,80,901
4,497,901,65
80,4,65,129
901,80,129,678
65,901,678,9
129,65,9,220
678,129,220,43941
9,678,43941,62
220,9,62,4289
43941,220,4289,9
62,43941,9,2312
4289,62,2312,220
9,4289,220,4
2312,9,4,119
220,2312,119,2328
4,220,2328,1013
119,4,1013,6
2328,119,6,20
1013,2328,20,5752
6,1013,5752,1044
20,6,1044,1056
5752,20,1056,3
1044,5752,3,29995
1056,1044,29995,9
3,1056,9,1426
29995,3,1426,43
9,29995,43,15
1426,9,15,33953
43,1426,33953,841
15,43,841,6
33953,15,6,2312
841,33953,2312,2328
6,841,2328,497
2312,6,497,132
2328,2312,132,1861
497,2328,1861,2
132,497,2,1769
1861,132,1769,1302
2,1861,1302,29995
1769,2,29995,28
1302,1769,28,2097
29995,1302,2097,2312
28,29995,2312,2328
2097,28,2328,132
2312,2097,132,17
2328,2312,17,6
132,2328,6,1147
17,132,1147,163
6,17,163,87
1147,6,87,26
163,1147,26,16
87,163,16,41
26,87,41,3540
16,26,3540,3
41,16,3,391
3540,41,391,4
3,3540,4,179
391,3,179,186
4,391,186,80
179,4,80,177
186,179,177,60
80,186,60,29
177,80,29,38
60,177,38,13552
29,60,13552,2606
38,29,2606,497
13552,38,497,132
2606,13552,132,17
497,2606,17,1058
132,497,1058,87
17,132,87,2312
1058,17,2312,2328
87,1058,2328,16
2312,87,16,41
2328,2312,41,1516
16,2328,1516,23
41,16,23,1340
1516,41,1340,2
23,1516,2,262
1340,23,262,52
2,1340,52,26
262,2,26,234
52,262,234,9
26,52,9,20418
234,26,20418,69
9,234,69,158
20418,9,158,1274
69,20418,1274,134
158,69,134,209
1274,158,209,4818
134,1274,4818,8
209,134,8,10
4818,209,10,4289
8,4818,4289,7
10,8,7,2
4289,10,2,41
7,4289,41,2413
2,7,2413,4762
41,2,4762,5
2413,41,5,37421
4762,2413,37421,24
5,4762,24,1147
37421,5,1147,163
24,37421,163,65
1147,24,65,2606
163,1147,2606,497
65,163,497,2
2606,65,2,10
497,2606,10,364
2,497,364,95
10,2,95,31
364,10,31,16
95,364,16,21
31,95,21,1340
16,31,1340,179
21,16,179,87
1340,21,87,26
179,1340,26,16
87,179,16,4502
26,87,4502,24
16,26,24,1011
4502,16,1011,740
24,4502,740,23
1011,24,23,2504
740,1011,2504,29
23,740,29,69
2504,23,69,7
29,2504,7,21
69,29,21,1406
7,69,1406,3
21,7,3,67
1406,21,67,759
3,1406,759,3392
67,3,3392,1885
759,67,1885,9
3392,759,9,20
1885,3392,20,209
9,1885,209,833
20,9,833,9
209,20,9,4
833,209,4,2015
9,833,2015,5
4,9,5,206
2015,4,206,69
5,2015,69,364
206,5,364,95
69,206,95,31
364,69,31,16
95,364,16,21
31,95,21,1918
16,31,1918,6
21,16,6,615
1918,21,615,9
6,1918,9,179
615,6,179,210
9,615,210,101319
179,9,101319,27
210,179,27,245
101319,210,245,7
27,101319,7,1918
245,27,1918,6
7,245,6,497
1918,7,497,5
6,1918,5,37421
497,6,37421,223
5,497,223,220
37421,5,220,2328
223,37421,2328,53
220,223,53,7
2328,220,7,4
53,2328,4,16619
7,53,16619,2222
4,7,2222,705
16619,4,705,11
2222,16619,11,55
705,2222,55,91
11,705,91,10
55,11,10,228
91,55,228,30185
10,91,30185,54
228,10,54,524
30185,228,524,9
54,30185,9,1343
524,54,1343,4055
9,524,4055,1183
1343,9,1183,6
4055,1343,6,842
1183,4055,842,36
6,1183,36,1563
842,6,1563,20
36,842,20,705
1563,36,705,1302
20,1563,1302,56
705,20,56,545
1302,705,545,4770
56,1302,4770,4
545,56,4,705
4770,545,705,336
4,4770,336,5
705,4,5,9457
336,705,9457,2328
5,336,2328,406
9457,5,406,3
2328,9457,3,654
406,2328,654,456
3,406,456,2396
654,3,2396,35300
456,654,35300,31
2396,456,31,13
35300,2396,13,1238
31,35300,1238,37
13,31,37,2328
1238,13,2328,2606
37,1238,2606,4
2328,37,4,30185
2606,2328,30185,4333
4,2606,4333,2
30185,4,2,30185
4333,30185,30185,497
2,4333,497,223
30185,2,223,220
497,30185,220,2328
223,497,2328,3
220,223,3,23
2328,220,23,129
3,2328,129,5
23,3,5,896
129,23,896,1092
5,129,1092,84293
896,5,84293,684
1092,896,684,1013
84293,1092,1013,15
684,84293,15,129
1013,684,129,223
15,1013,223,119
129,15,119,2328
223,129,2328,5
119,223,5,183
2328,119,183,406
5,2328,406,93616
183,5,93616,2606
406,183,2606,7
93616,406,7,875
2606,93616,875,223
7,2606,223,220
875,7,220,65
223,875,65,119
220,223,119,2118
65,220,2118,5
119,65,5,2034
2118,119,2034,33
5,2118,33,91
2034,5,91,29
33,2034,29,27
91,33,27,678
29,91,678,115
27,29,115,62
678,27,62,62
115,678,62,10
62,115,10,2
62,62,2,4973
10,62,4973,255
2,10,255,9
4973,2,9,220
255,4973,220,2328
9,255,2328,1013
220,9,1013,15
2328,220,15,119
1013,2328,119,2328
15,1013,2328,4
119,15,4,1845
2328,119,1845,3
4,2328,3,5726
1845,4,5726,1861
3,1845,1861,35
5726,3,35,5
1861,5726,5,1147
35,1861,1147,535
5,35,535,9
1147,5,9,220
535,1147,220,2328
9,535,2328,3
220,9,3,66
2328,220,66,85948
3,2328,85948,27
66,3,27,2727
85948,66,2727,2
27,85948,2,645
2727,27,645,2277
2,2727,2277,31
645,2,31,7
2277,645,7,2830
31,2277,2830,615
7,31,615,9
2830,7,9,2
615,2830,2,262
9,615,262,29
2,9,29,396
262,2,396,346
29,262,346,42
396,29,42,7
346,396,7,6
42,346,6,183
7,42,183,743
6,7,743,2
183,6,2,2
743,183,2,422
2,743,422,391
2,2,391,16286
422,2,16286,31
391,422,31,7
16286,391,7,6
31,16286,6,391
7,31,391,601
6,7,601,60
391,6,60,4
601,391,4,110
60,601,110,3
4,60,3,1018
110,4,1018,1031
3,110,1031,36
1018,3,36,1568
1031,1018,1568,12
36,1031,12,2
1568,36,2,391
12,1568,391,2089
2,12,2089,504
391,2,504,59
2089,391,59,21
504,2089,21,6
59,504,6,55460
21,59,55460,1161
6,21,1161,27
55460,6,27,2727
1161,55460,2727,41
27,1161,41,2312
2727,27,2312,2328
41,2727,2328,16
2312,41,16,5332
2328,2312,5332,65
16,2328,65,220
5332,16,220,2328
65,5332,2328,46
220,65,46,80
2328,220,80,286
46,2328,286,2312
80,46,2312,2328
286,80,2328,18
2312,286,18,2
2328,2312,2,1058
18,2328,1058,158
2,18,158,13552
1058,2,13552,2606
158,1058,2606,497
13552,158,497,65
2606,13552,65,119
497,2606,119,36
65,497,36,220
119,65,220,25
36,119,25,27
220,36,27,117
25,220,117,61
27,25,61,501
117,27,501,2
61,117,2,4289
501,61,4289,9
2,501,9,220
4289,2,220,2328
9,4289,2328,8
220,9,8,3874
2328,220,3874,5956
8,2328,5956,1441
3874,8,1441,217
5956,3874,217,5
1441,5956,5,45
217,1441,45,31
5,217,31,396
45,5,396,346
31,45,346,2
396,31,2,262
346,396,262,80
2,346,80,286
262,2,286,26
80,262,26,16
286,80,16,424
26,286,424,122
16,26,122,17308
424,16,17308,38
122,424,38,497
17308,122,497,6
38,17308,6,1976
497,38,1976,5
6,497,5,2312
1976,6,2312,107755
5,1976,107755,1274
2312,5,1274,1471
107755,2312,1471,378
1274,107755,378,8494
1471,1274,8494,3
378,1471,3,27
8494,378,27,4044
3,8494,4044,4289
27,3,4289,8
4044,27,8,280
4289,4044,280,2606
8,4289,2606,497
280,8,497,7
2606,280,7,129
497,2606,129,46
7,497,46,37
129,7,37,1038
46,129,1038,60
37,46,60,875
1038,37,875,65
60,1038,65,158
875,60,158,13552
65,875,13552,497
158,65,497,11
13552,158,11,2541
497,13552,2541,183
11,497,183,7466
2541,11,7466,1312
183,2541,1312,9
7466,183,9,220
1312,7466,220,2328
9,1312,2328,2606
220,9,2606,497
2328,220,497,54
2606,2328,54,6017
497,2606,6017,6028
54,497,6028,2222
6017,54,2222,705
6028,6017,705,5
2222,6028,5,2606
705,2222,2606,122
5,705,122,4005
2606,5,4005,4
122,2606,4,1441
4005,122,1441,705
4,4005,705,5
1441,4,5,18355
705,1441,18355,2328
5,705,2328,8
18355,5,8,77
2328,18355,77,988
8,2328,988,22
77,8,22,173
988,77,173,30
22,988,30,2609
173,22,2609,27
30,173,27,378
2609,30,378,41
27,2609,41,40746
378,27,40746,43
41,378,43,209
40746,41,209,3
43,40746,3,833
209,43,833,19
3,209,19,4909
833,3,4909,56
19,833,56,20
4909,19,20,36213
56,4909,36213,61
20,56,61,9
36213,20,9,209
61,36213,209,4818
9,61,4818,2974
209,9,2974,3193
10,6,159,636
14,10,636,18960
159,14,18960,5283
636,159,5283,5
18960,636,5,1267
5283,18960,1267,894
5,5283,894,7001
1267,5,7001,105
894,1267,105,29881
7001,894,29881,13
105,7001,13,1326
29881,105,1326,61
13,29881,61,9
1326,13,9,66
61,1326,66,2
9,61,2,4
66,9,4,4297
2,66,4297,58
4,2,58,6862
4297,4,6862,15
58,4297,15,273
6862,58,273,39
15,6862,39,354
273,15,354,73
39,273,73,2626
354,39,2626,683
73,354,683,4
2626,73,4,391
683,2626,391,10746
4,683,10746,6
391,4,6,1665
10746,391,1665,5
6,10746,5,189
1665,6,189,4948
5,1665,4948,11
189,5,11,14
4948,189,14,613
11,4948,613,4939
14,11,4939,2
613,14,2,4
4939,613,4,2282
2,4939,2282,31
4,2,31,77
2282,4,77,96
31,2282,96,70
77,31,70,45
96,77,45,1966
70,96,1966,51
45,70,51,26
1966,45,26,100
51,1966,100,72
26,51,72,1061
100,26,1061,1965
72,100,1965,73
1061,72,73,1542
1965,1061,1542,12
73,1965,12,3738
1542,73,3738,5283
12,1542,5283,14
3738,12,14,21853
5283,3738,21853,8341
14,5283,8341,80
21853,14,80,395
8341,21853,395,4054
80,8341,4054,5492
395,80,5492,37
4054,395,37,1479
5492,4054,1479,4
37,5492,4,546
1479,37,546,4
4,1479,4,11
546,4,11,1658
4,546,1658,56
11,4,56,6
1658,11,6,1206
56,1658,1206,5
6,56,5,31747
1206,6,31747,19
5,1206,19,20
31747,5,20,6412
19,31747,6412,492
20,19,492,370
6412,20,370,285
492,6412,285,11529
370,492,11529,2
285,370,2,6938
11529,285,6938,498
2,11529,498,2
6938,2,2,202
498,6938,202,15641
2,498,15641,9
202,2,9,912
15641,202,912,183
9,15641,183,337
912,9,337,6
183,912,6,159
337,183,159,3227
6,337,3227,636
159,6,636,2067
3227,159,2067,11786
636,3227,11786,31
2067,636,31,68
11786,2067,68,4697
31,11786,4697,56
68,31,56,126
4697,68,126,98
56,4697,98,106
126,56,106,50
98,126,50,53970
106,98,53970,66
50,106,66,10
53970,50,10,14
66,53970,14,1256
10,66,1256,1542
14,10,1542,31
1256,14,31,3199
1542,1256,3199,22
31,1542,22,69
3199,31,69,1864
22,3199,1864,75
69,22,75,454
1864,69,454,47
75,1864,47,6
454,75,6,20565
47,454,20565,361
6,47,361,848
20565,6,848,24
361,20565,24,1158
848,361,1158,3
24,848,3,128
1158,24,128,236
3,1158,236,4
128,3,4,1451
236,128,1451,1684
4,236,1684,5
1451,4,5,118
1684,1451,118,6588
5,1684,6588,24
118,5,24,1046
6588,118,1046,185
24,6588,185,695
1046,24,695,4
185,1046,4,163
695,185,163,3
4,695,3,6450
163,4,6450,15
3,163,15,3635
6450,3,3635,2230
15,6450,2230,23
3635,15,23,1015
2230,3635,1015,100
23,2230,100,1485
1015,23,1485,235
100,1015,235,60
1485,100,60,40303
235,1485,40303,33
60,235,33,25
40303,60,25,1415
33,40303,1415,6099
25,33,6099,9
1415,25,9,31
6099,1415,31,1521
9,6099,1521,79
31,9,79,711
1521,31,711,19
