7,270,1395,16
8,7,16,536
1395,8,536,14622
16,1395,14622,36
536,16,36,19216
14622,536,19216,4
36,14622,4,8
19216,36,8,19216
4,19216,19216,1395
8,4,1395,16
19216,8,16,48
1395,19216,48,15401
16,1395,15401,301
48,16,301,412
15401,48,412,77
301,15401,77,17
412,301,17,606
77,412,606,24
17,77,24,699
606,17,699,6
24,606,6,2249
699,24,2249,185
6,699,185,1395
2249,6,1395,16
185,2249,16,21
1395,185,21,3838
16,1395,3838,23
21,16,23,48
3838,21,48,12
23,3838,12,38
48,23,38,423
12,48,423,1539
38,12,1539,1008
423,38,1008,5
1539,423,5,2249
1008,1539,2249,1183
5,1008,1183,16
2249,5,16,26
1183,2249,26,3838
16,1183,3838,6
26,16,6,423
3838,26,423,5
6,3838,5,4516
423,6,4516,2440
5,423,2440,3114
4516,5,3114,3
2440,4516,3,2
3114,2440,2,1081
3,3114,1081,2603
2,3,2603,73
1081,2,73,2249
2603,1081,2249,103
73,2603,103,88
2249,73,88,1552
103,2249,1552,423
88,103,423,16
1552,88,16,95
423,1552,95,1395
16,423,1395,31
95,16,31,16
1395,95,16,102
31,1395,102,2249
16,31,2249,4
102,16,4,25
2249,102,25,21
4,2249,21,7844
25,4,7844,81
21,25,81,23
7844,21,23,48
81,7844,48,4
23,81,4,95
48,23,95,1395
4,48,1395,8
95,4,8,178
1395,95,178,8
8,1395,8,48
178,8,48,2249
8,178,2249,16
48,8,16,1106
2249,48,1106,4
16,2249,4,1566
1106,16,1566,9
4,1106,9,48
1566,4,48,45
9,1566,45,48
48,9,48,60
45,48,60,19
48,45,19,163
60,48,163,52
19,60,52,1310
163,19,1310,131
52,163,131,281
1310,52,281,1395
131,1310,1395,848
281,131,848,79
1395,281,79,536
848,1395,536,5
79,848,5,104
536,79,104,103
5,536,103,1715
104,5,1715,423
103,104,423,4
1715,103,4,321
423,1715,321,10
4,423,10,7
321,4,7,1552
10,321,1552,14622
7,10,14622,423
1552,7,423,8
14622,1552,8,7
423,14622,7,2442
8,423,2442,19
7,8,19,43
2442,7,43,92
19,2442,92,4
43,19,4,882
92,43,882,152
4,92,152,2
882,4,2,118
152,882,118,4069
2,152,4069,423
118,2,423,5
4069,118,5,1081
423,4069,1081,662
5,423,662,6
1081,5,6,175
662,1081,175,104
6,662,104,103
175,6,103,1552
104,175,1552,384
103,104,384,301
1552,103,301,7
384,1552,7,120
301,384,120,1424
7,301,1424,408
120,7,408,5
1424,120,5,1395
408,1424,1395,7359
5,408,7359,270
1395,5,270,40
7359,1395,40,584
270,7359,584,11988
40,270,11988,38
584,40,38,423
11988,584,423,90
38,11988,90,1395
423,38,1395,31
90,423,31,803
1395,90,803,586
31,1395,586,14622
803,31,14622,9
586,803,9,482
14622,586,482,25
9,14622,25,21
482,9,21,178
25,482,178,8
21,25,8,207
178,21,207,795
8,178,795,2249
207,8,2249,7
795,207,7,2389
2249,795,2389,9
7,2249,9,207
2389,7,207,795
9,2389,795,626
207,9,626,90
795,207,90,1395
626,795,1395,3403
90,626,3403,2
1395,90,2,4950
3403,1395,4950,2249
2,3403,2249,1637
4950,2,1637,9
2249,4950,9,76
1637,2249,76,1744
9,1637,1744,4
76,9,4,21
1744,76,21,445
4,1744,445,3884
21,4,3884,18662
445,21,18662,3002
3884,445,3002,4379
18662,3884,4379,1637
3002,18662,1637,57
4379,3002,57,1395
1637,4379,1395,1386
57,1637,1386,3
1395,57,3,3403
1386,1395,3403,2249
3,1386,2249,292
3403,3,292,12
2249,3403,12,1441
292,2249,1441,1008
12,292,1008,4
1441,12,4,4153
1008,1441,4153,5
4,1008,5,332
4153,4,332,2249
5,4153,2249,13339
332,5,13339,76
2249,332,76,122
13339,2249,122,4908
76,13339,4908,8
122,76,8,57
4908,122,57,16
8,4908,16,21
57,8,21,1155
16,57,1155,692
21,16,692,9
1155,21,9,397
692,1155,397,156
9,692,156,2
397,9,2,1211
156,397,1211,10836
2,156,10836,8613
1211,2,8613,350
10836,1211,350,104
8613,10836,104,1395
350,8613,1395,31
104,350,31,25
1395,104,25,21
31,1395,21,514
25,31,514,1552
21,25,1552,423
514,21,423,40
1552,514,40,17
423,1552,17,768
40,423,768,3
17,40,3,28801
768,17,28801,4932
3,768,4932,4
28801,3,4,3709
4932,28801,3709,5
4,4932,5,48
3709,4,48,14572
5,3709,14572,5489
48,5,5489,6
14572,48,6,20
5489,14572,20,11225
6,5489,11225,7
20,6,7,353
11225,20,353,110
7,11225,110,3
353,7,3,6144
110,353,6144,90
3,110,90,1395
6144,3,1395,270
90,6144,270,31
1395,90,31,25
270,1395,25,21
31,270,21,123
25,31,123,88
21,25,88,1715
123,21,1715,14622
88,123,14622,423
1715,88,423,54
14622,1715,54,7
423,14622,7,584
54,423,584,21
7,54,21,621
584,7,621,19
21,584,19,131
621,21,131,90
19,621,90,1395
131,19,1395,23
90,131,23,48
1395,90,48,6
23,1395,6,4160
48,23,4160,5
6,48,5,51
4160,6,51,3610
5,4160,3610,940
51,5,940,227
3610,51,227,92
940,3610,92,4
227,940,4,882
92,227,882,152
4,92,152,40
882,4,40,73
152,882,73,166
40,152,166,3
73,40,3,178
166,73,178,599
3,166,599,1081
178,3,1081,1395
599,178,1395,768
1081,599,768,3
1395,1081,3,163
768,1395,163,4932
3,768,4932,82
163,3,82,121
4932,163,121,38
82,4932,38,384
121,82,384,17
38,121,17,2584
384,38,2584,12
17,384,12,112
2584,17,112,3299
12,2584,3299,1771
44,11704,138,27
534,44,27,14
138,534,14,2
27,138,2,35005
14,27,35005,82
2,14,82,13
35005,2,13,476
82,35005,476,160
13,82,160,339
476,13,339,19
160,476,19,1328
339,160,1328,9485
19,339,9485,12
1328,19,12,318
9485,1328,318,109
12,9485,109,2656
318,12,2656,11704
109,318,11704,27
2656,109,27,99
11704,2656,99,872
27,11704,872,5
99,27,5,58
872,99,58,127
5,872,127,287
58,5,287,138
127,58,138,27
287,127,27,1298
138,287,1298,51
27,138,51,90
1298,27,90,5
51,1298,5,43
90,51,43,18
5,90,18,47
43,5,47,1144
18,43,1144,9
47,18,9,2
1144,47,2,241
9,1144,241,60
2,9,60,84
241,2,84,27
60,241,27,7
84,60,7,2
27,84,2,9397
7,27,9397,16765
2,7,16765,49
9397,2,49,460
16765,9397,460,5
49,16765,5,2
460,49,2,534
5,460,534,138
2,5,138,27
534,2,27,12
138,534,12,1015
27,138,1015,7338
12,27,7338,7
1015,12,7,1222
7338,1015,1222,5
7,7338,5,3378
1222,7,3378,30
5,1222,30,137
3378,5,137,6
30,3378,6,287
137,30,287,84
6,137,84,11704
287,6,11704,27
84,287,27,11
11704,84,11,77
27,11704,77,21
11,27,21,123
77,11,123,10
21,77,10,100
123,21,100,27
10,123,27,12433
100,10,12433,969
27,100,969,100
12433,27,100,6581
969,12433,6581,957
100,969,957,15
6581,100,15,11704
957,6581,11704,27
15,957,27,37
11704,15,37,49
27,11704,49,680
37,27,680,3
49,37,3,138
680,49,138,4
3,680,4,11
138,3,11,5181
4,138,5181,2
11,4,2,60
5181,11,60,11
2,5181,11,365
60,2,365,49
11,60,49,6635
365,11,6635,20
49,365,20,14
6635,49,14,341
20,6635,341,12
14,20,12,126
341,14,126,26
12,341,26,2408
126,12,2408,4
26,126,4,42
2408,26,42,40
4,2408,40,113
42,4,113,138
40,42,138,40
113,40,40,14
138,113,14,3
40,138,3,62
14,40,62,22
3,14,22,325
62,3,325,210
22,62,210,101
325,22,101,64
210,325,64,33
101,210,33,137
64,101,137,11704
33,64,11704,7779
137,33,7779,3
11704,137,3,468
7779,11704,468,534
3,7779,534,138
468,3,138,27
534,468,27,8
138,534,8,11
27,138,11,14
8,27,14,2
11,8,2,131
14,11,131,3915
2,14,3915,76351
131,2,76351,184
3915,131,184,3
76351,3915,3,11704
184,76351,11704,27
3,184,27,138
11704,3,138,4962
27,11704,4962,83
138,27,83,7338
4962,138,7338,99
83,4962,99,4
7338,83,4,140
99,7338,140,174
4,99,174,11
140,4,11,801
174,140,801,4
11,174,4,172
801,11,172,4
4,801,4,11
172,4,11,44
4,172,44,154
11,4,154,12
44,11,12,2003
154,44,2003,154
12,154,154,12
2003,12,12,2003
154,2003,2003,100
12,154,100,7
2003,12,7,30
100,2003,30,61
7,100,61,7
30,7,7,30
61,30,30,103
7,61,103,3491
30,7,3491,61
103,30,61,6
3491,103,6,603
61,3491,603,103
6,61,103,3491
603,6,3491,6
103,603,6,725
3491,103,725,5
6,3491,5,89
725,6,89,7
5,725,7,4344
89,5,4344,138
7,89,138,14
4344,7,14,25
138,4344,25,1758
14,138,1758,11
25,14,11,365
1758,25,365,198
11,1758,198,22
365,11,22,1015
198,365,1015,22
22,198,22,1015
1015,22,1015,1486
22,1015,1486,4
1015,22,4,2717
1486,1015,2717,61
4,1486,61,3
2717,4,3,2740
61,2717,2740,11
3,61,11,77
2740,3,77,21
11,2740,21,123
77,11,123,10
21,77,10,11
123,21,11,77
10,123,77,21
11,10,21,123
77,11,123,10
21,77,10,11
123,21,11,28
10,123,28,11
11,10,11,6563
28,11,6563,198
11,28,198,254
6563,11,254,7
198,6563,7,21
254,198,21,110
7,254,110,3
21,7,3,25
110,21,25,20
3,110,20,9
25,3,9,2090
20,25,2090,211
9,20,211,11704
2090,9,11704,30
211,2090,30,48
11704,211,48,116
30,11704,116,19
48,30,19,84
116,48,84,8
19,116,8,138
84,19,138,27
8,84,27,7
138,8,7,2
27,138,2,272
7,27,272,31
2,7,31,115
272,2,115,73
31,272,73,3
115,31,3,689
73,115,689,367
3,73,367,11
689,3,11,7
367,689,7,2
11,367,2,272
7,11,272,1529
2,7,1529,14157
272,2,14157,1529
1529,272,1529,21909
14157,1529,21909,4
1529,14157,4,11
21909,1529,11,13
4,21909,13,6290
11,4,6290,5
13,11,5,2
6290,13,2,12735
5,6290,12735,977
2,5,977,22
12735,2,22,8120
977,12735,8120,18
22,977,18,3195
8120,22,3195,4271
18,8120,4271,101004
3195,18,101004,135
4271,3195,135,127
101004,4271,127,287
135,101004,287,78
127,135,78,32
287,127,32,14
78,287,14,1817
32,78,1817,59
14,32,59,11
1817,14,11,28
59,1817,28,6
11,59,6,49
28,11,49,381
6,28,381,23
49,6,23,135
381,49,135,150
23,381,150,440
135,23,440,2
150,135,2,272
440,150,272,33
2,440,33,55
272,2,55,9902
33,272,9902,15
55,33,15,2
9902,55,2,1475
15,9902,1475,7
2,15,7,21
1475,2,21,2
7,1475,2,272
21,7,272,30
2,21,30,55
272,2,55,976
30,272,976,15
55,30,15,342
976,55,342,537
15,976,537,1183
342,15,1183,7
537,342,7,2
1183,537,2,272
7,1183,272,31
2,7,31,3074
272,2,3074,198
31,272,198,6
3074,31,6,2
198,3074,2,24831
6,198,24831,59
2,6,59,15700
24831,2,15700,19
59,24831,19,22
15700,59,22,7733
19,15700,7733,12
22,19,12,1015
7733,22,1015,7338
12,7733,7338,138
1015,12,138,27
7338,1015,27,7
138,7338,7,552
27,138,552,3
7,27,3,431
552,7,431,100
3,552,100,100
431,3,100,6581
100,431,6581,68
100,100,68,28
6581,100,28,8
68,6581,8,138
28,68,138,134
8,28,134,89
138,8,89,62
134,138,62,11
89,134,11,552
62,89,552,2
11,62,2,201
552,11,201,431
2,552,431,7
201,2,7,552
431,201,552,3
7,431,3,431
552,7,431,7
3,552,7,445
431,3,445,552
7,431,552,3
445,7,3,431
552,445,431,48
3,552,48,1105
431,3,1105,5
48,431,5,431
1105,48,431,98
5,1105,98,359
431,5,359,5
98,431,5,431
359,98,431,7
5,359,7,552
431,5,552,10
7,431,10,211
552,7,211,1677
10,552,1677,53
211,10,53,2
1677,211,2,357
53,1677,357,9
2,53,9,45
357,2,45,31
9,357,31,309
45,9,309,73
31,45,73,8
309,31,8,4900
73,309,4900,5
8,73,5,376
4900,8,376,27
5,4900,27,13
376,5,13,243
27,376,243,22
13,27,22,9397
243,13,9397,6162
22,243,6162,107
9397,22,107,12
6162,9397,12,2725
107,6162,2725,9
12,107,9,108
2725,12,108,171
9,2725,171,20
108,9,20,85
171,108,85,1482
20,171,1482,11704
85,20,11704,72
1482,85,72,721
11704,1482,721,3
72,11704,3,17
721,72,17,42
3,721,42,5
17,3,5,22
42,17,22,544
5,42,544,944
22,5,944,790
544,22,790,38
944,544,38,1510
790,944,1510,12
38,790,12,20431
1510,38,20431,6
12,1510,6,59
20431,12,59,27
6,20431,27,28
59,6,28,11
27,59,11,115
28,27,115,51
11,28,51,11
115,11,11,468
51,115,468,49
11,51,49,3
468,11,3,25
49,468,25,1468
3,49,1468,806
25,3,806,880
1468,25,880,7872
806,1468,7872,24
880,806,24,2300
7872,880,2300,339
24,7872,339,37
2300,24,37,1328
339,2300,1328,9485
37,339,9485,1328
1328,37,1328,7
9485,1328,7,2
1328,9485,2,1055
7,1328,1055,2625
2,7,2625,4
1055,2,4,872
2625,1055,872,852
4,2625,852,6
872,4,6,3785
852,872,3785,5904
6,852,5904,2629
33,52,112,39
93,33,39,24
112,93,24,2789
39,112,2789,1014
24,39,1014,33
2789,24,33,25
1014,2789,25,116
33,1014,116,98
25,33,98,5
116,25,5,20
98,116,20,1112
5,98,1112,38
20,5,38,406
1112,20,406,36
38,1112,36,2007
406,38,2007,2789
36,406,2789,523
2007,36,523,165
2789,2007,165,1104
523,2789,1104,356
165,523,356,73
1104,165,73,55246
356,1104,55246,547
73,356,547,471
55246,73,471,15376
547,55246,15376,74
471,547,74,12264
15376,471,12264,729
74,15376,729,352
12264,74,352,14
729,12264,14,146
352,729,146,203
14,352,203,38
146,14,38,4634
203,146,4634,4
38,203,4,26
4634,38,26,165
4,4634,165,757
26,4,757,330
165,26,330,631
757,165,631,192
330,757,192,236
631,330,236,36
192,631,36,62
236,192,62,6743
36,236,6743,19
62,36,19,316
6743,62,316,5
19,6743,5,2749
316,19,2749,6
5,316,6,4053
2749,5,4053,311
6,2749,311,5
4053,6,5,2
311,4053,2,5701
5,311,5701,58
2,5,58,3705
5701,2,3705,10
58,5701,10,14
3705,58,14,2
10,3705,2,541
14,10,541,56
2,14,56,97
541,2,97,9
56,541,9,2
97,56,2,105
9,97,105,1408
2,9,1408,29
105,2,29,36476
1408,105,36476,1256
29,1408,1256,37009
36476,29,37009,13
1256,36476,13,10
37009,1256,10,101
13,37009,101,1408
10,13,1408,34
101,10,34,21
1408,101,21,17
34,1408,17,97986
21,34,97986,146
17,21,146,352
97986,17,352,80
146,97986,80,19
352,146,19,7941
80,352,7941,5
19,80,5,16037
7941,19,16037,2571
5,7941,2571,11
16037,5,11,13
2571,16037,13,88
11,2571,88,106
13,11,106,911
88,13,911,106
106,88,106,336
911,106,336,129
106,911,129,4
336,106,4,911
129,336,911,1381
4,129,1381,6
911,4,6,2
1381,911,2,2746
6,1381,2746,237
2,6,237,129
2746,2,129,5
237,2746,5,98
129,237,98,94
5,129,94,5
98,5,5,536
94,98,536,97
5,94,97,6
536,5,6,39
97,536,39,632
6,97,632,289
39,6,289,352
632,39,352,2
289,632,2,6
352,289,6,452
2,352,452,11
6,2,11,20447
452,6,20447,500
11,452,500,199
20447,11,199,19
500,20447,19,41
199,500,41,65
19,199,65,38
41,19,38,1532
65,41,1532,1381
38,65,1381,5
1532,38,5,2059
1381,1532,2059,145
5,1381,145,517
2059,5,517,129
145,2059,129,5
517,145,5,225
129,517,225,2
5,129,2,3126
225,5,3126,129
2,225,129,5
3126,2,5,114
129,3126,114,203
5,129,203,4
114,5,4,129
203,114,129,5
4,203,5,95
129,4,95,31
5,129,31,44
95,5,44,4108
31,95,4108,26
44,31,26,2880
4108,44,2880,88
26,4108,88,6
2880,26,6,2
88,2880,2,629
6,88,629,7
2,6,7,70569
629,2,70569,28
7,629,28,145
70569,7,145,13
28,70569,13,37188
145,28,37188,1255
13,145,1255,52
37188,13,52,33
1255,37188,33,1132
52,1255,1132,8
33,52,8,2463
1132,33,2463,72
8,1132,72,706
2463,8,706,2
72,2463,2,542
706,72,542,3
2,706,3,320
542,2,320,2
3,542,2,387
320,3,387,24
2,320,24,2
387,2,2,4133
24,387,4133,35
2,24,35,78
4133,2,78,132
35,4133,132,17
78,35,17,108
132,78,108,12932
17,132,12932,629
108,17,629,75
12932,108,75,617
629,12932,617,71
75,629,71,1726
617,75,1726,657
71,617,657,4
1726,71,4,49
657,1726,49,1043
4,657,1043,10
49,4,10,276
1043,49,276,49
10,1043,49,4
276,10,4,2476
49,276,2476,573
4,49,573,483
2476,4,483,6
573,2476,6,207
483,573,207,35
6,483,35,29
207,6,29,1384
35,207,1384,54
29,35,54,7
1384,29,7,206
54,1384,206,11
7,54,11,608
206,7,608,39
11,206,39,632
608,11,632,173
39,608,173,61
632,39,61,26
173,632,26,146
61,173,146,57
26,61,57,5701
146,26,5701,4543
57,146,4543,9
5701,57,9,38
4543,5701,38,861
9,4543,861,29
38,9,29,75
861,38,75,4030
29,861,4030,53
75,29,53,14
4030,75,14,412
53,4030,412,274
14,53,274,3
412,14,3,89800
274,412,89800,32
3,274,32,182
89800,3,182,7
32,89800,7,2
182,32,2,1222
7,182,1222,2
2,7,2,1804
1222,2,1804,1381
2,1222,1381,11
1804,2,11,182
1381,1804,182,19
11,1381,19,72
182,11,72,2
19,182,2,6
72,19,6,11
2,72,11,2442
6,2,2442,2
11,6,2,2
2442,11,2,3587
2,2442,3587,3
2,2,3,2
3587,2,2,97
3,3587,97,51848
2,3,51848,5
97,2,5,124
51848,97,124,84
5,51848,84,2
124,5,2,140
84,124,140,49
2,84,49,18310
140,2,18310,16492
49,140,16492,77523
18310,49,77523,69
16492,18310,69,17585
77523,16492,17585,207
69,77523,207,5377
17585,69,5377,49
207,17585,49,2512
5377,207,2512,2771
49,5377,2771,12
2512,49,12,49
2771,2512,49,576
12,2771,576,46
