207,9,772,710
141,207,710,6
772,141,6,133
710,772,133,2
6,710,2,722
133,6,722,679
2,133,679,1554
722,2,1554,327
679,722,327,17
1554,679,17,4814
327,1554,4814,1019
17,327,1019,9
4814,17,9,20409
1019,4814,20409,643
9,1019,643,369
20409,9,369,232
643,20409,232,121
369,643,121,17
232,369,17,7217
121,232,7217,612
17,121,612,4
7217,17,4,1603
612,7217,1603,465
4,612,465,73
1603,4,73,2030
465,1603,2030,5023
73,465,5023,3
2030,73,3,1227
5023,2030,1227,1278
3,5023,1278,633
1227,3,633,141
1278,1227,141,772
633,1278,772,379
141,633,379,3
772,141,3,17
379,772,17,2054
3,379,2054,7329
17,3,7329,3
2054,17,3,789
7329,2054,789,2135
3,7329,2135,24
789,3,24,1644
2135,789,1644,196
24,2135,196,5327
1644,24,5327,9
196,1644,9,1121
5327,196,1121,64
9,5327,64,1121
1121,9,1121,64
64,1121,64,6157
1121,64,6157,1121
64,1121,1121,77
6157,64,77,17
1121,6157,17,5129
77,1121,5129,1525
17,77,1525,6469
5129,17,6469,633
1525,5129,633,207
6469,1525,207,141
633,6469,141,772
207,633,772,379
141,207,379,3
772,141,3,2521
379,772,2521,2
3,379,2,1792
2521,3,1792,64
2,2521,64,1792
1792,2,1792,64
64,1792,64,419
1792,64,419,68
64,1792,68,3390
419,64,3390,2890
68,419,2890,3458
3390,68,3458,12
2890,3390,12,48
3458,2890,48,176
12,3458,176,708
48,12,708,4
176,48,4,1792
708,176,1792,633
4,708,633,9597
1792,4,9597,10071
633,1792,10071,930
9597,633,930,3
10071,9597,3,3291
930,10071,3291,56
3,930,56,1497
3291,3,1497,7400
56,3291,7400,379
1497,56,379,633
7400,1497,633,3941
379,7400,3941,717
633,379,717,4
3941,633,4,11851
717,3941,11851,930
4,717,930,48
11851,4,48,176
930,11851,176,1446
48,930,1446,327
176,48,327,319
1446,176,319,2
327,1446,2,2554
319,327,2554,5
2,319,5,207
2554,2,207,85505
5,2554,85505,1092
207,5,1092,4542
85505,207,4542,643
1092,85505,643,36
4542,1092,36,936
643,4542,936,4
36,643,4,8
936,36,8,561
4,936,561,327
8,4,327,17
561,8,17,11375
327,561,11375,8327
17,327,8327,3
11375,17,3,2
8327,11375,2,2694
3,8327,2694,39754
2,3,39754,150
2694,2,150,2554
39754,2694,2554,98
150,39754,98,379
2554,150,379,646
98,2554,646,6
379,98,6,2
646,379,2,643
6,646,643,327
2,6,327,17
643,2,17,4262
327,643,4262,4
17,327,4,717
4262,17,717,3481
4,4262,3481,1019
717,4,1019,379
3481,717,379,121
1019,3481,121,17
379,1019,17,146
121,379,146,1471
17,121,1471,5
146,17,5,1210
1471,146,1210,12
5,1471,12,1494
1210,5,1494,5
12,1210,5,191
1494,12,191,156
5,1494,156,2
191,5,2,5659
156,191,5659,1086
2,156,1086,3666
5659,2,3666,4
1086,5659,4,81230
3666,1086,81230,3666
4,3666,3666,12
81230,4,12,10991
3666,81230,10991,3
12,3666,3,1142
10991,12,1142,678
3,10991,678,1061
1142,3,1061,53
678,1142,53,16
1061,678,16,314
53,1061,314,648
16,53,648,12
314,16,12,91
648,314,91,5
12,648,5,163
91,12,163,41
5,91,41,1563
163,5,1563,3
41,163,3,224
1563,41,224,15
3,1563,15,4507
224,3,4507,2102
15,224,2102,36
4507,15,36,2
2102,4507,2,1698
36,2102,1698,4469
2,36,4469,771
1698,2,771,1882
4469,1698,1882,41
771,4469,41,1563
1882,771,1563,4
41,1882,4,7884
1563,41,7884,3
4,1563,3,91
7884,4,91,30609
3,7884,30609,844
91,3,844,1469
30609,91,1469,4
844,30609,4,19593
1469,844,19593,959
4,1469,959,443
19593,4,443,4499
959,19593,4499,2469
443,959,2469,2532
4499,443,2532,12
2469,4499,12,6459
2532,2469,6459,17375
12,2532,17375,4
6459,12,4,338
17375,6459,338,179
4,17375,179,392
338,4,392,2
179,338,2,722
392,179,722,217
2,392,217,667
722,2,667,97
217,722,97,679
667,217,679,5
97,667,5,176
679,97,176,3
5,679,3,181
176,5,181,176
3,176,176,4732
181,3,4732,944
176,181,944,5
4732,176,5,176
944,4732,176,4732
5,944,4732,4
176,5,4,907
4732,176,907,5
4,4732,5,176
907,4,176,643
5,907,643,121
176,5,121,1019
643,176,1019,17
121,643,17,3044
1019,121,3044,4
17,1019,4,702
3044,17,702,3
4,3044,3,929
702,4,929,38
3,702,38,90391
929,3,90391,392
38,929,392,150
90391,38,150,2554
392,90391,2554,5
150,392,5,7400
2554,150,7400,379
5,2554,379,25
7400,5,25,26
379,7400,26,25
25,379,25,72
26,25,72,93
25,26,93,1900
72,25,1900,2322
93,72,2322,2219
1900,93,2219,9268
2322,1900,9268,5
2219,2322,5,176
9268,2219,176,163
5,9268,163,123
176,5,123,351
163,176,351,215
123,163,215,537
351,123,537,48059
215,351,48059,4111
537,215,4111,4
48059,537,4,613
4111,48059,613,2252
4,4111,2252,176
613,4,176,379
2252,613,379,16
176,2252,16,1092
379,176,1092,21
16,379,21,2
1092,16,2,2832
21,1092,2832,5
2,21,5,215
2832,2,215,633
5,2832,633,23
215,5,23,275
633,215,275,66
23,633,66,175
275,23,175,1980
66,275,1980,2490
175,66,2490,215
1980,175,215,4
2490,1980,4,1092
215,2490,1092,176
4,215,176,2504
1092,4,2504,319
176,1092,319,105196
2504,176,105196,537
319,2504,537,4
105196,319,4,2461
537,105196,2461,203
4,537,203,3636
2461,4,3636,4
203,2461,4,531
3636,203,531,86
4,3636,86,3
531,4,3,17
86,531,17,91
3,86,91,6
17,3,6,3629
91,17,3629,13026
6,91,13026,3196
3629,6,3196,6064
13026,3629,6064,543
3196,13026,543,33
6064,3196,33,176
543,6064,176,2
33,543,2,2
176,33,2,124
2,176,124,1464
2,2,1464,4886
124,2,4886,1334
1464,124,1334,62
4886,1464,62,8
1334,4886,8,19828
62,1334,19828,572
8,62,572,713
19828,8,713,36
572,19828,36,4042
713,572,4042,3756
36,713,3756,156
4042,36,156,2
3756,4042,2,2076
156,3756,2076,13734
2,156,13734,104
2076,2,104,1456
13734,2076,1456,392
104,13734,392,2
1456,104,2,1130
392,1456,1130,743
2,392,743,9
1130,2,9,70
743,1130,70,553
9,743,553,4
70,9,4,121
553,70,121,21
4,553,21,17
121,4,17,4413
21,121,4413,443
17,21,443,543
4413,17,543,3852
443,4413,3852,1900
543,443,1900,379
3852,543,379,24
1900,3852,24,543
379,1900,543,379
24,379,379,147
543,24,147,3
379,543,3,17
147,379,17,41
3,147,41,6
17,3,6,2605
41,17,2605,15
6,41,15,45
2605,6,45,26
15,2605,26,16
45,15,16,3268
26,45,3268,3
16,26,3,789
3268,16,789,117
3,3268,117,39720
789,3,39720,2456
117,789,2456,10
39720,117,10,7
2456,39720,7,3092
10,2456,3092,605
7,10,605,9
3092,7,9,2
605,3092,2,308
9,605,308,1705
2,9,1705,3
308,2,3,1406
1705,308,1406,3
3,1705,3,2
1406,3,2,972
3,1406,972,6
2,3,6,15
972,2,15,419
6,972,419,6
15,6,6,435
419,15,435,54
6,419,54,93
435,6,93,81
54,435,81,489
93,54,489,59
81,93,59,176
489,81,176,16
59,489,16,11297
176,59,11297,20
16,176,20,96
11297,16,96,10
20,11297,10,31807
96,20,31807,1130
10,96,1130,12
31807,10,12,553
1130,31807,553,613
12,1130,613,59
553,12,59,2076
613,553,2076,465
59,613,465,155
2076,59,155,3
465,2076,3,732
155,465,732,16
3,155,16,683
732,3,683,11622
16,732,11622,141
683,16,141,3
11622,683,3,789
141,11622,789,553
3,141,553,100
789,3,100,1767
553,789,1767,101
100,553,101,4
1767,100,4,91
101,1767,91,428
4,101,428,64
91,4,64,11622
428,91,11622,3964
64,428,3964,375
11622,64,375,75
3964,11622,75,2791
375,3964,2791,48
75,375,48,11622
2791,75,11622,2065
48,2791,2065,155
11622,48,155,995
2065,11622,995,3
155,2065,3,944
995,155,944,5
3,995,5,176
944,3,176,4732
5,944,4732,4
176,5,4,907
4732,176,907,5
4,4732,5,176
907,4,176,643
5,907,643,117
176,5,117,717
643,176,717,92353
117,643,92353,12
717,117,12,717
92353,717,717,91
12,92353,91,2085
717,12,2085,3039
91,717,3039,3836
2085,91,3836,117
3039,2085,117,432
3836,3039,432,1086
117,3836,1086,940
432,117,940,392
1086,432,392,2
940,1086,2,150
392,940,150,528
2,392,528,3021
150,2,3021,3
528,150,3,104
3021,528,104,2809
3,3021,2809,22200
104,3,22200,20
2809,104,20,590
22200,2809,590,7
20,22200,7,5481
590,20,5481,306
7,590,306,259
5481,7,259,71516
306,5481,71516,2076
259,306,2076,16
71516,259,16,72
2076,71516,72,618
16,2076,618,15
72,16,15,2
618,72,2,6157
15,618,6157,16269
2,15,16269,2
6157,2,2,8
16269,6157,8,53
2,16269,53,34
8,2,34,17
53,8,17,182
34,53,182,5
17,34,5,97747
182,17,97747,757
5,182,757,72
97747,5,72,3
757,97747,3,551
72,757,551,329
3,72,329,89
551,3,89,1400
329,551,1400,351
89,329,351,29
1400,89,29,140
351,1400,140,8
29,351,8,34
140,29,34,7539
8,140,7539,7595
34,8,7595,2
7539,34,2,7
7595,7539,7,78
2,7595,78,21743
7,2,21743,100
78,7,100,174
21743,78,174,2
100,21743,2,200
174,100,200,1504
2,174,1504,17066
200,2,17066,5650
1504,200,5650,100
17066,1504,100,82
5650,17066,82,757
100,5650,757,12
82,100,12,2
757,82,2,33679
12,757,33679,82
2,12,82,3
33679,2,3,2365
82,33679,2365,2339
3,82,2339,1148
2365,3,1148,696
2339,2365,696,3
1148,2339,3,1402
696,1148,1402,4679
3,696,4679,296
1402,3,296,1037
4679,1402,1037,6
296,4679,6,119
1037,296,119,104
6,1037,104,128
119,6,128,66
104,119,66,43
128,104,43,215
66,128,215,7
43,66,7,6
215,43,6,278
7,215,278,1426
6,7,1426,293
278,6,293,4
1426,278,4,43
293,1426,43,1129
4,293,1129,644
43,4,644,7002
1129,43,7002,4
644,1129,4,3107
7002,644,3107,74
4,7002,74,1092
3107,4,1092,4679
74,3107,4679,4
1092,74,4,1377
4679,1092,1377,206
4,4679,206,121
1377,4,121,166
206,1377,166,137
121,206,137,98
166,121,98,282
137,166,282,59
98,137,59,10
282,98,10,609
59,282,609,48
10,59,48,20
609,10,20,2628
48,609,2628,1039
20,48,1039,190
2628,20,190,9806
1039,2628,9806,76543
190,1039,76543,8
9806,190,8,147
76543,9806,147,3
8,76543,3,93
147,8,93,3397
3,147,3397,61
93,3,61,338
3397,93,338,3782
378,5662,404,78
66,378,78,32
404,66,32,2717
78,404,2717,12
32,78,12,695
2717,32,695,23
12,2717,23,135
695,12,135,150
23,695,150,440
135,23,440,2
150,135,2,2347
440,150,2347,475
2,440,475,99
2347,2,99,1220
475,2347,1220,429
99,475,429,330
1220,99,330,11
429,1220,11,2717
330,429,2717,12
11,330,12,695
2717,11,695,23
12,2717,23,440
695,12,440,2
23,695,2,99
440,23,99,565
2,440,565,3
99,2,3,1205
565,99,1205,127
3,565,127,499
1205,3,499,5
127,1205,5,2
499,127,2,372
5,499,372,43
2,5,43,105
372,2,105,88462
43,372,88462,570
105,43,570,14
88462,105,14,2476
570,88462,2476,2228
14,570,2228,429
2476,14,429,1571
2228,2476,1571,2
429,2228,2,32
1571,429,32,365
2,1571,365,695
32,2,695,15
365,32,15,4
695,365,4,341
15,695,341,24825
4,15,24825,3
341,4,3,494
24825,341,494,145
3,24825,145,267
494,3,267,76
145,494,76,5
267,145,5,894
76,267,894,6130
5,76,6130,49
894,5,49,499
6130,894,499,15
49,6130,15,12552
499,49,12552,6
15,499,6,1682
12552,15,1682,70218
6,12552,70218,1046
1682,6,1046,315
70218,1682,315,1065
1046,70218,1065,12
315,1046,12,29182
1065,315,29182,1313
12,1065,1313,24
29182,12,24,970
1313,29182,970,138
24,1313,138,27
970,24,27,2
138,970,2,149
27,138,149,2
2,27,2,2532
149,2,2532,12
2,149,12,2943
2532,2,2943,792
12,2532,792,11
2943,12,11,40
792,2943,40,420
11,792,420,12
40,11,12,238
420,40,238,188
12,420,188,4
238,12,4,60010
188,238,60010,3994
4,188,3994,24
60010,4,24,49
3994,60010,49,381
24,3994,381,1526
49,24,1526,5
381,49,5,1175
1526,381,1175,665
5,1526,665,1556
1175,5,1556,4
665,1175,4,915
1556,665,915,11
4,1556,11,7
915,4,7,93
11,915,93,6
7,11,6,2
93,7,2,3493
6,93,3493,23
2,6,23,27
3493,2,27,1178
23,3493,1178,1018
27,23,1018,12
1178,27,12,449
1018,1178,449,2406
12,1018,2406,133
449,12,133,254
2406,449,254,30
133,2406,30,34
254,133,34,21
30,254,21,1018
34,30,1018,2
21,34,2,94740
1018,21,94740,68
2,1018,68,1664
94740,2,1664,49
68,94740,49,6642
1664,68,6642,1175
49,1664,1175,1222
6642,49,1222,5
1175,6642,5,49
1222,1175,49,1010
5,1222,1010,19244
49,5,19244,3
1010,49,3,25
19244,1010,25,48
3,19244,48,201
25,3,201,33
48,25,33,55
201,48,55,9
33,201,9,48
55,33,48,45
9,55,45,33
48,9,33,55
45,48,55,6
33,45,6,48
55,33,48,107
6,55,107,33
48,6,33,55
107,48,55,2
33,107,2,241
55,33,241,2
2,55,2,367
241,2,367,33
2,241,33,53406
367,2,53406,24
33,367,24,32
53406,33,32,395
24,53406,395,352
32,24,352,2
395,32,2,99
352,395,99,1434
2,352,1434,127
99,2,127,287
1434,99,287,24
127,1434,24,2
287,127,2,372
24,287,372,43
2,24,43,105
372,2,105,97
43,372,97,49
105,43,49,1412
97,105,1412,3950
49,97,3950,7
1412,49,7,68
3950,1412,68,395
7,3950,395,352
68,7,352,454
395,68,454,161
352,395,161,5
454,352,5,49
161,454,49,804
5,161,804,296
49,5,296,2
804,49,2,127
296,804,127,94
2,296,94,9
127,2,9,38
94,127,38,20481
9,94,20481,353
38,9,353,164
20481,38,164,2
353,20481,2,2
164,353,2,2043
2,164,2043,70
2,2,70,2
2043,2,2,2043
70,2043,2043,162
2,70,162,2
2043,2,2,2043
162,2043,2043,1010
2,162,1010,4
2043,2,4,1904
1010,2043,1904,6
4,1010,6,994
1904,4,994,2
6,1904,2,131
994,6,131,131
2,994,131,2043
131,2,2043,1412
131,131,1412,3950
2043,131,3950,32
1412,2043,32,28
3950,1412,28,6
32,3950,6,49
28,32,49,381
6,28,381,9053
49,6,9053,49
381,49,49,39363
9053,381,39363,353
49,9053,353,25
39363,49,25,5071
353,39363,5071,3
25,353,3,17
5071,25,17,49
3,5071,49,1412
17,3,1412,11
49,17,11,96
1412,49,96,180
11,1412,180,2043
96,11,2043,207
180,96,207,795
2043,180,795,44
207,2043,44,32
795,207,32,23492
44,795,23492,78
32,44,78,32
23492,32,32,517
78,23492,517,499
32,78,499,273
517,32,273,194
499,517,194,2274
273,499,2274,49
194,273,49,1804
2274,194,1804,330
49,2274,330,14
1804,49,14,40
330,1804,40,11
14,330,11,17
40,14,17,458
11,40,458,3
17,11,3,4238
458,17,4238,769
3,458,769,4
4238,3,4,3303
769,4238,3303,11
4,769,11,147
3303,4,147,6
11,3303,6,316
147,11,316,9
6,147,9,162
316,6,162,3
9,316,3,93
162,9,93,405
3,162,405,49
93,3,49,11
405,93,11,14
49,405,14,2290
11,49,2290,3
14,11,3,1673
2290,14,1673,63
3,2290,63,617
1673,3,617,71
63,1673,71,650
617,63,650,2341
71,617,2341,11
650,71,11,403
2341,650,403,3
11,2341,3,858
403,11,858,86114
3,403,86114,7
858,3,7,2038
86114,858,2038,87
7,86114,87,5
2038,7,5,71
87,2038,71,792
5,87,792,32
71,5,32,4373
792,71,4373,4
32,792,4,740
4373,32,740,23
4,4373,23,97
740,4,97,2411
23,740,2411,11
97,23,11,68
2411,97,68,13299
11,2411,13299,9359
68,11,9359,49
13299,68,49,159
9359,13299,159,895
49,9359,895,494
159,49,494,145
895,159,145,6
494,895,6,99
145,494,99,281
6,145,281,985
99,6,985,5
281,99,5,49
985,281,49,381
5,985,381,2008
49,5,2008,3
381,49,3,9617
2008,381,9617,22
3,2008,22,103272
9617,3,103272,744
22,9617,744,394
103272,22,394,723
744,103272,723,3
394,744,3,970
723,394,970,138
3,723,138,27
970,3,27,2
138,970,2,11
27,138,11,19236
2,27,19236,583
11,2,583,351
19236,11,351,23
583,19236,23,22
351,583,22,69
23,351,69,4
22,23,4,1162
69,22,1162,2
4,69,2,1641
1162,4,1641,9
2,1162,9,49
1641,2,49,30541
9,1641,30541,329
49,9,329,580
30541,49,580,468
329,30541,468,33
580,329,33,67
468,580,67,133
33,468,133,7
67,33,7,2021
133,67,2021,30
7,133,30,16
2021,7,16,21
30,2021,21,25
16,30,25,329
21,16,329,580
25,21,580,468
329,25,468,33
580,329,33,30
468,580,30,25
33,468,25,18
30,33,18,51
25,30,51,10
18,25,10,41998
51,18,41998,25
10,51,25,32
41998,10,32,4261
25,41998,4261,218
32,25,218,3
4261,32,3,468
218,4261,468,1263
3,218,1263,3
468,3,3,208
1263,468,208,178
3,1263,178,480
208,3,480,31
178,208,31,44
480,178,44,11
31,480,11,55
44,31,55,1729
11,44,1729,133
55,11,133,12
1729,55,12,22
133,1729,22,83
12,133,83,1876
22,12,1876,3
83,22,3,14714
1876,83,14714,7
3,1876,7,8808
14714,3,8808,207
7,14714,207,128
8808,7,128,42
207,8808,42,5
128,207,5,43
42,128,43,32
5,42,32,4261
43,5,4261,30
32,43,30,12
4261,32,12,3
30,4261,3,91
12,30,91,49
3,12,49,69
91,3,69,2850
49,91,2850,254
69,49,254,30
2850,69,30,55
254,2850,55,1729
30,254,1729,10
55,30,10,570
1729,55,570,4
10,1729,4,1664
570,10,1664,49
4,570,49,563
1664,4,563,10
49,1664,10,123
563,49,123,2
10,563,2,104222
123,10,104222,570
2,123,570,7
104222,2,7,21
570,104222,21,72
7,570,72,2
21,7,2,2850
72,21,2850,9
2,72,9,67
2850,2,67,69
9,2850,69,29
67,9,29,2
69,67,2,8230
29,69,8230,1291
2,29,1291,11
8230,2,11,5932
1291,8230,5932,146
11,1291,146,1373
5932,11,1373,627
146,5932,627,1075
1373,146,1075,557
627,1373,557,30409
