189,827,9551,121
410,189,121,17
9551,410,17,10835
121,9551,10835,5
17,121,5,104
10835,17,104,531
5,10835,531,904
104,5,904,35
531,104,35,9
904,531,9,202
35,904,202,3
9,35,3,192
10,126,7,2817
39644,10,2817,326
7,39644,326,2817
2817,7,2817,326
326,2817,326,7
2817,326,7,4
326,2817,4,344
7,326,344,35964
4,7,35964,7131
344,4,7131,3599
35964,344,3599,8
7131,35964,8,28
3599,7131,28,616
8,3599,616,6
28,8,6,20346
616,28,20346,4786
6,616,4786,45156
20346,6,45156,5
4786,20346,5,40384
45156,4786,40384,5
5,45156,5,1487
40384,5,1487,593
5,40384,593,654
1487,5,654,7
593,1487,7,80
654,593,80,615
7,654,615,79
80,7,79,344
615,80,344,564
79,615,564,8
344,79,8,20
564,344,20,2817
8,564,2817,671
20,8,671,6
2817,20,6,3683
671,2817,3683,66123
6,671,66123,1870
3683,6,1870,2
66123,3683,2,531
1870,66123,531,2034
2,1870,2034,5
531,2,5,3330
2034,531,3330,974
5,2034,974,5
3330,5,5,5198
974,3330,5198,1537
5,974,1537,4
5198,5,4,5870
1537,5198,5870,10
4,1537,10,7
5870,4,7,68
10,5870,68,2
7,10,2,3096
68,7,3096,2040
2,68,2040,6
3096,2,6,1506
2040,3096,1506,6269
6,2040,6269,5
1506,6,5,2
6269,1506,2,2111
5,6269,2111,4705
2,5,4705,107895
2111,2,107895,1210
4705,2111,1210,16
107895,4705,16,80
1210,107895,80,615
16,1210,615,79
80,16,79,10
615,80,10,564
79,615,564,6
10,79,6,3330
564,10,3330,28212
6,564,28212,1698
3330,6,1698,7750
28212,3330,7750,156
1698,28212,156,2
7750,1698,2,13025
156,7750,13025,4
2,156,4,11525
13025,2,11525,1537
4,13025,1537,4
11525,4,4,122
1537,11525,122,90
4,1537,90,5
122,4,5,43
90,122,43,132
5,90,132,25
43,5,25,149
132,43,149,6
25,132,6,470
149,25,470,3072
6,149,3072,2817
470,6,2817,326
3072,470,326,4221
2817,3072,4221,30
326,2817,30,55
4221,326,55,91
30,4221,91,4
55,30,4,2652
91,55,2652,2979
4,91,2979,3
2652,4,3,93
2979,2652,93,2
3,2979,2,529
93,3,529,869
2,93,869,5
529,2,5,814
869,529,814,2469
5,869,2469,9
814,5,9,20
2469,814,20,921
9,2469,921,7131
20,9,7131,20169
921,20,20169,6
7131,921,6,209
20169,7131,209,53
6,20169,53,16
209,6,16,90
53,209,90,677
16,53,677,686
90,16,686,15
677,90,15,2817
686,677,2817,326
15,686,326,33
2817,15,33,584
326,2817,584,18
33,326,18,2
584,33,2,281
18,584,281,6
2,18,6,112
281,2,112,111
6,281,111,101
112,6,101,84713
111,112,84713,15
101,111,15,2817
84713,101,2817,35284
15,84713,35284,16
2817,15,16,8429
35284,2817,8429,686
16,35284,686,15
8429,16,15,2817
686,8429,2817,326
15,686,326,8
2817,15,8,33
326,2817,33,121
8,326,121,1680
33,8,1680,803
121,33,803,1197
1680,121,1197,3
803,1680,3,112
1197,803,112,46897
3,1197,46897,16
112,3,16,42
46897,112,42,325
16,46897,325,2817
42,16,2817,326
325,42,326,686
2817,325,686,72
326,2817,72,4
686,326,4,5981
72,686,5981,5
4,72,5,8938
5981,4,8938,800
5,5981,800,2
8938,5,2,7392
800,8938,7392,29998
2,800,29998,5
7392,2,5,2817
29998,7392,2817,326
5,29998,326,33
2817,5,33,55
326,2817,55,68
33,326,68,93
55,33,93,112
68,55,112,2817
93,68,2817,326
112,93,326,147
2817,112,147,6
326,2817,6,729
147,326,729,5
6,147,5,8938
729,6,8938,3881
5,729,3881,4
8938,5,4,8938
3881,8938,8938,649
4,3881,649,30
8938,4,30,40
649,8938,40,3403
30,649,3403,3033
40,30,3033,1382
3403,40,1382,8938
3033,3403,8938,52
1382,3033,52,1382
8938,1382,1382,60176
52,8938,60176,1382
1382,52,1382,137
60176,1382,137,156
1382,60176,156,2
137,1382,2,23226
156,137,23226,5656
2,156,5656,4
23226,2,4,11594
5656,23226,11594,16
4,5656,16,190
11594,4,190,677
16,11594,677,686
190,16,686,15
677,190,15,2817
686,677,2817,326
15,686,326,6
2817,15,6,209
326,2817,209,3033
6,326,3033,72
209,6,72,108535
3033,209,108535,5
72,3033,5,2
108535,72,2,3582
5,108535,3582,5
2,5,5,23226
3582,2,23226,137
5,3582,137,276
23226,5,276,33
137,23226,33,5
276,137,5,112
33,276,112,3884
5,33,3884,814
112,5,814,734
3884,112,734,395
814,3884,395,81
734,814,81,42
395,734,42,5
81,395,5,325
42,81,325,2817
5,42,2817,326
325,5,326,686
2817,325,686,33
326,2817,33,55
686,326,55,389
33,686,389,3504
55,33,3504,54656
389,55,54656,19455
3504,389,19455,7
54656,3504,7,1529
19455,54656,1529,42
7,19455,42,5
1529,7,5,16010
42,1529,16010,4458
5,42,4458,33
16010,5,33,55
4458,16010,55,389
33,4458,389,12
55,33,12,2
389,55,2,814
12,389,814,1631
2,12,1631,4691
814,2,4691,508
1631,814,508,3
4691,1631,3,17
508,4691,17,422
3,508,422,6
17,3,6,2817
422,17,2817,3878
6,422,3878,2817
2817,6,2817,2
3878,2817,2,4
2817,3878,4,2817
2,2817,2817,832
4,2,832,3504
2817,4,3504,19455
832,2817,19455,7
3504,832,7,190
19455,3504,190,686
7,19455,686,422
190,7,422,6
686,190,6,2817
422,686,2817,326
6,422,326,72
2817,6,72,42
326,2817,42,3582
72,326,3582,5
42,72,5,9634
3582,42,9634,3504
5,3582,3504,19455
9634,5,19455,1425
3504,9634,1425,34
19455,3504,34,420
1425,19455,420,33
34,1425,33,15
420,34,15,462
33,420,462,5
15,33,5,112
462,15,112,814
5,462,814,3884
112,5,3884,6842
814,112,6842,67858
3884,814,67858,3
6842,3884,3,3504
67858,6842,3504,19455
3,67858,19455,6842
3504,3,6842,1425
19455,3504,1425,16
6842,19455,16,131
1425,6842,131,5439
16,1425,5439,448
131,16,448,4
5439,131,4,34
448,5439,34,420
4,448,420,2
34,4,2,2784
420,34,2784,5
2,420,5,283
2784,2,283,685
5,2784,685,21
283,5,21,86
685,283,86,16
21,685,16,26
86,21,26,42
16,86,42,5
26,16,5,325
42,26,325,2817
5,42,2817,326
325,5,326,686
2817,325,686,29
326,2817,29,6842
686,326,6842,1425
29,686,1425,16
6842,29,16,68
1425,6842,68,422
16,1425,422,6
68,16,6,2817
422,68,2817,3878
6,422,3878,2817
2817,6,2817,2
3878,2817,2,18215
2817,3878,18215,4
2,2817,4,2817
18215,2,2817,832
4,18215,832,3033
2817,4,3033,72
832,2817,72,42
3033,832,42,3582
72,3033,3582,5
42,72,5,9634
3582,42,9634,6842
5,3582,6842,1425
9634,5,1425,1778
6842,9634,1778,37
1425,6842,37,5
1778,1425,5,112
37,1778,112,814
5,37,814,8246
112,5,8246,2469
814,112,2469,30
8246,814,30,40
2469,8246,40,3403
30,2469,3403,3033
40,30,3033,2652
3403,40,2652,6842
3033,3403,6842,1425
2652,3033,1425,52
6842,2652,52,89789
1425,6842,89789,132
52,1425,132,21
89789,52,21,17
132,89789,17,112
21,132,112,1954
17,21,1954,14747
112,17,14747,29
1954,112,29,10
14747,1954,10,7
29,14747,7,42
10,29,42,5
7,10,5,325
42,7,325,22294
5,42,22294,1425
325,5,1425,33
22294,325,33,55
1425,22294,55,2
33,1425,2,3
55,33,3,112
2,55,112,2979
3,2,2979,21
112,3,21,86
2979,112,86,7
21,2979,7,10
86,21,10,42
7,86,42,5
10,7,5,325
42,10,325,6235
5,42,6235,686
325,5,686,4
6235,325,4,3212
686,6235,3212,422
4,686,422,6
3212,4,6,18215
422,3212,18215,10
6,422,10,68
18215,6,68,42
10,18215,42,5
68,10,5,325
42,68,325,2817
5,42,2817,326
325,5,326,686
2817,325,686,2
326,2817,2,149
686,326,149,72
2,686,72,42
149,2,42,3582
72,149,3582,5
42,72,5,9634
3582,42,9634,17447
5,3582,17447,34
9634,5,34,420
17447,9634,420,33
34,17447,33,15
420,34,15,3129
33,420,3129,5
15,33,5,112
3129,15,112,814
5,3129,814,147
112,5,147,666
814,112,666,1197
147,814,1197,2381
666,147,2381,17447
1197,666,17447,3
2381,1197,3,112
17447,2381,112,15653
3,17447,15653,3
112,3,3,96
15653,112,96,81
3,15653,81,3072
96,3,3072,18989
81,96,18989,67866
3072,81,67866,18989
18989,3072,18989,1425
67866,18989,1425,132
18989,67866,132,18
1425,18989,18,2
132,1425,2,2218
18,132,2218,3130
2,18,3130,35
2218,2,35,26
3130,2218,26,16
35,3130,16,131
26,35,131,422
16,26,422,6
131,16,6,90
422,131,90,2580
6,422,2580,5439
90,6,5439,73
2580,90,73,798
5439,2580,798,5
73,5439,5,22294
798,73,22294,1425
5,798,1425,12
22294,5,12,20
1425,22294,20,590
12,1425,590,72
20,12,72,42
590,20,42,3582
72,590,3582,34
42,72,34,420
3582,42,420,33
34,3582,33,15
420,34,15,2117
33,420,2117,5
15,33,5,2817
2117,15,2817,3878
5,2117,3878,2817
2817,5,2817,2
3878,2817,2,2817
2817,3878,2817,832
2,2817,832,4
2817,2,4,18215
832,2817,18215,21
4,832,21,3
18215,4,3,1526
21,18215,1526,3129
3,21,3129,5
1526,3,5,112
3129,1526,112,814
5,3129,814,2469
112,5,2469,5
814,112,5,2817
2469,814,2817,76010
5,2469,76010,7
2817,5,7,190
76010,2817,190,306
7,76010,306,24168
190,7,24168,4458
306,190,4458,33
24168,306,33,121
4458,24168,121,389
33,4458,389,2
121,33,2,465
389,121,465,2
2,389,2,451
465,2,451,15206
2,465,15206,7
451,2,7,131
15206,451,131,422
7,15206,422,6
131,7,6,90
422,131,90,5439
6,422,5439,6
90,6,6,209
5439,90,209,72
6,5439,72,42
209,6,42,3582
72,209,3582,5
42,72,5,9634
3582,42,9634,15206
5,3582,15206,55
9634,5,55,276
15206,9634,276,33
55,15206,33,462
276,55,462,5
33,276,5,112
462,33,112,814
5,462,814,2817
112,5,2817,326
814,112,326,2469
2817,814,2469,30
326,2817,30,40
2469,326,40,3403
30,2469,3403,3033
40,30,3033,2652
3403,40,2652,15206
3033,3403,15206,52
2652,3033,52,1417
15206,2652,1417,85775
52,15206,85775,1417
1417,52,1417,137
85775,1417,137,649
1417,85775,649,16
137,1417,16,131
649,137,131,201
16,649,201,333
131,16,333,9
201,131,9,2817
333,201,2817,326
9,333,326,2
2817,9,2,149
326,2817,149,325
2,326,325,649
149,2,649,15
325,149,15,2817
649,325,2817,326
15,649,326,7
2817,15,7,12359
326,2817,12359,24579
7,326,24579,649
12359,7,649,6
24579,12359,6,209
649,24579,209,42
6,649,42,18901
209,6,18901,5
42,209,5,20
18901,42,20,649
5,18901,649,514
20,5,514,5
649,20,5,112
514,649,112,814
5,514,814,2817
112,5,2817,326
814,112,326,2469
2817,814,2469,23226
326,2817,23226,649
2469,326,649,7
23226,2469,7,190
649,23226,190,3665
7,649,3665,1244
190,7,1244,2
3665,190,2,10
1244,3665,10,420
2,1244,420,74
10,2,74,12671
420,10,12671,5
74,420,5,2817
12671,74,2817,4
5,12671,4,55
2817,5,55,1529
4,2817,1529,17
55,4,17,17
1529,55,17,91
17,1529,91,9
17,17,9,6693
91,17,6693,57
9,91,57,306
6693,9,306,104343
57,6693,104343,649
306,57,649,364
104343,306,364,69518
649,104343,69518,649
364,649,649,6012
69518,364,6012,649
649,69518,649,57981
6012,649,57981,649
649,6012,649,15
57981,649,15,462
649,57981,462,12671
15,649,12671,5
462,15,5,2817
12671,462,2817,326
5,12671,326,7631
2817,5,7631,649
326,2817,649,4
7631,326,4,45086
649,7631,45086,649
4,649,649,30
45086,4,30,40
649,45086,40,3403
30,649,3403,86
40,30,86,2788
3403,40,2788,649
86,3403,649,8
2788,86,8,16
649,2788,16,1411
8,649,1411,735
16,8,735,43100
1411,16,43100,4
735,1411,4,69146
43100,735,69146,1960
4,43100,1960,12680
69146,4,12680,171
1960,69146,171,2
12680,1960,2,241
171,12680,241,43758
2,171,43758,3033
241,2,3033,72
43758,241,72,42
3033,43758,42,5981
72,3033,5981,5
42,72,5,36877
5981,42,36877,55
5,5981,55,420
36877,5,420,33
55,36877,33,15
420,55,15,3129
33,420,3129,5
15,33,5,67
3129,15,67,814
5,3129,814,2469
67,5,2469,5
814,67,5,2817
2469,814,2817,326
5,2469,326,9
2817,5,9,4
326,2817,4,1099
9,326,1099,3
4,9,3,3033
1099,4,3033,5906
3,1099,5906,666
3033,3,666,2999
5906,3033,2999,36877
666,5906,36877,3881
2999,666,3881,6
36877,2999,6,112
3881,36877,112,736
6,3881,736,4488
112,6,4488,472
736,112,472,5
4488,736,5,3881
472,4488,3881,36
5,472,36,28596
3881,5,28596,6541
36,3881,6541,84889
28596,36,84889,4
6541,28596,4,5981
84889,6541,5981,5
4,84889,5,104
5981,4,104,5906
5,5981,5906,3
104,5,3,476
5906,104,476,33
3,5906,33,982
476,3,982,42
33,476,42,2177
982,33,2177,1778
42,982,1778,12671
2177,42,12671,5
1778,2177,5,2817
12671,1778,2817,326
5,12671,326,33
2817,5,33,55
326,2817,55,68
33,326,68,91
55,33,91,6541
68,55,6541,5906
91,68,5906,649
6541,91,649,9
5906,6541,9,453
649,5906,453,283
9,649,283,49443
453,9,49443,42
283,453,42,5
49443,283,5,97635
42,49443,97635,686
5,42,686,15
97635,5,15,2817
686,97635,2817,326
15,686,326,12419
2817,15,12419,929
326,2817,929,1160
12419,326,1160,58463
929,12419,58463,13253
1160,929,13253,686
58463,1160,686,72
13253,58463,72,727
686,13253,727,5
72,686,5,4
727,72,4,12419
5,727,12419,514
4,5,514,41
12419,4,41,65
514,12419,65,12671
41,514,12671,5
65,41,5,2817
12671,65,2817,326
5,12671,326,12419
2817,5,12419,16
326,2817,16,131
12419,326,131,1041
16,12419,1041,3
131,16,3,7606
1041,131,7606,79
3,1041,79,112
7606,3,112,2979
79,7606,2979,30
112,79,30,40
2979,112,40,3403
30,2979,3403,1197
40,30,1197,6441
3403,40,6441,12419
1197,3403,12419,3
6441,1197,3,112
12419,6441,112,7259
3,12419,7259,2
112,3,2,8172
7259,112,8172,36
2,7259,36,7620
8172,2,7620,61
36,8172,61,2
7620,36,2,52410
61,7620,52410,1207
2,61,1207,84
52410,2,84,13566
1207,52410,13566,13
84,1207,13,47
13566,84,47,1050
13,13566,1050,42
47,13,42,5
1050,47,5,325
42,1050,325,15888
5,42,15888,686
325,5,686,29
15888,325,29,10
686,15888,10,68
29,686,68,42
10,29,42,5
68,10,5,16010
42,68,16010,686
5,42,686,422
16010,5,422,6
686,16010,6,2817
422,686,2817,326
6,422,326,72
2817,6,72,42
326,2817,42,3582
72,326,3582,5
42,72,5,12809
3582,42,12809,13566
5,3582,13566,34
12809,5,34,420
13566,12809,420,33
34,13566,33,15
420,34,15,5
33,420,5,112
15,33,112,814
5,15,814,2469
112,5,2469,13566
814,112,13566,132
2469,814,132,21
13566,2469,21,17
132,13566,17,2
21,132,2,5439
17,21,5439,448
2,17,448,2
5439,2,2,57
448,5439,57,2817
2,448,2817,326
57,2,326,686
2817,57,686,12
326,2817,12,20
686,326,20,590
12,686,590,29
20,12,29,10
590,20,10,7
29,590,7,2289
10,29,2289,42
7,10,42,5
2289,7,5,16010
42,2289,16010,686
5,42,686,33
16010,5,33,55
686,16010,55,389
33,686,389,88276
55,33,88276,3665
389,55,3665,10362
88276,389,10362,18708
3665,88276,18708,7
10362,3665,7,190
18708,10362,190,306
7,18708,306,2817
190,7,2817,326
306,190,326,686
2817,306,686,666
326,2817,666,1197
686,326,1197,2381
666,686,2381,18708
1197,666,18708,3
2381,1197,3,7259
18708,2381,7259,4
3,18708,4,8078
7259,3,8078,9
4,7259,9,4
8078,4,4,3072
9,8078,3072,104342
4,9,104342,3752
3072,4,3752,691
104342,3072,691,18708
3752,104342,18708,34
691,3752,34,68
18708,691,68,420
34,18708,420,33
68,34,33,15
420,68,15,20
33,420,20,344
15,33,344,2817
20,15,2817,29
344,20,29,36279
2817,344,36279,88137
29,2817,88137,973
36279,29,973,3670
88137,36279,3670,7
973,88137,7,88
3670,973,88,4691
7,3670,4691,508
88,7,508,2
4691,88,2,42
508,4691,42,5
2,508,5,325
42,2,325,2817
5,42,2817,832
325,5,832,686
2817,325,686,29
832,2817,29,10
686,832,10,68
29,686,68,422
10,29,422,6
68,10,6,2817
422,68,2817,326
6,422,326,72
2817,6,72,42
326,2817,42,40462
72,326,40462,34
42,72,34,276
40462,42,276,33
34,40462,33,3129
276,34,3129,5
33,276,5,112
3129,33,112,814
5,3129,814,147
112,5,147,666
814,112,666,1197
147,814,1197,2381
666,147,2381,36
1197,666,36,6502
2381,1197,6502,40462
36,2381,40462,3
6502,36,3,3670
40462,6502,3670,25477
3,40462,25477,525
3670,3,525,15
25477,3670,15,57
525,25477,57,66338
15,525,66338,2817
57,15,2817,326
66338,57,326,686
2817,66338,686,12
326,2817,12,20
686,326,20,590
12,686,590,9
20,12,9,4
590,20,4,3072
9,590,3072,2111
4,9,2111,85912
3072,4,85912,649
2111,3072,649,3
85912,2111,3,3670
649,85912,3670,3033
3,649,3033,7631
3670,3,7631,7
3033,3670,7,4
7631,3033,4,3665
7,7631,3665,107
4,7,107,5
3665,4,5,502
107,3665,502,112
5,107,112,814
502,5,814,147
112,502,147,9
814,112,9,2817
147,814,2817,326
9,147,326,72
2817,9,72,42
326,2817,42,3582
72,326,3582,5
42,72,5,7631
3582,42,7631,55
5,3582,55,276
7631,5,276,33
55,7631,33,3129
276,55,3129,5
33,276,5,112
3129,33,112,814
5,3129,814,3884
112,5,3884,47459
814,112,47459,16
3884,814,16,72
47459,3884,72,2
16,47459,2,281
72,16,281,482
2,72,482,5
281,2,5,686
482,281,686,15
5,482,15,2817
686,5,2817,326
15,686,326,53
2817,15,53,16
326,2817,16,2117
53,326,2117,41
16,53,41,8
2117,16,8,16
41,2117,16,3192
8,41,3192,164
16,8,164,54
3192,16,54,2817
164,3192,2817,326
54,164,326,686
2817,54,686,7
326,2817,7,112
686,326,112,1954
7,686,1954,329
112,7,329,485
1954,112,485,112
329,1954,112,486
485,329,486,33491
112,485,33491,259
486,112,259,686
33491,486,686,8
259,33491,8,1778
686,259,1778,88
8,686,88,2817
1778,8,2817,326
88,1778,326,939
2817,88,939,99
326,2817,99,12
939,326,12,13206
99,939,13206,1269
3640,308,3640,8331
339,3640,8331,4577
3640,339,4577,51
8331,3640,51,6
4577,8331,6,357
51,4577,357,7
6,51,7,2879
357,6,2879,1484
7,357,1484,377
2879,7,377,631
1484,2879,631,3
377,1484,3,530
631,377,530,8331
3,631,8331,4577
530,3,4577,51
8331,530,51,6
4577,8331,6,357
51,4577,357,7
