886,2254,4377,6014
527,886,6014,1518
4377,527,1518,15
6014,4377,15,2
1518,6014,2,281
15,1518,281,66
2,15,66,95
281,2,95,527
66,281,527,48
95,66,48,29
527,95,29,71462
48,527,71462,25
29,48,25,5274
71462,29,5274,6
25,71462,6,598
5274,25,598,141
6,5274,141,13
598,6,13,186
141,598,186,3
13,141,3,136
186,13,136,150
3,186,150,769
136,3,769,6
150,136,6,128
769,150,128,903
6,769,903,5
128,6,5,66
903,128,66,548
5,903,548,126
66,5,126,466
548,66,466,45
126,548,45,50
466,126,50,918
45,466,918,3
50,45,3,2195
918,50,2195,1518
3,918,1518,2692
2195,3,2692,72
1518,2195,72,21
2692,1518,21,4826
72,2692,4826,21074
21,72,21074,64
4826,21,64,255
21074,4826,255,367
64,21074,367,1959
255,64,1959,29
367,255,29,551
1959,367,551,1385
29,1959,1385,2684
551,29,2684,633
1385,551,633,9
2684,1385,9,2056
633,2684,2056,2692
9,633,2692,2
2056,9,2,768
2692,2056,768,3
2,2692,3,1634
768,2,1634,2
3,768,2,37179
1634,3,37179,4826
2,1634,4826,828
37179,2,828,392
4826,37179,392,594
828,4826,594,8
392,828,8,271
594,392,271,230
8,594,230,155
271,8,155,107105
230,271,107105,156
155,230,156,2
107105,155,2,969
156,107105,969,2356
2,156,2356,35748
969,2,35748,3289
2356,969,3289,151
35748,2356,151,243
3289,35748,243,1020
151,3289,1020,12
243,151,12,840
1020,243,840,3
12,1020,3,1018
840,12,1018,2195
3,840,2195,1328
1018,3,1328,95771
2195,1018,95771,32
1328,2195,32,68
95771,1328,68,11571
32,95771,11571,6
68,32,6,354
11571,68,354,8
6,11571,8,33
354,6,33,77
8,354,77,18
33,8,18,4
77,33,4,555
18,77,555,1518
4,18,1518,3374
555,4,3374,15
1518,555,15,4
3374,1518,4,74
15,3374,74,112
4,15,112,4059
74,4,4059,2869
112,74,2869,83
4059,112,83,2905
2869,4059,2905,5
83,2869,5,2
2905,83,2,7244
5,2905,7244,7
2,5,7,72
7244,2,72,62310
7,7244,62310,3724
72,7,3724,6
62310,72,6,2705
3724,62310,2705,17987
6,3724,17987,10139
2705,6,10139,17837
17987,2705,17837,13598
10139,17987,13598,4
17837,10139,4,22621
13598,17837,22621,48
4,13598,48,12288
22621,4,12288,1281
48,22621,1281,8
12288,48,8,1978
1281,12288,1978,21
8,1281,21,2195
1978,8,2195,1518
21,1978,1518,419
2195,21,419,548
1518,2195,548,41
419,1518,41,3588
548,419,3588,301
41,548,301,26
3588,41,26,165
301,3588,165,609
26,301,609,45
165,26,45,3
609,165,3,1518
45,609,1518,2
3,45,2,6014
1518,3,6014,68266
2,1518,68266,2056
6014,2,2056,4826
68266,6014,4826,16
2056,68266,16,186
4826,2056,186,2424
16,4826,2424,65
186,16,65,2692
2424,186,2692,4
65,2424,4,34
2692,65,34,253
4,2692,253,322
34,4,322,64
253,34,64,1189
322,253,1189,6053
64,322,6053,139
1189,64,139,65
6053,1189,65,26
139,6053,26,18
65,139,18,6
26,65,6,57
18,26,57,9124
6,18,9124,555
57,6,555,1518
9124,57,1518,13
555,9124,13,4
1518,555,4,344
13,1518,344,18826
4,13,18826,548
344,4,548,10
18826,344,10,7
548,18826,7,2
10,548,2,1566
7,10,1566,2
2,7,2,6014
1566,2,6014,1518
2,1566,1518,6
6014,2,6,2376
1518,6014,2376,45
6,1518,45,102
2376,6,102,430
45,2376,430,167
102,45,167,4
430,102,4,687
167,430,687,166
4,167,166,70630
687,4,70630,4
166,687,4,430
70630,166,430,55
4,70630,55,971
430,4,971,2379
55,430,2379,4
971,55,4,23
2379,971,23,98
4,2379,98,60
23,4,60,548
98,23,548,26
60,98,26,55
548,60,55,167
26,548,167,480
55,26,480,31
167,55,31,7
480,167,7,2195
31,480,2195,2056
7,31,2056,2
2195,7,2,419
2056,2195,419,548
2,2056,548,10156
419,2,10156,26
548,419,26,55
10156,548,55,1595
26,10156,1595,190
55,26,190,809
1595,55,809,36
190,1595,36,1427
809,190,1427,9
36,809,9,2
1427,36,2,41
9,1427,41,18671
2,9,18671,81967
41,2,81967,1518
18671,41,1518,7
81967,18671,7,88
1518,81967,88,1566
7,1518,1566,107
88,7,107,5
1566,88,5,28000
107,1566,28000,20
5,107,20,1747
28000,5,1747,1255
20,28000,1255,548
1747,20,548,2
1255,1747,2,2795
548,1255,2795,396
2,548,396,167
2795,2,167,2
396,2795,2,273
167,396,273,6618
2,167,6618,1364
273,2,1364,6
6618,273,6,598
1364,6618,598,261
6,1364,261,1451
598,6,1451,253
261,598,253,2119
1451,261,2119,548
253,1451,548,4
2119,253,4,5
548,2119,5,376
4,548,376,4
5,4,4,3251
376,5,3251,13
4,376,13,64
3251,4,64,354
13,3251,354,31
64,13,31,230
354,64,230,17
31,354,17,12231
230,31,12231,69319
17,230,69319,23
12231,17,23,275
69319,12231,275,48
23,69319,48,29
275,23,29,103
48,275,103,5
29,48,5,687
103,29,687,166
5,103,166,643
687,5,643,6
166,687,6,43
643,166,43,4
6,643,4,207
43,6,207,795
4,43,795,42
207,4,42,6
795,207,6,730
42,795,730,13
6,42,13,1959
730,6,1959,6
13,730,6,2
1959,13,2,9979
6,1959,9979,108146
2,6,108146,1247
9979,2,1247,432
108146,9979,432,528
1247,108146,528,5
432,1247,5,176
528,432,176,379
5,528,379,6
176,5,6,43
379,176,43,548
6,379,548,644
43,6,644,331
548,43,331,10
644,548,10,232
331,644,232,1612
10,331,1612,994
232,10,994,5
1612,232,5,264
994,1612,264,8710
5,994,8710,73
264,5,73,9502
8710,264,9502,4
73,8710,4,8946
9502,73,8946,51
4,9502,51,446
8946,4,446,5
51,8946,5,984
446,51,984,25
5,446,25,33
984,5,33,113
25,984,113,2
33,25,2,77712
113,33,77712,553
2,113,553,77
77712,2,77,18
553,77712,18,146
77,553,146,548
18,77,548,12031
146,18,12031,129
548,146,129,28
12031,548,28,4426
129,12031,4426,40
28,129,40,253
4426,28,253,18
40,4426,18,47
253,40,47,95467
18,253,95467,43
47,18,43,74
95467,47,74,169
43,95467,169,70
74,43,70,1092
169,74,1092,16
70,169,16,1314
1092,70,1314,3
16,1092,3,1518
1314,16,1518,6014
3,1314,6014,4826
1518,3,4826,207
6014,1518,207,44
4826,6014,44,3374
207,4826,3374,2847
44,207,2847,172
3374,44,172,512
2847,3374,512,29
172,2847,29,26
512,172,26,18
29,512,18,68
26,29,68,1593
18,26,1593,2
68,18,2,529
1593,68,529,4
2,1593,4,961
529,2,961,217
4,529,217,5
961,4,5,687
217,961,687,166
5,217,166,70629
687,5,70629,1518
166,687,1518,6
70629,166,6,598
1518,70629,598,7
6,1518,7,2
598,6,2,677
7,598,677,2
2,7,2,33
677,2,33,132
2,677,132,113
33,2,113,82
132,33,82,72
113,132,72,74
82,113,74,129
72,82,129,5
74,72,5,35
129,74,35,1866
5,129,1866,684
35,5,684,13
1866,35,13,3374
684,1866,3374,548
13,684,548,29
3374,13,29,497
548,3374,497,7
29,548,7,41
497,29,41,65
7,497,65,1944
41,7,1944,2
65,41,2,422
1944,65,422,6
2,1944,6,1331
422,2,1331,4
6,422,4,410
1331,6,410,161
4,1331,161,68
410,4,68,529
161,410,529,15480
68,161,15480,2
529,68,2,1357
15480,529,1357,337
2,15480,337,9
1357,2,9,20
337,1357,20,598
9,337,598,496
20,9,496,2
598,20,2,3374
496,598,3374,1429
2,496,1429,5
3374,2,5,82
1429,3374,82,42
5,1429,42,5
82,5,5,1522
42,82,1522,6
5,42,6,133
1522,5,133,548
6,1522,548,1058
133,6,1058,1429
548,133,1429,40
1058,548,40,443
1429,1058,443,217
40,1429,217,5
443,40,5,6014
217,443,6014,1518
5,217,1518,3374
6014,5,3374,4
1518,6014,4,217
3374,1518,217,5
4,3374,5,45
217,4,45,31
5,217,31,55
45,5,55,789
31,45,789,57
55,31,57,548
789,55,548,10
57,789,10,40
548,57,40,613
10,548,613,248
40,10,248,88
613,40,88,253
248,613,253,944
88,248,944,5
253,88,5,1311
944,253,1311,512
5,944,512,1237
1311,5,1237,220
512,1311,220,471
1237,512,471,4
220,1237,4,225
471,220,225,852
4,471,852,6
225,4,6,69837
852,225,69837,2744
6,852,2744,33048
69837,6,33048,66
2744,69837,66,24
33048,2744,24,84
66,33048,84,7
24,66,7,3572
84,24,3572,8
7,84,8,45
3572,7,45,34
8,3572,34,1983
45,8,1983,206
34,45,206,156
1983,34,156,2
206,1983,2,8809
156,206,8809,14
2,156,14,146
8809,2,146,37
14,8809,37,555
146,14,555,34100
37,146,34100,969
555,37,969,2356
34100,555,2356,132
969,34100,132,18
2356,969,18,853
132,2356,853,76
18,132,76,3013
853,18,3013,6053
76,853,6053,2946
3013,76,2946,102
6053,3013,102,555
2946,6053,555,1518
102,2946,1518,22
555,102,22,623
1518,555,623,1745
22,1518,1745,34
623,22,34,17
1745,623,17,7599
34,1745,7599,6
17,34,6,78782
7599,17,78782,651
6,7599,651,8469
78782,6,8469,2418
651,78782,2418,7
8469,651,7,2
2418,8469,2,2766
7,2418,2766,9
2,7,9,4868
2766,2,4868,11
9,2766,11,7
4868,9,7,4
11,4868,4,2259
7,11,2259,4
4,7,4,14
2259,4,14,5012
4,2259,5012,582
14,4,582,2259
5012,14,2259,23
582,5012,23,143
2259,582,143,35
23,2259,35,5417
143,23,5417,1579
35,143,1579,8469
5417,35,8469,7
1579,5417,7,68
8469,1579,68,2
7,8469,2,719
68,7,719,755
2,68,755,12
719,2,12,419
755,719,419,4
12,755,4,3454
419,12,3454,12
4,419,12,8
3454,4,8,139
12,3454,139,16
8,12,16,42
139,8,42,6
16,139,6,9188
42,16,9188,15
6,42,15,512
9188,6,512,4884
15,9188,4884,654
512,15,654,456
4884,512,456,11
654,4884,11,7
456,654,7,824
11,456,824,5
7,11,5,1610
824,7,1610,563
5,824,563,211
1610,5,211,41
563,1610,41,419
211,563,419,186
41,211,186,512
419,41,512,22
186,419,22,759
512,186,759,563
22,512,563,7
759,22,7,124
563,759,124,12
7,563,12,419
124,7,419,6229
12,124,6229,1570
419,12,1570,102
6229,419,102,419
1570,6229,419,302
102,1570,302,659
419,102,659,1206
302,419,1206,109
659,302,109,663
1206,659,663,89
109,1206,89,12
663,109,12,31655
1514,6,887,189
3,1514,189,283
887,3,283,240
189,887,240,7300
283,189,7300,2
240,283,2,136
7300,240,136,2232
2,7300,2232,564
136,2,564,9
2232,136,9,92
564,2232,92,4
9,564,4,2
92,9,2,136
4,92,136,1708
2,4,1708,564
136,2,564,9
1708,136,9,626
564,1708,626,655
9,564,655,4
626,9,4,2445
655,626,2445,6
4,655,6,4669
2445,4,4669,189
6,2445,189,283
4669,6,283,299
189,4669,299,5428
283,189,5428,24
299,283,24,71
5428,299,71,283
24,5428,283,299
71,24,299,6
283,71,6,566
299,283,566,851
6,299,851,105291
566,6,105291,2415
851,566,2415,2171
105291,851,2171,48
2415,105291,48,5
2171,2415,5,45941
48,2171,45941,1952
5,48,1952,6
45941,5,6,887
1952,45941,887,40
6,1952,40,17
887,6,17,1126
40,887,1126,101
17,40,101,84
1126,17,84,2415
101,1126,2415,18
84,101,18,9797
2415,84,9797,3243
18,2415,3243,3
9797,18,3,319
3243,9797,319,217
3,3243,217,5
319,3,5,909
217,319,909,503
5,217,503,3
909,5,3,1257
503,909,1257,38
3,503,38,509
1257,3,509,5
38,1257,5,179
509,38,179,4
5,509,4,3
179,5,3,91
4,179,91,679
3,4,679,2976
91,3,2976,4
679,91,4,16471
2976,679,16471,1147
4,2976,1147,472
16471,4,472,5
1147,16471,5,601
472,1147,601,60
5,472,60,909
601,5,909,203
60,601,203,189
909,60,189,240
203,909,240,64
189,203,64,2415
240,189,2415,40
64,240,40,17
2415,64,17,4514
40,2415,4514,9
17,40,9,1694
4514,17,1694,75568
9,4514,75568,626
1694,9,626,2171
75568,1694,2171,907
626,75568,907,40
2171,626,40,17
907,2171,17,361
40,907,361,3
17,40,3,1132
361,17,1132,1121
3,361,1121,8
1132,3,8,966
1121,1132,966,626
8,1121,626,4
966,8,4,347
626,966,347,147
4,626,147,511
347,4,511,65
147,347,65,147
511,147,147,5
65,511,5,629
147,65,629,51
5,147,51,565
629,5,565,40
51,629,40,9865
565,51,9865,1386
40,565,1386,3
9865,40,3,1132
1386,9865,1132,283
3,1386,283,1121
1132,3,1121,8
283,1132,8,800
1121,283,800,361
8,1121,361,7936
800,8,7936,122
361,800,122,11
7936,361,11,7
122,7936,7,2111
11,122,2111,29
7,11,29,96
2111,7,96,49
29,2111,49,513
96,29,513,601
49,96,601,786
513,49,786,52
601,513,52,53
786,601,53,7
52,786,7,2
53,52,2,3788
7,53,3788,5
2,7,5,271
3788,2,271,732
5,3788,732,8
271,5,8,86
732,271,86,42
8,732,42,5
86,8,5,90
42,86,90,16244
5,42,16244,14076
90,5,14076,4
16244,90,4,2598
14076,16244,2598,1359
4,14076,1359,5
2598,4,5,3176
1359,2598,3176,283
5,1359,283,1121
3176,5,1121,685
283,3176,685,17
1121,283,17,1024
685,1121,1024,19
17,685,19,105
1024,17,105,107863
19,1024,107863,261
105,19,261,626
107863,105,626,2171
261,107863,2171,53
626,261,53,7
2171,626,7,64
53,2171,64,337
7,53,337,9
64,7,9,2090
337,64,2090,3
9,337,3,469
2090,9,469,6666
3,2090,6666,189
469,3,189,436
6666,469,436,1223
189,6666,1223,7
436,189,7,1770
1223,436,1770,3
7,1223,3,932
1770,7,932,436
3,1770,436,7678
932,3,7678,495
436,932,495,19
7678,436,19,909
495,7678,909,31
19,495,31,93
909,19,93,38
31,909,38,21985
93,31,21985,1121
38,93,1121,23
21985,38,23,179
1121,21985,179,329
23,1121,329,44
179,23,44,2
329,179,2,347
44,329,347,9
2,44,9,1112
347,2,1112,337
9,347,337,13
1112,9,13,64
337,1112,64,1385
13,337,1385,13796
64,13,13796,935
1385,64,935,10
13796,1385,10,40
935,13796,40,165
10,935,165,17
40,10,17,458
165,40,458,3
17,165,3,1132
458,17,1132,2
3,458,2,283
1132,3,283,240
2,1132,240,15
283,2,15,10
240,283,10,436
15,240,436,1223
10,15,1223,1058
436,10,1058,935
1223,436,935,907
1058,1223,907,77
935,1058,77,5279
907,935,5279,9
77,907,9,1385
5279,77,1385,248
9,5279,248,7
1385,9,7,1211
248,1385,1211,26
7,248,26,40
1211,7,40,445
26,1211,445,17
40,26,17,458
445,40,458,3
17,445,3,1132
458,17,1132,80627
3,458,80627,1121
1132,3,1121,15
80627,1132,15,64
1121,80627,64,1385
15,1121,1385,1481
64,15,1481,87314
1385,64,87314,25
1481,1385,25,30
87314,1481,30,147
25,87314,147,2171
30,25,2171,6
147,30,6,316
2171,147,316,3
6,2171,3,319
316,6,319,45
3,316,45,24
319,3,24,15087
45,319,15087,213
24,45,213,30
15087,24,30,18
213,15087,18,277
30,213,277,282
18,30,282,107
277,18,107,6
282,277,6,2775
107,282,2775,177
6,107,177,1759
2775,6,1759,2775
177,2775,2775,177
1759,177,177,4
2775,1759,4,15
177,2775,15,39026
4,177,39026,1121
15,4,1121,6
39026,15,6,95
1121,39026,95,535
6,1121,535,52
95,6,52,33
535,95,33,25
52,535,25,1132
33,52,1132,59
25,33,59,33
1132,25,33,16
59,1132,16,2916
33,59,2916,33
16,33,33,55
2916,16,55,322
33,2916,322,6049
55,33,6049,6
322,55,6,88
6049,322,88,236
6,6049,236,52
88,6,52,33
236,88,33,25
52,236,25,527
33,52,527,61
25,33,61,9
527,25,9,39026
61,527,39026,1121
9,61,1121,59
39026,9,59,33
1121,39026,33,16
59,1121,16,99
33,59,99,2916
16,33,2916,33
99,16,33,55
2916,99,55,17
33,2916,17,13163
55,33,13163,102574
17,55,102574,4111
13163,17,4111,436
102574,13163,436,1223
4111,102574,1223,7
436,4111,7,68
1223,436,68,2
7,1223,2,1002
68,7,1002,4390
2,68,4390,87
1002,2,87,887
4390,1002,887,999
87,4390,999,10
887,87,10,2353
999,887,2353,12
10,999,12,935
2353,10,935,10
12,2353,10,459
935,12,459,7199
10,935,7199,436
459,10,436,497
7199,459,497,9
436,7199,9,311
497,436,311,935
9,497,935,907
311,9,907,19
935,311,19,776
907,935,776,1398
19,907,1398,173
776,19,173,4
1398,776,4,6
173,1398,6,76
4,173,76,187
6,4,187,239
76,6,239,41
187,76,41,23
239,187,23,129
41,239,129,5
23,41,5,2297
129,23,2297,2
5,129,2,347
2297,5,347,55
2,2297,55,689
347,2,689,41
55,347,41,65
689,55,65,6
41,689,6,2353
65,41,2353,52
6,65,52,10
2353,6,10,2807
52,2353,2807,42
10,52,42,1385
2807,10,1385,670
42,2807,670,23
1385,42,23,57
670,1385,57,5060
23,670,5060,173
57,23,173,907
5060,57,907,55
173,5060,55,17
907,173,17,5663
55,907,5663,3
17,55,3,589
5663,17,589,5
3,5663,5,670
589,3,670,5
5,589,5,1385
670,5,1385,3169
5,670,3169,875
1385,5,875,8423
3169,1385,8423,4
875,3169,4,27976
8423,875,27976,2
4,8423,2,2
27976,4,2,284
2,27976,284,5
2,2,5,3100
284,2,3100,42
5,284,42,41
3100,5,41,670
42,3100,670,48
41,42,48,104
670,41,104,11377
48,670,11377,11890
104,48,11890,52
11377,104,52,597
11890,11377,597,93
52,11890,93,183
597,52,183,7678
93,597,7678,2118
183,93,2118,5
7678,183,5,73119
2118,7678,73119,52
5,2118,52,7678
73119,5,7678,115
52,73119,115,7993
7678,52,7993,19
115,7678,19,935
7993,115,935,48
19,7993,48,359
935,19,359,5
48,935,5,2755
359,48,2755,255
5,359,255,15
2755,5,15,8812
255,2755,8812,40
15,255,40,11890
8812,15,11890,6
40,8812,6,2
11890,40,2,18296
6,11890,18296,1878
2,6,1878,48
18296,2,48,2755
1878,18296,2755,255
48,1878,255,6
2755,48,6,917
255,2755,917,4041
6,255,4041,24
917,6,24,147
4041,917,147,3
24,4041,3,7994
147,24,7994,935
3,147,935,8
7994,3,8,242
935,7994,242,8
8,935,8,1447
242,8,1447,296
8,242,296,19
1447,8,19,917
296,1447,917,18
19,296,18,3
917,19,3,12591
18,917,12591,15
3,18,15,1447
12591,3,1447,5
