11348,3,5,288
660,11348,288,3267
5,660,3267,965
288,5,965,19
3267,288,19,143
965,3267,143,97563
19,965,97563,6
143,19,6,22
97563,143,22,563
6,97563,563,2091
22,6,2091,124
563,22,124,14018
2091,563,14018,8
124,2091,8,204
14018,124,204,4
8,14018,4,539
204,8,539,77
4,204,77,1984
539,4,1984,38
77,539,38,780
1984,77,780,1157
38,1984,1157,3
780,38,3,729
1157,780,729,2
3,1157,2,450
729,3,450,18260
2,729,18260,2091
450,2,2091,3
18260,450,3,2959
2091,18260,2959,102
3,2091,102,43
2959,3,43,670
102,2959,670,1027
43,102,1027,263
670,43,263,1157
1027,670,1157,524
263,1027,524,23
1157,263,23,1737
524,1157,1737,7673
23,524,7673,15
1737,23,15,1402
7673,1737,1402,1157
15,7673,1157,10104
1402,15,10104,74
1157,1402,74,7673
10104,1157,7673,184
74,10104,184,3
7673,74,3,539
184,7673,539,46
3,184,46,10
539,3,10,253
46,539,253,41
10,46,41,54
253,10,54,40
41,253,40,869
54,41,869,3
40,54,3,2
869,40,2,1984
3,869,1984,896
2,3,896,5
1984,2,5,1737
896,1984,1737,7673
5,896,7673,5
1737,5,5,67376
7673,1737,67376,43
5,7673,43,7
67376,5,7,37
43,67376,37,3
7,43,3,689
37,7,689,9512
3,37,9512,302
689,3,302,5
9512,689,5,11384
302,9512,11384,474
5,302,474,414
11384,5,414,3161
474,11384,3161,715
414,474,715,6031
3161,414,6031,1271
715,3161,1271,43
6031,715,43,29719
1271,6031,29719,12
43,1271,12,450
29719,43,450,780
12,29719,780,7
450,12,7,37
780,450,37,3
7,780,3,11890
37,7,11890,184
3,37,184,3
11890,3,3,402
184,11890,402,73515
3,184,73515,9
402,3,9,2
73515,402,2,532
9,73515,532,13173
2,9,13173,280
532,2,280,1307
13173,532,1307,8
280,13173,8,26222
1307,280,26222,1815
8,1307,1815,77
26222,8,77,1755
1815,26222,1755,9247
77,1815,9247,36
1755,77,36,80
9247,1755,80,1234
36,9247,1234,302
80,36,302,74
1234,80,74,6031
302,1234,6031,780
74,302,780,1157
6031,74,1157,5
780,6031,5,74
1157,780,74,7673
5,1157,7673,263
74,5,263,1402
7673,74,1402,4
263,7673,4,6031
1402,263,6031,780
4,1402,780,1984
6031,4,1984,40
780,6031,40,1770
1984,780,1770,1737
40,1984,1737,7673
1770,40,7673,4
1737,1770,4,40
7673,1737,40,609
4,7673,609,9
40,4,9,1234
609,40,1234,2445
9,609,2445,15
1234,9,15,43
2445,1234,43,780
15,2445,780,1157
43,15,1157,1181
780,43,1181,23
1157,780,23,99932
1181,1157,99932,4
23,1181,4,539
99932,23,539,18
4,99932,18,1366
539,4,1366,8
18,539,8,11796
1366,18,11796,7
8,1366,7,9586
11796,8,9586,19
7,11796,19,197
9586,7,197,2
19,9586,2,10
197,19,10,537
2,197,537,5
10,2,5,655
537,10,655,59
5,537,59,2594
655,5,2594,2
59,655,2,23336
2594,59,23336,35
2,2594,35,4
23336,2,4,1003
35,23336,1003,137
4,35,137,1544
1003,4,1544,12
137,1003,12,444
1544,137,444,82
12,1544,82,1271
444,12,1271,400
82,444,400,570
1271,82,570,3
400,1271,3,392
570,400,392,2
3,570,2,39
392,3,39,450
2,392,450,554
39,2,554,88169
450,39,88169,738
554,450,738,7
88169,554,7,8
738,88169,8,143
7,738,143,35
8,7,35,7
143,8,7,1814
35,143,1814,670
7,35,670,6
1814,7,6,836
670,1814,836,4
6,670,4,1409
836,6,1409,60
4,836,60,34
1409,4,34,154
60,1409,154,59
34,60,59,43
154,34,43,515
59,154,515,870
43,59,870,3
515,43,3,9240
870,515,9240,46
3,870,46,4
9240,3,4,48
46,9240,48,7175
4,46,7175,2091
48,4,2091,45
7175,48,45,16
2091,7175,16,2867
45,2091,2867,1174
16,45,1174,34
2867,16,34,1615
1174,2867,1615,17
34,1174,17,1155
1615,34,1155,412
17,1615,412,41
1155,17,41,65
412,1155,65,986
41,412,986,10
65,41,10,2739
986,65,2739,12
10,986,12,490
2739,10,490,1625
12,2739,1625,156
490,12,156,2
1625,490,2,780
156,1625,780,4
2,156,4,1859
780,2,1859,121
4,780,121,17
1859,4,17,2913
121,1859,2913,4
17,121,4,533
2913,17,533,3662
4,2913,3662,5
533,4,5,122
3662,533,122,53
5,3662,53,7
122,5,7,165
53,122,165,4
7,53,4,924
165,7,924,3
4,165,3,25
924,4,25,25
3,924,25,2
25,3,2,2
25,25,2,242
2,25,242,5
2,2,5,13756
242,2,13756,102
5,242,102,1497
13756,5,1497,3927
102,13756,3927,284
1497,102,284,5
3927,1497,5,43
284,3927,43,501
5,284,501,11796
43,5,11796,2
501,43,2,2
11796,501,2,105414
2,11796,105414,143
2,2,143,35
105414,2,35,204
143,105414,204,4
35,143,4,539
204,35,539,16
4,204,16,48
539,4,48,2013
16,539,2013,19
48,16,19,6686
2013,48,6686,16352
19,2013,16352,8150
6686,19,8150,2719
16352,6686,2719,3
8150,16352,3,1923
2719,8150,1923,921
3,2719,921,450
1923,3,450,15730
921,1923,15730,73
450,921,73,6031
15730,450,6031,108
73,15730,108,493
6031,73,493,4418
108,6031,4418,39
493,108,39,974
4418,493,974,493
39,4418,493,4
974,39,4,2312
493,974,2312,1853
4,493,1853,1253
2312,4,1253,33377
1853,2312,33377,21
1253,1853,21,263
33377,1253,263,342
21,33377,342,537
263,21,537,8
342,263,8,45
537,342,45,121
8,537,121,623
45,8,623,2
121,45,2,188
623,121,188,5
2,623,5,8108
188,2,8108,2436
5,188,2436,1779
8108,5,1779,1615
2436,8108,1615,5461
1779,2436,5461,98
1615,1779,98,685
5461,1615,685,5
98,5461,5,2
685,98,2,35
5,685,35,3421
2,5,3421,2
35,2,2,18199
3421,35,18199,342
2,3421,342,167
18199,2,167,560
342,18199,560,447
167,342,447,3
560,167,3,157
447,560,157,7
3,447,7,67
157,3,67,288
7,157,288,111
67,7,111,5
288,67,5,708
111,288,708,1326
5,111,1326,993
708,5,993,142
1326,708,142,5
993,1326,5,2
142,993,2,4350
5,142,4350,506
2,5,506,188
4350,2,188,8
506,4350,8,243
188,506,243,101
8,188,101,5
243,8,5,1450
101,243,1450,74
5,101,74,8
1450,5,8,5
74,1450,5,45
8,74,45,20
5,8,20,463
45,5,463,14
20,45,14,1238
463,20,1238,19
14,463,19,3513
1238,14,3513,17760
19,1238,17760,4
3513,19,4,1910
17760,3513,1910,758
4,17760,758,23
1910,4,23,361
758,1910,361,486
23,758,486,753
23,3431,27,343
2,23,343,14
27,2,14,2
343,27,2,2935
14,343,2935,5
2,14,5,2
2935,2,2,226
5,2935,226,5
2,5,5,1177
226,2,1177,31
5,226,31,25
1177,5,25,976
31,1177,976,332
25,31,332,57
976,25,57,29
332,976,29,10
57,332,10,68
29,57,68,3277
10,29,3277,2
68,10,2,107
3277,68,107,65819
2,3277,65819,6741
107,2,6741,2833
65819,107,2833,7612
6741,65819,7612,37
2833,6741,37,1700
7612,2833,1700,7
37,7612,7,48
1700,37,48,196
7,1700,196,100930
48,7,100930,42
196,48,42,330
100930,196,330,1503
42,100930,1503,9229
330,42,9229,401
1503,330,401,230
9229,1503,230,2
401,9229,2,149
230,401,149,18
2,230,18,47
149,2,47,1592
18,149,1592,69994
47,18,69994,42
1592,47,42,210
69994,1592,210,5
42,69994,5,401
210,42,401,196
5,210,196,267
401,5,267,5
196,401,5,138
267,196,138,27
5,267,27,2762
138,5,2762,8
27,138,8,2
2762,27,2,69
8,2762,69,712
2,8,712,13
69,2,13,47
712,69,47,4529
13,712,4529,12
47,13,12,57
4529,47,57,196
12,4529,196,1021
57,12,1021,102
196,57,102,371
1021,196,371,27
102,1021,27,82
371,102,82,337
27,371,337,712
82,27,712,13
337,82,13,47
712,337,47,4529
13,712,4529,19
47,13,19,117
4529,47,117,5
19,4529,5,330
117,19,330,1629
5,117,1629,186
330,5,186,3
1629,330,3,581
186,1629,581,4
3,186,4,94245
581,3,94245,48
4,581,48,13737
94245,4,13737,358
48,94245,358,20
13737,48,20,289
358,13737,289,1614
20,358,1614,37
289,20,37,894
1614,289,894,157
37,1614,157,121
894,37,121,1386
157,894,1386,2
121,157,2,63
1386,121,63,3
2,1386,3,1729
63,2,1729,197
3,63,197,36
1729,3,36,96
197,1729,96,157
36,197,157,306
96,36,306,285
157,96,285,10
306,157,10,14
285,306,14,101
10,285,101,53
14,10,53,82
101,14,82,12
53,101,12,8
82,53,8,466
12,82,466,330
8,12,330,6
466,8,6,1503
330,466,1503,82
6,330,82,8
1503,6,8,157
82,1503,157,135
8,82,135,3666
157,8,3666,14
135,157,14,1568
3666,135,1568,56
14,3666,56,12
1568,14,12,10
56,1568,10,88
12,56,88,1661
10,12,1661,18491
88,10,18491,676
1661,88,676,581
18491,1661,581,4
676,18491,4,257
581,676,257,2029
4,581,2029,8
257,4,8,6606
2029,257,6606,127
8,2029,127,237
6606,8,237,20
127,6606,20,1180
237,127,1180,726
20,237,726,3145
1180,20,3145,8
726,1180,8,70
3145,726,70,356
8,3145,356,14
70,8,14,6854
356,70,6854,56
14,356,56,5
6854,14,5,302
56,6854,302,3
5,56,3,2902
302,5,2902,10
3,302,10,14
2902,3,14,606
10,2902,606,416
14,10,416,8
606,14,8,70
416,606,70,105
8,416,105,428
70,8,428,13
105,70,13,714
428,105,714,208
13,428,208,47
714,13,47,203
208,714,203,7823
47,208,7823,302
203,47,302,21
7823,203,21,5
302,7823,5,492
21,302,492,5
5,21,5,104509
492,5,104509,330
5,492,330,6
104509,5,6,1503
330,104509,1503,822
6,330,822,8
1503,6,8,53
822,1503,53,7
8,822,7,334
53,8,334,4012
7,53,4012,37
334,7,37,356
4012,334,356,270
37,4012,270,197
356,37,197,7
270,356,7,1159
197,270,1159,4
7,197,4,1758
1159,7,1758,87
4,1159,87,70
1758,4,70,114
87,1758,114,16
70,87,16,1159
114,70,1159,4
16,114,4,1758
1159,16,1758,6
4,1159,6,30297
1758,4,30297,268
6,1758,268,675
30297,6,675,4144
268,30297,4144,2
675,268,2,2
4144,675,2,10484
2,4144,10484,17750
2,2,17750,76
10484,2,76,705
17750,10484,705,5
76,17750,5,8975
705,76,8975,24
5,705,24,233
8975,5,233,27605
24,8975,27605,5
233,24,5,926
27605,233,926,64
5,27605,64,25481
926,5,25481,22688
64,926,22688,5
25481,64,5,20
22688,25481,20,85
5,22688,85,25
20,5,25,239
85,20,239,13
25,85,13,47
239,25,47,22125
13,239,22125,5
47,13,5,492
22125,47,492,72
5,22125,72,113
492,5,113,62
72,492,62,90
113,72,90,60
62,113,60,4
90,62,4,107
60,90,107,58
4,60,58,492
107,4,492,13
58,107,13,630
492,58,630,3
13,492,3,93
630,13,93,27
3,630,27,3
93,3,3,671
27,93,671,19
3,27,19,476
671,3,476,4937
19,671,4937,328
476,19,328,563
4937,476,563,4
328,4937,4,31
563,328,31,6
4,563,6,135
31,4,135,150
6,31,150,369
135,6,369,245
150,135,245,14
369,150,14,494
245,369,494,145
14,245,145,3
494,14,3,165
145,494,165,17
3,145,17,6
165,3,6,12263
17,165,12263,1420
6,17,1420,13
12263,6,13,47
1420,12263,47,760
13,1420,760,9
47,13,9,66
760,47,66,159
9,760,159,111
66,9,111,681
159,66,681,256
111,159,256,975
681,111,975,7
256,681,7,21
975,256,21,14
7,975,14,1761
21,7,1761,97
14,21,97,1022
1761,14,1022,114
97,1761,114,163
1022,97,163,22
114,1022,22,435
163,114,435,675
22,163,675,16
435,22,16,19
675,435,19,64
16,675,64,242
19,16,242,550
64,19,550,29
242,64,29,38
550,242,38,748
29,550,748,7
38,29,7,2
748,38,2,2260
7,748,2260,5
2,7,5,51
2260,2,51,10
5,2260,10,370
51,5,370,105221
10,51,105221,611
370,10,611,157
105221,370,157,101
611,105221,101,142
157,611,142,3
101,157,3,9229
142,101,9229,401
3,142,401,51
9229,3,51,20
401,9229,20,1180
51,401,1180,822
20,51,822,6
1180,20,6,23028
822,1180,23028,461
6,822,461,321
23028,6,321,14
461,23028,14,8
321,461,8,86
14,321,86,3594
8,14,3594,1154
86,8,1154,3
3594,86,3,255
1154,3594,255,8
3,1154,8,313
255,3,313,3
8,255,3,10789
313,8,10789,157
3,313,157,7
10789,3,7,70
157,10789,70,43400
7,157,43400,415
70,7,415,4
43400,70,4,1668
415,43400,1668,157
4,415,157,82
1668,4,82,1321
157,1668,1321,19
82,157,19,2
1321,82,2,281
19,1321,281,2559
2,19,2559,5
281,2,5,27166
2559,281,27166,4
5,2559,4,4934
27166,5,4934,382
4,27166,382,4992
4934,4,4992,82
382,4934,82,396
4992,382,396,346
82,4992,346,2
396,82,2,107
346,396,107,3
2,346,3,93
107,2,93,525
3,107,525,140
93,3,140,233
525,93,233,115
140,525,115,18
233,140,18,1555
115,233,1555,3
18,115,3,536
1555,18,536,1183
3,1555,1183,40
536,3,40,98
1183,536,98,40995
40,1183,40995,366
98,40,366,3
40995,98,3,2902
366,40995,2902,492
3,366,492,55
2902,3,55,25
492,2902,25,334
55,492,334,5
25,55,5,2782
334,25,2782,261
5,334,261,114
2782,5,114,23878
261,2782,23878,6
114,261,6,3843
23878,114,3843,9
6,23878,9,2040
3843,6,2040,8
9,3843,8,13
2040,9,13,3838
8,2040,3838,27
13,8,27,114
3838,13,114,409
27,3838,409,288
114,27,288,4
409,114,4,6337
288,409,6337,151
4,288,151,2234
6337,4,2234,39
151,6337,39,277
2234,151,277,8
39,2234,8,795
277,39,795,88
8,277,88,12252
795,8,12252,1302
88,795,1302,14
12252,88,14,837
1302,12252,837,23
14,1302,23,62670
837,14,62670,15
23,837,15,57
62670,23,57,1302
15,62670,1302,4
57,15,4,2234
1302,57,2234,39
4,1302,39,199
2234,4,199,277
39,2234,277,8
199,39,8,354
277,199,354,8
8,277,8,27
354,8,27,3303
8,354,3303,7
27,8,7,3750
3303,27,3750,292
7,3303,292,12
3750,7,12,837
292,3750,837,102
12,292,102,2101
837,12,2101,105
102,837,105,492
2101,102,492,4
105,2101,4,448
492,105,448,8
4,492,8,4
448,4,4,2282
8,448,2282,7
4,8,7,816
2282,4,816,3
7,2282,3,1729
816,7,1729,10
3,816,10,18
1729,3,18,2193
10,1729,2193,41
18,10,41,77772
2193,18,77772,129
41,2193,129,5
77772,41,5,27
129,77772,27,267
5,129,267,44
27,5,44,26
267,27,26,2351
44,267,2351,4
26,44,4,2282
2351,26,2282,199
4,2351,199,65893
2282,4,65893,157
199,2282,157,10
65893,199,10,23
157,65893,23,2
10,157,2,2244
23,10,2244,16843
2,23,16843,5
2244,2,5,105
16843,2244,105,352
5,16843,352,835
105,5,835,5156
352,105,5156,27806
835,352,27806,5
5156,835,5,2309
27806,5156,2309,748
5,27806,748,5
2309,5,5,675
748,2309,675,7
5,748,7,3467
675,5,3467,2
7,675,2,5219
3467,7,5219,5
2,3467,5,114
5219,2,114,7
5,5219,7,1324
114,5,1324,284
7,114,284,7
1324,7,7,8
284,1324,8,1629
7,284,1629,16
8,7,16,1720
1629,8,1720,23
16,1629,23,2
1720,16,2,60
23,1720,60,59
2,23,59,675
60,2,675,953
59,60,953,3
675,59,3,1315
953,675,1315,81
3,953,81,7
1315,3,7,72697
81,1315,72697,136
7,81,136,5
72697,7,5,226
136,72697,226,352
5,136,352,1177
226,5,1177,7697
352,226,7697,3870
1177,352,3870,72
7697,1177,72,2
3870,7697,2,350
72,3870,350,82
2,72,82,52
350,2,52,21
82,350,21,15135
52,82,15135,82
21,52,82,65
15135,21,65,26
82,15135,26,25
65,82,25,270
26,65,270,29
25,26,29,571
270,25,571,97
29,270,97,528
571,29,528,3278
97,571,3278,38
528,97,38,232
3278,528,232,4
38,3278,4,3116
232,38,3116,1566
4,232,1566,1555
3116,4,1555,5
1566,3116,5,4621
1555,1566,4621,11
5,1555,11,863
4621,5,863,2
11,4621,2,97
863,11,97,528
2,863,528,6224
97,2,6224,4
528,97,4,1177
6224,528,1177,807
4,6224,807,4579
1177,4,4579,33150
807,1177,33150,75
4579,807,75,108
33150,4579,108,124
75,33150,124,103
108,75,103,905
124,108,905,1893
103,124,1893,61
905,103,61,9
1893,905,9,748
61,1893,748,5
9,61,5,2
748,9,2,1607
5,748,1607,2784
2,5,2784,5
1607,2,5,385
2784,1607,385,151
5,2784,151,4
385,5,4,6328
151,385,6328,5
4,151,5,382
6328,4,382,29
5,6328,29,4156
382,5,4156,17745
29,382,17745,1561
4156,29,1561,5
17745,4156,5,11384
1561,17745,11384,84
5,1561,84,4001
11384,5,4001,5219
84,11384,5219,13
4001,84,13,15425
5219,4001,15425,82
13,5219,82,29
15425,13,29,261
82,15425,261,1566
29,82,1566,97
261,29,97,528
1566,261,528,36
97,1566,36,1142
528,97,1142,3
36,528,3,176
1142,36,176,4439
3,1142,4439,337
176,3,337,9
4439,176,9,877
337,4439,877,5
9,337,5,97
877,9,97,16
5,877,16,90
97,5,90,11
16,97,11,44
90,16,44,24
11,90,24,691
44,11,691,5
24,44,5,1635
691,24,1635,385
5,691,385,3
1635,5,3,687
385,1635,687,152
3,385,152,31829
687,3,31829,97
152,687,97,528
31829,152,528,2
97,31829,2,4594
528,97,4594,37445
2,528,37445,175
4594,2,175,612
37445,4594,612,158
175,37445,158,4
612,175,4,2653
158,612,2653,20968
4,158,20968,974
2653,4,974,549
20968,2653,549,133
974,20968,133,15
549,974,15,64
133,549,64,105
15,133,105,12281
64,15,12281,1786
105,64,1786,5
12281,105,5,3437
1786,12281,3437,848
5,1786,848,1138
3437,5,1138,3
848,3437,3,114
1138,848,114,19
3,1138,19,4085
114,3,4085,4
19,114,4,23
4085,19,23,20
4,4085,20,532
23,4,532,8
20,23,8,7
532,20,7,2
8,532,2,6213
7,8,6213,9
2,7,9,75018
6213,2,75018,65
9,6213,65,2
75018,9,2,2051
65,75018,2051,5
2,65,5,162
2051,2,162,4
5,2051,4,8051
162,5,8051,679
4,162,679,129
8051,4,129,28
679,8051,28,8
129,679,8,57
28,129,57,97
8,28,97,423
57,8,423,16
97,57,16,25
