48,803,209,126
5,48,126,360
209,5,360,9
126,209,9,130
360,126,130,895
9,360,895,88
130,9,88,2134
895,130,2134,178
88,895,178,8
2134,88,8,371
178,2134,371,32
8,178,32,3937
371,8,3937,7
32,371,7,196
3937,32,196,334
7,3937,334,196
196,7,196,500
334,196,500,171
196,334,171,2
500,196,2,310
171,500,310,724
2,171,724,6
310,2,6,3160
724,310,3160,27
6,724,27,5853
3160,6,5853,14097
27,3160,14097,9
5853,27,9,38
14097,5853,38,144
9,14097,144,4
38,9,4,627
144,38,627,3
4,144,3,243
627,4,243,11137
3,627,11137,3
243,3,3,179
11137,243,179,3262
3,11137,3262,92
179,3,92,760
3262,179,760,54
92,3262,54,11
760,92,11,28
54,760,28,40
11,54,40,888
28,11,888,2135
40,28,2135,169
888,40,169,87
2135,888,87,11137
169,2135,11137,25
87,169,25,306
11137,87,306,179
25,11137,179,9
306,25,9,2
179,306,2,131
9,179,131,762
2,9,762,786
131,2,786,286
762,131,286,32
786,762,32,13
286,786,13,1098
32,286,1098,3
13,32,3,942
1098,13,942,6
3,1098,6,237
942,3,237,375
6,942,375,131
237,6,131,117
375,237,117,90
131,375,90,5
117,131,5,49
90,117,49,69
5,90,69,639
49,5,639,18
69,49,18,260
639,69,260,3611
18,639,3611,184
260,18,184,3
3611,260,3,693
184,3611,693,310
3,184,310,10
693,3,10,7
310,693,7,761
10,310,761,8
7,10,8,32
761,7,32,69
8,761,69,34
32,8,34,689
69,32,689,5
34,69,5,10
689,34,10,808
5,689,808,74
10,5,74,235
808,10,235,103
74,808,103,153
235,74,153,53
103,235,53,7
153,103,7,2
53,153,2,257
7,53,257,3326
2,7,3326,5
257,2,5,14380
3326,257,14380,4
5,3326,4,5817
14380,5,5817,6
4,14380,6,32
5817,4,32,1085
6,5817,1085,4
32,6,4,90
1085,32,90,551
4,1085,551,14
90,4,14,3
551,90,3,642
14,551,642,38
3,14,38,689
642,3,689,10
38,642,10,1492
689,38,1492,73
10,689,73,11
1492,10,11,14
73,1492,14,110
11,73,110,3
14,11,3,192
110,14,192,20
3,110,20,85
192,3,85,1529
20,192,1529,28
85,20,28,457
1529,85,457,14382
28,1529,14382,2
457,28,2,69
14382,457,69,639
2,14382,639,6
69,2,6,742
639,69,742,29
6,639,29,20
742,6,20,7
29,742,7,51
20,29,51,505
7,20,505,59
51,7,59,33
505,51,33,1665
59,505,1665,2
33,59,2,5270
1665,33,5270,2192
2,1665,2192,55611
5270,2,55611,371
2192,5270,371,32
55611,2192,32,365
371,55611,365,239
32,371,239,196
365,32,196,136
239,365,136,9
196,239,9,1916
136,196,1916,6
9,136,6,20
1916,9,20,237
6,1916,237,4
20,6,4,30
237,20,30,16
4,237,16,48
30,4,48,84
16,30,84,1721
48,16,1721,786
84,48,786,10
1721,84,10,245
786,1721,245,2
10,786,2,3
245,10,3,137
2,245,137,69
3,2,69,117
137,3,117,20
69,137,20,107
117,69,107,52
20,117,52,33
107,20,33,16
52,107,16,1918
33,52,1918,6
16,33,6,2726
1918,16,2726,41
6,1918,41,37
2726,6,37,11137
41,2726,11137,543
37,41,543,4
11137,37,4,14097
543,11137,14097,33
4,543,33,55
14097,4,55,1765
33,14097,1765,1331
55,33,1331,11137
1765,55,11137,3035
1331,1765,3035,4403
11137,1331,4403,23
3035,11137,23,109
4403,3035,109,3525
3428,78,7,438
32,3428,438,2
7,32,2,88
438,7,88,521
2,438,521,135
88,2,135,127
521,88,127,1158
135,521,1158,6
127,135,6,568
1158,127,568,15
6,1158,15,423
568,6,423,12
15,568,12,139
423,15,139,24
12,423,24,980
139,12,980,680
24,139,680,3
980,24,3,487
680,980,487,8
3,680,8,40
487,3,40,6
8,487,6,268
40,8,268,85
6,40,85,18
268,6,18,243
85,268,243,49
18,85,49,23
243,18,23,49
49,243,49,97
23,49,97,10062
49,23,10062,274
97,49,274,24240
10062,97,24240,317
274,10062,317,16
24240,274,16,177
317,24240,177,5
16,317,5,2
177,16,2,1747
5,177,1747,1734
2,5,1734,19
1747,2,19,32
1734,1747,32,3060
19,1734,3060,69
32,19,69,8
3060,32,8,10
69,3060,10,55
8,69,55,9029
10,8,9029,183
55,10,183,359
9029,55,359,5
183,9029,5,534
359,183,534,4
5,359,4,2449
534,5,2449,902
4,534,902,2
2449,4,2,617
902,2449,617,71
2,902,71,7
617,2,7,6
71,617,6,4
7,71,4,8762
6,7,8762,19
4,6,19,80
8762,4,80,2038
19,8762,2038,922
80,19,922,223
2038,80,223,106576
922,2038,106576,997
223,922,997,46
106576,223,46,3064
997,106576,3064,6
46,997,6,407
3064,46,407,15
6,3064,15,619
407,6,619,4
15,407,4,871
619,15,871,46
4,619,46,7
871,4,7,2
46,871,2,325
7,46,325,8
2,7,8,338
325,2,338,4
8,325,4,2186
338,8,2186,1356
4,338,1356,242
2186,4,242,8
1356,2186,8,64
242,1356,64,6515
8,242,6515,423
64,8,423,32
6515,64,32,123
423,6515,123,84
32,423,84,40
123,32,40,17
84,123,17,253
40,84,253,3
17,40,3,1671
253,17,1671,49
3,253,49,6
1671,3,6,395
49,1671,395,49
6,49,49,187
395,6,187,3
49,395,3,1248
187,49,1248,4
3,187,4,679
1248,3,679,114
4,1248,114,6
679,4,6,257
114,679,257,85
6,114,85,235
257,6,235,4847
85,257,4847,788
235,85,788,3524
4847,235,3524,12
788,4847,12,4289
3524,788,4289,37
12,3524,37,4093
4289,12,4093,211
37,4289,211,8
4093,37,8,61
211,4093,61,3
8,211,3,129
61,8,129,5
3,61,5,1606
129,3,1606,34
5,129,34,17
1606,5,17,70
34,1606,70,5
17,34,5,1897
70,17,1897,46
5,70,46,2
1897,5,2,5574
46,1897,5574,8
2,46,8,132
5574,2,132,17
8,5574,17,7351
132,8,7351,3301
17,132,3301,9
7351,17,9,49
3301,7351,49,69
9,3301,69,10
49,9,10,1302
69,49,1302,6
10,69,6,8
1302,10,8,2
6,1302,2,408
8,6,408,5
2,8,5,679
408,2,679,114
5,408,114,260
679,5,260,144
114,679,144,1470
260,114,1470,680
144,260,680,4
1470,144,4,6748
680,1470,6748,3
4,680,3,2565
6748,4,2565,9
3,6748,9,2161
2565,3,2161,602
9,2565,602,8
2161,9,8,32
602,2161,32,1064
8,602,1064,20
32,8,20,10329
1064,32,10329,868
20,1064,868,240
10329,20,240,68
868,10329,68,10893
240,868,10893,12
68,240,12,2
10893,68,2,1734
12,10893,1734,19
2,12,19,32
1734,2,32,1584
19,1734,1584,8
32,19,8,2129
1584,32,2129,922
8,1584,922,5
2129,8,5,139
922,2129,139,156
5,922,156,2
139,5,2,720
156,139,720,347
2,156,347,549
720,2,549,2
347,720,2,875
549,347,875,1699
2,549,1699,965
875,2,965,4
1699,875,4,41
965,1699,41,1961
4,965,1961,645
41,4,645,34
1961,41,34,248
645,1961,248,10044
34,645,10044,98
248,34,98,594
10044,248,594,37
98,10044,37,577
594,98,577,4
37,594,4,122
577,37,122,341
4,577,341,521
122,4,521,5856
341,122,5856,1065
521,341,1065,12
5856,521,12,1432
1065,5856,1432,139
12,1065,139,41
1432,12,41,253
139,1432,253,3
41,139,3,1590
253,41,1590,114
3,253,114,20
1590,3,20,1482
114,1590,1482,32
20,114,32,34
1482,20,34,68
32,1482,68,18
34,32,18,3
68,34,3,192
18,68,192,74
3,18,74,521
192,3,521,114
74,192,114,165
521,74,165,2982
114,521,2982,5
165,114,5,49
2982,165,49,4580
5,2982,4580,2326
49,5,2326,12
4580,49,12,238
2326,4580,238,13301
12,2326,13301,69
238,12,69,1506
13301,238,1506,9175
69,13301,9175,3524
1506,69,3524,12
9175,1506,12,2
3524,9175,2,3263
12,3524,3263,5
2,12,5,987
3263,2,987,46
5,3263,46,211
987,5,211,161
46,987,161,1608
211,46,1608,4
161,211,4,166
1608,161,166,1186
4,1608,1186,46
166,4,46,1608
1186,166,1608,744
46,1186,744,151
1608,46,151,4
744,1608,4,51
151,744,51,871
4,151,871,607
51,4,607,2
871,51,2,4125
607,871,4125,1329
2,607,1329,37
4125,2,37,150
1329,4125,150,3326
37,1329,3326,10
150,37,10,68
3326,150,68,1861
10,3326,1861,51
68,10,51,32
1861,68,32,2512
51,1861,2512,44
32,51,44,16
2512,32,16,49
44,2512,49,4386
16,44,4386,621
49,16,621,520
4386,49,520,2791
621,4386,2791,4
520,621,4,49
2791,520,49,91272
4,2791,91272,997
49,4,997,3
91272,49,3,20
997,91272,20,245
3,997,245,7
20,3,7,21
245,20,21,424
7,245,424,3
21,7,3,123
424,21,123,2
3,424,2,4677
123,3,4677,56
2,123,56,4
4677,2,4,705
56,4677,705,120
4,56,120,11
705,4,11,14
120,705,14,3
11,120,3,17
14,11,17,12
3,14,12,76
17,3,76,1651
12,17,1651,2004
76,12,2004,32
1651,76,32,69
2004,1651,69,802
32,2004,802,256
69,32,256,885
802,69,885,28
256,802,28,10
885,256,10,3
28,885,3,7
10,28,7,821
3,10,821,1483
7,3,1483,79
821,7,79,255
1483,821,255,1451
79,1483,1451,70
255,79,70,45
1451,255,45,4
70,1451,4,70
45,70,70,907
4,45,907,11
70,4,11,2
907,70,2,2043
11,907,2043,10753
2,11,10753,4
2043,2,4,11
10753,2043,11,234
4,10753,234,23
11,4,23,188
234,11,188,24
23,234,24,8
188,23,8,89390
24,188,89390,601
8,24,601,1818
89390,8,1818,5
601,89390,5,1470
1818,601,1470,680
5,1818,680,6
1470,5,6,99
680,1470,99,44
6,680,44,5
99,6,5,49
44,99,49,69
5,44,69,14
49,5,14,1219
69,49,1219,19
14,69,19,314
1219,14,314,304
19,1219,304,6
314,19,6,950
304,314,950,5
6,304,5,28041
950,6,28041,36462
5,950,36462,487
28041,5,487,4
36462,28041,4,4747
487,36462,4747,648
4,487,648,46
4747,4,46,90
648,4747,90,5
46,648,5,54
90,46,54,365
5,90,365,2052
54,5,2052,171
365,54,171,49
2052,365,49,1043
171,2052,1043,252
49,171,252,11
1043,49,11,13
252,1043,13,68
11,252,68,4811
13,11,4811,6
68,13,6,15
4811,68,15,521
6,4811,521,123
15,6,123,12
521,15,12,754
123,521,754,160
12,123,160,915
754,12,915,101
160,754,101,4
915,160,4,8830
101,915,8830,6
4,101,6,935
8830,4,935,4
6,8830,4,924
935,6,924,175
4,935,175,1419
924,4,1419,4
175,924,4,90876
1419,175,90876,16
4,1419,16,139
90876,4,139,8
16,90876,8,18
139,16,18,47
8,139,47,3393
18,8,3393,6
47,18,6,268
3393,47,268,9
6,3393,9,161
268,6,161,162
9,268,162,4
161,9,4,58
162,161,58,29
4,162,29,1216
58,4,1216,16
29,58,16,84
1216,29,84,741
16,1216,741,3
84,16,3,17
741,84,17,8138
3,741,8138,9
17,3,9,162
8138,17,162,54
9,8138,54,276
162,9,276,32
54,162,32,41
276,54,41,10516
32,276,10516,96268
41,32,96268,470
10516,41,470,156
96268,10516,156,423
470,96268,423,619
156,470,619,4
423,156,4,871
619,423,871,403
4,619,403,32
871,4,32,34
403,871,34,21
32,403,21,86
34,32,86,22155
21,34,22155,1313
86,21,1313,102
22155,86,102,2
1313,22155,2,718
102,1313,718,567
2,102,567,24
718,2,24,274
567,718,274,6
24,567,6,1225
274,24,1225,29
6,274,29,8
1225,6,8,11
29,1225,11,68
8,29,68,34
11,8,34,17
68,11,17,458
34,68,458,3
17,34,3,1195
458,17,1195,12
3,458,12,168
1195,3,168,257
12,1195,257,85
168,12,85,49
257,168,49,69
85,257,69,178
49,85,178,70
69,49,70,166
178,69,166,737
70,178,737,13
166,70,13,317
737,166,317,274
13,737,274,21
317,13,21,86
274,317,86,170
21,274,170,200
86,21,200,32
170,86,32,517
200,170,517,85
32,200,85,6
517,32,6,12
85,517,12,2
6,85,2,4050
12,6,4050,1467
2,12,1467,29
4050,2,29,68
1467,4050,68,170
29,1467,170,617
68,29,617,71
170,68,71,517
617,170,517,12
71,617,12,2
517,71,2,41
12,517,41,521
2,12,521,40115
41,2,40115,46
521,41,46,2
40115,521,2,177
46,40115,177,5
2,46,5,2
177,2,2,2100
5,177,2100,3623
2,5,3623,5
2100,2,5,49
3623,2100,49,11462
5,3623,11462,46
49,5,46,908
11462,49,908,32
46,11462,32,5
908,46,5,16999
32,908,16999,12
5,32,12,76
16999,5,76,423
12,16999,423,4
76,12,4,3294
423,76,3294,12
4,423,12,57
3294,4,57,156
12,3294,156,2
57,12,2,361
156,57,361,506
2,156,506,3
361,2,3,12456
506,361,12456,3
3,506,3,521
12456,3,521,33332
3,12456,33332,260
521,3,260,317
33332,521,317,49
260,33332,49,423
317,260,423,13200
49,317,13200,12
423,49,12,2115
13200,423,2115,350
12,13200,350,4332
2115,12,4332,139
350,2115,139,3
4332,350,3,292
139,4332,292,211
3,139,211,487
292,3,487,980
211,292,980,680
487,211,680,444
980,487,444,401
680,980,401,4
444,680,4,618
401,444,618,279
4,401,279,683
618,4,683,222
279,618,222,157
683,279,157,1324
222,683,1324,1317
157,222,1317,437
1324,157,437,6013
1317,1324,6013,2604
437,1317,2604,481
6013,437,481,6
2604,6013,6,2
481,2604,2,423
6,481,423,986
2,6,986,36295
423,2,36295,317
986,423,317,3440
36295,986,3440,48
317,36295,48,49
3440,317,49,1375
48,3440,1375,2920
49,48,2920,2
1375,49,2,2
2920,1375,2,94
2,2920,94,4
2,2,4,1671
94,2,1671,49
4,94,49,806
1671,4,806,223
49,1671,223,114
806,49,114,5
223,806,5,48
114,223,48,8332
5,114,8332,2604
48,5,2604,28
8332,48,28,1055
2604,8332,1055,114
28,2604,114,116
1055,28,116,8
114,1055,8,11
116,114,11,21
8,116,21,1519
11,8,1519,42
21,11,42,5
1519,21,5,81
42,1519,81,122
5,42,122,904
81,5,904,114
122,81,114,137
904,122,137,2
114,904,2,2486
137,114,2486,629
2,137,629,470
2486,2,470,56
629,2486,56,15911
470,629,15911,423
56,470,423,8
15911,56,8,16
423,15911,16,620
8,423,620,5
16,8,5,882
620,16,882,5
5,620,5,88
882,5,88,47299
5,882,47299,105
88,5,105,1584
47299,88,1584,68
105,47299,68,44
1584,105,44,32
68,1584,32,34
44,68,34,17
32,44,17,16005
34,32,16005,3
17,34,3,13975
16005,17,13975,71
3,16005,71,817
13975,3,817,902
71,13975,902,4
817,71,4,8
902,817,8,129
4,902,129,3
8,4,3,129
129,8,129,4157
3,129,4157,1912
129,3,1912,8
4157,129,8,76
1912,4157,76,5
8,1912,5,49
76,8,49,620
5,76,620,2512
49,5,2512,16
620,49,16,9523
2512,620,9523,132
16,2512,132,17
9523,16,17,56
132,9523,56,5
17,132,5,1097
56,17,1097,830
5,56,830,199
1097,5,199,62
830,1097,62,4157
199,830,4157,1912
62,199,1912,14
4157,62,14,129
1912,4157,129,6
14,1912,6,4
129,14,4,129
6,129,129,6
4,6,6,32
129,4,32,34
6,129,34,18
32,6,18,3
34,32,3,1899
18,34,1899,1348
3,18,1348,144
1899,3,144,443
1348,1899,443,1912
144,1348,1912,223
443,144,223,679
1912,443,679,225
223,1912,225,4
679,223,4,165
225,679,165,514
4,225,514,12
165,4,12,3
514,165,3,2
12,514,2,529
3,12,529,336
2,3,336,5
529,2,5,220
336,529,220,114
5,336,114,31
220,5,31,50
114,220,50,2511
31,114,2511,3
50,31,3,99
2511,50,99,1241
3,2511,1241,70
99,3,70,6934
1241,99,6934,13889
70,1241,13889,3290
6934,70,3290,2120
13889,6934,2120,12
3290,13889,12,487
2120,3290,487,7
12,2120,7,1801
487,12,1801,388
7,487,388,2
1801,7,2,42
388,1801,42,107
2,388,107,3
42,2,3,15201
107,42,15201,2427
3,107,2427,5
15201,3,5,1348
2427,15201,1348,144
5,2427,144,32
1348,5,32,34
144,1348,34,147
32,144,147,782
34,32,782,871
147,34,871,44
782,147,44,11
871,782,11,13
44,871,13,260
11,44,260,146
13,11,146,61
260,13,61,49
146,260,49,634
61,146,634,37
49,61,37,2565
634,49,2565,4
37,634,4,53
2565,37,53,14
4,2565,14,64
53,4,64,337
14,53,337,3
64,14,3,243
337,64,243,198
3,337,198,4
243,3,4,1260
198,243,1260,59
4,198,59,7957
1260,4,7957,49
59,1260,49,423
7957,59,423,6
49,7957,6,1378
423,49,1378,120
6,423,120,6
1378,6,6,1440
120,1378,1440,7
6,120,7,1348
1440,6,1348,11
7,1440,11,146
1348,7,146,2
11,1348,2,173
146,11,173,5
2,146,5,254
173,2,254,8
5,173,8,64
254,5,64,58
8,254,58,40
64,8,40,155
58,64,155,2
40,58,2,239
155,40,239,46
2,155,46,4
239,2,4,1532
46,239,1532,8
4,46,8,202
1532,4,202,697
8,1532,697,602
202,8,602,3
697,202,3,18
602,697,18,16894
3,602,16894,97684
18,3,97684,465
16894,18,465,358
97684,16894,358,37
465,97684,37,1606
358,465,1606,1249
37,358,1249,274
1606,37,274,28
1249,1606,28,32
274,1249,32,669
28,274,669,188
32,28,188,871
669,32,871,4345
188,669,4345,4187
871,188,4187,7
4345,871,7,113
4187,4345,113,10
7,4187,10,41
113,7,41,8
10,113,8,1606
41,10,1606,7
8,41,7,72
1606,8,72,502
7,1606,502,41
72,7,41,3594
502,72,3594,9
41,502,9,78
3594,41,78,32
9,3594,32,8
78,9,8,4506
32,78,4506,49
8,32,49,18169
4506,8,18169,997
49,4506,997,864
18169,49,864,8
997,18169,8,2839
864,997,2839,49
8,864,49,16
2839,8,16,18169
49,2839,18169,4
16,49,4,92340
18169,16,92340,1461
4,18169,1461,961
92340,4,961,2496
1461,92340,2496,8
961,1461,8,687
2496,961,687,4747
8,2496,4747,7
687,8,7,2598
4747,687,2598,4
7,4747,4,16546
