882,79,14,445
10,882,445,2
14,10,2,1745
445,14,1745,11
2,445,11,28
1745,2,28,23
11,1745,23,2
28,11,2,145
23,28,145,712
2,23,712,6
145,2,6,4
712,145,4,3158
6,712,3158,6
4,6,6,207
3158,4,207,107
6,3158,107,23
207,6,23,207
107,207,207,664
23,107,664,5
207,23,5,26679
664,207,26679,52
5,664,52,145
26679,5,145,14
52,26679,14,6
145,52,6,76
14,145,76,107
6,14,107,4
76,6,4,15335
107,76,15335,5
4,107,5,3987
15335,4,3987,22
5,15335,22,1097
3987,5,1097,946
22,3987,946,2649
1097,22,2649,820
946,1097,820,8
2649,946,8,578
820,2649,578,6595
8,820,6595,10
578,8,10,40
6595,578,40,18
10,6595,18,47
40,10,47,490
18,40,490,3
47,18,3,3572
490,47,3572,8
3,490,8,24
3572,3,24,1096
8,3572,1096,286
24,8,286,145
1096,24,145,310
286,1096,310,724
145,286,724,3076
310,145,3076,22
724,310,22,296
3076,724,296,6
22,3076,6,1063
296,22,1063,5
6,296,5,128
1063,6,128,66
5,1063,66,13
128,5,13,334
66,128,334,6
13,66,6,677
334,13,677,15
6,334,15,1342
677,6,1342,56989
15,677,56989,1691
1342,15,1691,11
56989,1342,11,247
1691,56989,247,508
11,1691,508,9
247,11,9,20
508,247,20,69
9,508,69,8
20,9,8,1063
69,20,1063,1260
8,69,1260,14
1063,8,14,503
1260,1063,503,1635
14,1260,1635,12
503,14,12,2
1635,503,2,5838
12,1635,5838,620
2,12,620,43
5838,2,43,1592
620,5838,1592,15
43,620,15,145
1592,43,145,2530
15,1592,2530,14677
145,15,14677,19
2530,145,19,7074
14677,2530,7074,682
19,14677,682,2520
7074,19,2520,523
682,7074,523,3
2520,682,3,319
523,2520,319,10
3,523,10,2290
319,3,2290,87
10,319,87,11
2290,10,11,13
87,2290,13,3
11,87,3,93
13,11,93,142
3,13,142,3
93,3,3,22
142,93,22,44
3,142,44,262
22,3,262,2
44,22,2,2
262,44,2,61838
2,262,61838,209
2,2,209,90
61838,2,90,5
209,61838,5,145
90,209,145,69
5,90,69,808
145,5,808,13
69,145,13,44
808,69,44,262
13,808,262,2
44,13,2,149
262,44,149,341
2,262,341,12
149,2,12,2
341,149,2,182
12,341,182,5
2,12,5,81
182,2,81,773
5,182,773,9
81,5,9,69
773,81,69,9
9,773,9,361
69,9,361,75
9,69,75,26
361,9,26,2673
75,361,2673,95
26,75,95,29
2673,26,29,474
95,2673,474,205
29,95,205,145
474,29,145,13
205,474,13,146
145,205,146,2
13,145,2,578
146,13,578,8705
2,146,8705,79
578,2,79,2
8705,578,2,39
79,8705,39,1564
2,79,1564,5
39,2,5,1055
1564,39,1055,5223
5,1564,5223,99
1055,5,99,2365
5223,1055,2365,23
99,5223,23,171
2365,99,171,3987
23,2365,3987,578
171,23,578,145
3987,171,145,6245
578,3987,6245,105
145,578,105,1408
6245,145,1408,3
105,6245,3,4365
1408,105,4365,67
3,1408,67,133
4365,3,133,4694
67,4365,4694,105
133,67,105,5706
4694,133,5706,4
105,4694,4,16936
5706,105,16936,946
4,5706,946,716
16936,4,716,2
946,16936,2,36178
716,946,36178,1360
2,716,1360,145
36178,2,145,15417
1360,36178,15417,2749
145,1360,2749,15
15417,145,15,32
2749,15417,32,6
15,2749,6,452
32,15,452,1551
6,32,1551,11
452,6,11,182
1551,452,182,19
11,1551,19,86
182,11,86,1398
19,182,1398,173
86,19,173,10
1398,86,10,716
173,1398,716,158
10,173,158,145
716,10,145,69
158,716,69,14
145,158,14,84
69,145,84,64
14,69,64,752
84,14,752,2282
64,84,2282,29
752,64,29,73847
2282,752,73847,1691
29,2282,1691,2166
73847,29,2166,1457
1691,73847,1457,4
2166,1691,4,365
1457,2166,365,12
4,1457,12,38
365,4,38,83
12,365,83,488
38,12,488,46
83,38,46,177
488,83,177,4231
46,488,4231,177
177,46,177,22735
4231,177,22735,177
177,4231,177,552
22735,177,552,19734
177,22735,19734,145
552,177,145,1998
19734,552,1998,4771
145,19734,4771,4699
1998,145,4699,126
4771,1998,126,22
4699,4771,22,1691
126,4699,1691,608
22,126,608,1010
1691,22,1010,52266
608,1691,52266,38
1010,608,38,534
52266,1010,534,397
38,52266,397,6
534,38,6,2957
397,534,2957,42392
6,397,42392,4467
2957,6,4467,77
42392,2957,77,17
4467,42392,17,5445
77,4467,5445,1075
17,77,1075,787
5445,17,787,145
1075,5445,145,491
787,1075,491,819
145,787,819,73
491,145,73,2
819,491,2,359
73,819,359,5768
2,73,5768,9016
359,2,9016,3
5768,359,3,90
9016,5768,90,5
3,9016,5,22
90,3,22,267
5,90,267,3818
22,5,3818,23
267,22,23,42
3818,267,42,145
23,3818,145,712
42,23,712,6
145,42,6,6545
712,145,6545,6746
6,712,6746,87
6545,6,87,6545
6746,6545,6545,2
87,6746,2,4082
6545,87,4082,2663
2,6545,2663,12
4082,2,12,94
2663,4082,94,77631
12,2663,77631,90
94,12,90,107
77631,94,107,145
90,77631,145,69
107,90,69,14
145,107,14,2
69,145,2,552
14,69,552,1408
2,14,1408,15
552,2,15,2
1408,552,2,519
15,1408,519,5
2,15,5,2411
519,2,2411,3036
5,519,3036,4
2411,5,4,3830
3036,2411,3830,9
4,3036,9,48
3830,4,48,29
9,3830,29,203
48,9,203,2019
29,48,2019,145
203,29,145,578
2019,203,578,14
145,2019,14,72
578,145,72,2
14,578,2,136
72,14,136,4
2,72,4,1755
136,2,1755,6
4,136,6,47664
1755,4,47664,60
6,1755,60,190
47664,6,190,210
60,47664,210,5
190,60,5,145
210,190,145,2738
5,210,2738,608
145,5,608,3
2738,145,3,1652
608,2738,1652,682
3,608,682,2
1652,3,2,10352
682,1652,10352,6029
2,682,6029,21
10352,2,21,72
6029,10352,72,9
21,6029,9,145
72,21,145,895
9,72,895,32
145,9,32,29
895,145,29,9
32,895,9,97
29,32,97,11
9,29,11,7
97,9,7,2
11,97,2,177
7,11,177,5
2,7,5,152
177,2,152,8
5,177,8,2185
152,5,2185,49
8,152,49,4
2185,8,4,2
49,2185,2,213
4,49,213,8
2,4,8,90
213,2,90,145
8,213,145,267
90,8,267,486
145,90,486,14
267,145,14,95784
486,267,95784,330
14,486,330,5
95784,14,5,731
330,95784,731,127
5,330,127,289
731,5,289,145
127,731,145,621
289,127,621,2
145,289,2,712
621,145,712,6
2,621,6,4
712,2,4,6577
6,712,6577,17065
4,6,17065,23
6577,4,23,1212
17065,6577,1212,4349
23,17065,4349,1922
1212,23,1922,4185
4349,1212,4185,4
1922,4349,4,1607
4185,1922,1607,36756
4,4185,36756,2930
1607,4,2930,146
36756,1607,146,9
2930,36756,9,2
146,2930,2,2987
9,146,2987,1303
2,9,1303,2
2987,2,2,589
1303,2987,589,5
2,1303,5,267
589,2,267,6365
5,589,6365,79
267,5,79,905
6365,267,905,3
79,6365,3,144
905,79,144,38
3,905,38,94
144,3,94,80
38,144,80,2
94,38,2,22
80,94,22,600
2,80,600,23
22,2,23,817
600,22,817,135
23,600,135,499
817,23,499,50
135,817,50,48
499,135,48,29
50,499,29,108042
48,50,108042,3067
29,48,3067,2851
108042,29,2851,2930
3067,108042,2930,122
2851,3067,122,2
2930,2851,2,272
122,2930,272,2604
2,122,2604,2
272,2,2,2878
2604,272,2878,1174
2,2604,1174,2
2878,2,2,145
1174,2878,145,527
2,1174,527,905
145,2,905,968
527,145,968,837
905,527,837,8
968,905,8,13
837,968,13,47
8,837,47,760
13,8,760,6
47,13,6,145
760,47,145,267
6,760,267,9
145,6,9,205
267,145,205,14
9,267,14,12
205,9,12,601
14,205,601,74142
12,14,74142,2
601,12,2,273
74142,601,273,3291
2,74142,3291,23
273,2,23,712
3291,273,712,822
23,3291,822,78
712,23,78,32
822,712,32,719
78,822,719,6
32,78,6,731
719,32,731,237
6,719,237,787
731,6,787,3533
237,731,3533,5603
787,237,5603,74
3533,787,74,4
5603,3533,4,74
74,5603,74,285
4,74,285,375
74,4,375,806
285,74,806,12
375,285,12,3291
806,375,3291,160
12,806,160,787
3291,12,787,68
160,3291,68,3533
787,160,3533,148
68,787,148,73
3533,68,73,390
148,3533,390,2868
73,148,2868,59
390,73,59,32
2868,390,32,320
59,2868,320,14
32,59,14,1936
320,32,1936,6
14,320,6,145
1936,14,145,381
6,1936,381,787
145,6,787,51870
381,145,51870,6
787,381,6,5343
51870,787,5343,11209
6,51870,11209,523
5343,6,523,3
11209,5343,3,336
523,11209,336,6029
3,523,6029,15
336,3,15,38
6029,336,38,1203
15,6029,1203,5
38,15,5,85
1203,38,85,774
5,1203,774,1716
85,5,1716,12
774,85,12,693
1716,774,693,310
12,1716,310,1260
693,12,1260,330
310,693,330,126
1260,310,126,8
330,1260,8,32
126,330,32,13
8,126,13,1354
32,8,1354,144
13,32,144,5
1354,13,5,362
144,1354,362,2337
5,144,2337,36
362,5,36,17674
2337,362,17674,97
36,2337,97,195
17674,36,195,4
97,17674,4,612
195,97,612,158
4,195,158,3
612,4,3,243
158,612,243,32
3,158,32,74
243,3,74,172
32,243,172,3
74,32,3,247
172,74,247,97
3,172,97,2133
247,3,2133,84115
97,247,84115,5
2133,97,5,145
84115,2133,145,267
5,84115,267,7
145,5,7,178
267,145,178,11
7,267,11,182
178,7,182,1372
11,178,1372,4
182,11,4,2550
1372,182,2550,145
4,1372,145,491
2550,4,491,165
145,2550,165,13
491,145,13,28
165,491,28,11
13,165,11,13
28,13,13,44
11,28,44,63
13,11,63,71
44,13,71,1064
63,44,1064,32
71,63,32,46
1064,71,46,4
32,1064,4,134
46,32,134,145
4,46,145,6
134,4,6,2702
145,134,2702,266
6,145,266,8
2702,6,8,11
266,2702,11,14
8,266,14,37
11,8,37,3
14,11,3,25
37,14,25,25
3,37,25,46
25,3,46,145
25,25,145,1093
46,25,1093,3
145,46,3,785
1093,145,785,165
3,1093,165,56
785,3,56,6
165,785,6,731
56,165,731,12
6,56,12,298
731,6,298,75
12,731,75,2
298,12,2,304
75,298,304,37
2,75,37,2798
304,2,2798,3088
37,304,3088,145
2798,37,145,1732
3088,2798,1732,37
145,3088,37,241
1732,145,241,368
37,1732,368,6
241,37,6,48529
368,241,48529,145
6,368,145,267
48529,6,267,6
145,48529,6,787
267,145,787,6
6,267,6,1212
787,6,1212,4349
6,787,4349,8
1212,6,8,330
4349,1212,330,4
8,4349,4,2322
330,8,2322,228
4,330,228,374
2322,4,374,1415
228,2322,1415,682
374,228,682,2
1415,374,2,1807
682,1415,1807,2
2,682,2,44
1807,2,44,544
2,1807,544,145
44,2,145,2945
544,44,2945,17356
145,544,17356,6976
2945,145,6976,2
17356,2945,2,159
6976,17356,159,742
2,6976,742,35
159,2,35,387
742,159,387,1094
35,742,1094,2354
387,35,2354,251
1094,387,251,541
2354,1094,541,330
251,2354,330,126
541,251,126,731
330,541,731,106
126,330,106,14
731,126,14,1368
106,731,1368,3
14,106,3,5794
1368,14,5794,114
3,1368,114,1912
5794,3,1912,98884
114,5794,98884,9264
1912,114,9264,14
98884,1912,14,6
9264,98884,6,787
14,9264,787,8
6,14,8,298
787,6,298,330
8,787,330,11
298,8,11,28
330,298,28,11
11,330,11,14
28,11,14,2347
11,28,2347,8
14,11,8,145
2347,14,145,40
8,2347,40,123
145,8,123,22
40,145,22,431
123,40,431,3
22,123,3,135
431,22,135,440
3,431,440,4
135,3,4,1042
440,135,1042,4
4,440,4,1441
1042,4,1441,1415
4,1042,1415,5
1441,4,5,1441
1415,1441,1441,106
5,1415,106,11
1441,5,11,1047
106,1441,1047,135
11,106,135,97
1047,11,97,492
135,1047,492,13
97,135,13,516
492,97,516,32
13,492,32,40
516,13,40,17
32,516,17,287
40,32,287,205
17,40,205,404
287,17,404,126
205,287,126,289
404,205,289,85
126,404,85,14
289,126,14,56852
85,289,56852,2
14,85,2,21765
56852,14,21765,21093
2,56852,21093,8
21765,2,8,519
21093,21765,519,13
8,21093,13,21
519,8,21,160
13,519,160,6
21,13,6,2
160,21,2,66
6,160,66,11
2,6,11,28
66,2,28,1174
11,66,1174,2
28,11,2,145
1174,28,145,5513
2,1174,5513,48
145,2,48,1203
5513,145,1203,30
48,5513,30,3
1203,48,3,42
30,1203,42,565
3,30,565,94
42,3,94,69952
565,42,69952,9264
94,565,9264,478
69952,94,478,213
9264,69952,213,14
478,9264,14,1502
213,478,1502,6
14,213,6,32
1502,14,32,950
6,1502,950,11
32,6,11,1093
950,32,1093,3
11,950,3,360
1093,11,360,9054
3,1093,9054,6
360,3,6,363
9054,360,363,35
6,9054,35,74
363,6,74,268
35,363,268,281
74,35,281,205
268,74,205,241
281,268,241,368
205,281,368,23
241,205,23,987
368,241,987,236
23,368,236,6
987,23,6,1613
236,987,1613,4
6,236,4,320
1613,6,320,9455
4,1613,9455,24
320,4,24,114
9455,320,114,590
24,9455,590,6
114,24,6,236
590,114,236,73
6,590,73,39
236,6,39,32215
73,236,32215,72
39,73,72,243
32215,39,243,2
72,32215,2,2917
243,72,2917,322
2,243,322,12
2917,2,12,4235
322,2917,4235,9264
12,322,9264,218
4235,12,218,7
9264,4235,7,14
218,9264,14,3415
7,218,3415,1038
14,7,1038,66
3415,14,66,404
1038,3415,404,3
66,1038,3,106
404,66,106,9
3,404,9,4
106,3,4,1842
9,106,1842,9
4,9,9,63
1842,4,63,29
9,1842,29,10
63,9,10,1615
29,63,1615,243
10,29,243,480
1615,10,480,8
243,1615,8,1439
480,243,1439,183
8,480,183,1022
1439,8,1022,1296
183,1439,1296,183
1022,183,183,441
1296,1022,441,216
183,1296,216,183
441,183,183,1654
216,441,1654,183
183,216,183,444
1654,183,444,401
183,1654,401,648
444,183,648,15
401,444,15,2
648,401,2,220
15,648,220,322
2,15,322,10
220,2,10,7
322,220,7,25
10,322,25,43
7,10,43,98
25,7,98,201
43,25,201,25
98,43,25,84
201,98,84,50
25,201,50,110
84,25,110,3
50,84,3,93
110,50,93,2
3,110,2,1434
93,3,1434,322
2,93,322,12
1434,2,12,183
322,1434,183,648
12,322,648,21
183,12,21,110
648,183,110,3
21,648,3,25
110,21,25,43
3,110,43,98
25,3,98,67429
43,25,67429,1533
98,43,1533,7
67429,98,7,40
1533,67429,40,584
7,1533,584,106
40,7,106,9
584,40,9,27
106,584,27,3
9,106,3,4423
27,9,4423,2833
3,27,2833,3
4423,3,3,945
2833,4423,945,4640
3,2833,4640,108117
945,3,108117,1256
4640,945,1256,31
108117,4640,31,14
1256,108117,14,23
31,1256,23,712
14,31,712,15
23,14,15,9264
712,23,9264,28
15,712,28,52
9264,15,52,11
28,9264,11,123
52,28,123,10
11,52,10,19
123,11,19,5709
10,123,5709,4107
19,10,4107,36
5709,19,36,2030
4107,5709,2030,4107
36,4107,4107,7
2030,36,7,40
4107,2030,40,712
7,4107,712,4
40,7,4,106
712,40,106,8
4,712,8,11
106,4,11,72822
8,106,72822,3326
11,8,3326,819
72822,11,819,3
3326,72822,3,17
819,3326,17,735
3,819,735,23
17,3,23,145
735,17,145,343
23,735,343,48
145,23,48,1075
343,145,1075,731
48,343,731,6
1075,48,6,14456
731,1075,14456,3
6,731,3,289
14456,6,289,6
3,14456,6,104
289,3,104,11102
6,289,11102,44
104,6,44,5
11102,104,5,69
44,11102,69,10
5,44,10,14
69,5,14,72
10,69,72,8
14,10,8,494
72,14,494,145
8,72,145,14
494,8,14,699
145,494,699,4
14,145,4,849
699,14,849,3
4,699,3,104
849,4,104,996
3,849,996,267
104,3,267,46
996,104,46,10
267,996,10,8
46,267,8,6
10,46,6,38
8,10,38,1070
6,8,1070,78
38,6,78,32
1070,38,32,14
78,1070,14,659
32,78,659,4
14,32,4,48556
659,14,48556,14
4,659,14,72
48556,4,72,4
14,48556,4,895
72,14,895,3
4,72,3,90
895,4,90,145
3,895,145,267
90,3,267,11
145,90,11,14
267,145,14,2
11,267,2,34232
14,11,34232,714
2,14,714,80
34232,2,80,2
714,34232,2,618
80,714,618,135
2,80,135,97
618,2,97,14
135,618,14,72
97,135,72,2
14,97,2,105
72,14,105,97
2,72,97,10
105,2,10,14
97,105,14,4
10,97,4,5599
14,10,5599,1065
4,14,1065,3518
5599,4,3518,12
1065,5599,12,377
3518,1065,377,1112
12,3518,1112,10
377,12,10,365
1112,377,365,3
10,1112,3,1756
365,10,1756,32
3,365,32,499
1756,3,499,4
32,1756,4,1112
499,32,1112,2727
4,499,2727,40
1112,4,40,3006
2727,1112,3006,49
40,2727,49,192
3006,40,192,14
49,3006,14,5890
192,49,5890,87
14,192,87,213
5890,14,213,682
87,5890,682,14
213,87,14,4
682,213,4,10732
14,682,10732,68594
4,14,68594,2
10732,4,2,4
68594,10732,4,3158
2,68594,3158,712
4,2,712,9
3158,4,9,145
712,3158,145,1011
9,712,1011,44
145,9,44,145
1011,145,145,267
44,1011,267,6151
145,44,6151,61328
267,145,61328,819
6151,267,819,3
61328,6151,3,13647
819,61328,13647,3167
3,819,3167,5
13647,3,5,90
3167,13647,90,31
5,3167,31,1047
90,5,1047,4895
31,90,4895,19
1047,31,19,135
4895,1047,135,97
19,4895,97,4
135,19,4,289
97,135,289,92131
4,97,92131,113
289,4,113,668
92131,289,668,864
113,92131,864,37
668,113,37,2727
864,668,2727,7
37,864,7,4915
2727,37,4915,3
7,2727,3,88
4915,7,88,494
3,4915,494,267
88,3,267,11
494,88,11,28
267,494,28,2
11,267,2,888
28,11,888,2967
2,28,2967,1596
888,2,1596,6
2967,888,6,4
1596,2967,4,3158
6,1596,3158,58680
4,6,58680,662
3158,4,662,126
58680,3158,126,145
662,58680,145,365
126,662,365,3
145,126,3,9266
365,145,9266,87
3,365,87,10
9266,3,10,21
87,9266,21,37
10,87,37,76
21,10,76,1026
37,21,1026,5
76,37,5,3642
1026,76,3642,3
5,1026,3,2
3642,5,2,97
3,3642,97,97
