543,12,715,343
4,543,343,744
715,4,744,9
343,715,9,90
744,343,90,13
9,744,13,17618
90,9,17618,24
13,90,24,16591
17618,13,16591,4
24,17618,4,6022
16591,24,6022,3
4,16591,3,2114
6022,4,2114,14208
3,6022,14208,343
2114,3,343,15
14208,2114,15,5955
343,14208,5955,5
15,343,5,13715
5955,15,13715,173
5,5955,173,121
13715,5,121,751
173,13715,751,160
121,173,160,38
751,121,38,2120
160,751,2120,3
38,160,3,2303
2120,38,2303,70424
3,2120,70424,454
2303,3,454,23
70424,2303,23,275
454,70424,275,4510
23,454,4510,2052
275,23,2052,24
4510,275,24,2
2052,4510,2,751
24,2052,751,2153
2,24,2153,919
751,2,919,175
2153,751,175,3063
919,2153,3063,4
175,919,4,751
3063,175,751,13
4,3063,13,241
751,4,241,47
13,751,47,2223
241,13,2223,12
47,241,12,318
2223,47,318,109
12,2223,109,1656
318,12,1656,4306
109,318,4306,1615
1656,109,1615,739
4306,1656,739,6283
1615,4306,6283,12283
739,1615,12283,6
6283,739,6,43719
12283,6283,43719,1476
6,12283,1476,59
43719,6,59,11
1476,43719,11,12681
59,1476,12681,22
11,59,22,104
12681,11,104,3
22,12681,3,2
104,22,2,1224
3,104,1224,90
2,3,90,5
1224,2,5,341
90,1224,341,751
5,90,751,151
341,5,151,8
751,341,8,324
151,751,324,3
8,151,3,157
324,8,157,2257
3,324,2257,20
157,3,20,3367
2257,157,3367,2
20,2257,2,14566
3367,20,14566,6283
2,3367,6283,12283
14566,2,12283,1892
6283,14566,1892,748
12283,6283,748,15363
1892,12283,15363,9105
748,1892,9105,93059
15363,748,93059,4
9105,15363,4,4777
93059,9105,4777,3155
4,93059,3155,306
4777,4,306,408
3155,4777,408,3
306,3155,3,19796
408,306,19796,993
3,408,993,10
19796,3,10,301
993,19796,301,8
10,993,8,7
301,10,7,21
8,301,21,1090
7,8,1090,3063
21,7,3063,24
1090,21,24,1340
3063,1090,1340,10
24,3063,10,107
1340,24,107,3
10,1340,3,70
107,10,70,37222
3,107,37222,8412
70,3,8412,1242
37222,70,1242,1890
8412,37222,1890,9018
1242,8412,9018,3928
1890,1242,3928,3021
9018,1890,3021,355
3928,9018,355,2
3021,3928,2,2
355,3021,2,60
2,355,60,3
2,2,3,2070
60,2,2070,48
3,60,48,28
2070,3,28,4
48,2070,4,10621
28,48,10621,3367
4,28,3367,716
10621,4,716,1801
3367,10621,1801,1283
716,3367,1283,2
1801,716,2,48
1283,1801,48,28
2,1283,28,100
48,2,100,44
28,48,44,1571
100,28,1571,126
44,100,126,14
1571,44,14,508
126,1571,508,2
14,126,2,48
508,14,48,9026
2,508,9026,100
48,2,100,343
9026,48,343,54
100,9026,54,394
343,100,394,716
54,343,716,3063
394,54,3063,357
716,394,357,9026
3063,716,9026,5441
357,3063,5441,24
9026,357,24,547
5441,9026,547,2333
24,5441,2333,357
547,24,357,9
2333,547,9,3420
357,2333,3420,4
9,357,4,63896
3420,9,63896,7
4,3420,7,4
63896,4,4,26853
7,63896,26853,5
4,7,5,1571
26853,4,1571,2
5,26853,2,156
1571,5,156,3063
2,1571,3063,2815
156,2,2815,330
3063,156,330,126
2815,3063,126,48
330,2815,48,28
126,330,28,27304
48,126,27304,60
28,48,60,3063
27304,28,3063,1108
60,27304,1108,79
3063,60,79,2
1108,3063,2,4121
79,1108,4121,27929
2,79,27929,3367
4121,2,3367,6400
27929,4121,6400,19
3367,27929,19,54843
6400,3367,54843,1717
19,6400,1717,8
54843,19,8,364
1717,54843,364,5304
8,1717,5304,2114
364,8,2114,20823
5304,364,20823,4
2114,5304,4,41
20823,2114,41,644
4,20823,644,101151
41,4,101151,525
644,41,525,15
101151,644,15,2
525,101151,2,2784
15,525,2784,5
2,15,5,92844
2784,2,92844,686
5,2784,686,675
92844,5,675,9
686,92844,9,161
675,686,161,397
9,675,397,4
161,9,4,1866
397,161,1866,18
4,397,18,247
1866,4,247,2
18,1866,2,131
247,18,131,677
2,247,677,107
131,2,107,3
677,131,3,2303
107,677,2303,3367
3,107,3367,76
2303,3,76,751
3367,2303,751,165
76,3367,165,1386
751,76,1386,3
165,751,3,3636
1386,165,3636,586
3,1386,586,13164
3636,3,13164,15
586,3636,15,849
13164,586,849,198
15,13164,198,29
849,15,29,57
198,849,57,18
29,198,18,277
57,29,277,574
18,57,574,6
277,18,6,38
574,277,38,1175
6,574,1175,4
38,6,4,16
1175,38,16,23
4,1175,23,1556
16,4,1556,3
23,16,3,516
1556,23,516,59
3,1556,59,4
516,3,4,62
59,516,62,3
4,59,3,88317
62,4,88317,1373
3,62,1373,426
88317,3,426,231
1373,88317,231,108
426,1373,108,2
231,426,2,44
108,231,44,1627
2,108,1627,7743
44,2,7743,4
1627,44,4,330
7743,1627,330,93
4,7743,93,18011
330,4,18011,45
93,330,45,218
18011,93,218,3
45,18011,3,7879
218,45,7879,2215
3,218,2215,1614
7879,3,1614,6
2215,7879,6,15
1614,2215,15,53596
6,1614,53596,2191
15,6,2191,4
53596,15,4,2
2191,53596,2,1607
4,2191,1607,1573
2,4,1573,5
1607,2,5,5304
1573,1607,5304,3063
5,1573,3063,7
5304,5,7,2
3063,5304,2,4855
7,3063,4855,8
2,7,8,609
4855,2,609,45
8,4855,45,5
609,8,5,48
45,609,48,406
5,45,406,3
48,5,3,2025
406,48,2025,4156
3,406,4156,194
2025,3,194,469
4156,2025,469,121
194,4156,121,751
469,194,751,54153
121,469,54153,3
751,121,3,315
54153,751,315,5
3,54153,5,543
315,3,543,195
5,315,195,4
543,5,4,804
195,543,804,3063
4,195,3063,13
804,4,13,182
3063,804,182,88
13,3063,88,5
182,13,5,10
88,182,10,11285
5,88,11285,4
10,5,4,665
11285,10,665,20890
4,11285,20890,4
665,4,4,7
20890,665,7,84
4,20890,84,41
7,4,41,37
84,7,37,6347
41,84,6347,65
37,41,65,13303
6347,37,13303,3368
65,6347,3368,53
13303,65,53,7
3368,13303,7,412
53,3368,412,18388
7,53,18388,37
412,7,37,2
18388,412,2,751
37,18388,751,8313
2,37,8313,61
751,2,61,4
8313,751,4,3855
61,8313,3855,6
4,61,6,715
3855,4,715,25582
6,3855,25582,4855
715,6,4855,2
25582,715,2,2
4855,25582,2,284
2,4855,284,90
2,2,90,751
284,2,751,346
90,284,346,64
751,90,64,2085
346,751,2085,6
64,346,6,8313
2085,64,8313,6
6,2085,6,5304
8313,6,5304,4328
6,8313,4328,675
5304,6,675,4
4328,5304,4,5251
675,4328,5251,2
4,675,2,149
5251,4,149,2
2,5251,2,1724
149,2,1724,38
2,149,38,397
1724,2,397,3
38,1724,3,2025
397,38,2025,6
3,397,6,391
2025,3,391,4
6,2025,4,556
391,6,556,44787
4,391,44787,34254
556,4,34254,2585
44787,556,2585,104317
34254,44787,104317,68567
2585,34254,68567,39
104317,2585,39,231
68567,104317,231,108
39,68567,108,82
231,39,82,318
108,231,318,3
82,108,3,33
318,82,33,751
3,318,751,4
33,3,4,68568
751,33,68568,34942
4,751,34942,806
68568,4,806,3694
34942,68568,3694,5
806,34942,5,5937
3694,806,5937,2732
5,3694,2732,82
5937,5,82,6812
2732,5937,6812,22309
82,2732,22309,806
6812,82,806,3694
22309,6812,3694,5
806,22309,5,1477
3694,806,1477,104190
5,3694,104190,82
1477,5,82,6812
104190,1477,6812,22309
82,104190,22309,806
6812,82,806,3694
22309,6812,3694,5
806,22309,5,2069
3694,806,2069,39
5,3694,39,82
2069,5,82,6812
39,2069,6812,38549
82,39,38549,806
6812,82,806,3694
38549,6812,3694,5
806,38549,5,256
3694,806,256,13880
5,3694,13880,82
256,5,82,6812
13880,256,6812,1314
82,13880,1314,3716
6812,82,3716,3063
777,390,2,4273
5,777,4273,687
2,5,687,936
4273,2,936,34
687,4273,34,247
936,687,247,2
34,936,2,111
247,34,111,5
2,247,5,5097
111,2,5097,45221
5,111,45221,1241
5097,5,1241,6642
45221,5097,6642,8420
1241,45221,8420,933
6642,1241,933,6
8420,6642,6,2330
933,8420,2330,413
6,933,413,673
2330,6,673,34
413,2330,34,514
673,413,514,2
34,673,2,427
514,34,427,23
2,514,23,353
427,2,353,540
23,427,540,184
353,23,184,3
540,353,3,390
184,540,390,2404
3,184,2404,105332
390,3,105332,45
2404,390,45,50
105332,2404,50,350
45,105332,350,3
50,45,3,439
350,50,439,442
3,350,442,330
439,3,330,23
442,439,23,55167
330,442,55167,28
23,330,28,7836
55167,23,7836,2930
28,55167,2930,5
7836,28,5,10948
2930,7836,10948,413
5,2930,413,673
10948,5,673,1857
413,10948,1857,11
673,413,11,350
1857,673,350,4
11,1857,4,489
350,11,489,45
4,350,45,11
489,4,11,23
45,489,23,15
11,45,15,9
23,11,9,2787
15,23,2787,763
9,15,763,23
2787,9,23,70255
763,2787,70255,5999
23,763,5999,220
70255,23,220,933
5999,70255,933,103
220,5999,103,141
933,220,141,772
103,933,772,158
141,103,158,26995
772,141,26995,7
158,772,7,119
26995,158,119,4
7,26995,4,48
119,7,48,944
4,119,944,16
48,4,16,220
944,48,220,11
16,944,11,134
220,16,134,1436
11,220,1436,11
134,11,11,7
1436,134,7,10
11,1436,10,3
7,11,3,483
10,7,483,2
3,10,2,237
483,3,237,124
2,483,124,184
237,2,184,3
124,237,3,42
184,124,42,5
3,184,5,12212
42,3,12212,933
5,42,933,4210
12212,5,4210,2036
933,12212,2036,2
4210,933,2,512
2036,4210,512,1303
2,2036,1303,4
512,2,4,1271
1303,512,1271,13251
4,1303,13251,3
1271,4,3,933
13251,1271,933,232
3,13251,232,375
933,3,375,2330
232,933,2330,176
375,232,176,307
2330,375,307,10
176,2330,10,33180
307,176,33180,5
10,307,5,944
33180,10,944,14
5,33180,14,933
944,5,933,2952
14,944,2952,4805
933,14,4805,12000
2952,933,12000,8681
4805,2952,8681,4805
12000,4805,4805,25607
8681,12000,25607,10550
4805,8681,10550,8131
25607,4805,8131,4269
10550,25607,4269,5
8131,10550,5,3954
4269,8131,3954,183
5,4269,183,134
3954,5,134,390
183,3954,390,11
134,183,11,34
390,134,34,276
11,390,276,5954
34,11,5954,23
276,34,23,62621
5954,276,62621,6359
23,5954,6359,3420
62621,23,3420,312
6359,62621,312,87
3420,6359,87,10
312,3420,10,13
87,312,13,25
10,87,25,90
13,10,90,3446
25,13,3446,34
90,25,34,1062
3446,90,1062,643
34,3446,643,944
1062,34,944,6
643,1062,6,57
944,643,57,32021
6,944,32021,540
57,6,540,330
32021,57,330,2
540,32021,2,2411
330,540,2411,2633
2,330,2633,34
2411,2,34,17
2633,2411,17,621
34,2633,621,12
17,34,12,6886
621,17,6886,93754
12,621,93754,2418
6886,12,2418,2542
93754,6886,2542,3424
2418,93754,3424,403
2542,2418,403,3
3424,2542,3,3409
403,3424,3409,362
3,403,362,45
3409,3,45,3
362,3409,3,514
45,362,514,435
3,45,435,4
514,3,4,3459
435,514,3459,24
4,435,24,2330
3459,4,2330,3
24,3459,3,879
2330,24,879,5
3,2330,5,2736
879,3,2736,9294
5,879,9294,12
2736,5,12,57
9294,2736,57,210
12,9294,210,5
57,12,5,3318
210,57,3318,96026
5,210,96026,519
3318,5,519,14
96026,3318,14,3319
519,96026,3319,19
14,519,19,6886
3319,14,6886,12580
19,3319,12580,1043
6886,19,1043,5
12580,6886,5,944
1043,12580,944,13651
5,1043,13651,12580
944,5,12580,11
13651,944,11,6
12580,13651,6,10030
11,12580,10030,2423
6,11,2423,4
10030,6,4,1452
2423,10030,1452,6
4,2423,6,2330
1452,4,2330,12
6,1452,12,49048
2330,6,49048,21
12,2330,21,6
49048,12,6,80872
21,49048,80872,7
6,21,7,48
80872,6,48,11884
7,80872,11884,29
48,7,29,51
11884,48,51,7
29,11884,7,55
51,29,55,44
7,51,44,3
55,7,3,8
44,55,8,534
3,44,534,272
8,3,272,7
534,8,7,8
272,534,8,6
7,272,6,60
8,7,60,7
6,8,7,34
60,6,34,6097
7,60,6097,33
34,7,33,12580
6097,34,12580,134
33,6097,134,390
12580,33,390,2404
134,12580,2404,105334
390,134,105334,7
2404,390,7,635
105334,2404,635,317
7,105334,317,268
635,7,268,20
317,635,20,29
268,317,29,7
20,268,7,34
29,20,34,6097
7,29,6097,33
34,7,33,29
6097,34,29,7
33,6097,7,403
29,33,403,9
7,29,9,798
403,7,798,5
9,403,5,112
798,9,112,290
5,798,290,301
112,5,301,241
290,112,241,36
301,290,36,865
241,301,865,8
36,241,8,132
865,36,132,17
8,865,17,33
132,8,33,172
17,132,172,4
33,17,4,671
172,33,671,8
4,172,8,2183
671,4,2183,74
8,671,74,4
2183,8,4,74
74,2183,74,4
4,74,4,74
74,4,74,285
4,74,285,6
74,4,6,112
285,74,112,573
6,285,573,4
112,6,4,137
573,112,137,4703
4,573,4703,1083
137,4,1083,4
4703,137,4,1789
1083,4703,1789,33
4,1083,33,243
1789,4,243,5657
33,1789,5657,2525
243,33,2525,45
5657,243,45,168
2525,5657,168,7
45,2525,7,40
168,45,40,552
7,168,552,3
40,7,3,1114
552,40,1114,33
3,552,33,29
1114,3,29,1114
33,1114,1114,21
29,33,21,6
1114,29,6,180
21,1114,180,52
6,21,52,7
180,6,7,1114
52,180,1114,33
7,52,33,7
1114,7,7,569
33,1114,569,64
7,33,64,282
569,7,282,65
64,569,65,107730
282,64,107730,1758
65,282,1758,37
107730,65,37,936
1758,107730,936,365
37,1758,365,3
936,37,3,401
365,936,401,27254
3,365,27254,2330
401,3,2330,889
27254,401,889,1443
2330,27254,1443,647
889,2330,647,9
1443,889,9,220
647,1443,220,22318
9,647,22318,151
220,9,151,608
22318,220,608,647
151,22318,647,6
608,151,6,896
647,608,896,2584
6,647,2584,2
896,6,2,26
2584,896,26,2717
2,2584,2717,3
26,2,3,3954
2717,26,3954,183
3,2717,183,933
3954,3,933,24
183,3954,24,2
933,183,2,2737
24,933,2737,1840
2,24,1840,3683
2737,2,3683,620
1840,2737,620,933
3683,1840,933,3
620,3683,3,1220
933,620,1220,3749
3,933,3749,23
1220,3,23,7769
3749,1220,7769,80740
23,3749,80740,26
7769,23,26,893
80740,7769,893,933
26,80740,933,151
893,26,151,2447
933,893,2447,2330
151,933,2330,8448
2447,151,8448,1039
2330,2447,1039,401
8448,2330,401,1722
1039,8448,1722,4134
401,1039,4134,15
1722,401,15,4558
4134,1722,4558,20
15,4134,20,60
4558,15,60,5
20,4558,5,66
60,20,66,90
5,60,90,1328
66,5,1328,527
90,66,527,5
1328,90,5,144
527,1328,144,9
5,527,9,944
144,5,944,5
9,144,5,2330
944,9,2330,643
5,944,643,4
2330,5,4,220
643,2330,220,543
4,643,543,165
220,4,165,30
543,220,30,691
165,543,691,435
30,165,435,6
691,30,6,435
435,691,435,25
6,435,25,101
435,6,101,148
25,435,148,220
101,25,220,244
148,101,244,323
220,148,323,527
244,220,527,22901
323,244,22901,647
527,323,647,448
22901,527,448,15
647,22901,15,2
448,647,2,712
15,448,712,620
2,15,620,1804
712,2,1804,1412
620,712,1412,5
1804,620,5,12992
1412,1804,12992,52651
5,1412,52651,10
12992,5,10,15338
52651,12992,15338,430
10,52651,430,7
15338,10,7,21
430,15338,21,192
7,430,192,11
21,7,11,697
192,21,697,3
11,192,3,4128
697,11,4128,1083
3,697,1083,4
4128,3,4,623
1083,4128,623,6
4,1083,6,67
623,4,67,543
6,623,543,29
67,6,29,30
543,67,30,16
29,543,16,21
30,29,21,9
16,30,9,8
21,16,8,4
9,21,4,3424
8,9,3424,28
4,8,28,3
3424,4,3,787
28,3424,787,30
3,28,30,16
787,3,16,867
30,787,867,61
16,30,61,570
867,16,570,1060
61,867,1060,6
570,61,6,1060
1060,570,1060,30
6,1060,30,34
1060,6,34,21
30,1060,21,6399
34,30,6399,83
21,34,83,29
6399,21,29,30
83,6399,30,34
29,83,34,524
30,29,524,103123
34,30,103123,26705
524,34,26705,2514
103123,524,2514,2
26705,103123,2,529
2514,26705,529,787
2,2514,787,2447
529,2,2447,725
787,529,725,585
2447,787,585,5
725,2447,5,413
585,725,413,673
5,585,673,1592
413,5,1592,6
673,413,6,3047
1592,673,3047,791
6,1592,791,9
3047,6,9,5741
791,3047,5741,1488
9,791,1488,3
5741,9,3,17
1488,5741,17,94833
3,1488,94833,10
17,3,10,83
94833,17,83,123
10,94833,123,10
83,10,10,83
123,83,83,3533
10,123,3533,787
83,10,787,2447
3533,83,2447,15
787,3533,15,45
2447,787,45,5
15,2447,5,48
45,15,48,237
5,45,237,4
48,5,4,406
237,48,406,1174
4,237,1174,72252
406,4,72252,565
1174,406,565,527
72252,1174,527,28
565,72252,28,552
527,565,552,8017
28,527,8017,552
552,28,552,1114
8017,552,1114,8017
552,8017,8017,1114
1114,552,1114,4
8017,1114,4,190
1114,8017,190,272
4,1114,272,527
190,4,527,44
272,190,44,1300
527,272,1300,130
44,527,130,5804
1300,44,5804,72268
130,1300,72268,5
5804,130,5,343
72268,5804,343,413
5,72268,413,673
343,5,673,1055
413,343,1055,703
673,413,703,1181
1055,673,1181,175
703,1055,175,4
1181,703,4,45
175,1181,45,33167
4,175,33167,1367
45,4,1367,920
33167,45,920,1799
1367,33167,1799,3856
920,1367,3856,5
1799,920,5,119
3856,1799,119,8531
5,3856,8531,254
119,5,254,10724
8531,119,10724,1656
254,8531,1656,187
10724,254,187,1519
1656,10724,1519,14151
187,1656,14151,180
1519,187,180,4
14151,1519,4,8
180,14151,8,7
4,180,7,2288
8,4,2288,2330
7,8,2330,87
2288,7,87,10
2330,2288,10,7
87,2330,7,88
10,87,88,1804
7,10,1804,312
88,7,312,6
1804,88,6,130
312,1804,130,35
6,312,35,4
130,6,4,23
35,130,23,42
4,35,42,60
23,4,60,13
42,23,13,1522
60,42,1522,5916
13,60,5916,5
1522,13,5,220
5916,1522,220,3
5,5916,3,119
220,5,119,6
3,220,6,58270
119,3,58270,13
6,119,13,247
58270,6,247,911
13,58270,911,194
247,13,194,2
911,247,2,35
194,911,35,4
2,194,4,227
35,2,227,1436
4,35,1436,179
227,4,179,12
1436,227,12,187
179,1436,187,4
12,179,4,304
187,12,304,4
4,187,4,1089
304,4,1089,12
4,304,12,1087
1089,4,1087,2642
12,1089,2642,51
1087,12,51,1436
2642,1087,1436,18
51,2642,18,1024
1436,51,1024,25
18,1436,25,64361
1024,18,64361,1430
25,1024,1430,390
64361,25,390,6688
1430,64361,6688,2404
390,1430,2404,32027
6688,390,32027,2344
2404,6688,2344,2
32027,2404,2,333
2344,32027,333,44
2,2344,44,2930
