423,422,25,20
4,423,20,27
25,4,27,28
20,25,28,8901
27,20,8901,101
28,27,101,3888
8901,28,3888,94
101,8901,94,77
3888,101,77,248
94,3888,248,611
77,94,611,97
248,77,97,195
611,248,195,58
97,611,58,114
195,97,114,4
58,195,4,273
114,58,273,812
4,114,812,79
273,4,79,27
812,273,27,12066
79,812,12066,48
27,79,48,45
12066,27,45,69
48,12066,69,3648
45,48,3648,147
69,45,147,805
3648,69,805,5
147,3648,5,257
805,147,257,85
5,805,85,15
257,5,15,41
85,257,41,65
15,85,65,129
41,15,129,5
65,41,5,114
129,65,114,1329
5,129,1329,4020
114,5,4020,37
1329,114,37,27
4020,1329,27,23
37,4020,23,117
27,37,117,5
23,27,5,860
117,23,860,101
5,117,101,3888
860,5,3888,1306
101,860,1306,77
3888,101,77,248
1306,3888,248,114
77,1306,114,488
248,77,488,41
114,248,41,1280
488,114,1280,37
41,488,37,58
1280,41,58,31469
37,1280,31469,6
58,37,6,849
31469,58,849,5
6,31469,5,38
849,6,38,83
5,849,83,762
38,5,762,5821
83,38,5821,1557
762,83,1557,569
5821,762,569,24766
1557,5821,24766,481
569,1557,481,2417
24766,569,2417,4
481,24766,4,891
2417,481,891,230
4,2417,230,21
891,4,21,17
230,891,17,42
21,230,42,3
17,21,3,25
42,17,25,4439
3,42,4439,2133
25,3,2133,58
4439,25,58,287
2133,4439,287,477
58,2133,477,186
287,58,186,1229
477,287,1229,37
186,477,37,3036
1229,186,3036,1612
37,1229,1612,86
3036,37,86,119
1612,3036,119,471
86,1612,471,74
119,86,74,406
471,119,406,9
74,471,9,564
406,74,564,22
9,406,22,69
564,9,69,802
22,564,802,28
69,22,28,8
802,69,8,27
28,802,27,7
8,28,7,21
27,8,21,1918
7,27,1918,6
21,7,6,3099
1918,21,3099,2
6,1918,2,565
3099,6,565,36
2,3099,36,1290
565,2,1290,9
36,565,9,331
1290,36,331,5
9,1290,5,3890
331,9,3890,3
5,331,3,2
3890,5,2,994
3,3890,994,3386
2,3,3386,5
994,2,5,60931
3386,994,60931,269
5,3386,269,5
60931,5,5,35
269,60931,35,32
5,269,32,13
35,5,13,28
32,35,28,11
13,32,11,14
28,13,14,2
11,28,2,438
14,11,438,2151
2,14,2151,31
438,2,31,7
2151,438,7,26703
31,2151,26703,3
7,31,3,247
26703,7,247,63
3,26703,63,4
247,3,4,162
63,247,162,44
4,63,44,11
162,4,11,947
44,162,947,2777
11,44,2777,3
947,11,3,3036
2777,947,3036,4
3,2777,4,13
3036,3,13,47
4,3036,47,5395
13,4,5395,225
47,13,225,1348
5395,47,1348,94
225,5395,94,4
1348,225,4,220
94,1348,220,94
4,94,94,46
220,4,46,2
94,220,2,64
46,94,64,3
2,46,3,360
64,2,360,3204
3,64,3204,162
360,3,162,147
3204,360,147,3
162,3204,3,192
147,162,192,6
3,147,6,127
192,3,127,60885
6,192,60885,2164
127,6,2164,9
60885,127,9,135
2164,60885,135,1813
9,2164,1813,364
135,9,364,2170
1813,135,2170,117
364,1813,117,2597
2170,364,2597,1422
117,2170,1422,42
2597,117,42,5
1422,2597,5,197
42,1422,197,88
5,42,88,1951
197,5,1951,1434
88,197,1434,1004
1951,88,1004,2093
1434,1951,2093,4
1004,1434,4,2744
2093,1004,2744,974
4,2093,974,269
2744,4,269,2591
974,2744,2591,4118
269,974,4118,2
2591,269,2,26288
4118,2591,26288,1348
2,4118,1348,629
26288,2,629,4
1348,26288,4,1117
629,1348,1117,117
4,629,117,2067
1117,4,2067,2024
117,1117,2024,2
2067,117,2,119
2024,2067,119,272
2,2024,272,74
119,2,74,24
272,119,24,2
74,272,2,904
24,74,904,31316
2,24,31316,1369
904,2,1369,117
31316,904,117,7429
1369,31316,7429,6232
117,1369,6232,42
7429,117,42,5
6232,7429,5,103
42,6232,103,220
5,42,220,387
103,5,387,14
220,103,14,68
387,220,68,118
14,387,118,1050
68,14,1050,286
118,68,286,10
1050,118,10,2155
286,1050,2155,229
10,286,229,11
2155,10,11,7
229,2155,7,165
11,229,165,6
7,11,6,96671
165,7,96671,438
6,165,438,2151
96671,6,2151,3030
438,96671,3030,1356
2151,438,1356,6295
3030,2151,6295,5
1356,3030,5,2
6295,1356,2,127
5,6295,127,237
2,5,237,29
127,2,29,10
237,127,10,165
29,237,165,223
10,29,223,88
165,10,88,344
223,165,344,335
88,223,335,287
344,88,287,322
335,344,322,171
287,335,171,257
322,287,257,85
171,322,85,4
257,171,4,38
85,257,38,655
4,85,655,7
38,4,7,2197
655,38,2197,2
7,655,2,2
2197,7,2,4762
2,2197,4762,5
2,2,5,38
4762,2,38,2478
5,4762,2478,4
38,5,4,103760
2478,38,103760,13
4,2478,13,745
103760,4,745,135
13,103760,135,1164
745,13,1164,892
135,745,892,4031
1164,135,4031,6362
892,1164,6362,49
4031,892,49,85
6362,4031,85,428
49,6362,428,15
85,49,15,5076
428,85,5076,24
15,428,24,1927
5076,15,1927,8576
24,5076,8576,256
1927,24,256,885
8576,1927,885,4
256,8576,4,4946
885,256,4946,3372
4,885,3372,32
4946,4,32,7
3372,4946,7,761
32,3372,761,3
7,32,3,870
761,7,870,518
3,761,518,15
870,3,15,94
518,870,94,1313
15,518,1313,235
94,15,235,153
1313,94,153,184
235,1313,184,3
153,235,3,103
184,153,103,162
3,184,162,15
103,3,15,1583
162,103,1583,5
15,162,5,92126
1583,15,92126,32
5,1583,32,568
92126,5,568,6
32,92126,6,166
568,32,166,1070
6,568,1070,49
166,6,49,871
1070,166,871,25
49,1070,25,913
871,49,913,49
25,871,49,85
913,25,85,5
49,913,5,2
85,49,2,438
5,85,438,2151
2,5,2151,3
438,2,3,160
2151,438,160,49
3,2151,49,906
160,3,906,1684
49,160,1684,2193
906,49,2193,29
1684,906,29,42
2193,1684,42,32
29,2193,32,619
42,29,619,28
32,42,28,10
619,32,10,14
28,619,14,344
10,28,344,8
14,10,8,49
344,14,49,438
8,344,438,2151
49,8,2151,248
438,49,248,468
2151,438,468,460
248,2151,460,5
468,248,5,49
460,468,49,27640
5,460,27640,13
49,5,13,1136
27640,49,1136,28
13,27640,28,49
1136,13,49,69
28,1136,69,7
49,28,7,37
69,49,37,70
7,69,70,118
37,7,118,2038
70,37,2038,570
118,70,570,46
2038,118,46,2
570,2038,2,2116
46,570,2116,1368
2,46,1368,3
2116,2,3,7287
1368,2116,7287,2180
3,1368,2180,5
7287,3,5,2
2180,7287,2,2449
5,2180,2449,133
2,5,133,794
2449,2,794,9
133,2449,9,677
794,133,677,67259
9,794,67259,31
677,9,31,18
67259,677,18,773
31,67259,773,6
18,31,6,669
773,18,669,119
6,773,119,111
669,6,111,259
119,669,259,203
111,119,203,63
259,111,63,71
203,259,71,4
63,203,4,159
71,63,159,63
4,71,63,200
159,4,200,32
63,159,32,18
200,63,18,68
32,200,68,47
18,32,47,7882
68,18,7882,147
47,68,147,9
7882,47,9,520
147,7882,520,7557
9,147,7557,2158
520,9,2158,8
7557,520,8,2
2158,7557,2,2397
8,2158,2397,919
2,8,919,175
2397,2,175,2
919,2397,2,63
175,919,63,4
2,175,4,823
63,2,823,63
4,63,63,55
823,4,55,17
63,823,17,4088
55,63,4088,6
17,55,6,652
4088,17,652,106269
6,4088,106269,4
652,6,4,27
106269,652,27,322
4,106269,322,64420
27,4,64420,2872
322,27,2872,2
64420,322,2,26
2872,64420,26,6173
2,2872,6173,38
26,2,38,54999
6173,26,54999,13
38,6173,13,28
54999,38,28,11
13,54999,11,240
28,13,240,3
11,28,3,510
240,11,510,22
3,240,22,438
510,3,438,2151
22,510,2151,23
438,22,23,58
2151,438,58,150
23,2151,150,440
58,23,440,54
150,58,54,3752
440,150,3752,198
54,440,198,6
3752,54,6,1578
198,3752,1578,6
6,198,6,72
1578,6,72,74
6,1578,74,103
72,6,103,153
74,72,153,46
103,74,46,29
153,103,29,69
46,153,69,13
29,46,13,68
69,29,68,1050
13,69,1050,1333
68,13,1333,61
1050,68,61,1388
1333,1050,1388,2
61,1333,2,417
1388,61,417,1632
2,1388,1632,15
417,2,15,27
1632,417,27,5685
15,1632,5685,428
27,15,428,28
5685,27,28,4256
428,5685,4256,738
28,428,738,1334
4256,28,1334,883
738,4256,883,7
1334,738,7,5395
883,1334,5395,62
7,883,62,3
5395,7,3,8103
62,5395,8103,3199
3,62,3199,5
8103,3,5,22
3199,8103,22,655
5,3199,655,11
22,5,11,230
655,22,230,25
11,655,25,10
230,11,10,71026
25,230,71026,23
10,25,23,18034
71026,10,18034,13
23,71026,13,757
18034,23,757,153
13,18034,153,2848
757,13,2848,22
153,757,22,1244
2848,153,1244,15
22,2848,15,22
1244,22,22,1866
15,1244,1866,397
22,15,397,402
1866,22,402,693
397,1866,693,4
402,397,4,80
693,402,80,542
4,693,542,24
80,4,24,22
542,80,22,133
24,542,133,1793
22,24,1793,9600
133,22,9600,58981
1793,133,58981,2
9600,1793,2,1164
58981,9600,1164,31
2,58981,31,13
1164,2,13,11774
31,1164,11774,823
13,31,823,127
11774,13,127,5392
823,11774,5392,9
127,823,9,1011
5392,127,1011,202
9,5392,202,287
1011,9,287,326
202,1011,326,5392
287,202,5392,7210
326,287,7210,3
5392,326,3,172
7210,5392,172,2164
3,7210,2164,500
172,3,500,20
2164,172,20,32046
500,2164,32046,2275
20,500,2275,13
32046,20,13,146
2275,32046,146,314
13,2275,314,1239
146,13,1239,6137
314,146,6137,2
1239,314,2,105
6137,1239,105,745
2,6137,745,9
105,2,9,259
745,105,259,95
9,745,95,349
259,9,349,3
95,259,3,89
349,95,89,44
3,349,44,8
89,3,8,21
44,89,21,86
8,44,86,61023
21,8,61023,21
86,21,21,110
61023,86,110,3
21,61023,3,1306
110,21,1306,480
3,110,480,11
1306,3,11,115
480,1306,115,2054
11,480,2054,73
115,11,73,184
2054,115,184,3
73,2054,3,42
184,73,42,417
3,184,417,15
42,3,15,1583
417,42,1583,5
15,417,5,428
1583,15,428,73
5,1583,73,57
428,5,57,31
73,428,31,957
57,73,957,3
31,57,3,693
957,31,693,310
3,957,310,12
693,3,12,999
310,693,999,5
12,310,5,3269
999,12,3269,26
5,999,26,50
3269,5,50,21
26,3269,21,2293
50,26,2293,3
21,50,3,1643
2293,21,1643,823
3,2293,823,127
1643,3,127,428
823,1643,428,20600
127,823,20600,2275
428,127,2275,13
20600,428,13,2
2275,20600,2,349
13,2275,349,919
2,13,919,15
349,2,15,88
919,349,88,5
15,919,5,823
88,15,823,127
5,88,127,10538
823,5,10538,11
127,823,11,186
10538,127,186,1632
11,10538,1632,15
186,11,15,498
1632,186,498,1358
15,1632,1358,286
498,15,286,4919
1358,498,4919,25280
286,1358,25280,2
4919,286,2,1007
25280,4919,1007,9
2,25280,9,1316
1007,2,1316,498
9,1007,498,13
1316,9,13,28
498,1316,28,103
13,498,103,240
28,13,240,3
103,28,3,966
240,103,966,20
3,240,20,105493
966,3,105493,3099
20,966,3099,2
105493,20,2,105
3099,105493,105,745
2,3099,745,27
105,2,27,40
745,105,40,21
27,745,21,17
40,27,17,1172
21,40,1172,2
17,21,2,519
1172,17,519,86
2,1172,86,3
519,2,3,114
86,519,114,29
3,86,29,3
114,3,3,2115
29,114,2115,202
3,29,202,195
2115,3,195,31
202,2115,31,16
195,202,16,5147
31,195,5147,5
16,31,5,22
5147,16,22,34024
5,5147,34024,40
22,5,40,18668
34024,22,18668,76
40,34024,76,594
18668,40,594,46
76,18668,46,29
594,76,29,21
46,594,21,48
29,46,48,5
21,29,5,81
48,21,81,28
5,48,28,2794
81,5,2794,10019
28,81,10019,2
2794,28,2,159
10019,2794,159,871
2,10019,871,3
159,2,3,1491
871,159,1491,690
3,871,690,58
1491,3,58,39740
690,1491,39740,7
58,690,7,761
39740,58,761,3
7,39740,3,1427
761,7,1427,375
3,761,375,75
1427,3,75,58
375,1427,58,440
75,375,440,3
58,75,3,510
440,58,510,49
3,440,49,438
510,3,438,2151
49,510,2151,1724
438,49,1724,49
2151,438,49,3
1724,2151,3,91
49,1724,91,49
3,49,49,1306
91,3,1306,3
49,91,3,5077
1306,49,5077,24
3,1306,24,98
5077,3,98,1486
24,5077,1486,27
98,24,27,495
1486,98,495,24
27,1486,24,202
495,27,202,2191
24,495,2191,11
202,24,11,4
2191,202,4,49
11,2191,49,438
4,11,438,2151
49,4,2151,34
438,49,34,17
2151,438,17,2061
34,2151,2061,23
17,34,23,135
2061,17,135,440
23,2061,440,6
135,23,6,1797
440,135,1797,128
6,440,128,153
1797,6,153,6
128,1797,6,75813
153,128,75813,425
6,153,425,24
75813,6,24,952
425,75813,952,11374
24,425,11374,693
952,24,693,310
11374,952,310,1799
693,11374,1799,2501
310,693,2501,45
1799,310,45,1000
2501,1799,1000,3
45,2501,3,20
1000,45,20,181
2464,27,5,4058
1400,2464,4058,883
5,1400,883,1748
4058,5,1748,15
883,4058,15,2
1748,883,2,9478
15,1748,9478,4
2,15,4,1306
9478,2,1306,1128
4,9478,1128,1243
1306,4,1243,7
1128,1306,7,2179
1243,1128,2179,33
7,1243,33,77
2179,7,77,44
33,2179,44,10
77,33,10,2
44,77,2,527
10,44,527,5
2,10,5,1594
527,2,1594,5
5,527,5,1329
1594,5,1329,20
5,1594,20,85
1329,5,85,13
20,1329,13,2448
85,20,2448,29
13,85,29,6
2448,13,6,280
29,2448,280,108
6,29,108,10
280,6,10,72
108,280,72,2
10,108,2,7943
72,10,7943,1034
2,72,1034,5
7943,2,5,11888
1034,7943,11888,8
5,1034,8,1666
11888,5,1666,412
8,11888,412,2
1666,8,2,272
412,1666,272,2149
2,412,2149,422
272,2,422,10129
2149,272,10129,7463
422,2149,7463,4
10129,422,4,4272
7463,10129,4272,14
4,7463,14,7304
4272,4,7304,470
14,4272,470,56
7304,14,56,22
470,7304,22,2545
56,470,2545,6
22,56,6,725
2545,22,725,5
6,2545,5,2
725,6,2,151
5,725,151,5
2,5,5,10649
151,2,10649,39
5,151,39,181
10649,5,181,12
39,10649,12,1146
181,39,1146,7
12,181,7,1192
1146,12,1192,10
7,1146,10,146
1192,7,146,89
10,1192,89,488
146,10,488,282
89,146,282,29
488,89,29,10
282,488,10,34
29,282,34,766
10,29,766,126
34,10,126,11
766,34,11,801
126,766,801,3
11,126,3,1086
801,11,1086,5420
3,801,5420,12
1086,3,12,19
5420,1086,19,36559
12,5420,36559,87
19,12,87,64
36559,19,64,337
87,36559,337,398
64,87,398,7
337,64,7,1192
398,337,1192,10
7,398,10,146
1192,7,146,89
10,1192,89,488
146,10,488,282
89,146,282,29
488,89,29,10
282,488,10,34
29,282,34,766
10,29,766,126
34,10,126,11
766,34,11,801
126,766,801,3
11,126,3,1086
801,11,1086,25
3,801,25,11
1086,3,11,14
25,1086,14,496
11,25,496,140
14,11,140,33
496,14,33,7
140,496,7,420
33,140,420,2
7,33,2,1243
420,7,1243,5420
2,420,5420,12
1243,2,12,19
5420,1243,19,56435
12,5420,56435,87
19,12,87,64
56435,19,64,337
87,56435,337,398
64,87,398,33
337,64,33,25
398,337,25,113
33,398,113,11
25,33,11,34
113,25,34,17
11,113,17,1480
34,11,1480,4
17,34,4,496
1480,17,496,11
4,1480,11,132
496,4,132,21
11,496,21,17
132,11,17,6
21,132,6,3662
17,21,3662,321
6,17,321,29
3662,6,29,11
321,3662,11,34
29,321,34,17
11,29,17,11
34,11,11,34
17,34,34,17
11,17,17,1693
34,11,1693,1243
17,34,1243,3057
1693,17,3057,15917
1243,1693,15917,8
3057,1243,8,756
15917,3057,756,7
8,15917,7,7
756,8,7,93
7,756,93,25043
7,7,25043,2868
93,7,2868,105909
25043,93,105909,112
2868,25043,112,106
105909,2868,106,102
112,105909,102,89
106,112,89,12
102,106,12,803
89,102,803,52
12,89,52,71
803,12,71,93
52,803,93,2
71,52,2,883
93,71,883,34
2,93,34,76
883,2,76,31704
34,883,31704,13986
76,34,13986,17
31704,76,17,10616
13986,31704,10616,8
17,13986,8,61
10616,17,61,68
8,10616,68,87
61,8,87,11
68,61,11,7
87,68,7,73
11,87,73,356
7,11,356,7776
73,7,7776,2583
356,73,2583,5
7776,356,5,1054
2583,7776,1054,6
5,2583,6,297
1054,5,297,156
6,1054,156,1929
297,6,1929,1780
156,297,1780,1243
1929,156,1243,2
1780,1929,2,3612
1243,1780,3612,3
2,1243,3,36559
3612,2,36559,1237
3,3612,1237,102190
36559,3,102190,762
1237,36559,762,9750
102190,1237,9750,16
762,102190,16,445
9750,762,445,12
16,9750,12,2725
445,16,2725,12
12,445,12,161
2725,12,161,210
12,2725,210,7
161,12,7,403
210,161,403,11
7,210,11,72
403,7,72,93
11,403,93,10066
72,11,10066,20
93,72,20,7
10066,93,7,62
20,10066,62,6746
7,20,6746,3369
62,7,3369,2434
6746,62,2434,34
3369,6746,34,4099
2434,3369,4099,59
34,2434,59,27
4099,34,27,192
59,4099,192,19
27,59,19,2
192,27,2,3348
19,192,3348,7
2,19,7,73
3348,2,73,62
7,3348,62,26907
73,7,26907,11
62,73,11,14
26907,62,14,19
11,26907,19,2149
14,11,2149,2
19,14,2,422
2149,19,422,10129
2,2149,10129,7463
422,2,7463,286
10129,422,286,20
7463,10129,20,7
286,7463,7,62
20,286,62,6746
7,20,6746,3369
62,7,3369,2434
6746,62,2434,34
3369,6746,34,4099
2434,3369,4099,59
34,2434,59,27
4099,34,27,192
59,4099,192,19
27,59,19,2
192,27,2,3348
19,192,3348,7
2,19,7,73
3348,2,73,62
7,3348,62,26907
73,7,26907,11
62,73,11,14
26907,62,14,19
11,26907,19,2149
14,11,2149,2
19,14,2,422
2149,19,422,10129
2,2149,10129,7463
422,2,7463,286
10129,422,286,52
7463,10129,52,2
286,7463,2,3754
52,286,3754,21354
2,52,21354,73
3754,2,73,20
21354,3754,20,7
73,21354,7,25
20,73,25,2762
7,20,2762,126
25,7,126,85
2762,25,85,4566
126,2762,4566,52
85,126,52,27
4566,85,27,115
52,4566,115,192
27,52,192,62
115,27,62,90
