1097,3,5201,65
601,1097,65,779
5201,601,779,266
65,5201,266,913
779,65,913,216
266,779,216,5
913,266,5,283
216,913,283,4
5,216,4,399
283,5,399,427
4,283,427,28
399,4,28,270
427,399,270,6
28,427,6,2
270,28,2,181
6,270,181,8
2,6,8,7719
181,2,7719,3
8,181,3,175
7719,8,175,169
3,7719,169,4
175,3,4,169
169,175,169,45
4,169,45,7578
169,4,7578,168
45,169,168,39
7578,45,39,13093
168,7578,13093,1121
39,168,1121,535
13093,39,535,392
1121,13093,392,19
535,1121,19,77276
392,535,77276,6
19,392,6,1044
77276,19,1044,11990
6,77276,11990,1181
1044,6,1181,40
11990,1044,40,2074
1181,11990,2074,71
40,1181,71,252
2074,40,252,315
71,2074,315,3
252,71,3,1463
315,252,1463,166
3,315,166,8
1463,3,8,10
166,1463,10,3118
8,166,3118,1432
10,8,1432,188
3118,10,188,1908
1432,3118,1908,7
188,1432,7,400
1908,188,400,10
7,1908,10,451
400,7,451,252
10,400,252,7
451,10,7,72
252,451,72,947
7,252,947,682
72,7,682,4
947,72,4,2058
682,947,2058,934
4,682,934,3
2058,4,3,1297
934,2058,1297,28
3,934,28,4
1297,3,4,80761
28,1297,80761,582
4,28,582,526
80761,4,526,379
582,80761,379,5
526,582,5,49336
379,526,49336,283
5,379,283,2
49336,5,2,197
283,49336,197,3621
2,283,3621,65130
197,2,65130,33
3621,197,33,303
65130,3621,303,762
33,65130,762,2226
303,33,2226,33
762,303,33,219
2226,762,219,186
33,2226,186,253
219,33,253,3
186,219,3,18349
253,186,18349,11
3,253,11,28
18349,3,28,3
11,18349,3,180
28,11,180,104
3,28,104,16
180,3,16,762
104,180,762,2226
16,104,2226,30
762,16,30,913
2226,762,913,217
30,2226,217,3
913,30,3,154
217,913,154,6
3,217,6,69860
154,3,69860,1121
6,154,1121,535
69860,6,535,228
1121,69860,228,917
535,1121,917,16
228,535,16,1448
917,228,1448,3
16,917,3,609
1448,16,609,45
3,1448,45,31
609,3,31,25
45,609,25,18
31,45,18,1203
25,31,1203,168
18,25,168,4
1203,18,4,2415
168,1203,2415,3
4,168,3,1013
2415,4,1013,786
3,2415,786,4
1013,3,4,1132
786,1013,1132,2
4,786,2,283
1132,4,283,240
2,1132,240,465
283,2,465,15
240,283,15,2432
465,240,2432,5
15,465,5,92
2432,15,92,2353
5,2432,2353,9
92,5,9,4309
2353,92,4309,2676
9,2353,2676,5201
4309,9,5201,555
2676,4309,555,9
5201,2676,9,12
555,5201,12,1986
9,555,1986,4
12,9,4,349
1986,12,349,3240
4,1986,3240,2
349,4,2,2575
3240,349,2575,8
2,3240,8,7
2575,2,7,258
8,2575,258,205
7,8,205,7743
258,7,7743,65
205,258,65,128
7743,205,128,107461
65,7743,107461,17279
128,65,17279,5404
107461,128,5404,9729
17279,107461,9729,269
5404,17279,269,28
9729,5404,28,11
269,9729,11,803
28,269,803,5201
11,28,5201,3
803,11,3,17
5201,803,17,2
3,5201,2,1330
17,3,1330,20
2,17,20,66
1330,2,66,52
20,1330,52,43
66,20,43,6666
52,66,6666,497
43,52,497,218
6666,43,218,3
497,6666,3,877
218,497,877,37
3,218,37,129
877,3,129,5
37,877,5,70
129,37,70,16
5,129,16,261
70,5,261,1203
16,70,1203,20
261,16,20,66
1203,261,66,184
20,1203,184,3
66,20,3,3560
184,66,3560,3876
3,184,3876,3517
3560,3,3517,497
3876,3560,497,528
3517,3876,528,13
497,3517,13,425
528,497,425,170
13,528,170,10
425,13,10,739
170,425,739,3458
10,170,3458,678
739,10,678,6
3458,739,6,30
678,3458,30,14
6,678,14,3
30,6,3,96
14,30,96,1418
3,14,1418,12
96,3,12,8
1418,96,8,1803
12,1418,1803,217
8,12,217,5
1803,8,5,3230
217,1803,3230,6666
5,217,6666,5404
3230,5,5404,28
6666,3230,28,23
5404,6666,23,4
28,5404,4,343
23,28,343,621
4,23,621,19
343,4,19,456
621,343,456,9
19,621,9,70
456,19,70,1418
9,456,1418,2
70,9,2,61583
1418,70,61583,3289
2,1418,3289,151
61583,2,151,30
3289,61583,30,25
151,3289,25,18
30,151,18,2
25,30,2,7743
18,25,7743,1088
2,18,1088,5
7743,2,5,60
1088,7743,60,4
5,1088,4,30
60,5,30,219
4,60,219,1249
30,4,1249,3
219,30,3,2
1249,219,2,151
3,1249,151,5
2,3,5,45
151,2,45,8
5,151,8,34
45,5,34,17
8,45,17,2092
34,8,2092,3
17,34,3,93805
2092,17,93805,275
3,2092,275,258
93805,3,258,56
275,93805,56,5
258,275,5,378
56,258,378,45
5,56,45,31
378,5,31,527
45,378,527,61
31,45,61,9
527,31,9,917
61,527,917,9
9,61,9,99
917,9,99,60
9,917,60,20
99,9,20,66
60,99,66,34
20,60,34,18
66,20,18,47
34,66,47,1274
18,34,1274,6666
47,18,6666,184
1274,47,184,3
6666,1274,3,252
184,6666,252,92377
3,184,92377,913
252,3,913,129
92377,252,129,5
913,92377,5,169
129,913,169,45
5,129,45,2185
169,5,2185,2
45,169,2,5
2185,45,5,128
2,2185,128,205
5,2,205,3
128,5,3,94337
205,128,94337,20
3,205,20,66
94337,3,66,5404
20,94337,5404,1757
66,20,1757,43
5404,66,43,1087
1757,5404,1087,120
43,1757,120,45
1087,43,45,55
120,1087,55,527
45,120,527,61
55,45,61,9
527,55,9,1203
61,527,1203,8812
9,61,8812,1893
1203,9,1893,1864
8812,1203,1864,6
1893,8812,6,2
1864,1893,2,2575
6,1864,2575,5493
2,6,5493,3089
2575,2,3089,8
5493,2575,8,329
3089,5493,329,45
8,3089,45,137
329,8,137,51
45,329,51,240
137,45,240,26
51,137,26,55
240,51,55,1132
26,240,1132,9
55,26,9,235
1132,55,235,4847
9,1132,4847,5376
235,9,5376,1468
4847,235,1468,453
5376,4847,453,3
1468,5376,3,31175
453,1468,31175,1087
3,453,1087,7
31175,3,7,1368
1087,31175,1368,3
7,1087,3,3647
1368,7,3647,1020
3,1368,1020,12
3647,3,12,213
1020,3647,213,19
12,1020,19,3176
213,12,3176,5007
19,213,5007,1788
3176,19,1788,234
5007,3176,234,23
1788,5007,23,786
234,1788,786,9
23,234,9,283
786,23,283,240
9,786,240,2
283,9,2,153
240,283,153,126
2,240,126,5201
153,2,5201,870
126,153,870,128
5201,126,128,66
870,5201,66,1788
128,870,1788,31
66,128,31,630
1788,66,630,3
31,1788,3,91
630,31,91,1087
3,630,1087,50
91,3,50,1118
1087,91,1118,15
50,1087,15,2059
1118,50,2059,4
15,1118,4,2581
2059,15,2581,8
4,2059,8,4593
2581,4,4593,169
8,2581,169,24
4593,8,24,3898
169,4593,3898,61
24,169,61,9
3898,24,9,363
61,3898,363,81845
9,61,81845,16
363,9,16,4275
81845,363,4275,9
16,81845,9,373
4275,16,373,66
9,4275,66,5
373,9,5,5201
66,373,5201,2
5,66,2,58
5201,5,58,3170
2,5201,3170,302
58,2,302,5
3170,58,5,233
302,3170,233,128
5,302,128,153
233,5,153,4
128,233,4,587
153,128,587,212
4,153,212,510
587,4,510,10
212,587,10,34
510,212,34,803
10,510,803,229
34,10,229,2
803,34,2,531
229,803,531,1468
2,229,1468,2353
531,2,2353,3
1468,531,3,1257
2353,1468,1257,577
3,2353,577,5
1257,3,5,1121
577,1257,1121,121
5,577,121,17
1121,5,17,1131
121,1121,1131,3
17,121,3,48
1131,17,48,70
3,1131,70,1788
48,3,1788,121
70,48,121,17
1788,70,17,2084
121,1788,2084,8
17,121,8,422
2084,17,422,212
8,2084,212,34
422,8,34,328
212,422,328,6
34,212,6,950
328,34,950,5
6,328,5,252
950,6,252,5404
5,950,5404,28
252,5,28,270
5404,252,270,1724
28,5404,1724,2353
270,28,2353,3
1724,270,3,56262
2353,1724,56262,252
3,2353,252,13
56262,3,13,47
252,56262,47,314
13,252,314,48
47,13,48,525
314,47,525,30
48,314,30,178
525,48,178,8
30,525,8,7
178,30,7,1994
8,178,1994,5
7,8,5,141
1994,7,141,5404
5,1994,5404,28
141,5,28,3377
5404,141,3377,3
28,5404,3,2
3377,28,2,194
3,3377,194,24
2,3,24,159
194,2,159,742
24,194,742,498
159,24,498,638
742,159,638,14709
498,742,14709,8
638,498,8,7
14709,638,7,120
8,14709,120,30
7,8,30,34
120,7,34,942
30,120,942,4
34,30,4,17
5,802,238,815
111,5,815,369
238,111,369,3625
815,238,3625,442
369,815,442,8
3625,369,8,269
442,3625,269,5
8,442,5,35
269,8,35,256
5,269,256,1495
35,5,1495,920
256,35,920,2
1495,256,2,591
920,1495,591,2462
2,920,2462,720
591,2,720,3
2462,591,3,250
720,2462,250,8
3,720,8,76
250,3,76,58
8,250,58,18
76,8,18,607
58,76,607,2
18,58,2,2
607,18,2,3941
2,607,3941,807
2,2,807,3
3941,2,3,128
807,3941,128,205
3,807,205,307
128,3,307,5
205,128,5,566
307,205,566,70
5,307,70,91947
566,5,91947,326
70,566,326,14666
91947,70,14666,8505
326,91947,8505,3340
14666,326,3340,6
8505,14666,6,2
3340,8505,2,750
6,3340,750,3
2,6,3,1495
750,2,1495,8
3,750,8,22
1495,3,22,369
8,1495,369,14
22,8,14,21
369,22,21,8775
14,369,8775,37
21,14,37,1995
8775,21,1995,71
37,8775,71,252
1995,37,252,897
71,1995,897,588
252,71,588,14
897,252,14,146
588,897,146,3
14,588,3,2426
146,14,2426,2
3,146,2,1794
2426,3,1794,15
2,2426,15,250
1794,2,250,74
15,1794,74,169
250,15,169,6
74,250,6,6502
169,74,6502,715
6,169,715,8
6502,6,8,1388
715,6502,1388,142
8,715,142,3
1388,8,3,1841
142,1388,1841,591
3,142,591,14
1841,3,14,607
591,1841,607,19
14,591,19,71
607,14,71,252
19,607,252,2
71,19,2,37435
252,71,37435,7
2,252,7,2155
37435,2,2155,62
7,37435,62,20
2155,7,20,591
62,2155,591,1995
20,62,1995,7
591,20,7,6
1995,591,6,150
7,1995,150,214
6,7,214,385
150,6,385,5
214,150,5,143
385,214,143,35
5,385,35,14666
143,5,14666,107156
35,143,107156,750
14666,35,750,364
107156,14666,364,194
750,107156,194,3
364,750,3,1495
194,364,1495,37
3,194,37,2462
1495,3,2462,223
37,1495,223,81
2462,37,81,16
223,2462,16,62
81,223,62,252
16,81,252,4333
62,16,4333,591
252,62,591,385
4333,252,385,12
591,4333,12,1995
385,591,1995,2
12,385,2,5229
1995,12,5229,5
2,1995,5,1505
5229,2,1505,74
5,5229,74,1995
1505,5,1995,170
74,1505,170,20
1995,74,20,268
170,1995,268,1308
20,170,1308,342
268,20,342,224
1308,268,224,4
342,1308,4,206
224,342,206,246
4,224,246,14
206,4,14,21
246,206,21,91
14,246,91,3
21,14,3,8397
91,21,8397,70
3,91,70,944
8397,3,944,5
70,8397,5,1052
944,70,1052,834
5,944,834,31
1052,5,31,18
834,1052,18,47
31,834,47,1471
18,31,1471,2279
47,18,2279,102
1471,47,102,74270
2279,1471,74270,750
102,2279,750,68
74270,102,68,706
750,74270,706,9
68,750,9,2
706,68,2,590
9,706,590,5
2,9,5,43
590,2,43,158
5,590,158,31
43,5,31,2025
158,43,2025,6
31,158,6,1505
2025,31,1505,15
6,2025,15,250
1505,6,250,74
15,1505,74,1995
250,15,1995,2298
74,250,2298,307
1995,74,307,4
2298,1995,4,342
307,2298,342,19197
4,307,19197,119
342,4,119,111
19197,342,111,510
119,19197,510,1995
111,119,1995,12
510,111,12,3394
1995,510,3394,183
12,1995,183,44
3394,12,44,8
183,3394,8,250
44,183,250,307
8,44,307,566
250,8,566,70
307,250,70,2298
566,307,2298,211
70,566,211,197
2298,70,197,259
211,2298,259,523
197,211,523,2823
259,197,2823,12786
523,259,12786,159
2823,523,159,2423
12786,2823,2423,11940
159,12786,11940,28973
2423,159,28973,4
11940,2423,4,751
28973,11940,751,2952
4,28973,2952,6303
751,4,6303,44266
2952,751,44266,60
6303,2952,60,71
44266,6303,71,441
60,44266,441,869
71,60,869,720
441,71,720,19
869,441,19,43
720,869,43,254
19,720,254,10
43,19,10,14
254,43,14,136
10,254,136,186
14,10,186,65
136,14,65,869
186,136,869,250
65,186,250,1023
869,65,1023,63
250,869,63,453
1023,250,453,8
63,1023,8,4256
453,63,4256,1995
8,453,1995,14
4256,8,14,7089
1995,4256,7089,3
14,1995,3,3176
7089,14,3176,41
3,7089,41,385
3176,3,385,4894
41,3176,4894,122
385,41,122,1645
4894,385,1645,9
122,4894,9,2
1645,122,2,5500
9,1645,5500,24
2,9,24,37829
5500,2,37829,366
24,5500,366,6768
37829,24,6768,54
366,37829,54,7
6768,366,7,292
54,6768,292,6
7,54,6,12561
292,7,12561,4
6,292,4,14
12561,6,14,392
4,12561,392,6
14,4,6,224
392,14,224,8
6,392,8,448
224,6,448,250
8,224,250,2236
448,8,2236,771
250,448,771,6
2236,250,6,18
771,2236,18,2
6,771,2,1457
18,6,1457,594
2,18,594,8
1457,2,8,6
594,1457,6,3099
8,594,3099,3
6,8,3,2207
3099,6,2207,20
3,3099,20,1855
2207,3,1855,2735
20,2207,2735,4998
1855,20,4998,1794
2735,1855,1794,23
4998,2735,23,20
1794,4998,20,60
23,1794,60,71
20,23,71,252
60,20,252,7
71,60,7,3505
252,71,3505,1249
7,252,1249,455
3505,7,455,18843
1249,3505,18843,1889
455,1249,1889,815
18843,455,815,15
1889,18843,15,250
815,1889,250,14666
15,815,14666,481
250,15,481,156
14666,250,156,297
481,14666,297,40
156,481,40,1003
297,156,1003,1834
40,297,1834,63
1003,40,63,1098
1834,1003,1098,3
63,1834,3,469
1098,63,469,7527
3,1098,7527,6
469,3,6,8038
7527,469,8038,447
6,7527,447,250
8038,6,250,1363
447,8038,1363,3
250,447,3,143
1363,250,143,35
3,1363,35,4
143,3,4,67
35,143,67,767
4,35,767,6
67,4,6,94493
767,67,94493,216
6,767,216,1007
94493,6,1007,256
216,94493,256,4207
1007,216,4207,1298
256,1007,1298,3
4207,256,3,2309
1298,4207,2309,8
3,1298,8,14666
2309,3,14666,750
8,2309,750,13
14666,8,13,47
750,14666,47,41467
13,750,41467,15
47,13,15,48
41467,47,48,775
15,41467,775,6323
48,15,6323,149
775,48,149,1406
6323,775,1406,2
149,6323,2,2389
1406,149,2389,4207
2,1406,4207,28
2389,2,28,14666
4207,2389,14666,750
28,4207,750,276
14666,28,276,1495
750,14666,1495,375
276,750,375,3240
1495,276,3240,3
375,1495,3,1406
3240,375,1406,3
3,3240,3,22
1406,3,22,194
69,305,12,10
7,69,10,128
12,7,128,3901
10,12,3901,10110
128,10,10110,19607
3901,128,19607,4
10110,3901,4,2486
19607,10110,2486,168
4,19607,168,410
2486,4,410,19686
168,2486,19686,73
410,168,73,18305
19686,410,18305,6
73,19686,6,373
18305,73,373,309
6,18305,309,5
373,6,5,2
309,373,2,4854
5,309,4854,69771
2,5,69771,5569
4854,2,5569,424
69771,4854,424,3
5569,69771,3,942
424,5569,942,42
3,424,42,664
942,3,664,805
42,942,805,5
664,42,5,27470
805,664,27470,31
5,805,31,14
27470,5,14,412
31,27470,412,41
14,31,41,65
412,14,65,3
41,412,3,4717
65,41,4717,410
3,65,410,387
4717,3,387,79
410,4717,79,6986
387,410,6986,4
79,387,4,2551
6986,79,2551,22
4,6986,22,6293
2551,4,6293,56
22,2551,56,36
6293,22,36,23
56,6293,23,275
36,56,275,1463
23,36,1463,89
275,23,89,3
1463,275,3,1166
89,1463,1166,15
3,89,15,638
1166,3,638,193
15,1166,193,12
638,15,12,76
193,638,76,1026
12,193,1026,5
76,12,5,2411
1026,76,2411,1813
5,1026,1813,3
2411,5,3,172
1813,2411,172,138
3,1813,138,27
172,3,27,54
138,172,54,230
27,138,230,17
54,27,17,4
230,54,4,80
17,230,80,901
4,17,901,28507
80,4,28507,492
901,80,492,7
28507,901,7,1222
492,28507,1222,305
7,492,305,22
1222,7,22,3780
305,1222,3780,56
22,305,56,40
3780,22,40,17
56,3780,17,9
40,56,9,201
17,40,201,5
9,17,5,58
201,9,58,97
5,201,97,54
58,5,54,7
97,58,7,206
54,97,206,11
7,54,11,584
206,7,584,23
11,206,23,275
584,11,275,803
23,584,803,10
275,23,10,11
803,275,11,7
10,803,7,2
11,10,2,97
7,11,97,272
2,7,272,168
97,2,168,4
272,97,4,168
168,272,168,4
4,168,4,170
168,4,170,11
4,168,11,726
170,4,726,61
11,170,61,22
726,11,22,265
61,726,265,389
22,61,389,3
265,22,3,296
389,265,296,9
3,389,9,63
296,3,63,11
9,296,11,110
63,9,110,3
11,63,3,14
110,11,14,3
3,110,3,154
14,3,154,56
3,14,56,5
154,3,5,20
56,154,20,55946
5,56,55946,5
20,5,5,2
55946,20,2,69
5,55946,69,15
2,5,15,271
69,2,271,3
15,69,3,62
271,15,62,9
3,271,9,10
62,3,10,2958
9,62,2958,8242
10,9,8242,5
2958,10,5,2
8242,2958,2,6325
5,8242,6325,1287
2,5,1287,6
6325,2,6,22
1287,6325,22,308
6,1287,308,35
22,6,35,289
308,22,289,12
35,308,12,298
289,35,298,296
12,289,296,9
298,12,9,7249
296,298,7249,12
9,296,12,2
7249,9,2,1813
12,7249,1813,15
2,12,15,193
1813,2,193,97
15,1813,97,34
193,15,34,11498
97,193,11498,6
34,97,6,22
11498,34,22,2313
6,11498,2313,4
22,6,4,59
2313,22,59,11
4,2313,11,93
59,4,93,1748
11,59,1748,6
93,11,6,257
1748,93,257,85
6,1748,85,6
257,6,6,848
85,257,848,4
6,85,4,133
848,6,133,2731
4,848,2731,168
133,4,168,378
2731,133,378,66
168,2731,66,5
378,168,5,3802
66,378,3802,203
5,66,203,2
3802,5,2,162
203,3802,162,33
2,203,33,17
162,2,17,3092
33,162,3092,5132
17,33,5132,3
3092,17,3,17
5132,3092,17,287
3,5132,287,51
17,3,51,21
287,17,21,3
51,287,3,73
21,51,73,37
3,21,37,8
73,3,8,1934
37,73,1934,4
8,37,4,206
1934,8,206,40
4,1934,40,33
206,4,33,976
40,206,976,2
33,40,2,202
976,33,202,492
