178,115,1777,7
399,178,7,3155
1777,399,3155,1473
7,1777,1473,3
3155,7,3,2514
1473,3155,2514,13423
3,1473,13423,63
2514,3,63,2569
13423,2514,2569,28
63,13423,28,12
2569,63,12,251
28,2569,251,403
12,28,403,1134
251,12,1134,34
403,251,34,6206
1134,403,6206,4
34,1134,4,4572
6206,34,4572,105
4,6206,105,185
4572,4,185,37
105,4572,37,395
185,105,395,754
37,185,754,160
395,37,160,2
754,395,2,2777
160,754,2777,301
2,160,301,11
2777,2,11,453
301,2777,453,1413
11,301,1413,7
453,11,7,21
1413,453,21,4
7,1413,4,315
21,7,315,3
4,21,3,155
315,4,155,3
3,315,3,580
155,3,580,308
3,155,308,35
580,3,35,29
308,580,29,3
35,308,3,459
29,35,459,59616
3,29,59616,3371
459,3,3371,8
59616,459,8,71
3371,59616,71,1134
8,3371,1134,7
71,8,7,37
1134,71,37,69
7,1134,69,20
37,7,20,7
69,37,7,37
20,69,37,395
7,20,395,1418
37,7,1418,12
395,37,12,2
1418,395,2,2777
12,1418,2777,29
2,12,29,11
2777,2,11,68
29,2777,68,383
11,29,383,8
68,11,8,58
383,68,58,31
8,383,31,1386
58,8,1386,3
31,58,3,2306
1386,31,2306,738
3,1386,738,5
2306,3,5,754
738,2306,754,160
5,738,160,26
754,5,26,25
160,754,25,8
26,160,8,3
25,26,3,8798
8,25,8798,5
3,8,5,45
8798,3,45,26
5,8798,26,415
45,5,415,612
26,45,612,3
415,26,3,95203
612,415,95203,636
3,612,636,1987
95203,3,1987,1256
636,95203,1256,651
1987,636,651,68
1256,1987,68,64
651,1256,64,273
68,651,273,1998
64,68,1998,5
273,64,5,2523
1998,273,2523,5
5,1998,5,754
2523,5,754,160
5,2523,160,13
754,5,13,533
160,754,533,3
13,160,3,672
533,13,672,3
3,533,3,1512
672,3,1512,71
3,672,71,19686
1512,3,19686,1134
71,1512,1134,1256
19686,71,1256,653
1134,19686,653,8
1256,1134,8,63
653,1256,63,121
8,653,121,25
63,8,25,41
121,63,41,3
25,121,3,93
41,25,93,227
3,41,227,1009
93,3,1009,9
227,93,9,19686
1009,227,19686,5658
9,1009,5658,87
19686,9,87,11
5658,19686,11,28
87,5658,28,67
11,87,67,1655
28,11,1655,7
67,28,7,196
1655,67,196,344
7,1655,344,3
196,7,3,83398
344,196,83398,583
3,344,583,142
83398,3,142,102
583,83398,102,1256
142,583,1256,12
102,142,12,442
1256,102,442,10
12,1256,10,2
442,12,2,334
10,442,334,1191
2,10,1191,3
334,2,3,123
1191,334,123,1187
3,1191,1187,24
123,3,24,480
1187,123,480,31
24,1187,31,13
480,24,13,3359
31,480,3359,357
13,31,357,754
3359,13,754,160
357,3359,160,9
754,357,9,1988
160,754,1988,8
9,160,8,63
1988,9,63,13
8,1988,13,47
63,8,47,15177
13,63,15177,1285
47,13,1285,3
15177,47,3,794
1285,15177,794,754
3,1285,754,160
794,3,160,11
754,794,11,28
160,754,28,1876
11,160,1876,3
28,11,3,181
1876,28,181,8
3,1876,8,410
181,3,410,158
8,181,158,50
410,8,50,9007
158,410,9007,24
50,158,24,501
9007,50,501,461
24,9007,461,450
501,24,450,2020
461,501,2020,4
450,461,4,754
2020,450,754,160
4,2020,160,6
754,4,6,158
160,754,158,1215
6,160,1215,8
158,6,8,2
1215,158,2,1191
8,1215,1191,187
2,8,187,3
1191,2,3,96
187,1191,96,29
3,187,29,10
96,3,10,1173
29,96,1173,73
10,29,73,8
1173,10,8,7
73,1173,7,172
8,73,172,8815
7,8,8815,119
172,7,119,111
8815,172,111,68
119,8815,68,91
111,119,91,2811
68,111,2811,3
91,68,3,5521
2811,91,5521,685
3,2811,685,5
5521,3,5,150
685,5521,150,1840
5,685,1840,427
150,5,427,54
1840,150,54,34
427,1840,34,2303
54,427,2303,10
34,54,10,4113
2303,34,4113,235
10,2303,235,66
4113,10,66,2
235,4113,2,39
66,235,39,181
2,66,181,24
39,2,24,20380
181,39,20380,307
24,181,307,442
20380,24,442,346
307,20380,346,8
442,307,8,207
346,442,207,670
8,346,670,3959
207,8,3959,6
670,207,6,1840
3959,670,1840,766
6,3959,766,3
1840,6,3,43
766,1840,43,515
3,766,515,168
43,3,168,6660
515,43,6660,4
168,515,4,57
6660,168,57,960
4,6660,960,3877
57,4,3877,20380
960,57,20380,425
3877,960,425,2
20380,3877,2,433
425,20380,433,169
2,425,169,4562
433,2,4562,6
31,27,6619,198
13,31,198,363
6619,13,363,3324
198,6619,3324,4531
363,198,4531,8
3324,363,8,40
4531,3324,40,18
8,4531,18,448
40,8,448,57
18,40,57,127
448,18,127,69
57,448,69,322
127,57,322,4
69,127,4,2247
322,69,2247,3270
4,322,3270,24
2247,4,24,3289
3270,2247,3289,151
24,3270,151,4
3289,24,4,232
151,3289,232,5
4,151,5,22
232,4,22,83
5,232,83,97
22,5,97,2613
83,22,2613,586
97,83,586,24
2613,97,24,202
586,2613,202,1158
24,586,1158,1146
202,24,1146,2385
1158,202,2385,27
1146,1158,27,5226
2385,1146,5226,3
27,2385,3,567
5226,27,567,71
3,5226,71,12
567,3,12,120
71,567,120,11
12,71,11,14
120,12,14,1284
11,120,1284,54
14,11,54,448
1284,14,448,15
54,1284,15,71
448,54,71,3404
15,448,3404,22
71,15,22,13838
3404,71,13838,1591
22,3404,1591,5059
13838,22,5059,10
1591,13838,10,68
5059,1591,68,663
10,5059,663,2
68,10,2,185
663,68,185,1538
2,663,1538,442
185,2,442,8
1538,185,8,7900
442,1538,7900,3569
8,442,3569,937
7900,8,937,9
3569,7900,9,1143
937,3569,1143,52700
9,937,52700,18
1143,9,18,2
52700,1143,2,255
18,52700,255,6
2,18,6,20
255,2,20,133
6,255,133,10
20,6,10,228
133,20,228,449
10,133,449,4
228,10,4,6869
449,228,6869,272
4,449,272,31
6869,4,31,957
272,6869,957,23
31,272,23,2
957,31,2,11399
23,957,11399,879
2,23,879,1040
11399,2,1040,343
879,11399,343,6
1040,879,6,12794
343,1040,12794,39
6,343,39,632
12794,6,632,331
39,12794,331,2728
632,39,2728,23
331,632,23,2
2728,331,2,712
23,2728,712,429
2,23,429,330
712,2,330,33
429,712,33,116
330,429,116,67
33,330,67,593
116,33,593,63
67,116,63,7
593,67,7,42
63,593,42,33
7,63,33,116
42,7,116,11
33,42,11,21
116,33,21,80
11,116,80,4
21,11,4,12397
80,21,12397,2530
4,80,2530,9903
12397,4,9903,27
2530,12397,27,4914
9903,2530,4914,272
27,9903,272,23996
4914,27,23996,30
272,4914,30,147
23996,272,147,20
30,23996,20,194
147,30,194,20
20,147,20,7
194,20,7,99
20,194,99,93144
7,20,93144,30
99,7,30,18
93144,99,18,1563
30,93144,1563,1085
18,30,1085,961
1563,18,961,120
1085,1563,120,26
961,1085,26,14
120,961,14,3
26,120,3,959
14,26,959,43
3,14,43,272
959,3,272,2149
43,959,2149,2
272,43,2,27
2149,272,27,3989
2,2149,3989,218
27,2,218,8
3989,27,8,130
218,3989,130,194
8,218,194,59
130,8,59,55
194,130,55,30
59,194,30,93
55,59,93,2900
30,55,2900,5
93,30,5,98716
2900,93,98716,110
5,2900,110,3
98716,5,3,17
110,98716,17,615
3,110,615,23
17,3,23,2
615,17,2,182
23,615,182,5
2,23,5,382
182,2,382,148
5,182,148,27
382,5,27,2430
148,382,2430,33
27,148,33,116
2430,27,116,2
33,2430,2,182
116,33,182,5
2,116,5,45
182,2,45,16
5,182,16,254
45,5,254,8
16,45,8,4
254,16,4,2
8,254,2,182
4,8,182,5
2,4,5,45
182,2,45,16
5,182,16,254
45,5,254,8
16,45,8,572
254,16,572,148
8,254,148,16
572,8,16,1352
148,572,1352,50
16,148,50,110
1352,16,110,3
50,1352,3,17
110,50,17,615
3,110,615,23
17,3,23,8
615,17,8,4
23,615,4,90
8,23,90,57
4,8,57,148
90,4,148,280
57,90,280,1662
148,57,1662,2728
280,148,2728,7
1662,280,7,21
2728,1662,21,1817
7,2728,1817,8307
21,7,8307,37
1817,21,37,22
8307,1817,22,366
37,8307,366,37
22,37,37,71
366,22,71,126
37,366,126,1249
71,37,1249,12
126,71,12,3
1249,126,3,190
12,1249,190,1263
3,12,1263,232
190,3,232,119
1263,190,119,111
232,1263,111,310
119,232,310,269
111,119,269,2600
310,111,2600,2569
269,310,2569,2923
2600,269,2923,1184
2569,2600,1184,466
2923,2569,466,29
1184,2923,29,453
466,1184,453,7
29,466,7,2090
453,29,2090,245
7,453,245,1066
2090,7,1066,8
245,2090,8,20
1066,245,20,721
8,1066,721,23
20,8,23,2
721,20,2,138
23,721,138,27
2,23,27,712
138,2,712,1263
27,138,1263,232
712,27,232,300
1263,712,300,4
232,1263,4,27
300,232,27,411
4,300,411,50
27,4,50,946
411,27,946,3414
50,411,3414,19
946,50,19,162
3414,946,162,78
19,3414,78,32
162,19,32,97
78,162,97,1158
32,78,1158,9
97,32,9,63
1158,97,63,2054
9,1158,2054,1824
63,9,1824,500
2054,63,500,429
1824,2054,429,8
500,1824,8,27
429,500,27,1184
8,429,1184,50
27,8,50,72
1184,27,72,3591
50,1184,3591,732
72,50,732,4
3591,72,4,1219
732,3591,1219,61
4,732,61,12
1219,4,12,10
61,1219,10,466
12,61,466,736
10,12,736,23
466,10,23,2
736,466,2,310
23,736,310,724
2,23,724,7
310,2,7,14
724,310,14,8173
7,724,8173,32
14,7,32,28
8173,14,28,11547
32,8173,11547,3
28,32,3,2
11547,28,2,194
3,11547,194,24
2,3,24,390
194,2,390,12858
24,194,12858,38822
390,24,38822,21
12858,390,21,86
38822,12858,86,14
21,38822,14,10
86,21,10,56
14,86,56,5
10,14,5,2667
56,10,2667,10
5,56,10,14
2667,5,14,8532
10,2667,8532,11
14,10,11,121
8532,14,121,18
11,8532,18,24
121,11,24,1096
18,121,1096,6901
24,18,6901,8
1096,24,8,359
6901,1096,359,5
8,6901,5,1246
359,8,1246,8
5,359,8,446
1246,5,446,5
8,1246,5,36859
446,8,36859,964
5,446,964,6726
36859,5,6726,6603
964,36859,6603,99
6726,964,99,449
6603,6726,449,612
99,6603,612,3
449,99,3,233
612,449,233,228
3,612,228,1146
233,3,1146,2
228,233,2,527
1146,228,527,5
2,1146,5,2
527,2,2,899
5,527,899,5
2,5,5,1493
899,2,1493,3206
5,899,3206,7
1493,5,7,25
3206,1493,25,116
7,3206,116,52
25,7,52,27
116,25,27,7
52,116,7,501
27,52,501,22598
7,27,22598,356
501,7,356,3
22598,501,3,192
356,22598,192,144
3,356,144,6
192,3,6,199
144,192,199,36
6,144,36,52
199,6,52,11
36,199,11,5117
52,36,5117,178
11,52,178,1116
5117,11,1116,148
178,5117,148,11
1116,178,11,44
148,1116,44,536
11,148,536,107
44,11,107,11
536,44,11,822
107,536,822,2
11,107,2,1135
822,11,1135,899
2,822,899,5
1135,2,5,1493
899,1135,1493,3206
5,899,3206,6
1493,5,6,8
3206,1493,8,3411
6,3206,3411,4
8,6,4,11
3411,8,11,13
4,3411,13,1407
11,4,1407,370
13,11,370,285
1407,13,285,8
370,1407,8,11
285,370,11,1139
8,285,1139,8156
11,8,8156,3
1139,11,3,17
8156,1139,17,63
3,8156,63,5
17,3,5,143
63,17,143,35
5,63,35,202
143,5,202,1158
35,143,1158,138
202,35,138,27
1158,202,27,1775
138,1158,1775,116
27,138,116,64
1775,27,64,2667
116,1775,2667,20
64,116,20,7
2667,64,7,828
20,2667,828,13130
7,20,13130,29
828,7,29,1965
13130,828,1965,11879
29,13130,11879,398
1965,29,398,51
11879,1965,51,30
398,11879,30,18
51,398,18,388
30,51,388,260
18,30,260,7997
388,18,7997,1246
260,388,1246,541
7997,260,541,24
1246,7997,24,202
541,1246,202,94
24,541,94,7
202,24,7,6997
94,202,6997,2577
7,94,2577,28
6997,7,28,58
2577,6997,58,121
28,2577,121,17
58,28,17,6070
121,58,6070,4
17,121,4,48
6070,17,48,58
4,6070,58,127
48,4,127,94
58,48,94,327
127,58,327,3414
94,127,3414,27
327,94,27,300
3414,327,300,1019
27,3414,1019,36
300,27,36,34
1019,300,34,17
36,1019,17,16445
34,36,16445,4563
17,34,4563,15
16445,17,15,89
4563,16445,89,599
15,4563,599,1079
89,15,1079,891
599,89,891,7
1079,599,7,40
891,1079,40,18
7,891,18,28
40,7,28,71
18,40,71,7
28,18,7,751
71,28,751,75
7,71,75,343
751,7,343,363
75,751,363,523
343,75,523,331
363,343,331,27
523,363,27,206
331,523,206,11
27,331,11,7
206,27,7,567
11,206,567,8307
7,11,8307,3181
567,7,3181,27
8307,567,27,7
3181,8307,7,21
27,3181,21,661
7,27,661,29
21,7,29,5884
661,21,5884,3589
29,661,3589,27
5884,29,27,69
3589,5884,69,1286
27,3589,1286,394
69,27,394,134
1286,69,134,390
394,1286,390,8
134,394,8,94
390,134,94,7
8,390,7,21
94,8,21,485
7,94,485,194
21,7,194,37
485,21,37,71
194,485,71,118
37,194,118,2
71,37,2,449
118,71,449,48
2,118,48,11
449,2,11,485
48,449,485,14
11,48,14,2
485,11,2,194
14,485,194,37
2,14,37,1563
194,2,1563,1085
37,194,1085,54
1563,37,54,11
1085,1563,11,28
54,1085,28,30
11,54,30,18
28,11,18,3
30,28,3,234
18,30,234,79
3,18,79,3589
234,3,3589,28
79,234,28,152
3589,79,152,14
28,3589,14,3
152,28,3,96
14,152,96,20
3,14,20,4
96,3,4,139
20,96,139,37
4,20,37,71
139,4,71,29
37,139,29,10
71,37,10,37
29,71,37,89
10,29,89,5146
37,10,5146,2
89,37,2,124
5146,89,124,12
2,5146,12,3716
124,2,3716,27
12,124,27,510
3716,12,510,466
27,3716,466,8
510,27,8,11
466,510,11,40
8,466,40,4528
11,8,4528,22
40,11,22,1413
4528,40,1413,3
22,4528,3,413
1413,22,413,673
3,1413,673,2344
413,3,2344,2
673,413,2,851
2344,673,851,402
2,2344,402,4455
851,2,4455,39
402,851,39,1369
4455,402,1369,636
39,4455,636,1079
1369,39,1079,891
636,1369,891,28
1079,636,28,466
891,1079,466,8
28,891,8,11
466,28,11,40
8,466,40,21
11,8,21,4830
40,11,4830,27
21,40,27,12
4830,21,12,62
27,4830,62,3
12,27,3,1406
62,12,1406,3
3,62,3,300
1406,3,300,73
3,1406,73,8
300,3,8,29
73,300,29,28
8,73,28,8
29,8,8,195
28,29,195,16
8,28,16,1390
195,8,1390,9
16,195,9,12491
1390,16,12491,114
9,1390,114,12
12491,9,12,856
114,12491,856,139
12,114,139,2102
856,12,2102,468
139,856,468,33
2102,139,33,51
468,2102,51,7
33,468,7,40
51,33,40,25
7,51,25,4
40,7,4,7
25,40,7,40
4,25,40,18
7,4,18,4476
40,7,4476,8
18,40,8,52
4476,18,52,480
8,4476,480,855
52,8,855,8
480,52,8,61
855,480,61,23
8,855,23,2
61,8,2,879
23,61,879,1040
2,23,1040,518
879,2,518,5
1040,879,5,2516
518,1040,2516,7
5,518,7,40
2516,5,40,18
7,2516,18,28
40,7,28,64
18,40,64,1795
28,18,1795,126
64,28,126,30
1795,64,30,661
126,1795,661,329
30,126,329,314
661,30,314,76
329,661,76,148
314,329,148,61
76,314,61,9
148,76,9,798
61,148,798,5
9,61,5,1263
798,9,1263,4
5,798,4,7
1263,5,7,113
4,1263,113,33
7,4,33,18
113,7,18,4
33,113,4,2601
18,33,2601,2
4,18,2,2
2601,4,2,195
2,2601,195,3
2,2,3,25
195,2,25,8
3,195,8,891
25,3,891,28
8,25,28,12
891,8,12,1472
28,891,1472,270
12,28,270,466
1472,12,466,960
270,1472,960,20259
466,270,20259,6050
960,466,6050,37
20259,960,37,71
6050,20259,71,1175
37,6050,1175,29
71,37,29,16
1175,71,16,25
29,1175,25,2528
16,29,2528,71
25,16,71,31
2528,25,31,13
71,2528,13,2852
31,71,2852,2195
13,31,2195,37
2852,13,37,22
2195,2852,22,751
37,2195,751,1175
22,37,1175,14
751,22,14,1284
1175,751,1284,3
14,1175,3,4
1284,14,4,70
3,1284,70,1010
4,3,1010,4
70,4,4,7332
1010,70,7332,810
4,1010,810,6
7332,4,6,3897
810,7332,3897,29
6,810,29,27
3897,6,27,13
29,3897,13,47
27,29,47,42
13,27,42,5
47,13,5,719
42,47,719,6513
5,42,6513,5
719,5,5,71
6513,719,71,9381
5,6513,9381,254
71,5,254,11
9381,71,11,7
254,9381,7,21
11,254,21,116
7,11,116,120
21,7,120,71
116,21,71,14
120,116,14,1284
71,120,1284,2
14,71,2,644
1284,14,644,2
2,1284,2,878
644,2,878,2
2,644,2,264
878,2,264,5002
2,878,5002,199
264,2,199,277
5002,264,277,5
199,5002,5,70
277,199,70,178
5,277,178,71
70,5,71,7
178,70,7,2
71,178,2,449
7,71,449,211
2,7,211,5
449,2,5,58
211,449,58,27
5,211,27,7
58,5,7,21
27,58,21,99
7,27,99,58
21,7,58,94
99,21,94,3
58,99,3,459
94,58,459,8604
3,94,8604,74
459,3,74,300
8604,459,300,2359
74,8604,2359,71
300,74,71,4
2359,300,4,22
71,2359,22,2225
4,71,2225,4
22,4,4,665
2225,22,665,1753
4,2225,1753,6
665,4,6,1360
1753,665,1360,1267
6,1753,1267,636
1360,6,636,1256
1267,1360,1256,1542
636,1267,1542,716
1256,636,716,9948
1542,1256,9948,6
716,1542,6,2
9948,716,2,2287
6,9948,2287,1768
2,6,1768,59
2287,2,59,11
1768,2287,11,134
59,1768,134,197
11,59,197,259
134,11,259,8
197,134,8,11
259,197,11,7
8,259,7,116
11,8,116,52
7,11,52,71
116,7,71,14
52,116,14,2
71,52,2,751
14,71,751,7
2,14,7,821
751,2,821,208
7,751,208,331
821,7,331,89
208,821,89,8
331,208,8,1542
89,331,1542,28
8,89,28,2
