1243,1128,18,2
45,1243,2,490
18,45,490,60
2,18,60,3687
490,2,3687,168
60,490,168,48
3687,60,48,5
168,3687,5,5186
48,168,5186,4
5,48,4,484
5186,5,484,4
4,5186,4,14241
484,4,14241,105
4,484,105,7758
14241,4,7758,8
105,14241,8,16
7758,105,16,2938
8,7758,2938,3658
16,8,3658,5
2938,16,5,1856
3658,2938,1856,37
5,3658,37,72
1856,5,72,62
37,1856,62,1536
72,37,1536,135
62,72,135,40508
1536,62,40508,10
135,1536,10,587
40508,135,587,195
10,40508,195,78
587,10,78,13610
195,587,13610,88
78,195,88,45
13610,78,45,25
88,13610,25,18
45,88,18,60
25,45,60,36
18,25,36,769
60,18,769,3854
36,60,3854,3
769,36,3,6281
3854,769,6281,74
3,3854,74,793
6281,3,793,5
74,6281,5,589
793,74,589,5
5,793,5,799
589,5,799,118
5,589,118,307
799,5,307,19
118,799,19,781
307,118,781,4
19,307,4,5567
781,19,5567,7
4,781,7,424
5567,4,424,38
7,5567,38,6254
424,7,6254,3
38,424,3,1233
6254,38,1233,1073
3,6254,1073,454
1233,3,454,28
1073,1233,28,8
454,1073,8,130
28,454,130,810
8,28,810,370
130,8,370,134
810,130,134,180
370,810,180,8
134,370,8,53
180,134,53,16
8,180,16,103
53,8,103,148
16,53,148,33
103,16,33,25
148,103,25,180
33,148,180,15
25,33,15,2
180,25,2,272
15,180,272,872
2,15,872,36
272,2,36,2
872,272,2,272
36,872,272,88641
2,36,88641,21
272,2,21,2350
88641,272,2350,6
21,88641,6,8
2350,21,8,316
6,2350,316,6662
8,6,6662,565
316,8,565,4
6662,316,4,1043
565,6662,1043,52
4,565,52,33
1043,4,33,73
52,1043,73,29
33,52,29,519
73,33,519,7
29,73,7,131
519,29,131,314
7,519,314,4
131,7,4,84709
314,131,84709,390
4,314,390,55
84709,4,55,21
390,84709,21,1233
55,390,1233,12138
21,55,12138,18
1233,21,18,139
12138,1233,139,8
18,12138,8,995
139,18,995,1894
8,139,1894,45
995,8,45,14595
1894,995,14595,3591
45,1894,3591,4
14595,45,4,1357
3591,14595,1357,1789
4,3591,1789,4
1357,4,4,984
1789,1357,984,16
4,1789,16,131
984,4,131,280
16,984,280,4
131,16,4,131
280,131,131,520
4,280,520,887
131,4,887,2676
520,131,2676,72
887,520,72,790
2676,887,790,199
72,2676,199,904
790,72,904,12
199,790,12,20
904,199,20,139
12,904,139,719
20,12,719,61
139,20,61,3
719,139,3,355
61,719,355,790
3,61,790,2
355,3,2,35
790,355,35,75
2,790,75,35
35,2,35,801
75,35,801,24
35,75,24,1668
801,35,1668,3
24,801,3,415
1668,24,415,72
3,1668,72,73
415,3,73,70
72,415,70,45
73,72,45,493
70,73,493,641
45,70,641,91
493,45,91,3
641,493,3,5470
91,641,5470,443
3,91,443,6
5470,3,6,887
443,5470,887,2676
6,443,2676,5420
887,6,5420,12
2676,887,12,19
5420,2676,19,20266
12,5420,20266,87
19,12,87,1243
20266,19,1243,21
87,20266,21,400
1243,87,400,5420
21,1243,5420,12
400,21,12,19
5420,400,19,20266
12,5420,20266,87
19,12,87,12327
20266,19,12327,1243
87,20266,1243,2
12327,87,2,3612
1243,12327,3612,3
2,1243,3,20266
3612,2,20266,88
3,3612,88,45
20266,3,45,93
88,20266,93,38
45,88,38,1121
93,45,1121,168
38,93,168,38
1121,38,38,179
168,1121,179,235
38,168,235,1247
179,38,1247,3386
235,179,3386,13
1247,235,13,29924
3386,1247,29924,95
13,3386,95,8
29924,13,8,93
95,29924,93,38
8,95,38,1121
93,8,1121,168
38,93,168,917
1121,38,917,21
168,1121,21,48
917,168,48,5
21,917,5,81
48,21,81,16
5,48,16,5113
81,5,5113,2
16,81,2,529
5113,16,529,2676
2,5113,2676,3471
529,2,3471,45
2676,529,45,33
3471,2676,33,16
45,3471,16,631
33,45,631,37
16,33,37,8
631,16,8,16
37,631,16,15844
8,37,15844,19
16,8,19,104
15844,16,104,2676
19,15844,2676,3471
104,19,3471,16
2676,104,16,2
3471,2676,2,503
16,3471,503,1290
2,16,1290,8
503,2,8,635
1290,503,635,5856
8,1290,5856,85
635,8,85,42
5856,635,42,107
85,5856,107,36
42,85,36,190
107,42,190,29
36,107,29,155
190,36,155,805
29,190,805,4
155,29,4,113
805,155,113,20
4,805,20,34
113,4,34,160
20,113,160,1668
34,20,1668,35
160,34,35,3
1668,160,3,415
35,1668,415,1243
3,35,1243,2
415,3,2,3612
1243,415,3612,3
2,1243,3,15216
3612,2,15216,9759
3,3612,9759,110
15216,3,110,3
9759,15216,3,2468
110,9759,2468,198
3,110,198,8
2468,3,8,29
198,2468,29,7
8,198,7,10
29,8,10,3798
7,29,3798,8
10,7,8,8
3798,10,8,7
8,3798,7,864
8,8,864,118
7,8,118,146
864,7,146,19
118,864,19,274
146,118,274,84
19,146,84,1237
274,19,1237,4
84,274,4,5426
1237,84,5426,31
4,1237,31,25
5426,4,25,93
31,5426,93,1121
25,31,1121,168
93,25,168,38
1121,93,38,179
168,1121,179,1879
38,168,1879,45
179,38,45,31
1879,179,31,50
45,1879,50,4128
31,45,4128,3
50,31,3,862
4128,50,862,200
3,4128,200,16
862,3,16,110
200,862,110,3
16,200,3,84
110,16,84,123
3,110,123,14188
84,3,14188,5
123,84,5,3471
14188,123,3471,45
5,14188,45,34
3471,5,34,106
45,3471,106,15
34,45,15,38
106,34,38,9581
15,106,9581,234
38,15,234,73
9581,38,73,45
234,9581,45,275
73,234,275,253
45,73,253,3
275,45,3,2301
253,275,2301,10
3,253,10,93
2301,3,93,704
10,2301,704,6254
93,10,6254,42414
704,93,42414,321
6254,704,321,10
42414,6254,10,68
321,42414,68,560
10,321,560,8
68,10,8,9
560,68,9,70
8,560,70,31
9,8,31,25
70,9,25,93
31,70,93,1121
25,31,1121,168
93,25,168,179
1121,93,179,4
168,1121,4,31
179,168,31,96
4,179,96,196
31,4,196,136
96,31,136,246
196,96,246,3
136,196,3,5279
246,136,5279,9
3,246,9,227
5279,3,227,2353
9,5279,2353,577
227,9,577,5
2353,227,5,283
577,2353,283,1203
5,577,1203,7
283,5,7,37
1203,283,37,3
7,1203,3,7952
37,7,7952,3012
3,37,3012,15
7952,3,15,2676
3012,7952,2676,1119
15,3012,1119,1324
2676,15,1324,80
1119,2676,80,74
1324,1119,74,9
80,1324,9,66
74,80,66,52
9,74,52,42
66,9,42,50
52,66,50,395
42,52,395,1161
50,42,1161,66
395,50,66,4
1161,395,4,577
66,1161,577,5
4,66,5,2
577,4,2,427
5,577,427,443
2,5,443,9
427,2,9,8
443,427,8,66
9,443,66,42
8,9,42,40
66,8,40,346
42,66,346,57
40,42,57,427
346,40,427,3178
57,346,3178,36
427,57,36,21
3178,427,21,91
36,3178,91,427
21,36,427,23
91,21,23,48
427,91,48,29
23,427,29,52
48,23,52,33
29,48,33,7
52,29,7,21
33,52,21,513
7,33,513,9
21,7,9,283
513,21,283,1121
9,513,1121,33
283,9,33,40
1121,283,40,2985
33,1121,2985,1999
40,33,1999,2
2985,40,2,2729
1999,2985,2729,5
2,1999,5,8003
2729,2,8003,52
5,2729,52,33
8003,5,33,25
52,8003,25,8003
33,52,8003,52
25,33,52,33
8003,25,33,25
52,8003,25,21
33,52,21,5
25,33,5,480
21,25,480,935
5,21,935,7
480,5,7,21165
935,480,21165,362
7,935,362,3
21165,7,3,96
362,21165,96,81
3,362,81,113
96,3,113,37
81,96,37,31
113,81,31,3
37,113,3,106
31,37,106,9
3,31,9,2
106,3,2,3612
9,106,3612,3
2,9,3,15216
3612,2,15216,7
3,3612,7,353
15216,3,353,208
7,15216,208,93
353,7,93,2102
208,353,2102,18
93,208,18,762
2102,93,762,1576
18,2102,1576,1020
762,18,1020,4
1576,762,4,353
1020,1576,353,6
4,1020,6,201
353,4,201,1877
6,353,1877,130
201,6,130,2676
1877,201,2676,1657
130,1877,1657,170
2676,130,170,20
1657,2676,20,180
170,1657,180,25
20,170,25,7
180,20,7,11702
25,180,11702,10
7,25,10,20
11702,7,20,14
10,11702,14,2
20,10,2,7514
14,20,7514,5
2,14,5,283
7514,2,283,299
5,7514,299,1243
283,5,1243,7
299,283,7,25
1243,299,25,610
7,1243,610,206
25,7,206,27
610,25,27,13
206,610,13,47
27,206,47,48
13,27,48,74
47,13,74,20
48,47,20,924
74,48,924,11
20,74,11,121
924,20,121,172
11,924,172,15
121,11,15,4097
172,121,4097,643
15,172,643,491
4097,15,491,6
643,4097,6,3604
491,643,3604,4904
6,491,4904,4
3604,6,4,744
4904,3604,744,12
4,4904,12,20
744,4,20,39
12,744,39,3
20,12,3,107
39,20,107,41
3,39,41,114
107,3,114,3
41,107,3,22
114,41,22,210
3,114,210,472
22,3,472,11
210,22,11,13
472,210,13,47
11,472,47,23704
13,11,23704,37
47,13,37,22
23704,47,22,6309
37,23704,6309,4150
22,37,4150,376
6309,22,376,10
4150,6309,10,7
376,4150,7,60
10,376,60,73
7,10,73,104
60,7,104,8
73,60,8,96
104,73,96,180
8,104,180,113
96,8,113,11
180,96,11,327
113,180,327,17
11,113,17,470
327,11,470,2
17,327,2,7
470,17,7,821
2,470,821,12
7,2,12,1370
821,7,1370,1910
12,821,1910,886
1370,12,886,19
1910,1370,19,371
886,1910,371,21979
19,886,21979,2
371,19,2,3612
21979,371,3612,3
2,21979,3,15216
3612,2,15216,9759
3,3612,9759,110
15216,3,110,3
9759,15216,3,2468
110,9759,2468,198
3,110,198,8
2468,3,8,29
198,2468,29,7
8,198,7,10
29,8,10,3798
7,29,3798,8
10,7,8,8
3798,10,8,7
8,3798,7,864
8,8,864,118
7,8,118,146
864,7,146,19
118,864,19,274
146,118,274,84
19,146,84,1237
274,19,1237,4
84,274,4,5426
1237,84,5426,31
4,1237,31,25
5426,4,25,93
31,5426,93,1121
25,31,1121,168
93,25,168,38
1121,93,38,179
168,1121,179,1879
38,168,1879,45
179,38,45,31
1879,179,31,50
45,1879,50,4128
31,45,4128,3
50,31,3,862
4128,50,862,200
3,4128,200,16
862,3,16,110
200,862,110,3
16,200,3,84
110,16,84,123
3,110,123,14188
84,3,14188,5
123,84,5,3471
14188,123,3471,5
5,14188,5,376
3471,5,376,26
5,3471,26,34
376,5,34,87
26,376,87,26
34,26,26,415
87,34,415,42
26,87,42,12
415,26,12,917
42,415,917,42
12,42,42,148
917,12,148,78
42,917,78,40
148,42,40,73
78,148,73,3
40,78,3,25
73,40,25,7
3,73,7,420
25,3,420,41
7,25,41,227
420,7,227,1009
41,420,1009,3
227,41,3,93
1009,227,93,2387
3,1009,2387,45
93,3,45,1355
2387,93,1355,61
45,2387,61,3
1355,45,3,1058
61,1355,1058,692
3,61,692,2639
1058,3,2639,4
692,1058,4,6
2639,692,6,484
4,2639,484,1058
6,4,1058,2676
484,6,2676,5
1058,484,5,376
2676,1058,376,58
5,2676,58,635
376,5,635,179
58,376,179,15
635,58,15,49
179,635,49,12
15,179,12,10
49,15,10,87
12,49,87,887
10,12,887,25
87,10,25,31
887,87,31,116
25,887,116,7
31,25,7,2179
116,31,2179,597
7,116,597,7
2179,7,7,1174
597,2179,1174,56
7,597,56,9
1174,7,9,795
56,1174,795,8863
9,56,8863,54
795,9,54,7
8863,795,7,2906
54,8863,2906,284
7,54,284,370
2906,7,370,1121
284,2906,1121,940
370,284,940,1462
1121,370,1462,203
940,1121,203,422
1462,940,422,577
203,1462,577,5
422,203,5,1081
577,422,1081,1509
5,577,1509,1243
1081,5,1243,2
1509,1081,2,3612
1243,1509,3612,3
2,1243,3,15216
3612,2,15216,45
3,3612,45,33
15216,3,33,16
45,15216,16,631
33,45,631,37
16,33,37,8
631,16,8,16
37,631,16,15844
8,37,15844,19
16,8,19,104
15844,16,104,2676
19,15844,2676,3471
104,19,3471,16
2676,104,16,2
3471,2676,2,503
16,3471,503,1290
2,16,1290,8
503,2,8,635
1290,503,635,5856
8,1290,5856,85
635,8,85,42
5856,635,42,107
85,5856,107,36
42,85,36,190
107,42,190,2910
36,107,2910,45
190,36,45,6
2910,190,6,4851
45,2910,4851,5
6,45,5,3081
4851,6,3081,16
5,4851,16,2
3081,5,2,503
16,3081,503,1290
2,16,1290,2
503,2,2,149
1290,503,149,714
2,1290,714,6
149,2,6,112
714,149,112,737
6,714,737,26
112,6,26,16
737,112,16,48
26,737,48,6
16,26,6,183
48,16,183,4851
6,48,4851,2141
183,6,2141,3
4851,183,3,17
2141,4851,17,134
3,2141,134,33
17,3,33,415
134,17,415,2
33,134,2,47138
415,33,47138,1290
2,415,1290,112
47138,2,112,2939
1290,47138,2939,635
112,1290,635,660
2939,112,660,4
635,2939,4,85
660,635,85,1910
4,660,1910,886
85,4,886,19
1910,85,19,15216
886,1910,15216,2
19,886,2,3612
15216,19,3612,3
2,15216,3,20266
3612,2,20266,88
3,3612,88,45
20266,3,45,93
88,20266,93,38
45,88,38,1121
93,45,1121,168
38,93,168,38
1121,38,38,179
168,1121,179,235
38,168,235,1247
179,38,1247,3386
235,179,3386,13
1247,235,13,29924
3386,1247,29924,95
13,3386,95,8
29924,13,8,93
95,29924,93,38
8,95,38,1121
93,8,1121,168
38,93,168,917
1121,38,917,21
168,1121,21,48
917,168,48,5
21,917,5,81
48,21,81,16
5,48,16,5113
81,5,5113,2
16,81,2,529
5113,16,529,2676
2,5113,2676,3471
529,2,3471,45
2676,529,45,33
3471,2676,33,16
45,3471,16,631
33,45,631,37
16,33,37,8
631,16,8,16
37,631,16,15844
8,37,15844,19
16,8,19,104
15844,16,104,2676
19,15844,2676,3471
104,19,3471,16
2676,104,16,2
3471,2676,2,503
16,3471,503,1290
2,16,1290,8
503,2,8,635
1290,503,635,5856
8,1290,5856,85
635,8,85,42
5856,635,42,107
85,5856,107,36
42,85,36,190
107,42,190,29
36,107,29,155
190,36,155,805
29,190,805,4
155,29,4,113
805,155,113,20
4,805,20,34
113,4,34,160
20,113,160,1668
34,20,1668,35
160,34,35,3
1668,160,3,415
35,1668,415,3235
3,35,3235,140
415,3,140,9146
3235,415,9146,915
140,3235,915,8
9146,140,8,7
915,9146,7,887
8,915,887,121
7,8,121,17
887,7,17,2290
121,887,2290,4
17,121,4,1041
2290,17,1041,140
4,2290,140,30
1041,4,30,55
140,1041,55,93
30,140,93,1121
55,30,1121,840
93,55,840,142
1121,93,142,3
840,1121,3,3619
142,840,3619,9
3,142,9,67
3619,3,67,402
9,3619,402,4
67,9,4,928
402,67,928,93
4,402,93,1121
928,4,1121,142
93,928,142,3
1121,93,3,120
142,1121,120,88
3,142,88,45
120,3,45,55
88,120,55,2301
45,88,2301,10
55,45,10,4
2301,55,4,21
10,2301,21,72
4,10,72,95
21,4,95,395
72,21,395,186
95,72,186,65
395,95,65,2
186,395,2,66
65,186,66,33
2,65,33,25
66,2,25,1366
33,66,1366,8
25,33,8,887
1366,25,887,7
8,1366,7,795
887,8,795,911
7,887,911,1318
795,7,1318,6
911,795,6,352
1318,911,352,5
6,1318,5,43
352,6,43,128
5,352,128,66
43,5,66,101
128,43,101,136
66,128,136,73
101,66,73,2
136,101,2,7480
73,136,7480,5835
2,73,5835,2
7480,2,2,3388
5835,7480,3388,1243
2,5835,1243,2
3388,2,2,3612
1243,3388,3612,3
2,1243,3,20266
3612,2,20266,10
3,3612,10,110
20266,3,110,3
10,20266,3,577
110,10,577,6921
3,110,6921,76
577,3,76,106
6921,577,106,29
76,6921,29,7
106,76,7,21
29,106,21,110
7,29,110,484
21,7,484,2
110,21,2,1668
484,110,1668,35
2,484,35,415
1668,2,415,230
35,1668,230,107
415,35,107,2
230,415,2,9298
107,230,9298,6208
2,107,6208,42
9298,2,42,455
6208,9298,455,415
42,6208,415,29
455,42,29,7
415,455,7,569
29,415,569,7524
7,29,7524,5
569,7,5,51
7524,569,51,35
5,7524,35,1540
51,5,1540,8
35,51,8,200
1540,35,200,912
8,1540,912,9215
200,8,9215,928
912,200,928,2
9215,912,2,3612
928,9215,3612,3
2,928,3,67871
3612,2,67871,5
3,3612,5,376
67871,3,376,58
5,67871,58,635
376,5,635,179
58,376,179,15
635,58,15,49
179,635,49,12
15,179,12,10
49,15,10,87
12,49,87,887
10,12,887,25
87,10,25,31
887,87,31,116
25,887,116,179
31,25,179,15
116,31,15,49
179,116,49,245
15,179,245,359
49,15,359,5
245,49,5,73
359,245,73,3320
5,359,3320,773
73,5,773,15
3320,73,15,202
773,3320,202,3
15,773,3,862
202,15,862,3689
3,202,3689,3
862,3,3,870
3689,862,870,15
3,3689,15,862
870,3,862,10
15,870,10,126
862,15,126,33
10,862,33,599
126,10,599,10
33,126,10,73
599,33,73,112
10,599,112,240
73,10,240,319
112,73,319,112
240,112,112,240
319,240,240,8
112,319,8,359
240,112,359,5
8,240,5,2210
359,8,2210,1910
5,359,1910,886
2210,5,886,19
1910,2210,19,15216
886,1910,15216,2
19,886,2,3612
15216,19,3612,3
2,15216,3,20266
3612,2,20266,88
3,3612,88,45
20266,3,45,93
88,20266,93,38
45,88,38,1121
93,45,1121,168
38,93,168,38
1121,38,38,179
168,1121,179,235
38,168,235,1247
179,38,1247,3386
235,179,3386,13
1247,235,13,29924
3386,1247,29924,95
13,3386,95,8
29924,13,8,93
95,29924,93,38
8,95,38,1121
93,8,1121,168
38,93,168,917
1121,38,917,21
168,1121,21,48
917,168,48,5
21,917,5,81
48,21,81,16
5,48,16,5113
81,5,5113,2
16,81,2,529
5113,16,529,2676
2,5113,2676,3471
529,2,3471,45
2676,529,45,33
3471,2676,33,16
45,3471,16,631
33,45,631,37
16,33,37,8
631,16,8,16
37,631,16,15844
8,37,15844,19
16,8,19,104
15844,16,104,2676
19,15844,2676,3471
