210,45482,1451,2780
16,210,2780,1020
1451,16,1020,142
2780,1451,142,308
1020,2780,308,3
142,1020,3,1227
308,142,1227,11582
3,308,11582,1084
1227,3,1084,18
11582,1227,18,6801
1084,11582,6801,250
18,1084,250,515
6801,18,515,54
250,6801,54,7
515,250,7,1892
54,515,1892,3627
7,54,3627,12
1892,7,12,649
3627,1892,649,3873
12,3627,3873,714
649,12,714,41
3873,649,41,3588
714,3873,3588,1052
41,714,1052,137
3588,41,137,414
1052,3588,414,1084
137,1052,1084,2
414,137,2,4
1084,414,4,4063
2,1084,4063,8
4,2,8,121
4063,4,121,17
8,4063,17,2219
121,8,2219,1019
17,121,1019,2
2219,17,2,177
1019,2219,177,5
2,1019,5,98
177,2,98,2413
5,177,2413,342
98,5,342,59253
2413,98,59253,238
342,2413,238,815
59253,342,815,802
238,59253,802,2494
815,238,2494,6322
802,815,6322,11429
2494,802,11429,7
6322,2494,7,1333
11429,6322,1333,9
7,11429,9,2
1333,7,2,20951
9,1333,20951,408
2,9,408,12
20951,2,12,2
408,20951,2,200
12,408,200,8
2,12,8,40
200,2,40,609
8,200,609,233
40,8,233,3
609,40,3,106
233,609,106,12
3,233,12,764
106,3,764,224
12,106,224,4
764,12,4,1413
224,764,1413,63
4,224,63,5
1413,4,5,1142
63,1413,1142,3
5,63,3,3834
1142,5,3834,6475
3,1142,6475,1084
3834,3,1084,117
6475,3834,117,3338
1084,6475,3338,4858
117,1084,4858,3246
3338,117,3246,716
4858,3338,716,88
3246,4858,88,264
716,3246,264,135
88,716,135,387
264,88,387,3
135,264,3,4587
387,135,4587,22
3,387,22,144
4587,3,144,17583
22,4587,17583,1528
144,22,1528,6322
17583,144,6322,200
1528,17583,200,37
6322,1528,37,378
200,6322,378,106
37,200,106,5363
378,37,5363,5
106,378,5,816
5363,106,816,3
5,5363,3,7208
816,5,7208,2
3,816,2,127
7208,3,127,104001
2,7208,104001,963
127,2,963,4963
104001,127,4963,3354
963,104001,3354,4
4963,963,4,1208
3354,4963,1208,7343
4,3354,7343,6740
1208,4,6740,18
7343,1208,18,4744
6740,7343,4744,144
18,6740,144,9
4744,18,9,2
144,4744,2,1321
9,144,1321,200
2,9,200,54
1321,2,54,40
200,1321,40,1937
54,200,1937,39
40,54,39,1084
1937,40,1084,12
39,1937,12,250
1084,39,250,52
12,1084,52,3777
250,12,3777,1845
52,250,1845,3
3777,52,3,1097
1845,3777,1097,4
3,1845,4,588
1097,3,588,19
4,1097,19,860
588,4,860,2872
19,588,2872,1172
860,19,1172,69405
2872,860,69405,24
1172,2872,24,162
69405,1172,162,7343
24,69405,7343,596
162,24,596,3
7343,162,3,2581
596,7343,2581,360
3,596,360,12
2581,3,12,200
360,2581,200,375
12,360,375,75
200,12,75,647
375,200,647,59270
75,375,59270,13
647,75,13,627
59270,647,627,3
13,59270,3,2540
627,13,2540,161
3,627,161,200
2540,3,200,4
161,2540,4,13
200,161,13,982
4,200,982,15
13,4,15,1004
982,13,1004,3
15,982,3,514
1004,15,514,198
3,1004,198,12
514,3,12,1053
198,514,1053,375
12,198,375,1505
1053,12,1505,16
375,1053,16,1135
1505,375,1135,63
16,1505,63,28
1135,16,28,536
63,1135,536,6322
28,63,6322,36
536,28,36,38256
6322,536,38256,200
36,6322,200,40
38256,36,40,253
200,38256,253,5421
40,200,5421,1505
253,40,1505,23
5421,253,23,20
1505,5421,20,173
23,1505,173,1318
20,23,1318,3
173,20,3,1097
1318,173,1097,2
3,1318,2,105
1097,3,105,2701
2,1097,2701,19
105,2,19,298
2701,105,298,77
19,2701,77,6206
298,19,6206,1004
77,298,1004,3
6206,77,3,123
1004,6206,123,44732
3,1004,44732,16
123,3,16,239
44732,123,239,24
16,44732,24,86
239,16,86,4242
24,239,4242,250
86,24,250,1027
4242,86,1027,13
250,4242,13,5482
1027,250,5482,211
13,1027,211,8
5482,13,8,16
211,5482,16,6854
8,211,6854,3
16,8,3,981
6854,16,981,3334
3,6854,3334,122
981,3,122,2112
3334,981,2112,829
122,3334,829,5
2112,122,5,358
829,2112,358,1337
5,829,1337,8
358,5,8,675
1337,358,675,18
8,1337,18,596
675,8,596,3
18,675,3,250
596,18,250,1634
3,596,1634,37
250,3,37,5482
1634,250,5482,6
37,1634,6,559
5482,37,559,53
6,5482,53,7
559,6,7,3698
53,559,3698,37
7,53,37,62
3698,7,62,4635
37,3698,4635,1841
62,37,1841,5482
4635,62,5482,55
1841,4635,55,17
5482,1841,17,4
55,5482,4,120
17,55,120,26
4,17,26,55
120,4,55,981
26,120,981,103418
55,26,103418,429
981,55,429,693
103418,981,693,310
429,103418,310,425
693,429,425,8
310,693,8,2617
425,310,2617,132
8,425,132,17
2617,8,17,458
132,2617,458,3
17,132,3,218
458,17,218,438
3,458,438,5482
218,3,5482,23
438,218,23,18220
5482,438,18220,2
23,5482,2,22614
18220,23,22614,4326
2,18220,4326,8763
22614,2,8763,8
4326,22614,8,40
8763,4326,40,253
8,8763,253,17
40,8,17,22160
253,40,22160,3
17,253,3,2
22160,17,2,215
3,22160,215,971
2,3,971,52
215,2,52,10
971,215,10,50
52,971,50,3
10,52,3,350
50,10,350,713
3,50,713,342
350,3,342,1777
713,350,1777,6
342,713,6,66518
1777,342,66518,411
6,1777,411,3
66518,6,3,181
411,66518,181,15
3,411,15,2104
181,3,2104,30
15,181,30,18
2104,15,18,8869
30,2104,8869,351
18,30,351,24
8869,18,24,2768
351,8869,2768,6319
24,351,6319,5
2768,24,5,18220
6319,2768,18220,59
5,6319,59,1505
18220,5,1505,608
59,18220,608,3
1505,59,3,1612
608,1505,1612,10
3,608,10,6240
1612,3,6240,79
10,1612,79,2
6240,10,2,654
79,6240,654,3103
2,79,3103,3
654,2,3,84
3103,654,84,1724
3,3103,1724,889
84,3,889,5
1724,84,5,5482
889,1724,5482,3
5,889,3,2468
5482,5,2468,23
3,5482,23,20
2468,3,20,4326
23,2468,4326,8763
20,23,8763,777
4326,20,777,120
8763,4326,120,5482
777,8763,5482,77
120,777,77,17
5482,120,17,946
77,5482,946,26151
17,77,26151,9
946,17,9,6927
26151,946,6927,342
9,26151,342,7718
6927,9,7718,1370
342,6927,1370,11
7718,342,11,28
1370,7718,28,6
11,1370,6,2
28,11,2,304
6,28,304,130
2,6,130,623
304,2,623,7
130,304,7,8
623,130,8,30
7,623,30,16
8,7,16,64
30,8,64,752
16,30,752,2098
64,16,2098,19
752,64,19,1291
2098,752,1291,8
19,2098,8,64
1291,19,64,224
8,1291,224,7
64,8,7,282
224,64,282,65
7,224,65,2
282,7,2,572
65,282,572,224
2,65,224,100
572,2,100,29
224,572,29,472
100,224,472,30
29,100,30,16
472,29,16,2929
30,472,2929,98
16,30,98,224
2929,16,224,9
98,2929,9,2
224,98,2,224
9,224,224,46435
2,9,46435,11432
224,2,11432,3746
46435,224,3746,23
11432,46435,23,18220
3746,11432,18220,40
23,3746,40,17
18220,23,17,6
40,18220,6,766
17,40,766,9
6,17,9,443
766,6,443,5566
9,766,5566,12
443,9,12,5482
5566,443,5482,4
12,5566,4,654
5482,12,654,4
4,5482,4,974
654,4,974,179
4,654,179,23
974,4,23,57
179,974,57,342
23,179,342,777
57,23,777,184
342,57,184,3
777,342,3,2354
184,777,2354,18220
3,184,18220,40
2354,3,40,17
18220,2354,17,1073
40,18220,1073,3
17,40,3,414
1073,17,414,4628
3,1073,4628,4
414,3,4,5482
4628,414,5482,53
4,4628,53,40
5482,4,40,1838
53,5482,1838,12
40,53,12,32251
1838,40,32251,107218
12,1838,107218,36
32251,12,36,66964
107218,32251,66964,511
36,107218,511,65
66964,36,65,3334
511,66964,3334,54
65,511,54,55
3334,65,55,17
54,3334,17,7168
55,54,7168,3
17,55,3,2131
7168,17,2131,2
3,7168,2,342
2131,3,342,105400
2,2131,105400,5
342,2,5,217
105400,342,217,5
5,105400,5,5482
217,5,5482,1292
5,217,1292,274
5482,5,274,6
1292,5482,6,559
274,1292,559,250
6,274,250,5585
559,6,5585,5
250,559,5,3334
5585,250,3334,243
5,5585,243,10
3334,5,10,6683
243,3334,6683,1088
10,243,1088,60
6683,10,60,816
1088,6683,816,3
60,1088,3,981
816,60,981,362
3,816,362,1201
981,3,1201,9
362,981,9,2
1201,362,2,342
9,1201,342,537
2,9,537,186
342,2,186,65
537,342,65,42
186,537,42,66
65,186,66,9901
42,65,9901,8
66,42,8,43
9901,66,43,13
8,9901,13,1974
43,8,1974,993
13,43,993,9
1974,13,9,98
993,1974,98,764
9,993,764,45480
98,9,45480,42
764,98,42,173
45480,764,173,2617
42,45480,2617,939
173,42,939,1095
2617,173,1095,3
939,2617,3,1642
1095,939,1642,10
3,1095,10,5585
1642,3,5585,5
10,1642,5,3334
5585,10,3334,3
5,5585,3,204
3334,5,204,120
3,3334,120,10
204,3,10,40
120,204,40,17
10,120,17,6692
40,10,6692,3
17,40,3,2131
6692,17,2131,4137
3,6692,4137,6
2131,3,6,264
4137,2131,264,44
6,4137,44,1052
264,6,1052,3777
44,264,3777,8726
1052,44,8726,27186
3777,1052,27186,11961
8726,3777,11961,23
27186,8726,23,354
11961,27186,354,5
23,11961,5,1172
354,23,1172,3334
5,354,3334,2493
1172,5,2493,2
3334,1172,2,99
2493,3334,99,425
2,2493,425,6
99,2,6,39
425,99,39,249
6,425,249,60
39,6,60,4
249,39,4,1099
60,249,1099,3
4,60,3,10858
1099,4,10858,3334
3,1099,3334,132
10858,3,132,17
3334,10858,17,3
132,3334,3,10909
17,132,10909,10
3,17,10,79
10909,3,79,78986
10,10909,78986,1201
79,10,1201,8
78986,79,8,77
1201,78986,77,21
8,1201,21,17
77,8,17,91
21,77,91,9
17,21,9,537
91,17,537,606
9,91,606,14953
537,9,14953,934
606,537,934,5
14953,606,5,2677
934,14953,2677,2
5,934,2,105
2677,5,105,2701
2,2677,2701,7
105,2,7,5614
2701,105,5614,51
7,2701,51,8
5614,7,8,242
51,5614,242,87
8,51,87,105
242,8,105,4
87,242,4,2755
105,87,2755,3793
4,105,3793,5
2755,4,5,250
3793,2755,250,342
5,3793,342,348
250,5,348,465
342,250,465,13270
348,342,13270,53
465,348,53,13
13270,465,13,208
53,13270,208,47
13,53,47,2
208,13,2,1525
47,208,1525,336
2,47,336,590
1525,2,590,5
336,1525,5,8759
590,336,8759,9
5,590,9,298
8759,5,298,2872
9,8759,2872,6
298,9,6,209
2872,298,209,10
6,2872,10,2155
209,6,2155,229
10,209,229,105
2155,10,105,2701
229,2155,2701,121
105,229,121,981
2701,105,981,2
121,2701,2,1355
981,121,1355,799
2,981,799,36
1355,2,36,551
799,1355,551,4
36,799,4,1585
551,36,1585,175
4,551,175,2929
1585,4,2929,30581
175,1585,30581,647
2929,175,647,2872
30581,2929,2872,9
647,30581,9,2677
2872,647,2677,2
9,2872,2,2701
2677,9,2701,588
2,2677,588,7
2701,2,7,2
588,2701,2,3906
7,588,3906,809
2,7,809,17858
3906,2,17858,1380
809,3906,1380,6
17858,809,6,4
1380,17858,4,125
6,1380,125,3
4,6,3,3450
125,4,3450,259
3,125,259,398
3450,3,398,8
259,3450,8,2226
398,259,2226,9
8,398,9,117
2226,8,117,5
9,2226,5,647
117,9,647,7
5,117,7,2
647,5,2,2129
7,647,2129,2701
2,7,2701,7957
2129,2,7957,372
2701,2129,372,7211
7957,2701,7211,5
372,7957,5,2
7211,372,2,224
5,7211,224,2
2,5,2,1355
224,2,1355,799
2,224,799,7
1355,2,7,1581
799,1355,1581,1598
7,799,1598,87
1581,7,87,53
1598,1581,53,34
87,1598,34,165
53,87,165,17
34,53,17,2755
165,34,2755,8741
17,165,8741,8
2755,17,8,161
8741,2755,161,210
8,8741,210,34
161,8,34,14
210,161,14,3
34,210,3,137
14,34,137,773
3,14,773,40323
137,3,40323,1318
773,137,1318,3
40323,773,3,1097
1318,40323,1097,2
3,1318,2,2701
1097,3,2701,588
2,1097,588,19
2701,2,19,117
588,2701,117,5
19,588,5,647
117,19,647,34
5,117,34,828
647,5,828,284
34,647,284,6
828,34,6,2
284,828,2,3270
6,284,3270,24
2,6,24,95
3270,2,95,8
24,3270,8,14
95,24,14,3
8,95,3,5421
14,8,5421,1505
3,14,1505,4
5421,3,4,959
1505,5421,959,1684
4,1505,1684,9
959,4,9,2
1684,959,2,224
9,1684,224,280
2,9,280,744
224,2,744,327
280,224,327,469
744,280,469,12
327,744,12,9931
469,327,9931,4
12,469,4,478
9931,12,478,588
4,9931,588,19
478,4,19,860
588,478,860,17858
19,588,17858,453
27,2387,22,479
2521,27,479,276
22,2521,276,48
479,22,48,5
276,479,5,10
48,276,10,246
5,48,246,351
10,5,351,3
246,10,3,201
351,246,201,434
3,351,434,54
201,3,54,7
434,201,7,560
54,434,560,52
7,54,52,33
560,7,33,25
52,560,25,1415
33,52,1415,1481
25,33,1481,757
1415,25,757,12
1481,1415,12,26441
757,1481,26441,4040
12,757,4040,36
26441,12,36,6277
4040,26441,6277,103450
36,4040,103450,16
6277,36,16,76
103450,6277,76,5
16,103450,5,8182
76,16,8182,5
5,76,5,1728
8182,5,1728,27
5,8182,27,479
1728,5,479,4
27,1728,4,24325
479,27,24325,166
4,479,166,3003
24325,4,3003,2685
166,24325,2685,19
3003,166,19,58
2685,3003,58,127
19,2685,127,287
58,19,287,99074
127,58,99074,286
287,127,286,1728
99074,287,1728,27
286,99074,27,46
1728,286,46,526
27,1728,526,823
46,27,823,63
526,46,63,5
823,526,5,974
63,823,974,4
5,63,4,6576
974,5,6576,9
4,974,9,27
6576,4,27,528
9,6576,528,4
27,9,4,42
528,27,42,5
4,528,5,22
42,4,22,810
5,42,810,172
22,5,172,2945
810,22,2945,4
172,810,4,2566
2945,172,2566,105
4,2945,105,871
2566,4,871,46
105,2566,46,644
871,105,644,897
46,871,897,22
644,46,22,810
897,644,810,13
22,897,13,1928
810,22,1928,889
13,810,889,5
1928,13,5,589
889,1928,589,3
5,889,3,22
589,5,22,3003
3,589,3003,86
22,3,86,1131
3003,22,1131,416
86,3003,416,313
1131,86,313,3
416,1131,3,835
313,416,835,1995
3,313,1995,6
835,3,6,209
1995,835,209,30
6,1995,30,57
209,6,57,107
30,209,107,1728
57,30,1728,27
107,57,27,479
1728,107,479,14292
27,1728,14292,1721
479,27,1721,889
14292,479,889,5
1721,14292,5,589
889,1721,589,74
5,889,74,128
589,5,128,66
74,589,66,3
128,74,3,350
66,128,350,10303
3,66,10303,1749
350,3,1749,343
10303,350,343,23
1749,10303,23,138
343,1749,138,27
23,343,27,4150
138,23,4150,58140
27,138,58140,11811
4150,27,11811,339
58140,4150,339,4
11811,58140,4,310
339,11811,310,307
4,339,307,14292
310,4,14292,5521
307,310,5521,2
14292,307,2,3
5521,14292,3,129
2,5521,129,1531
3,2,1531,5916
129,3,5916,4
1531,129,4,4244
5916,1531,4244,8
4,5916,8,19
4244,4,19,685
8,4244,685,5
19,8,5,118
685,19,118,2
5,685,2,27
118,5,27,18596
2,118,18596,4553
27,2,4553,16
18596,27,16,3210
4553,18596,3210,74
16,4553,74,9
3210,16,9,3003
74,3210,3003,343
9,74,343,23
3003,9,23,334
343,3003,334,36
23,343,36,64
334,23,64,577
36,334,577,29
64,36,29,184
577,64,184,3
29,577,3,2
184,29,2,814
3,184,814,1297
2,3,1297,1312
814,2,1312,5
1297,814,5,1906
1312,1297,1906,1999
5,1312,1999,181
1906,5,181,4
1999,1906,4,39
181,1999,39,249
4,181,249,35
39,4,35,554
249,39,554,2546
35,249,2546,24
554,35,24,3003
2546,554,3003,11674
24,2546,11674,6
3003,24,6,3
11674,3003,3,88
6,11674,88,264
3,6,264,66
88,3,66,9
264,88,9,54
66,264,54,561
9,66,561,7
54,9,7,1131
561,54,1131,14292
7,561,14292,757
1131,7,757,12
14292,1131,12,10
757,14292,10,1906
12,757,1906,4150
10,12,4150,73993
1906,10,73993,23
4150,1906,23,26441
73993,4150,26441,1793
23,73993,1793,2
26441,23,2,2840
1793,26441,2840,5
2,1793,5,54
2840,2,54,46
5,2840,46,6
54,5,6,4
46,54,4,6
6,46,6,46
4,6,46,14
6,4,14,425
46,6,425,2
14,46,2,720
425,14,720,995
2,425,995,3
720,2,3,2
995,720,2,733
3,995,733,5
2,3,5,2
733,2,2,347
5,733,347,232
2,5,232,5
347,2,5,979
232,347,979,5
5,232,5,437
979,5,437,6
5,979,6,57
437,5,57,357
6,437,357,138
57,6,138,27
357,57,27,70046
138,357,70046,27
27,138,27,4
70046,27,4,22
27,70046,22,432
4,27,432,479
22,4,479,16
432,22,16,260
479,432,260,6
16,479,6,350
260,16,350,538
6,260,538,2
350,6,2,181
538,350,181,11905
2,538,11905,5
181,2,5,2519
11905,181,2519,15856
5,11905,15856,36
2519,5,36,501
15856,2519,501,22
36,15856,22,479
501,36,479,715
22,501,715,9
479,22,9,432
715,479,432,1113
9,715,1113,962
432,9,962,272
1113,432,272,31
962,1113,31,803
272,962,803,2
31,272,2,127
803,31,127,296
2,803,296,2
127,2,2,4
296,127,4,924
2,296,924,3
4,2,3,484
924,4,484,2
3,924,2,1710
484,3,1710,146
2,484,146,1676
1710,2,1676,4
146,1710,4,2194
1676,146,2194,1187
4,1676,1187,20
2194,4,20,153
1187,2194,153,75
20,1187,75,197
153,20,197,259
75,153,259,1254
197,75,1254,8
259,197,8,18119
1254,259,18119,1143
8,1254,1143,13
18119,8,13,1454
1143,18119,1454,91
13,1143,91,9275
1454,13,9275,24
91,1454,24,138
9275,91,138,1672
24,9275,1672,27
138,24,27,479
1672,138,479,3
27,1672,3,513
479,27,513,198
3,479,198,6
513,3,6,605
198,513,605,1794
6,198,1794,1011
605,6,1011,181
1794,605,181,277
1011,1794,277,138
181,1011,138,27
277,181,27,13
138,277,13,68
27,138,68,91
13,27,91,715
68,13,715,46
91,68,46,54
715,91,54,11
46,715,11,13
54,46,13,2054
11,54,2054,1928
13,11,1928,3
2054,13,3,170
1928,2054,170,46
3,1928,46,3
170,3,3,1911
46,170,1911,6546
3,46,6546,5
1911,3,5,491
6546,1911,491,4
5,6546,4,2722
491,5,2722,3
4,491,3,410
2722,4,410,702
3,2722,702,257
410,3,257,4671
702,410,4671,17909
257,702,17909,6
4671,257,6,2
