5020,457,57,894
4,5020,894,7
57,4,7,2214
894,57,2214,6708
7,894,6708,2
2214,7,2,2
6708,2214,2,2001
2,6708,2001,14
2,2,14,8
2001,2,8,33
14,2001,33,55
8,14,55,2167
33,8,2167,261
55,33,261,118
2167,55,118,71428
261,2167,71428,33
118,261,33,55
71428,118,55,17
33,71428,17,4277
55,33,4277,6
17,55,6,112
4277,17,112,384
6,4277,384,29
112,6,29,33
384,112,33,821
29,384,821,295
33,29,295,3
821,33,3,1062
295,821,1062,8
3,295,8,33
1062,3,33,18
8,1062,18,295
33,8,295,3
18,33,3,179
295,18,179,15
3,295,15,1780
179,3,1780,52
15,179,52,33
1780,15,33,415
52,1780,415,1996
33,52,1996,38
415,33,38,2203
1996,415,2203,2
38,1996,2,768
2203,38,768,3
2,2203,3,1996
768,2,1996,38
3,768,38,173
1996,3,173,5
38,1996,5,384
173,38,384,12
5,173,12,4
384,5,4,139
12,384,139,10
4,12,10,72
139,4,72,96
10,139,96,10
72,10,10,2092
96,72,2092,3
10,96,3,93
2092,10,93,3
3,2092,3,2749
93,3,2749,368
3,93,368,7
2749,3,7,113
368,2749,113,45
7,368,45,610
113,7,610,8
45,113,8,29
610,45,29,45
8,610,45,16
29,8,16,399
45,29,399,4
16,45,4,2
399,16,2,2
4,399,2,284
2,4,284,1119
2,2,1119,30
284,2,30,25
1119,284,25,148
30,1119,148,8
25,30,8,714
148,25,714,25
8,148,25,317
714,8,317,3252
25,714,3252,65806
317,25,65806,11313
3252,317,11313,63
65806,3252,63,146
11313,65806,146,76
63,11313,76,3066
146,63,3066,160
76,146,160,644
3066,76,644,168
160,3066,168,526
644,160,526,297
168,644,297,46
526,168,46,12
297,526,12,487
46,297,487,9
12,46,9,482
487,12,482,36
9,487,36,1586
482,9,1586,1699
36,482,1699,965
1586,36,965,9
1699,1586,9,227
965,1699,227,2976
9,965,2976,53
227,9,53,465
2976,227,465,2
53,2976,2,1252
465,53,1252,6
2,465,6,832
1252,2,832,8
6,1252,8,1972
832,6,1972,188
8,832,188,168
1972,8,168,526
188,1972,526,2832
168,188,2832,7
526,168,7,2
2832,526,2,2969
7,2832,2969,2
2,7,2,502
2969,2,502,10
2,2969,10,42
502,2,42,168
10,502,168,1053
42,10,1053,36
168,42,36,1645
1053,168,1645,9
36,1053,9,166
1645,36,166,737
9,1645,737,3
166,9,3,154
737,166,154,231
3,737,231,25
154,3,25,33
231,154,33,488
25,231,488,8
33,25,8,2
488,33,2,594
8,488,594,36
2,8,36,25
594,2,25,33
36,594,33,488
25,36,488,8
33,25,8,160
488,33,160,73
8,488,73,20
160,8,20,303
73,160,303,2
20,73,2,854
303,20,854,8
2,303,8,770
854,2,770,34
8,854,34,140
770,8,140,691
34,770,691,3
140,34,3,966
691,140,966,2037
3,691,2037,5847
966,3,5847,7
2037,966,7,137
5847,2037,137,81
7,5847,81,2
137,7,2,161
81,137,161,59
2,81,59,7
161,2,7,234
59,161,234,142
7,59,142,12
234,7,12,88
142,234,88,344
12,142,344,658
88,12,658,101
344,88,101,974
658,344,974,6
101,658,6,128
974,101,128,889
6,974,889,66
128,6,66,6
889,128,6,172
66,889,172,258
6,66,258,9
172,6,9,180
258,172,180,40
9,258,40,17
180,9,17,63
40,180,63,6973
17,40,6973,526
63,17,526,316
6973,63,316,13775
526,6973,13775,1218
316,526,1218,163
13775,316,163,4
1218,13775,4,7
163,1218,7,77
4,163,77,248
7,4,248,29
77,7,29,383
248,77,383,4316
29,248,4316,6
383,29,6,1246
4316,383,1246,15
6,4316,15,76
1246,6,76,895
15,1246,895,59
76,15,59,11
895,76,11,7
59,895,7,8
11,59,8,4
7,11,4,59
8,7,59,30
4,8,30,50
59,4,50,631
30,59,631,37
50,30,37,25
631,50,25,706
37,631,706,25
25,37,25,468
706,25,468,46
25,706,46,215
468,25,215,6756
46,468,6756,4
215,46,4,20
6756,215,20,4
4,6756,4,8
20,4,8,7
4,20,7,13
8,4,13,2
7,8,2,1725
13,7,1725,83
2,13,83,6
1725,2,6,598
83,1725,598,59
6,83,59,7
598,6,7,14
59,598,14,8304
7,59,8304,1114
14,7,1114,512
8304,14,512,10
1114,8304,10,14
512,1114,14,2
10,512,2,3543
14,10,3543,28943
2,14,28943,187
3543,2,187,7
28943,3543,7,295
187,28943,295,3
7,187,3,17
295,7,17,201
3,295,201,542
17,3,542,15
201,17,15,702
542,201,702,9
15,542,9,42
702,15,42,5
9,702,5,4493
42,9,4493,4
5,42,4,11
4493,5,11,2
4,4493,2,108
11,4,108,124
2,11,124,293
108,2,293,745
124,108,745,11
293,124,11,28
745,293,28,370
11,745,370,8
28,11,8,11
370,28,11,2166
8,370,2166,61
11,8,61,6
2166,11,6,14267
61,2166,14267,413
6,61,413,11
14267,6,11,2166
413,14267,2166,61
11,413,61,15
2166,11,15,2252
61,2166,2252,37
15,61,37,1241
2252,15,1241,70
37,2252,70,4
1241,37,4,9471
70,1241,9471,148
4,70,148,8
9471,4,8,160
148,9471,160,22
8,148,22,290
160,8,290,14
22,160,14,59
290,22,59,11
14,290,11,2393
59,14,2393,210
11,59,210,19
2393,11,19,210
210,2393,210,15
19,210,15,81
210,19,81,25
15,210,25,7
81,15,7,113
25,81,113,526
7,25,526,297
113,7,297,55
526,113,55,17
297,526,17,12826
55,297,12826,5160
17,55,5160,297
12826,17,297,9
5160,12826,9,4379
297,5160,4379,4079
9,297,4079,348
4379,9,348,36
4079,4379,36,3689
348,4079,3689,13
36,348,13,47
3689,36,47,6
13,3689,6,236
47,13,236,170
6,47,170,348
236,6,348,2541
170,236,2541,3
348,170,3,90
2541,348,90,5
3,2541,5,8506
90,3,8506,534
5,90,534,4282
8506,5,4282,602
534,8506,602,31
4282,534,31,40
602,4282,40,18
31,602,18,2866
40,31,2866,9
18,40,9,7064
2866,18,7064,203
9,2866,203,1605
7064,9,1605,309
203,7064,309,203
1605,203,203,593
309,1605,593,3689
203,309,3689,348
593,203,348,534
3689,593,534,4282
348,3689,4282,602
534,348,602,31
4282,534,31,966
602,4282,966,856
31,602,856,5612
966,31,5612,2553
856,966,2553,9
5612,856,9,103
2553,5612,103,66
9,2553,66,5
103,9,5,1250
66,103,1250,24
5,66,24,2497
1250,5,2497,10
24,1250,10,110
2497,24,110,3
10,2497,3,17
110,10,17,2904
3,110,2904,3
17,3,3,258
2904,17,258,66
3,2904,66,203
258,3,203,39
66,258,39,303
203,66,303,5
39,203,5,316
303,39,316,4
5,303,4,55
316,5,55,93
4,316,93,179
55,4,179,3374
93,55,3374,370
179,93,370,26
3374,179,26,821
370,3374,821,47
26,370,47,44480
821,26,44480,4
47,821,4,1181
44480,47,1181,169
4,44480,169,602
1181,4,602,50
169,1181,50,2254
602,169,2254,2916
50,602,2916,9
2254,50,9,348
2916,2254,348,4
9,2916,4,37
348,9,37,727
4,348,727,5
37,4,5,81
727,37,81,18
5,727,18,340
81,5,340,2541
18,81,2541,599
340,18,599,20
2541,340,20,4604
599,2541,4604,1468
20,599,1468,9
4604,20,9,41
1468,4604,41,37
9,1468,37,62
41,9,62,149
37,41,149,3689
62,37,3689,13
149,62,13,773
3689,149,773,25
13,3689,25,239
773,13,239,53
25,773,53,64
239,25,64,6662
53,239,6662,9
64,53,9,2413
6662,64,2413,487
9,6662,487,683
2413,9,683,3689
487,2413,3689,14
683,487,14,12826
3689,683,12826,29
14,3689,29,21
12826,14,21,5997
29,12826,5997,25
21,29,25,7
5997,21,7,1118
25,5997,1118,2
7,25,2,3689
1118,7,3689,1015
2,1118,1015,1864
3689,2,1864,83
1015,3689,83,6
1864,1015,6,673
83,1864,673,59
6,83,59,7
673,6,7,14
59,673,14,53
7,59,53,4
14,7,4,11
53,14,11,2348
4,53,2348,180
11,4,180,11
2348,11,11,1428
180,2348,1428,2348
11,180,2348,180
1428,11,180,29
2348,1428,29,11
180,2348,11,396
29,180,396,93
11,29,93,17160
396,11,17160,5330
93,396,5330,4
17160,93,4,33
5330,17160,33,116
4,5330,116,53
33,4,53,2
116,33,2,3254
53,116,3254,9
2,53,9,49
3254,2,49,80
9,3254,80,286
49,9,286,11
80,49,11,282
286,80,282,198
11,286,198,84
282,11,84,65
198,282,65,126
84,198,126,25
65,84,25,7
126,65,7,234
25,126,234,23
7,25,23,526
234,7,526,297
23,234,297,4
526,23,4,2168
297,526,2168,297
4,297,297,2
2168,4,2,103
297,2168,103,1555
2,297,1555,6
103,2,6,67
1555,103,67,17612
6,1555,17612,5
67,6,5,3049
17612,67,3049,924
5,17612,924,62
3049,5,62,55
924,3049,55,1055
62,924,1055,1635
55,62,1635,45
1055,55,45,31
1635,1055,31,25
45,1635,25,18
31,45,18,60
25,31,60,9
18,25,9,105
60,18,105,4935
9,60,4935,8006
105,9,8006,11313
4935,105,11313,51
8006,4935,51,16
11313,8006,16,2169
51,11313,2169,33
16,51,33,1410
2169,16,1410,122
33,2169,122,400
1410,33,400,4
122,1410,4,2177
400,122,2177,12
4,400,12,21391
2177,4,21391,979
12,2177,979,8
21391,12,8,33
979,21391,33,365
8,979,365,15
33,8,15,33
365,33,33,59
15,365,59,33
33,15,33,30
59,33,30,142
33,59,142,3
30,33,3,400
142,30,400,9
3,142,9,92
400,3,92,2037
9,400,2037,5847
92,9,5847,10
2037,92,10,14
5847,2037,14,271
10,5847,271,8
14,10,8,7
271,14,7,2607
8,271,2607,20076
7,8,20076,2
2607,7,2,2
20076,2607,2,545
2,20076,545,6
2,2,6,658
545,2,658,101
6,545,101,578
658,6,578,29
101,658,29,140
578,101,140,59
29,578,59,33
140,29,33,244
59,140,244,10
33,59,10,33
244,33,33,137
10,244,137,6708
33,10,6708,8
137,33,8,160
6708,137,160,505
8,6708,505,24
160,8,24,1932
505,160,1932,61
24,505,61,33
1932,24,33,858
61,1932,858,148
33,61,148,24
858,33,24,1932
148,858,1932,61
24,148,61,33
1932,24,33,1635
61,1932,1635,4
33,61,4,8
1635,33,8,62
4,1635,62,33
8,4,33,660
62,8,660,160
33,62,160,4
660,33,4,25
160,660,25,7
4,160,7,569
25,4,569,424
7,25,424,3
569,7,3,611
424,569,611,8
3,424,8,2467
611,3,2467,1291
8,611,1291,3
2467,8,3,67
1291,2467,67,87977
3,1291,87977,1012
67,3,1012,3
87977,67,3,67
1012,87977,67,959
3,1012,959,578
67,3,578,3
959,67,3,400
578,959,400,907
3,578,907,1587
400,3,1587,2441
907,400,2441,1175
1587,907,1175,195
2441,1587,195,4
1175,2441,4,8599
195,1175,8599,400
4,195,400,210
8599,4,210,19
400,8599,19,210
210,400,210,7
19,210,7,72
210,19,72,1732
7,210,1732,3
72,7,3,543
1732,72,543,645
3,1732,645,63
543,3,63,4
645,543,4,14717
63,645,14717,20
4,63,20,736
14717,4,736,4
20,14717,4,30
736,20,30,18
4,736,18,2780
30,4,2780,2281
18,30,2281,192
2780,18,192,7
2281,2780,7,23
192,2281,23,67
7,192,67,142
23,7,142,4694
67,23,4694,29
142,67,29,30
4694,142,30,821
29,4694,821,295
30,29,295,3
821,30,3,96
295,821,96,507
3,295,507,30
96,3,30,18
507,96,18,336
30,507,336,3830
18,30,3830,4
336,18,4,2237
3830,336,2237,531
4,3830,531,3
2237,4,3,8
531,2237,8,7
3,531,7,30
8,3,30,147
7,8,147,3
30,7,3,103216
147,30,103216,157
3,147,157,30
103216,3,30,147
157,103216,147,3
30,157,3,14287
147,30,14287,70
3,147,70,639
14287,3,639,15
70,14287,15,959
639,70,959,3
15,639,3,2959
959,15,2959,4
3,959,4,543
2959,3,543,7
4,2959,7,485
543,4,485,88
7,543,88,37
485,7,37,20
88,485,20,139
37,88,139,24
20,37,24,7
139,20,7,402
24,139,402,543
7,24,543,4
402,7,4,7
543,402,7,28
4,543,28,3
7,4,3,81
28,7,81,30
3,28,30,147
81,3,147,3
30,81,3,858
147,30,858,2
3,147,2,578
858,3,578,231
2,858,231,20
578,2,20,7
231,578,7,1605
20,231,1605,5
7,20,5,2
1605,7,2,44
5,1605,44,59
2,5,59,7
44,2,7,485
59,44,485,46
7,59,46,4
485,7,4,41
46,485,41,3588
4,46,3588,233
41,4,233,485
3588,41,485,46
233,3588,46,2
485,233,2,465
46,485,465,24
2,46,24,402
465,2,402,543
24,465,543,37
402,24,37,959
543,402,959,2
37,543,2,26
959,37,26,25
2,959,25,37
26,2,37,506
25,26,506,36
37,25,36,57
506,37,57,139
36,506,139,52
57,36,52,33
139,57,33,50
52,139,50,3
33,52,3,1579
50,33,1579,2
3,50,2,199
1579,3,199,5
2,1579,5,2415
199,2,2415,101
5,199,101,84
2415,5,84,959
101,2415,959,40
84,101,40,17
959,84,17,6
40,959,6,172
17,40,172,258
6,17,258,5
172,6,5,38
258,172,38,2478
5,258,2478,29
38,5,29,30
2478,38,30,18
29,2478,18,1326
30,29,1326,2
18,30,2,578
1326,18,578,231
2,1326,231,10
578,2,10,50
231,578,50,760
10,231,760,2
50,10,2,578
760,50,578,101
2,760,101,84
578,2,84,231
101,578,231,720
84,101,720,549
231,84,549,4
720,231,4,11194
549,720,11194,30
4,549,30,244
11194,4,244,6
30,11194,6,2
244,30,2,1265
6,244,1265,347
2,6,347,108
1265,2,108,29
347,1265,29,30
108,347,30,18
29,108,18,104
30,29,104,549
18,30,549,10
104,18,10,3
549,104,3,13543
10,549,13543,1291
3,10,1291,8
13543,3,8,16
1291,13543,16,165
8,1291,165,48
16,8,48,196
165,16,196,2513
48,165,2513,6
196,48,6,236
2513,196,236,7
6,2513,7,242
236,6,242,9533
7,236,9533,565
242,7,565,31
9533,242,31,23
565,9533,23,6
31,565,6,2705
23,31,2705,15
6,23,15,99
2705,6,99,1220
15,2705,1220,23
99,15,23,35
1220,99,35,5
23,1220,5,637
35,23,637,46
5,35,46,3
637,5,3,243
46,637,243,2
3,46,2,18197
243,3,18197,173
2,243,173,12
18197,2,12,38
173,18197,38,743
12,173,743,26
38,12,26,18
743,38,18,103
26,743,103,1015
18,26,1015,203
103,18,203,406
1015,103,406,5
203,1015,5,566
406,203,566,38
5,406,38,4132
566,5,4132,7
38,566,7,2
4132,38,2,205
7,4132,205,4
2,7,4,38
205,2,38,11194
4,205,11194,200
38,4,200,7
11194,38,7,2
200,11194,2,205
7,200,205,33
2,7,33,396
205,2,396,1920
33,205,1920,73
396,33,73,8
1920,396,8,9
73,1920,9,98
8,73,98,241
9,8,241,1088
98,9,1088,5
241,98,5,60
1088,241,60,8006
5,1088,8006,11313
60,5,11313,194
8006,60,194,8
11313,8006,8,459
194,11313,459,7
8,194,7,51
459,8,51,505
7,459,505,59
51,7,59,33
505,51,33,18
59,505,18,480
33,59,480,31
18,33,31,400
480,18,400,3
31,480,3,144
400,31,144,2
3,400,2,347
144,3,347,4
2,144,4,115
347,2,115,685
4,347,685,24
115,4,24,720
685,115,720,549
24,685,549,36
720,24,36,147
549,720,147,3
36,549,3,179
147,36,179,103
3,147,103,262
179,3,262,87
103,179,87,11
262,103,11,36
87,262,36,11
11,87,11,7
36,11,7,118
11,36,118,720
7,11,720,1699
118,7,1699,965
720,118,965,46
1699,720,46,31
965,1699,31,230
46,965,230,21
31,46,21,18
230,31,18,694
21,230,694,3
18,21,3,17
694,18,17,163
3,694,163,12
17,3,12,585
163,17,585,62
12,163,62,115
585,12,115,10
62,585,10,1894
115,62,1894,953
10,115,953,3
1894,10,3,858
953,1894,858,2
3,953,2,578
858,3,578,59
2,858,59,45
578,2,45,31
59,578,31,16
45,59,16,88
31,45,88,253
16,31,253,3
88,16,3,685
253,88,685,132
3,253,132,21
685,3,21,17
132,685,17,458
21,132,458,36
17,21,36,72
458,17,72,132
36,458,132,21
72,36,21,17
132,72,17,7233
21,132,7233,2500
17,21,2500,3
7233,17,3,96
2500,7233,96,160
3,2500,160,505
96,3,505,87
160,96,87,26
505,160,26,219
87,505,219,1065
26,87,1065,12
219,26,12,38
1065,219,38,814
12,1065,814,244
38,12,244,2037
814,38,2037,5847
244,814,5847,8
2037,244,8,2
5847,2037,2,1002
8,5847,1002,194
2,8,194,59
1002,2,59,33
194,1002,33,234
59,194,234,23
33,59,23,120
234,33,120,30
23,234,30,50
120,23,50,66
30,120,66,404
50,30,404,4
66,50,4,33
404,66,33,234
4,404,234,23
33,4,23,120
234,33,120,30
23,234,30,16
120,23,16,84
30,120,84,53
16,30,53,14
84,16,14,2
53,84,2,182
14,53,182,41
2,14,41,7697
182,2,7697,3
41,182,3,1182
7697,41,1182,46
3,7697,46,112
1182,3,112,637
46,1182,637,35422
112,46,35422,8778
637,112,8778,21347
35422,637,21347,112
8778,35422,112,933
21347,8778,933,36
112,21347,36,57
933,112,57,236
36,933,236,5
57,36,5,5097
236,57,5097,270
5,236,270,53
5097,5,53,7
270,5097,7,41
53,270,41,21347
7,53,21347,1074
41,7,1074,6
21347,41,6,8
1074,21347,8,1976
6,1074,1976,62
8,6,62,25
1976,8,25,30
62,1976,30,858
25,62,858,578
30,25,578,7
858,30,7,569
578,858,569,2348
7,578,2348,19
569,7,19,45
2348,569,45,73
19,2348,73,48518
45,19,48518,15980
73,45,15980,4
48518,73,4,57
15980,48518,57,31
4,15980,31,18
57,4,18,1283
31,57,1283,8
18,31,8,30
1283,18,30,55
8,1283,55,1635
30,8,1635,8652
55,30,8652,639
1635,55,639,4
8652,1635,4,30
639,8652,30,55
