307,3,142,436
22,307,436,766
142,22,766,11
436,142,11,1439
766,436,1439,27
11,766,27,3
1439,11,3,96
27,1439,96,166
3,27,166,11768
96,3,11768,1110
166,96,1110,15
11768,166,15,39
1110,11768,39,249
15,1110,249,60
39,15,60,88
249,39,88,4254
60,249,4254,11
88,60,11,704
4254,88,704,27
11,4254,27,9
704,11,9,2966
27,704,2966,79026
9,27,79026,3
2966,9,3,8633
79026,2966,8633,1490
3,79026,1490,5
8633,3,5,159
1490,8633,159,9060
5,1490,9060,158
159,5,158,562
9060,159,562,102090
158,9060,102090,12609
562,158,12609,5211
102090,562,5211,411
12609,102090,411,19
5211,12609,19,6655
411,5211,6655,3
19,411,3,9060
6655,19,9060,690
3,6655,690,1824
9060,3,1824,12
690,9060,12,473
1824,690,473,22
12,1824,22,11200
473,12,11200,5
22,473,5,11831
11200,22,11831,3768
5,11200,3768,7
11831,5,7,21
3768,11831,21,6
7,3768,6,1764
21,7,1764,5
6,21,5,47340
1764,6,47340,357
5,1764,357,68
47340,5,68,1566
357,47340,1566,357
68,357,357,170
1566,68,170,26
357,1566,26,20713
170,357,20713,27
26,170,27,3
20713,26,3,1406
27,20713,1406,15
3,27,15,2
1406,3,2,2636
15,1406,2636,5037
2,15,5037,3369
2636,2,3369,7977
5037,2636,7977,690
3369,5037,690,13
7977,3369,13,2721
690,7977,2721,79
13,690,79,5523
2721,13,5523,5
79,2721,5,13694
5523,79,13694,12404
5,5523,12404,16123
13694,5,16123,37
12404,13694,37,616
16123,12404,616,177
37,16123,177,15
616,37,15,27
177,616,27,2
15,177,2,387
27,15,387,305
2,27,305,13
387,2,13,472
305,387,472,690
13,305,690,704
472,13,704,89
690,472,89,2290
704,690,2290,12
89,704,12,105
2290,89,105,2782
12,2290,2782,4
105,12,4,140
2782,105,140,317
4,2782,317,30375
140,4,30375,132
317,140,132,160
30375,317,160,429
132,30375,429,10
160,132,10,80
429,160,80,451
10,429,451,690
80,10,690,34
451,80,34,1166
690,451,1166,7483
34,690,7483,578
1166,34,578,4
7483,1166,4,44
578,7483,44,11
4,578,11,100
44,4,100,208
11,44,208,106
100,11,106,9
208,100,9,27
106,208,27,52
9,106,52,11
27,9,11,58
52,27,58,84140
11,52,84140,8
58,11,8,323
84140,58,323,149
8,84140,149,10
323,8,10,635
149,323,635,5421
10,149,5421,27
635,10,27,31
5421,635,31,23
27,5421,23,20
31,27,20,173
23,31,173,7
20,23,7,86
173,20,86,2
7,173,2,410
86,7,410,289
2,86,289,192
410,2,192,351
289,410,351,24
192,289,24,12872
351,192,12872,61
24,351,61,202
12872,24,202,127
61,12872,127,2880
202,61,2880,73
127,202,73,25
2880,127,25,90
73,2880,90,58
25,73,58,492
90,25,492,678
58,90,678,690
492,58,690,7
678,492,7,541
690,678,541,3
7,690,3,2068
541,7,2068,838
3,541,838,196
2068,3,196,500
838,2068,500,15
196,838,15,196
500,196,196,334
15,500,334,3
196,15,3,96
334,196,96,2
3,334,2,72137
96,3,72137,10
2,96,10,230
72137,2,230,25
10,72137,25,7
230,10,7,276
25,230,276,690
7,25,690,2
276,7,2,334
690,276,334,361
2,690,361,152
334,2,152,3169
361,334,3169,23
152,361,23,2
3169,152,2,60
23,3169,60,59
2,23,59,202
60,2,202,492
59,60,492,132
202,59,132,17
492,202,17,14515
132,492,14515,74
17,132,74,10
14515,17,10,1244
74,14515,1244,52
10,74,52,53
1244,10,53,2
52,1244,2,3405
53,52,3405,23
2,53,23,2
3405,2,2,4229
23,3405,4229,440
2,23,440,894
4229,2,894,55
440,4229,55,492
894,440,492,800
55,894,800,2
492,55,2,2
800,492,2,2132
2,800,2132,27
2,2,27,1099
2132,2,1099,52
27,2132,52,547
1099,27,547,202
52,1099,202,14
547,52,14,3
202,547,3,2152
14,202,2152,4
3,14,4,662
2152,3,662,10
4,2152,10,83
662,4,83,2694
10,662,2694,94
83,10,94,31
2694,83,31,230
94,2694,230,8
31,94,8,51124
230,31,51124,305
8,230,305,36
51124,8,36,638
305,51124,638,193
36,305,193,690
638,36,690,208
193,638,208,182
690,193,182,3
208,690,3,27
182,208,27,25
3,182,25,690
27,3,690,132
25,27,132,17
690,25,17,8638
132,690,8638,2017
17,132,2017,491
8638,17,491,2
2017,8638,2,4
491,2017,4,1099
2,491,1099,1112
4,2,1112,22
1099,4,22,381
1112,1099,381,1169
22,1112,1169,357
21,584,11,147
25,21,147,3
11,25,3,516
147,11,516,62
3,147,62,11
516,3,11,14
62,516,14,3
11,62,3,1020
14,11,1020,58
3,14,58,11
1020,3,11,13
58,1020,13,363
11,58,363,40199
13,11,40199,27
363,13,27,44
40199,363,44,11
27,40199,11,14
44,27,14,3
11,44,3,7759
14,11,7759,240
3,14,240,9
7759,3,9,39
240,7759,39,603
9,240,603,163
39,9,163,20418
603,39,20418,151
163,603,151,15
20418,163,15,45
151,20418,45,9
15,151,9,70
45,15,70,107
9,45,107,24
70,9,24,197
107,70,197,3509
24,107,3509,15
197,24,15,527
3509,197,527,6
15,3509,6,725
527,15,725,5
6,527,5,43
725,6,43,587
5,725,587,212
43,5,212,6
587,43,6,197
212,587,197,473
6,212,473,3
197,6,3,251
473,197,251,9
3,473,9,233
251,3,233,3
9,251,3,276
233,9,276,1372
3,233,1372,2843
276,3,2843,3
1372,276,3,98
2843,1372,98,499
3,2843,499,243
98,3,243,3188
499,98,3188,19
243,499,19,63
3188,243,63,71
19,3188,71,3
63,19,3,2700
71,63,2700,389
3,71,389,5
2700,3,5,4223
389,2700,4223,53128
5,389,53128,71
4223,5,71,13
53128,4223,13,627
71,53128,627,3
13,71,3,4723
627,13,4723,22
3,627,22,1387
4723,3,1387,1445
22,4723,1445,3
1387,22,3,2061
1445,1387,2061,2
3,1445,2,3966
2061,3,3966,9
2,2061,9,587
3966,2,587,212
9,3966,212,279
587,9,279,4223
212,587,4223,1945
279,212,1945,2
4223,279,2,222
1945,4223,222,9120
2,1945,9120,31
222,2,31,210
9120,222,210,74
31,9120,74,1180
210,31,1180,84
74,210,84,11
1180,74,11,72
84,1180,72,147
11,84,147,3
72,11,3,516
147,72,516,229
3,147,229,3
516,3,3,666
229,516,666,3
3,229,3,465
666,3,465,58
3,666,58,387
465,3,387,15
58,465,15,1306
387,58,1306,36
15,387,36,96
1306,15,96,10
36,1306,10,2
96,36,2,11254
10,96,11254,12034
2,10,12034,105
11254,2,105,97488
12034,11254,97488,265
105,12034,265,58
97488,105,58,18
265,97488,18,260
58,265,260,28
18,58,28,26
260,18,26,34
28,260,34,21
26,28,21,2216
34,26,2216,2
21,34,2,39
2216,21,39,587
2,2216,587,212
39,2,212,279
587,39,279,126
212,587,126,20
279,212,20,848
126,279,848,127
20,126,127,85
848,20,85,398
127,848,398,8
85,127,8,39
398,85,39,2857
8,398,2857,77
39,8,77,5856
2857,39,5856,212
77,2857,212,1449
5856,77,1449,5
212,5856,5,191
1449,212,191,24
5,1449,24,222
191,5,222,3
24,191,3,521
222,24,521,9
3,222,9,99
521,3,99,60
9,521,60,6
99,9,6,568
60,99,568,53
6,60,53,7
568,6,7,334
53,568,334,337
7,53,337,3
334,7,3,113
337,334,113,58
3,337,58,16
113,3,16,51678
58,113,51678,25
16,58,25,137
51678,16,137,58
25,51678,58,72
137,25,72,947
58,137,947,6
72,58,6,4
947,72,4,947
6,947,947,63
4,6,63,71
947,4,71,924
63,947,924,3
71,63,3,25
924,71,25,8
3,924,8,44
25,3,44,963
8,25,963,24839
44,8,24839,2
963,44,2,105
24839,963,105,1100
2,24839,1100,23
105,2,23,701
1100,105,701,1338
23,1100,1338,393
701,23,393,6
1338,701,6,76003
393,1338,76003,8
6,393,8,549
76003,6,549,371
8,76003,371,71
549,8,71,15
371,549,15,2
71,371,2,1747
15,71,1747,655
2,15,655,51
1747,2,51,115
655,1747,115,11
51,655,11,14
115,51,14,3
11,115,3,44547
14,11,44547,11
3,14,11,396
44547,3,396,163
11,44547,163,265
396,11,265,3
163,396,3,106
265,163,106,12
3,265,12,22
106,3,22,287
12,106,287,29
22,12,29,11
287,22,11,55
29,287,55,91
11,29,91,58
55,11,58,9997
91,55,9997,3
58,91,3,2448
9997,58,2448,166
3,9997,166,1020
2448,3,1020,82
166,2448,82,86
1020,166,86,1555
82,1020,1555,1131
86,82,1131,3
1555,86,3,89
1131,1555,89,76
3,1131,76,162
89,3,162,18
76,89,18,1188
162,76,1188,403
18,162,403,8
1188,18,8,58
403,1188,58,34
8,403,34,23
58,8,23,275
34,58,275,609
23,34,609,2
275,23,2,1107
609,275,1107,80
2,609,80,52
1107,2,52,26
80,1107,26,1365
52,80,1365,71
26,52,71,14534
1365,26,14534,80
71,1365,80,52
14534,71,52,22
80,14534,22,287
52,80,287,115
22,52,115,80
287,22,80,93
115,287,93,2
80,115,2,1107
93,80,1107,71
2,93,71,55
1107,2,55,96
71,1107,96,2
55,71,2,304
96,55,304,11
2,96,11,77
304,2,77,243
11,304,243,1020
77,11,1020,12
243,77,12,58
1020,243,58,19
12,1020,19,3099
58,12,3099,2
19,58,2,1058
3099,19,1058,212
2,3099,212,741
1058,2,741,31
212,1058,31,13
741,212,13,260
31,741,260,1920
13,31,1920,2
260,13,2,7222
1920,260,7222,5392
2,1920,5392,428
7222,2,428,36
5392,7222,36,11
428,5392,11,77
36,428,77,243
11,36,243,1020
77,11,1020,12
243,77,12,81
1020,243,81,19
12,1020,19,2677
81,12,2677,56
19,81,56,2
2677,19,2,435
56,2677,435,6
2,56,6,729
435,2,729,5
6,435,5,2
729,6,2,1602
5,729,1602,3310
2,5,3310,53522
1602,2,53522,11
3310,1602,11,77
53522,3310,77,25
11,53522,25,52012
77,11,52012,5
25,77,5,719
52012,25,719,94
5,52012,94,3
719,5,3,1603
94,719,1603,1945
3,94,1945,7
1603,3,7,847
1945,1603,847,5
7,1945,5,3047
847,7,3047,3489
5,847,3489,212
3047,5,212,741
3489,3047,741,2900
212,3489,2900,95922
741,212,95922,31
2900,741,31,14
95922,2900,14,1298
31,95922,1298,19
14,31,19,265
1298,14,265,3
19,1298,3,6
265,19,6,132
3,265,132,2
6,3,2,58
132,6,58,4953
2,132,4953,13
58,2,13,1439
4953,58,1439,2
13,4953,2,1011
1439,13,1011,94
2,1439,94,3
1011,2,3,3787
94,1011,3787,49
3,94,49,84030
3787,3,84030,178
49,3787,178,8
84030,49,8,12334
178,84030,12334,3991
8,178,3991,12
12334,8,12,22973
3991,12334,22973,77
12,3991,77,96
22973,12,96,10
77,22973,10,4461
96,77,4461,9
10,96,9,1325
4461,10,1325,3
9,4461,3,1365
1325,9,1365,2
3,1325,2,106
1365,3,106,12
2,1365,12,22
106,2,22,499
12,106,499,425
22,12,425,90709
499,22,90709,230
425,499,230,21
90709,425,21,17
230,90709,17,6
21,230,6,98
17,21,98,3326
6,17,3326,3
98,6,3,671
3326,98,671,525
3,3326,525,301
671,3,301,80
525,671,80,820
301,525,820,105
80,301,105,6462
820,80,6462,5
105,820,5,4909
6462,105,4909,1945
5,6462,1945,389
4909,5,389,58
1945,4909,58,16
389,1945,16,165
58,389,165,17020
16,58,17020,74
165,16,74,162
17020,165,162,317
74,17020,317,6
162,74,6,3
317,162,3,2201
6,317,2201,4953
3,6,4953,9
2201,3,9,1058
4953,2201,1058,212
9,4953,212,227
1058,9,227,741
212,1058,741,156
227,212,156,741
741,227,741,55
156,741,55,84
741,156,84,17
55,741,17,1507
84,55,1507,19
17,84,19,2
1507,17,2,1357
19,1507,1357,408
2,19,408,106
1357,2,106,286
408,1357,286,587
106,408,587,212
286,106,212,279
587,286,279,165
212,587,165,327
279,212,327,1097
165,279,1097,3835
327,165,3835,3
1097,327,3,2754
3835,1097,2754,2
3,3835,2,64956
2754,3,64956,50
2,2754,50,4237
64956,2,4237,37
50,64956,37,160
4237,50,160,197
37,4237,197,259
160,37,259,425
197,160,425,4
259,197,4,8
425,259,8,11409
4,425,11409,837
8,4,837,77
11409,8,77,17
837,11409,17,2
77,837,2,1002
17,77,1002,3423
2,17,3423,9
1002,2,9,98
3423,1002,98,71
9,3423,71,30255
98,9,30255,71
71,98,71,13
30255,71,13,260
71,30255,260,146
13,71,146,135
260,13,135,5469
146,260,5469,408
135,146,408,12
5469,135,12,1610
408,5469,1610,5
12,408,5,226
1610,12,226,3489
5,1610,3489,212
226,5,212,259
3489,226,259,383
212,3489,383,58
259,212,58,16
383,259,16,1598
58,383,1598,3
16,58,3,276
1598,16,276,6
3,1598,6,12
276,3,12,1945
6,276,1945,3966
12,6,3966,59226
1945,12,59226,77
3966,1945,77,345
59226,3966,345,71
77,59226,71,3
345,77,3,2061
71,345,2061,4
3,71,4,8296
2061,3,8296,521
4,2061,521,94
8296,4,94,501
521,8296,501,105
94,521,105,6249
501,94,6249,24
105,501,24,10111
6249,105,10111,499
24,6249,499,3
10111,24,3,248
499,10111,248,1590
3,499,1590,114
248,3,114,3
1590,248,3,199
114,1590,199,6
3,114,6,25613
199,3,25613,71
6,199,71,116
25613,6,116,9
71,25613,9,507
116,71,507,8
9,116,8,22
507,9,22,1306
8,507,1306,7
22,8,7,21
1306,22,21,110
7,1306,110,3
21,7,3,93
110,21,93,2925
3,110,2925,1050
93,3,1050,11
2925,93,11,55
1050,2925,55,155
11,1050,155,15
55,11,15,480
155,55,480,31
15,155,31,276
480,15,276,22
31,480,22,97
276,31,97,4011
22,276,4011,105
97,22,105,3325
4011,97,3325,863
105,4011,863,259
3325,105,259,892
863,3325,892,70390
259,863,70390,105
892,259,105,10022
70390,892,10022,628
105,70390,628,3
10022,105,3,123
628,10022,123,405
3,628,405,499
123,3,499,10
405,123,10,34
499,405,34,253
10,499,253,18
34,10,18,2454
253,34,2454,1359
18,253,1359,9
2454,18,9,1387
1359,2454,1387,141
9,1359,141,6
1387,9,6,226
141,1387,226,4994
6,141,4994,139
226,6,139,24
4994,226,24,69
139,4994,69,1435
24,139,1435,4
69,24,4,7256
1435,69,7256,297
4,1435,297,3
7256,4,3,665
297,7256,665,574
3,297,574,4
665,3,4,373
574,665,373,1167
4,574,1167,863
373,4,863,3513
1167,373,3513,43617
863,1167,43617,2
3513,863,2,1051
43617,3513,1051,23
2,43617,23,2405
1051,2,2405,393
23,1051,393,391
2405,23,391,5
393,2405,5,141
391,393,141,6
5,391,6,4
141,5,4,61372
6,141,61372,716
4,6,716,131
61372,4,131,1471
716,61372,1471,774
131,716,774,171
1471,131,171,1196
774,1471,1196,252
171,774,252,62
1196,171,62,344
252,1196,344,2217
62,252,2217,499
344,62,499,50
2217,344,50,2
499,2217,2,1051
50,499,1051,24839
2,50,24839,5
1051,2,5,701
24839,1051,701,1338
5,24839,1338,393
701,5,393,15
1338,701,15,2
393,1338,2,127
15,393,127,85
2,15,85,5320
127,2,5320,26
85,127,26,6641
5320,85,6641,119
26,5320,119,111
6641,26,111,101
119,6641,101,84
111,119,84,4
101,111,4,26
84,101,26,25
4,84,25,14
26,4,14,3
25,26,3,689
14,25,689,20
4190,1039,709,1213
5,4190,1213,31
709,5,31,709
1213,709,709,35
31,1213,35,1014
709,31,1014,44
35,709,44,13
1014,35,13,210
44,1014,210,1023
13,44,1023,3
210,13,3,2557
1023,210,2557,250
3,1023,250,748
2557,3,748,6
250,2557,6,311
748,250,311,389
6,748,389,122
311,6,122,2594
389,311,2594,16369
122,389,16369,578
2594,122,578,23
16369,2594,23,70492
578,16369,70492,136
23,578,136,25
70492,23,25,33
136,70492,33,116
25,136,116,37
33,25,37,709
116,33,709,1213
37,116,1213,123
709,37,123,67
1213,709,67,93261
123,1213,93261,20
67,123,20,442
93261,67,442,860
20,93261,860,109
442,20,109,1057
860,442,1057,1089
109,860,1089,1039
1057,109,1039,4190
1089,1057,4190,5
1039,1089,5,709
4190,1039,709,1213
5,4190,1213,101
709,5,101,628
1213,709,628,15
101,1213,15,43
628,101,43,63
15,628,63,617
43,15,617,71
63,43,71,171
617,63,171,4079
71,617,4079,9644
171,71,9644,23
4079,171,23,3682
9644,4079,3682,7231
23,9644,7231,5
3682,23,5,1039
7231,3682,1039,10013
5,7231,10013,414
1039,5,414,1922
10013,1039,1922,6
414,10013,6,5089
1922,414,5089,709
6,1922,709,1213
5089,6,1213,12
709,5089,12,341
1213,709,341,466
12,1213,466,3394
341,12,3394,109
466,341,109,709
3394,466,709,35
109,3394,35,1014
709,109,1014,425
35,709,425,1039
1014,35,1039,4190
425,1014,4190,210
1039,425,210,23
4190,1039,23,406
210,4190,406,5
23,210,5,1213
406,23,1213,1039
5,406,1039,4190
1213,5,4190,921
1039,1213,921,43
4190,1039,43,2081
921,4190,2081,31
43,921,31,1443
2081,43,1443,197
31,2081,197,431
1443,31,431,102
197,1443,102,9607
431,197,9607,4
102,431,4,1023
9607,102,1023,3
4,9607,3,12182
1023,4,12182,19011
3,1023,19011,449
12182,3,449,2892
19011,12182,2892,15
449,19011,15,9467
2892,449,9467,29
15,2892,29,851
9467,15,851,683
29,9467,683,211
851,29,211,25626
683,851,25626,555
211,683,555,1189
25626,211,1189,2281
555,25626,2281,9
1189,555,9,225
2281,1189,225,13
9,2281,13,210
225,9,210,184
13,225,184,3
210,13,3,709
184,210,709,35
3,184,35,101482
709,3,101482,65
35,709,65,22
101482,35,22,8624
65,101482,8624,4
22,65,4,22008
8624,22,22008,4136
4,8624,4136,4190
22008,4,4190,32431
4136,22008,32431,4216
4190,4136,4216,22
32431,4190,22,13253
4216,32431,13253,226
22,4216,226,2829
13253,22,2829,405
226,13253,405,424
2829,226,424,3
405,2829,3,1877
424,405,1877,311
3,424,311,389
1877,3,389,22
311,1877,22,2777
389,311,2777,14
22,389,14,3
2777,22,3,2557
14,2777,2557,748
3,14,748,5
2557,3,5,970
748,2557,970,3245
5,748,3245,3650
970,5,3650,250
3245,970,250,5286
3650,3245,5286,10
250,3650,10,630
5286,250,630,3
10,5286,3,96
630,10,96,1108
3,630,1108,11
96,3,11,4
