4,9901,177,36
514,4,36,48
177,514,48,5
36,177,5,38
48,36,38,2294
5,48,2294,1098
38,5,1098,5410
2294,38,5410,12
1098,2294,12,2730
5410,1098,2730,28
12,5410,28,3
2730,12,3,513
28,2730,513,9
3,28,9,1425
513,3,1425,694
9,513,694,5044
1425,9,5044,4
694,1425,4,9
5044,694,9,44188
4,5044,44188,51
9,4,51,660
44188,9,660,34
51,44188,34,104
660,51,104,18
34,660,18,12
104,34,12,450
18,104,450,104995
12,18,104995,1559
450,12,1559,929
104995,450,929,4
1559,104995,4,3413
929,1559,3413,1356
4,929,1356,351
3413,4,351,24
1356,3413,24,402
351,1356,402,2
24,351,2,2162
402,24,2162,29
2,402,29,52
2162,2,52,26
29,2162,26,48
52,29,48,16
26,52,16,1403
48,26,1403,4176
16,48,4176,4
1403,16,4,412
4176,1403,412,41
4,4176,41,7
412,4,7,42
41,412,42,6
7,41,6,5261
42,7,5261,26
6,42,26,34
5261,6,34,18
26,5261,18,236
34,26,236,1473
18,34,1473,12
236,18,12,2
1473,236,2,1082
12,1473,1082,3
2,12,3,2020
1082,2,2020,231
3,1082,231,1304
2020,3,1304,832
231,2020,832,1304
1304,231,1304,2096
832,1304,2096,19
1304,832,19,511
2096,1304,511,65
19,2096,65,1304
511,19,1304,2645
65,511,2645,588
1304,65,588,1283
2645,1304,1283,20
588,2645,20,301
1283,588,301,10
20,1283,10,7300
301,20,7300,2173
10,301,2173,937
7300,10,937,2045
2173,7300,2045,23
937,2173,23,8927
2045,937,8927,1418
23,2045,1418,4
8927,23,4,9459
1418,8927,9459,315
4,1418,315,52
9459,4,52,937
315,9459,937,16
52,315,16,303
937,52,303,61
16,937,61,23
303,16,23,7439
61,303,7439,11667
23,61,11667,2
7439,23,2,76
11667,7439,76,913
2,11667,913,99
76,2,99,40
913,76,40,154
99,913,154,6
40,99,6,51
154,40,51,276
6,154,276,45
51,6,45,403
276,51,403,8
45,276,8,20
403,45,20,34
8,403,34,106698
20,8,106698,188
34,20,188,4317
106698,34,4317,1461
188,106698,1461,363
4317,188,363,1302
1461,4317,1302,42
363,1461,42,5
1302,363,5,88
42,1302,88,344
5,42,344,7
88,5,7,2
344,88,2,160
7,344,160,6
2,7,6,2252
160,2,2252,3836
6,160,3836,8
2252,6,8,370
3836,2252,370,819
8,3836,819,12447
370,8,12447,16
819,370,16,1136
12447,819,1136,388
16,12447,388,2
1136,16,2,288
388,1136,288,2281
2,388,2281,383
288,2,383,97329
2281,288,97329,66019
383,2281,66019,2
97329,383,2,754
66019,97329,754,188
2,66019,188,4317
754,2,4317,15
188,754,15,108
4317,188,108,1071
15,4317,1071,1288
108,15,1288,6
1071,108,6,197
1288,1071,197,31
6,1288,31,345
197,6,345,4
31,197,4,414
345,31,414,6167
4,345,6167,3458
414,4,3458,3876
6167,414,3876,4
3458,6167,4,315
3876,3458,315,3
4,3876,3,5360
315,4,5360,81
3,315,81,6
5360,3,6,1345
81,5360,1345,74
6,81,74,60
1345,6,60,426
74,1345,426,18
60,74,18,247
426,60,247,41
18,426,41,1471
247,18,1471,5
41,247,5,62
1471,41,62,450
5,1471,450,2020
62,5,2020,7
450,62,7,4994
2020,450,4994,81
7,2020,81,4
4994,7,4,4981
81,4994,4981,5044
4,81,5044,16
4981,4,16,470
5044,4981,470,514
16,5044,514,4124
470,16,4124,65
514,470,65,90
4124,514,90,13
65,4124,13,2342
90,65,2342,2
13,90,2,905
2342,13,905,90
2,2342,90,1561
905,2,1561,25
90,905,25,73160
1561,90,73160,8
25,1561,8,983
73160,25,983,132
8,73160,132,21
983,8,21,17
132,983,17,362
21,132,362,57
17,21,57,653
362,17,653,700
57,362,700,10903
653,57,10903,1975
700,653,1975,12
10903,700,12,754
1975,10903,754,160
12,1975,160,13
754,12,13,383
160,754,383,8
13,160,8,3
383,13,3,514
8,383,514,2020
3,8,2020,3
514,3,3,1304
2020,514,1304,832
3,2020,832,19
1304,3,19,426
832,1304,426,34
19,832,34,147
426,19,147,103
34,426,103,41
147,34,41,11533
103,147,11533,6
41,103,6,38
11533,41,38,41316
6,11533,41316,91
38,6,91,5
41316,38,5,17899
91,41316,17899,1984
5,91,1984,15
17899,5,15,12828
1984,17899,12828,5300
15,1984,5300,2294
12828,15,2294,4
5300,12828,4,62448
2294,5300,62448,8
4,2294,8,2276
62448,4,2276,4326
8,62448,4326,161
2276,8,161,16
4326,2276,16,1534
161,4326,1534,4
16,161,4,9
1534,16,9,84
4,1534,84,1343
9,4,1343,7
84,9,7,1131
1343,84,1131,12
7,1343,12,2
1131,7,2,529
12,1131,529,53106
2,12,53106,51
529,2,51,16
53106,529,16,1841
51,53106,1841,4242
16,51,4242,3
1841,16,3,45495
4242,1841,45495,1170
3,4242,1170,2040
45495,3,2040,7
1170,45495,7,246
2040,1170,246,62
7,2040,62,136
246,7,136,4298
62,246,4298,34
136,62,34,17
4298,136,17,5690
34,4298,5690,9
17,34,9,2392
5690,17,2392,426
9,5690,426,4
2392,9,4,51
426,2392,51,1026
4,426,1026,5
51,4,5,5351
1026,51,5351,230
5,1026,230,53
5351,5,53,17
230,5351,17,9
53,230,9,861
17,53,861,4
9,17,4,1072
861,9,1072,2392
4,861,2392,426
1072,4,426,165
2392,1072,165,18
426,2392,18,967
165,426,967,37
18,165,37,2903
967,18,2903,5
37,967,5,268
2903,37,268,1559
5,2903,1559,24
268,5,24,1419
1559,268,1419,426
24,1559,426,3
1419,24,3,443
426,1419,443,656
3,426,656,3
443,3,3,4298
656,443,4298,9
3,656,9,27843
4298,3,27843,753
9,4298,753,6
27843,9,6,1419
753,27843,1419,226
6,753,226,1098
1419,6,1098,591
226,1419,591,19
1098,226,19,80
591,1098,80,59
19,591,59,8
80,19,8,7
59,80,7,1118
8,59,1118,194
7,8,194,469
1118,7,469,37
194,1118,37,51
469,194,51,663
37,469,663,2392
51,37,2392,426
663,51,426,16
2392,663,16,615
426,2392,615,9
16,426,9,1200
615,16,1200,8
9,615,8,1337
1200,9,1337,20
8,1200,20,248
1337,8,248,34
20,1337,34,218
248,20,218,4
34,248,4,73178
218,34,73178,861
4,218,861,4
73178,4,4,1072
861,73178,1072,43
4,861,43,9
1072,4,9,1430
43,1072,1430,7
9,43,7,400
1430,9,400,3
7,1430,3,1061
400,7,1061,8
3,400,8,588
1061,3,588,13
8,1061,13,64
588,8,64,1200
13,588,1200,8
64,13,8,4244
1200,64,4244,13912
8,1200,13912,4472
4244,8,4472,12
13912,4244,12,177
4472,13912,177,5
12,4472,5,2178
177,12,2178,426
5,177,426,9
2178,5,9,1072
426,2178,1072,450
9,426,450,2020
1072,9,2020,7756
450,1072,7756,12
2020,450,12,2392
7756,2020,2392,426
12,7756,426,8
2392,12,8,139
426,2392,139,132
8,426,132,5878
139,8,5878,764
132,139,764,153
5878,132,153,5
764,5878,5,358
153,764,358,3
5,153,3,93
358,5,93,12712
3,358,12712,56
93,3,56,383
12712,93,383,27041
56,12712,27041,9265
383,56,9265,15
27041,383,15,637
9265,27041,637,5
15,9265,5,1229
637,15,1229,1100
5,637,1100,6
1229,5,6,197
1100,1229,197,190
6,1100,190,139
197,6,139,7
190,197,7,1670
139,190,1670,175
7,139,175,1559
1670,7,1559,4
175,1670,4,2294
1559,175,2294,3039
4,1559,3039,816
2294,4,816,3
3039,2294,3,243
816,3039,243,1473
3,816,1473,12
243,3,12,832
1473,243,832,1082
12,1473,1082,4
832,12,4,62
1082,832,62,8
4,1082,8,34
62,4,34,17
8,62,17,1823
34,8,1823,1952
17,34,1952,9
1823,17,9,76
1952,1823,76,1026
9,1952,1026,5
76,9,5,937
1026,76,937,428
5,1026,428,34
937,5,34,154
428,937,154,56
34,428,56,5
154,34,5,358
56,154,358,371
5,56,371,9265
358,5,9265,9899
371,358,9899,62
9265,371,62,26
9899,9265,26,16
62,9899,16,14972
26,62,14972,4
16,26,4,62
14972,16,62,1566
4,14972,1566,26
62,4,26,34
1566,62,34,17
26,1566,17,4
34,26,4,229
17,34,229,26
4,17,26,245
229,4,245,392
26,229,392,4
245,26,4,1766
392,245,1766,3
4,392,3,524
1766,4,524,142
3,1766,142,4
524,3,4,234
142,524,234,23
4,142,23,20
234,4,20,285
23,234,285,6
20,23,6,378
285,20,378,36
6,285,36,566
378,6,566,66
36,378,66,82
566,36,82,8
66,566,8,2
82,66,2,194
8,82,194,11
2,8,11,44
259,20,47,103086
13,259,103086,27
47,13,27,307
103086,47,307,2
27,103086,2,750
307,27,750,24
2,307,24,22
750,2,22,520
24,750,520,1395
22,24,1395,12
520,22,12,429
1395,520,429,8
12,1395,8,6144
429,12,6144,22
8,429,22,759
6144,8,759,1677
22,6144,1677,7580
759,22,7580,254
1677,759,254,11
7580,1677,11,123
254,7580,123,2
11,254,2,34308
123,11,34308,717
2,123,717,4
34308,2,4,7
717,34308,7,18695
4,717,18695,29
7,4,29,1506
18695,7,1506,7
29,18695,7,6
1506,29,6,3665
7,1506,3665,1677
6,7,1677,69228
3665,6,69228,1731
1677,3665,1731,284
69228,1677,284,5
1731,69228,5,7580
284,1731,7580,12
5,284,12,651
7580,5,651,11009
12,7580,11009,62
651,12,62,12
11009,651,12,429
62,11009,429,1921
12,62,1921,254
429,12,254,8
1921,429,8,127
254,1921,127,94
8,254,94,18
127,8,18,4
94,127,4,2601
18,94,2601,3
4,18,3,114
2601,4,114,3
3,2601,3,17
114,3,17,2111
3,114,2111,4
17,3,4,8
2111,17,8,11
4,2111,11,488
8,4,488,73
11,8,73,11
488,11,11,7
73,488,7,165
11,73,165,6
7,11,6,22
165,7,22,33
6,165,33,415
22,6,415,438
33,22,438,9
415,33,9,63
438,415,63,7
9,438,7,113
63,9,113,33
7,63,33,18
113,7,18,4
33,113,4,2601
18,33,2601,3
4,18,3,17
2601,4,17,2111
3,2601,2111,7
17,3,7,72
2111,17,72,25
7,2111,25,113
72,7,113,33
25,72,33,55
113,25,55,25
33,113,25,179
55,33,179,52
25,55,52,33
179,25,33,415
52,179,415,21
33,52,21,2111
415,33,2111,7
21,415,7,25
2111,21,25,113
7,2111,113,33
25,7,33,55
113,25,55,929
33,113,929,133
55,33,133,3707
929,55,3707,52
133,929,52,33
3707,133,33,415
52,3707,415,21
33,52,21,2
415,33,2,2111
21,415,2111,417
2,21,417,27
2111,2,27,28
417,2111,28,12
27,417,12,283
28,27,283,18907
12,28,18907,1197
283,12,1197,8
18907,283,8,128
1197,18907,128,60
8,1197,60,11
128,8,11,14
60,128,14,12101
11,60,12101,14
14,11,14,59
12101,14,59,11
14,12101,11,13
59,14,13,22
11,59,22,16672
13,11,16672,1300
22,13,1300,23
16672,22,23,406
1300,16672,406,40113
23,1300,40113,750
406,23,750,7
40113,406,7,1355
750,40113,1355,19
7,750,19,27
1355,7,27,548
19,1355,548,1927
27,19,1927,1395
548,27,1395,9448
1927,548,9448,3704
1395,1927,3704,12941
9448,1395,12941,2
3704,9448,2,66767
12941,3704,66767,4317
2,12941,4317,23
66767,2,23,22301
4317,66767,22301,1228
23,4317,1228,1572
22301,23,1572,6
1228,22301,6,39
1572,1228,39,249
6,1572,249,750
39,6,750,35
249,39,35,8
750,249,8,27
35,750,27,7
8,35,7,548
27,8,548,3604
7,27,3604,6348
548,7,6348,4185
3604,548,4185,4
6348,3604,4,3762
4185,6348,3762,4592
4,4185,4592,395
3762,4,395,89
4592,3762,89,18695
395,4592,18695,4
89,395,4,12
18695,89,12,5589
4,18695,5589,5
12,4,5,118
5589,12,118,6743
5,5589,6743,9
118,5,9,22
6743,118,22,3925
9,6743,3925,27
22,9,27,28
3925,22,28,6
27,3925,6,407
28,27,407,8
6,28,8,11
407,6,11,40
8,407,40,73
11,8,73,3
40,11,3,689
73,40,689,3
3,73,3,4592
689,3,4592,29
3,689,29,8
4592,3,8,2829
29,4592,2829,861
8,29,861,13
2829,8,13,445
861,2829,445,47
13,861,47,831
445,13,831,9
47,445,9,89
831,47,89,87
9,831,87,5
89,9,5,22
87,89,22,78167
5,87,78167,750
22,5,750,68
78167,22,68,590
750,78167,590,284
68,750,284,5
590,68,5,264
284,590,264,4876
5,284,4876,930
264,5,930,54
4876,264,54,12941
930,4876,12941,44
54,930,44,16
12941,54,16,48
44,12941,48,474
16,44,474,1919
48,16,1919,1573
474,48,1573,750
1919,474,750,44
1573,1919,44,8
750,1573,8,27
44,750,27,123
8,44,123,2
27,8,2,12806
123,27,12806,2
2,123,2,717
12806,2,717,9
2,12806,9,7474
717,2,7474,6316
9,717,6316,525
7474,9,525,15
6316,7474,15,2
525,6316,2,762
15,525,762,115
2,15,115,5
762,2,5,23613
115,762,23613,171
5,115,171,358
23613,5,358,62
171,23613,62,27
358,171,27,28
62,358,28,8
27,62,8,161
28,27,161,5
8,28,5,22
161,8,22,804
5,161,804,244
22,5,244,3
804,22,3,4
244,804,4,547
3,244,547,406
4,3,406,4
547,4,4,90
406,547,90,5
4,406,5,22
90,4,22,1010
5,90,1010,2291
22,5,2291,6
1010,22,6,11211
2291,1010,11211,244
6,2291,244,79
11211,6,79,38
244,11211,38,750
79,244,750,35
38,79,35,8
750,38,8,53
35,750,53,7
8,35,7,64
53,8,64,347
7,53,347,352
64,7,352,5
347,64,5,8498
352,347,8498,13586
5,352,13586,36
8498,5,36,39588
13586,8498,39588,71709
36,13586,71709,750
39588,36,750,307
71709,39588,307,19
750,71709,19,27
307,750,27,276
19,307,276,41
27,19,41,294
276,27,294,12
41,276,12,22
294,41,22,283
12,294,283,4
22,12,4,1677
283,22,1677,5644
4,283,5644,65
1677,4,65,1274
5644,1677,1274,508
65,5644,508,10
1274,65,10,115
508,1274,115,21
10,508,21,3274
115,10,3274,22
21,115,22,1081
3274,21,1081,433
22,3274,433,1183
1081,22,1183,115
433,1081,115,10
1183,433,10,276
115,1183,276,3276
10,115,3276,829
276,10,829,37
3276,276,37,268
829,3276,268,283
37,829,283,80179
268,37,80179,1731
283,268,1731,799
80179,283,799,15
1731,80179,15,18907
799,1731,18907,350
15,799,350,4
18907,15,4,7117
350,18907,7117,651
4,350,651,39008
7117,4,39008,11009
651,7117,11009,171
39008,651,171,2
11009,39008,2,17577
171,11009,17577,6
2,171,6,39
17577,2,39,249
6,17577,249,12
39,6,12,442
249,39,442,8
12,249,8,4564
442,12,4564,12
8,442,12,429
4564,8,429,1921
12,4564,1921,11009
429,12,11009,7
1921,429,7,973
11009,1921,973,2998
7,11009,2998,29
973,7,29,22
2998,973,22,2903
29,2998,2903,13
22,29,13,47
2903,22,47,2325
13,2903,2325,19
47,13,19,1282
2325,47,1282,27
19,2325,27,2710
1282,19,2710,40113
27,1282,40113,750
2710,27,750,3
40113,2710,3,197
750,40113,197,259
3,750,259,12
197,3,12,429
259,197,429,850
12,259,850,126
429,12,126,69
850,429,69,307
126,850,307,10
69,126,10,1525
307,69,1525,6
10,307,6,750
1525,10,750,54
6,1525,54,7
750,6,7,1388
54,750,1388,2202
7,54,2202,12941
1388,7,12941,35
2202,1388,35,8
12941,2202,8,27
35,12941,27,13
8,35,13,47
27,8,47,203
13,27,203,22
47,13,22,299
203,47,299,170
22,203,170,4
299,22,4,10
170,299,10,9
4,170,9,4
10,4,4,1906
9,10,1906,1677
4,9,1677,63343
1906,4,63343,750
1677,1906,750,20
63343,1677,20,153
750,63343,153,5501
20,750,5501,10832
153,20,10832,5
5501,153,5,2
10832,5501,2,750
5,10832,750,11
2,5,11,1355
750,2,1355,6
11,750,6,1258
1355,11,1258,8
6,1355,8,228
1258,6,228,27
8,1258,27,283
228,8,283,2416
27,228,2416,4
283,27,4,873
2416,283,873,11
4,2416,11,40
873,4,40,17
11,873,17,16010
40,11,16010,626
17,40,626,367
16010,17,367,612
626,16010,612,3
367,626,3,711
612,367,711,12941
3,612,12941,134
711,3,134,1472
12941,711,1472,39
134,12941,39,128
1472,134,128,205
39,1472,205,8
128,39,8,11
205,128,11,481
8,205,481,750
11,8,750,6
481,11,6,37
750,481,37,566
6,750,566,985
37,6,985,2
566,37,2,2
985,566,2,27
2,985,27,693
2,2,693,4605
27,2,4605,3
693,27,3,3143
4605,693,3143,10
3,4605,10,286
3143,3,286,11
10,3143,11,196
286,10,196,19
11,286,19,22
196,11,22,11264
19,196,11264,44933
22,19,44933,750
11264,22,750,307
44933,11264,307,12
750,44933,12,429
307,750,429,27
12,307,27,6037
429,12,6037,284
27,429,284,24
6037,27,24,2
284,6037,2,1576
24,284,1576,930
2,24,930,4
1576,2,4,57
930,1576,57,7580
4,930,7580,16
57,4,16,68
7580,57,68,398
16,7580,398,11
68,16,11,13
398,68,13,2
11,398,2,6316
13,11,6316,446
2,13,446,5
6316,2,5,15
446,6316,15,22
5,446,22,446
15,5,446,5
22,15,5,29007
446,22,29007,25258
5,446,25258,23
29007,5,23,22
25258,29007,22,78980
23,25258,78980,25258
22,23,25258,23
78980,22,23,2275
25258,78980,2275,1576
23,25258,1576,1020
2275,23,1020,7
1576,2275,7,74
1020,1576,74,22
7,1020,22,1576
74,7,1576,5525
22,74,5525,446
1576,22,446,7
5525,1576,7,29998
446,5525,29998,1161
7,446,1161,35171
29998,7,35171,27
1161,29998,27,446
35171,1161,446,5
27,35171,5,26425
446,27,26425,54
5,446,54,16
26425,5,16,2
54,26425,2,1105
16,54,1105,5
2,16,5,1487
1105,2,1487,6
5,1105,6,1576
1487,5,1576,7
6,1487,7,29998
1576,6,29998,1161
7,1576,1161,35171
29998,7,35171,4
1161,29998,4,22
35171,1161,22,92565
4,35171,92565,45856
22,4,45856,446
92565,22,446,7
45856,92565,7,705
446,45856,705,2
7,446,2,22
705,7,22,6732
2,705,6732,2364
22,2,2364,4
6732,22,4,13385
2364,6732,13385,2364
4,2364,2364,930
13385,4,930,16
2364,13385,16,48
930,2364,48,474
16,930,474,1919
48,16,1919,1573
474,48,1573,12941
1919,474,12941,863
1573,1919,863,1197
12941,1573,1197,8
863,12941,8,22
1197,863,22,128
8,1197,128,21512
22,8,21512,14
128,22,14,4071
21512,128,4071,12
14,21512,12,878
4071,14,878,109
12,4071,109,54
878,12,54,14
109,878,14,1919
54,109,1919,4
14,54,4,1254
1919,14,1254,64
