160,991,2,124
7,160,124,512
2,7,512,21
124,2,21,4
512,124,4,2507
21,512,2507,12
4,21,12,2
2507,4,2,13860
12,2507,13860,9
2,12,9,2810
13860,2,2810,3
9,13860,3,551
2810,9,551,316
3,2810,316,61
551,3,61,175
316,551,175,4
61,316,4,3675
175,61,3675,50
4,175,50,3088
3675,4,3088,6
50,3675,6,83157
3088,50,83157,1779
6,3088,1779,5
83157,6,5,1209
1779,83157,1209,78
5,1779,78,32
1209,5,32,5637
78,1209,5637,2
32,78,2,67189
5637,32,67189,17497
2,5637,17497,23
67189,2,23,15773
17497,67189,15773,5
23,17497,5,27472
15773,23,27472,1939
5,15773,1939,278
27472,5,278,15
1939,27472,15,2
278,1939,2,593
15,278,593,9937
2,15,9937,1415
593,2,1415,5
9937,593,5,51
1415,9937,51,14
5,1415,14,78
51,5,78,32
14,51,32,564
78,14,564,21758
32,78,21758,36998
564,32,36998,1716
21758,564,1716,1514
36998,21758,1514,102
1716,36998,102,2960
1514,1716,2960,659
102,1514,659,5
2960,102,5,629
659,2960,629,2
5,659,2,1264
629,5,1264,1068
2,629,1068,10455
1264,2,10455,3
1068,1264,3,181
10455,1068,181,21
3,10455,21,146
181,3,146,166
21,181,166,607
146,21,607,2
166,146,2,696
607,166,696,588
2,607,588,1123
696,2,1123,6
588,696,6,341
1123,588,341,175
6,1123,175,71
341,6,71,4
175,341,4,4657
71,175,4657,252
4,71,252,10
4657,4,10,22723
252,4657,22723,3
10,252,3,7649
22723,10,7649,368
3,22723,368,19
7649,3,19,461
368,7649,461,5
19,368,5,588
461,19,588,1009
5,461,1009,324
588,5,324,24
1009,588,24,1185
324,1009,1185,2
24,324,2,149
1185,24,149,2
2,1185,2,709
149,2,709,1213
2,149,1213,4
709,2,4,3352
1213,709,3352,1654
4,1213,1654,15
3352,4,15,144
1654,3352,144,5
15,1654,5,14
144,15,14,1390
5,144,1390,9
14,5,9,502
1390,14,502,1060
9,1390,1060,24
502,9,24,4537
1060,502,4537,5239
24,1060,5239,79
4537,24,79,278
5239,4537,278,174
79,5239,174,10455
278,79,10455,7
174,278,7,468
10455,174,468,668
7,10455,668,460
468,7,460,5
668,468,5,51
460,668,51,721
5,460,721,6
51,5,6,1707
721,51,1707,174
6,721,174,6488
1707,6,6488,86
174,1707,86,1431
6488,174,1431,14
86,6488,14,3
1431,86,3,420
14,1431,420,1104
3,14,1104,9
420,3,9,1249
1104,420,1249,5
9,1104,5,1060
1249,9,1060,100
5,1249,100,159
1060,5,159,625
100,1060,625,158
159,100,158,31
625,159,31,13
158,625,13,599
31,158,599,10455
13,31,10455,28
599,13,28,10
10455,599,10,13
28,10455,13,64
10,28,64,280
13,10,280,105
64,13,105,564
280,64,564,100
105,280,100,78
564,105,78,32
100,564,32,2
78,100,2,269
32,78,269,5
2,32,5,35
269,2,35,14
5,269,14,1483
35,5,1483,646
14,35,646,6
1483,14,6,20
646,1483,20,4862
6,646,4862,991
20,6,991,160
4862,20,160,2586
991,4862,2586,4
160,991,4,62445
2586,160,62445,124
4,2586,124,3577
62445,4,3577,24
124,62445,24,10
3577,124,10,3
24,3577,3,20
10,24,20,44
3,10,44,11
20,3,11,2340
44,20,2340,12
11,44,12,2320
2340,11,2320,2586
12,2340,2586,3
2320,12,3,3497
2586,2320,3497,3358
3,2586,3358,1109
3497,3,1109,1212
3358,3497,1212,612
1109,3358,612,63
1212,1109,63,5
612,1212,5,278
63,612,278,171
5,63,171,49
278,5,49,1043
171,278,1043,252
49,171,252,190
1043,49,190,18285
252,1043,18285,1127
190,252,1127,397
18285,190,397,50
1127,18285,50,489
397,1127,489,2
50,397,2,2
489,50,2,284
2,489,284,5
2,2,5,43
284,2,43,1937
5,284,1937,1084
43,5,1084,12
1937,43,12,2394
1084,1937,2394,4
12,1084,4,538
2394,12,538,28566
4,2394,28566,3793
538,4,3793,8
28566,538,8,700
3793,28566,700,439
8,3793,439,3737
700,8,3737,678
439,700,678,14
3737,439,14,819
678,3737,819,1155
14,678,1155,10
819,14,10,19
1155,819,19,9486
10,1155,9486,46727
19,10,46727,6
9486,19,6,42
46727,9486,42,5
6,46727,5,88
42,6,88,3117
5,42,3117,39
88,5,39,3411
3117,88,3411,5
39,3117,5,1265
3411,39,1265,406
5,3411,406,20
1265,5,20,20896
406,1265,20896,321
20,406,321,7425
20896,20,7425,687
321,20896,687,4880
7425,321,4880,69
687,7425,69,2195
4880,687,2195,9
69,4880,9,78
2195,69,78,32
9,2195,32,53
78,9,53,16
32,78,16,57
53,32,57,6177
16,53,6177,173
57,16,173,120
6177,57,120,78
173,6177,78,32
120,173,32,13
78,120,13,2
32,78,2,564
13,32,564,4387
2,13,4387,4
564,2,4,5208
4387,564,5208,9
4,4387,9,482
5208,4,482,954
9,5208,954,4
482,9,4,4773
954,482,4773,18
4,954,18,47
4773,4,47,425
18,4773,425,29
47,18,29,20
425,47,20,115
29,425,115,21
20,29,21,19724
115,20,19724,49
21,115,49,267
19724,21,267,1183
49,19724,1183,88
267,49,88,70
1183,267,70,31
88,1183,31,299
70,88,299,412
31,70,412,37
299,31,37,8249
412,299,8249,297
37,412,297,5
8249,37,5,43
297,8249,43,1624
5,297,1624,2493
43,5,2493,25
1624,43,25,138
2493,1624,138,27
25,2493,27,2
138,25,2,5178
27,138,5178,4
2,27,4,361
5178,2,361,108
4,5178,108,327
361,4,327,671
108,361,671,3638
327,108,3638,8
671,327,8,78
3638,671,78,651
8,3638,651,32
78,8,32,7
651,78,7,21
32,651,21,2
7,32,2,1956
21,7,1956,4
2,21,4,1130
1956,2,1130,124
4,1956,124,618
1130,4,618,2464
124,1130,2464,345
618,124,345,496
2464,618,496,4
345,2464,4,167
496,345,167,11283
4,496,11283,62
167,4,62,8589
11283,167,8589,7
62,11283,7,157
8589,62,157,20
7,8589,20,66
157,7,66,4
20,157,4,62
66,20,62,1309
4,66,1309,3395
62,4,3395,2761
1309,62,2761,5
3395,1309,5,1425
2761,3395,1425,97
5,2761,97,7
1425,5,7,857
97,1425,857,94
127,58,2842,1560
94,127,1560,28
2842,94,28,540
1560,2842,540,8
28,1560,8,49
540,28,49,6683
8,540,6683,1538
49,8,1538,171
6683,49,171,128
1538,6683,128,153
171,1538,153,185
128,171,185,13
153,128,13,392
185,153,392,2
13,185,2,956
392,13,956,6
2,392,6,144
956,2,144,4
6,956,4,8
144,6,8,11
4,144,11,55
8,4,55,14104
11,8,14104,3
55,11,3,192
14104,55,192,97
3,14104,97,11760
192,3,11760,699
97,192,699,7
11760,97,7,237
699,11760,237,13
7,699,13,72
237,7,72,739
13,237,739,1560
72,13,1560,2
739,72,2,159
1560,739,159,6622
2,1560,6622,582
159,2,582,526
6622,159,526,134
582,6622,134,421
526,582,421,39
134,526,39,540
421,134,540,10
39,421,10,868
540,39,868,86441
10,540,86441,784
868,10,784,3
86441,868,3,5279
784,86441,5279,9
3,784,9,6549
5279,3,6549,421
9,5279,421,39
6549,9,39,1545
421,6549,1545,185
39,421,185,429
1545,39,429,330
185,1545,330,9
429,185,9,5785
330,429,5785,202
9,330,202,94
5785,9,94,25
202,5785,25,11
94,202,11,2959
25,94,2959,15
11,25,15,80
2959,11,80,57
15,2959,57,6
80,15,6,2
57,80,2,2069
6,57,2069,126
2,6,126,1046
2069,2,1046,63230
126,2069,63230,72
1046,126,72,3169
63230,1046,3169,14
72,63230,14,531
3169,72,531,3
14,3169,3,49
531,14,49,69
3,531,69,87
49,3,87,2
69,49,2,2
87,69,2,6811
2,87,6811,127
2,2,127,94
6811,2,94,11
127,6811,11,5501
94,127,5501,320
11,94,320,2954
5501,11,2954,1560
320,5501,1560,6674
2954,320,6674,14
1560,2954,14,2
6674,1560,2,273
14,6674,273,330
2,14,330,9
273,2,9,180
330,273,180,11
9,330,11,134
180,9,134,421
11,180,421,86
134,11,86,129
421,134,129,5
86,421,5,58
129,86,58,13
5,129,13,485
58,5,485,130
13,58,130,320
485,13,320,174
130,485,174,53
320,130,53,47
174,320,47,4
53,174,4,7681
47,53,7681,6
4,47,6,554
7681,4,554,144
6,7681,144,6
554,6,6,144
144,554,144,66856
6,144,66856,1560
144,6,1560,86
66856,144,86,372
1560,66856,372,1434
86,1560,1434,94
372,86,94,6
1434,372,6,58
94,1434,58,662
6,94,662,34
58,6,34,18
662,58,18,2
34,662,2,1191
18,34,1191,60
2,18,60,1414
1191,2,1414,79
60,1191,79,172
1414,60,172,6866
79,1414,6866,36
172,79,36,817
6866,172,817,499
36,6866,499,1612
817,36,1612,11
499,817,11,13
1612,499,13,2524
11,1612,2524,5785
13,11,5785,223
2524,13,223,128
5785,2524,128,6
223,5785,6,88
128,223,88,372
6,128,372,22778
88,6,22778,11
372,88,11,7
22778,372,7,5785
11,22778,5785,223
7,11,223,94
5785,7,94,15
223,5785,15,129
94,223,129,5
15,94,5,106
129,15,106,184
5,129,184,3
106,5,3,88
184,106,88,264
3,184,264,9164
88,3,9164,5
264,88,5,199
9164,264,199,19
5,9164,19,4310
199,5,4310,1087
19,199,1087,93869
4310,19,93869,255
1087,4310,255,5
93869,1087,5,320
255,93869,320,2954
5,255,2954,1560
320,5,1560,34
2954,320,34,218
1560,2954,218,3
34,1560,3,18
218,34,18,3
3,218,3,1361
18,3,1361,49
3,18,49,2451
1361,3,2451,23
49,1361,23,6622
2451,49,6622,120
23,2451,120,11
6622,23,11,2420
120,6622,2420,198
11,120,198,909
2420,11,909,4
198,2420,4,14
909,198,14,1409
4,909,1409,36079
14,4,36079,540
1409,14,540,1560
36079,1409,1560,653
540,36079,653,2
1560,540,2,11
653,1560,11,13
2,653,13,170
11,2,170,483
13,11,483,5
170,13,5,69
483,170,69,8
5,483,8,11
69,5,11,1296
8,69,1296,733
11,8,733,2666
1296,11,2666,6
733,1296,6,4
2666,733,4,6045
6,2666,6045,52518
4,6,52518,6
6045,4,6,1191
52518,6045,1191,60
6,52518,60,1191
1191,6,1191,251
60,1191,251,16
1191,60,16,1310
251,1191,1310,11
16,251,11,28
1310,16,28,1197
11,1310,1197,11
28,11,11,14
1197,28,14,583
11,1197,583,6
14,11,6,2
583,14,2,979
6,583,979,968
2,6,968,52219
979,2,52219,28
968,979,28,11
52219,968,11,34
28,52219,34,218
11,28,218,3
34,11,3,25
218,34,25,51
3,218,51,11
25,3,11,13
51,25,13,170
11,51,170,483
13,11,483,5
170,13,5,237
483,170,237,167
5,483,167,172
237,5,172,94
167,237,94,58
172,167,58,138
94,172,138,27
58,94,27,4
138,58,4,162
27,138,162,78
4,27,78,32
162,4,32,4
78,162,4,179
32,78,179,490
4,32,490,12
179,4,12,69
490,179,69,42587
12,490,42587,28
69,12,28,27
42587,69,27,13
28,42587,13,64
27,28,64,2463
13,27,2463,9
64,13,9,1996
2463,64,1996,421
9,2463,421,39
1996,9,39,2936
421,1996,2936,3281
39,421,3281,1508
2936,39,1508,9
3281,2936,9,49
1508,3281,49,1191
9,1508,1191,194
49,9,194,3
1191,49,3,89
194,1191,89,171
3,194,171,35131
89,3,35131,64
171,89,64,2463
35131,171,2463,9
64,35131,9,20
2463,64,20,11
9,2463,11,28
20,9,28,10
11,20,10,49
28,11,49,262
10,28,262,3
49,10,3,706
262,49,706,1191
3,262,1191,93157
706,3,93157,650
1191,706,650,1467
93157,1191,1467,364
650,93157,364,2390
1467,650,2390,1849
364,1467,1849,5
2390,364,5,92
1849,2390,92,4
5,1849,4,288
92,5,288,983
4,92,983,168
288,4,168,144
983,288,144,5
168,983,5,503
144,168,503,402
5,144,402,68
503,5,68,28
402,503,28,7
68,402,7,3285
28,68,3285,207
7,28,207,5377
3285,7,5377,7
207,3285,7,110
5377,207,110,3
7,5377,3,319
110,7,319,400
3,110,400,490
319,3,490,319
400,319,319,377
490,400,377,51
319,490,51,7
377,319,7,380
51,377,380,47
7,51,47,377
380,7,377,170
47,380,170,44
377,47,44,42
170,377,42,319
44,170,319,631
42,44,631,3
319,42,3,45
631,319,45,4
3,631,4,5342
45,3,5342,38
4,45,38,194
598,5285,2,2401
390,598,2401,13
2,390,13,1126
2401,2,1126,56
13,2401,56,3
1126,13,3,141
56,1126,141,772
3,56,772,6
141,3,6,1665
772,141,1665,5
6,772,5,540
1665,6,540,643
5,1665,643,1259
540,5,1259,379
643,540,379,8
1259,643,8,232
379,1259,232,5
8,379,5,19317
232,8,19317,4
5,232,4,21500
19317,5,21500,9278
4,19317,9278,2533
21500,4,2533,1454
9278,21500,1454,13
2533,9278,13,47
1454,2533,47,5264
13,1454,5264,3
47,13,3,1060
5264,47,1060,586
3,5264,586,4
1060,3,4,1636
586,1060,1636,3
4,586,3,464
1636,4,464,98384
3,1636,98384,10
464,3,10,271
98384,464,271,50
10,98384,50,1229
271,10,1229,37
50,271,37,30
1229,50,30,40
37,1229,40,1397
30,37,1397,7271
40,30,7271,151
1397,40,151,3
7271,1397,3,524
151,7271,524,83
3,151,83,53
524,3,53,47
83,524,47,362
53,83,362,7137
47,53,7137,53
362,47,53,47
7137,362,47,362
53,7137,362,439
47,53,439,164
362,47,164,5285
439,362,5285,176
164,439,176,6253
5285,164,6253,978
176,5285,978,3065
6253,176,3065,6476
978,6253,6476,134
3065,978,134,390
6476,3065,390,3202
134,6476,3202,3318
390,134,3318,12
3202,390,12,473
3318,3202,473,83827
12,3318,83827,60
473,12,60,540
83827,473,540,17292
60,83827,17292,14
540,60,14,74
17292,540,74,23
14,17292,23,275
74,14,275,1610
23,74,1610,45
275,23,45,50
1610,275,50,550
45,1610,550,50
50,45,50,12101
550,50,12101,4
50,550,4,23
12101,50,23,275
4,12101,275,50
23,4,50,1480
275,23,1480,4
50,275,4,27743
1480,50,27743,7271
4,1480,7271,2533
27743,4,2533,232
7271,27743,232,31
2533,7271,31,608
232,2533,608,2870
31,232,2870,12801
608,31,12801,4
2870,608,4,643
12801,2870,643,332
4,12801,332,57
643,4,57,6
332,643,6,2
57,332,2,598
6,57,598,4280
2,6,4280,628
598,2,628,2740
4280,598,2740,1077
628,4280,1077,176
2740,628,176,50
1077,2740,50,620
176,1077,620,26
50,176,26,72
620,50,72,7
26,620,7,299
72,26,299,6476
7,72,6476,11522
299,7,11522,103
6476,299,103,205
11522,6476,205,176
103,11522,176,1229
205,103,1229,15
176,205,15,7271
1229,176,7271,1527
15,1229,1527,23
7271,15,23,4280
1527,7271,4280,628
23,1527,628,54
4280,23,54,2773
628,4280,2773,722
54,628,722,343
2773,54,343,9
722,2773,9,10
343,722,10,77557
9,343,77557,34424
10,9,34424,13
77557,10,13,25807
34424,77557,25807,620
13,34424,620,4
25807,13,4,21
620,25807,21,6
4,620,6,3591
21,4,3591,5110
6,21,5110,4
3591,6,4,15541
5110,3591,15541,708
4,5110,708,35316
15541,4,35316,697
708,15541,697,67
35316,708,67,1527
697,35316,1527,3
67,697,3,17
1527,67,17,508
3,1527,508,6476
17,3,6476,134
508,17,134,523
6476,508,523,26
134,6476,26,1077
523,134,1077,30
26,523,30,50
1077,26,50,373
30,1077,373,351
50,30,351,4
373,50,4,110
351,373,110,3
4,351,3,1406
110,4,1406,8
3,110,8,7342
1406,3,7342,21
8,1406,21,3
7342,8,3,7102
21,7342,7102,143
3,21,143,1793
7102,3,1793,5
143,7102,5,5285
1793,143,5285,8376
5,1793,8376,540
5285,5,540,343
8376,5285,343,2
540,8376,2,598
343,540,598,818
2,343,818,14960
598,2,14960,5
818,598,5,1793
14960,818,1793,4
5,14960,4,679
1793,5,679,518
4,1793,518,126
679,4,126,2740
518,679,2740,4
126,518,4,2274
2740,126,2274,3677
4,2740,3677,182
2274,4,182,716
3677,2274,716,2
182,3677,2,3643
716,182,3643,2370
2,716,2370,5285
3643,2,5285,176
2370,3643,176,216
5285,2370,216,13
176,5285,13,379
216,176,379,12
13,216,12,1303
379,13,1303,211
12,379,211,4
1303,12,4,2110
211,1303,2110,582
4,211,582,4
2110,4,4,4320
582,2110,4320,379
4,582,379,525
4320,4,525,15
379,4320,15,378
525,379,378,379
15,525,379,15
378,15,15,598
379,378,598,216
15,379,216,5
598,15,5,166
216,598,166,1565
5,216,1565,6476
166,5,6476,2312
1565,166,2312,10774
6476,1565,10774,6
2312,6476,6,3766
10774,2312,3766,313
6,10774,313,3
3766,6,3,18
313,3766,18,3195
3,313,3195,581
18,3,581,350
3195,18,350,50
581,3195,50,583
350,581,583,958
50,350,958,21609
583,50,21609,4
958,583,4,2
21609,958,2,8382
4,21609,8382,8493
2,4,8493,1939
8382,2,1939,20484
8493,8382,20484,418
1939,8493,418,126
20484,1939,126,853
418,20484,853,5
126,418,5,471
853,126,471,7306
5,853,7306,3677
471,5,3677,182
7306,471,182,6
3677,7306,6,2129
182,3677,2129,8947
6,182,8947,76
2129,6,76,7271
8947,2129,7271,50
76,8947,50,3767
7271,76,3767,15
50,7271,15,4853
3767,50,4853,22264
15,3767,22264,1793
4853,15,1793,4
22264,4853,4,2633
1793,22264,2633,122
4,1793,122,57
2633,4,57,50
122,2633,50,8703
57,122,8703,36
50,57,36,350
8703,50,350,6476
36,8703,6476,11933
350,36,11933,176
6476,350,176,411
11933,6476,411,474
176,11933,474,3
411,176,3,373
474,411,373,87
3,474,87,5
373,3,5,38
87,373,38,8499
5,87,8499,7271
38,5,7271,723
8499,38,723,38
7271,8499,38,537
723,7271,537,12
38,723,12,141
537,38,141,772
12,537,772,11
141,12,11,21127
772,141,21127,379
11,772,379,365
21127,11,365,583
379,21127,583,4
365,379,4,411
583,365,411,6582
4,583,6582,3655
411,4,3655,583
6582,411,583,7301
3655,6582,7301,1723
583,3655,1723,176
7301,583,176,11059
1723,7301,11059,61
176,1723,61,1211
11059,176,1211,4
61,11059,4,16310
1211,61,16310,3910
4,1211,3910,3
16310,4,3,2261
3910,16310,2261,1436
3,3910,1436,277
2261,3,277,1038
1436,2261,1038,2484
277,1436,2484,258
1038,277,258,6
2484,1038,6,3677
258,2484,3677,182
6,258,182,405
3677,6,405,4280
182,3677,4280,628
405,182,628,378
4280,405,378,746
628,4280,746,725
378,628,725,5
746,378,5,2740
725,746,2740,4
5,725,4,42
2740,5,42,8
4,2740,8,13
42,4,13,47
8,42,47,4800
13,8,4800,405
