3777,1052,846,767
4,3777,767,171
846,4,171,2716
767,846,2716,358
171,767,358,8
2716,171,8,233
358,2716,233,7
8,358,7,21
233,8,21,18
7,233,18,1142
21,7,1142,3
18,21,3,160
1142,18,160,21603
3,1142,21603,239
160,3,239,2
21603,160,2,50
239,21603,50,1229
2,239,1229,233
50,2,233,13
1229,50,13,64
233,1229,64,953
13,233,953,3
64,13,3,160
953,64,160,4
3,953,4,526
160,3,526,588
4,160,588,1495
526,4,1495,28
588,526,28,1197
1495,588,1197,8
28,1495,8,344
1197,28,344,1670
8,1197,1670,165
344,8,165,2036
1670,344,2036,175
165,1670,175,14401
2036,165,14401,750
175,2036,750,1219
14401,175,1219,2
750,14401,2,381
1219,750,381,3
2,1219,3,233
381,2,233,544
3,381,544,20
233,3,20,205
544,233,205,19
20,544,19,1156
205,20,1156,1032
19,205,1032,624
1156,19,624,3314
1032,1156,3314,1347
624,1032,1347,31
3314,624,31,1289
1347,3314,1289,8
31,1347,8,71
1289,31,71,14
8,1289,14,2929
71,8,2929,2
14,71,2,572
2929,14,572,224
2,2929,224,15
572,2,15,250
224,572,250,58
15,224,58,2194
250,15,2194,1347
58,250,1347,3
2194,58,3,628
1347,2194,628,37
3,1347,37,250
628,3,250,261
37,628,261,3621
250,37,3621,119
261,250,119,111
3621,261,111,36
119,3621,36,61640
111,119,61640,546
36,111,546,2489
61640,36,2489,3
546,61640,3,1595
2489,546,1595,2
3,2489,2,39
1595,3,39,92
2,1595,92,235
39,2,235,153
92,39,153,1495
235,92,1495,28
153,235,28,143
1495,153,143,35
28,1495,35,403
143,28,403,8
35,143,8,1112
403,35,1112,1179
8,403,1179,10
1112,8,10,40
1179,1112,40,248
10,1179,248,1195
40,10,1195,845
248,40,845,857
1195,248,857,428
845,1195,428,15
857,845,15,88043
428,857,88043,71
15,428,71,469
88043,15,469,1285
71,88043,1285,3
469,71,3,2
1285,469,2,5925
3,1285,5925,1154
2,3,1154,1495
5925,2,1495,28
1154,5925,28,1197
1495,1154,1197,11
28,1495,11,469
1197,28,469,2347
11,1197,2347,8
469,11,8,1112
2347,469,1112,655
8,2347,655,8
1112,8,8,45
655,1112,45,5
8,655,5,546
45,8,546,96
5,45,96,8
546,5,8,53
96,546,53,34
8,96,34,17
53,8,17,4
34,53,4,953
17,34,953,3
4,17,3,17
953,4,17,458
3,953,458,3
17,3,3,317
458,17,317,845
3,458,845,12
317,3,12,95
845,317,95,60411
12,845,60411,877
95,12,877,3
60411,95,3,4533
877,60411,4533,12
3,877,12,1684
4533,3,1684,5
12,4533,5,31171
1684,12,31171,358
5,1684,358,15
31171,5,15,4
358,31171,4,85
15,358,85,72
4,15,72,44
85,4,44,49513
72,85,49513,358
44,72,358,1558
49513,44,1558,83
358,49513,83,6
1558,358,6,1063
83,1558,1063,75
6,83,75,1610
1063,6,1610,205
75,1063,205,5
1610,75,5,1505
205,1610,1505,186
5,205,186,19
1505,5,19,1495
186,1505,1495,15
19,186,15,3370
1495,19,3370,934
15,1495,934,5
3370,15,5,2
934,3370,2,5925
5,934,5925,1154
2,5,1154,64
5925,2,64,55889
1154,5925,55889,13
64,1154,13,11442
55889,64,11442,314
13,55889,314,5
11442,13,5,470
314,11442,470,2
5,314,2,423
470,5,423,12
2,470,12,1156
423,2,1156,85
12,423,85,254
1156,12,254,86
85,1156,86,8
254,85,8,11
86,254,11,14
8,86,14,990
11,8,990,3
14,11,3,179
990,14,179,15
3,990,15,31
179,3,31,192
15,179,192,1716
31,15,1716,19
192,31,19,9066
1716,192,9066,107167
19,1716,107167,8413
9066,19,8413,19
107167,9066,19,4249
8413,107167,4249,1039
843,220,78,32
3131,843,32,74
78,3131,74,781
32,78,781,1856
74,32,1856,1728
781,74,1728,4238
1856,781,4238,1412
1728,1856,1412,628
4238,1728,628,56
1412,4238,56,102
628,1412,102,32
56,628,32,69
102,56,69,9
32,102,9,501
69,32,501,49
9,69,49,810
501,9,810,439
49,501,439,4245
810,49,4245,7080
439,810,7080,39
4245,439,39,318
7080,4245,318,109
39,7080,109,300
318,39,300,28383
109,318,28383,4238
300,109,4238,1412
28383,300,1412,5
4238,28383,5,1728
1412,4238,1728,4238
5,1412,4238,3131
1728,5,3131,78
4238,1728,78,32
3131,4238,32,69
78,3131,69,74
32,78,74,1012
69,32,1012,2001
74,69,2001,13
1012,74,13,37
2001,1012,37,49
13,2001,49,810
37,13,810,439
49,37,439,2
810,49,2,1254
439,810,1254,6
2,439,6,781
1254,2,781,125
6,1254,125,3193
781,6,3193,527
125,781,527,61
3193,125,61,93
527,3193,93,759
61,527,759,1414
93,61,1414,39
759,93,39,722
1414,759,722,24
39,1414,24,3311
722,39,3311,2016
24,722,2016,4
3311,24,4,4245
2016,3311,4245,2414
4,2016,2414,960
4245,4,960,463
2414,4245,463,5508
960,2414,5508,12
463,960,12,112
5508,463,112,3299
12,5508,3299,1771
112,12,1771,84
3299,112,84,9
1771,3299,9,361
84,1771,361,270
9,84,270,12
361,9,12,62
270,361,62,93
12,270,93,759
62,12,759,1414
93,62,1414,39
759,93,39,722
1414,759,722,24
39,1414,24,3311
722,39,3311,2016
24,722,2016,4
3311,24,4,4245
2016,3311,4245,2414
4,2016,2414,24
4245,4,24,1364
2414,4245,1364,1468
24,2414,1468,339
1364,24,339,1468
1468,1364,1468,339
339,1468,339,2
1468,339,2,106
339,1468,106,9
2,339,9,78
106,2,78,7
9,106,7,2
78,9,2,106
7,78,106,9
2,7,9,108
106,2,108,124
9,106,124,109
108,9,109,137
124,108,137,798
109,124,798,12
137,109,12,3311
798,137,3311,2016
12,798,2016,2300
3311,12,2300,1545
2016,3311,1545,88
2300,2016,88,1796
1545,2300,1796,3063
88,1545,3063,367
1796,88,367,137
3063,1796,137,798
367,3063,798,12
137,367,12,3311
798,137,3311,2016
12,798,2016,2300
3311,12,2300,1545
2016,3311,1545,7749
2300,2016,7749,62
1545,2300,62,136
7749,1545,136,34
62,7749,34,112
136,62,112,1836
34,136,1836,2676
112,34,2676,691
1836,112,691,6
2676,1836,6,109
691,2676,109,3150
6,691,3150,10918
109,6,10918,7
3150,109,7,2
10918,3150,2,361
7,10918,361,381
2,7,381,213
361,2,213,10311
381,361,10311,733
213,381,733,48
10311,213,48,101
733,10311,101,1157
48,733,1157,2094
101,48,2094,10327
1157,101,10327,4294
2094,1157,4294,309
10327,2094,309,1466
4294,10327,1466,109
309,4294,109,3491
1466,309,3491,2695
109,1466,2695,4
3491,109,4,6222
2695,3491,6222,112
4,2695,112,35
6222,4,35,5
112,6222,5,634
35,112,634,15
5,35,15,1332
634,5,1332,163
15,634,163,235
1332,15,235,1207
163,1332,1207,5
235,163,5,6200
1207,235,6200,5803
5,1207,5803,24
6200,5,24,4245
5803,6200,4245,290
24,5803,290,884
4245,24,884,1332
290,4245,1332,163
884,290,163,82
1332,884,82,198
163,1332,198,109
82,163,109,3491
198,82,3491,2695
109,198,2695,4
3491,109,4,6222
2695,3491,6222,112
4,2695,112,35
6222,4,35,5
112,6222,5,634
35,112,634,15
5,35,15,1332
634,5,1332,163
15,634,163,235
1332,15,235,1207
163,1332,1207,5
235,163,5,6200
1207,235,6200,5803
5,1207,5803,24
6200,5,24,4245
5803,6200,4245,290
24,5803,290,884
4245,24,884,1332
290,4245,1332,163
884,290,163,82
1332,884,82,198
163,1332,198,109
82,163,109,3491
198,82,3491,2695
109,198,2695,4
3491,109,4,6222
2695,3491,6222,112
4,2695,112,35
6222,4,35,5
112,6222,5,634
35,112,634,15
5,35,15,1332
634,5,1332,163
15,634,163,235
1332,15,235,1207
163,1332,1207,5
235,163,5,6200
1207,235,6200,5803
5,1207,5803,24
6200,5,24,4245
5803,6200,4245,290
24,5803,290,884
4245,24,884,1332
290,4245,1332,163
884,290,163,82
1332,884,82,198
163,1332,198,109
82,163,109,3491
198,82,3491,2695
109,198,2695,4
3491,109,4,6222
2695,3491,6222,112
4,2695,112,35
6222,4,35,5
112,6222,5,634
35,112,634,15
5,35,15,1332
634,5,1332,163
15,634,163,235
1332,15,235,1207
163,1332,1207,5
235,163,5,6200
1207,235,6200,5803
5,1207,5803,24
6200,5,24,4245
5803,6200,4245,290
24,5803,290,884
4245,24,884,1332
290,4245,1332,163
884,290,163,82
1332,884,82,198
163,1332,198,109
82,163,109,3491
198,82,3491,2695
109,198,2695,4
3491,109,4,6222
2695,3491,6222,112
4,2695,112,35
6222,4,35,5
112,6222,5,634
35,112,634,15
5,35,15,1332
634,5,1332,163
15,634,163,235
1332,15,235,1207
163,1332,1207,5
235,163,5,6200
1207,235,6200,5803
5,1207,5803,24
6200,5,24,4245
5803,6200,4245,290
24,5803,290,884
4245,24,884,1332
290,4245,1332,163
884,290,163,82
1332,884,82,198
163,1332,198,109
82,163,109,3491
198,82,3491,2695
109,198,2695,4
3491,109,4,6222
2695,3491,6222,112
4,2695,112,35
6222,4,35,5
112,6222,5,634
35,112,634,15
5,35,15,1332
634,5,1332,163
15,634,163,235
1332,15,235,1207
163,1332,1207,5
235,163,5,6200
1207,235,6200,5803
5,1207,5803,24
6200,5,24,4245
5803,6200,4245,290
24,5803,290,109
24,4889,19,25071
35914,24,25071,2585
19,35914,2585,6643
25071,19,6643,1218
2585,25071,1218,176
6643,2585,176,1314
1218,6643,1314,8847
176,1218,8847,122
1314,176,122,698
8847,1314,698,152
122,8847,152,1427
698,122,1427,9
152,698,9,2119
1427,152,2119,3
9,1427,3,1393
2119,9,1393,656
3,2119,656,1150
1393,3,1150,3
656,1393,3,155
1150,656,155,351
3,1150,351,25
155,3,25,26
351,155,26,55
25,351,55,766
26,25,766,3
55,26,3,6548
766,55,6548,38
3,766,38,83
6548,3,83,54924
38,6548,54924,2
83,38,2,51
54924,83,51,10
2,54924,10,242
51,2,242,3
10,51,3,123
242,10,123,754
3,242,754,160
123,3,160,1638
754,123,1638,679
160,754,679,152
1638,160,152,218
679,1638,218,3
152,679,3,2700
218,152,2700,5461
3,218,5461,15
2700,3,15,1441
5461,2700,1441,1203
15,5461,1203,42
1441,15,42,236
1203,1441,236,33
42,1203,33,55
236,42,55,155
33,236,155,3
55,33,3,346
155,55,346,1716
3,155,1716,7
346,3,7,5830
1716,346,5830,884
7,1716,884,120
5830,7,120,797
884,5830,797,75457
120,884,75457,21952
797,120,21952,1057
75457,797,1057,2
21952,75457,2,339
1057,21952,339,181
2,1057,181,24
339,2,24,464
181,339,464,1393
24,181,1393,120
464,24,120,867
1393,464,867,1342
120,1393,1342,3472
867,120,3472,4
1342,867,4,38
3472,1342,38,767
4,3472,767,218
38,4,218,38
767,38,38,524
218,767,524,102
38,218,102,2412
524,38,2412,74614
102,524,74614,538
2412,102,538,103250
74614,2412,103250,753
538,74614,753,21952
103250,538,21952,181
753,103250,181,8
21952,753,8,75
181,21952,75,2
8,181,2,736
75,8,736,5
2,75,5,2510
736,2,2510,867
5,736,867,1342
2510,5,1342,843
867,2510,843,50
1342,867,50,1511
843,1342,1511,19
50,843,19,176
1511,50,176,163
19,1511,163,31
176,19,31,91
163,176,91,5324
31,163,5324,2509
91,31,2509,4
5324,91,4,1297
2509,5324,1297,1021
4,2509,1021,15
1297,4,15,5240
1021,1297,5240,1168
15,1021,1168,5
5240,15,5,379
1168,5240,379,1521
5,1168,1521,19
379,5,19,215
1521,379,215,1498
19,1521,1498,176
215,19,176,2264
1498,215,2264,1115
176,1498,1115,419
2264,176,419,4
1115,2264,4,22544
419,1115,22544,537
4,419,537,7528
22544,4,7528,2757
537,22544,2757,151
7528,537,151,261
2757,7528,261,1259
151,2757,1259,2
261,151,2,4203
1259,261,4203,2338
2,1259,2338,3
4203,2,3,549
2338,4203,549,176
3,2338,176,608
549,3,608,2870
176,549,2870,4
608,176,4,15032
2870,608,15032,81
4,2870,81,363
15032,4,363,1553
81,15032,1553,70
363,81,70,225
1553,363,225,719
70,1553,719,647
225,70,647,50
719,225,50,1943
647,719,1943,4800
50,647,4800,56
1943,50,56,5
4800,1943,5,787
56,4800,787,4
5,56,4,1480
787,5,1480,42
4,787,42,272
1480,4,272,14
42,1480,14,52117
272,42,52117,3
14,272,3,585
52117,14,585,122
3,52117,122,190
585,3,190,565
122,585,565,1558
190,122,1558,49
565,190,49,9613
1558,565,9613,438
49,1558,438,24
9613,49,24,176
438,9613,176,215
24,438,215,4
176,24,4,176
215,176,176,1498
4,215,1498,1219
176,4,1219,1021
1498,176,1021,2
1219,1498,2,557
1021,1219,557,2
2,1021,2,889
557,2,889,379
2,557,379,16858
889,2,16858,81
379,889,81,79
16858,379,79,2
81,16858,2,2005
79,81,2005,223
2,79,223,1480
2005,2,1480,50
223,2005,50,75689
1480,223,75689,68417
50,1480,68417,4928
75689,50,4928,4
68417,75689,4,2
4928,68417,2,565
4,4928,565,2620
2,4,2620,370
565,2,370,6354
2620,565,6354,21952
370,2620,21952,4
6354,370,4,57
21952,6354,57,50
4,21952,50,900
57,4,900,951
50,57,951,251
900,50,251,4
951,900,4,495
251,951,495,64
4,251,64,686
495,4,686,36
64,495,36,538
686,64,538,9
36,686,9,1038
538,36,1038,509
9,538,509,225
1038,9,225,50
509,1038,50,17625
225,509,17625,103
50,225,103,225
17625,50,225,24419
103,17625,24419,24
225,103,24,762
24419,225,762,1576
24,24419,1576,5525
762,24,5525,4
1576,762,4,190
5525,1576,190,13
4,5525,13,49
190,4,49,4921
13,190,4921,533
49,13,533,351
4921,49,351,12
533,4921,12,49
351,533,49,307
12,351,307,21952
49,12,21952,14
307,49,14,134
21952,307,134,112
14,21952,112,1792
134,14,1792,7
112,134,7,118
1792,112,118,621
7,1792,621,2
118,7,2,416
621,118,416,6
2,621,6,2
416,2,2,512
6,416,512,8
2,6,8,512
512,2,512,5
8,512,5,376
512,8,376,40
5,512,40,17
376,5,17,2571
40,376,2571,4
17,40,4,10
2571,17,10,490
4,2571,490,3
10,4,3,178
490,10,178,141
3,490,141,772
178,3,772,40
141,178,40,488
772,141,488,25
40,772,25,11989
488,40,11989,37
25,488,37,4140
11989,25,4140,10
37,11989,10,8
4140,37,8,107
10,4140,107,52
8,10,52,41
107,8,41,523
52,107,523,50
41,52,50,340
523,41,340,4170
50,523,4170,10
340,50,10,676
4170,340,676,102
10,4170,102,1393
676,10,1393,656
102,676,656,1150
1393,102,1150,1314
656,1393,1314,8847
1150,656,8847,2620
1314,1150,2620,170
8847,1314,170,128
2620,8847,128,60
170,2620,60,1372
128,170,1372,4169
60,128,4169,12
1372,60,12,62
4169,1372,62,136
12,4169,136,1203
62,12,1203,955
136,62,955,152
1203,136,152,50
955,1203,50,947
152,955,947,1393
50,152,1393,656
947,50,656,1151
1393,947,1151,35914
656,1393,35914,884
1151,656,884,2234
35914,1151,2234,4
884,35914,4,1472
2234,884,1472,18
4,2234,18,448
1472,4,448,38
18,1472,38,9632
448,18,9632,6992
38,448,6992,42
9632,38,42,460
6992,9632,460,14831
42,6992,14831,12
460,42,12,38
14831,460,38,150
12,14831,150,39
38,12,39,62
150,38,62,1472
39,150,1472,270
62,39,270,62
1472,62,62,13
270,1472,13,357
62,270,357,37
13,62,37,1783
357,13,1783,5
37,357,5,2696
1783,37,2696,36738
5,1783,36738,23378
2696,5,23378,23
36738,2696,23,777
23378,36738,777,4
23,23378,4,2234
777,23,2234,201
4,777,201,736
2234,4,736,157
201,2234,157,866
736,201,866,357
157,736,357,12
866,157,12,62
357,866,62,2
12,357,2,676
62,12,676,74
2,62,74,1953
676,2,1953,5
74,676,5,4
1953,74,4,649
5,1953,649,1150
4,5,1150,723
649,4,723,1311
1150,649,1311,9
723,1150,9,39
1311,723,39,24
9,1311,24,867
39,9,867,1342
24,39,1342,45
867,24,45,40
1342,867,40,25
45,1342,25,282
40,45,282,3
25,40,3,663
282,25,663,7948
3,282,7948,12
663,3,12,672
7948,663,672,4
12,7948,4,833
672,12,833,56
4,672,56,1071
833,4,1071,73
56,833,73,44688
1071,56,44688,4
73,1071,4,1647
44688,73,1647,133
4,44688,133,270
1647,4,270,384
133,1647,384,1557
270,133,1557,497
384,270,497,10
1557,384,10,1372
497,1557,1372,150
10,497,150,152
1372,10,152,790
150,1372,790,151
152,150,151,13
790,152,13,47
151,790,47,2017
13,151,2017,11495
47,13,11495,1187
2017,47,1187,5
11495,2017,5,152
1187,11495,152,2137
5,1187,2137,4
152,5,4,5347
2137,152,5347,170
4,2137,170,30
5347,4,30,179
170,5347,179,3
30,170,3,20046
179,30,20046,99
3,179,99,1167
20046,3,1167,19
99,20046,19,4896
1167,99,4896,9
19,1167,9,1189
4896,19,1189,3036
9,4896,3036,6
1189,9,6,310
3036,1189,310,4
6,3036,4,19
310,6,19,15823
4,310,15823,152
19,4,152,41
10,390,15,1783
608,10,1783,5
15,608,5,2
1783,15,2,2651
5,1783,2651,5
2,5,5,397
2651,2,397,6
5,2651,6,170
397,5,170,140
6,397,140,10
170,6,10,4089
140,170,4089,79
10,140,79,911
4089,10,911,2246
79,4089,2246,771
911,79,771,170
2246,911,170,373
771,2246,373,108
170,771,108,32007
373,170,32007,48
108,373,48,483
32007,108,483,15
48,32007,15,67728
483,48,67728,21195
15,483,21195,2083
67728,15,2083,74
21195,67728,74,1072
2083,21195,1072,760
74,2083,760,6
1072,74,6,11040
760,1072,11040,418
6,760,418,5
11040,6,5,12227
418,11040,12227,389
5,418,389,5
12227,5,5,4936
389,12227,4936,12
5,389,12,1029
4936,5,1029,109
12,4936,109,21195
1029,12,21195,2083
109,1029,2083,74
21195,109,74,1072
2083,21195,1072,760
74,2083,760,6
1072,74,6,11040
760,1072,11040,418
6,760,418,5
11040,6,5,12227
418,11040,12227,389
5,418,389,5
12227,5,5,4936
389,12227,4936,12
5,389,12,1029
4936,5,1029,109
12,4936,109,272
1029,12,272,616
109,1029,616,659
272,109,659,6
616,272,6,142
659,616,142,5
6,659,5,2264
142,6,2264,2
5,142,2,45
2264,5,45,1273
2,2264,1273,9
45,2,9,2261
1273,45,2261,75
9,1273,75,1619
2261,9,1619,1992
75,2261,1992,19
1619,75,19,604
1992,1619,604,92
19,1992,92,12
604,19,12,2
92,604,2,535
12,92,535,6
2,12,6,2
535,2,2,11040
6,535,11040,1268
2,6,1268,18248
11040,2,18248,879
1268,11040,879,12
18248,1268,12,1206
879,18248,1206,109
12,879,109,272
1206,12,272,616
109,1206,616,659
272,109,659,6
616,272,6,142
659,616,142,5
6,659,5,2264
142,6,2264,2
5,142,2,45
