17273,2,199,128
393,17273,128,153
199,393,153,1337
128,199,1337,8
153,128,8,145
1337,153,145,7
8,1337,7,438
145,8,438,72
7,145,72,2
438,7,2,571
72,438,571,2
2,72,2,32
571,2,32,6
2,571,6,1267
32,2,1267,308
6,32,308,3
1267,6,3,76
308,1267,76,5
3,308,5,119
76,3,119,114
5,76,114,31
119,5,31,18
114,119,18,3286
31,114,3286,162
18,31,162,6
3286,18,6,198
162,3286,198,107419
6,162,107419,707
198,6,707,132
107419,198,132,17
707,107419,17,1352
132,707,1352,6
17,132,6,652
1352,17,652,1117
6,1352,1117,6
652,6,6,22470
1117,652,22470,308
6,1117,308,3
22470,6,3,652
308,22470,652,1117
3,308,1117,393
652,3,393,2
1117,652,2,843
393,1117,843,320
2,393,320,98
843,2,98,24044
320,843,24044,30
98,320,30,3
24044,98,3,4
30,24044,4,341
3,30,341,3029
4,3,3029,518
341,4,518,9
3029,341,9,32
518,3029,32,4
9,518,4,277
32,9,277,86
4,32,86,57
277,4,57,45
86,277,45,6
57,86,6,878
45,57,878,41
6,45,41,65
878,6,65,45
41,878,45,4134
65,41,4134,2
45,65,2,1760
4134,45,1760,4648
2,4134,4648,4
1760,2,4,739
4648,1760,739,3029
4,4648,3029,9
739,4,9,145
3029,739,145,8501
9,3029,8501,102
145,9,102,22607
8501,145,22607,4
102,8501,4,129
22607,102,129,242
4,22607,242,42
129,4,42,148
242,129,148,6
42,242,6,39
148,42,39,249
6,148,249,36
39,6,36,4
249,39,4,3158
36,249,3158,10
4,36,10,242
3158,4,242,41
10,3158,41,6
242,10,6,652
41,242,652,1117
6,41,1117,120
652,6,120,1683
1117,652,1683,6833
120,1117,6833,12
1683,120,12,51530
6833,1683,51530,7
12,6833,7,867
51530,12,867,1725
7,51530,1725,4
867,7,4,2079
1725,867,2079,1683
4,1725,1683,7
2079,4,7,424
1683,2079,424,3
7,1683,3,1016
424,7,1016,88
3,424,88,5
1016,3,5,2
88,1016,2,169
5,88,169,2462
2,5,2462,9
169,2,9,6272
2462,169,6272,12
9,2462,12,10
6272,9,10,83
12,6272,83,702
10,12,702,12
83,10,12,466
702,83,466,330
12,702,330,23
466,12,23,162
330,466,162,100
23,330,100,29433
162,23,29433,1478
100,162,1478,6
29433,100,6,35
1478,29433,35,1035
6,1478,1035,2330
35,6,2330,200
1035,35,200,32
2330,1035,32,3319
200,2330,3319,22
32,200,22,872
3319,32,872,4
22,3319,4,2923
872,22,2923,88567
4,872,88567,145
2923,4,145,7
88567,2923,7,94
145,88567,94,15
7,145,15,8772
94,7,8772,12
15,94,12,955
8772,15,955,5424
12,8772,5424,46
955,12,46,2
5424,955,2,209
46,5424,209,8
2,46,8,13
209,2,13,914
8,209,914,89
13,8,89,762
914,13,762,83
89,914,83,76
762,89,76,1147
83,762,1147,1490
76,83,1490,9
1147,76,9,32
1490,1147,32,184
9,1490,184,3
32,9,3,39
184,32,39,249
3,184,249,60
39,3,60,414
249,39,414,1648
60,249,1648,5
414,60,5,583
1648,414,583,1145
5,1648,1145,704
583,5,704,3935
1145,583,3935,4332
704,1145,4332,12
3935,704,12,10
4332,3935,10,761
12,4332,761,1490
10,12,1490,75
761,10,75,196
1490,761,196,90
75,1490,90,556
196,75,556,195
90,196,195,19356
556,90,19356,12
195,556,12,747
19356,195,747,145
12,19356,145,182
747,12,182,1490
145,747,1490,5
182,145,5,150
1490,182,150,842
5,1490,842,1648
150,5,1648,29
842,150,29,86
1648,842,86,75
29,1648,75,2
86,29,2,707
75,86,707,676
2,75,676,146
707,2,146,32
676,707,32,179
146,676,179,9
32,146,9,4439
179,32,4439,20877
9,179,20877,13
4439,9,13,208
20877,4439,208,1064
13,20877,1064,32
208,13,32,6
1064,208,6,10
32,1064,10,30
6,32,30,9
10,6,9,6201
30,10,6201,69
9,30,69,5
6201,9,5,256
69,6201,256,2873
5,69,2873,6987
256,5,6987,3
2873,256,3,71
6987,2873,71,86
3,6987,86,75
71,3,75,11
86,71,11,13
75,86,13,1879
11,75,1879,21734
13,11,21734,61
1879,13,61,499
21734,1879,499,6
61,21734,6,10
499,61,10,146
6,499,146,64
10,6,64,1490
146,10,1490,6
64,146,6,4
1490,64,4,14846
6,1490,14846,676
4,6,676,5
14846,4,5,252
676,14846,252,1831
5,676,1831,1323
252,5,1323,20
1831,252,20,66
1323,1831,66,637
20,1323,637,15
66,20,15,5
637,66,5,10
15,637,10,232
5,15,232,292
10,5,292,6
232,10,6,652
292,232,652,1117
6,292,1117,7
652,6,7,21
1117,652,21,321
7,1117,321,349
21,7,349,3
321,21,3,2
349,321,2,28158
3,349,28158,30
2,3,30,219
28158,2,219,110
30,28158,110,3
219,30,3,25
110,219,25,7
3,110,7,292
25,3,292,67
7,25,67,335
292,7,335,12
67,292,12,67
335,67,67,475
12,335,475,164
67,12,164,20877
475,67,20877,63
164,475,63,11991
20877,164,11991,1208
63,20877,1208,28
11991,63,28,6
1208,11991,6,4
28,1208,4,407
6,28,407,46
4,6,46,229
407,4,229,30
46,407,30,219
229,46,219,110
30,229,110,3
219,30,3,18
110,219,18,283
3,110,283,299
18,3,299,18
283,18,18,4972
299,283,4972,18
18,299,18,262
4972,18,262,9
18,4972,9,45
262,18,45,6
9,262,6,48108
45,9,48108,194
6,45,194,77
48108,6,77,43310
194,48108,43310,145
77,194,145,72
43310,77,72,2
145,43310,2,136
72,145,136,2
2,72,2,32
136,2,32,6
2,136,6,22
32,2,22,694
6,32,694,631
22,6,631,173
694,22,173,145
631,694,145,383
173,631,383,8
145,173,8,11
383,145,11,1872
8,383,1872,780
11,8,780,854
1872,11,854,9
780,1872,9,14220
854,780,14220,1053
9,854,1053,15
14220,9,15,117
1053,14220,117,4649
15,1053,4649,7274
117,15,7274,3
4649,117,3,436
7274,4649,436,2276
3,7274,2276,4
436,3,4,7073
2276,436,7073,2294
4,2276,2294,2
7073,4,2,10093
2294,7073,10093,2507
2,2294,2507,8
10093,2,8,40
2507,10093,40,17
8,2507,17,37
40,8,37,2
17,40,2,1905
37,17,1905,6
2,37,6,652
1905,2,652,1117
6,1905,1117,2
652,6,2,2
1117,652,2,393
2,1117,393,5
2,2,5,1979
393,2,1979,98168
5,393,98168,1369
1979,5,1369,331
98168,1979,331,51
1369,98168,51,11
331,1369,11,40
51,331,40,44
11,51,44,3
40,11,3,2
44,40,2,1683
3,44,1683,6272
2,3,6272,31
1683,2,31,948
6272,1683,948,1831
31,6272,1831,1250
948,31,1250,710
1831,948,710,1323
1250,1831,1323,9
710,1250,9,861
1323,710,861,5
9,1323,5,22
861,9,22,262
5,861,262,145
22,5,145,28
262,22,28,11
145,262,11,77
28,145,77,86
11,28,86,17
77,11,17,2285
86,77,2285,15
17,86,15,29026
2285,17,29026,30
15,2285,30,18
29026,15,18,3
30,29026,3,44
18,30,44,7
3,18,7,234
44,3,234,168
7,44,168,64
234,7,64,3061
168,234,3061,5
64,168,5,112
3061,64,112,83
5,3061,83,33
112,5,33,219
83,112,219,400
33,83,400,6
219,33,6,4
400,219,4,940
6,400,940,54
4,6,54,7
940,4,7,1426
54,940,1426,3
7,54,3,434
1426,7,434,754
3,1426,754,160
434,3,160,4
754,434,4,6
160,754,6,209
4,160,209,454
6,4,454,2
209,6,2,1322
454,209,1322,984
2,454,984,12
1322,2,12,133
984,1322,133,4
12,984,4,108
133,12,108,100
4,133,100,3712
108,4,3712,145
100,108,145,28
3712,100,28,51
145,3712,51,92
28,145,92,115
51,28,115,18
92,51,18,7
115,92,7,4
18,115,4,2601
7,18,2601,3
4,7,3,44
2601,4,44,30
3,2601,30,789
44,3,789,33
30,44,33,5625
789,30,5625,2
33,789,2,30
5625,33,30,2552
2,5625,2552,351
30,2,351,24
2552,30,24,3719
351,2552,3719,2131
24,351,2131,30
3719,24,30,16
2131,3719,16,110
30,2131,110,3
16,30,3,392
110,16,392,262
3,110,262,6
392,3,6,112
262,392,112,543
6,262,543,2904
112,6,2904,2606
543,112,2606,685
2904,543,685,52
2606,2904,52,33
685,2606,33,689
52,685,689,112
33,52,112,262
689,33,262,3
112,689,3,2
262,112,2,506
3,262,506,224
2,3,224,33
506,2,33,93
224,506,93,685
33,224,685,9
93,33,9,103
685,93,103,66
9,685,66,33
103,9,33,93
66,103,93,262
33,66,262,1563
93,33,1563,100
262,93,100,7
1563,262,7,40
100,1563,40,123
7,100,123,8
40,7,8,183
123,40,183,997
8,123,997,3
183,8,3,694
997,183,694,262
3,997,262,8
694,3,8,16
262,694,16,182
8,262,182,87
16,8,87,5
182,16,5,447
87,182,447,5
5,87,5,754
447,5,754,54504
5,447,54504,37
754,5,37,145
54504,754,145,3731
37,54504,3731,7
145,37,7,1041
3731,145,1041,29
7,3731,29,20
1041,7,20,1034
29,1041,1034,7
20,29,7,613
1034,20,613,96349
7,1034,96349,964
613,7,964,1221
96349,613,1221,27662
964,96349,27662,2
1221,964,2,6272
27662,1221,6272,4
2,27662,4,2
6272,2,2,637
4,6272,637,232
2,4,232,28
637,2,28,22
232,637,22,1045
28,232,1045,147
22,28,147,262
1045,22,262,21
147,1045,21,13934
262,147,13934,6
21,262,6,4
13934,21,4,407
6,13934,407,23
4,6,23,20877
407,4,20877,266
23,407,266,6
20877,23,6,64135
266,20877,64135,11
6,266,11,331
64135,6,331,33
11,64135,33,55
331,11,55,1733
33,331,1733,2
55,33,2,756
1733,55,756,3
2,1733,3,17
756,2,17,2
3,756,2,1498
17,3,1498,1399
2,17,1399,29
1498,2,29,51
1399,1498,51,11
29,1399,11,110
51,29,110,3
11,51,3,6255
110,11,6255,1683
3,110,1683,6272
6255,3,6272,25
1683,6255,25,14
6272,1683,14,2606
25,6272,2606,26
14,25,26,14
2606,14,14,106811
26,2606,106811,12
14,26,12,429
106811,14,429,23
12,106811,23,22
429,12,22,3321
23,429,3321,6
22,23,6,28812
3321,22,28812,135
6,3321,135,159
28812,6,159,35
135,28812,35,3191
159,135,3191,1221
35,159,1221,38844
3191,35,38844,14
1221,3191,14,1199
38844,1221,1199,8
14,38844,8,3207
1199,14,3207,9
8,1199,9,145
3207,8,145,7
9,3207,7,273
145,9,273,4
7,145,4,502
273,7,502,1708
4,273,1708,38844
502,4,38844,42
1708,502,42,5
38844,1708,5,90
42,38844,90,4426
5,42,4426,5
90,5,5,2
4426,90,2,58
5,4426,58,4370
2,5,4370,7
58,2,7,438
4370,58,438,9
7,4370,9,233
438,7,233,12
9,438,12,1741
233,9,1741,8
12,233,8,1055
1741,12,1055,356
8,1741,356,11
1055,8,11,336
356,1055,336,15
11,356,15,145
336,11,145,46
15,336,46,2
145,15,2,852
46,145,852,965
2,46,965,766
852,2,766,5
965,852,5,8436
766,965,8436,7653
5,766,7653,2159
8436,5,2159,12
7653,8436,12,493
2159,7653,493,46
12,2159,46,16
493,12,16,107
46,493,107,3
16,46,3,972
107,16,972,222
3,107,222,5361
972,3,5361,12
222,972,12,114
5361,222,114,100
12,5361,100,72634
114,12,72634,255
100,114,255,128
72634,100,128,66
255,72634,66,14
128,255,14,8
66,128,8,1663
14,66,1663,1065
8,14,1065,12
1663,8,12,502
1065,1663,502,106
12,1065,106,56
502,12,56,24
106,502,24,1804
56,106,1804,135
24,56,135,114
1804,24,114,11
135,1804,11,1380
114,135,1380,95
11,114,95,16
1380,11,16,669
95,1380,669,46
16,95,46,7
669,16,7,25
46,669,25,147
7,46,147,3
25,7,3,468
147,25,468,33
3,147,33,8
468,3,8,332
33,468,332,66
8,33,66,33
332,8,33,689
66,332,689,2
33,66,2,334
689,33,334,41
2,689,41,5
334,2,5,81
41,334,81,20
5,41,20,7
81,5,7,271
20,81,271,39
7,20,39,6005
271,7,6005,476
39,271,476,1352
6005,39,1352,6
476,6005,6,135
1352,476,135,185
6,1352,185,73
135,6,73,494
185,135,494,10110
73,185,10110,2720
494,73,2720,7
10110,494,7,25
2720,10110,25,137
7,2720,137,476
25,7,476,1972
137,25,1972,1969
476,137,1969,7
1972,476,7,113
1969,1972,113,11
7,1969,11,192
617,63,28,159
71,617,159,269
28,71,269,5
159,28,5,35
269,159,35,78
5,269,78,32
35,5,32,91
78,35,91,5
32,78,5,2
91,32,2,520
5,91,520,125
2,5,125,783
520,2,783,14
125,520,14,2
783,125,2,1437
14,783,1437,29
2,14,29,8
1437,2,8,43
29,1437,43,150
8,29,150,214
43,8,214,13
150,43,13,47
214,150,47,7165
13,214,7165,6
47,13,6,22
7165,47,22,99
6,7165,99,3276
22,6,3276,1184
99,22,1184,12
3276,99,12,1768
1184,3276,1768,8
12,1184,8,13
1768,12,13,18885
8,1768,18885,135
13,8,135,127
18885,13,127,289
135,18885,289,371
127,135,371,71
289,127,71,28
371,289,28,12
71,371,12,2130
28,71,2130,985
12,28,985,348
2130,12,348,8
985,2130,8,194
348,985,194,37
8,348,37,371
194,8,371,32
37,194,32,125
371,37,125,3443
32,371,3443,50
125,32,50,2132
3443,125,2132,10
50,3443,10,7
2132,50,7,344
10,2132,344,9
7,10,9,49
344,7,49,3
9,344,3,661
49,9,661,104
3,49,104,194
661,3,194,3
104,661,3,8176
194,104,8176,5
3,194,5,70
8176,3,70,166
5,8176,166,371
70,5,371,71
166,70,71,28
590,1545,4913,2967
579,590,2967,1318
4913,579,1318,3
2967,4913,3,5687
1318,2967,5687,410
3,1318,410,843
5687,3,843,6334
410,5687,6334,3
843,410,3,7990
6334,843,7990,35
3,6334,35,4
7990,3,4,1546
35,7990,1546,27
4,35,27,527
1546,4,527,15245
27,1546,15245,2067
527,27,2067,2024
15245,527,2024,123
2067,15245,123,1223
2024,2067,1223,9
123,2024,9,10275
1223,123,10275,4913
9,1223,4913,2967
10275,9,2967,122
4913,10275,122,5247
2967,4913,5247,2658
122,2967,2658,6
5247,122,6,410
2658,5247,410,763
6,2658,763,90
410,6,90,12205
763,410,12205,165
90,763,165,3913
12205,90,3913,12
165,12205,12,62
3913,165,62,26
12,3913,26,415
62,12,415,21
26,62,21,110
415,26,110,3
21,415,3,106
110,21,106,3470
3,110,3470,5
106,3,5,210
3470,106,210,12
5,3470,12,355
210,5,355,226
12,210,226,7
355,12,7,3
226,355,3,516
7,226,516,229
3,7,229,210
516,3,210,34
229,516,34,172
210,229,172,118
34,210,118,1116
172,34,1116,4
118,172,4,247
1116,118,247,830
4,1116,830,36
247,4,36,10
830,247,10,34
36,830,34,370
10,36,370,285
34,10,285,17
370,34,17,4551
285,370,4551,2
17,285,2,10
4551,17,10,14
2,4551,14,9
10,2,9,66
14,10,66,203
9,14,203,575
66,9,575,978
203,66,978,189
575,203,189,3863
978,575,3863,2099
189,978,2099,9549
3863,189,9549,255
2099,3863,255,19
9549,2099,19,395
255,9549,395,10
19,255,10,3398
395,19,3398,3
10,395,3,1132
3398,10,1132,686
3,3398,686,1414
1132,3,1414,32
686,1132,32,479
1414,686,479,303
32,1414,303,3
479,32,3,1773
303,479,1773,221
3,303,221,71
1773,3,71,21079
221,1773,21079,2479
71,221,2479,20546
21079,71,20546,21080
2479,21079,21080,3686
20546,2479,3686,5696
21080,20546,5696,2077
3686,21080,2077,39
5696,3686,39,273
2077,5696,273,2917
39,2077,2917,2192
273,39,2192,92
2917,273,92,9701
2192,2917,9701,23
92,2192,23,2705
9701,92,2705,266
23,9701,266,1263
2705,23,1263,44
266,2705,44,10
1263,266,10,8042
44,1263,8042,617
10,44,617,71
8042,10,71,52
617,8042,52,7
71,617,7,13
52,71,13,2
7,52,2,12
13,7,12,11
2,13,11,234
12,2,234,73
11,12,73,13863
234,11,13863,881
73,234,881,119
13863,73,119,111
881,13863,111,5420
119,881,5420,2798
111,119,2798,3483
5420,111,3483,3
2798,5420,3,44
3483,2798,44,3346
3,3483,3346,1098
44,3,1098,3642
3346,44,3642,3
1098,3346,3,4832
3642,1098,4832,4
3,3642,4,58
4832,3,58,97
4,4832,97,63
58,4,63,575
97,58,575,197
63,97,197,20652
575,63,20652,25
197,575,25,21
20652,197,21,929
25,20652,929,1149
21,25,1149,1624
929,21,1624,1039
1149,929,1039,575
1624,1149,575,1611
1039,1624,1611,2
575,1039,2,7611
1611,575,7611,1421
2,1611,1421,5
7611,2,5,1149
1421,7611,1149,8035
5,1421,8035,579
1149,5,579,71
8035,1149,71,10997
579,8035,10997,381
71,579,381,1630
10997,71,1630,5
381,10997,5,10997
1630,381,10997,7952
5,1630,7952,12679
10997,5,12679,71
7952,10997,71,325
12679,7952,325,10997
71,12679,10997,9882
325,71,9882,9135
10997,325,9135,2003
9882,10997,2003,4956
9135,9882,4956,2233
2003,9135,2233,943
4956,2003,943,1839
2233,4956,1839,266
943,2233,266,6575
1839,943,6575,1042
266,1839,1042,227
6575,266,227,291
1042,6575,291,5
227,1042,5,19822
291,227,19822,755
5,291,755,7072
19822,5,7072,8544
755,19822,8544,6338
7072,755,6338,77
8544,7072,77,434
6338,8544,434,1517
77,6338,1517,446
434,77,446,3
1517,434,3,691
446,1517,691,61
3,446,61,3
691,3,3,198
61,691,198,1595
3,61,1595,2507
198,3,2507,19
1595,198,19,20
2507,1595,20,1180
19,2507,1180,1636
20,19,1636,4775
1180,20,4775,5338
1636,1180,5338,84
4775,1636,84,2017
5338,4775,2017,1941
84,5338,1941,3
2017,84,3,725
1941,2017,725,5
3,1941,5,3094
725,3,3094,368
5,725,368,2
3094,5,2,71
368,3094,71,10288
2,368,10288,22
71,2,22,252
10288,71,252,3
22,10288,3,93
252,22,93,990
3,252,990,9
93,3,9,127
990,93,127,2552
9,990,2552,27
127,9,27,10365
2552,127,10365,1911
27,2552,1911,1344
10365,27,1344,531
1911,10365,531,9
1344,1911,9,119
531,1344,119,111
9,531,111,11306
119,9,11306,256
111,119,256,728
11306,111,728,6246
256,11306,6246,2
728,256,2,202
6246,728,202,289
2,6246,289,1653
202,2,1653,1042
289,202,1042,656
1653,289,656,3
1042,1653,3,119
656,1042,119,111
3,656,111,3766
119,3,3766,2716
111,119,2716,20833
3766,111,20833,407
2716,3766,407,12
