5,142,86,255
36919,5,255,5372
86,36919,5372,1452
255,86,1452,6
5372,255,6,3363
1452,5372,3363,10157
6,1452,10157,205
3363,6,205,75
10157,3363,75,3384
205,10157,3384,936
75,205,936,4
3384,75,4,77
936,3384,77,21
4,936,21,18
77,4,18,2343
21,77,2343,81
18,21,81,521
2343,18,521,5591
81,2343,5591,151
521,81,151,152
5591,521,152,323
151,5591,323,9
152,151,9,157
323,152,157,95098
9,323,95098,411
157,9,411,6
95098,157,6,2
411,95098,2,304
6,411,304,3
2,6,3,20227
304,2,20227,128
3,304,128,153
20227,3,153,6
128,20227,6,54
153,128,54,11
6,153,11,14
54,6,14,3341
11,54,3341,1089
14,11,1089,5
3341,14,5,3107
1089,3341,3107,7487
5,1089,7487,21
3107,5,21,512
7487,3107,512,98632
21,7487,98632,6
512,21,6,3363
98632,512,3363,10157
6,98632,10157,523
3363,6,523,50
10157,3363,50,1407
523,10157,1407,13130
50,523,13130,806
1407,50,806,5
13130,1407,5,581
806,13130,581,8
5,806,8,50
581,5,50,208
8,581,208,2871
50,8,2871,211
208,50,211,8794
2871,208,8794,5
211,2871,5,7487
8794,211,7487,31
5,8794,31,50
7487,5,50,3107
31,7487,3107,11
50,31,11,28
3107,50,28,6
11,3107,6,97482
28,11,97482,172
6,28,172,410
97482,6,410,6
172,97482,6,22
410,172,22,563
6,410,563,936
22,6,936,1884
563,22,1884,6531
936,563,6531,897
1884,936,897,8
6531,1884,8,11
897,6531,11,485
8,897,485,7744
11,8,7744,3131
485,11,3131,8
7744,485,8,2248
3131,7744,2248,1863
8,3131,1863,5
2248,8,5,3121
1863,2248,3121,13110
5,1863,13110,17404
3121,5,17404,693
13110,3121,693,575
17404,13110,575,326
693,17404,326,30043
575,693,30043,6
326,575,6,2
30043,326,2,111
6,30043,111,6
2,6,6,410
111,2,410,6
6,111,6,484
410,6,484,56
6,410,56,6531
484,6,6531,14
56,484,14,80
6531,56,80,6
14,6531,6,410
80,14,410,59
6,80,59,30043
410,6,30043,1285
59,410,1285,1863
30043,59,1863,184
1285,30043,184,3
1863,1285,3,951
184,1863,951,3353
3,184,3353,390
951,3,390,44678
3353,951,44678,3
390,3353,3,951
44678,390,951,3353
3,44678,3353,6531
951,3,6531,228
3353,951,228,66567
6531,3353,66567,36162
228,6531,36162,4
66567,228,4,2612
36162,66567,2612,523
4,36162,523,31
2612,4,31,14
523,2612,14,508
31,523,508,9
14,31,9,22
508,14,22,179
9,508,179,12
22,9,12,9058
179,22,9058,3128
12,179,3128,4
9058,12,4,331
3128,9058,331,52
4,3128,52,11
331,4,11,13
52,331,13,485
11,52,485,98
13,11,98,520
485,13,520,829
98,485,829,37
520,98,37,30043
829,520,30043,1863
37,829,1863,7
30043,37,7,569
1863,30043,569,541
7,1863,541,83
569,7,83,53
541,569,53,2944
83,541,2944,6531
53,83,6531,7
2944,53,7,485
6531,2944,485,254
7,6531,254,3
485,7,3,36162
254,485,36162,7
3,254,7,569
36162,3,569,541
7,36162,541,3
569,7,3,65421
541,569,65421,51
3,541,51,115
65421,3,115,20
51,65421,20,242
115,51,242,9
20,115,9,421
242,20,421,4
9,242,4,86828
421,9,86828,136
4,421,136,92029
86828,4,92029,2349
136,86828,2349,2088
92029,136,2088,12083
2349,92029,12083,1093
2088,2349,1093,56
12083,2088,56,11
1093,12083,11,2
56,1093,2,105
11,56,105,2922
2,11,2922,21
105,2,21,2
2922,105,2,39
21,2922,39,47536
2,21,47536,230
39,2,230,17
47536,39,17,741
230,47536,741,3
17,230,3,17
741,17,17,177
3,741,177,5
17,3,5,22
177,17,22,25091
5,177,25091,177
22,5,177,5
25091,22,5,10
177,25091,10,48131
5,177,48131,41
10,5,41,6531
48131,10,6531,7
41,48131,7,7746
6531,41,7746,973
7,6531,973,4
7746,7,4,2
973,7746,2,1481
4,973,1481,5353
2,4,5353,9
1481,2,9,421
5353,1481,421,39
9,5353,39,25
421,9,25,20
39,421,20,121
25,39,121,326
20,25,326,22
121,20,22,2326
326,121,2326,23
22,326,23,2789
2326,22,2789,703
23,2326,703,54
2789,23,54,5854
703,2789,5854,12
54,703,12,57843
5854,54,57843,209
12,5854,209,954
57843,12,954,914
209,57843,914,1486
954,209,1486,6531
914,954,6531,1302
1486,914,1302,1557
6531,1486,1557,19076
1302,6531,19076,13
1557,1302,13,1126
19076,1557,1126,61
13,19076,61,129
1126,13,129,170
61,1126,170,10
129,61,10,97295
170,129,97295,57
10,170,57,357
97295,10,357,2118
57,97295,2118,5
357,57,5,1340
2118,357,1340,6531
5,2118,6531,4
1340,5,4,22
6531,1340,22,33677
4,6531,33677,16
22,4,16,253
33677,22,253,3
16,33677,3,5364
253,16,5364,24
3,253,24,421
5364,3,421,39
24,5364,39,5400
421,24,5400,850
10280,557,1943,2
2793,10280,2,2121
1943,2793,2121,857
2,1943,857,712
2121,2,712,747
857,2121,747,6
712,857,6,6995
747,712,6995,936
6,747,936,23
6995,6,23,275
936,6995,275,45
23,936,45,4
275,23,4,10756
45,275,10756,889
4,45,889,6
10756,4,6,1185
889,10756,1185,7159
6,889,7159,167
1185,6,167,6
7159,1185,6,66
167,7159,66,46
6,167,46,42
66,6,42,8
46,66,8,2233
42,46,2233,3
8,42,3,9999
2233,8,9999,226
3,2233,226,2225
9999,3,2225,98064
226,9999,98064,14
2225,226,14,64
98064,2225,64,2247
14,98064,2247,366
64,14,366,5
2247,64,5,1445
366,2247,1445,29
5,366,29,1032
1445,5,1032,624
29,1445,624,15620
1032,29,15620,10465
624,1032,10465,28
15620,624,28,53
10465,15620,53,50
28,10465,50,571
53,28,571,527
50,53,527,8
571,50,8,103
527,571,103,2793
8,527,2793,46
103,8,46,54
2793,103,54,1498
46,2793,1498,4589
54,46,4589,4459
1498,54,4459,2055
4589,1498,2055,72
4459,4589,72,75
2055,4459,75,353
72,2055,353,46
75,72,46,50
353,75,50,1863
46,353,1863,1687
50,46,1687,11
1863,50,11,1094
1687,1863,1094,8
11,1687,8,2182
1094,11,2182,1405
8,1094,1405,36
2182,8,36,467
1405,2182,467,35
36,1405,35,151
467,36,151,1261
35,467,1261,50
151,35,50,3
1261,151,3,51523
50,1261,51523,103
3,50,103,2793
51523,3,2793,1959
103,51523,1959,373
2793,103,373,2055
1959,2793,2055,620
373,1959,620,1035
2055,373,1035,1046
620,2055,1046,1733
1035,620,1733,1489
1046,1035,1489,2
1733,1046,2,889
1489,1733,889,5
2,1489,5,941
889,2,941,267
5,889,267,4
941,5,4,2182
267,941,2182,843
4,267,843,2373
2182,4,2373,9
843,2182,9,857
2373,843,857,712
9,2373,712,1635
857,9,1635,19
712,857,19,1185
1635,712,1185,166
19,1635,166,639
1185,19,639,637
166,1185,637,4
639,166,4,57
637,639,57,151
4,637,151,1021
57,4,1021,943
151,57,943,3
1021,151,3,251
943,1021,251,9
3,943,9,443
251,3,443,923
9,251,923,6
443,9,6,1185
923,443,1185,4
6,923,4,4
1185,6,4,117
4,1185,117,3
4,4,3,3575
117,4,3575,581
3,117,581,175
3575,3,175,2182
581,3575,2182,1405
175,581,1405,4
2182,175,4,2121
1405,2182,2121,214
4,1405,214,12067
2121,4,12067,167
214,2121,167,747
12067,214,747,324
167,12067,324,23
747,167,23,2
324,747,2,3910
23,324,3910,60
2,23,60,9
3910,2,9,1185
60,3910,1185,2
9,60,2,1006
1185,9,1006,232
2,1185,232,8
1006,2,8,614
232,1006,614,9584
8,232,9584,278
614,8,278,350
9584,614,350,41
278,9584,41,1059
350,278,1059,65
41,350,65,98
1059,41,98,57
65,1059,57,226
98,65,226,6
57,98,6,108
226,57,108,4
6,226,4,13
108,6,13,388
4,108,388,3575
13,4,3575,794
388,13,794,15
3575,388,15,2182
794,3575,2182,1405
15,794,1405,8
2182,15,8,13
1405,2182,13,274
8,1405,274,889
13,8,889,550
274,13,550,6
889,274,6,128
550,889,128,281
6,550,281,81868
128,6,81868,45
281,128,45,23
81868,281,23,712
45,81868,712,13
23,45,13,47
712,23,47,8548
13,712,8548,8
47,13,8,1405
8548,47,1405,5
8,8548,5,8272
1405,8,8272,639
5,1405,639,97
8272,5,97,36
639,8272,36,13295
97,639,13295,40
36,97,40,873
13295,36,873,2
40,13295,2,3013
873,40,3013,4291
2,873,4291,46
3013,2,46,54
4291,3013,54,10
46,4291,10,7
54,46,7,509
10,54,509,75
7,10,75,1687
509,7,1687,46
75,509,46,3
1687,75,3,1061
46,1687,1061,8
3,46,8,1185
1061,3,1185,1986
8,1061,1986,85
1185,8,85,40
1986,1185,40,17
85,1986,17,621
40,85,621,6
17,40,6,2
621,17,2,1106
6,621,1106,62201
2,6,62201,2889
1106,2,2889,24
62201,1106,24,1185
2889,62201,1185,85680
24,2889,85680,39
1185,24,39,710
85680,1185,710,822
39,85680,822,2
710,39,2,368
822,710,368,5
2,822,5,1021
368,2,1021,747
5,368,747,746
1021,5,746,6995
747,1021,6995,1733
746,747,1733,1489
6995,746,1489,4689
1733,6995,4689,4
1489,1733,4,5708
4689,1489,5708,2
4,4689,2,1349
5708,4,1349,4771
2,5708,4771,15
1349,2,15,38
4771,1349,38,435
15,4771,435,3397
38,15,3397,59
435,38,59,2
3397,435,2,529
59,3397,529,2793
2,59,2793,30
529,2,30,198
2793,529,198,405
30,2793,405,81
198,30,81,4
405,198,4,693
81,405,693,310
4,81,310,5848
693,4,5848,796
310,693,796,363
5848,310,363,2484
796,5848,2484,2185
363,796,2185,15
2484,363,15,16732
2185,2484,16732,1488
15,2185,1488,4
16732,15,4,4330
1488,16732,4330,8
4,1488,8,4203
4330,4,4203,13
8,4330,13,855
4203,8,855,9
13,4203,9,93551
855,13,93551,14
9,855,14,2
93551,9,2,3088
14,93551,3088,6
2,14,6,311
3088,2,311,5
6,3088,5,6995
311,6,6995,28
5,311,28,76993
6995,5,76993,87791
28,6995,87791,573
76993,28,573,5
87791,76993,5,14960
573,87791,14960,5
5,573,5,166
14960,5,166,1808
5,14960,1808,506
166,5,506,637
1808,166,637,36
506,1808,36,76182
637,506,76182,6375
36,637,6375,13496
76182,36,13496,710
6375,76182,710,28
13496,6375,28,167
710,13496,167,50
28,710,50,1328
167,28,1328,56
50,167,56,15
1328,50,15,1344
56,1328,1344,2487
15,56,2487,19774
1344,15,19774,15
2487,1344,15,2851
19774,2487,2851,50124
15,19774,50124,92
2851,15,92,500
50124,2851,500,747
92,50124,747,459
500,92,459,439
747,500,439,3737
459,747,3737,6
439,459,6,4280
3737,439,4280,1198
6,3737,1198,3131
4280,6,3131,3
1198,4280,3,45
3131,1198,45,489
3,3131,489,2481
45,3,2481,10
489,45,10,28
2481,489,28,5
10,2481,5,2481
28,10,2481,50
5,28,50,6
2481,5,6,718
50,2481,718,999
6,50,999,46
718,6,46,4
999,718,4,2
46,999,2,1395
4,46,1395,151
2,4,151,28
1395,2,28,90
151,1395,90,5
28,151,5,81
90,28,81,13
5,90,13,52834
81,5,52834,3088
13,81,3088,2377
52834,13,2377,2
3088,52834,2,17487
2377,3088,17487,29
2,2377,29,1165
17487,2,1165,2121
29,17487,2121,787
1165,29,787,77
2121,1165,77,4697
787,2121,4697,2225
77,787,2225,1629
4697,77,1629,6
2225,4697,6,1185
1629,2225,1185,28
6,1629,28,25686
1185,6,25686,33946
28,1185,33946,4
25686,28,4,1459
33946,25686,1459,23
4,33946,23,197
1459,4,197,73771
23,1459,73771,28
197,23,28,167
73771,197,167,77
28,73771,77,17
167,28,17,179
77,167,179,5
17,77,5,151
179,17,151,2008
5,179,2008,3
151,5,3,7461
2008,151,7461,13295
3,2008,13295,36
7461,3,36,10
13295,7461,10,41
36,13295,41,1277
10,36,1277,2328
41,10,2328,2040
1277,41,2040,3
2328,1277,3,218
2040,2328,218,794
3,2040,794,1185
218,3,1185,1197
794,218,1197,8
1185,794,8,467
1197,1185,467,35
8,1197,35,151
467,8,151,40
35,467,40,685
151,35,685,88
40,151,88,24
685,40,24,10240
88,685,10240,101415
24,88,101415,34678
10240,24,34678,974
101415,10240,974,77
34678,101415,77,96
974,34678,96,293
77,974,293,2
96,77,2,5886
293,96,5886,594
2,293,594,6
5886,2,6,1070
594,5886,1070,5
6,594,5,90
1070,6,90,6661
5,1070,6661,3
90,5,3,13295
6661,90,13295,33946
3,6661,33946,28
13295,3,28,6
33946,13295,6,5009
28,33946,5009,300
6,28,300,501
5009,6,501,190
300,5009,190,6227
501,300,6227,9
190,501,9,7
6227,190,7,81241
9,6227,81241,7405
7,9,7405,676
81241,7,676,1558
7405,81241,1558,56
676,7405,56,23
1558,676,23,1303
56,1558,1303,5
23,56,5,2793
1303,23,2793,4
5,1303,4,620
2793,5,620,6995
4,2793,6995,1572
620,4,1572,2
6995,620,2,3821
1572,6995,3821,624
2,1572,624,60740
3821,2,60740,47034
624,3821,47034,2745
60740,624,2745,2481
47034,60740,2481,76
2745,47034,76,4203
2481,2745,4203,3533
76,2481,3533,4880
4203,76,4880,4657
3533,4203,4657,46
4880,3533,46,1876
4657,4880,1876,3
46,4657,3,63
1876,46,63,9814
3,1876,9814,9552
63,3,9552,4657
9814,63,4657,894
9552,9814,894,90
4657,9552,90,908
894,4657,908,5
90,894,5,1720
908,90,1720,1629
5,908,1629,15
1720,5,15,3673
1629,1720,3673,3
15,1629,3,1710
3673,15,1710,23
3,3673,23,785
1710,3,785,2705
23,1710,2705,6
785,23,6,355
2705,785,355,4657
6,2705,4657,1336
355,6,1336,44603
4657,355,44603,747
1336,4657,747,589
44603,1336,589,2373
747,44603,2373,746
589,747,746,9056
2373,589,9056,1046
746,2373,1046,2550
9056,746,2550,7022
1046,9056,7022,167
2550,1046,167,4
7022,2550,4,68
167,7022,68,1174
4,167,1174,92
68,4,92,95041
1174,68,95041,2121
92,1174,2121,92
95041,92,92,1937
2121,95041,1937,2
92,2121,2,3013
1937,92,3013,39
2,1937,39,9632
3013,2,9632,2835
39,3013,2835,806
9632,39,806,8
2835,9632,8,822
806,2835,822,532
8,806,532,5
822,8,5,3131
532,822,3131,8067
5,532,8067,36
3131,5,36,3643
8067,3131,3643,1245
36,8067,1245,36
3643,36,36,806
1245,3643,806,8
36,1245,8,392
806,36,392,2
8,806,2,1329
392,8,1329,5
2,392,5,2895
1329,2,2895,2
5,1329,2,1007
2895,5,1007,1289
2,2895,1289,152
1007,2,152,528
1289,1007,528,26
152,1289,26,77
528,152,77,322
26,528,322,2
77,26,2,601
322,77,601,9632
2,322,9632,52
601,2,52,26
9632,601,26,7
52,9632,7,21
26,52,21,56888
7,26,56888,45
21,7,45,425
56888,21,425,118
45,56888,118,2160
425,45,2160,3
118,425,3,656
2160,118,656,672
3,2160,672,4
656,3,4,57
672,656,57,338
4,672,338,152
57,4,152,1087
338,57,1087,9
152,338,9,363
1087,152,363,509
9,1087,509,75
363,9,75,3131
509,363,3131,10
75,509,10,14
3131,75,14,21
10,3131,21,314
14,10,314,52
21,14,52,874
314,21,874,13
52,314,13,2937
874,52,2937,656
13,874,656,3
2937,13,3,1087
656,2937,1087,29
3,656,29,1185
1087,3,1185,465
29,1087,465,115
1185,29,115,1937
465,1185,1937,9632
115,465,9632,579
1937,115,579,21231
9632,1937,21231,2
579,9632,2,39
21231,579,39,724
2,21231,724,10465
39,2,10465,873
724,39,873,2
10465,724,2,7234
873,10465,7234,158
2,873,158,7344
7234,2,7344,1088
158,7234,1088,9
7344,158,9,3131
1088,7344,3131,944
9,1088,944,4
3131,9,4,28
944,3131,28,1185
4,944,1185,13
28,4,13,47
1185,28,47,1289
13,1185,1289,37
47,13,37,151
1289,47,151,7258
37,1289,7258,3
151,37,3,6331
7258,151,6331,28017
3,7258,28017,76
6331,3,76,60
28017,6331,60,30
76,28017,30,18
60,76,18,47
30,60,47,2730
18,30,2730,625
47,18,625,294
2730,47,294,292
625,2730,292,24
294,625,24,76
292,294,76,2182
24,292,2182,1405
76,24,1405,4
2182,76,4,3335
1405,2182,3335,304
4,1405,304,8
3335,4,8,856
304,3335,856,1863
8,304,1863,3251
856,8,3251,40
1863,856,40,17
3251,1863,17,326
40,3251,326,3
17,40,3,1185
326,17,1185,4
3,326,4,8
1185,3,8,168
4,1185,168,104
8,4,104,3251
168,8,3251,2029
104,168,2029,40
3251,104,40,17
2029,3251,17,392
40,2029,392,6
17,40,6,1185
392,17,1185,10465
6,392,10465,134
1185,6,134,523
10465,1185,523,501
134,10465,501,7
523,134,7,151
501,523,151,5727
7,501,5727,44700
151,7,44700,2182
5727,151,2182,1405
44700,5727,1405,36
2182,44700,36,3335
1405,2182,3335,77
36,1405,77,1362
3335,36,1362,2
77,3335,2,8579
1362,77,8579,5
2,1362,5,270
8579,2,270,1083
5,8579,1083,343
270,5,343,10465
1083,270,10465,28
343,1083,28,2853
10465,343,2853,8
28,10465,8,95
2853,28,95,405
8,2853,405,167
95,8,167,40
405,95,40,17
167,405,17,1693
40,167,1693,4
17,40,4,92863
1693,17,92863,28
4,1693,28,874
92863,4,874,13
28,92863,13,3845
874,28,3845,23
13,874,23,275
3845,13,275,103
23,3845,103,2519
275,23,2519,5397
103,275,5397,1863
2519,103,1863,3154
5397,2519,3154,6
1863,5397,6,268
3154,1863,268,258
6,3154,258,44
268,6,44,6
258,268,6,6995
44,258,6995,4
6,44,4,74498
6995,6,74498,13
4,6995,13,47
74498,4,47,12
13,74498,12,3152
47,13,3152,75
12,47,75,1185
3152,12,1185,596
75,3152,596,3
1185,75,3,123
596,1185,123,2
3,596,2,41
123,3,41,1980
2,123,1980,564
41,2,564,6
1980,41,6,2743
564,1980,2743,838
6,564,838,102
2743,6,102,467
838,2743,467,35
102,838,35,151
467,102,151,1185
35,467,1185,1893
151,35,1893,61
1185,151,61,10
1893,1185,10,292
61,1893,292,3
10,61,3,43
292,10,43,1706
3,292,1706,3
43,3,3,1935
1706,43,1935,603
3,1706,603,2456
1935,3,2456,12
603,1935,12,1715
2456,603,1715,151
12,2456,151,6
1715,12,6,278
151,1715,278,4
6,151,4,1328
278,6,1328,56
4,278,56,2
1328,4,2,1504
56,1328,1504,217
2,56,217,5
1504,2,5,971
217,1504,971,12
5,217,12,151
971,5,151,682
12,971,682,204
151,12,204,13
682,151,13,68
204,682,68,2229
13,204,2229,7729
68,13,7729,12
2229,68,12,2267
7729,2229,2267,5
12,7729,5,604
2267,12,604,92
5,2267,92,644
604,5,644,1687
92,604,1687,777
644,92,777,6
1687,644,6,278
777,1687,278,4
6,777,4,1454
278,6,1454,3992
4,278,3992,2121
1454,4,2121,4684
3992,1454,4684,2
2121,3992,2,281
4684,2121,281,60
2,4684,60,6
281,2,6,268
60,281,268,26691
6,60,26691,2
268,6,2,1321
26691,268,1321,725
2,26691,725,794
