2125,243,423,120
6,2125,120,7
423,6,7,569
120,423,569,1222
7,120,1222,98
569,7,98,565
1222,569,565,8
98,1222,8,38
565,98,38,641
8,565,641,5
38,8,5,2
641,38,2,1819
5,641,1819,7
2,5,7,4988
1819,2,4988,36
7,1819,36,84550
4988,7,84550,135
36,4988,135,195
84550,36,195,3824
135,84550,3824,3550
195,135,3550,4711
3824,195,4711,202
3550,3824,202,37
4711,3550,37,1608
202,4711,1608,268
37,202,268,254
1608,37,254,26
268,1608,26,7
254,268,7,80
26,254,80,18
7,26,18,38
80,7,38,309
18,80,309,26389
38,18,26389,11
309,38,11,1512
26389,309,1512,202
11,26389,202,9
1512,11,9,749
202,1512,749,60
9,202,60,12
749,9,12,915
60,749,915,185
12,60,185,472
915,12,472,5
185,915,5,5247
472,185,5247,705
5,472,705,1065
5247,5,1065,12
705,5247,12,262
1065,705,262,58471
12,1065,58471,1528
262,12,1528,2
58471,262,2,200
1528,58471,200,12
2,1528,12,1616
200,2,1616,8
12,200,8,2074
1616,12,2074,283
8,1616,283,5
2074,8,5,157
283,2074,157,225
5,283,225,200
157,5,200,7
225,157,7,901
200,225,901,65
7,200,65,200
901,7,200,26
65,901,26,2352
200,65,2352,24
26,200,24,1616
2352,26,1616,1864
24,2352,1864,3550
1616,24,3550,28
1864,1616,28,6
3550,1864,6,2
28,3550,2,39
6,28,39,724
2,6,724,8
39,2,8,3042
724,39,3042,589
8,724,589,5
3042,8,5,225
589,3042,225,928
5,589,928,20
225,5,20,1894
928,225,1894,169
20,928,169,5
1894,20,5,225
169,1894,225,10
5,169,10,21
225,5,21,86
10,225,86,1894
21,10,1894,38
86,21,38,283
1894,86,283,10
38,1894,10,1894
283,38,1894,520
10,283,520,335
1894,10,335,5
520,1894,5,62
335,520,62,26
5,335,26,1016
62,5,1016,38
26,62,38,83
1016,26,83,246
38,1016,246,9
83,38,9,283
246,83,283,73840
9,246,73840,843
283,9,843,1333
73840,283,1333,9
843,73840,9,41
1333,843,41,915
9,1333,915,2159
41,9,2159,50
915,41,50,5388
2159,915,5388,15
50,2159,15,58
5388,50,58,792
15,5388,792,335
58,15,335,3
792,58,3,4528
335,792,4528,106
3,335,106,12
4528,3,12,8
106,4528,8,80465
12,106,80465,18
8,12,18,412
80465,8,412,29
18,80465,29,1036
412,18,1036,9
29,412,9,681
1036,29,681,29
9,1036,29,20
681,9,20,14
29,681,14,21
20,29,21,325
14,20,325,532
21,14,532,9
325,21,9,111
532,325,111,58
9,532,58,19
111,9,19,239
58,111,239,4
19,58,4,1352
239,19,1352,12
4,239,12,44
1352,4,44,12
12,1352,12,647
44,12,647,9
12,44,9,290
647,12,290,651
9,647,651,7817
290,9,7817,2450
651,290,2450,63
7817,651,63,5
2450,7817,5,1423
63,2450,1423,4777
5,63,4777,440
1423,5,440,2315
4777,1423,2315,4
440,4777,4,665
2315,440,665,1556
4,2315,1556,1579
665,4,1579,134
1556,665,134,11577
1579,1556,11577,10301
134,1579,10301,335
11577,134,335,3
10301,11577,3,1711
335,10301,1711,200
3,335,200,14
1711,3,14,2
200,1711,2,2221
14,200,2221,192
2,14,192,9
2221,2,9,41
192,2221,41,4050
9,192,4050,232
41,9,232,31
4050,41,31,653
232,4050,653,8
31,232,8,200
653,31,200,326
8,653,326,732
200,8,732,519
326,200,519,613
732,326,613,3
519,732,3,225
613,519,225,4
3,613,4,534
225,3,534,45
4,225,45,23
534,4,23,2
45,534,2,60
23,45,60,8
2,23,8,97
60,2,97,14
8,60,14,400
97,8,400,3
14,97,3,1899
400,14,1899,10
3,400,10,144
1899,3,144,805
10,1899,805,5
144,10,5,150
805,144,150,24259
5,805,24259,939
150,5,939,3
24259,150,3,17
939,24259,17,5902
3,939,5902,200
17,3,200,4
5902,17,4,519
200,5902,519,8
4,200,8,14
519,4,14,118
8,519,118,326
14,8,326,14
118,14,14,21
326,118,21,2
14,326,2,131
21,14,131,201
2,21,201,42
131,2,42,58
201,131,58,964
42,201,964,2157
58,42,2157,326
964,58,326,5
2157,964,5,1331
326,2157,1331,28
5,326,28,2158
1331,5,2158,8
28,1331,8,200
2158,28,200,14
8,2158,14,21
200,8,21,110
14,200,110,2379
21,14,2379,6
110,21,6,21662
2379,110,21662,40
6,2379,40,2351
21662,6,2351,8
40,21662,8,67
2351,40,67,97
8,2351,97,757
67,8,757,186
97,67,186,60
757,97,60,2532
186,757,2532,12
60,186,12,104
2532,60,104,131
12,2532,131,4229
104,12,4229,338
131,104,338,139
4229,131,139,87
338,4229,87,8
139,338,8,5077
87,139,5077,43
8,87,43,24
5077,8,24,2100
43,5077,2100,288
24,43,288,519
2100,24,519,120
288,2100,120,7
519,288,7,113
120,519,113,30
7,120,30,18
113,7,18,136
30,113,136,1189
18,30,1189,922
136,18,922,3
1189,136,3,1457
922,1189,1457,166
3,922,166,11
1457,3,11,17790
166,1457,17790,58
11,166,58,365
17790,11,365,302
58,17790,302,5
365,58,5,111
302,365,111,6
5,302,6,111
111,5,111,681
6,111,681,256
111,6,256,975
681,111,975,13
256,681,13,7975
975,256,7975,15
13,975,15,222
7975,13,222,12
15,7975,12,2
222,15,2,1573
12,222,1573,5
2,12,5,200
1573,2,200,4
5,1573,4,6
200,5,6,76
4,200,76,187
6,4,187,38
76,6,38,941
187,76,941,13
38,187,13,7668
941,38,7668,975
13,941,975,2168
7668,13,2168,1022
975,7668,1022,75
2168,975,75,3903
1022,2168,3903,85
75,1022,85,202
3903,75,202,724
85,3903,724,84
202,85,84,13
724,202,13,232
84,724,232,211
13,84,211,1434
232,13,1434,232
211,232,232,3097
1434,211,3097,5
232,1434,5,90
3097,232,90,5
5,3097,5,104
90,5,104,232
5,90,232,4
104,5,4,95
232,104,95,31
4,232,31,929
95,4,929,2660
31,95,2660,847
929,31,847,3
2660,929,3,567
847,2660,567,38
3,847,38,195
567,3,195,132
38,567,132,2223
195,38,2223,475
132,195,475,77728
2223,132,77728,7
475,2223,7,2
77728,475,2,961
7,77728,961,2630
2,7,2630,6
961,2,6,724
2630,961,724,8
6,2630,8,30
724,6,30,14
8,724,14,3
30,8,3,317
14,30,317,1053
3,14,1053,8
317,3,8,55
1053,317,55,96
8,1053,96,2
55,8,2,841
96,55,841,9
2,96,9,70
841,2,70,45
9,841,45,4
70,9,4,21
45,70,21,123
4,45,123,4
21,4,4,9470
123,21,9470,217
4,123,217,5
9470,4,5,5398
217,9470,5398,106
5,217,106,8
5398,5,8,230
106,5398,230,17
8,106,17,201
230,8,201,9
17,230,9,2
201,17,2,69
9,201,69,2
2,9,2,36
69,2,36,93
2,69,93,45
36,2,45,5991
93,36,5991,61
45,93,61,9671
5991,45,9671,134
61,5991,134,55997
9671,61,55997,673
134,9671,673,58
55997,134,58,964
673,55997,964,1477
58,673,1477,10271
964,58,10271,31
1477,964,31,28
10271,1477,28,11
31,10271,11,14
28,31,14,646
11,28,646,6
14,11,6,1012
646,14,1012,37
6,646,37,200
1012,6,200,28
37,1012,28,1216
200,37,1216,5
28,200,5,43
1216,28,43,796
5,1216,796,10
43,5,10,56516
796,43,56516,1093
10,796,1093,56
56516,10,56,8
1093,56516,8,232
56,1093,232,106
8,56,106,12
232,8,12,183
106,232,183,200
12,106,200,128
183,12,128,66
200,183,66,4
128,200,4,28
66,128,28,84
4,66,84,53
28,4,53,7
84,28,7,2
53,84,2,594
7,53,594,140
2,7,140,53
594,2,53,104912
140,594,104912,5
53,140,5,1187
104912,53,1187,24
5,104912,24,6003
1187,5,6003,101
24,1187,101,151
6003,24,151,5407
101,6003,5407,12
151,101,12,15012
5407,151,15012,2450
12,5407,2450,28
15012,12,28,843
2450,15012,843,23
28,2450,23,2642
843,28,2642,9
23,843,9,290
2642,23,290,365
9,2642,365,1466
290,9,1466,5
365,290,5,464
1466,365,464,673
5,1466,673,58
464,5,58,96189
673,464,96189,485
58,673,485,320
96189,58,320,15438
485,96189,15438,15012
320,485,15012,370
15438,320,370,207
15012,15438,207,373
370,15012,373,20
207,370,20,736
373,207,736,12
20,373,12,503
736,20,503,11
12,736,11,4261
503,12,4261,139
11,503,139,2
4261,11,2,304
139,4261,304,75
2,139,75,429
304,2,429,106
75,304,106,254
429,75,254,11
106,429,11,165
254,106,165,14
11,254,14,165
165,11,165,2848
14,165,2848,1825
165,14,1825,915
2848,165,915,200
1825,2848,200,1018
915,1825,1018,200
200,915,200,142
1018,200,142,3
200,1018,3,65398
142,200,65398,934
3,142,934,7
65398,3,7,3
934,65398,3,346
7,934,346,2
3,7,2,107
346,3,107,3
2,346,3,93
107,2,93,20
3,107,20,1053
93,3,1053,6
20,93,6,10
1053,20,10,325
6,1053,325,451
10,6,451,729
325,10,729,11
451,325,11,17794
729,451,17794,2932
11,729,2932,2875
17794,11,2875,5
2932,17794,5,1613
2875,2932,1613,824
5,2875,824,5
1613,5,5,200
824,1613,200,8
5,824,8,7
200,5,7,93
8,200,93,2
7,8,2,106
93,7,106,134
2,93,134,523
106,2,523,11
134,106,11,14
523,134,14,3562
11,523,3562,4
14,11,4,28
3562,14,28,11
4,3562,11,14
28,4,14,2084
11,28,2084,705
14,11,705,40
2084,14,40,18
705,2084,18,893
40,705,893,11
18,40,11,28
893,18,28,11
11,893,11,7
28,11,7,194
11,28,194,22
7,11,22,195
194,7,195,1559
22,194,1559,3
195,22,3,794
1559,195,794,9
3,1559,9,6003
794,3,6003,101
9,794,101,200
6003,9,200,4
101,6003,4,28
200,101,28,11
4,200,11,13
28,4,13,38
11,28,38,357
13,11,357,5
38,13,5,2070
357,38,2070,111
5,357,111,40
2070,5,40,1409
111,2070,1409,514
40,111,514,2
1409,40,2,106
514,1409,106,12
2,514,12,10
3640,308,43,39
770,3640,39,3640
43,770,3640,196
39,43,196,90
3640,39,90,2146
196,3640,2146,16
90,196,16,3235
2146,90,3235,15
16,2146,15,4779
3235,16,4779,196
15,3235,196,90
4779,15,90,2146
196,4779,2146,16
90,196,16,3235
2146,90,3235,15
16,2146,15,4779
3235,16,4779,336
15,3235,336,30
4779,15,30,1346
336,4779,1346,24
30,336,24,352
1346,30,352,8
24,1346,8,30
352,24,30,25
8,352,25,21
30,8,21,1346
25,30,1346,24
21,25,24,352
1346,21,352,2383
24,1346,2383,1626
352,24,1626,6129
2383,352,6129,36445
1626,2383,36445,14357
6129,1626,14357,714
36445,6129,714,412
14357,36445,412,3958
714,14357,3958,20
412,714,20,282
3958,412,282,65
20,3958,65,2
282,20,2,39
65,282,39,1186
2,65,1186,998
39,2,998,8
1186,39,8,239
998,1186,239,196
8,998,196,90
239,8,90,2146
196,239,2146,16
90,196,16,21
2146,90,21,72
16,2146,72,3235
21,16,3235,3
72,21,3,2682
3235,72,2682,29
3,3235,29,16
2682,3,16,340
29,2682,340,3235
16,29,3235,15
340,16,15,4779
3235,340,4779,2
15,3235,2,22376
4779,15,22376,181
2,4779,181,5
22376,2,5,70
181,22376,70,6952
5,181,6952,19
70,5,19,11507
6952,70,11507,109
19,6952,109,5
11507,19,5,2003
109,11507,2003,7855
5,109,7855,4
2003,5,4,5
7855,2003,5,3664
4,7855,3664,596
5,4,596,15
3664,5,15,304
596,3664,304,8
15,596,8,4779
304,15,4779,14
8,304,14,4
4779,8,4,165
14,4779,165,7
4,14,7,2
165,4,2,255
7,165,255,6
2,7,6,108
255,2,108,270
6,255,270,2146
108,6,2146,86
270,108,86,4173
2146,270,4173,462
86,2146,462,727
4173,86,727,5
462,4173,5,70
727,462,70,175
5,727,175,406
70,5,406,5
175,70,5,4
406,175,4,28
5,406,28,26
4,5,26,40
28,4,40,106
26,28,106,9
40,26,9,2
106,40,2,2035
9,106,2035,122
2,9,122,40
2035,2,40,155
122,2035,155,25
40,122,25,239
155,40,239,2
25,155,2,3
239,25,3,142
2,239,142,2
3,2,2,2708
142,3,2708,2682
2,142,2682,12
2708,2,12,57
2682,2708,57,435
12,2682,435,7
57,12,7,2197
435,57,2197,5888
7,435,5888,19
2197,7,19,5
5888,2197,5,95
19,5888,95,74
5,19,74,406
95,5,406,5
74,95,5,1013
406,74,1013,15
5,406,15,86
1013,5,86,5
15,1013,5,2146
86,15,2146,2344
5,86,2344,104
2146,5,104,284
2344,2146,284,944
104,2344,944,5
284,104,5,4779
944,284,4779,4631
5,944,4631,479
4779,5,479,16191
4631,4779,16191,1964
479,4631,1964,35
16191,479,35,2
1964,16191,2,1299
35,1964,1299,19
2,35,19,22376
1299,2,22376,42
19,1299,42,5
22376,19,5,594
42,22376,594,13
5,42,13,13
594,5,13,170
13,594,170,10
13,13,10,492
170,13,492,7
10,170,7,8
492,10,8,4
7,492,4,3060
8,7,3060,1207
4,8,1207,5
3060,4,5,70
1207,3060,70,13
5,1207,13,334
70,5,334,1585
13,70,1585,5
334,13,5,16828
1585,334,16828,213
5,1585,213,4
16828,5,4,10
213,16828,10,1682
4,213,1682,352
10,4,352,9
1682,10,9,507
352,1682,507,20
9,352,20,14
507,9,14,416
20,507,416,59
14,20,59,2
416,14,2,4765
59,416,4765,370
2,59,370,22492
4765,2,22492,331
370,4765,331,180
22492,370,180,51
331,22492,51,25
180,331,25,572
51,180,572,37
25,51,37,4779
572,25,4779,190
37,572,190,1850
4779,37,1850,2
190,4779,2,234
1850,190,234,5
2,1850,5,2346
234,2,2346,59
5,234,59,7
2346,5,7,726
59,2346,726,89
7,59,89,177
726,7,177,5
89,726,5,661
177,89,661,171
5,177,171,1242
661,5,1242,7200
171,661,7200,92
1242,171,92,12057
7200,1242,12057,3129
92,7200,3129,169
12057,92,169,45
3129,12057,45,395
169,3129,395,81
45,169,81,352
395,45,352,88
81,395,88,7778
352,81,7778,6505
88,352,6505,960
7778,88,960,3
6505,7778,3,20
960,6505,20,22376
3,960,22376,68
20,3,68,468
22376,20,468,43
68,22376,43,8
468,68,8,2
43,468,2,667
8,43,667,5
2,8,5,2146
667,2,2146,44
5,667,44,26
2146,5,26,178
44,2146,178,41
26,44,41,45
178,26,45,50
41,178,50,489
45,41,489,203
50,45,203,575
489,50,575,978
203,489,978,189
575,203,189,65
978,575,65,3119
189,978,3119,7660
65,189,7660,1003
3119,65,1003,10993
7660,3119,10993,3
1003,7660,3,7660
10993,1003,7660,17498
3,10993,17498,297
7660,3,297,454
17498,7660,454,6390
297,17498,6390,9
454,297,9,4021
6390,454,4021,5
9,6390,5,169
4021,9,169,5
5,4021,5,898
169,5,898,217
5,169,217,5
898,5,5,376
217,898,376,129
5,217,129,5
376,5,5,2146
129,376,2146,23
5,129,23,275
2146,5,275,1077
23,2146,1077,31
275,23,31,7660
1077,275,7660,14
31,1077,14,20
7660,31,20,55
14,7660,55,21
20,14,21,17
55,20,17,28
21,55,28,1539
17,21,1539,1402
28,17,1402,195
1539,28,195,12657
1402,1539,12657,98345
195,1402,98345,129
12657,195,129,5
98345,12657,5,2146
129,98345,2146,50
5,129,50,8910
2146,5,8910,15
50,2146,15,20
8910,50,20,687
15,8910,687,4880
20,15,4880,5
687,20,5,3129
4880,687,3129,169
5,4880,169,8616
3129,5,8616,129
169,3129,129,7
8616,169,7,116
129,8616,116,31
7,129,31,16677
116,7,16677,7200
31,116,7200,4
16677,31,4,372
7200,16677,372,1993
4,7200,1993,1408
372,4,1408,678
1993,372,678,5608
1408,1993,5608,11643
678,1408,11643,14
5608,678,14,15
11643,5608,15,1036
14,11643,1036,3
15,14,3,1726
1036,15,1726,9764
3,1036,9764,4
1726,3,4,5762
9764,1726,5762,9491
4,9764,9491,102266
5762,4,102266,15
9491,5762,15,678
102266,9491,678,50
15,102266,50,5137
678,15,5137,4
50,678,4,129
5137,50,129,21
4,5137,21,4143
129,4,4143,20
21,129,20,4127
4143,21,4127,801
20,4143,801,820
4127,20,820,352
801,4127,352,122
820,801,122,10
352,820,10,3501
122,352,3501,8
10,122,8,462
3501,10,462,727
8,3501,727,5
462,8,5,95
727,462,95,406
5,727,406,3
95,5,3,40
406,95,40,144
3,406,144,2
40,3,2,2035
144,40,2035,53
2,144,53,201
2035,2,201,4
53,2035,4,572
201,53,572,39
4,201,39,164
572,4,164,4
39,572,4,26
164,39,26,219
4,164,219,183
26,4,183,148
219,26,148,104
183,219,104,534
148,183,534,45
104,148,45,1750
534,104,1750,25
45,534,25,116
1750,45,116,51
25,1750,51,3802
116,25,3802,7
51,116,7,2
3802,51,2,7
7,3802,7,481
2,7,481,6
7,2,6,1360
481,7,1360,45
6,481,45,3
1360,6,3,72
45,1360,72,914
3,45,914,15557
72,3,15557,387
914,72,387,494
15557,914,494,145
387,15557,145,3
494,387,3,2
145,494,2,7093
3,145,7093,39
2,3,39,632
7093,2,632,289
39,7093,289,592
632,39,592,21
289,632,21,23
592,289,23,48
21,592,48,8597
23,21,8597,19
48,23,19,22
8597,48,22,2035
19,8597,2035,3879
22,19,3879,29
2035,22,29,122
3879,2035,122,26
29,3879,26,384
122,29,384,8
26,122,8,6279
384,26,6279,26
8,384,26,25
6279,8,25,178
26,6279,178,6
25,26,6,2035
178,25,2035,6
6,178,6,145
2035,6,145,100
6,2035,100,1549
145,6,1549,7514
100,145,7514,6
1549,100,6,209
7514,1549,209,20
6,7514,20,654
209,6,654,62
20,209,62,8
654,20,8,26
62,654,26,5246
8,62,5246,3
26,8,3,10
5246,26,10,334
3,5246,334,41
10,3,41,65
334,10,65,25
41,334,25,932
65,41,932,70
25,65,70,4
932,25,4,64
70,932,64,41
4,70,41,65
64,4,65,38
41,64,38,406
65,41,406,151
38,65,151,7
406,38,7,66
151,406,66,404
7,151,404,6
66,7,6,57
404,66,57,357
6,404,357,2146
57,6,2146,132
357,57,132,73
2146,357,73,357
132,2146,357,3802
73,132,3802,29
357,73,29,2
3802,357,2,15
29,3802,15,25
2,29,25,90
15,2,90,57
