141,187,379,18
772,141,18,28
379,772,28,8
18,379,8,53
28,18,53,416
8,28,416,8
53,8,8,583
416,53,583,14
8,416,14,3538
583,8,3538,303
14,583,303,6
3538,14,6,42
303,3538,42,57
6,303,57,187
42,6,187,1436
57,42,1436,18
187,57,18,47
1436,187,47,2160
18,1436,2160,3
47,18,3,1024
2160,47,1024,229
3,2160,229,583
1024,3,583,14
229,1024,14,7323
583,229,7323,36
14,583,36,39825
7323,14,39825,152
36,7323,152,181
39825,36,181,18
152,39825,18,2206
181,152,2206,3
18,181,3,583
2206,18,583,23
3,2206,23,80
583,3,80,3446
23,583,3446,29
80,23,29,95
3446,80,95,364
29,3446,364,103
95,29,103,3446
364,95,3446,8
103,364,8,50
3446,103,50,1498
8,3446,1498,19
50,8,19,8844
1498,50,8844,42
19,1498,42,5
8844,19,5,54
42,8844,54,14
5,42,14,2
54,5,2,119
14,54,119,933
2,14,933,4
119,2,4,190
933,119,190,933
4,933,933,120
190,4,120,434
933,190,434,5
120,933,5,583
434,120,583,14
5,434,14,253
583,5,253,4
14,583,4,6903
253,14,6903,64108
4,253,64108,51
6903,4,51,30
64108,6903,30,116
51,64108,116,37
30,51,37,187
116,30,187,292
37,116,292,12
187,37,12,1716
292,187,1716,24
12,292,24,861
1716,12,861,2198
24,1716,2198,60
861,24,60,2242
2198,861,2242,88771
60,2198,88771,1460
2242,60,1460,52496
88771,2242,52496,4
1460,88771,4,353
52496,1460,353,42666
4,52496,42666,693
353,4,693,310
42666,353,310,5156
693,42666,5156,1964
310,693,1964,4
5156,310,4,17290
1964,5156,17290,76486
4,1964,76486,4
17290,4,4,556
76486,17290,556,80583
4,76486,80583,20
556,4,20,1013
80583,556,1013,3
20,80583,3,257
1013,20,257,6306
3,1013,6306,497
257,3,497,9
6306,257,9,3446
497,6306,3446,211
9,497,211,220
3446,9,220,3446
211,3446,3446,184
220,211,184,3
3446,220,3,150
184,3446,150,583
3,184,583,1250
150,3,1250,1648
583,150,1648,880
1250,583,880,861
1648,1250,861,2198
880,1648,2198,60
861,880,60,2242
2198,861,2242,30613
60,2198,30613,6912
2242,60,6912,411
30613,2242,411,3
6912,30613,3,4
411,6912,4,932
3,411,932,5
4,3,5,583
932,4,583,23
5,932,23,3446
583,5,3446,2
23,583,2,66
3446,23,66,24
2,3446,24,3
66,2,3,8
24,66,8,154
3,24,154,56
8,3,56,3
154,8,3,4
56,154,4,932
3,56,932,5
4,3,5,583
932,4,583,2
5,932,2,105518
583,5,105518,129
2,583,129,5
105518,2,5,583
129,105518,583,23
5,129,23,3446
583,5,3446,4
23,583,4,4576
3446,23,4576,308
4,3446,308,2966
4576,4,2966,7
308,4576,7,136
2966,308,136,186
7,2966,186,677
136,7,677,50
186,136,50,4625
677,186,4625,303
50,677,303,8
4625,50,8,4
303,4625,4,932
8,303,932,5
4,8,5,566
932,4,566,7323
5,932,7323,583
566,5,583,2
7323,566,2,153
583,7323,153,36
2,583,36,2
153,2,2,66
36,153,66,46
2,36,46,3155
66,2,3155,4
46,66,4,932
3155,46,932,5
4,3155,5,258
932,4,258,1092
5,932,1092,3899
258,5,3899,47774
1092,258,47774,7323
3899,1092,7323,4
47774,3899,4,8728
7323,47774,8728,583
4,7323,583,18
8728,4,18,47
583,8728,47,3467
18,583,3467,170
47,18,170,3026
3467,47,3026,5
170,3467,5,98
3026,170,98,71795
5,3026,71795,583
98,5,583,14
71795,98,14,4905
583,71795,4905,583
14,583,583,16
4905,14,16,303
583,4905,303,9
16,583,9,2
303,16,2,2784
9,303,2784,5
2,9,5,337
2784,2,337,1436
5,2784,1436,18
337,5,18,21
1436,337,21,154
18,1436,154,61
21,18,61,15
154,21,15,1211
61,154,1211,36
15,61,36,2
1211,15,2,3026
36,1211,3026,6
2,36,6,98
3026,2,98,5
6,3026,5,264
98,6,264,65116
5,98,65116,98
264,5,98,5
65116,264,5,583
98,65116,583,50
5,98,50,2556
583,5,2556,3
50,583,3,332
2556,50,332,57
3,2556,57,76
332,3,76,268
57,332,268,167
76,57,167,12
268,76,12,220
167,268,220,3446
12,167,3446,73
220,12,73,7468
3446,220,7468,7467
73,3446,7467,6827
7468,73,6827,167
7467,7468,167,12
6827,7467,12,2736
167,6827,2736,16609
12,167,16609,1241
2736,12,1241,6642
16609,2736,6642,8420
1241,16609,8420,933
6642,1241,933,50
8420,6642,50,3538
933,8420,3538,2915
50,933,2915,29
3538,50,29,4
2915,3538,4,167
29,2915,167,55
4,29,55,17
167,4,17,4181
55,167,4181,2500
17,55,2500,261
4181,17,261,118
2500,4181,118,179
261,2500,179,5
118,261,5,2
179,118,2,119
5,179,119,4680
2,5,4680,528
119,2,528,6
4680,119,6,76
528,4680,76,187
6,528,187,1775
76,6,1775,1984
187,76,1984,15
1775,187,15,57
1984,1775,57,1302
15,1984,1302,46
57,15,46,73
1302,57,73,4262
46,1302,4262,4
73,46,4,717
4262,73,717,46
4,4262,46,3
717,4,3,2348
46,717,2348,626
3,46,626,3
2348,3,3,1935
626,2348,1935,167
3,626,167,12
1935,3,12,38
167,1935,38,83
12,167,83,2
38,12,2,197
83,38,197,259
2,83,259,425
197,2,425,37
259,197,37,258
425,259,258,3500
37,425,3500,23642
258,37,23642,6
3500,258,6,149
23642,3500,149,18
6,23642,18,661
149,6,661,141
18,149,141,772
661,18,772,158
141,661,158,16
772,141,16,1027
158,772,1027,2366
16,158,2366,378
1027,16,378,5
2366,1027,5,583
378,2366,583,465
5,378,465,15
583,5,15,2432
465,583,2432,24
15,465,24,221
2432,15,221,30
24,2432,30,25
221,24,25,116
30,221,116,59
25,30,59,104
116,25,104,291
59,116,291,34
104,59,34,1533
291,104,1533,36
34,291,36,229
1533,34,229,26
36,1533,26,2548
229,36,2548,18
26,229,18,362
2548,26,362,416
18,2548,416,3
362,18,3,1024
416,362,1024,229
3,416,229,2
1024,3,2,512
229,1024,512,14
2,229,14,56666
512,2,56666,268
14,512,268,6306
56666,14,6306,187
268,56666,187,18
6306,268,18,465
187,6306,465,20689
18,187,20689,12
465,18,12,6709
20689,465,6709,416
12,20689,416,8
6709,12,8,8306
416,6709,8306,3
8,416,3,62
8306,8,62,2
3,8306,2,583
62,3,583,14
2,62,14,3538
583,2,3538,303
14,583,303,29
3538,14,29,6
303,3538,6,264
29,303,264,66
6,29,66,16414
264,6,16414,5
66,264,5,95
16414,66,95,1340
5,16414,1340,13
95,5,13,47
1340,95,47,2325
13,1340,2325,36
47,13,36,71630
2325,47,71630,12
36,2325,12,220
71630,36,220,3446
12,71630,3446,18
220,12,18,47
3446,220,47,2
18,3446,2,3669
47,18,3669,729
2,47,729,5
3669,2,5,8733
729,3669,8733,834
5,729,834,6
8733,5,6,157
834,8733,157,220
6,834,220,933
157,6,933,13
220,157,13,47
933,220,47,2
13,933,2,2935
47,13,2935,4
2,47,4,2
2935,2,2,2191
4,2935,2191,236
2,4,236,9
2191,2,9,220
236,2191,220,157
9,236,157,4
220,9,4,8
157,220,8,146
4,157,146,10
8,4,10,4
146,8,4,3890
10,146,3890,809
4,10,809,9
3890,4,9,119
809,3890,119,4680
9,809,4680,430
119,9,430,3954
4680,119,3954,183
430,4680,183,933
3954,430,933,6
183,3954,6,2330
933,183,2330,120
6,933,120,860
2330,6,860,3088
120,2330,3088,721
860,120,721,14
3088,860,14,3870
721,3088,3870,6
14,721,6,1242
3870,14,1242,75
6,3870,75,42
1242,6,42,5
75,1242,5,10
42,75,10,1835
5,42,1835,943
10,5,943,2
1835,10,2,3565
943,1835,3565,3405
2,943,3405,6
3565,2,6,378
3405,3565,378,534
6,3405,534,1376
378,6,1376,50
534,378,50,489
1376,534,489,59
50,1376,59,401
489,50,401,4777
59,489,4777,933
401,59,933,6
4777,401,6,15704
933,4777,15704,14
6,933,14,7002
15704,6,7002,53
14,15704,53,14
7002,14,14,2
53,7002,2,1564
14,53,1564,5
2,14,5,24472
1564,2,24472,5
5,1564,5,220
24472,5,220,3446
5,24472,3446,6
220,5,6,413
3446,220,413,6
6,3446,6,4
413,6,4,2
6,413,2,220
4,6,220,933
2,4,933,6
220,2,6,2170
933,220,2170,14
6,933,14,3870
2170,6,3870,44
14,2170,44,63
3870,14,63,617
44,3870,617,71
63,44,71,14
617,63,14,73013
71,617,73013,5
14,71,5,220
73013,14,220,3446
5,73013,3446,19
220,5,19,119
3446,220,119,16
19,3446,16,21
119,19,21,8152
16,119,8152,593
21,16,593,561
8152,21,561,12
593,8152,12,933
561,593,933,583
12,561,583,115
933,12,115,364
583,933,364,561
115,583,561,9
364,115,9,220
561,364,220,3446
9,561,3446,6
220,9,6,994
3446,220,994,29
6,3446,29,30
994,6,30,25
29,994,25,18
30,29,18,76
25,30,76,561
18,25,561,24
76,18,24,59
561,76,59,12265
24,561,12265,5
59,24,5,3790
12265,59,3790,5
5,12265,5,220
3790,5,220,3446
5,3790,3446,3148
220,5,3148,2446
3446,220,2446,5
3148,3446,5,2
2446,3148,2,227
5,2446,227,1786
2,5,1786,163
227,2,163,1786
1786,227,1786,163
163,1786,163,1773
1786,163,1773,933
163,1786,933,583
1773,163,583,211
933,1773,211,220
583,933,220,3446
211,583,3446,5
220,211,5,54
3446,220,54,50
5,3446,50,6
54,5,6,87275
50,54,87275,772
6,50,772,1292
87275,6,1292,1480
772,87275,1480,45
1292,772,45,9
1480,1292,9,6306
45,1480,6306,102
9,45,102,220
6306,9,220,3446
102,6306,3446,2
220,102,2,334
3446,220,334,203
2,3446,203,103
334,2,103,667
203,334,667,5
103,203,5,894
667,103,894,50
5,667,50,119
894,5,119,5
50,894,5,1211
119,50,1211,46
5,119,46,3163
1211,5,3163,119
46,1211,119,46
3163,46,46,50
119,3163,50,1480
46,119,1480,9
50,46,9,6306
1480,50,6306,102
9,1480,102,220
6306,9,220,3446
102,6306,3446,6
220,102,6,413
3446,220,413,141
6,3446,141,772
413,6,772,406
141,413,406,1480
772,141,1480,2519
406,772,2519,23642
1480,406,23642,1506
2519,1480,1506,211
23642,2519,211,119
1506,23642,119,4
211,1506,4,220
119,211,220,933
4,119,933,65102
220,4,65102,5
933,220,5,104
65102,933,104,187
5,65102,187,50
104,5,50,855
187,104,855,6
50,187,6,35
855,50,35,212
6,855,212,29
35,6,29,1119
212,35,1119,227
29,212,227,92
1119,29,92,7
227,1119,7,117
92,227,117,61
7,92,61,1825
117,7,1825,496
61,117,496,46
1825,61,46,613
496,1825,613,6
46,496,6,187
613,46,187,5
6,613,5,1114
187,6,1114,512
5,187,512,21797
1114,5,21797,129
512,1114,129,5
21797,512,5,227
129,21797,227,2791
5,129,2791,9
227,5,9,933
2791,227,933,6306
9,2791,6306,24
933,9,24,3
6306,933,3,50
24,6306,50,9
3,24,9,512
50,3,512,2500
9,50,2500,19
512,9,19,2137
4306,7843,358,37
329,4306,37,781
358,329,781,99
37,358,99,5
781,37,5,48
99,781,48,528
5,99,528,14
48,5,14,3293
528,48,3293,19
14,528,19,2591
3293,14,2591,1762
19,3293,1762,142
2591,19,142,6
1762,2591,6,38
142,1762,38,1087
6,142,1087,920
38,6,920,51
1087,38,51,26
920,1087,26,16
51,920,16,48
26,51,48,37
16,26,37,781
48,16,781,5276
37,48,5276,6
781,37,6,1312
5276,781,1312,4
6,5276,4,2563
1312,6,2563,5
4,1312,5,529
2563,4,529,21221
5,2563,21221,5
529,5,5,8390
21221,529,8390,36
5,21221,36,1704
8390,5,1704,6372
36,8390,6372,158
1704,36,158,1201
6372,1704,1201,2359
158,6372,2359,124
1201,158,124,5450
2359,1201,5450,4
124,2359,4,1278
5450,124,1278,10
4,5450,10,13
1278,4,13,25
10,1278,25,239
13,10,239,758
25,13,758,41
239,25,41,65
758,239,65,169
41,758,169,799
65,41,799,4
169,65,4,693
799,169,693,5190
4,799,5190,6
693,4,6,66
5190,693,66,8
6,5190,8,26
66,6,26,380
8,66,380,47
26,8,47,3596
380,26,3596,799
47,380,799,26
3596,47,26,18
799,3596,18,21
26,799,21,47
18,26,47,16098
21,18,16098,2
47,21,2,795
16098,47,795,60
2,16098,60,38
795,2,38,433
60,795,433,9
38,60,9,15671
433,38,15671,7
9,433,7,1960
15671,9,1960,1346
7,15671,1346,41
1960,7,41,164
1346,1960,164,4
41,1346,4,164
164,41,164,25
4,164,25,20
164,4,20,242
25,164,242,8
20,25,8,2
242,20,2,417
8,242,417,40
2,8,40,17
417,2,17,1049
40,417,1049,6030
17,40,6030,3
1049,17,3,5499
6030,1049,5499,476
3,6030,476,6
5499,3,6,1605
476,5499,1605,5
6,476,5,294
1605,6,294,37
5,1605,37,78
294,5,78,32
37,294,32,135
78,37,135,97
32,78,97,32
135,32,32,479
97,135,479,4
32,97,4,105
479,32,105,10258
4,479,10258,8
105,4,8,40
10258,105,40,243
8,10258,243,29798
40,8,29798,3
243,40,3,3171
29798,243,3171,164
3,29798,164,16
3171,3,16,5
164,3171,5,88
16,164,88,344
5,16,344,148
88,5,148,8
344,88,8,18
148,344,18,154
8,148,154,56
18,8,56,37
154,18,37,78
56,154,78,32
37,56,32,8
78,37,8,1965
32,78,1965,64
8,32,64,42
1965,8,42,7
64,1965,7,1716
42,64,1716,12
7,42,12,6
1716,7,6,882
12,1716,882,6
6,12,6,385
882,6,385,5
6,882,5,17918
385,6,17918,332
5,385,332,1597
17918,5,1597,13
332,17918,13,2
1597,332,2,1243
13,1597,1243,3
2,13,3,4
1243,2,4,463
3,1243,463,8
4,3,8,801
463,4,801,2670
8,463,2670,79
801,8,79,2280
2670,801,2280,6
79,2670,6,64
2280,79,64,994
6,2280,994,316
64,6,316,256
994,64,256,885
316,994,885,802
256,316,802,5
885,256,5,32
802,885,32,69
5,802,69,13
32,5,13,2
69,32,2,2141
13,69,2141,7567
2,13,7567,1478
2141,2,1478,15
7567,2141,15,2088
1478,7567,2088,5368
15,1478,5368,42
2088,15,42,5
5368,2088,5,172
42,5368,172,158
5,42,158,6
172,5,6,216
158,172,216,5
6,158,5,279
216,6,279,174
5,216,174,44
279,5,44,75
174,279,75,1707
44,174,1707,1107
75,44,1107,5368
1707,75,5368,12
1107,1707,12,68
5368,1107,68,331
12,5368,331,9
68,12,9,2
331,68,2,262
9,331,262,12
2,9,12,32
262,2,32,69
12,262,69,4
32,12,4,19980
69,32,19980,12
4,69,12,1278
19980,4,1278,28096
12,19980,28096,5368
1278,12,5368,186
28096,1278,186,315
5368,28096,315,3
186,5368,3,2061
315,186,2061,2879
3,315,2879,1484
2061,3,1484,31
2879,2061,31,3818
1484,2879,3818,1118
31,1484,1118,15
3818,31,15,200
1118,3818,200,32
15,1118,32,12
200,15,12,49
32,200,49,432
12,32,432,1129
49,12,1129,101
432,49,101,126
1129,432,126,78
101,1129,78,7184
126,101,7184,37
78,126,37,10840
7184,78,10840,333
37,7184,333,30
10840,37,30,48
333,10840,48,1077
30,333,1077,8
48,30,8,32
1077,48,32,479
8,1077,479,14
32,8,14,72
479,32,72,2
14,479,2,107
72,14,107,9
2,72,9,32
107,2,32,347
9,107,347,3
32,9,3,13198
347,32,13198,246
3,347,246,4
13198,3,4,84
246,13198,84,53
4,246,53,2062
84,4,2062,1752
53,84,1752,3242
2062,53,3242,863
1752,2062,863,174
3242,1752,174,270
863,3242,270,781
174,863,781,3969
270,174,3969,364
781,270,364,8
3969,781,8,2401
364,3969,2401,54
8,364,54,1652
2401,8,1652,9
54,2401,9,99
1652,54,99,60
9,1652,60,4757
99,9,4757,554
60,99,554,2770
4757,60,2770,175
554,4757,175,32
2770,554,32,479
175,2770,479,1018
32,175,1018,1199
479,32,1199,4599
1018,479,4599,3621
1199,1018,3621,4
4599,1199,4,32
3621,4599,32,347
4,3621,347,432
32,4,432,402
347,32,402,5745
432,347,5745,2
402,432,2,2134
5745,402,2134,228
2,5745,228,20
2134,2,20,2280
228,2134,2280,22989
20,228,22989,1152
2280,20,1152,5
22989,2280,5,32
1152,22989,32,479
5,1152,479,1874
32,5,1874,8
479,32,8,15
1874,479,15,20
8,1874,20,799
15,8,799,48
20,15,48,5
799,20,5,38
48,799,38,5695
5,48,5695,554
38,5,554,1829
5695,38,1829,77
554,5695,77,17
1829,554,17,14735
77,1829,14735,4
17,77,4,3095
14735,17,3095,333
4,14735,333,32
3095,4,32,7
333,3095,7,2160
32,333,2160,3
7,32,3,628
2160,7,628,9
3,2160,9,131
628,3,131,241
9,628,241,261
131,9,261,2
241,131,2,5911
261,241,5911,3
2,261,3,4395
5911,2,4395,12
3,5911,12,2115
4395,3,2115,2112
12,4395,2112,125
2115,12,125,1664
2112,2115,1664,62
125,2112,62,856
1664,125,856,407
62,1664,407,18
856,62,18,3
407,856,3,17
18,407,17,1296
3,18,1296,865
17,3,865,87
1296,17,87,11
865,1296,11,100
87,865,100,17
11,87,17,261
100,11,261,42
17,100,42,4
261,17,4,20
42,261,20,463
4,42,463,1664
20,4,1664,2
463,20,2,131
1664,463,131,1735
2,1664,1735,337
131,2,337,206
1735,131,206,20
337,1735,20,132
206,337,132,17
20,206,17,187
132,20,187,82
17,132,82,4143
187,17,4143,10
82,187,10,7
4143,82,7,960
10,4143,960,3
7,10,3,49
960,7,49,283
3,960,283,333
49,3,333,2280
283,49,2280,68
333,283,68,62
2280,333,62,8
68,2280,8,32
62,68,32,2570
8,62,2570,3
32,8,3,25
2570,32,25,49
3,2570,49,325
25,3,325,3
49,25,3,4718
325,49,4718,373
3,325,373,1167
4718,3,1167,2628
373,4718,2628,4427
1167,373,4427,150
2628,1167,150,310
4427,2628,310,269
150,4427,269,9
310,150,9,32
269,310,32,69
9,269,69,481
32,9,481,11575
69,32,11575,142
481,69,142,231
11575,481,231,12
142,11575,12,419
231,142,419,2
12,231,2,2
419,12,2,663
2,419,663,61
2,2,61,3
663,2,3,466
61,663,466,736
3,61,736,1012
466,3,1012,270
736,466,270,62
1012,736,62,13
270,1012,13,1337
62,270,1337,26
13,62,26,2289
1337,13,2289,240
26,1337,240,3
2289,26,3,706
