16,31,61,4
867,16,4,16
61,867,16,1172
4,61,1172,8
16,4,8,2371
1172,16,2371,7
8,1172,7,201
2371,8,201,9
7,2371,9,402
201,7,402,4
9,201,4,2474
402,9,2474,7
4,402,7,572
2474,4,572,9
7,2474,9,402
572,7,402,28
9,572,28,2823
402,9,2823,93453
28,402,93453,1007
2823,28,1007,9
93453,2823,9,399
1007,93453,399,101
9,1007,101,53314
399,9,53314,58
101,399,58,16
53314,101,16,118
58,53314,118,163
16,58,163,3
118,16,3,1400
163,118,1400,1695
3,163,1695,368
1400,3,368,5
1695,1400,5,2376
368,1695,2376,665
5,368,665,3674
2376,5,3674,4
665,2376,4,1017
3674,665,1017,84282
4,3674,84282,117
1017,4,117,5
84282,1017,5,153
117,84282,153,1316
5,117,1316,34
153,5,34,17
1316,153,17,6
34,1316,6,101
17,34,101,236
6,17,236,189
101,6,189,28
236,101,28,2
189,236,2,1664
28,189,1664,3
2,28,3,1358
1664,2,1358,627
3,1664,627,20
1358,3,20,153
627,1358,153,3
20,627,3,1729
153,20,1729,22
3,153,22,35
1729,3,35,141
22,1729,141,6
35,22,6,849
141,35,849,5
6,141,5,2528
849,6,2528,49900
5,849,49900,6
2528,5,6,202
49900,2528,202,662
6,49900,662,16
202,6,16,7186
662,202,7186,6
16,662,6,117
7186,16,117,638
6,7186,638,193
117,6,193,5
638,117,5,598
193,638,598,86
5,193,86,2204
598,5,2204,873
86,598,873,58
2204,86,58,127
873,2204,127,94
58,873,94,28
127,58,28,442
94,127,442,8
28,94,8,11
442,28,11,13
8,442,13,64
11,8,64,385
13,11,385,6
64,13,6,18086
385,64,18086,1358
6,385,1358,4
18086,6,4,5370
1358,18086,5370,56
4,1358,56,23
5370,4,23,402
56,5370,402,543
23,56,543,9
402,23,9,2594
543,402,2594,29626
9,543,29626,159
2594,9,159,269
29626,2594,269,5
159,29626,5,35
269,159,35,78
5,269,78,32
35,5,32,31
78,35,31,1274
32,78,1274,522
31,32,522,12
1274,31,12,4846
522,1274,4846,979
12,522,979,5
4846,12,5,437
979,4846,437,228
5,979,228,12
437,5,12,10899
228,437,10899,3
12,228,3,2540
10899,12,2540,2032
3,10899,2032,200
2540,3,200,254
2032,2540,254,10
200,2032,10,40
254,200,40,3374
10,254,3374,3784
40,10,3784,2474
3374,40,2474,102
3784,3374,102,3261
2474,3784,3261,56739
102,2474,56739,34242
3261,102,34242,1887
56739,3261,1887,5
34242,56739,5,334
1887,34242,334,1342
5,1887,1342,2073
334,5,2073,1997
1342,334,1997,5
2073,1342,5,3557
1997,2073,3557,6
5,1997,6,2032
3557,5,2032,1905
6,3557,1905,10899
2032,6,10899,1098
1905,2032,1098,12
10899,1905,12,442
1098,10899,442,3
12,1098,3,1153
442,12,1153,160
3,442,160,3
1153,3,3,22
160,1153,22,35
3,160,35,200
22,3,200,11
35,22,11,28
200,35,28,1587
11,200,1587,16
28,11,16,21
1587,28,21,2250
16,1587,2250,3
21,16,3,697
2250,21,697,79
3,2250,79,2
697,3,2,1602
79,697,1602,1534
2,79,1534,185
1602,2,185,3
1534,1602,3,1061
185,1534,1061,5431
3,185,5431,5529
1061,3,5529,90560
5431,1061,90560,10
5529,5431,10,154
90560,5529,154,3
10,90560,3,938
154,10,938,4
3,154,4,2368
938,3,2368,5
4,938,5,290
2368,4,290,1587
5,2368,1587,16
290,5,16,1581
1587,290,1581,1918
16,1587,1918,6
1581,16,6,3447
1918,1581,3447,6
6,1918,6,185
3447,6,185,551
6,3447,551,87
185,6,87,10
551,185,10,984
87,551,984,10
10,87,10,41
984,10,41,5036
10,984,5036,1071
41,10,1071,4
5036,41,4,8
1071,5036,8,10
4,1071,10,45
8,4,45,34242
10,8,34242,28
45,10,28,1541
34242,45,1541,59
28,34242,59,139
1541,28,139,5401
59,1541,5401,8
139,59,8,18
5401,139,18,1322
8,5401,1322,36
18,8,36,1280
1322,18,1280,984
36,1322,984,12
1280,36,12,95
984,1280,95,148
12,984,148,140
95,12,140,402
148,95,402,543
140,148,543,34
402,140,34,285
543,402,285,628
34,543,628,4
285,34,4,628
628,285,628,6443
44171,19,12,700
43740,44171,700,1547
12,43740,1547,109
700,12,109,23
1547,700,23,1171
109,1547,1171,12
23,109,12,466
1171,23,466,587
12,1171,587,212
466,12,212,516
587,466,516,3
212,587,3,3762
516,212,3762,6
3,516,6,12
3762,3,12,3332
6,3762,3332,101
12,6,101,6
3332,12,6,187
101,3332,187,5
6,101,5,28767
187,6,28767,826
5,187,826,391
28767,5,391,979
826,28767,979,1582
391,826,1582,21890
979,391,21890,20
1582,979,20,276
21890,1582,276,101
20,21890,101,904
276,20,904,190
101,276,190,600
904,101,600,3
190,904,3,123
600,190,123,658
3,600,658,101
123,3,101,351
658,123,351,24
101,658,24,45
351,101,45,26
24,351,26,25
45,24,25,73
26,45,73,3591
25,26,3591,4
73,25,4,1357
3591,73,1357,336
4,3591,336,12
1357,4,12,672
336,1357,672,1785
12,336,1785,20
672,12,20,259
1785,672,259,12
20,1785,12,466
259,20,466,587
12,259,587,212
466,12,212,516
587,466,516,3
212,587,3,3762
516,212,3762,6
3,516,6,12
3762,3,12,3332
6,3762,3332,101
12,6,101,6
3332,12,6,187
101,3332,187,5
6,101,5,28767
187,6,28767,826
5,187,826,391
28767,5,391,979
826,28767,979,1582
391,826,1582,21890
979,391,21890,20
1582,979,20,276
21890,1582,276,101
20,21890,101,904
276,20,904,190
101,276,190,600
904,101,600,3
190,904,3,123
600,190,123,658
3,600,658,101
123,3,101,351
658,123,351,24
101,658,24,45
351,101,45,26
24,351,26,25
45,24,25,73
26,45,73,3591
25,26,3591,4
73,25,4,1357
3591,73,1357,23
4,3591,23,139
1357,4,139,7
23,1357,7,229
139,23,229,2
7,139,2,3332
229,7,3332,545
2,229,545,31
3332,2,31,1628
545,3332,1628,2
31,545,2,2
1628,31,2,616
2,1628,616,13
2,2,13,2
616,2,2,101
13,616,101,3
2,13,3,91
101,2,91,3766
3,101,3766,8
91,3,8,12013
3766,91,12013,15
8,3766,15,2007
12013,8,2007,11
15,12013,11,1628
2007,15,1628,15
11,2007,15,128
1628,11,128,1308
15,1628,1308,212
128,15,212,1916
1308,128,1916,391
212,1308,391,979
1916,212,979,1281
391,1916,1281,3
979,391,3,243
1281,979,243,2
3,1281,2,1058
243,3,1058,212
2,243,212,992
1058,2,992,6
212,1058,6,545
992,212,545,950
6,992,950,12
545,6,12,514
950,545,514,375
12,950,375,979
514,12,979,1057
375,514,1057,10
979,375,10,3778
1057,979,3778,9
10,1057,9,937
3778,10,937,19
9,3778,19,587
937,9,587,212
19,937,212,279
587,19,279,11974
212,587,11974,1443
279,212,1443,222
11974,279,222,279
1443,11974,279,6
222,1443,6,8
279,222,8,992
6,279,992,2
8,6,2,2
992,8,2,3694
2,992,3694,1117
2,2,1117,391
3694,2,391,979
1117,3694,979,1868
391,1117,1868,2
979,391,2,188
1868,979,188,25445
2,1868,25445,3766
188,2,3766,176
25445,188,176,141
3766,25445,141,6
176,3766,6,415
141,176,415,35
6,141,35,73
415,6,73,464
35,415,464,673
73,35,673,8
464,73,8,633
673,464,633,545
8,673,545,3
633,8,3,91
545,633,91,798
3,545,798,968
91,3,968,4
798,91,4,8276
968,798,8276,968
4,968,968,3
8276,4,3,12013
968,8276,12013,15
3,968,15,2007
12013,3,2007,26
15,12013,26,50
2007,15,50,4814
26,2007,4814,23
50,26,23,1591
4814,50,1591,6
23,4814,6,20
1591,23,20,187
6,1591,187,847
20,6,847,212
187,20,212,328
847,187,328,102
212,847,102,21890
328,212,21890,19
102,328,19,4100
21890,102,4100,12
19,21890,12,2
4100,19,2,1323
12,4100,1323,1724
2,12,1724,391
1323,2,391,3
1724,1323,3,420
391,1724,420,1321
3,391,1321,4808
420,3,4808,8276
1321,420,8276,968
4808,1321,968,4
8276,4808,4,6188
968,8276,6188,2874
4,968,2874,292
6188,4,292,12
2874,6188,12,1453
292,2874,1453,420
12,292,420,95
1453,12,95,2874
420,1453,2874,16
95,420,16,6083
2874,95,6083,3
16,2874,3,95
6083,16,95,420
3,6083,420,3
95,3,3,2142
420,95,2142,1453
3,420,1453,6
2142,3,6,1001
1453,2142,1001,216
6,1453,216,5
1001,6,5,842
216,1001,842,266
5,216,266,5
842,5,5,658
266,842,658,101
5,266,101,139
658,5,139,2
101,658,2,750
139,101,750,40178
2,139,40178,8
750,2,8,52
40178,750,52,391
8,40178,391,1321
52,8,1321,545
391,52,545,6
1321,391,6,10702
545,1321,10702,4
6,545,4,8276
10702,6,8276,968
4,10702,968,292
8276,4,292,12
968,8276,12,38
292,968,38,1453
12,292,1453,2
38,12,2,391
1453,38,391,327
2,1453,327,2243
391,2,2243,3332
327,391,3332,545
2243,327,545,6
3332,2243,6,2
545,3332,2,2624
6,545,2624,2176
2,6,2176,15
2624,2,15,38
2176,2624,38,2007
15,2176,2007,1947
38,15,1947,87
2007,38,87,5
1947,2007,5,8
87,1947,8,750
5,87,750,43
8,5,43,212
750,8,212,5
43,750,5,922
212,43,922,9
5,212,9,3489
922,5,3489,2219
9,922,2219,1058
3489,9,1058,212
2219,3489,212,992
1058,2219,992,6
212,1058,6,950
992,212,950,5
6,992,5,21890
950,6,21890,10
5,950,10,3524
21890,5,3524,12
10,21890,12,2
3524,10,2,587
12,3524,587,212
2,12,212,335
587,2,335,8
212,587,8,212
335,212,212,1750
8,335,1750,121
212,8,121,9680
1750,212,9680,3
121,1750,3,4
9680,121,4,710
3,9680,710,3368
4,3,3368,5
710,4,5,10
3368,710,10,83
5,3368,83,1323
10,5,1323,6
83,10,6,738
1323,83,738,101
6,1323,101,904
738,6,904,403
101,738,403,3
904,101,3,1666
403,904,1666,103
3,403,103,105
1666,3,105,2466
103,1666,2466,15
105,103,15,20
2466,105,20,187
15,2466,187,99
20,15,99,20
187,20,20,7
99,187,7,37
20,99,37,3539
7,20,3539,1661
37,7,1661,101
3539,37,101,4
1661,3539,4,4151
101,1661,4151,3
4,101,3,45
4151,4,45,31
3,4151,31,16
45,3,16,3332
31,45,3332,54
16,31,54,7
3332,16,7,2176
54,3332,2176,15
7,54,15,38
2176,7,38,1651
15,2176,1651,941
38,15,941,3
1651,38,3,101
941,1651,101,9
3,941,9,225
101,3,225,90244
9,101,90244,4
225,9,4,232
90244,225,232,5
4,90244,5,3261
232,4,3261,543
5,232,543,373
3261,5,373,101
543,3261,101,904
373,543,904,7
101,373,7,2008
904,101,2008,3
7,904,3,5394
2008,7,5394,227
3,2008,227,1446
5394,3,1446,19
227,5394,19,1996
1446,227,1996,38
19,1446,38,953
1996,19,953,3
38,1996,3,7602
953,38,7602,38
3,953,38,83
7602,3,83,1323
969,3250,1334,52
12,969,52,78
1334,12,78,32
52,1334,32,7
78,52,7,496
32,78,496,15
7,32,15,4351
496,7,4351,5
15,496,5,279
4351,15,279,11
5,4351,11,77
279,5,77,155
11,279,155,3
77,11,3,1086
155,77,1086,9
3,155,9,66
1086,3,66,19
9,1086,19,969
66,9,969,4833
19,66,4833,12
969,19,12,318
4833,969,318,109
12,4833,109,6
318,12,6,108
109,318,108,5
6,109,5,356
108,6,356,4232
5,108,4232,7
356,5,7,465
4232,356,465,901
7,4232,901,65
465,7,65,1774
901,465,1774,512
65,901,512,10
1774,65,10,14
512,1774,14,22
10,512,22,564
14,10,564,6
22,14,6,3786
564,22,3786,4232
6,564,4232,8
3786,6,8,365
4232,3786,365,83
8,4232,83,1477
365,8,1477,1909
83,365,1909,4
1477,83,4,84
1909,1477,84,78
4,1909,78,32
84,4,32,4232
78,84,4232,5
32,78,5,49
4232,32,49,125
5,4232,125,954
49,5,954,77
125,49,77,117
954,125,117,49
77,954,49,3
117,77,3,1086
49,117,1086,9
3,49,9,2
1086,3,2,131
9,1086,131,131
2,9,131,241
131,2,241,60
131,131,60,59
241,131,59,39
60,241,39,1558
59,60,1558,8
39,59,8,221
1558,39,221,13
8,1558,13,3575
221,8,3575,10
13,221,10,291
3575,13,291,79
10,3575,79,78
291,10,78,32
79,291,32,125
78,79,125,10
32,78,10,326
125,32,326,16029
10,125,16029,1075
326,10,1075,105
16029,326,105,108
1075,16029,108,29
105,1075,29,20
108,105,20,60
29,108,60,231
20,29,231,30
60,20,30,16
231,60,16,72
30,231,72,631
16,30,631,37
72,16,37,4
631,72,4,291
37,631,291,79
4,37,79,5215
291,4,5215,5
79,291,5,1068
5215,79,1068,799
5,5215,799,7
1068,5,7,18
799,1068,18,485
7,799,485,580
18,7,580,631
485,18,631,37
580,485,37,20
631,580,20,29
37,631,29,52
20,37,52,221
29,20,221,3875
52,29,3875,8
221,52,8,78
3875,221,78,32
8,3875,32,7133
78,8,7133,1748
32,78,1748,36
7133,32,36,6014
1748,7133,6014,98
36,1748,98,125
6014,36,125,8
98,6014,8,121
125,98,121,18
8,125,18,47
121,8,47,723
18,121,723,74
47,18,74,3
723,47,3,221
74,723,221,171
3,74,171,1774
221,3,1774,291
171,221,291,11
1774,171,11,77
291,1774,77,17
11,291,17,496
77,11,496,15
17,77,15,4351
496,17,4351,5
15,496,5,279
4351,15,279,8
5,4351,8,40
279,5,40,1019
8,279,1019,117
40,8,117,49
1019,40,49,105
117,1019,105,1433
49,117,1433,4
105,49,4,52
1433,105,52,11
4,1433,11,14
52,4,14,277
11,52,277,2357
14,11,2357,10
277,14,10,77
2357,277,77,117
10,2357,117,49
77,10,49,3
117,77,3,1086
49,117,1086,9
3,49,9,798
1086,3,798,5
9,1086,5,49
798,9,49,290
5,798,290,7
49,5,7,18
290,49,18,21
7,290,21,388
18,7,388,2
21,18,2,795
388,21,795,39
2,388,39,181
795,2,181,1526
39,795,1526,2116
181,39,2116,4351
1526,181,4351,5
2116,1526,5,279
4351,2116,279,321
5,4351,321,29
279,5,29,7
321,279,7,353
29,321,353,1463
7,29,1463,8
353,7,8,53
1463,353,53,7
8,1463,7,2
53,8,2,131
7,53,131,201
2,7,201,600
131,2,600,8
201,131,8,20
600,201,20,7
8,600,7,120
20,8,120,20
7,20,20,954
120,7,954,7
20,120,7,2611
954,20,2611,579
7,954,579,7
2611,7,7,2457
579,2611,2457,177
7,579,177,5
2457,7,5,227
177,2457,227,4215
5,177,4215,8
227,5,8,224
4215,227,224,15
8,4215,15,4351
224,8,4351,5
15,224,5,279
4351,15,279,174
5,4351,174,3164
279,5,3164,7333
174,279,7333,3946
3164,174,3946,1546
7333,3164,1546,15284
3946,7333,15284,7561
1546,3946,7561,1104
15284,1546,1104,61
7561,15284,61,13052
1104,7561,13052,36
61,1104,36,96
13052,61,96,2
36,13052,2,1176
96,36,1176,3102
2,96,3102,6
1176,2,6,98
3102,1176,98,433
6,3102,433,799
98,6,799,36
433,98,36,7517
799,433,7517,2172
36,799,2172,15
7517,36,15,210
2172,7517,210,3
15,2172,3,7050
210,15,7050,11358
3,210,11358,36
7050,3,36,748
11358,7050,748,291
36,11358,291,36
748,36,36,2864
291,748,2864,252
36,291,252,5
2864,36,5,98
252,2864,98,323
5,252,323,474
98,5,474,4874
323,98,4874,5
474,323,5,98
4874,474,98,216
5,4874,216,36
98,5,36,710
216,98,710,5
36,216,5,143
710,36,143,35
5,710,35,36
143,5,36,98
35,143,98,187
36,35,187,1057
98,36,1057,203
187,98,203,1851
1057,187,1851,36
203,1057,36,6
1851,203,6,815
36,1851,815,3
6,36,3,36
815,6,36,18008
3,815,18008,5
36,3,5,98
18008,36,98,156
5,18008,156,323
98,5,323,36
156,98,36,187
323,156,187,1040
36,323,1040,17
187,36,17,1695
1040,187,1695,203
17,1040,203,20
1695,17,20,1851
203,1695,1851,5967
20,203,5967,21
1851,20,21,41
5967,1851,41,65
21,5967,65,66
41,21,66,36
65,41,36,161
66,65,161,52
36,66,52,78
161,36,78,32
52,161,32,7
78,52,7,326
32,78,326,3
7,32,3,1086
326,7,1086,9
3,326,9,66
1086,3,66,8
9,1086,8,40
66,9,40,1615
8,66,1615,17
40,8,17,9
1615,40,9,798
17,1615,798,5
9,17,5,49
798,9,49,290
5,798,290,7
49,5,7,18
290,49,18,2
7,290,2,1329
18,7,1329,8
2,18,8,221
1329,2,221,7
8,1329,7,110
221,8,110,3
7,221,3,346
110,7,346,2
3,110,2,306
346,3,306,224
2,346,224,5
306,2,5,416
224,306,416,5
5,224,5,4351
416,5,4351,5
5,416,5,279
4351,5,279,6
5,4351,6,1772
279,5,1772,1396
6,279,1396,125
1772,6,125,29
1396,1772,29,1965
125,1396,1965,53
29,125,53,7
1965,29,7,21
53,1965,21,253
7,53,253,3
21,7,3,17
253,21,17,2
3,253,2,1469
17,3,1469,3
2,17,3,20
1469,2,20,323
3,1469,323,126
20,3,126,355
323,20,355,87
126,323,87,184
355,126,184,3
87,355,3,444
184,87,444,401
3,184,401,1269
444,3,1269,53
401,444,53,16
1269,401,16,3129
53,1269,3129,125
16,53,125,3
3129,16,3,1273
125,3129,1273,168
3,125,168,174
1273,3,174,2
168,1273,2,227
174,168,227,406
2,174,406,1080
227,2,1080,3
406,227,3,18042
1080,406,18042,1737
3,1080,1737,125
18042,3,125,3
1737,18042,3,137
125,1737,137,62
3,125,62,90
137,3,90,960
62,137,960,3
90,62,3,2
960,90,2,1847
3,960,1847,2109
2,3,2109,5
1847,2,5,78
2109,1847,78,32
5,2109,32,125
78,5,125,91
32,78,91,1066
125,32,1066,2546
91,125,2546,8
1066,91,8,1436
2546,1066,1436,50
8,2546,50,3732
1436,8,3732,595
50,1436,595,39
3732,50,39,416
595,3732,416,1220
39,595,1220,5057
416,39,5057,760
1220,416,760,1629
5057,1220,1629,958
760,5057,958,1787
1629,760,1787,4
958,1629,4,279
1787,958,279,216
4,1787,216,74
279,4,74,62
216,279,62,3
74,216,3,1773
62,74,1773,135
3,62,135,127
1773,3,127,287
135,1773,287,5647
127,135,5647,277
287,127,277,12
5647,287,12,2573
277,5647,2573,91
