15,2852,6,268
180,15,268,37
6,180,37,20
268,6,20,29
37,268,29,10
20,37,10,14
29,20,14,6
10,29,6,815
14,10,815,3
6,14,3,1677
815,6,1677,780
3,815,780,4
1677,3,4,1859
780,1677,1859,786
4,780,786,301
1859,4,301,51
786,1859,51,33
301,786,33,18
51,301,18,4414
33,51,4414,84
18,33,84,555
4414,18,555,1224
84,4414,1224,9
555,84,9,3477
1224,555,3477,5
9,1224,5,246
3477,9,246,3
5,3477,3,1409
246,5,1409,6281
3,246,6281,79
1409,3,79,3211
6281,1409,3211,336
79,6281,336,1874
3211,79,1874,20
336,3211,20,12654
1874,336,12654,34
20,1874,34,137
12654,20,137,5588
34,12654,5588,317
137,34,317,8
5588,137,8,16
317,5588,16,831
8,317,831,3
16,8,3,9932
831,16,9932,87
3,831,87,1402
9932,3,1402,16
87,9932,16,10342
1402,87,10342,1895
16,1402,1895,19808
10342,16,19808,6726
1895,10342,6726,18608
19808,1895,18608,531
6726,19808,531,148
18608,6726,148,33
531,18608,33,4
148,531,4,17446
33,148,17446,18
4,33,18,1731
17446,4,1731,90
18,17446,90,60
1731,18,60,7
90,1731,7,209
60,90,209,8
7,60,8,1402
209,7,1402,16
8,209,16,19808
1402,8,19808,26
16,1402,26,552
19808,16,552,3
26,19808,3,671
552,26,671,1630
3,552,1630,535
671,3,535,84
1630,671,84,4
535,1630,4,8
84,535,8,34
4,84,34,2
8,4,2,2
34,8,2,39
2,34,39,2764
2,2,2764,3
39,2,3,780
2764,39,780,4
3,2764,4,1859
780,3,1859,3211
4,780,3211,336
1859,4,336,535
3211,1859,535,8
336,3211,8,30
535,336,30,18
8,535,18,208
30,8,208,388
18,30,388,6
208,18,6,464
388,208,464,70
6,388,70,4669
464,6,4669,30
70,464,30,18
4669,70,18,576
30,4669,576,5734
18,30,5734,296
576,18,296,6
5734,576,6,3211
296,5734,3211,336
6,296,336,535
3211,6,535,74
336,3211,74,128
535,336,128,36
74,535,36,25
128,74,25,66
36,128,66,29
25,36,29,10
66,25,10,13
29,66,13,208
10,29,208,13
13,10,13,1402
208,13,1402,5940
13,208,5940,541
1402,13,541,6
5940,1402,6,2
541,5940,2,177
6,541,177,5
2,6,5,668
177,2,668,5887
5,177,5887,51
668,5,51,8
5887,668,8,242
51,5887,242,7
8,51,7,8
242,8,8,74
7,242,74,235
8,7,235,281
74,8,281,66
235,74,66,6
281,235,6,20
66,281,20,39
6,66,39,5734
20,6,5734,535
39,20,535,6
5734,39,6,3211
535,5734,3211,1808
6,535,1808,30
3211,6,30,34
1808,3211,34,137
30,1808,137,104
34,30,104,39
137,34,39,5940
104,137,5940,1402
39,104,1402,541
5940,39,541,79
1402,5940,79,535
541,1402,535,4
79,541,4,1858
535,79,1858,695
4,535,695,9
1858,4,9,2
695,1858,2,372
9,695,372,296
2,9,296,6
372,2,6,3211
296,372,3211,336
6,296,336,539
3211,6,539,13
336,3211,13,2
539,336,2,1002
13,539,1002,684
2,13,684,1247
1002,2,1247,684
684,1002,684,12
1247,684,12,1473
684,1247,1473,4
12,684,4,26
1473,12,26,16
4,1473,16,502
26,4,502,15568
16,26,15568,19
502,16,19,44
15568,502,44,1402
19,15568,1402,16
44,19,16,131
1402,44,131,1632
16,1402,1632,15
131,16,15,780
1632,131,780,4
15,1632,4,1859
780,15,1859,535
4,780,535,4
1859,4,4,26
535,1859,26,552
4,535,552,1677
26,4,1677,2851
552,26,2851,9
1677,552,9,81
2851,1677,81,3
9,2851,3,17
81,9,17,458
3,81,458,3
17,3,3,1132
458,17,1132,3211
3,458,3211,1630
1132,3,1630,54
3211,1132,54,1750
1630,3211,1750,506
54,1630,506,23
1750,54,23,82
506,1750,82,60
23,506,60,317
82,23,317,6
60,82,6,780
317,60,780,4
6,317,4,1859
780,6,1859,26
4,780,26,34
1859,4,34,17
26,1859,17,48
34,26,48,74
17,34,74,8
48,17,8,5588
74,48,5588,3325
8,74,3325,6
5588,8,6,780
3325,5588,780,4
6,3325,4,1859
780,6,1859,535
4,780,535,1402
1859,4,1402,2788
535,1859,2788,434
1402,535,434,2
2788,1402,2,372
434,2788,372,1859
2,434,1859,1630
372,2,1630,3
1859,372,3,11714
1630,1859,11714,2
3,1630,2,7
11714,3,7,28
2,11714,28,544
7,2,544,1728
28,7,1728,20
544,28,20,7
1728,544,7,2
20,1728,2,39
7,20,39,2738
2,7,2738,7
39,2,7,14
2738,39,14,72
7,2738,72,6
14,7,6,8237
72,14,8237,8271
6,72,8271,15
8237,6,15,76
8271,8237,76,5
15,8271,5,130
76,15,130,808
5,76,808,4
130,5,4,30
808,130,30,1118
4,808,1118,2
30,4,2,529
1118,30,529,217
2,1118,217,5
529,2,5,2124
217,529,2124,31
5,217,31,16
2124,5,16,260
31,2124,260,5825
16,31,5825,6
260,16,6,99
5825,260,99,11730
6,5825,11730,1859
99,6,1859,4
11730,99,4,99
1859,11730,99,3211
4,1859,3211,1435
99,4,1435,20
3211,99,20,7
1435,3211,7,859
20,1435,859,1735
7,20,1735,4
859,7,4,10
1735,859,10,929
4,1735,929,1096
10,4,1096,5
929,10,5,51
1096,929,51,7
5,1096,7,110
51,5,110,3
7,51,3,17
110,7,17,989
3,110,989,160
17,3,160,6
989,17,6,3211
160,989,3211,336
6,160,336,940
3211,6,940,30
336,3211,30,48
940,336,48,116
30,940,116,51
48,30,51,721
116,48,721,3
51,116,3,99
721,51,99,11730
3,721,11730,1859
99,3,1859,6
11730,99,6,99
1859,11730,99,776
6,1859,776,205
99,6,205,5
776,99,5,20
205,776,20,66
5,205,66,59
20,5,59,10
66,20,10,30
59,66,30,24
10,59,24,2621
30,10,2621,3
24,30,3,557
2621,24,557,2
3,2621,2,336
557,3,336,137
2,557,137,3126
336,2,3126,2886
137,336,2886,1044
3126,137,1044,5
2886,3126,5,99
1044,2886,99,11730
5,1044,11730,1859
99,5,1859,811
11730,99,811,336
1859,11730,336,786
811,1859,786,13
336,811,13,6901
786,336,6901,74
13,786,74,268
6901,13,268,903
74,6901,903,5
268,74,5,205
903,268,205,29
5,903,29,33
205,5,33,55
29,205,55,17
33,29,17,2436
55,33,2436,8
17,55,8,989
2436,17,989,3730
8,2436,3730,3
989,8,3,557
3730,989,557,14
3,3730,14,91
557,3,91,6
14,557,6,177
91,14,177,3
6,91,3,1402
177,6,1402,2788
3,177,2788,1728
1402,3,1728,1039
2788,1402,1039,6726
1728,2788,6726,59
1039,1728,59,7
6726,1039,7,796
59,6726,796,8
7,59,8,317
796,7,317,6
8,796,6,99
317,8,99,11730
6,317,11730,1859
99,6,1859,7
11730,99,7,1077
1859,11730,1077,10
7,1859,10,14
1077,7,14,2
10,1077,2,865
14,10,865,6552
2,14,6552,1984
865,2,1984,15
6552,865,15,39
1984,6552,39,246
15,1984,246,2406
39,15,2406,1630
246,39,1630,4
2406,246,4,7
1630,2406,7,14
4,1630,14,424
7,4,424,3
14,7,3,678
424,14,678,56
3,424,56,120
678,3,120,8
56,678,8,246
120,56,246,14
8,120,14,541
246,8,541,24
14,246,24,87
541,14,87,1630
24,541,1630,1615
87,24,1615,30
1630,87,30,142
1615,1630,142,3
30,1615,3,7408
142,30,7408,422
3,142,422,59
7408,3,59,786
422,7408,786,5
59,422,5,1859
786,59,1859,14
5,786,14,231
1859,5,231,84
14,1859,84,7
231,14,7,116
84,231,116,120
7,84,120,8
116,7,8,39
120,116,39,246
8,120,246,14
39,8,14,541
246,39,541,24
14,246,24,46
541,14,46,539
24,541,539,4
46,24,4,5
539,46,5,376
4,539,376,20
5,4,20,60
376,5,60,786
20,376,786,5
60,20,5,1859
786,60,1859,14
5,786,14,86
1859,5,86,4
14,1859,4,160
86,14,160,59
4,86,59,1402
160,4,1402,246
59,160,246,914
1402,59,914,9303
246,1402,9303,1630
914,246,1630,142
9303,914,142,3
1630,9303,3,1011
142,1630,1011,7408
3,142,7408,422
1011,3,422,14
7408,1011,14,8
422,7408,8,72
14,422,72,2
8,14,2,5376
72,8,5376,5
2,72,5,51
5376,2,51,7
5,5376,7,3
51,5,3,154
7,51,154,6
3,7,6,3211
154,3,3211,1808
6,154,1808,4
3211,6,4,6
1808,3211,6,99
4,1808,99,11730
6,4,11730,1859
99,6,1859,87
11730,99,87,7
1859,11730,7,353
87,1859,353,424
7,87,424,3
353,7,3,678
424,353,678,56
3,424,56,51
678,3,51,505
56,678,505,3
51,56,3,336
505,51,336,786
3,505,786,5
336,3,5,99
786,336,99,11730
5,786,11730,1859
99,5,1859,59
11730,99,59,786
1859,11730,786,5
59,1859,5,1859
786,59,1859,801
5,786,801,3
1859,5,3,36
801,1859,36,36
3,801,36,80
36,3,80,875
36,36,875,6726
80,36,6726,18608
875,80,18608,1728
6726,875,1728,33
18608,6726,33,1936
1728,18608,1936,4
33,1728,4,344
1936,33,344,173
4,1936,173,37
344,4,37,865
173,344,865,2835
37,173,2835,99
865,37,99,11730
2835,865,11730,13
99,2835,13,169
11730,99,169,336
13,11730,336,865
169,13,865,6
336,169,6,1001
865,336,1001,59
6,865,59,1630
1001,6,1630,14
59,1001,14,2621
1630,59,2621,865
14,1630,865,423
2621,14,423,1658
865,2621,1658,3
423,865,3,86
1658,423,86,169
3,1658,169,336
86,3,336,19
169,86,19,878
336,169,878,8
19,336,8,59
878,19,59,1630
8,878,1630,10050
59,8,10050,23
1630,59,23,557
10050,1630,557,2621
23,10050,2621,8
557,23,8,14
2621,557,14,962
8,2621,962,2
14,8,2,1002
962,14,1002,1002
2,962,1002,317
1002,2,317,4
1002,1002,4,84
317,1002,84,270
4,317,270,865
84,4,865,423
270,84,423,7
865,270,7,142
423,865,142,3
7,423,3,169
142,7,169,336
3,142,336,54
169,3,54,7
336,169,7,3805
54,336,3805,29
7,54,29,10
3805,7,10,1522
29,3805,1522,865
10,29,865,423
1522,10,423,6
865,1522,6,99
423,865,99,11730
6,423,11730,1859
99,6,1859,352
11730,99,352,7045
1859,11730,7045,786
352,1859,786,5
7045,352,5,1859
786,7045,1859,30
5,786,30,24
1859,5,24,43
30,1859,43,3
24,30,3,231
43,24,231,6
3,43,6,500
231,3,500,878
6,231,878,29
500,6,29,786
878,500,786,5
29,878,5,99
786,29,99,11730
5,786,11730,1859
99,5,1859,30
11730,99,30,24
1859,11730,24,2
30,1859,2,762
24,30,762,5
2,24,5,43
762,2,43,3
5,762,3,74
43,5,74,2
3,43,2,336
74,3,336,33
2,74,33,18
336,2,18,3
33,336,3,1062
18,33,1062,8
3,18,8,7
1062,3,7,86
8,1062,86,15
7,8,15,2
86,7,2,334
15,86,334,41
2,15,41,65
334,2,65,2
41,334,2,317
65,41,317,6
2,65,6,786
317,2,786,5
6,317,5,1859
786,6,1859,8
5,786,8,14
1859,5,14,2
8,1859,2,1049
14,8,1049,2632
2,14,2632,317
1049,2,317,25
2632,1049,25,59
317,2632,59,30
25,317,30,234
59,25,234,845
30,59,845,3
234,30,3,36
845,234,36,1859
3,845,1859,33
36,3,33,34
1859,36,34,137
33,1859,137,76
34,33,76,1049
137,34,1049,1735
76,137,1735,786
1049,76,786,9
1735,1049,9,99
786,1735,99,11730
9,786,11730,1859
99,9,1859,18608
11730,99,18608,453
1859,11730,453,1728
18608,1859,1728,30
453,18608,30,18
1728,453,18,68
30,1728,68,388
18,30,388,2
68,18,2,131
388,68,131,2141
2,388,2141,317
131,2,317,6
2141,131,6,780
317,2141,780,80
6,317,80,15
780,6,15,5004
80,780,5004,164
15,80,164,4
5004,15,4,7
164,5004,7,113
4,164,113,20
7,4,20,7
113,7,7,2
20,113,2,306
7,20,306,924
2,7,924,9
306,2,9,2124
924,306,2124,3
9,924,3,123
2124,9,123,1255
3,2124,1255,5
123,3,5,20
1255,123,20,87725
5,1255,87725,6
20,5,6,780
87725,20,780,4
6,87725,4,123
780,6,123,2
4,780,2,234
123,4,234,23
2,123,23,10892
234,2,10892,19659
23,234,19659,42
10892,23,42,5
19659,10892,5,95
42,19659,95,840
5,42,840,7
95,5,7,99
840,95,99,3211
7,840,3211,1435
99,7,1435,2935
3211,99,2935,16988
1435,3211,16988,6
2935,1435,6,1946
16988,2935,1946,4
6,16988,4,64768
1946,6,64768,6
4,1946,6,43
64768,4,43,7
6,64768,7,178
43,6,178,99
7,43,99,3211
178,7,3211,1435
99,178,1435,13
3211,99,13,325
1435,3211,325,5444
13,1435,5444,5
325,13,5,974
5444,325,974,753
5,5444,753,6
974,5,6,108
753,974,108,7
6,753,7,25
108,6,25,178
7,108,178,8
25,7,8,535
178,25,535,1403
8,178,1403,610
535,8,610,51
1403,535,51,733
610,1403,733,13
51,610,13,1666
733,51,1666,2
13,733,2,2
1666,13,2,402
2,1666,402,733
2,2,733,13
402,2,13,8738
733,402,8738,169
13,733,169,5981
8738,13,5981,5
169,8738,5,780
5981,169,780,6
5,5981,6,585
780,5,585,15
6,780,15,753
585,6,753,6
15,585,6,306
753,15,306,4874
6,753,4874,6
306,6,6,2897
4874,306,2897,5
6,4874,5,20389
2897,6,20389,15405
5,2897,15405,83638
20389,5,83638,52
15405,20389,52,2
83638,15405,2,372
52,83638,372,7
2,52,7,615
372,2,615,9
7,372,9,2
615,7,2,5444
9,615,5444,5
2,9,5,780
5444,2,780,753
5,5444,753,20
780,5,20,5444
753,780,5444,34
20,753,34,96
5444,20,96,38
34,5444,38,3754
96,34,3754,538
38,96,538,615
3754,38,615,23
538,3754,23,51
615,538,51,99
23,615,99,3211
51,23,3211,1435
99,51,1435,5910
3211,99,5910,733
1435,3211,733,13
5910,1435,13,37
733,5910,37,753
13,733,753,1075
37,13,1075,1231
753,37,1231,43
1075,753,43,4
1231,1075,4,1946
43,1231,1946,2
4,43,2,7
1946,4,7,28
2,1946,28,544
7,2,544,10
28,7,10,7
544,28,7,584
10,544,584,325
7,10,325,3971
584,7,3971,5
325,584,5,753
3971,325,753,6
5,3971,6,108
753,5,108,4
6,753,4,733
108,6,733,336
4,108,336,786
733,4,786,7
336,733,7,1264
786,336,1264,26535
7,786,26535,23
1264,7,23,593
26535,1264,593,446
23,26535,446,23
593,23,23,3315
446,593,3315,2
23,446,2,336
3315,23,336,2621
2,3315,2621,30
336,2,30,16
2621,336,16,631
30,2621,631,37
16,30,37,1737
631,16,1737,9
37,631,9,207
1737,37,207,5981
9,1737,5981,5
207,9,5,780
5981,207,780,6
5,5981,6,585
780,5,585,4
6,780,4,6
585,6,6,2
4,585,2,2111
6,4,2111,535
2,6,535,786
2111,2,786,9
535,2111,9,780
786,535,780,6
9,786,6,585
780,9,585,121
6,780,121,17
585,6,17,786
121,585,786,23
17,121,23,109
786,17,109,36
23,786,36,60
109,23,60,8
36,109,8,869
60,36,869,1728
8,60,1728,1039
869,8,1039,6726
1728,869,6726,120
1039,1728,120,25
6726,1039,25,33
120,6726,33,137
25,120,137,786
33,25,786,5
137,33,5,1859
786,137,1859,2973
5,786,2973,6
1859,5,6,786
2973,1859,786,5
6,2973,5,1859
786,6,1859,3
5,786,3,7952
1859,5,7952,19
3,1859,19,117
7952,3,117,5
19,7952,5,66
117,19,66,4
5,117,4,79
66,5,79,6726
4,66,6726,18608
79,4,18608,7
6726,79,7,40
18608,6726,40,208
7,18608,208,18
40,7,18,178
208,40,178,8
18,208,8,786
178,18,786,5
8,178,5,1859
786,8,1859,40
5,786,40,18
1859,5,18,506
40,1859,506,83
18,40,83,24
506,18,24,3
83,506,3,4
24,83,4,5981
3,24,5981,4
4,3,4,10
5981,4,10,721
4,5981,721,9
10,4,9,48
721,10,48,359
9,721,359,5
48,9,5,3805
359,48,3805,337
5,359,337,24
3805,5,24,4397
337,3805,4397,4
24,337,4,865
4397,24,865,2339
4,4397,2339,3
865,4,3,2630
2339,865,2630,4
3,2339,4,57
2630,3,57,148
4,2630,148,112
57,4,112,2428
148,57,2428,18
112,148,18,1093
2428,112,1093,56
18,2428,56,12
1093,18,12,1039
56,1093,1039,108
12,56,108,39
1039,12,39,7
108,1039,7,4357
39,108,4357,786
7,39,786,5
4357,7,5,1859
786,4357,1859,40
5,786,40,117
1859,5,117,23
40,1859,23,4
117,40,4,5981
23,117,5981,19
4,23,19,117
5981,4,117,5
19,5981,5,786
117,19,786,5
5,117,5,1859
786,5,1859,704
5,786,704,6
1859,5,6,878
704,1859,878,5
6,704,5,20
878,6,20,66
5,878,66,54
20,5,54,14
66,20,14,2
54,66,2,6808
14,54,6808,317
2,14,317,4
6808,2,4,13
317,6808,13,170
4,317,170,2352
13,4,2352,142
170,13,142,20
2352,170,20,13
142,2352,13,6279
20,142,6279,6721
13,20,6721,99
6279,13,99,11730
6721,6279,11730,1859
99,6721,1859,15
11730,99,15,1481
1859,11730,1481,2770
15,1859,2770,8
1481,15,8,30
2770,1481,30,18
8,2770,18,388
30,8,388,9
18,30,9,36
388,18,36,66
9,388,66,4
36,9,4,67
66,36,67,2589
4,66,2589,7
67,4,7,760
2589,67,760,207
7,2589,207,153
760,7,153,46
207,760,46,23
153,207,23,39
46,153,39,433
23,46,433,422
39,23,422,46
433,39,46,4
422,433,4,67
46,422,67,1449
4,46,1449,3773
67,4,3773,7
1449,67,7,1581
3773,1449,1581,571
7,3773,571,29
1581,7,29,502
571,1581,502,142
29,571,142,3
502,29,3,786
142,502,786,5
3,142,5,1859
786,3,1859,4
5,786,4,209
1859,5,209,8
4,1859,8,10
209,4,10,704
8,209,704,6
10,8,6,878
704,10,878,5
6,704,5,20
878,6,20,66
5,878,66,7
20,5,7,40
66,20,40,17
7,66,17,1066
40,7,1066,3
17,40,3,137
1066,17,137,3
3,1066,3,19
137,3,19,117
3,137,117,5
19,3,5,4
117,19,4,122
5,117,122,30
4,5,30,18
122,4,18,388
30,122,388,37
18,30,37,2
388,18,2,317
37,388,317,83
2,37,83,6
