3,66,71,403
154,3,403,5
71,154,5,2
403,71,2,238
5,403,238,188
2,5,188,592
238,2,592,9
188,238,9,406
592,188,406,34
9,592,34,1835
406,9,1835,2
34,406,2,14761
1835,34,14761,63
2,1835,63,788
14761,2,788,13
63,14761,13,47
788,63,47,1428
13,788,1428,9746
47,13,9746,6
1428,47,6,311
9746,1428,311,389
6,9746,389,6
311,6,6,257
389,311,257,11
6,389,11,7
257,6,7,6854
11,257,6854,22
7,11,22,2341
6854,7,2341,12
22,6854,12,20
2341,22,20,588
12,2341,588,58
20,12,58,964
588,20,964,6519
58,588,6519,25357
964,58,25357,5
6519,964,5,1613
25357,6519,1613,134
5,25357,134,390
1613,5,390,3432
134,1613,3432,51585
390,134,51585,25
3432,390,25,239
51585,3432,239,8
25,51585,8,2341
239,25,2341,13
8,239,13,495
2341,8,495,2
13,2341,2,1486
495,13,1486,24
2,495,24,153
1486,2,153,343
24,1486,343,80
153,24,80,286
343,153,286,58
80,343,58,630
286,80,630,3
58,286,3,720
630,58,720,101535
3,630,101535,1260
720,3,1260,5
101535,720,5,224
1260,101535,224,2
5,1260,2,2
224,5,2,527
2,224,527,8
2,2,8,71
527,2,71,40
8,527,40,17
71,8,17,458
40,71,458,3
17,40,3,1843
458,17,1843,8
3,458,8,115
1843,3,115,242
8,1843,242,286
115,8,286,8
242,115,8,22
286,242,22,3157
8,286,3157,77
22,8,77,160
3157,22,160,4
77,3157,4,160
160,77,160,93210
4,160,93210,295
160,4,295,859
93210,160,859,2
295,93210,2,851
859,295,851,4767
2,859,4767,6151
851,2,6151,562
4767,851,562,2838
6151,4767,2838,2
562,6151,2,159
2838,562,159,43
2,2838,43,311
159,2,311,389
43,159,389,857
311,43,857,3777
389,311,3777,134
857,389,134,390
3777,857,390,7
134,3777,7,10
390,134,10,1960
7,390,1960,39714
10,7,39714,1533
1960,10,1533,11
39714,1960,11,325
1533,39714,325,2
11,1533,2,182
325,11,182,12
2,325,12,20
182,2,20,11
12,182,11,5868
20,12,5868,128
11,20,128,1841
5868,11,1841,205
128,5868,205,5
1841,128,5,22
205,1841,22,711
5,205,711,12
22,5,12,51
711,22,51,77
12,711,77,17
51,12,17,88
77,51,88,851
17,77,851,4767
88,17,4767,12
851,88,12,238
4767,851,238,188
12,4767,188,52
238,12,52,6
188,238,6,209
52,188,209,48
6,52,48,5
209,6,5,20
48,209,20,514
27,34,160,107
711,27,107,157
160,711,157,384
107,160,384,204
157,107,204,138
384,157,138,27
204,384,27,370
138,204,370,285
27,138,285,16844
370,27,16844,22
285,370,22,1282
16844,285,1282,15
22,16844,15,4
1282,22,4,3837
15,1282,3837,592
4,15,592,6
3837,4,6,43
592,3837,43,127
6,592,127,85
43,6,85,34
127,43,34,11
85,127,11,84
34,85,84,1153
11,34,1153,3
84,11,3,484
1153,84,484,11887
3,1153,11887,815
484,3,815,5588
11887,484,5588,83
815,11887,83,138
5588,815,138,27
83,5588,27,370
138,83,370,285
27,138,285,16844
370,27,16844,22
285,370,22,1282
16844,285,1282,15
22,16844,15,4
1282,22,4,3837
15,1282,3837,592
4,15,592,6
3837,4,6,43
592,3837,43,127
6,592,127,85
43,6,85,34
127,43,34,11
85,127,11,84
34,85,84,1153
11,34,1153,3
84,11,3,484
1153,84,484,11887
3,1153,11887,815
484,3,815,5588
11887,484,5588,83
815,11887,83,43
5588,815,43,3162
83,5588,3162,138
43,83,138,27
3162,43,27,1363
138,3162,1363,15
27,138,15,2
1363,27,2,3734
15,1363,3734,398
2,15,398,3
3734,2,3,89
398,3734,89,19
3,398,19,2
89,3,2,151
19,89,151,5
2,19,5,745
151,2,745,171
5,151,171,2
745,5,2,69
171,745,69,343
2,171,343,12
69,2,12,2884
343,69,2884,5
12,343,5,6209
2884,12,6209,393
5,2884,393,6
6209,5,6,326
393,6209,326,3475
6,393,3475,452
326,6,452,1089
3475,326,1089,2354
452,3475,2354,138
1089,452,138,27
2354,1089,27,1135
138,2354,1135,42
27,138,42,5
1135,27,5,306
42,1135,306,2762
5,42,2762,6
306,5,6,70
2762,306,70,105
6,2762,105,352
70,6,352,59
105,70,59,11
352,105,11,23274
59,352,23274,898
11,59,898,906
23274,11,906,645
898,23274,645,106
906,898,106,1699
645,906,1699,816
106,645,816,3
1699,106,3,247
816,1699,247,63
3,816,63,22
247,3,22,711
63,247,711,54
22,63,54,870
711,22,870,3394
54,711,3394,109
870,54,109,800
3394,870,800,1735
109,3394,1735,4756
800,109,4756,9
1735,800,9,11887
4756,1735,11887,815
9,4756,815,27
11887,9,27,9358
815,11887,9358,9
27,815,9,263
9358,27,263,63
9,9358,63,1726
263,9,1726,657
63,263,657,13
1726,63,13,47
657,1726,47,149
13,657,149,4068
47,13,4068,4
149,47,4,657
4068,149,657,2630
4,4068,2630,37
657,4,37,27
2630,657,27,16
37,2630,16,2748
27,37,2748,1280
16,27,1280,12
2748,16,12,1986
1280,2748,1986,657
12,1280,657,14
1986,12,14,223
657,1986,223,99
14,657,99,5
223,14,5,108
99,223,108,195
5,99,195,3
108,5,3,800
195,108,800,22
3,195,22,12007
800,3,12007,3
22,800,3,27
12007,22,27,29
3,12007,29,34
27,3,34,2
29,27,2,4745
34,29,4745,5
2,34,5,8620
4745,2,8620,345
5,4745,345,3
8620,5,3,4110
345,8620,4110,160
3,345,160,6
4110,3,6,11887
160,4110,11887,2064
6,160,2064,27
11887,6,27,13
2064,11887,13,8263
27,2064,8263,4756
13,27,4756,3
8263,13,3,105607
4756,8263,105607,351
3,4756,351,15
105607,3,15,1084
351,105607,1084,63
15,351,63,617
1084,15,617,71
63,1084,71,3210
617,63,3210,83
71,617,83,6
3210,71,6,411
83,3210,411,3
6,83,3,204
411,6,204,2278
3,411,2278,6
204,3,6,6
2278,204,6,1078
6,2278,1078,7
6,6,7,42
1078,6,42,128
7,1078,128,66
42,7,66,263
128,42,263,158
66,128,158,1181
263,66,1181,1084
158,263,1084,577
1181,158,577,133
1084,1181,133,41
577,1084,41,65
133,577,65,591
41,133,591,10
65,41,10,7
591,65,7,1106
10,591,1106,3
7,10,3,1718
1106,7,1718,8
3,1106,8,678
1718,3,678,13
8,1718,13,2323
678,8,2323,20
13,678,20,66
2323,13,66,4
20,2323,4,11929
66,20,11929,649
4,66,649,786
11929,4,786,18
649,11929,18,453
786,649,453,2
18,786,2,373
453,18,373,851
2,453,851,1733
373,2,1733,3
851,373,3,263
1733,851,263,52559
3,1733,52559,8
263,3,8,1006
52559,263,1006,226
8,52559,226,513
1006,8,513,9
226,1006,9,41
513,226,41,5
9,513,5,577
41,9,577,693
5,41,693,15
577,5,15,528
693,577,528,40
15,693,40,17
528,15,17,2
40,528,2,373
17,40,373,1244
2,17,1244,27
373,2,27,77
1244,373,77,5064
27,1244,5064,474
77,27,474,509
5064,77,509,5
474,5064,5,27
509,474,27,592
5,509,592,1006
27,5,1006,269
592,27,269,257
1006,592,257,956
269,1006,956,89
257,269,89,3
956,257,3,21
89,956,21,1966
3,89,1966,3370
21,3,3370,919
1966,21,919,175
3370,1966,175,43
919,3370,43,4
175,919,4,701
43,175,701,730
4,43,730,6
701,4,6,3262
730,701,3262,857
6,730,857,27
3262,6,27,77
857,3262,77,2
27,857,2,606
77,27,606,2932
2,77,2932,3
606,2,3,919
2932,606,919,82
3,2932,82,3
919,3,3,204
82,919,204,1255
3,82,1255,82
204,3,82,52
1255,204,52,11
82,1255,11,1504
52,82,1504,564
11,52,564,5
1504,11,5,43
564,1504,43,215
5,564,215,6
43,5,6,94492
215,43,94492,93005
6,215,93005,15
94492,6,15,20264
93005,94492,20264,100672
15,93005,100672,27
20264,15,27,711
100672,20264,711,4
27,100672,4,475
711,27,475,5
4,711,5,12347
475,4,12347,815
5,475,815,3266
12347,5,3266,56
815,12347,56,5
3266,815,5,107
56,3266,107,2
5,56,2,204
107,5,204,218
2,107,218,10
204,2,10,5237
218,204,5237,1137
10,218,1137,12
5237,10,12,278
1137,5237,278,1405
12,1137,1405,40
278,12,40,17
1405,278,17,190
40,1405,190,107
17,40,107,5
190,17,5,5355
107,190,5355,8
5,107,8,2
5355,5,2,63
8,5355,63,27
2,8,27,40
63,2,40,224
27,63,224,15
40,27,15,204
224,40,204,6
15,224,6,3418
204,15,3418,382
6,204,382,107
3418,6,107,65
382,3418,65,30331
107,382,30331,7
65,107,7,64
30331,65,64,107
7,30331,107,3
64,7,3,116
107,64,116,101
3,107,101,84
116,3,84,52
101,116,52,27
84,101,27,34
52,84,34,663
27,52,663,168
34,27,168,12
663,34,12,98
168,663,98,5
12,168,5,104
98,12,104,354
5,98,354,370
104,5,370,11
354,104,11,1718
370,354,1718,25650
11,370,25650,68
1718,11,68,13
25650,1718,13,1515
68,25650,1515,3906
13,68,3906,191
1515,13,191,1244
3906,1515,1244,23
191,3906,23,22
1244,191,22,7462
23,1244,7462,3
22,23,3,160
7462,22,160,107
3,7462,107,204
160,3,204,384
107,160,384,157
204,107,157,9
384,204,9,482
157,384,482,11
9,157,11,77
482,9,77,956
11,482,956,43
77,11,43,233
956,77,233,3
43,956,3,2537
233,43,2537,1009
3,233,1009,9
2537,3,9,1851
1009,2537,1851,26629
9,1009,26629,2
1851,9,2,348
26629,1851,348,8
2,26629,8,609
348,2,609,43
8,348,43,2950
609,8,2950,3
43,609,3,1262
2950,43,1262,6
3,2950,6,654
1262,3,654,37
6,1262,37,204
654,6,204,4
37,654,4,1113
204,37,1113,263
4,204,263,1200
1113,4,1200,22827
263,1113,22827,1009
1200,263,1009,446
22827,1200,446,50
1009,22827,50,642
446,1009,642,258
50,446,258,66
642,50,66,404
258,642,404,525
66,258,525,183
404,66,183,368
525,404,368,11
183,525,11,77
368,183,77,1195
11,368,1195,9
77,11,9,443
1195,77,443,2718
9,1195,2718,9891
443,9,9891,4
2718,443,4,1769
9891,2718,1769,917
4,9891,917,175
1769,4,175,103
917,1769,103,39527
175,917,39527,71
103,175,71,2505
39527,103,2505,4597
71,39527,4597,4332
2505,71,4332,8
4597,2505,8,78
4332,4597,78,32
8,4332,32,1328
78,8,1328,3
32,78,3,1589
1328,32,1589,171
3,1328,171,49
1589,3,49,99
171,1589,99,1134
49,171,1134,2
99,49,2,43
1134,99,43,269
2,1134,269,5
43,2,5,35
269,43,35,988
5,269,988,6929
35,5,6929,4
988,35,4,49
6929,988,49,1282
4,6929,1282,4177
49,4,4177,12
1282,49,12,10
4177,1282,10,171
12,4177,171,264
10,12,264,127
171,10,127,69
264,171,69,3
127,264,3,62
69,127,62,62
3,69,62,7051
62,3,7051,11
62,62,11,40
7051,62,40,17
11,7051,17,12
40,11,12,108
17,40,108,695
12,17,695,27
108,12,27,7
695,108,7,21
27,695,21,253
7,27,253,3
21,7,3,91
253,21,91,98
3,253,98,7360
91,3,7360,3
98,91,3,62
7360,98,62,22
3,7360,22,1994
62,3,1994,5
22,62,5,3929
1994,22,3929,197
5,1994,197,919
3929,5,919,15
197,3929,15,81754
919,197,81754,4110
15,919,4110,1244
81754,15,1244,11
4110,81754,11,115
1244,4110,115,1386
11,1244,1386,34
115,11,34,1024
1386,115,1024,72
34,1386,72,62
1024,34,62,136
72,1024,136,11
62,72,11,2570
136,62,2570,3
11,136,3,972
2570,11,972,15
3,2570,15,22
972,3,22,12704
15,972,12704,4136
22,15,4136,240
12704,22,240,701
4136,12704,701,846
240,4136,846,195
701,240,195,714
846,701,714,41
195,846,41,65
714,195,65,98
41,714,98,57
65,41,57,34
98,65,34,17
57,98,17,1685
34,57,1685,27861
17,34,27861,737
1685,17,737,5
27861,1685,5,824
737,27861,824,132
5,737,132,21
824,5,21,2350
132,824,2350,1861
21,132,1861,423
2350,21,423,5
1861,2350,5,204
423,1861,204,1234
5,423,1234,36
204,5,36,10
1234,204,10,808
202,207,94,88
127,202,88,613
94,127,613,6
88,94,6,2
613,88,2,4053
6,613,4053,662
2,6,662,15
4053,2,15,182
662,4053,182,5
15,662,5,2593
182,15,2593,2164
5,182,2164,147
2593,5,147,3
2164,2593,3,661
147,2164,661,2
3,147,2,795
661,3,795,194
2,661,194,206
795,2,206,180
194,795,180,4
206,194,4,21
180,206,21,42
4,180,42,5
21,4,5,36
42,21,36,25
5,42,25,57
36,5,57,2347
25,36,2347,31
57,25,31,16
2347,57,16,438
31,2347,438,30
16,31,30,34
438,16,34,234
30,438,234,23
34,30,23,2
234,34,2,217
23,234,217,5
2,23,5,94
217,2,94,332
5,217,332,15
94,5,15,2
332,94,2,382
15,332,382,864
2,15,864,9
382,2,9,22
864,382,22,36
9,864,36,49
22,9,49,1401
36,22,1401,30
49,36,30,34
1401,49,34,483
30,1401,483,270
34,30,270,15
483,34,15,94
270,483,94,31
15,270,31,295
94,15,295,88
31,94,88,6164
295,31,6164,6
88,295,6,29335
6164,88,29335,2
6,6164,2,264
29335,6,264,407
2,29335,407,1267
264,2,1267,636
407,264,636,1256
1267,407,1256,1542
636,1267,1542,146
1256,636,146,22
1542,1256,22,83
146,1542,83,187
22,146,187,54
83,22,54,7
187,83,7,113
54,187,113,55
7,54,55,17
113,7,17,9634
55,113,9634,83
17,55,83,3
9634,17,3,531
83,9634,531,58
3,83,58,396
531,3,396,192
58,531,192,15
396,58,15,72
192,396,72,58
15,192,58,106
72,15,106,11
58,72,11,44
106,58,44,1966
11,106,1966,42
44,11,42,14591
1966,44,14591,239
42,1966,239,3
14591,42,3,101
239,14591,101,36
3,239,36,42
101,3,42,15
36,101,15,64
42,36,64,1852
15,42,1852,3
64,15,3,5426
1852,64,5426,1542
3,1852,1542,251
5426,3,251,81
1542,5426,81,16051
251,1542,16051,162
81,251,162,346
16051,81,346,480
162,16051,480,31
346,162,31,55
480,346,55,243
31,480,243,570
55,31,570,4
243,55,4,906
570,243,906,408
4,570,408,2
906,4,2,1542
408,906,1542,7
2,408,7,258
1542,2,258,202
7,1542,202,147
258,7,147,2
202,258,2,7374
147,202,7374,11
2,147,11,44
7374,2,44,15
11,7374,15,161
44,11,161,3206
15,44,3206,4
161,15,4,2543
3206,161,2543,3
4,3206,3,192
2543,4,192,4
3,2543,4,93
192,3,93,2
4,192,2,222
93,4,222,1022
2,93,1022,4495
222,2,4495,10
1022,222,10,7
4495,1022,7,4
10,4495,4,7246
7,10,7246,4947
4,7,4947,9
7246,4,9,387
4947,7246,387,3
9,4947,3,96
387,9,96,187
3,387,187,782
96,3,782,451
187,96,451,11
782,187,11,13
451,782,13,47
11,451,47,223
13,11,223,35
47,13,35,195
223,47,195,6
35,223,6,742
195,35,742,452
6,195,452,1338
742,6,1338,39
452,742,39,1369
1338,452,1369,4
39,1338,4,2322
1369,39,2322,31
4,1369,31,517
2322,4,517,15
31,2322,15,2
517,31,2,2449
15,517,2449,1606
2,15,1606,4
2449,2,4,140
1606,2449,140,3198
4,1606,3198,893
140,4,893,2
3198,140,2,222
893,3198,222,11
2,893,11,13
222,2,13,42
11,222,42,23
13,11,23,35
42,13,35,446
23,42,446,148
35,23,148,58
446,35,58,14
148,446,14,3
58,148,3,25
14,58,25,2998
3,14,2998,46
25,3,46,642
2998,25,642,1111
46,2998,1111,3390
642,46,3390,391
1111,642,391,655
3390,1111,655,1666
391,3390,1666,1836
655,391,1836,683
1666,655,683,1611
1836,1666,1611,402
683,1836,402,4
1611,683,4,262
402,1611,262,983
4,402,983,4
262,4,4,1361
983,262,1361,2135
4,983,2135,102
1361,4,102,166
2135,1361,166,909
102,2135,909,637
166,102,637,6
909,166,6,57
637,909,57,357
6,637,357,22
57,6,22,433
357,57,433,7
22,357,7,2457
433,22,2457,3
7,433,3,20
2457,7,20,127
3,2457,127,11
20,3,11,55
127,20,55,5292
11,127,5292,149
55,11,149,2
5292,55,2,1641
149,5292,1641,8
2,149,8,115
1641,2,115,21
8,1641,21,922
115,8,922,86
21,115,86,3
922,21,3,5308
86,922,5308,2
3,86,2,11
5308,3,11,73
2,5308,73,3
11,2,3,44
73,11,44,207
3,73,207,70
44,3,70,14
207,44,14,600
70,207,600,3
14,70,3,244
600,14,244,22
3,600,22,36
244,3,36,49
22,244,49,1034
36,22,1034,5
49,36,5,70
1034,49,70,1605
5,1034,1605,8
70,5,8,1605
1605,70,1605,115
8,1605,115,21
1605,8,21,2350
115,1605,2350,364
21,115,364,1712
2350,21,1712,42
364,2350,42,83
1712,364,83,402
42,1712,402,29
83,42,29,55
402,83,55,17
29,402,17,4837
55,29,4837,2
17,55,2,308
4837,17,308,1172
2,4837,1172,2
308,2,2,1015
1172,308,1015,3
2,1172,3,645
1015,2,645,1586
3,1015,1586,2
645,3,2,347
1586,645,347,6
2,1586,6,2
347,2,2,1106
6,347,1106,312
2,6,312,11
1106,2,11,610
312,1106,610,58
11,312,58,14
610,11,14,3
58,610,3,12939
14,58,12939,2886
3,14,2886,56
12939,3,56,2
2886,12939,2,1641
56,2886,1641,9
2,56,9,133
1641,2,133,222
9,1641,222,251
133,9,251,20
222,133,20,5031
251,222,5031,6
20,251,6,3290
5031,20,3290,1897
6,5031,1897,4
3290,6,4,11
1897,3290,11,2431
4,1897,2431,7
11,4,7,8
2431,11,8,6
7,2431,6,11
8,7,11,7
6,8,7,2
11,6,2,15058
7,11,15058,10060
2,7,10060,31
15058,2,31,365
10060,15058,365,12
31,10060,12,4
365,31,4,1297
12,365,1297,274
4,12,274,258
1297,4,258,60
274,1297,60,6
258,274,6,378
60,258,378,66
6,60,66,11
378,6,11,44
66,378,44,15
11,66,15,101
44,11,101,869
15,44,869,5
101,15,5,56100
869,101,56100,7
5,869,7,40
56100,5,40,17
7,56100,17,8955
40,7,8955,102
17,40,102,180
8955,17,180,12
102,8955,12,238
180,102,238,188
12,180,188,11
