1268,4,12,614
730,1268,614,15
12,730,15,204
614,12,204,4
15,614,4,6
204,15,6,1723
4,204,1723,4
6,4,4,2968
1723,6,2968,120
4,1723,120,539
2968,4,539,7
120,2968,7,809
539,120,809,319
7,539,319,8
809,7,8,6
319,809,6,634
8,319,634,59
6,8,59,127
634,6,127,85
59,634,85,6317
127,59,6317,1123
85,127,1123,10
6317,85,10,13063
1123,6317,13063,12
10,1123,12,1986
13063,10,1986,52
12,13063,52,1653
1986,12,1653,7
52,1986,7,32
1653,52,32,2
7,1653,2,3720
32,7,3720,7148
2,32,7148,5
3720,2,5,26736
7148,3720,26736,2922
5,7148,2922,34
26736,5,34,2303
2922,26736,2303,49
34,2922,49,8977
2303,34,8977,2
49,2303,2,2
8977,49,2,306
2,8977,306,664
2,2,664,845
306,2,845,9
664,306,9,225
845,664,225,1216
9,845,1216,34
225,9,34,1526
1216,225,1526,32
34,1216,32,944
1526,34,944,225
32,1526,225,5
944,32,5,278
225,944,278,225
5,225,225,5
278,5,5,386
225,278,386,225
5,225,225,5
386,5,5,1209
225,386,1209,1216
5,225,1216,34
1209,5,34,1526
1216,1209,1526,658
34,1216,658,441
1526,34,441,3354
658,1526,3354,118
441,658,118,1535
3354,441,1535,6
118,3354,6,204
1535,118,204,1216
6,1535,1216,34
204,6,34,2385
1216,204,2385,2873
34,1216,2873,9627
2385,34,9627,10400
2873,2385,10400,5
9627,2873,5,574
10400,9627,574,1256
5,10400,1256,38951
574,5,38951,31
1256,574,31,13
38951,1256,13,47
31,38951,47,575
13,31,575,978
47,13,978,189
575,47,189,310
978,575,310,1007
189,978,1007,370
310,189,370,228
1007,310,228,152
370,1007,152,7013
228,370,7013,10845
152,228,10845,541
7013,152,541,24
10845,7013,24,2
541,10845,2,669
24,541,669,158
2,24,158,6
669,2,6,4
158,669,4,252
6,158,252,650
4,6,650,659
252,4,659,3364
650,252,3364,19
659,650,19,152
3364,659,152,434
19,3364,434,156
152,19,156,2336
434,152,2336,8
156,434,8,3952
2336,156,3952,7
8,2336,7,2
3952,8,2,1259
7,3952,1259,24
2,7,24,352
1259,2,352,6
24,1259,6,16262
352,24,16262,6768
6,352,6768,1554
16262,6,1554,28
6768,16262,28,5
1554,6768,5,1626
28,1554,1626,152
5,28,152,126
1626,5,126,207
152,1626,207,372
126,152,372,2883
207,126,2883,26
372,207,26,4470
2883,372,4470,2
26,2883,2,310
4470,26,310,69
2,4470,69,4333
310,2,4333,3
69,310,3,5394
4333,69,5394,38
3,4333,38,944
5394,3,944,4
38,5394,4,3
944,38,3,1080
4,944,1080,1626
3,4,1626,45
1080,3,45,10683
1626,1080,10683,9
45,1626,9,167
10683,45,167,6
9,10683,6,1391
167,9,1391,213
6,167,213,10
1391,6,10,14
213,1391,14,814
10,213,814,310
14,10,310,4
814,14,4,1202
310,814,1202,8
4,310,8,50
1202,4,50,88
8,1202,88,344
50,8,344,537
1075,300,85,78
20,1075,78,32
85,20,32,13
78,85,13,47
32,78,47,1826
13,32,1826,3
47,13,3,17
1826,47,17,2
3,1826,2,3661
17,3,3661,9
2,17,9,225
3661,2,225,31
9,3661,31,34
225,9,34,25
31,225,25,622
34,31,622,6
25,34,6,49
622,25,49,191
6,622,191,3
49,6,3,248
191,49,248,944
3,191,944,5
248,3,5,1069
944,248,1069,1137
5,944,1137,8
1069,5,8,206
1137,1069,206,10
8,1137,10,324
206,8,324,2
10,206,2,572
324,10,572,39
2,324,39,3
572,2,3,49
39,572,49,59
3,39,59,339
49,3,339,898
59,49,898,20
339,59,20,460
898,339,460,2019
20,898,2019,174
460,20,174,4245
2019,460,4245,425
174,2019,425,8
4245,174,8,339
425,4245,339,62
8,425,62,977
339,8,977,1819
62,339,1819,944
977,62,944,13187
1819,977,13187,14361
944,1819,14361,920
13187,944,920,62
14361,13187,62,32
920,14361,32,918
62,920,918,49
32,62,49,3522
918,32,3522,3
49,918,3,155
3522,49,155,361
3,3522,361,59
155,3,59,11
361,155,11,14
59,361,14,22
11,59,22,441
14,11,441,1164
22,14,1164,80
441,22,80,486
1164,441,486,11
80,1164,11,1077
486,80,1077,11
11,486,11,14
1077,11,14,2357
11,1077,2357,3889
14,11,3889,32
2357,14,32,14
3889,2357,14,1693
32,3889,1693,12
14,32,12,2
1693,14,2,3353
12,1693,3353,5764
2,12,5764,37
3353,2,37,209
5764,3353,209,8
37,5764,8,11
209,37,11,100
8,209,100,72
11,8,72,7333
100,11,7333,303
72,100,303,2
7333,72,2,977
303,7333,977,3522
2,303,3522,361
977,2,361,11
3522,977,11,365
361,3522,365,2
11,361,2,659
365,11,659,13038
2,365,13038,930
659,2,930,32
13038,659,32,28
930,13038,28,12
32,930,12,3353
28,32,3353,184
12,28,184,3
3353,12,3,70
184,3353,70,5922
3,184,5922,7
70,3,7,13
5922,70,13,89
7,5922,89,123
13,7,123,2
89,13,2,22780
123,89,22780,54
2,123,54,11
22780,2,11,893
54,22780,893,54
11,54,54,3257
893,11,3257,1748
54,893,1748,130
3257,54,130,1175
1748,3257,1175,6
130,1748,6,22780
1175,130,22780,3473
6,1175,3473,336
22780,6,336,20
3473,22780,20,460
336,3473,460,25
20,336,25,30
460,20,30,55
25,460,55,1798
30,25,1798,14361
55,30,14361,460
1798,55,460,4
14361,1798,4,329
460,14361,329,45
4,460,45,137
329,4,137,31
45,329,31,78
137,45,78,32
31,137,32,245
78,31,245,7
294,39,1312,24
4,294,24,220
1312,4,220,274
24,1312,274,220
220,24,220,1022
274,220,1022,181
220,274,181,9
1022,220,9,153
181,1022,153,5
9,181,5,1547
153,9,1547,109
5,153,109,4141
1547,5,4141,19
109,1547,19,16246
4141,109,16246,8561
19,4141,8561,2
16246,19,2,12
8561,16246,12,14511
2,8561,14511,884
12,2,884,3863
14511,12,3863,2360
884,14511,2360,220
3863,884,220,578
2360,3863,578,4584
220,2360,4584,6602
578,220,6602,220
4584,578,220,7
6602,4584,7,142
220,6602,142,902
7,220,902,9
142,7,9,338
902,142,338,279
9,902,279,857
338,9,857,4
279,338,4,9315
857,279,9315,34
4,857,34,514
9315,4,514,2
34,9315,2,150
514,34,150,220
2,514,220,105
150,2,105,440
220,150,440,12
105,220,12,6602
440,105,6602,355
12,440,355,4
6602,12,4,6
355,6602,6,197
4,355,197,832
6,4,832,52
197,6,52,33
832,197,33,155
52,832,155,168
33,52,168,352
155,33,352,1803
168,155,1803,148
352,168,148,8
1803,352,8,30
148,1803,30,380
8,148,380,3871
30,8,3871,7
380,30,7,861
3871,380,861,5
7,3871,5,67
861,7,67,6602
5,861,6602,2
67,5,2,2
6602,67,2,45
2,6602,45,28
2,2,28,220
45,2,220,7
28,45,7,142
220,28,142,802
7,220,802,9789
142,7,9789,26776
802,142,26776,902
9789,802,902,13
26776,9789,13,243
902,26776,243,845
13,902,845,2
243,13,2,423
845,243,423,12
2,845,12,147
423,2,147,3
12,423,3,243
147,12,243,6602
3,147,6602,23
243,3,23,456
6602,243,456,5
23,6602,5,220
456,23,220,1151
5,456,1151,173
220,5,173,276
1151,220,276,43
173,1151,43,1096
276,173,1096,5
43,276,5,76
1096,43,76,359
5,1096,359,5
76,5,5,2
359,76,2,240
5,359,240,28
2,5,28,26776
240,2,26776,10
28,240,10,44
26776,28,44,1885
10,26776,1885,164
44,10,164,7
1885,44,7,67
164,1885,67,384
7,164,384,12
67,7,12,6602
384,67,6602,4
12,384,4,1073
6602,12,1073,5
4,6602,5,9315
1073,4,9315,220
5,1073,220,225
9315,5,225,194
220,9315,194,5
225,220,5,176
194,225,176,1990
5,194,1990,4
176,5,4,4732
1990,176,4732,6
4,1990,6,67
4732,4,67,543
6,4732,543,4
67,6,4,90
543,67,90,57
4,543,57,139
90,4,139,532
57,90,532,5
139,57,5,699
532,139,699,9
5,532,9,1624
699,5,1624,30
9,699,30,16
1624,9,16,2406
30,1624,2406,2
16,30,2,39
2406,16,39,532
2,2406,532,6
39,2,6,70
532,39,70,352
6,532,352,28
70,6,28,651
352,70,651,1806
28,352,1806,25460
651,28,25460,42856
1806,651,42856,2950
25460,1806,2950,4
42856,25460,4,220
2950,42856,220,1277
4,2950,1277,3029
220,4,3029,369
1277,220,369,843
3029,1277,843,10
369,3029,10,7
843,369,7,2
10,843,2,532
7,10,532,5
2,7,5,699
532,2,699,9
5,532,9,992
699,5,992,674
9,699,674,9
992,9,9,992
674,992,992,698
9,674,698,51
992,9,51,25
698,992,25,26
51,698,26,25
25,51,25,59
26,25,59,26
25,26,26,16
59,25,16,9562
26,59,9562,23
16,26,23,308
9562,16,308,6097
23,9562,6097,7965
308,23,7965,4
6097,308,4,9562
7965,6097,9562,6028
4,7965,6028,11
9562,4,11,331
6028,9562,331,25
11,6028,25,26
331,11,26,142
25,331,142,198
26,25,198,5
142,26,5,1624
198,142,1624,25
5,198,25,26
1624,5,26,31031
25,1624,31031,25
26,25,25,26
31031,26,26,247
25,31031,247,1929
26,25,1929,36
247,26,36,25
1929,247,25,26
36,1929,26,61
25,36,61,123
26,25,123,4
61,26,4,740
123,61,740,3
4,123,3,2207
740,4,2207,48
3,740,48,255
2207,3,255,15
48,2207,15,124
255,48,124,2493
15,255,2493,4
124,15,4,4923
2493,124,4923,23
4,2493,23,308
4923,4,308,651
23,4923,651,25460
308,23,25460,7
651,308,7,42
25460,651,42,5
7,25460,5,8129
42,7,8129,5
5,42,5,2
8129,5,2,3885
5,8129,3885,1008
2,5,1008,9
3885,2,9,1277
1008,3885,1277,60
9,1008,60,724
1277,9,724,6
60,1277,6,1797
724,60,1797,1258
6,724,1258,4
1797,6,4,490
1258,1797,490,60
4,1258,60,6
490,4,6,3863
60,490,3863,640
6,60,640,51
3863,6,51,955
640,3863,955,152
51,640,152,16
955,51,16,1222
152,955,1222,33
16,152,33,7119
1222,16,7119,16
33,1222,16,21
7119,33,21,12299
16,7119,12299,4
21,16,4,2035
12299,21,2035,97
4,12299,97,92
2035,4,92,34
97,2035,34,21
92,97,21,17
34,92,17,5718
21,34,5718,98
17,21,98,60
5718,17,60,850
98,5718,850,301
60,98,301,2009
850,60,2009,941
301,850,941,7
2009,301,7,22416
941,2009,22416,1576
7,941,1576,91
22416,7,91,3
1576,22416,3,4
91,1576,4,288
3,91,288,771
4,3,771,8
288,4,8,13
771,288,13,146
8,771,146,10
13,8,10,131
146,13,131,831
10,146,831,9
131,10,9,45
831,131,45,3
9,831,3,93
45,9,93,656
3,45,656,3
93,3,3,9044
656,93,9044,201
3,656,201,4
9044,3,4,90
201,9044,90,201
4,201,201,16
90,4,16,131
201,90,131,2598
16,201,2598,28
131,16,28,105
2598,131,105,1008
28,2598,1008,1051
105,28,1051,575
1008,105,575,23884
1051,1008,23884,5
575,1051,5,22965
23884,575,22965,393
5,23884,393,824
22965,5,824,5
393,22965,5,30
824,393,30,392
5,824,392,8391
30,5,8391,2
392,30,2,45
8391,392,45,352
2,8391,352,5
45,2,5,7119
352,45,7119,1408
5,352,1408,1278
7119,5,1278,10979
1408,7119,10979,4
1278,1408,4,246
10979,1278,246,3091
4,10979,3091,16
246,4,16,718
3091,246,718,255
16,3091,255,28
718,16,28,23884
255,718,23884,301
28,255,301,1594
23884,28,1594,5
301,23884,5,274
1594,301,274,659
5,1594,659,6
274,5,6,226
659,274,226,3083
6,659,3083,528
226,6,528,4
3083,226,4,18017
528,3083,18017,10
4,528,10,40
18017,4,40,17
10,18017,17,131
40,10,131,831
17,40,831,9
131,17,9,4
831,131,4,941
9,831,941,92
4,9,92,3
941,4,3,154
92,941,154,6
3,92,6,4
154,3,4,740
6,154,740,3
4,6,3,2208
740,4,2208,81
3,740,81,198
2208,3,198,38
81,2208,38,778
198,81,778,36
38,198,36,766
778,38,766,1767
36,778,1767,3
766,36,3,432
1767,766,432,1808
3,1767,1808,11
432,3,11,28
1808,432,28,1681
11,1808,1681,4024
28,11,4024,4805
1681,28,4805,15366
4024,1681,15366,12428
4805,4024,12428,5257
15366,4805,5257,1338
12428,15366,1338,399
5257,12428,399,101
1338,5257,101,195
399,1338,195,4805
101,399,4805,2873
195,101,2873,15366
4805,195,15366,1027
2873,4805,1027,2177
15366,2873,2177,2
1027,15366,2,26829
2177,1027,26829,3
2,2177,3,66
26829,2,66,1465
3,26829,1465,12
66,3,12,85
1465,66,85,7373
12,1465,7373,496
85,12,496,723
7373,85,723,66
496,7373,66,547
723,496,547,20
66,723,20,205
547,66,205,38855
20,547,38855,6898
205,20,6898,2
38855,205,2,6409
6898,38855,6409,2048
2,6898,2048,23
6409,2,23,15366
2048,6409,15366,1725
23,2048,1725,12809
15366,23,12809,61
1725,15366,61,15
12809,1725,15,562
61,12809,562,3028
15,61,3028,5
562,15,5,1338
3028,562,1338,1924
5,3028,1924,369
1338,5,369,102
1924,1338,102,124
369,1924,124,4
102,369,4,4063
124,102,4063,3
4,124,3,2208
4063,4,2208,2
3,4063,2,4024
2208,3,4024,97
2,2208,97,9
4024,2,9,15366
97,4024,15366,6
9,97,6,26854
15366,9,26854,6
6,15366,6,3238
26854,6,3238,11
6,26854,11,2289
3238,6,2289,6
11,3238,6,144
2289,11,144,5
6,2289,5,57
144,6,57,4034
5,144,4034,377
57,5,377,1828
4034,57,1828,179
377,4034,179,4
1828,377,4,615
179,1828,615,845
4,179,845,3
615,4,3,118
845,615,118,56
3,845,56,131
118,3,131,850
56,118,850,28
131,56,28,6898
850,131,6898,11
28,850,11,425
6898,28,425,8
11,6898,8,1425
425,11,1425,97
8,425,97,823
1425,8,823,127
97,1425,127,94
823,97,94,11131
127,823,11131,10171
94,127,10171,2745
11131,94,2745,105
10171,11131,105,2298
2745,10171,2298,12
105,2745,12,318
2298,105,318,20
12,2298,20,14
318,12,14,2211
20,318,2211,28
14,20,28,6898
2211,14,6898,26
28,2211,26,116
6898,28,116,62
26,6898,62,921
116,26,921,4805
62,116,4805,15366
921,62,15366,7
4805,921,7,4
15366,4805,4,8
7,15366,8,11
4,7,11,13
8,4,13,767
11,8,767,12
13,11,12,620
767,13,620,220
12,767,220,1022
620,12,1022,1202
220,620,1202,12
1022,220,12,1055
1202,1022,1055,1202
12,1202,1202,703
1055,12,703,7
1202,1055,7,2773
703,1202,2773,19
7,703,19,7903
2773,7,7903,9
19,2773,9,4
7903,19,4,16246
9,7903,16246,8561
4,9,8561,2
16246,4,2,39
8561,16246,39,4494
2,8561,4494,5
39,2,5,348
4494,39,348,603
5,4494,603,207
348,5,207,473
603,348,473,23
207,603,23,303
473,207,303,12
23,473,12,15388
303,23,15388,3244
12,303,3244,42
15388,12,42,509
3608,2,8,3771
5069,3608,3771,429
8,5069,429,175
3771,8,175,138
429,3771,138,27
175,429,27,4
138,175,4,22
27,138,22,582
4,27,582,58
22,4,58,970
582,22,970,74
58,582,74,38
970,58,38,7253
74,970,7253,303
38,74,303,198
7253,38,198,2
303,7253,2,39
198,303,39,1564
2,198,1564,5
39,2,5,3972
1564,39,3972,223
5,1564,223,492
3972,5,492,58
223,3972,58,31
492,223,31,623
58,492,623,8
31,58,8,202
623,31,202,1158
8,623,1158,40
202,8,40,1590
1158,202,1590,351
40,1158,351,1434
1590,40,1434,114
351,1590,114,6
1434,351,6,2
114,1434,2,7586
6,114,7586,431
2,6,431,15
7586,2,15,253
431,7586,253,135
15,431,135,287
253,15,287,78
135,253,78,11197
287,135,11197,2007
78,287,2007,255
11197,78,255,9216
2007,11197,9216,285
255,2007,285,20
9216,255,20,153
285,9216,153,2
20,285,2,11
153,20,11,4
2,153,4,117
11,2,117,638
4,11,638,193
117,4,193,5
638,117,5,598
193,638,598,506
5,193,506,2307
598,5,2307,122
506,598,122,193
2307,506,193,872
122,2307,872,5895
193,122,5895,716
872,193,716,809
5895,872,809,5
716,5895,5,11486
809,716,11486,12
5,809,12,338
11486,5,338,152
12,11486,152,24
338,12,24,27
152,338,27,4
24,152,4,22
27,24,22,267
4,27,267,23
22,4,23,42
267,22,42,173
23,267,173,280
42,23,280,1662
173,42,1662,2728
280,173,2728,8894
1662,280,8894,4
2728,1662,4,9570
8894,2728,9570,806
4,8894,806,10200
9570,4,10200,5895
806,9570,5895,193
10200,806,193,1510
5895,10200,1510,15
193,5895,15,22
1510,193,22,872
15,1510,872,3801
22,15,3801,2
872,22,2,1270
3801,872,1270,81772
2,3801,81772,806
1270,2,806,16
81772,1270,16,1155
806,81772,1155,2
16,806,2,589
1155,16,589,357
2,1155,357,599
589,2,599,6402
357,589,6402,12
599,357,12,1089
6402,599,1089,8
12,6402,8,27
1089,12,27,8894
8,1089,8894,3
27,8,3,22
8894,27,22,169
3,8894,169,65533
22,3,65533,519
169,22,519,4
65533,169,4,57
519,65533,57,18
4,519,18,3148
57,4,3148,4
18,57,4,8294
3148,18,8294,223
4,3148,223,58
8294,4,58,4
223,8294,4,162
58,223,162,4286
4,58,4286,122
162,4,122,193
4286,162,193,28
122,4286,28,429
193,122,429,8
28,193,8,280
429,28,280,471
8,429,471,25
280,8,25,4900
471,280,4900,106601
25,471,106601,5224
4900,25,5224,4
106601,4900,4,67
5224,106601,67,397
4,5224,397,16
67,4,16,85397
397,67,85397,193
16,397,193,134
85397,16,134,523
193,85397,523,122
134,193,122,2329
523,134,2329,6
122,523,6,3713
2329,122,3713,3504
6,2329,3504,10
3713,6,10,7
3504,3713,7,21
10,3504,21,3310
7,10,3310,9
21,7,9,2
3310,21,2,273
9,3310,273,3516
2,9,3516,39
273,2,39,249
3516,273,249,4900
39,3516,4900,3
249,39,3,167
4900,249,167,130
3,4900,130,872
167,3,872,10
130,167,10,7
872,130,7,21
10,872,21,3310
7,10,3310,9
21,7,9,89
3310,21,89,3
9,3310,3,96
89,9,96,2307
3,89,2307,3
96,3,3,117
2307,96,117,3608
3,2307,3608,101520
117,3,101520,10774
3608,117,10774,3502
101520,3608,3502,2781
10774,101520,2781,18600
3502,10774,18600,5
2781,3502,5,202
18600,2781,202,289
5,18600,289,237
202,5,237,4
289,202,4,3990
237,289,3990,2007
4,237,2007,356
3990,4,356,2274
2007,3990,2274,27
356,2007,27,31
2274,356,31,13
