4,8684,4,2368
1849,4,2368,5
4,1849,5,10
2368,4,10,163
5,2368,163,6260
10,5,6260,6302
163,10,6302,6
6260,163,6,4
6302,6260,4,315
6,6302,315,3
4,6,3,2537
315,4,2537,204
3,315,204,1669
2537,3,1669,4228
204,2537,4228,63
1669,204,63,1726
4228,1669,1726,657
63,4228,657,1371
1726,63,1371,2
657,1726,2,20304
1371,657,20304,12676
2,1371,12676,2427
20304,2,2427,4
12676,20304,4,8479
2427,12676,8479,348
4,2427,348,3670
8479,4,3670,5
348,8479,5,20
3670,348,20,315
5,3670,315,50
20,5,50,2156
315,20,2156,6
50,315,6,4199
2156,50,4199,4
6,2156,4,1078
4199,6,1078,6
4,4199,6,59
1078,4,59,263
6,1078,263,163
59,6,163,301
263,59,301,6346
163,263,6346,1740
301,163,1740,282
6346,301,282,794
1740,6346,794,959
282,1740,959,4
794,282,4,9586
959,794,9586,282
4,959,282,7125
9586,4,7125,65
282,9586,65,6
7125,282,6,21462
65,7125,21462,124
6,65,124,2
21462,6,2,568
124,21462,568,544
2,124,544,80
568,2,80,263
544,568,263,1459
80,544,1459,1235
263,80,1235,301
1459,263,301,8
1235,1459,8,38
301,1235,38,215
8,301,215,6
38,8,6,10
215,38,10,593
6,215,593,35
10,6,35,40
593,10,40,17
35,593,17,64
40,35,64,2642
17,40,2642,9
64,17,9,70
2642,64,70,4
9,2642,4,1006
70,9,1006,163
4,70,163,6
1006,4,6,2
163,1006,2,15117
6,163,15117,3508
2,6,3508,398
15117,2,398,652
3508,15117,652,3862
398,3508,3862,4938
652,398,4938,5
3862,652,5,2568
4938,3862,2568,7125
5,4938,7125,3
2568,5,3,2700
7125,2568,2700,5479
3,7125,5479,263
2700,3,263,1747
5479,2700,1747,3905
263,5479,3905,84
1747,263,84,251
3905,1747,251,9
84,3905,9,341
251,84,341,91
9,251,91,5
341,9,5,342
91,341,342,537
5,91,537,3
342,5,3,5570
537,342,5570,4
3,537,4,1809
5570,3,1809,3862
4,5570,3862,2568
1809,4,2568,163
3862,1809,163,3
2568,3862,3,243
163,2568,243,20
3,163,20,6
243,3,6,2050
20,243,2050,263
6,20,263,195
2050,6,195,16675
263,2050,16675,178
195,263,178,8
16675,195,8,26
178,16675,26,16
8,178,16,944
26,8,944,5
16,26,5,2
944,16,2,2743
5,944,2743,1590
2,5,1590,19
2743,2,19,1006
1590,2743,1006,3
19,1590,3,10221
1006,19,10221,38
3,1006,38,133
10221,3,133,4
38,10221,4,8079
133,38,8079,10
4,133,10,414
8079,4,414,748
10,8079,748,26
414,10,26,173
748,414,173,6
26,748,6,994
173,26,994,3
6,173,3,4778
994,6,4778,5
3,994,5,1006
4778,3,1006,163
5,4778,163,6
1006,5,6,4225
163,1006,4225,426
6,163,426,2359
4225,6,2359,28313
426,4225,28313,3237
2359,426,3237,5
28313,2359,5,1669
3237,28313,1669,6074
5,3237,6074,6
1669,5,6,51
6074,1669,51,14
6,6074,14,370
51,6,370,1746
14,51,1746,5
370,14,5,2049
1746,370,2049,637
5,1746,637,4
2049,5,4,6
637,2049,6,2156
4,637,2156,1713
6,4,1713,5
2156,6,5,627
1713,2156,627,146
5,1713,146,3
627,5,3,8438
146,627,8438,6
3,146,6,8
8438,3,8,1006
6,8438,1006,40
8,6,40,21
1006,8,21,25
40,1006,25,25
21,40,25,2
25,21,2,2
25,25,2,284
2,25,284,204
2,2,204,13
284,2,13,47
204,284,47,11550
13,204,11550,10
47,13,10,441
11550,47,441,6
10,11550,6,418
441,10,418,11173
6,441,11173,1078
418,6,1078,4
11173,418,4,4225
1078,11173,4225,35
4,1078,35,4
4225,4,4,1563
35,4225,1563,10
4,35,10,925
1563,4,925,9
10,1563,9,2
925,10,2,451
9,925,451,4819
2,9,4819,15
451,2,15,1006
4819,451,1006,163
15,4819,163,6559
1006,15,6559,53
163,1006,53,20
6559,163,20,7
53,6559,7,120
20,53,120,342
7,20,342,3835
120,7,3835,1827
342,120,1827,1245
3835,342,1245,6422
1827,3835,6422,8
1245,1827,8,10
6422,1245,10,230
8,6422,230,17
10,8,17,3166
230,10,3166,6
17,230,6,2
3166,17,2,475
6,3166,475,4819
2,6,4819,10
475,2,10,215
4819,475,215,1584
10,4819,1584,18
215,10,18,228
1584,215,228,9
18,1584,9,341
228,18,341,91
9,228,91,5
341,9,5,4320
91,341,4320,342
5,91,342,537
4320,5,537,76
342,4320,76,5
537,342,5,54
76,537,54,64
5,76,64,967
54,5,967,40
64,54,40,1834
967,64,1834,8828
40,967,8828,2196
1834,40,2196,6
8828,1834,6,316
2196,8828,316,3
6,2196,3,9677
316,6,9677,1006
3,316,1006,163
9677,3,163,4
1006,9677,4,10827
163,1006,10827,81
4,163,81,3
10827,4,3,3196
81,10827,3196,794
3,81,794,13276
3196,3,13276,6
794,3196,6,204
13276,794,204,20
6,13276,20,7
204,6,7,4586
20,204,4586,2
7,20,2,19593
4586,7,19593,788
2,4586,788,2
19593,2,2,11415
788,19593,11415,3
2,788,3,1747
11415,2,1747,342
3,11415,342,167
1747,3,167,12
342,1747,12,43
167,342,43,203
12,167,203,156
43,12,156,2057
203,43,2057,40
156,203,40,4583
2057,156,4583,284
40,2057,284,6
4583,40,6,204
284,4583,204,12912
6,284,12912,12
204,6,12,57
12912,204,57,435
12,12912,435,2
57,12,2,1504
435,57,1504,342
2,435,342,971
1504,2,971,25
342,1504,25,5576
971,342,5576,801
25,971,801,77
5576,25,77,1497
801,5576,1497,1666
77,801,1666,1330
1497,77,1330,12
1666,1497,12,4816
1330,1666,4816,261
12,1330,261,16061
4816,12,16061,8171
261,4816,8171,3947
16061,261,3947,124
8171,16061,124,2
3947,8171,2,9691
124,3947,9691,41941
2,124,41941,5
9691,2,5,8966
41941,9691,8966,9205
5,41941,9205,5
8966,5,5,414
9205,8966,414,857
5,9205,857,920
414,5,920,20
857,414,20,788
920,857,788,1718
20,920,1718,8
788,20,8,156
1718,788,156,3660
8,1718,3660,1504
156,8,1504,342
3660,156,342,971
1504,3660,971,34
342,1504,34,18
971,342,18,2
34,971,2,12208
18,34,12208,660
2,18,660,12
12208,2,12,1809
660,12208,1809,54
12,660,54,34
1809,12,34,140
54,1809,140,4083
34,54,4083,4
140,34,4,5420
4083,140,5420,3
4,4083,3,51
5420,4,51,1304
3,5420,1304,4320
51,3,4320,342
1304,51,342,537
4320,1304,537,18
342,4320,18,47
537,342,47,7606
18,537,7606,79
47,18,79,1589
7606,47,1589,158
79,7606,158,215
1589,79,215,3905
158,1589,3905,469
215,158,469,2518
3905,215,2518,398
469,3905,398,1304
2518,469,1304,5
398,2518,5,4739
1304,398,4739,2274
5,1304,2274,156
4739,5,156,323
2274,4739,323,10
156,2274,10,7
323,156,7,2156
10,323,2156,301
7,10,301,8
2156,7,8,263
301,2156,263,18
8,301,18,47
263,8,47,2392
18,263,2392,242
47,18,242,15
2392,47,15,54
242,2392,54,3
15,242,3,1754
54,15,1754,156
3,54,156,1504
1754,3,1504,971
156,1754,971,5
1504,156,5,1832
971,1504,1832,594
5,971,594,3
1832,5,3,701
594,1832,701,1459
3,594,1459,6
701,3,6,20
1459,701,20,2238
6,1459,2238,7
20,6,7,38
2238,20,38,3237
7,2238,3237,5
38,7,5,17139
3237,38,17139,24810
5,3237,24810,3917
17139,5,3917,1148
24810,17139,1148,2
3917,24810,2,1265
1148,3917,1265,1421
2,1148,1421,5
1265,2,5,4437
1421,1265,4437,18696
5,1421,18696,12501
4437,5,12501,1148
18696,4437,1148,91
12501,18696,91,19
1148,12501,19,1822
91,1148,1822,3651
19,91,3651,163
1822,19,163,171
3651,1822,171,18411
163,3651,18411,124
171,163,124,5
18411,171,5,4
124,18411,4,3907
5,124,3907,2358
4,5,2358,124
3907,4,124,5
2358,3907,5,28
124,2358,28,3
5,124,3,18
28,5,18,2
3,28,2,1573
18,3,1573,5
2,18,5,5559
1573,2,5559,72
5,1573,72,474
5559,5,474,8828
72,5559,8828,1194
474,72,1194,15156
8828,474,15156,55
1194,8828,55,1518
15156,1194,1518,536
55,15156,536,2
1518,55,2,2568
536,1518,2568,36
2,536,36,2
2568,2,2,342
36,2568,342,5527
2,36,5527,2
342,2,2,2
5527,342,2,284
2,5527,284,2
2,2,2,1943
284,2,1943,133
2,284,133,36
1943,2,36,2
133,1943,2,1943
36,133,1943,215
2,36,215,77
1943,2,77,208
215,1943,208,17
77,215,17,507
208,77,507,54
17,208,54,1105
507,17,1105,10
54,507,10,230
1105,54,230,17
10,1105,17,1451
230,10,1451,4
17,230,4,230
1451,17,230,551
4,1451,551,1718
230,4,1718,1375
551,230,1375,1197
1718,551,1197,3
1375,1718,3,156
1197,1375,156,1686
3,1197,1686,263
156,3,263,18
1686,156,18,2792
263,1686,2792,15156
18,263,15156,6
2792,18,6,11303
15156,2792,11303,2
6,15156,2,2956
11303,6,2956,7149
2,11303,7149,5
2956,2,5,263
7149,2956,263,1746
5,7149,1746,8917
263,5,8917,175
1746,263,175,3938
8917,1746,3938,4
175,8917,4,7765
3938,175,7765,8
4,3938,8,72
7765,4,72,505
8,7765,505,3
72,8,3,243
505,72,243,10
3,505,10,474
243,3,474,1573
10,243,1573,5
474,10,5,90
1573,474,90,701
5,1573,701,846
90,5,846,1163
701,90,1163,6
846,701,6,411
1163,846,411,1006
6,1163,1006,1584
411,6,1584,18
1006,411,18,1731
1584,1006,1731,7474
18,1584,7474,342
1731,18,342,3835
7474,1731,3835,586
342,7474,586,2251
3835,342,2251,46
586,3835,46,12701
2251,586,12701,362
46,2251,362,46
12701,46,46,8
362,12701,8,263
46,362,263,34
8,46,34,86
263,8,86,17
34,263,17,1403
86,34,1403,12620
17,86,12620,24
1403,17,24,7576
12620,1403,7576,38
24,12620,38,38589
7576,24,38589,788
38,7576,788,52
38589,38,52,26
788,38589,26,116
52,788,116,8
26,52,8,1006
116,26,1006,13
8,116,13,2
1006,8,2,4363
13,1006,4363,2543
2,13,2543,3
4363,2,3,25
2543,4363,25,183
3,2543,183,23
25,3,23,131
183,25,131,275
23,183,275,51
131,23,51,816
275,131,816,76
51,275,76,5
816,51,5,81
76,816,81,366
5,76,366,7
81,5,7,2
366,81,2,41
7,366,41,3669
2,7,3669,6192
41,2,6192,5
3669,41,5,12695
6192,3669,12695,36
5,6192,36,42839
12695,5,42839,1706
36,12695,1706,6
42839,36,6,1755
1706,42839,1755,12
6,1706,12,204
1755,6,204,6614
12,1755,6614,3
204,12,3,1901
6614,204,1901,1006
3,6614,1006,3097
1901,3,3097,3
1006,1901,3,4040
3097,1006,4040,3
3,3097,3,1504
4040,3,1504,342
3,4040,342,971
1504,3,971,196
342,1504,196,285
971,342,285,156
196,971,156,317
285,196,317,16
156,285,16,21
317,156,21,321
16,317,321,158
21,16,158,1006
321,21,1006,788
158,321,788,29
1006,158,29,10
788,1006,10,314
29,788,314,8
10,29,8,669
314,10,669,158
8,314,158,16
669,8,16,5395
158,669,5395,81
16,158,81,1638
5395,16,1638,72
81,5395,72,62
1638,81,62,48
72,1638,48,5
62,72,5,20
48,62,20,230
5,48,230,671
20,5,671,56
230,20,56,6
671,230,6,2
56,671,2,846
6,56,846,771
2,6,771,7
846,2,7,5
771,846,5,376
7,771,376,2518
5,7,2518,29
376,5,29,161
2518,376,161,210
29,2518,210,6
161,29,6,4
210,161,4,1136
6,210,1136,12029
4,6,12029,4074
1136,4,4074,16
12029,1136,16,541
4074,12029,541,3
16,4074,3,1205
541,16,1205,8
3,541,8,342
1205,3,342,537
8,1205,537,230
342,8,230,18
537,342,18,2
230,537,2,475
18,230,475,215
2,18,215,564
475,2,564,54
215,475,54,7
564,215,7,5
54,564,5,376
7,54,376,2
5,7,2,6213
376,5,6213,9
2,376,9,462
6213,2,462,11088
9,6213,11088,5416
462,9,5416,4
11088,462,4,1907
5416,11088,1907,5
4,5416,5,4
1907,4,4,7409
5,1907,7409,1026
4,5,1026,20
7409,4,20,837
1026,7409,837,7
20,1026,7,253
837,20,253,3
7,837,3,247
253,7,247,41
3,253,41,5782
247,3,5782,6
41,247,6,66
5782,41,66,805
6,5782,805,87
66,6,87,161
805,66,161,197
87,805,197,4
161,87,4,1589
197,161,1589,313
4,197,313,4804
1589,4,4804,210
313,1589,210,12
4804,313,12,2392
210,4804,2392,4
12,210,4,7023
2392,12,7023,39
4,2392,39,342
7023,4,342,537
39,7023,537,1448
342,39,1448,15
537,342,15,72
1448,537,72,156
15,1448,156,147
72,15,147,6
156,72,6,634
147,156,634,39
6,147,39,342
634,6,342,11148
39,634,11148,161
342,39,161,426
11148,342,426,16
161,11148,16,260
426,161,260,6
16,426,6,3495
260,16,3495,5
6,260,5,4145
3495,6,4145,4
5,3495,4,1581
4145,5,1581,4614
4,4145,4614,315
1581,4,315,3
4614,1581,3,12182
315,4614,12182,38
3,315,38,342
12182,3,342,5239
38,12182,5239,5
342,38,5,48
5239,342,48,537
5,5239,537,84
48,5,84,118
537,48,118,2178
84,537,2178,103
118,84,103,6615
2178,118,6615,88
103,2178,88,2680
6615,103,2680,6
88,6615,6,461
2680,88,461,5
6,2680,5,8
461,6,8,342
5,461,342,3835
8,5,3835,16
342,8,16,2
3835,342,2,39
16,3835,39,263
2,16,263,15976
39,2,15976,4571
263,39,4571,1148
15976,263,1148,19827
4571,15976,19827,4
1148,4571,4,4
19827,1148,4,1108
4,19827,1108,43
4,4,43,23519
1108,4,23519,4571
43,1108,4571,1148
23519,43,1148,23538
4571,23519,23538,1948
1148,4571,1948,3917
23538,1148,3917,1148
1948,23538,1148,54
3917,1948,54,830
1148,3917,830,1028
54,1148,1028,3182
830,54,3182,126
1028,830,126,3655
3182,1028,3655,3
126,3182,3,971
3655,126,971,38
3,3655,38,809
971,3,809,156
38,971,156,4571
809,38,4571,1148
156,809,1148,469
4571,156,469,474
1148,4571,474,3182
469,1148,3182,1075
474,469,1075,38
3182,474,38,1941
1075,3182,1941,70
38,1075,70,158
1941,38,158,366
70,1941,366,8
158,70,8,263
366,158,263,19827
8,366,19827,1454
263,8,1454,84
19827,263,84,118
1454,19827,118,2792
84,1454,2792,7
118,84,7,5
2792,118,5,2
7,2792,2,1105
5,7,1105,10350
2,5,10350,19
1105,2,19,8828
10350,1105,8828,2196
19,10350,2196,261
8828,19,261,1930
2196,8828,1930,1169
261,2196,1169,35
1930,261,35,216
1169,1930,216,1337
35,1169,1337,6
216,35,6,2
1337,216,2,2401
6,1337,2401,8
2,6,8,10
2401,2,10,13
8,2401,13,2
10,8,2,1573
13,10,1573,5104
2,13,5104,5
1573,2,5,7195
5104,1573,7195,3
5,5104,3,7195
7195,5,7195,54
3,7195,54,40
7195,3,40,962
54,7195,962,243
40,54,243,10
962,40,10,6
243,962,6,1713
10,243,1713,5
6,10,5,8
1713,6,8,2196
5,1713,2196,19
8,5,19,1724
2196,8,1724,263
19,2196,263,1669
1724,19,1669,163
263,1724,163,3
1669,263,3,1935
163,1669,1935,342
3,163,342,5527
1935,3,5527,102
342,1935,102,1163
5527,342,1163,1075
102,5527,1075,730
1163,102,730,4
1075,1163,4,311
730,1075,311,389
4,730,389,6
311,4,6,2
389,311,2,1504
6,389,1504,342
2,6,342,124
1504,2,124,19827
342,1504,19827,7
124,342,7,253
19827,124,253,3
7,19827,3,988
253,7,988,42
3,253,42,5
988,3,5,88
42,988,88,17700
5,42,17700,238
88,5,238,188
17700,88,188,139
238,17700,139,235
188,238,235,63
139,188,63,34
235,139,34,322
63,235,322,25
34,63,25,239
322,34,239,119
25,322,119,111
239,25,111,13
119,239,13,47
111,119,47,3758
13,111,3758,3
47,13,3,310
3758,47,310,1589
3,3758,1589,196
310,3,196,490
1589,310,490,6422
196,1589,6422,8
490,196,8,263
6422,490,263,230
8,6422,230,1406
263,8,1406,19
230,263,19,2101
1406,230,2101,8828
19,1406,8828,2196
2101,19,2196,4770
8828,2101,4770,4
2196,8828,4,25
4770,2196,25,2201
4,4770,2201,1841
25,4,1841,7869
2201,25,7869,12
1841,2201,12,10
7869,1841,10,1148
12,7869,1148,348
10,12,348,29
1148,10,29,90
348,1148,90,6
29,348,6,233
90,29,233,4
6,90,4,223
233,6,223,197
4,233,197,238
223,4,238,188
197,223,188,698
238,197,698,16
188,238,16,3184
698,188,3184,3
16,698,3,137
3184,16,137,235
3,3184,235,12697
137,3,12697,5
235,137,5,2702
12697,235,2702,266
5,12697,266,123
2702,5,123,2
266,2702,2,3527
123,266,3527,2120
2,123,2120,52
3527,2,52,263
2120,3527,263,25
52,2120,25,3721
263,52,3721,3237
25,263,3237,5
3721,25,5,1148
3237,3721,1148,2424
5,3237,2424,1589
1148,5,1589,15
2424,1148,15,41
1589,2424,41,2622
15,1589,2622,288
41,15,288,1084
2622,41,1084,36
288,2622,36,1249
1084,288,1249,455
36,1084,455,14245
1249,36,14245,73
455,1249,73,3237
14245,455,3237,5
73,14245,5,4148
3237,73,4148,9151
5,3237,9151,213
4148,5,213,6
9151,4148,6,730
213,9151,730,263
6,213,263,40
730,6,40,6
263,730,6,484
40,263,484,4219
6,40,4219,2395
484,6,2395,156
4219,484,156,317
2395,4219,317,2
156,2395,2,447
317,156,447,3
2,317,3,38
447,2,38,1747
3,447,1747,8597
38,3,8597,163
1747,38,163,4
8597,1747,4,25
163,8597,25,4
4,163,4,4504
25,4,4504,9
4,25,9,606
4504,4,606,537
9,4504,537,6576
606,9,6576,1858
537,606,1858,198
6576,537,198,2
1858,6576,2,2381
198,1858,2381,1701
2,198,1701,6
2381,2,6,38663
1701,2381,38663,1411
6,1701,1411,124
38663,6,124,342
1411,38663,342,1060
124,1411,1060,237
342,124,237,12
1060,342,12,70
237,1060,70,210
12,237,210,537
70,12,537,5
210,70,5,2247
537,210,2247,594
5,537,594,7
2247,5,7,2
594,2247,2,39
7,594,39,1421
2,7,1421,5
39,2,5,23519
1421,39,23519,4571
5,1421,4571,1148
23519,5,1148,1722
4571,23519,1722,1328
1148,4571,1328,19
1722,1148,19,3154
1328,1722,3154,68
19,1328,68,508
3154,19,508,2
68,3154,2,9262
508,68,9262,4074
2,508,4074,537
9262,2,537,29764
4074,9262,29764,10
537,4074,10,7
29764,537,7,73
10,29764,73,17139
7,10,17139,761
73,7,761,3
17139,73,3,17
761,17139,17,2792
3,761,2792,6
17,3,6,161
2792,17,161,342
6,2792,342,4
161,6,4,2568
342,161,2568,1421
4,342,1421,1293
2568,4,1293,95
1421,2568,95,12
1293,1421,12,595
95,1293,595,2730
12,95,2730,117
595,12,117,7524
2730,595,7524,51
117,2730,51,230
7524,117,230,17
51,7524,17,2611
230,51,2611,38
