1134,777,3,814
184,1134,814,4612
3,184,4612,1413
814,3,1413,420
4612,814,420,2
1413,4612,2,5628
420,1413,5628,79
2,420,79,10303
5628,2,10303,4250
79,5628,4250,5
10303,79,5,32
4250,10303,32,479
5,4250,479,4
32,5,4,1168
479,32,1168,5
4,479,5,10
1168,4,10,7124
5,1168,7124,812
10,5,812,46
7124,10,46,48
812,7124,48,42
46,812,42,6
48,46,6,320
42,48,320,5
6,42,5,3003
320,6,3003,184
5,320,184,3
3003,5,3,2
184,3003,2,814
3,184,814,4612
2,3,4612,39
814,2,39,479
4612,814,479,291
39,4612,291,174
479,39,174,32
291,479,32,4385
174,291,4385,12
32,174,12,20
4385,32,20,994
12,4385,994,1413
20,12,1413,50
994,20,50,388
1413,994,388,6
50,1413,6,363
388,50,363,667
6,388,667,108
363,6,108,226
667,363,226,15174
108,667,15174,158
226,108,158,9
15174,226,9,482
158,15174,482,1289
9,158,1289,479
482,9,479,8
1289,482,8,88097
479,1289,88097,27583
8,479,27583,1922
88097,8,1922,5502
27583,88097,5502,1413
1922,27583,1413,14
5502,1922,14,196
1413,5502,196,865
14,1413,865,9
196,14,9,5478
865,196,5478,4
9,865,4,8
5478,9,8,97
4,5478,97,40
8,4,40,18
97,8,18,3
40,97,3,2695
18,40,2695,3
3,18,3,2
2695,3,2,2232
3,2695,2232,1706
2,3,1706,2204
2232,2,2204,15174
1706,2232,15174,172
2204,1706,172,14
15174,2204,14,3
172,15174,3,1134
14,172,1134,2
3,14,2,32
1134,3,32,754
2,1134,754,1908
32,2,1908,753
754,32,753,120
1908,754,120,2
753,1908,2,556
120,753,556,3668
2,120,3668,3329
556,2,3329,14
3668,556,14,118
3329,3668,118,6489
14,3329,6489,3
118,14,3,5570
6489,118,5570,2276
3,6489,2276,2294
5570,3,2294,29
2276,5570,29,2845
2294,2276,2845,45
29,2294,45,46
2845,29,46,812
45,2845,812,38
46,45,38,907
812,46,907,4
38,812,4,479
907,38,479,808
4,907,808,46
479,4,46,5149
808,479,5149,4
46,808,4,1706
5149,46,1706,1448
4,5149,1448,9
1706,4,9,557
1448,1706,557,326
9,1448,326,1413
557,9,1413,2276
326,557,2276,9967
1413,326,9967,2893
2276,1413,2893,422
9967,2276,422,174
2893,9967,174,174
422,2893,174,11
174,422,11,4
174,174,4,36684
11,174,36684,3870
4,11,3870,6021
36684,4,6021,5
3870,36684,5,2231
6021,3870,2231,2131
5,6021,2131,1155
2231,5,1155,23
2131,2231,23,275
1155,2131,275,501
23,1155,501,593
275,23,593,2790
501,275,2790,5877
593,501,5877,497
2790,593,497,16111
5877,2790,16111,589
497,5877,589,6021
16111,497,6021,5
589,16111,5,2231
6021,589,2231,2131
5,6021,2131,981
2231,5,981,4678
2131,2231,4678,5
981,2131,5,2276
4678,981,2276,6432
5,4678,6432,2294
2276,5,2294,362
6432,2276,362,694
2294,6432,694,3
362,2294,3,191
694,362,191,932
3,694,932,43
191,3,43,308
932,191,308,9
43,932,9,2
308,43,2,66
9,308,66,184
2,9,184,3
66,2,3,43
184,66,43,1831
3,184,1831,1250
43,3,1250,710
1831,43,710,10
1250,1831,10,40
710,1250,40,2131
10,710,2131,2
40,10,2,3194
2131,40,3194,708
2,2131,708,311
3194,2,311,6
708,3194,6,2
311,708,2,66
6,311,66,32
2,6,32,10521
66,2,10521,2276
32,66,2276,6432
10521,32,6432,4338
2276,10521,4338,7581
6432,2276,7581,2
4338,6432,2,66
7581,4338,66,896
2,7581,896,2294
66,2,2294,19
896,66,19,426
2294,896,426,73
19,2294,73,68205
426,19,68205,42516
73,426,42516,1149
68205,73,1149,7123
42516,68205,7123,1374
1149,42516,1374,78087
7123,1149,78087,4
1374,7123,4,11363
78087,1374,11363,1374
4,78087,1374,184
11363,4,184,3
1374,11363,3,108
184,1374,108,493
3,184,493,32
108,3,32,479
493,108,479,186
32,493,186,2
479,32,2,9594
186,479,9594,6
2,186,6,51
9594,2,51,21
6,9594,21,3
51,6,3,25
21,51,25,82
3,21,82,2
25,3,2,11339
82,25,11339,5
2,82,5,715
11339,2,715,4
5,11339,4,1071
715,5,1071,9
4,715,9,36506
1071,4,36506,22159
9,1071,22159,5
36506,9,5,812
22159,36506,812,1327
5,22159,1327,52
812,5,52,832
1327,812,832,6
52,1327,6,32
832,52,32,479
6,832,479,196
32,6,196,9
479,32,9,5944
196,479,5944,2
9,196,2,768
5944,9,768,3
2,5944,3,1278
768,2,1278,174
71,936,328,4006
252,71,4006,887
328,252,887,4
4006,328,4,1333
887,4006,1333,168
4,887,168,436
1333,4,436,683
168,1333,683,16
436,168,16,12
683,436,12,341
16,683,341,196
12,16,196,590
4637,538,96355,731
6,4637,731,72
96355,6,72,295
731,96355,295,2
72,731,2,182
295,72,182,901
2,295,901,22559
182,2,22559,446
901,182,446,409
22559,901,409,478
446,22559,478,6345
409,446,6345,1378
478,409,1378,16
6345,478,16,84
1378,6345,84,3517
16,1378,3517,6
84,16,6,2988
3517,84,2988,352
6,3517,352,46
2988,6,46,72
352,2988,72,129
46,352,129,5
72,46,5,2237
129,72,2237,932
5,129,932,8
2237,5,8,9725
932,2237,9725,1011
8,932,1011,762
9725,8,762,433
1011,9725,433,12
762,1011,12,20
433,762,20,1388
12,433,1388,5
20,12,5,129
1388,20,129,303
5,1388,303,6
129,5,6,4
303,129,4,285
6,303,285,128
4,6,128,13450
285,4,13450,10
128,285,10,13
13450,128,13,1002
10,13450,1002,2774
13,10,2774,9
1002,13,9,793
2774,1002,793,5
9,2774,5,169
793,9,169,5
5,793,5,45
169,5,45,31
5,169,31,2224
45,5,2224,12
31,45,12,538
2224,31,538,7727
12,2224,7727,20466
538,12,20466,24
7727,538,24,7072
20466,7727,7072,84
24,20466,84,46
7072,24,46,211
84,7072,211,226
46,84,226,88
211,46,88,4716
226,211,4716,7303
88,226,7303,818
4716,88,818,731
7303,4716,731,813
818,7303,813,103746
731,818,103746,66
813,731,66,14
103746,813,14,260
66,103746,260,2
14,66,2,1191
260,14,1191,66
2,260,66,23
1191,2,23,1609
66,1191,1609,17193
23,66,17193,7303
1609,23,7303,6
17193,1609,6,18103
7303,17193,18103,3715
6,7303,3715,36
18103,6,36,2
3715,18103,2,3321
36,3715,3321,1286
2,36,1286,4346
3321,2,4346,23980
1286,3321,23980,243
4346,1286,243,10
23980,4346,10,128
243,23980,128,66
10,243,66,14
128,10,14,4566
66,128,4566,746
14,66,746,2
4566,14,2,71491
746,4566,71491,17193
2,746,17193,7
71491,2,7,2
17193,71491,2,11099
7,17193,11099,2
2,7,2,99145
11099,2,99145,2412
2,11099,2412,5
99145,2,5,16243
2412,99145,16243,368
5,2412,368,5
16243,5,5,36600
368,16243,36600,6
5,368,6,1423
36600,5,1423,117
6,36600,117,5
1423,6,5,4
117,1423,4,11707
5,117,11707,3711
4,5,3711,10
11707,4,10,2224
3711,11707,2224,12
10,3711,12,538
2224,10,538,24
12,2224,24,103
538,12,103,333
24,538,333,227
103,24,227,813
333,103,813,3711
227,333,3711,753
813,227,753,4
3711,813,4,105751
753,3711,105751,128
4,753,128,66
105751,4,66,23980
128,105751,23980,44
66,128,44,149
23980,66,149,50
44,23980,50,91
149,44,91,3
50,149,3,4221
91,50,4221,227
3,91,227,105171
4221,3,105171,30
227,4221,30,18
105171,227,18,412
30,105171,412,29
18,30,29,149
412,18,149,412
29,412,412,53
149,29,53,64
412,149,64,538
53,412,538,57
64,53,57,65
538,64,65,51
57,538,51,541
65,57,541,56
51,65,56,5
541,51,5,585
56,541,585,11
5,56,11,27298
585,5,27298,66
11,585,66,42
27298,11,42,5
66,27298,5,95
42,66,95,149
5,42,149,23
95,5,23,1609
149,95,1609,17193
23,149,17193,691
1609,23,691,61
17193,1609,61,3321
691,17193,3321,182
61,691,182,2412
3321,61,2412,46
182,3321,46,37
2412,182,37,2
46,2412,2,169
37,46,169,670
2,37,670,1155
169,2,1155,5
670,169,5,981
1155,670,981,1812
5,1155,1812,2855
981,5,2855,1147
1812,981,1147,4
2855,1812,4,57
1147,2855,57,94912
4,1147,94912,66
57,4,66,4637
94912,57,4637,7
66,94912,7,64
4637,66,64,282
7,4637,282,813
64,7,813,3711
282,64,3711,753
813,282,753,54
3711,813,54,516
753,3711,516,120
54,753,120,4
516,54,4,59
120,516,59,3
4,120,3,307
59,4,307,51
3,59,51,538
307,3,538,7
51,307,7,274
538,51,274,6
7,538,6,731
274,7,731,13341
6,274,13341,13
731,6,13,260
13341,731,260,1289
13,13341,1289,8
260,13,8,88
1289,260,88,2888
8,1289,2888,20466
88,8,20466,635
2888,88,635,93
20466,2888,93,98
635,20466,98,538
93,635,538,9
98,93,9,373
538,98,373,2285
9,538,2285,9596
373,9,9596,38321
2285,373,38321,181
9596,2285,181,41
38321,9596,41,65
181,38321,65,2412
41,181,2412,5
65,41,5,9696
2412,65,9696,50
5,2412,50,64221
9696,5,64221,128
50,9696,128,66
64221,50,66,87
128,64221,87,5
66,128,5,11188
87,66,11188,538
5,87,538,3080
11188,5,3080,333
538,11188,333,18
3080,538,18,1181
333,3080,1181,8
18,333,8,678
1181,18,678,77
8,1181,77,1657
678,8,1657,20
77,678,20,107390
1657,77,107390,17193
20,1657,17193,7
107390,20,7,25897
17193,107390,25897,311
7,17193,311,5
25897,7,5,13394
311,25897,13394,6
5,311,6,5456
13394,5,5456,1028
6,13394,1028,3
5456,6,3,8022
1028,5456,8022,538
3,1028,538,4839
8022,3,4839,6320
538,8022,6320,149
4839,538,149,3
6320,4839,3,662
149,6320,662,4
3,149,4,662
662,3,662,3
4,662,3,149
662,4,149,3321
3,662,3321,1705
149,3,1705,14
3321,149,14,3
1705,3321,3,96
14,1705,96,507
3,14,507,8
96,3,8,26
507,96,26,55
8,507,55,317
26,8,317,538
55,26,538,24
317,55,24,400
538,317,400,149
24,538,149,3
400,24,3,236
149,400,236,8
3,149,8,147
236,3,147,37925
8,236,37925,502
147,8,502,1080
37925,147,1080,6
502,37925,6,187
1080,502,187,30
6,1080,30,689
187,6,689,42
30,187,42,30
689,30,30,182
42,689,182,103
30,42,103,30
182,30,30,689
103,182,689,258
30,103,258,790
689,30,790,56
258,689,56,272
790,258,272,7
56,790,7,569
272,56,569,110
7,272,110,3
569,7,3,2606
110,569,2606,44
3,110,44,75922
2606,3,75922,81775
44,2606,81775,1705
75922,44,1705,4
81775,75922,4,1835
1705,81775,1835,5
4,1705,5,1609
1835,4,1609,17193
5,1835,17193,11
1609,5,11,44
17193,1609,44,20
11,17193,20,7
44,11,7,325
20,44,325,26
7,20,26,55
325,7,55,40143
26,325,40143,6056
55,26,6056,2
40143,55,2,39
6056,40143,39,149
2,6056,149,7
39,2,7,2
149,39,2,4342
7,149,4342,1244
2,7,1244,33
4342,2,33,666
1244,4342,666,3
33,1244,3,93
666,33,93,2
3,666,2,149
93,3,149,42
2,93,42,101
149,2,101,84
42,149,84,64
101,42,64,107
84,101,107,10
64,84,10,73
107,64,73,2
10,107,2,9333
73,10,9333,1645
2,73,1645,60
9333,2,60,9
1645,9333,9,149
60,1645,149,11
9,60,11,49739
149,9,49739,53
11,149,53,577
49739,11,577,2
53,49739,2,18285
577,53,18285,670
2,577,670,9
18285,2,9,2
670,18285,2,795
9,670,795,149
2,9,149,11
795,2,11,44
149,795,44,84
11,149,84,706
44,11,706,180
84,44,180,52
706,84,52,7
180,706,7,14
52,180,14,3
7,52,3,96
14,7,96,2
3,14,2,149
96,3,149,64
2,96,64,7
149,2,7,25
64,149,25,14
7,64,14,3
25,7,3,96
14,25,96,2
3,14,2,149
96,3,149,7
2,96,7,25
149,2,25,18
7,149,18,2
25,7,2,655
18,25,655,11
2,18,11,44
655,2,44,7
11,655,7,25
44,11,25,18
7,44,18,2
25,7,2,27784
18,25,27784,1191
2,18,1191,743
27784,2,743,1609
1191,27784,1609,17193
743,1191,17193,4
1609,743,4,90
17193,1609,90,57
4,17193,57,2888
90,4,2888,6
57,90,6,813
2888,57,813,3711
6,2888,3711,322
813,6,322,26
3711,813,26,635
322,3711,635,17
26,322,17,502
635,26,502,98
17,635,98,227
502,17,227,105161
98,502,105161,1157
227,98,1157,16
105161,227,16,502
1157,105161,502,1058
16,1157,1058,4
502,16,4,1058
1058,502,1058,2
4,1058,2,2888
1058,4,2888,4
2,1058,4,879
2888,2,879,3354
4,2888,3354,2670
879,4,2670,4
3354,879,4,2670
2670,3354,2670,9837
4,2670,9837,56
2670,4,56,41
9837,2670,41,538
56,9837,538,65
41,56,65,53
538,41,53,7
65,538,7,541
53,65,541,2340
7,53,2340,1968
541,7,1968,25
2340,541,25,572
1968,2340,572,6
25,1968,6,4
572,25,4,11707
6,572,11707,3711
4,6,3711,8
11707,4,8,585
3711,11707,585,7
8,3711,7,340
585,8,340,6033
7,585,6033,128
340,7,128,1308
6033,340,1308,10
128,6033,10,10161
1308,128,10161,2
10,1308,2,68528
10161,10,68528,332
2,10161,332,81840
68528,2,81840,223
332,68528,223,36600
81840,332,36600,23
223,81840,23,1609
36600,223,1609,17193
23,36600,17193,23980
1609,23,23980,173
17193,1609,173,3
23980,17193,3,2535
173,23980,2535,12
3,173,12,4624
2535,3,4624,38
12,2535,38,172
4624,12,172,2831
38,4624,2831,18778
172,38,18778,15
2831,172,15,16259
18778,2831,16259,84
15,18778,84,2763
16259,15,2763,1737
84,16259,1737,2
2763,84,2,667
1737,2763,667,5
2,1737,5,48
667,2,48,5
5,667,5,731
48,5,731,538
5,48,538,12
731,5,12,932
538,731,932,6345
12,538,6345,1378
932,12,1378,22559
6345,932,22559,7
1378,6345,7,1192
22559,1378,1192,3
7,22559,3,17
1192,7,17,2
3,1192,2,4844
17,3,4844,493
2,17,493,10
4844,2,10,514
493,4844,514,84
10,493,84,500
514,10,500,79
84,514,79,2205
500,84,2205,8
79,500,8,140
2205,79,140,11736
8,2205,11736,4579
140,8,4579,11841
11736,140,11841,1429
4579,11736,1429,13341
11841,4579,13341,8
1429,11841,8,1931
13341,1429,1931,538
8,13341,538,9
1931,8,9,169
538,1931,169,5
9,538,5,45
169,9,45,46
5,169,46,4
45,5,4,813
46,45,813,3711
4,46,3711,20
813,4,20,66
3711,813,66,731
20,3711,731,582
66,20,582,84
731,66,84,43209
582,731,43209,44
84,582,44,53
43209,84,53,132
44,43209,132,21
53,44,21,80
132,53,80,17
21,132,17,96691
80,21,96691,67
17,80,67,25247
96691,17,25247,61
67,96691,61,53
25247,67,53,23980
61,25247,23980,44
53,61,44,1112
23980,53,1112,154
44,23980,154,56
1112,44,56,5
154,1112,5,53
56,154,53,33
5,56,33,116
53,5,116,8
33,53,8,67
116,33,67,25247
59,72,819,11
10,59,11,230
819,10,230,17
11,819,17,5442
230,11,5442,19
17,230,19,532
5442,17,532,286
19,5442,286,11
532,19,11,704
286,532,704,49
11,286,49,630
704,11,630,4
49,704,4,608
630,49,608,615
4,630,615,207
608,4,207,1067
615,608,1067,177
207,615,177,5
1067,207,5,480
177,1067,480,990
5,177,990,9
480,5,9,105
990,480,105,1032
9,990,1032,60
105,9,60,7512
1032,105,7512,2330
60,1032,2330,643
7512,60,643,160
2330,7512,160,6295
643,2330,6295,5
160,643,5,49
6295,160,49,1538
5,6295,1538,298
49,5,298,330
1538,49,330,107
298,1538,107,49
330,298,49,792
107,330,792,6
49,107,6,3201
792,49,3201,5
6,792,5,3088
3201,6,3088,160
5,3201,160,49
3088,5,49,105
160,3088,105,3157
49,160,3157,27687
105,49,27687,49
3157,105,49,3
27687,3157,3,172
49,27687,172,5
3,49,5,590
172,3,590,5
5,172,5,595
590,5,595,58
5,590,58,823
595,5,823,127
58,595,127,84132
823,58,84132,298
127,823,298,330
84132,127,330,381
298,84132,381,11
330,298,11,13228
381,330,13228,17618
11,381,17618,24
13228,11,24,3468
17618,13228,3468,202
24,17618,202,415
3468,24,415,3225
202,3468,3225,9062
415,202,9062,71
3225,415,71,3
9062,3225,3,1333
71,9062,1333,142
3,71,142,102
1333,3,102,138
142,1333,138,27
102,142,27,4
138,102,4,5256
27,138,5256,403
4,27,403,4
5256,4,4,160
403,5256,160,5240
4,403,5240,24
160,4,24,20571
5240,160,20571,721
24,5240,721,75
20571,24,75,3306
721,20571,3306,7
75,721,7,1155
3306,75,1155,14576
7,3306,14576,3
1155,7,3,113
14576,1155,113,37
3,14576,37,11
113,3,11,28
37,113,28,67
11,37,67,35
28,11,35,14
67,28,14,1498
35,67,1498,15
14,35,15,2346
1498,14,2346,1789
15,1498,1789,4
2346,15,4,623
1789,2346,623,29
4,1789,29,67
623,4,67,45
29,623,45,40
67,29,40,21
45,67,21,609
40,45,609,1114
21,40,1114,3
609,21,3,192
1114,609,192,30
3,1114,30,7
192,3,7,18
30,192,18,581
7,30,581,30
18,7,30,13
581,18,13,10128
30,581,10128,30
13,30,30,7
10128,13,7,18
30,10128,18,2127
7,30,2127,30
18,7,30,13
2127,18,13,6024
30,2127,6024,30
13,30,30,7
6024,13,7,484
30,6024,484,102
7,30,102,332
484,7,332,57
102,484,57,237
332,102,237,36
57,332,36,1251
237,57,1251,30
36,237,30,723
1251,36,723,455
30,1251,455,155
723,30,155,4
455,723,4,3
155,455,3,734
4,155,734,8
3,4,8,18
734,3,18,241
8,734,241,146
18,8,146,67
241,18,67,133
146,241,133,18225
67,146,18225,4
133,67,4,1832
18225,133,1832,6
4,18225,6,43781
1832,4,43781,2330
6,1832,2330,643
43781,6,643,5824
2330,43781,5824,165
643,2330,165,14
5824,643,14,1403
165,5824,1403,1818
14,165,1818,19
1403,14,19,49
1818,1403,49,83
19,1818,83,97
49,19,97,6
83,49,6,35
97,83,35,11
6,97,11,3579
35,6,3579,15
11,35,15,195
3579,11,195,5
15,3579,5,257
195,15,257,3971
5,195,3971,195
257,5,195,54
3971,257,54,7
195,3971,7,296
54,195,296,19
7,54,19,58
296,7,58,4
19,296,4,11
58,19,11,165
4,58,165,96
11,4,96,359
165,11,359,5
96,165,5,90
359,96,90,162
5,359,162,16868
90,5,16868,87
162,90,87,5
16868,162,5,49
87,16868,49,144
5,87,144,9
49,5,9,1191
144,49,1191,487
9,144,487,4
1191,9,4,114
487,1191,114,7
4,487,7,141
