6,1619,6,128
3965,6,128,509
6,3965,509,10
128,6,10,7
509,128,7,2
10,509,2,10236
7,10,10236,4
2,7,4,2746
10236,2,2746,4816
4,10236,4816,28
2746,4,28,839
4816,2746,839,1411
28,4816,1411,2501
839,28,2501,1422
1411,839,1422,2
2501,1411,2,1543
1422,2501,1543,1007
2,1422,1007,30
1543,2,30,16
1007,1543,16,1017
30,1007,1017,1127
16,30,1127,15
1017,16,15,603
1127,1017,603,91203
15,1127,91203,1032
603,15,1032,624
91203,603,624,10889
1032,91203,10889,9881
624,1032,9881,2317
10889,624,2317,214
9881,10889,214,163
2317,9881,163,21
214,2317,21,3
163,214,3,3552
21,163,3552,38
3,21,38,259
3552,3,259,409
38,3552,409,7134
259,38,7134,2897
409,259,2897,1350
7134,409,1350,6422
2897,7134,6422,1715
1350,2897,1715,77
6422,1350,77,1692
1715,6422,1692,6491
77,1715,6491,5
1692,77,5,1424
6491,1692,1424,2292
5,6491,2292,2897
1424,5,2897,8
2292,1424,8,796
2897,2292,796,1368
8,2897,1368,794
796,8,794,75
1368,796,75,2743
794,1368,2743,1990
75,794,1990,5
2743,75,5,133
1990,2743,133,3
5,1990,3,5718
133,5,5718,4033
3,133,4033,1822
5718,3,1822,71159
4033,5718,71159,4319
1822,4033,4319,3456
71159,1822,3456,1462
4319,71159,1462,5
3456,4319,5,1127
1462,3456,1127,214
5,1462,214,163
1127,5,163,128
214,1127,128,1308
163,214,1308,6
128,163,6,322
1308,128,322,5
6,1308,5,467
322,6,467,35
5,322,35,151
467,5,151,6680
35,467,6680,79
151,35,79,386
6680,151,386,8
79,6680,8,796
386,79,796,10
8,386,10,1692
796,8,1692,2
10,796,2,667
1692,10,667,5
2,1692,5,133
667,2,133,120
5,667,120,10
133,5,10,13
120,133,13,873
10,120,873,2
13,10,2,4652
873,13,4652,36
2,873,36,467
4652,2,467,35
36,4652,35,10
467,36,10,68
35,467,68,251
10,35,251,79
68,10,79,194
251,68,194,71
79,251,71,252
194,79,252,403
71,194,403,5
252,71,5,4100
403,252,4100,3518
5,403,3518,12
4100,5,12,1619
3518,4100,1619,3
12,3518,3,144
1619,12,144,1127
3,1619,1127,163
144,3,163,6
1127,144,6,13047
163,1127,13047,24399
6,163,24399,764
13047,6,764,1195
24399,13047,1195,19
764,24399,19,1715
1195,764,1715,608
19,1195,608,341
1715,19,341,540
608,1715,540,15
341,608,15,378
540,341,378,557
15,540,557,10280
378,15,10280,1687
557,378,1687,8
10280,557,8,1943
1687,10280,1943,176
8,1687,176,379
1943,8,379,2095
176,1943,2095,38805
379,176,38805,847
2095,379,847,6
38805,2095,6,1423
847,38805,1423,3965
6,847,3965,2
1423,6,2,3147
3965,1423,3147,5
2,3965,5,312
3147,2,312,165
5,3147,165,203
312,5,203,1127
165,312,1127,92
203,165,92,302
1127,203,302,936
92,1127,936,23
302,92,23,275
936,302,275,176
23,936,176,4
275,23,4,10756
176,275,10756,874
4,176,874,28
10756,4,28,223
874,10756,223,550
28,874,550,14
223,28,14,1411
550,223,1411,82811
14,550,82811,46692
1411,14,46692,582
82811,1411,582,5
46692,82811,5,38805
582,46692,38805,176
5,582,176,1489
38805,5,1489,26
176,38805,26,21124
1489,176,21124,258
26,1489,258,1863
21124,26,1863,3154
258,21124,3154,2990
1863,258,2990,38
3154,1863,38,28469
2990,3154,28469,708
38,2990,708,79
28469,38,79,3144
708,28469,3144,5
79,708,5,7134
3144,79,7134,559
5,3144,559,1923
7134,5,1923,215
559,7134,215,2438
1923,559,2438,9
215,1923,9,2897
2438,215,2897,936
9,2438,936,23
2897,9,23,275
936,2897,275,566
23,936,566,1305
275,23,1305,4
566,275,4,10756
1305,566,10756,874
4,1305,874,8735
10756,4,8735,2
874,10756,2,1261
8735,874,1261,1087
2,8735,1087,24530
1261,2,24530,19
1087,1261,19,293
24530,1087,293,232
19,24530,232,2
293,19,2,519
232,293,519,24
2,232,24,151
519,2,151,897
24,519,897,10
151,24,10,1145
897,151,1145,621
10,897,621,6589
1145,10,6589,839
621,1145,839,292
6589,621,292,2
839,6589,2,149
292,839,149,2
2,292,2,2148
149,2,2148,4
2,149,4,1148
2148,2,1148,11717
4,2148,11717,274
1148,4,274,405
11717,1148,405,19
274,11717,19,3187
405,274,3187,1305
19,405,1305,519
3187,19,519,77
1305,3187,77,21
519,1305,21,17
77,519,17,5833
21,77,5833,6875
17,21,6875,19
5833,17,19,2354
6875,5833,2354,29
19,6875,29,10
2354,19,10,14
29,2354,14,707
10,29,707,3
14,10,3,57
707,14,57,307
3,707,307,19
57,3,19,151
307,57,151,4
19,307,4,14
151,19,14,1798
4,151,1798,1141
14,4,1141,19
1798,14,19,508
1141,1798,508,267
19,1141,267,5
508,19,5,63816
267,508,63816,19
5,267,19,2743
63816,5,2743,1619
19,63816,1619,1127
2743,19,1127,163
1619,2743,163,4
1127,1619,4,2182
163,1127,2182,1145
4,163,1145,18
2182,4,18,146
1145,2182,146,1113
18,1145,1113,102
146,18,102,293
1113,146,293,211
102,1113,211,7278
293,102,7278,1837
211,293,1837,312
7278,211,312,5
1837,7278,5,7824
312,1837,7824,29
5,312,29,1418
7824,5,1418,13
29,7824,13,47
1418,29,47,762
13,1418,762,6
47,13,6,7134
762,47,7134,2
6,762,2,2292
7134,6,2292,2897
2,7134,2897,120
2292,2,120,837
2897,2292,837,23
120,2897,23,19935
837,120,19935,92
23,837,92,296
19935,23,296,1037
92,19935,1037,4
296,92,4,120
1037,296,120,43
4,1037,43,163
120,4,163,1151
43,120,1151,9
163,43,9,66
1151,163,66,3
9,1151,3,1297
66,9,1297,142
3,66,142,2
1297,3,2,886
142,1297,886,7190
2,142,7190,70
886,2,70,1305
7190,886,1305,2393
70,7190,2393,76
1305,70,76,5
2393,1305,5,38
76,2393,38,21326
5,76,21326,838
38,5,838,170
21326,38,170,2378
838,21326,2378,12
170,838,12,401
2378,170,401,5
12,2378,5,3965
401,12,3965,4
5,401,4,64233
3965,5,64233,39
4,3965,39,6832
64233,4,6832,10718
39,64233,10718,4
6832,39,4,693
10718,6832,693,310
4,10718,310,1000
693,4,1000,3
310,693,3,20
1000,310,20,181
220,339,220,114
1051,220,114,16
220,1051,16,1414
114,220,1414,9
16,114,9,27
1414,16,27,339
9,1414,339,220
27,9,220,1051
339,27,1051,220
220,339,220,114
1051,220,114,16
220,1051,16,1414
114,220,1414,9
16,114,9,27
1414,16,27,339
9,1414,339,19
27,9,19,3140
339,27,3140,6526
19,339,6526,355
3140,19,355,109
6526,3140,109,71
355,6526,71,4
109,355,4,78
71,109,78,1227
4,71,1227,631
78,4,631,37
1227,78,37,220
631,1227,220,2297
37,631,2297,497
220,37,497,2606
2297,220,2606,4
497,2297,4,512
2606,497,512,6
4,2606,6,220
512,4,220,1320
6,512,1320,87
220,6,87,2616
1320,220,2616,16
87,1320,16,2
2616,87,2,3933
16,2616,3933,450
2,16,450,356
3933,2,356,18
450,3933,18,1748
356,450,1748,220
18,356,220,472
1748,18,472,26
220,1748,26,358
472,220,358,37
26,472,37,1775
358,26,1775,2
37,358,2,52
1775,37,52,220
2,1775,220,45
52,2,45,16
220,52,16,25
45,220,25,31790
16,45,31790,8
25,16,8,26
31790,25,26,396
8,31790,396,137
26,8,137,699
396,26,699,36
137,396,36,209
699,137,209,9
36,699,9,586
209,36,586,20
9,209,20,1051
586,9,1051,44
20,586,44,8
1051,20,8,220
44,1051,220,114
8,44,114,137
220,8,137,699
114,220,699,4
137,114,4,16
699,137,16,136
4,699,136,6640
16,4,6640,65
136,16,65,162
6640,136,162,276
65,6640,276,81
162,65,81,1223
276,162,1223,82
81,276,82,4
1223,81,4,26
82,1223,26,219
4,82,219,1414
26,4,1414,9
219,26,9,27
1414,219,27,20
9,1414,20,85
27,9,85,790
20,27,790,339
85,20,339,20
790,85,20,7
339,790,7,2
20,339,2,578
7,20,578,82
2,7,82,30
578,2,30,16
82,578,16,105
30,82,105,2282
16,30,2282,794
105,16,794,102
2282,105,102,784
794,2282,784,450
102,794,450,492
784,102,492,1166
450,784,1166,2119
492,450,2119,4
1166,492,4,248
2119,1166,248,43
4,2119,43,431
248,4,431,3
43,248,3,243
431,43,243,157
3,431,157,99
243,3,99,3140
157,243,3140,6526
99,157,6526,7
3140,99,7,2
6526,3140,2,758
7,6526,758,824
2,7,824,10680
758,2,10680,5434
824,758,5434,868
10680,824,868,5
5434,10680,5,6059
868,5434,6059,8112
5,868,8112,33
6059,5,33,55
8112,6059,55,663
33,8112,663,49
55,33,49,12
663,55,12,672
49,663,672,164
12,49,164,4
672,12,4,558
164,672,558,164
4,164,164,144
558,4,144,27
164,558,27,578
144,164,578,4
27,144,4,248
578,27,248,43
4,578,43,431
248,4,431,521
43,248,521,152
431,43,152,2137
521,431,2137,982
152,521,982,73
2137,152,73,4
982,2137,4,336
73,982,336,20
4,73,20,460
336,4,460,12
20,336,12,558
460,20,558,36
12,460,36,672
71,617,4,2582
186,71,2582,1137
4,186,1137,12
2582,4,12,138
1137,2582,138,27
12,1137,27,6947
138,12,6947,6
27,138,6,22
6947,27,22,128
6,6947,128,273
22,6,273,381
128,22,381,3
273,128,3,13505
381,273,13505,162
3,381,162,12
13505,3,12,442
162,13505,442,3791
12,162,3791,58
442,12,58,2
3791,442,2,2
58,3791,2,447
2,58,447,21
2,2,21,72
447,2,72,3
21,447,3,22
72,21,22,2341
3,72,2341,29
22,3,29,3
2341,22,3,70
29,2341,70,35475
3,29,35475,108
70,3,108,30
35475,70,30,165
108,35475,165,178
30,108,178,6
165,30,6,627
178,165,627,5
6,178,5,2
627,6,2,306
5,627,306,226
2,5,226,63
306,2,63,956
226,306,956,161
63,226,161,374
956,63,374,4
161,956,4,2
374,161,2,150
4,374,150,1263
2,4,1263,54
150,2,54,7
1263,150,7,6
54,1263,6,280
7,54,280,837
6,7,837,5
280,6,5,360
837,280,360,9
5,837,9,480
360,5,480,11
9,360,11,4809
480,9,4809,2
11,480,2,8236
4809,11,8236,61343
2,4809,61343,13031
8236,2,13031,63
61343,8236,63,14
13031,61343,14,1443
63,13031,1443,12
14,63,12,695
1443,14,695,19
12,1443,19,78
695,12,78,32
19,695,32,395
78,19,395,49
32,78,49,99
395,32,99,1066
49,395,1066,1510
99,49,1510,5
1066,99,5,440
1510,1066,440,126
5,1510,126,4
440,5,4,18108
126,440,18108,787
4,126,787,54
18108,4,54,313
787,18108,313,41
54,787,41,65
313,54,65,990
41,313,990,3
65,41,3,1818
990,65,1818,49
3,990,49,911
1818,3,911,3792
49,1818,3792,5
911,49,5,153
3792,911,153,6
5,3792,6,1797
153,5,1797,324
6,153,324,2
1797,6,2,71
324,1797,71,4
2,324,4,32
71,2,32,2717
4,71,2717,198
32,4,198,1060
2717,32,1060,5868
198,2717,5868,231
1060,198,231,332
5868,1060,332,40249
231,5868,40249,1571
332,231,1571,54
40249,332,54,608
1571,40249,608,15
54,1571,15,1382
608,54,1382,3167
15,608,3167,5
1382,15,5,45
3167,1382,45,4364
5,3167,4364,19
45,5,19,419
4364,45,419,581
19,4364,581,24
419,19,24,98
581,419,98,2751
24,581,2751,3
98,24,3,2798
2751,98,2798,716
3,2751,716,4
2798,3,4,5778
716,2798,5778,1431
4,716,1431,19
5778,4,19,2
1431,5778,2,10410
19,1431,10410,5
2,19,5,273
10410,2,273,135
5,10410,135,320
273,5,320,3
135,273,3,1097
320,135,1097,95
3,320,95,679
1097,3,679,114
95,1097,114,620
679,95,620,5
114,679,5,968
620,114,968,11444
5,620,11444,19
968,5,19,27
11444,968,27,922
19,11444,922,3
27,19,3,2655
922,27,2655,3676
3,922,3676,907
2655,3,907,6
3676,2655,6,4
907,3676,4,4167
6,907,4167,82172
4,6,82172,7249
4167,4,7249,1140
82172,4167,1140,927
7249,82172,927,6378
1140,7249,6378,62
927,1140,62,15
6378,927,15,2
62,6378,2,4688
15,62,4688,15448
2,15,15448,2045
4688,2,2045,23
15448,4688,23,27
2045,15448,27,20
23,2045,20,756
27,23,756,115
20,27,115,18
756,20,18,2
115,756,2,5001
18,115,5001,37
2,18,37,311
5001,2,311,674
37,5001,674,4115
311,37,4115,2
674,311,2,629
4115,674,629,31
2,4115,31,20693
629,2,20693,6
31,629,6,22
20693,31,22,5477
6,20693,5477,2052
22,6,2052,21
5477,22,21,2
2052,5477,2,5001
21,2052,5001,3533
2,21,3533,142
5001,2,142,49127
3533,5001,49127,10
142,3533,10,14
49127,142,14,2
10,49127,2,20821
14,10,20821,7414
2,14,7414,309
20821,2,309,9
7414,20821,9,12462
309,7414,12462,63
9,309,63,1279
12462,9,1279,4960
63,12462,4960,3
1279,63,3,123
4960,1279,123,2
3,4960,2,592
123,3,592,5268
2,123,5268,4
592,2,4,862
5268,592,862,5240
4,5268,5240,5668
862,4,5668,3
5240,862,3,101
5668,5240,101,97819
3,5668,97819,7
101,3,7,260
97819,101,260,306
7,97819,306,1974
260,7,1974,71
306,260,71,2
1974,306,2,11
71,1974,11,25007
2,71,25007,27
11,2,27,813
25007,11,813,2228
27,25007,2228,3
813,27,3,835
2228,813,835,10
3,2228,10,7
835,3,7,22
10,835,22,5223
7,10,5223,54
22,7,54,2233
5223,22,2233,133
54,5223,133,734
2233,54,734,88
133,2233,88,70
734,133,70,1605
88,734,1605,7
70,88,7,271
1605,70,271,64
7,1605,64,444
271,7,444,34
64,271,34,367
444,64,367,56032
34,444,56032,13
367,34,13,160
56032,367,160,71
13,56032,71,28
160,13,28,29
71,160,29,10
28,71,10,734
29,28,734,18
10,29,18,21
734,10,21,1197
18,734,1197,30
21,18,30,25
1197,21,25,623
30,1197,623,475
25,30,475,30
623,25,30,1877
475,623,1877,10
30,475,10,30
1877,30,30,1818
10,1877,1818,10
30,10,10,2
1818,30,2,42
10,1818,42,45
2,10,45,2038
42,2,2038,570
45,42,570,65
2038,45,65,30
570,2038,30,16
65,570,16,12
30,65,12,67
16,30,67,83
12,16,83,8
67,12,8,51
83,67,51,78
8,83,78,32
51,8,32,610
78,51,610,82
32,78,82,20
610,32,20,1145
82,610,1145,20
20,82,20,97599
1145,20,97599,20
20,1145,20,1010
97599,20,1010,4
20,97599,4,7734
1010,20,7734,20
4,1010,20,166
7734,4,166,4907
20,7734,4907,20
166,20,20,2079
4907,166,2079,82
20,4907,82,8
2079,20,8,157
82,2079,157,11
8,82,11,794
157,8,794,36230
11,157,36230,2
794,11,2,44
36230,794,44,1982
2,36230,1982,19
44,2,19,1674
1982,44,1674,5
19,1982,5,263
1674,19,263,3849
5,1674,3849,6
263,5,6,85
3849,263,85,4
6,3849,4,4
85,6,4,2156
4,85,2156,251
4,4,251,19
2156,4,19,27
251,2156,27,6825
19,251,6825,204
27,19,204,3
6825,27,3,248
204,6825,248,1652
3,204,1652,32
248,3,32,125
1652,248,125,71
32,1652,71,2442
125,32,2442,58
71,125,58,287
2442,71,287,2
58,2442,2,3750
287,58,3750,45638
2,287,45638,25
3750,2,25,21
45638,3750,21,234
25,45638,234,3
21,25,3,17
234,21,17,328
3,234,328,11
17,3,11,28
328,17,28,5453
11,328,5453,11077
28,11,11077,3856
5453,28,3856,1197
11077,5453,1197,11
3856,11077,11,7
1197,3856,7,2017
11,1197,2017,2850
7,11,2850,4
2017,7,4,623
2850,2017,623,11
4,2850,11,7
623,4,7,8955
11,623,8955,8
7,11,8,52
8955,7,52,11
8,8955,11,299
52,8,299,362
11,52,362,45
299,11,45,11
362,299,11,230
45,362,230,192
11,45,192,72
230,11,72,362
192,230,362,106
72,192,106,3
362,72,3,192
106,362,192,20
3,106,20,85
192,3,85,4
20,192,4,8
85,20,8,190
4,85,190,325
8,4,325,8
190,8,8,138
325,190,138,27
8,325,27,34
138,8,34,78685
27,138,78685,301
34,27,301,32
78685,34,32,69
301,78685,69,1719
32,301,1719,256
69,32,256,885
1719,69,885,13
256,1719,13,47
885,256,47,1259
13,885,1259,102
47,13,102,10499
1259,47,10499,1222
102,1259,1222,808
10499,102,808,8
1222,10499,8,27
808,1222,27,7
8,808,7,21
27,8,21,2
7,27,2,718
21,7,718,272
2,21,272,29
718,2,29,2
272,718,2,272
29,272,272,3
2,29,3,17
272,2,17,533
3,272,533,62534
17,3,62534,2717
533,17,2717,198
62534,533,198,695
2717,62534,695,3
198,2717,3,2
695,198,2,13395
3,695,13395,31391
2,3,31391,1983
13395,2,1983,704
31391,13395,704,1355
1983,31391,1355,6802
704,1983,6802,1714
1355,704,1714,7
6802,1355,7,112
1714,6802,112,54
7,1714,54,77
112,7,77,17
54,112,17,599
77,54,599,2
17,77,2,2
599,17,2,552
2,599,552,3453
2,2,3453,3
552,2,3,95
3453,552,95,6
3,3453,6,968
95,3,968,29
6,95,29,132
968,6,132,971
29,968,971,2
132,29,2,41
971,132,41,22161
2,971,22161,383
41,2,383,223
22161,41,223,95
383,22161,95,8
223,383,8,26
95,223,26,165
8,95,165,147
26,8,147,3
165,26,3,192
147,165,192,87638
3,147,87638,30
192,3,30,18
87638,192,18,165
30,87638,165,295
18,30,295,41
165,18,41,179
295,165,179,3
41,295,3,25
179,41,25,1235
3,179,1235,71
25,3,71,12477
1235,25,12477,8
71,1235,8,160
12477,71,160,7
8,12477,7,208
160,8,208,2290
7,160,2290,4
208,7,4,8
2290,208,8,11
4,2290,11,13
8,4,13,445
11,8,445,1974
13,11,1974,30
445,13,30,40
1974,445,40,966
30,1974,966,48
40,30,48,5
966,40,5,67
48,966,67,567
5,48,567,6
67,5,6,42
567,67,42,461
6,567,461,36
42,6,36,42
461,42,42,711
36,461,711,36
42,36,36,80
711,42,80,6
36,711,6,42
80,36,42,78164
6,80,78164,2
42,6,2,19095
78164,42,19095,339
2,78164,339,2303
19095,2,2303,2
339,19095,2,350
2303,339,350,5
2,2303,5,3407
350,2,3407,19127
5,350,19127,6
3407,5,6,440
19127,3407,440,1040
6,19127,1040,321
440,6,321,4229
1040,440,4229,620
321,1040,620,887
4229,321,887,419
620,4229,419,302
887,620,302,754
419,887,754,160
302,419,160,4
754,302,4,680
160,754,680,62425
4,160,62425,524
680,4,524,126
62425,680,126,33
