39,5,9739,3917
98919,39,3917,1148
9739,98919,1148,3
3917,9739,3,1603
1148,3917,1603,5293
3,1148,5293,103041
1603,3,103041,6
5293,1603,6,204
103041,5293,204,5289
6,103041,5289,3197
204,6,3197,10090
5289,204,10090,318
3197,5289,318,109
10090,3197,109,124
318,10090,124,78
109,318,78,32
124,109,32,132
78,124,132,18
32,78,18,2352
132,32,2352,2
18,132,2,25102
2352,18,25102,14901
2,2352,14901,74
25102,2,74,4537
14901,25102,4537,29
74,14901,29,6341
4537,74,6341,8312
29,4537,8312,362
6341,29,362,3
8312,6341,3,21
362,8312,21,1711
3,362,1711,2
21,3,2,342
1711,21,342,3366
2,1711,3366,74
342,2,74,1589
3366,342,1589,36
74,3366,36,7
1589,74,7,11
10,7,3,6134
60,10,6134,3452
3,60,3452,2857
6134,3,2857,3
3452,6134,3,587
2857,3452,587,14247
3,2857,14247,3837
587,3,3837,439
14247,587,439,5
3837,14247,5,279
439,3837,279,4223
5,439,4223,1945
279,5,1945,4
4223,279,4,5320
1945,4223,5320,10231
4,1945,10231,175
5320,4,175,119
10231,5320,119,111
175,10231,111,4
119,175,4,265
111,119,265,74
4,111,74,22
265,4,22,3966
74,265,3966,18
22,74,18,5579
3966,22,5579,1122
18,3966,1122,8
5579,18,8,40
1122,5579,40,1194
8,1122,1194,2451
40,8,2451,5
1194,40,5,43
2451,1194,43,587
5,2451,587,212
43,5,212,75893
587,43,75893,2950
212,587,2950,24
75893,212,24,161
2950,75893,161,105
24,2950,105,675
161,24,675,3575
105,161,3575,2
675,105,2,251
3575,675,251,298
2,3575,298,3
251,2,3,6134
298,251,6134,62
3,298,62,136
6134,3,136,60
62,6134,60,279
136,62,279,1016
60,136,1016,12
279,60,12,422
1016,279,422,212
12,1016,212,90
422,12,90,5
212,422,5,81
90,212,81,1461
5,90,1461,15
81,5,15,7453
1461,81,7453,2
15,1461,2,8963
7453,15,8963,4
2,7453,4,8692
8963,2,8692,4819
4,8963,4819,760
8692,4,760,175
4819,8692,175,63
760,4819,63,71
175,760,71,4
63,175,4,9442
71,63,9442,265
4,71,265,74
9442,4,74,59
265,9442,59,4
74,265,4,62
59,74,62,3
4,59,3,2700
62,4,2700,1945
3,62,1945,103685
2700,3,103685,173
1945,2700,173,5
103685,1945,5,290
173,103685,290,2451
5,173,2451,7
290,5,7,3
2451,290,3,319
7,2451,319,279
3,7,279,10002
319,3,10002,24
279,319,24,356
10002,279,356,28
24,10002,28,575
356,24,575,197
28,356,197,393
575,28,393,141
197,575,141,1051
393,197,1051,30460
141,393,30460,20111
1051,141,20111,8
30460,1051,8,7
20111,30460,7,859
8,20111,859,3854
7,8,3854,87250
859,7,87250,66
3854,859,66,84
87250,3854,84,1164
66,87250,1164,18
84,66,18,47
1164,84,47,7034
18,1164,7034,1122
47,18,1122,8
7034,47,8,475
1122,7034,475,37039
8,1122,37039,279
475,8,279,1016
37039,475,1016,64
279,37039,64,41
1016,279,41,65
64,1016,65,66
41,64,66,23
65,41,23,2
66,65,2,60
23,66,60,12
2,23,12,587
60,2,587,212
12,60,212,4611
587,12,4611,240
212,587,240,40
4611,212,40,905
240,4611,905,56
40,240,56,2857
905,40,2857,25
56,905,25,63
2857,56,63,40
25,2857,40,96
63,25,96,2857
40,63,2857,207
96,40,207,103
2857,96,103,66
207,2857,66,267
103,207,267,28
66,103,28,8
267,66,8,40
28,267,40,611
8,28,611,2173
40,8,2173,9563
611,40,9563,4
2173,611,4,2381
9563,2173,2381,1144
4,9563,1144,3
2381,4,3,212
1144,2381,212,46
3,1144,46,4
212,3,4,6154
46,212,6154,15
4,46,15,752
6154,4,752,290
15,6154,290,3854
752,15,3854,5
290,752,5,70
3854,290,70,170
5,3854,170,226
70,5,226,2996
170,70,2996,26
226,170,26,48485
2996,226,48485,72
26,2996,72,1173
48485,26,1173,10732
72,48485,10732,28
1173,72,28,28701
10732,1173,28701,11427
28,10732,11427,526
28701,28,526,437
11427,28701,437,5
526,11427,5,4
437,526,4,3289
5,437,3289,151
4,5,151,228
3289,4,228,1729
151,3289,1729,212
228,151,212,37
1729,228,37,3452
212,1729,3452,212
37,212,212,2857
3452,37,2857,53
212,3452,53,2289
2857,212,2289,594
53,2857,594,37
2289,53,37,279
594,2289,279,118
37,594,118,56
279,37,56,5
118,279,5,2605
56,118,2605,53
5,56,53,18
2605,5,18,47
53,2605,47,2
18,53,2,217
47,18,217,5
2,47,5,187
217,2,187,15
5,217,15,1265
187,5,1265,1383
15,187,1383,229
1265,15,229,10
1383,1265,10,17
229,1383,17,8658
10,229,8658,36
17,10,36,3253
8658,17,3253,561
36,8658,561,2200
3253,36,2200,36
561,3253,36,382
2200,561,382,1105
36,2200,1105,5
382,36,5,107
1105,382,107,5
5,1105,5,502
107,5,502,1014
5,107,1014,74
502,5,74,9364
1014,502,9364,36
74,1014,36,74
9364,74,74,72005
36,9364,72005,5646
74,36,5646,2
72005,74,2,141
5646,72005,141,1051
2,5646,1051,23
141,2,23,3047
1051,141,3047,393
23,1051,393,4
3047,23,4,2
393,3047,2,159
4,393,159,1689
2,4,1689,43
159,2,43,5908
1689,159,5908,257
43,1689,257,28
5908,43,28,11
257,5908,11,47
28,257,47,2
11,28,2,334
47,11,334,1067
2,47,1067,2982
334,2,2982,5
1067,334,5,354
2982,1067,354,5
5,2982,5,461
354,5,461,1194
5,354,1194,9
461,5,9,587
1194,461,587,212
9,1194,212,279
587,9,279,29
212,587,29,5646
279,212,5646,28
29,279,28,22
5646,29,22,1144
28,5646,1144,13
22,28,13,63301
1144,22,63301,593
13,1144,593,5605
63301,13,5605,1490
593,63301,1490,5
5605,593,5,20
1490,5605,20,7
5,1490,7,292
20,5,292,12
7,20,12,2896
292,7,2896,8
12,292,8,668
2896,12,668,139
8,2896,139,5
668,8,5,2857
139,668,2857,3
5,139,3,587
2857,5,587,212
3,2857,212,13
587,3,13,247
212,587,247,3053
13,212,3053,4229
247,13,4229,1177
3053,247,1177,105
4229,3053,105,462
1177,4229,462,3
105,1177,3,173
462,105,173,120
3,462,120,105
173,3,105,213
120,173,213,5749
105,120,5749,61
213,105,61,2
5749,213,2,50
61,5749,50,6066
2,61,6066,101
50,2,101,84
6066,50,84,15
101,6066,15,1945
84,101,1945,439
15,84,439,5646
1945,15,5646,28
439,1945,28,10
5646,439,10,40
28,5646,40,17
10,28,17,2
40,10,2,201
17,40,201,148
2,17,148,21
201,2,21,3
148,201,3,18
21,148,18,1105
3,21,1105,5
18,3,5,13516
1105,18,13516,10
5,1105,10,234
13516,5,234,73
10,13516,73,50
234,10,50,37
73,234,37,3
50,73,3,69094
37,50,69094,267
3,37,267,173
69094,3,173,3
267,69094,3,2
173,267,2,199
3,173,199,19
2,3,19,8699
199,2,8699,75
19,199,75,3324
8699,19,3324,992
75,8699,992,12
3324,75,12,71
992,3324,71,283
12,992,283,299
71,12,299,1053
283,71,1053,4
299,283,4,1470
1053,299,1470,680
4,1053,680,8
1470,4,8,1094
680,1470,1094,3163
8,680,3163,5
1094,8,5,411
3163,1094,411,40
5,3163,40,144
411,5,144,2
40,411,2,1194
144,40,1194,12
2,144,12,2451
1194,2,2451,12
12,1194,12,587
2451,12,587,58191
12,2451,58191,340
587,12,340,1972
58191,587,1972,213
340,58191,213,77
1972,340,77,17
213,1972,17,4804
77,213,4804,831
17,77,831,9
4804,17,9,2
831,4804,2,105
9,831,105,213
2,9,213,8
105,2,8,260
213,105,260,746
8,213,746,7958
260,8,7958,76
746,260,76,1164
7958,746,1164,28
76,7958,28,160
1164,76,160,77
28,1164,77,17
160,28,17,146
77,160,146,19
17,77,19,1004
146,17,1004,29
19,146,29,57
1004,19,57,18
29,1004,18,1533
57,29,1533,10
18,57,10,40
1533,18,40,633
10,1533,633,21170
40,10,21170,1103
633,40,1103,3
21170,633,3,25
1103,21170,25,8
3,1103,8,111
25,3,111,4
8,25,4,265
111,8,265,40
4,111,40,147
265,4,147,3
40,265,3,106
147,40,106,38
3,147,38,144
106,3,144,4
38,106,4,140
144,38,140,11070
4,144,11070,5
140,4,5,35
11070,140,35,40
5,11070,40,18
35,5,18,3
40,35,3,1507
18,40,1507,190
3,18,190,1082
1507,3,1082,40
190,1507,40,17
1082,190,17,9
40,1082,9,3163
17,40,3163,5
9,17,5,35
3163,9,35,3
5,3163,3,251
35,5,251,9
3,35,9,2
251,3,2,1387
9,251,1387,27971
2,9,27971,253
1387,2,253,29
27971,1387,29,451
253,27971,451,20111
29,253,20111,5
451,29,5,575
20111,451,575,197
5,20111,197,393
575,5,393,28
197,575,28,149
393,197,149,137
28,393,137,62
149,28,62,20
137,149,20,66
62,137,66,801
20,62,801,10
66,20,10,132
801,66,132,247
10,801,247,13407
132,10,13407,15
247,132,15,63
13407,247,63,4
15,13407,4,265
63,15,265,31697
4,63,31697,10
265,4,10,56
31697,265,56,207
10,31697,207,44
32,78,2579,362
13,32,362,374
2579,13,374,3
362,2579,3,4903
374,362,4903,135
3,374,135,127
4903,3,127,499
135,4903,499,184
127,135,184,3
499,127,3,4
184,499,4,693
3,184,693,310
4,3,310,1415
693,4,1415,307
310,693,307,473
1415,310,473,330
307,1415,330,82
473,307,82,4
330,473,4,2627
82,330,2627,7126
4,82,7126,567
2627,4,567,19
7126,2627,19,289
567,7126,289,970
19,567,970,494
289,19,494,145
970,289,145,4
494,970,4,22
145,494,22,7004
4,145,7004,2354
22,4,2354,307
7004,22,307,10
2354,7004,10,1782
307,2354,1782,5383
10,307,5383,998
1782,10,998,159
5383,1782,159,269
998,5383,269,5
159,998,5,35
269,159,35,817
5,269,817,362
35,5,362,374
817,35,374,3
362,817,3,247
374,362,247,99
3,374,99,565
247,3,565,3
99,247,3,172
565,99,172,2
3,565,2,372
172,3,372,97
2,172,97,127
372,2,127,1813
97,372,1813,12
127,97,12,343
1813,127,343,5
12,1813,5,128
343,12,128,372
5,343,372,44
128,5,44,5
372,128,5,289
44,372,289,26647
5,44,26647,2354
289,5,2354,28
26647,289,28,32
2354,26647,32,1123
28,2354,1123,374
32,28,374,816
1123,32,816,3
374,1123,3,247
816,374,247,2133
3,816,2133,135
247,3,135,287
2133,247,287,15
135,2133,15,2
287,135,2,1180
15,287,1180,592
2,15,592,6
1180,2,6,3574
592,1180,3574,4362
6,592,4362,4
3574,6,4,500
4362,3574,500,4423
4,4362,4423,5
500,4,5,144
4423,500,144,24
5,4423,24,2337
144,5,2337,95
24,144,95,16
2337,24,16,97
95,2337,97,158
16,95,158,4
97,16,4,9506
158,97,9506,90
4,158,90,5
9506,4,5,81
90,9506,81,3184
5,90,3184,3
81,5,3,6879
3184,81,6879,61
3,3184,61,289
6879,3,289,361
61,6879,361,3
289,61,3,144
361,289,144,8535
3,361,8535,94
144,3,94,26
8535,144,26,105219
94,8535,105219,245
26,94,245,147
105219,26,147,3
245,105219,3,611
147,245,611,2
3,147,2,349
611,3,349,3
2,611,3,20
349,2,20,289
3,349,289,428
20,3,428,4
289,20,4,93
428,289,93,12
4,428,12,3
93,4,3,5008
12,93,5008,138
3,12,138,27
5008,3,27,28
138,5008,28,3824
27,138,3824,32138
28,27,32138,2
3824,28,2,2337
32138,3824,2337,31
2,32138,31,1719
2337,2,1719,2733
31,2337,2733,135
1719,31,135,97
2733,1719,97,4
135,2733,4,420
97,135,420,42
4,97,42,5
420,4,5,128
42,420,128,1490
5,42,1490,3
128,5,3,243
1490,128,243,32
3,1490,32,74
243,3,74,31516
32,243,31516,60
74,32,60,3
31516,74,3,524
60,31516,524,405
3,60,405,67
524,3,67,2133
405,524,2133,94
67,405,94,28
2133,67,28,969
94,2133,969,1513
28,94,1513,42
969,28,42,5
1513,969,5,103
42,1513,103,2337
5,42,2337,24
103,5,24,847
2337,103,847,5
24,2337,5,3047
847,24,3047,31
5,847,31,324
3047,5,324,845
31,3047,845,6
324,31,6,268
845,324,268,153
6,845,153,3
268,6,3,142
153,268,142,32
3,153,32,126
142,3,126,312
32,142,312,860
126,32,860,289
312,126,289,30
860,312,30,121
289,860,121,17
30,289,17,2080
121,30,2080,73
17,121,73,30
2080,17,30,16
73,2080,16,3913
30,73,3913,59
16,30,59,45
3913,16,45,5
59,3913,5,157
45,59,157,18
5,45,18,90462
157,5,90462,4522
18,157,4522,39
90462,18,39,23
4522,90462,23,2
39,4522,2,241
23,39,241,3141
2,23,3141,3715
241,2,3715,69
3141,241,69,343
3715,3141,343,254
69,3715,254,69
343,69,69,7
254,343,7,84
69,254,84,12
7,69,12,6684
84,7,6684,5
12,84,5,2
6684,12,2,1804
5,6684,1804,174
2,5,174,1871
1804,2,1871,532
174,1804,532,29
1871,174,29,80
532,1871,80,11
29,532,11,1751
80,29,1751,8
11,80,8,776
1751,11,776,35
8,1751,35,16
776,8,16,321
35,776,321,3
16,35,3,106
321,16,106,12
3,321,12,298
106,3,298,4
12,106,4,956
298,12,956,267
4,298,267,3
956,4,3,1162
267,956,1162,38
3,267,38,785
1162,3,785,9
38,1162,9,49
785,38,49,6
9,785,6,95
49,9,95,15783
6,49,15783,776
95,6,776,35
15783,95,35,3
776,15783,3,106
35,776,106,298
3,35,298,364
106,3,364,39
298,106,39,1369
364,298,1369,464
39,364,464,1393
1369,39,1393,39
464,1369,39,1231
1393,464,1231,4964
39,1393,4964,731
1231,39,731,4
4964,1231,4,413
731,4964,413,46445
4,731,46445,1286
413,4,1286,6135
46445,413,6135,4401
1286,46445,4401,28
6135,1286,28,6
4401,6135,6,2
28,4401,2,304
6,28,304,20
2,6,20,7
304,2,7,4
20,304,4,344
7,20,344,6838
4,7,6838,29
344,4,29,53
6838,344,53,16
29,6838,16,776
53,29,776,35
16,53,35,8
776,16,8,16
35,776,16,360
8,35,360,298
16,8,298,15
360,16,15,169
298,360,169,5
15,298,5,45
169,15,45,2611
5,169,2611,3
45,5,3,199
2611,45,199,4
3,2611,4,78
199,3,78,32
4,199,32,7
78,4,7,400
32,78,400,3
7,32,3,2807
400,7,2807,207
3,400,207,106
2807,3,106,30
207,2807,30,234
106,207,234,845
30,106,845,3
234,30,3,298
845,234,298,330
3,845,330,59
298,3,59,78
330,298,78,32
59,330,32,34
78,59,34,4903
32,78,4903,21
34,32,21,86
4903,34,86,2
21,4903,2,192
86,21,192,6
2,86,6,973
192,2,973,106
6,192,106,29
973,6,29,68
106,973,68,408
29,106,408,5
68,29,5,1098
408,68,1098,18109
5,408,18109,145
1098,5,145,69
18109,1098,69,2257
145,18109,2257,2767
69,145,2767,8
2257,69,8,32
2767,2257,32,13
8,2767,13,9185
32,8,9185,97
13,32,97,64
9185,13,64,2344
97,9185,2344,10
64,97,10,3370
2344,64,3370,423
10,2344,423,8
3370,10,8,2337
423,3370,2337,121
8,423,121,21
2337,8,21,1415
121,2337,1415,375
21,121,375,26
1415,21,26,340
375,1415,340,106
26,375,106,23
340,26,23,440
106,340,440,82
23,106,82,2
440,23,2,26
82,440,26,16
2,82,16,361
26,2,361,3
16,26,3,2695
361,16,2695,210
3,361,210,126
2695,3,126,98574
210,2695,98574,7
126,210,7,412
98574,126,412,3
7,98574,3,3032
412,7,3032,145
3,412,145,134
3032,3,134,76811
145,3032,76811,500
134,145,500,473
76811,134,473,23
500,76811,23,2
473,500,2,712
23,473,712,6
2,23,6,4
712,2,4,3158
6,712,3158,269
4,6,269,32
3158,4,32,34
269,3158,34,21
32,269,21,18
34,32,18,11050
21,34,11050,217
18,21,217,5
11050,18,5,1098
217,11050,1098,374
5,217,374,3
1098,5,3,192
374,1098,192,135
3,374,135,499
192,3,499,11
135,192,11,34
499,135,34,17
11,499,17,3627
34,11,3627,12
17,34,12,2337
3627,17,2337,26
12,3627,26,106
2337,12,106,12
26,2337,12,878
106,26,878,25
12,106,25,101
878,12,101,84
25,878,84,67
101,25,67,934
84,101,934,101
67,84,101,23
934,67,23,20
101,934,20,532
23,101,532,25
20,23,25,622
532,20,622,30
25,532,30,55
622,25,55,3
30,622,3,192
55,30,192,289
3,55,289,99876
192,3,99876,1007
289,192,1007,969
99876,289,969,16755
1007,99876,16755,908
969,1007,908,152
16755,969,152,5
908,16755,5,2
152,908,2,3355
5,152,3355,3
2,5,3,5500
3355,2,5500,4
3,3355,4,4005
5500,3,4005,135
4,5500,135,150
4005,4,150,369
135,4005,369,314
150,135,314,304
369,150,304,8
314,369,8,10
304,314,10,7
8,304,7,732
10,8,732,3
7,10,3,1415
732,7,1415,106
3,732,106,5
1415,3,5,2337
106,1415,2337,126
5,106,126,26
2337,5,26,340
126,2337,340,106
26,126,106,23
340,26,23,440
106,340,440,20
23,106,20,102218
440,23,102218,262
20,440,262,24
102218,20,24,84
262,102218,84,375
24,262,375,440
84,24,440,7
375,84,7,3
440,375,3,1463
7,440,1463,95
3,7,95,2337
1463,3,2337,8
95,1463,8,494
2337,95,494,7
8,2337,7,19
494,8,19,239
7,494,239,2933
19,7,2933,94
239,19,94,102
2933,239,102,138
94,2933,138,27
102,94,27,16755
138,102,16755,8735
27,138,8735,473
16755,27,473,145
8735,16755,145,267
473,8735,267,1188
145,473,1188,5314
267,145,5314,8
1188,267,8,251
5314,1188,251,50
8,5314,50,146
251,8,146,126
50,251,126,731
146,50,731,289
126,146,289,4
731,126,4,956
289,731,956,387
4,289,387,3
956,4,3,218
387,956,218,12
3,387,12,640
218,3,640,8134
12,218,8134,50
640,12,50,110
8134,640,110,3
50,8134,3,319
110,50,319,794
3,110,794,375
319,3,375,128
794,319,128,106
375,794,106,7
128,375,7,3205
106,128,3205,28
7,106,28,14451
3205,7,14451,15011
28,3205,15011,2
14451,28,2,145
15011,14451,145,267
2,15011,267,24
145,2,24,4
267,145,4,3158
24,267,3158,31
4,24,31,2399
3158,4,2399,93539
31,3158,93539,190
2399,31,190,4192
93539,2399,4192,3065
190,93539,3065,11556
4192,190,11556,5
3065,4192,5,4
11556,3065,4,3158
