270,83,64,42
4,270,42,859
64,4,859,507
42,64,507,206
859,42,206,200
507,859,200,15252
206,507,15252,1722
200,206,1722,5835
15252,200,5835,1284
1722,15252,1284,6
5835,1722,6,1076
1284,5835,1076,122
6,1284,122,8622
1076,6,8622,14565
122,1076,14565,29
8622,122,29,556
14565,8622,556,366
29,14565,366,11
556,29,11,115
366,556,115,859
11,366,859,313
115,11,313,22
859,115,22,2162
313,859,2162,15198
22,313,15198,3048
2162,22,3048,556
15198,2162,556,16706
3048,15198,16706,2591
556,3048,2591,4028
16706,556,4028,28
2591,16706,28,11
4028,2591,11,1722
28,4028,1722,25
11,28,25,601
1722,11,601,5
25,1722,5,290
601,25,290,9158
5,601,9158,37
290,5,37,236
9158,290,236,4715
37,9158,4715,3
236,37,3,207
4715,236,207,1376
3,4715,1376,31
207,3,31,1400
1376,207,1400,268
31,1376,268,89
1400,31,89,4
268,1400,4,140
89,268,140,5764
4,89,5764,59
140,4,59,26
5764,140,26,1400
59,5764,1400,198
26,59,198,29
1400,26,29,270
198,1400,270,11
29,198,11,72
270,29,72,23
11,270,23,53
72,11,53,615
23,72,615,3643
53,23,3643,5356
615,53,5356,7
3643,615,7,1983
5356,3643,1983,206
7,5356,206,11
1983,7,11,6
206,1983,6,156
11,206,156,2
6,11,2,3326
156,6,3326,1722
2,156,1722,7
3326,2,7,100
1722,3326,100,276
7,1722,276,89
100,7,89,2
276,100,2,3582
89,276,3582,5
2,89,5,4488
3582,2,4488,4
5,3582,4,2
4488,5,2,1067
4,4488,1067,5
2,4,5,6894
1067,2,6894,9
5,1067,9,118
6894,5,118,25
9,6894,25,5950
118,9,5950,29
25,118,29,52
5950,25,52,11
29,5950,11,110
52,29,110,3
11,52,3,72
110,11,72,10
3,110,10,53
72,3,53,615
10,72,615,73
53,10,73,11
615,53,11,14
73,615,14,3
11,73,3,4383
14,11,4383,140
3,14,140,11
4383,3,11,55
140,4383,55,25
11,140,25,198
55,11,198,59
25,55,59,331
198,25,331,206
59,198,206,11
331,59,11,14
206,331,14,25
11,206,25,83
14,11,83,15252
25,14,15252,551
83,25,551,2751
15252,83,2751,22
551,15252,22,573
2751,551,573,25511
22,2751,25511,271
573,22,271,37
25511,573,37,92
271,25511,92,4
37,271,4,140
92,37,140,1492
4,92,1492,198
140,4,198,83
1492,140,83,401
198,1492,401,15
83,198,15,2
401,83,2,1973
15,401,1973,8247
2,15,8247,4028
1973,2,4028,453
8247,1973,453,137
4028,8247,137,51
453,4028,51,3798
137,453,3798,37
51,137,37,8
3798,51,8,336
390,197,823,63
2,390,63,1140
823,2,1140,927
63,823,927,218
1140,63,218,3
927,1140,3,7152
218,927,7152,2
3,218,2,500
7152,3,500,3102
2,7152,3102,79
500,2,79,237
3102,500,237,9
79,3102,9,135
237,79,135,127
9,237,127,499
135,9,499,11
127,135,11,322
499,127,322,3423
11,499,3423,455
322,11,455,6393
3423,322,6393,23
455,3423,23,811
6393,455,811,21
23,6393,21,275
811,23,275,5
21,811,5,54
275,21,54,7
5,275,7,22
54,5,22,83
7,54,83,2582
22,7,2582,35
83,22,35,258
2582,83,258,205
35,2582,205,75
258,35,75,22
205,258,22,12
75,205,12,59477
22,75,59477,2
12,22,2,153
59477,12,153,5
2,59477,5,518
153,2,518,15
5,153,15,531
518,5,531,162
15,518,162,211
531,15,211,2964
162,531,2964,117
211,162,117,2597
2964,211,2597,1422
117,2964,1422,4
2597,117,4,1147
1422,2597,1147,195
4,1422,195,1477
1147,4,1477,12833
195,1147,12833,63
1477,195,63,5
12833,1477,5,8166
63,12833,8166,927
5,63,927,12
8166,5,12,466
927,8166,466,7
12,927,7,477
466,12,477,98
7,466,98,1702
477,7,1702,3
98,477,3,395
1702,98,395,2
3,1702,2,335
395,3,335,54
2,395,54,871
335,2,871,165
54,335,165,913
871,54,913,7
165,871,7,153
913,165,153,49498
7,913,49498,18
153,7,18,41
49498,153,41,600
18,49498,600,3
41,18,3,7714
600,41,7714,232
3,600,232,5
7714,3,5,22
232,7714,22,97
5,232,97,235
22,5,235,153
97,22,153,59
235,97,59,11
153,235,11,573
59,153,573,413
11,59,413,3
573,11,3,712
413,573,712,144
3,413,144,405
712,3,405,252
144,712,252,342
405,144,342,224
252,405,224,15
342,252,15,250
224,342,250,964
15,224,964,4268
250,15,4268,3015
964,250,3015,2577
4268,964,2577,4856
3015,4268,4856,5
2577,3015,5,135
4856,2577,135,150
5,4856,150,369
135,5,369,2194
150,135,2194,927
369,150,927,3
2194,369,3,96
927,2194,96,187
3,927,187,9
96,3,9,588
187,96,588,6
9,187,6,417
588,9,417,6
6,588,6,413
417,6,413,410
6,417,410,12
413,6,12,8901
410,413,8901,1054
12,410,1054,13
8901,12,13,1296
1054,8901,1296,927
13,1054,927,4
1296,13,4,22
927,1296,22,105
4,927,105,504
22,4,504,21091
105,22,21091,5
504,105,5,185
21091,504,185,1637
5,21091,1637,2611
185,5,2611,79
1637,185,79,848
2611,1637,848,4
79,2611,4,88
848,79,88,135
4,848,135,2108
88,4,2108,44
135,88,44,823
2108,135,823,63
44,2108,63,327
823,44,327,516
63,823,516,19
327,63,19,99
516,327,99,2069
19,516,2069,2
99,19,2,27872
2069,99,27872,343
2,2069,343,12
27872,2,12,1547
343,27872,1547,109
12,343,109,229
1547,12,229,36
109,1547,36,21
229,109,21,11
36,229,11,96673
21,36,96673,165
11,21,165,322
96673,11,322,9373
165,96673,9373,5710
322,165,5710,5
9373,322,5,1586
5710,9373,1586,362
5,5710,362,69
1586,5,69,1481
362,1586,1481,3
69,362,3,2959
1481,69,2959,15
3,1481,15,793
2959,3,793,5
15,2959,5,169
793,15,169,260
5,793,260,4230
169,5,4230,19
260,169,19,78
4230,260,78,32
19,4230,32,4
78,19,4,10187
32,78,10187,56
4,32,56,144
10187,4,144,223
56,10187,223,531
144,56,531,135
223,144,135,360
531,223,360,3204
135,531,3204,3
360,135,3,96
3204,360,96,2
3,3204,2,326
96,3,326,6
2,96,6,49
326,2,49,1158
6,326,1158,97670
49,6,97670,5395
1158,49,5395,16012
97670,1158,16012,542
5395,97670,542,44
16012,5395,44,7
542,16012,7,9978
44,542,9978,3737
7,44,3737,2
9978,7,2,667
3737,9978,667,127
2,3737,127,69
667,2,69,77
127,667,77,2661
69,127,2661,12
77,69,12,22
2661,77,22,64285
12,2661,64285,134
22,12,134,2
64285,22,2,724
134,64285,724,251
2,134,251,5
724,2,5,162
251,724,162,20
5,251,20,153
162,5,153,8
20,162,8,11
153,20,11,14
8,153,14,165
11,8,165,6
14,11,6,428
165,14,428,5
6,165,5,4908
428,6,4908,229
5,428,229,36
4908,5,36,21
229,4908,21,53
36,229,53,7
21,36,7,2582
53,21,2582,2131
7,53,2131,23
2582,7,23,20
2131,2582,20,60
23,2131,60,3
20,23,3,296
60,20,296,72
3,60,72,205
296,3,205,75
72,296,75,22
205,72,22,16909
75,205,16909,12
22,75,12,7000
16909,22,7000,927
12,16909,927,182
7000,12,182,22
927,7000,22,838
182,927,838,15
22,182,15,1332
838,22,1332,53429
15,838,53429,44
1332,15,44,823
53429,1332,823,63
44,53429,63,12
823,44,12,5209
63,823,5209,144
12,63,144,2
5209,12,2,1272
144,5209,1272,4
2,144,4,7000
1272,2,7000,1397
4,1272,1397,22
7000,4,22,810
1397,7000,810,3
22,1397,3,1166
810,22,1166,237
3,810,237,126
1166,3,126,11
237,1166,11,210
126,237,210,29
11,126,29,454
210,11,454,17725
29,210,17725,103
454,29,103,1011
17725,454,1011,127
103,17725,127,1272
1011,103,1272,927
127,1011,927,347
1272,127,347,7
927,1272,7,12118
347,927,12118,1632
7,347,1632,15
12118,7,15,11501
1632,12118,11501,905
15,1632,905,4
11501,15,4,15687
905,11501,15687,167
4,905,167,8
15687,4,8,40
167,15687,40,154
8,167,154,15
40,8,15,1275
154,40,1275,2
15,154,2,94
1275,15,94,45231
2,1275,45231,872
94,2,872,651
45231,94,651,3395
872,45231,3395,927
651,872,927,7
3395,651,7,28
927,3395,28,3
7,927,3,17
28,7,17,23619
3,28,23619,37
17,3,37,3120
23619,17,3120,190
37,23619,190,296
3120,37,296,9
190,3120,9,63
296,190,63,2
9,296,2,49
63,9,49,347
2,63,347,218
49,2,218,3
347,49,3,67901
218,347,67901,398
3,218,398,20
67901,3,20,2
398,67901,2,182
20,398,182,5
2,20,5,486
182,2,486,4
5,182,4,1829
486,5,1829,8077
4,486,8077,15
1829,4,15,347
8077,1829,347,12
15,8077,12,62
347,15,62,30
12,347,30,25
62,12,25,20
30,62,20,927
25,30,927,134
20,25,134,162
927,20,162,12
134,927,12,724
162,134,724,251
12,162,251,20
724,12,20,153
251,724,153,2
20,251,2,99
153,20,99,425
2,153,425,19
99,2,19,11577
425,99,11577,9175
19,425,9175,9
11577,19,9,20
9175,11577,20,13
9,9175,13,47
20,9,47,10856
13,20,10856,22
47,13,22,520
10856,47,520,1329
22,10856,1329,454
520,22,454,72
1329,520,72,154
454,1329,154,198
72,454,198,7000
154,72,7000,2375
198,154,2375,28
7000,198,28,892
2375,7000,892,1964
28,2375,1964,2
892,28,2,413
1964,892,413,673
2,1964,673,35
413,2,35,3191
673,413,3191,31
35,673,31,2
3191,35,2,267
31,3191,267,5
2,31,5,51224
267,2,51224,229
5,267,229,3
51224,5,3,296
229,51224,296,9
3,229,9,63
296,3,63,13
9,296,13,334
63,9,334,3
13,63,3,25
334,13,25,15
3,334,15,2
25,3,2,4289
15,25,4289,5
2,15,5,22
4289,2,22,83
5,4289,83,3043
22,5,3043,1964
83,22,1964,1723
3043,83,1723,4977
1964,3043,4977,1186
1723,1964,1186,20
4977,1723,20,153
1186,4977,153,822
20,1186,822,927
153,20,927,18186
822,153,18186,149
927,822,149,102
18186,927,102,595
149,18186,595,58
102,149,58,3098
595,102,3098,6
58,595,6,595
3098,58,595,257
6,3098,257,85
595,6,85,4474
257,595,4474,102
85,257,102,138
4474,85,138,27
102,4474,27,4
138,102,4,827
27,138,827,189
4,27,189,11
827,4,11,2863
189,827,2863,282
11,189,282,65
2863,11,65,32
282,2863,32,22
65,282,22,5821
32,65,5821,1557
22,32,1557,14
5821,22,14,875
1557,5821,875,65
14,1557,65,98
875,14,98,94
65,875,94,340
98,65,340,438
94,98,438,9
340,94,9,135
438,340,135,499
9,438,499,4
135,9,4,80
499,135,80,286
4,499,286,11
80,4,11,13
286,80,13,321
11,286,321,3
13,11,3,873
321,13,873,22
3,321,22,1994
873,3,1994,11
22,873,11,165
1994,22,165,438
11,1994,438,805
165,11,805,5
438,165,5,159
805,438,159,1979
5,805,1979,636
159,5,636,1656
1979,159,1656,3054
636,1979,3054,159
1656,636,159,3942
3054,1656,3942,1374
159,3054,1374,636
3942,159,636,3136
1374,3942,3136,27730
636,1374,27730,36
3136,636,36,159
27730,3136,159,1117
36,27730,1117,117
159,36,117,1697
1117,159,1697,105436
117,1117,105436,80
1697,117,80,95
105436,1697,95,217
80,105436,217,132
95,80,132,21
217,95,21,17
132,217,17,362
21,132,362,3
17,21,3,1463
362,17,1463,927
3,362,927,8
1463,3,8,5367
927,1463,5367,79
8,927,79,237
5367,8,237,7
79,5367,7,1155
237,79,1155,10
7,237,10,629
1155,7,629,2113
10,1155,2113,8396
629,10,8396,2
2113,629,2,1272
8396,2113,1272,4
2,8396,4,21
1272,2,21,321
4,1272,321,1073
21,4,1073,3
321,21,3,167
1073,321,167,5
3,1073,5,38
167,3,38,970
5,167,970,36
38,5,36,2860
970,38,2860,24
36,970,24,941
2860,36,941,1574
24,2860,1574,465
941,24,465,199
1574,941,199,282
465,1574,282,65
199,465,65,59
282,199,59,26
65,282,26,247
59,65,247,10240
26,59,10240,53484
247,26,53484,6
10240,247,6,173
53484,10240,173,32
6,53484,32,650
173,6,650,5821
32,173,5821,196
650,32,196,746
5821,650,746,128
196,5821,128,848
746,196,848,2
128,746,2,11
848,128,11,7152
2,848,7152,2
11,2,2,296
7152,11,296,29
2,7152,29,13
296,2,13,1658
29,296,1658,3
13,29,3,6
1658,13,6,759
3,1658,759,5002
6,3,5002,1186
759,6,1186,533
5002,759,533,6
1186,5002,6,81005
533,1186,81005,69
6,533,69,20
81005,6,20,153
69,81005,153,2338
20,69,2338,3
153,20,3,18206
2338,153,18206,10
3,2338,10,3029
18206,3,3029,4752
10,18206,4752,19
3029,10,19,11880
4752,3029,11880,1490
19,4752,1490,6
11880,19,6,531
1490,11880,531,341
6,1490,341,360
531,6,360,35
341,531,35,211
360,341,211,24
35,360,24,159
211,35,159,452
24,211,452,636
159,24,636,2037
452,159,2037,8720
636,452,8720,1027
2037,636,1027,2177
8720,2037,2177,2856
1027,8720,2856,927
2177,1027,927,6
2856,2177,6,71
927,2856,71,252
6,927,252,2
71,6,2,4647
252,71,4647,60073
2,252,60073,14
4647,2,14,99
60073,4647,99,2765
14,60073,2765,269
99,14,269,3
2765,99,3,873
269,2765,873,4
3,269,4,3642
873,3,3642,6
4,873,6,135
3642,4,135,289
6,3642,289,286
135,6,286,57
289,135,57,531
286,289,531,678
57,286,678,474
531,57,474,32
678,531,32,5323
474,678,5323,50
32,474,50,68
5323,32,68,6106
50,5323,6106,43477
68,50,43477,37
6106,68,37,2
43477,6106,2,927
37,43477,927,96695
2,37,96695,9
927,2,9,266
96695,927,266,7
9,96695,7,42
266,9,42,148
7,266,148,33
42,7,33,18
148,42,18,3
33,148,3,68
18,33,68,18
3,18,18,694
68,3,694,9
18,68,9,8
694,18,8,428
9,694,428,28
8,9,28,1503
428,8,1503,1600
28,428,1600,12266
1503,28,12266,3954
1600,1503,3954,31
12266,1600,31,522
3954,12266,522,2
31,3954,2,71
522,31,71,99
2,522,99,582
71,2,582,5
99,71,5,808
582,99,808,4
5,582,4,144
808,5,144,32
4,808,32,6
144,4,6,289
32,144,289,33
6,32,33,68
289,6,68,18
33,289,18,3
68,33,3,18
18,68,18,694
3,18,694,9
18,3,9,38047
694,18,38047,452
9,694,452,117
38047,9,117,2037
452,38047,2037,17068
117,452,17068,190
2037,117,190,32
17068,2037,32,267
190,17068,267,134
32,190,134,39
267,32,39,249
134,267,249,60
39,134,60,20
249,39,20,153
60,249,153,8
20,60,8,927
153,20,927,13
8,153,13,522
927,8,522,133
13,927,133,25
522,13,25,149
133,522,149,29
25,133,29,8
149,25,8,395
29,149,395,2
8,29,2,296
395,8,296,9
2,395,9,63
296,2,63,7
9,296,7,72
63,9,72,25
7,63,25,113
72,7,113,40
25,72,40,17
113,25,17,2
40,113,2,1607
17,40,1607,82485
2,17,82485,876
1607,2,876,23
82485,1607,23,1308
876,82485,1308,518
23,876,518,5
1308,23,5,162
518,1308,162,6
5,518,6,3227
162,5,3227,28
6,162,28,11
3227,6,11,697
28,3227,697,3
11,28,3,276
697,11,276,927
3,697,927,905
276,3,905,4
927,276,4,60
905,927,60,3
4,905,3,96
60,4,96,61
3,60,61,22
96,3,22,12178
61,96,12178,18
22,61,18,1832
12178,22,1832,12891
18,12178,12891,4
1832,18,4,6993
12891,1832,6993,9
4,12891,9,823
6993,4,823,63
9,6993,63,11
823,9,11,28
63,823,28,171
11,63,171,2
28,11,2,310
171,28,310,724
2,171,724,6
310,2,6,9495
724,310,9495,20
6,724,20,7
9495,6,7,2
20,9495,2,831
7,20,831,335
2,7,335,9
831,2,9,89
335,831,89,3
9,335,3,79450
89,9,79450,11
3,89,11,957
79450,3,957,232
11,79450,232,5
957,11,5,2645
232,957,2645,927
5,232,927,151
2645,5,151,50
927,2645,50,8984
151,927,8984,395
50,151,395,187
8984,50,187,9
395,8984,9,2
187,395,2,927
9,187,927,1401
2,9,1401,3
927,2,3,135
1401,927,135,97
3,1401,97,232
135,3,232,4
97,135,4,1515
232,97,1515,103145
4,232,103145,3731
1515,4,3731,8
103145,1515,8,10
3731,103145,10,196
8,3731,196,341
10,8,341,3
196,10,3,15650
341,196,15650,2
3,341,2,1158
15650,3,1158,6
2,15650,6,135
1158,2,135,237
6,1158,237,4
135,6,4,8
237,135,8,2964
4,237,2964,97
8,4,97,232
2964,8,232,121
97,2964,121,469
232,97,469,30435
121,232,30435,37
469,121,37,3208
30435,469,3208,2
37,30435,2,94
3208,37,94,3
2,3208,3,43173
94,2,43173,823
3,94,823,63
43173,3,63,7
823,43173,7,400
63,823,400,168
7,63,168,22
400,7,22,428
168,400,428,12
22,168,12,229
428,22,229,36
12,428,36,21
229,12,21,11
36,229,11,340
21,36,340,14
11,21,14,3
340,11,3,296
14,340,296,9
3,14,9,63
296,3,63,30
9,296,30,218
63,9,218,3
30,63,3,96
218,30,96,166
3,218,166,187
96,3,187,9
166,96,9,206
187,166,206,30
9,187,30,113
206,9,113,11
30,206,11,325
113,30,325,94
11,113,94,9
325,11,9,67
94,325,67,97
9,94,97,3
67,9,3,243
97,67,243,61
3,97,61,9
243,3,9,711
61,243,711,28
9,61,28,2501
711,9,2501,19449
28,711,19449,4
2501,28,4,871
19449,2501,871,3
4,19449,3,21936
871,4,21936,531
3,871,531,1431
21936,3,1431,2392
531,21936,2392,2
1431,531,2,69
2392,1431,69,1853
2,2392,1853,6
69,2,6,341
1853,69,341,360
6,1853,360,35
341,6,35,927
360,341,927,77
35,360,77,6299
927,35,6299,52
77,927,52,11
6299,77,11,516
52,6299,516,3
11,52,3,3190
516,11,3190,73435
3,516,73435,3
3190,3,3,17
73435,3190,17,61
3,73435,61,3
17,3,3,70
61,17,70,20506
3,61,20506,927
70,3,927,335
20506,70,335,12
927,20506,12,2406
335,927,2406,237
12,335,237,692
2406,12,692,7192
237,2406,7192,5435
692,237,5435,3
7192,692,3,63
5435,7192,63,617
3,5435,617,71
63,3,71,31
617,63,31,13
71,617,13,1214
31,71,1214,1673
13,31,1673,927
