137,11,841,175
2,137,175,51
841,2,51,2
175,841,2,27
51,175,27,4
2,51,4,2
27,2,2,32
4,27,32,711
2,4,711,40
32,2,40,234
711,32,234,73
40,711,73,2
234,40,2,27
73,234,27,252
2,73,252,23
27,2,23,275
252,27,275,34
23,252,34,364
275,23,364,45
34,275,45,7
364,34,7,976
45,364,976,6
7,45,6,423
976,7,423,8
6,976,8,323
423,6,323,7
8,423,7,25
323,8,25,116
7,323,116,52
25,7,52,26
116,25,26,34
52,116,34,17
26,52,17,458
34,26,458,3
17,34,3,514
458,17,514,89
3,458,89,1139
514,3,1139,6
89,514,6,833
1139,89,833,29
6,1139,29,7
833,6,7,116
29,833,116,2
7,29,2,32
116,7,32,252
2,116,252,34
32,2,34,364
252,32,364,45
34,252,45,31
364,34,31,18
45,364,18,47
31,45,47,49
18,31,49,13616
47,18,13616,6
49,47,6,1278
13616,49,1278,4
6,13616,4,53
1278,6,53,635
4,1278,635,80
53,4,80,17
635,53,17,2
80,635,2,152
17,80,152,3
2,17,3,514
152,2,514,49
3,152,49,3111
514,3,3111,109
49,514,109,782
3111,49,782,5209
109,3111,5209,7
782,109,7,14
5209,782,14,3
7,5209,3,468
14,7,468,14526
3,14,14526,62
468,3,62,26
14526,468,26,121
62,14526,121,106
26,62,106,11
121,26,11,331
106,121,331,81
11,106,81,3
331,11,3,113
81,331,113,37
3,81,37,62
113,3,62,344
37,113,344,10
62,37,10,7
344,62,7,3
10,344,3,319
7,10,319,32
3,7,32,56
319,3,56,5
32,319,5,266
56,32,266,7
5,56,7,21
266,5,21,254
7,266,254,33
21,7,33,121
254,21,121,144
33,254,144,89
121,33,89,29
144,121,29,33
89,144,33,121
29,89,121,689
33,29,689,3296
121,33,3296,5
689,121,5,2180
3296,689,2180,5
5,3296,5,2594
2180,5,2594,49
5,2180,49,52
2594,5,52,36
49,2594,36,59
52,49,59,78
36,52,78,32
59,36,32,123
78,59,123,3476
32,78,3476,5
123,32,5,266
3476,123,266,11
5,3476,11,147
266,5,147,3
11,266,3,18
147,11,18,2
3,147,2,334
18,3,334,144
2,18,144,2
334,2,2,451
144,334,451,3034
2,144,3034,11
451,2,11,147
3034,451,147,3
11,3034,3,17
147,11,17,1072
3,147,1072,882
17,3,882,152
1072,17,152,635
882,1072,635,25
152,882,25,10
635,152,10,26
25,635,26,219
10,25,219,6
26,10,6,12
219,26,12,10
6,219,10,2
12,6,2,1357
10,12,1357,676
2,10,676,106
1357,2,106,9
676,1357,9,2
106,676,2,667
9,106,667,97
2,9,97,36
667,2,36,2
97,667,2,12873
36,97,12873,5
2,36,5,130
12873,2,130,1954
5,12873,1954,6797
130,5,6797,563
1954,130,563,1764
6797,1954,1764,230
563,6797,230,488
1764,563,488,201
230,1764,201,9
488,230,9,2
201,488,2,532
9,201,532,10
2,9,10,230
532,2,230,80
10,532,80,276
230,10,276,180
80,230,180,2
276,80,2,448
180,276,448,5
2,180,5,1493
448,2,1493,8531
5,448,8531,8
1493,5,8,128
8531,1493,128,375
8,8531,375,49
128,8,49,99
375,128,99,526
49,375,526,316
99,49,316,3312
526,99,3312,271
316,526,271,7
3312,316,7,514
271,3312,514,2313
7,271,2313,46
514,7,46,36
2313,514,36,49
46,2313,49,99
36,46,99,587
49,36,587,212
99,49,212,287
587,99,287,29
212,587,29,7236
287,212,7236,8
29,287,8,34
7236,29,34,663
8,7236,663,34
34,8,34,239
663,34,239,18683
34,663,18683,8
239,34,8,3013
18683,239,3013,8176
8,18683,8176,7
3013,8,7,768
8176,3013,768,136
7,8176,136,5
768,7,5,51
136,768,51,138
5,136,138,27
51,5,27,13
138,51,13,28
27,138,28,29
13,27,29,7
28,13,7,768
29,28,768,622
7,29,622,78
768,7,78,32
622,768,32,13
78,622,13,42
32,78,42,4
13,32,4,14
42,13,14,3
4,42,3,25
14,4,25,4
3,14,4,51
25,3,51,480
4,25,480,44
51,4,44,64
480,51,64,323
44,480,323,62
64,44,62,17372
323,64,17372,7
62,323,7,186
17372,62,186,344
7,17372,344,65
186,7,65,51
344,186,51,480
65,344,480,115
51,65,115,613
480,51,613,59
115,480,59,10
613,115,10,25
59,613,25,17372
10,59,17372,2
25,10,2,520
17372,25,520,1493
2,17372,1493,592
520,2,592,635
1493,520,635,10411
592,1493,10411,59
635,592,59,123
10411,635,123,16
59,10411,16,25
123,59,25,422
16,123,422,2
25,16,2,156
422,25,156,7
2,422,7,353
156,2,353,5303
7,156,5303,3
353,7,3,106
5303,353,106,102
3,5303,102,78
106,3,78,19
102,106,19,360
78,102,360,9
19,78,9,86
360,19,86,94
9,360,94,15
86,9,15,98
94,86,98,600
15,94,600,5592
98,15,5592,5
600,98,5,2870
5592,600,2870,49
5,5592,49,46
2870,5,46,138
49,2870,138,27
2233,709,649,5749
5440,2233,5749,74
649,5440,74,250
5749,649,250,3681
74,5749,3681,355
250,74,355,109
3681,250,109,2
355,3681,2,1276
109,355,1276,4697
2,109,4697,7
1276,2,7,388
4697,1276,388,6
7,4697,6,4655
388,7,4655,746
6,388,746,76332
4655,6,76332,40032
746,4655,40032,709
76332,746,709,1213
40032,76332,1213,860
709,40032,860,109
1213,709,109,95510
860,1213,95510,75254
109,860,75254,1089
95510,109,1089,709
75254,95510,709,1213
1089,75254,1213,13
709,1089,13,1991
1213,709,1991,3
13,1213,3,4528
1991,13,4528,1637
3,1991,1637,5440
4528,3,5440,649
1637,4528,649,5749
5440,1637,5749,19
649,5440,19,1586
5749,649,1586,4445
19,5749,4445,74
1586,19,74,3681
4445,1586,3681,15
74,4445,15,250
3681,74,250,5440
15,3681,5440,333
250,15,333,709
5440,250,709,1213
333,5440,1213,1991
709,333,1991,3
1213,709,3,459
1991,1213,459,649
3,1991,649,4445
459,3,4445,31355
649,459,31355,3
4445,649,3,611
31355,4445,611,786
3,31355,786,83
611,3,83,52
786,611,52,250
83,786,250,900
52,83,900,3
250,52,3,1194
900,250,1194,10
3,900,10,1931
1194,3,1931,184
10,1194,184,3
1931,10,3,378
184,1931,378,5440
3,184,5440,333
378,3,333,4819
5440,378,4819,1959
333,5440,1959,23
4819,333,23,128
1959,4819,128,153
23,1959,153,755
128,23,755,518
153,128,518,1448
755,153,1448,3
518,755,3,179
1448,518,179,56
3,1448,56,829
179,3,829,126
56,179,126,158
829,56,158,1986
126,829,1986,2191
158,126,2191,5440
1986,158,5440,333
2191,1986,333,709
5440,2191,709,18
333,5440,18,1991
709,333,1991,3
18,709,3,459
1991,18,459,38
3,1991,38,1870
459,3,1870,3
38,459,3,169
1870,38,169,4048
3,1870,4048,1161
169,3,1161,44
4048,169,44,4
1161,4048,4,80
44,1161,80,169
4,44,169,9637
80,4,9637,1825
169,80,1825,649
9637,169,649,786
1825,9637,786,83
649,1825,83,4
786,649,4,3
83,786,3,3787
4,83,3787,24
3,4,24,518
3787,3,518,5440
24,3787,5440,333
518,24,333,709
5440,518,709,447
333,5440,447,1219
709,333,1219,4037
447,709,4037,19
1219,447,19,250
4037,1219,250,54
19,4037,54,28
250,19,28,10
54,250,10,14
28,54,14,4810
10,28,4810,3
14,10,3,5749
4810,14,5749,10
3,4810,10,4445
5749,3,4445,5440
10,5749,5440,333
4445,10,333,709
5440,4445,709,447
333,5440,447,3
709,333,3,459
447,709,459,4445
3,447,4445,324
459,3,324,2
4445,459,2,2
324,4445,2,1066
2,324,1066,80
2,2,80,3
1066,2,3,5089
80,1066,5089,2358
3,80,2358,5440
5089,3,5440,767
2358,5089,767,39777
5440,2358,39777,5440
767,5440,5440,333
39777,767,333,30
5440,39777,30,1047
333,5440,1047,2
30,333,2,52
1047,30,52,26
2,1047,26,709
52,2,709,697
26,52,697,518
709,26,518,3
697,709,3,1845
518,697,1845,709
3,518,709,1213
1845,3,1213,13
709,1845,13,443
1213,709,443,4445
13,1213,4445,170
443,13,170,3
4445,443,3,433
170,4445,433,422
3,170,422,5
433,3,5,231
422,433,231,109
5,422,109,169
231,5,169,4048
109,231,4048,1161
169,109,1161,44
4048,169,44,6
1161,4048,6,1029
44,1161,1029,5440
6,44,5440,596
1029,6,596,23
5440,1029,23,2
596,5440,2,518
23,596,518,6
2,23,6,9365
518,2,9365,12
6,518,12,3882
9365,6,3882,4798
12,9365,4798,649
3882,12,649,4445
4798,3882,4445,642
649,4798,642,6
4445,649,6,99
642,4445,99,156
6,642,156,224
99,6,224,170
156,99,170,250
224,156,250,13
170,224,13,425
250,170,425,10
13,250,10,4445
425,13,4445,23
10,425,23,169
4445,10,169,9637
23,4445,9637,6
169,23,6,13685
9637,169,13685,4
6,9637,4,28
13685,6,28,26
4,13685,26,34
28,4,34,86
26,28,86,3018
34,26,3018,4445
86,34,4445,23
3018,86,23,129
4445,3018,129,5
23,4445,5,5440
129,23,5440,896
5,129,896,3254
5440,5,3254,36
896,5440,36,169
3254,896,169,9637
36,3254,9637,4263
169,36,4263,38149
9637,169,38149,4251
4263,9637,4251,437
38149,4263,437,5
4251,38149,5,22525
437,4251,22525,400
5,437,400,6
22525,5,6,649
400,22525,649,940
6,400,940,7
649,6,7,73
940,649,73,2467
7,940,2467,23
73,7,23,124
2467,73,124,725
23,2467,725,4
124,23,4,30
725,124,30,18
4,725,18,3
30,4,3,3329
18,30,3329,67
3,18,67,11862
3329,3,11862,19
67,3329,19,1586
11862,67,1586,67
19,11862,67,1870
1586,19,1870,2543
67,1586,2543,2
1870,67,2,136
2543,1870,136,2
2,2543,2,30
136,2,30,55
2,136,55,38149
30,2,38149,235
55,30,235,5440
38149,55,5440,518
235,38149,518,7
5440,235,7,746
518,5440,746,4
7,518,4,30
746,7,30,34
4,746,34,208
30,4,208,4083
34,30,4083,3
208,34,3,9310
4083,208,9310,67
3,4083,67,10372
9310,3,10372,6
67,9310,6,528
10372,67,528,5440
6,10372,5440,6803
528,6,6803,4547
5440,528,4547,27358
6803,5440,27358,7
4547,6803,7,353
27358,4547,353,3301
7,27358,3301,2
353,7,2,764
3301,353,764,588
2,3301,588,34
764,2,34,17
588,764,17,1123
34,588,1123,5440
17,34,5440,374
1123,17,374,45
5440,1123,45,55
374,5440,55,234
45,374,234,23
55,45,23,10
234,55,10,24
23,234,24,382
10,23,382,5291
24,10,5291,209
382,24,209,8
5291,382,8,1012
209,5291,1012,16
8,209,16,165
1012,8,165,110
16,1012,110,12
165,16,12,7
110,165,7,2
12,110,2,1280
7,12,1280,42
2,7,42,26
1280,2,26,16
42,1280,16,110
26,42,110,3
16,26,3,179
110,16,179,12
3,110,12,10
179,3,10,349
12,179,349,3
10,12,3,624
349,10,624,100
3,349,100,518
624,3,518,101728
100,624,101728,547
518,100,547,1794
101728,518,1794,175
547,101728,175,709
1794,547,709,1213
175,1794,1213,4
709,175,4,970
1213,709,970,250
4,1213,250,11421
970,4,11421,23
250,970,23,2
11421,250,2,518
23,11421,518,5
2,23,5,5440
518,2,5440,755
5,518,755,128
5440,5,128,153
755,5440,153,15
128,755,15,5089
153,128,5089,2424
15,153,2424,3
5089,15,3,459
2424,5089,459,649
3,2424,649,4445
459,3,4445,31355
649,459,31355,3
4445,649,3,611
31355,4445,611,786
3,31355,786,83
611,3,83,52
786,611,52,2617
83,786,2617,900
52,83,900,3
2617,52,3,1194
900,2617,1194,10
3,900,10,1931
1194,3,1931,5440
10,1194,5440,333
1931,10,333,44
5440,1931,44,3579
333,5440,3579,175
44,333,175,103
3579,44,103,5440
175,3579,5440,10565
103,175,10565,54
5440,103,54,16
10565,5440,16,794
54,10565,794,5038
16,54,5038,124
794,16,124,6
5038,794,6,278
124,5038,278,4
6,124,4,1739
278,6,1739,18
4,278,18,247
1739,4,247,3669
18,1739,3669,6
247,18,6,264
3669,247,264,66
6,3669,66,1629
264,6,1629,11468
66,264,11468,301
1629,66,301,6
11468,1629,6,264
301,11468,264,205
6,301,205,75
264,6,75,709
205,264,709,1213
75,205,1213,596
709,75,596,3
1213,709,3,144
596,1213,144,2
3,596,2,450
144,3,450,649
2,144,649,1931
450,2,1931,4792
649,450,4792,3570
1931,649,3570,1271
4792,1931,1271,1586
3570,4792,1586,1684
1271,3570,1684,8
1586,1271,8,5440
1684,1586,5440,40
8,1684,40,123
5440,8,123,664
40,5440,664,3
123,40,3,1486
664,123,1486,649
3,664,649,786
1486,3,786,29
649,1486,29,2
786,649,2,518
29,786,518,5
2,29,5,5440
518,2,5440,755
5,518,755,128
5440,5,128,153
755,5440,153,1448
128,755,1448,3
153,128,3,179
1448,153,179,56
3,1448,56,829
179,3,829,5
56,179,5,642
829,56,642,9
5,829,9,235
642,5,235,5440
9,642,5440,22442
235,9,22442,2191
5440,235,2191,12
22442,5440,12,1986
2191,22442,1986,796
12,2191,796,709
1986,12,709,4
796,1986,4,1052
709,796,1052,17999
4,709,17999,285
1052,4,285,184
17999,1052,184,3
285,17999,3,378
184,285,378,5440
3,184,5440,333
378,3,333,31
5440,378,31,50
333,5440,50,735
31,333,735,23
50,31,23,518
735,50,518,4
23,735,4,957
518,23,957,3
4,518,3,2309
957,4,2309,12
3,957,12,999
2309,3,999,5
12,2309,5,3269
999,12,3269,709
5,999,709,18
3269,5,18,1991
709,3269,1991,3
18,709,3,459
1991,18,459,38
3,1991,38,1870
459,3,1870,3
38,459,3,169
1870,38,169,4048
3,1870,4048,1161
169,3,1161,44
4048,169,44,4
1161,4048,4,80
44,1161,80,169
4,44,169,9637
80,4,9637,1825
169,80,1825,649
9637,169,649,786
1825,9637,786,83
649,1825,83,4
786,649,4,3
83,786,3,3787
4,83,3787,24
3,4,24,518
3787,3,518,42
24,3787,42,5440
518,24,5440,333
42,518,333,31
5440,42,31,2399
333,5440,2399,518
31,333,518,134
2399,31,134,2309
518,2399,2309,5440
134,518,5440,2438
2309,134,2438,877
5440,2309,877,3
2438,5440,3,300
877,2438,300,12
3,877,12,1012
300,3,1012,171
12,300,171,6081
1012,12,6081,518
171,1012,518,128
6081,171,128,153
518,6081,153,709
128,518,709,4
153,128,4,1052
709,153,1052,5440
4,709,5440,374
1052,4,374,68
5440,1052,68,877
374,5440,877,158
68,374,158,300
39,109,109,133
5665,39,133,478
109,5665,478,389
133,109,389,2138
478,133,2138,4
389,478,4,956
2138,389,956,1440
4,2138,1440,6
956,4,6,20185
1440,956,20185,418
6,1440,418,3
20185,6,3,5250
418,20185,5250,4
3,418,4,1153
5250,3,1153,875
4,5250,875,585
1153,4,585,1564
875,1153,1564,5
585,875,5,61
1564,585,61,3
5,1564,3,103
61,5,103,4589
3,61,4589,2559
103,3,2559,77
4589,103,77,17
2559,4589,17,451
77,2559,451,9
17,77,9,61
451,17,61,3
9,451,3,103
61,9,103,509
3,61,509,10
103,3,10,28
509,103,28,9614
10,509,9614,109
28,10,109,8
9614,28,8,6212
109,9614,6212,851
8,109,851,25
6212,8,25,45
851,6212,45,121
25,851,121,123
45,25,123,20
121,45,20,1638
123,121,1638,11
20,123,11,134
1638,20,134,1202
11,1638,1202,39
134,11,39,5665
1202,134,5665,39
39,1202,39,5665
5665,39,5665,36443
39,5665,36443,5281
5665,39,5281,61
36443,5665,61,10
5281,36443,10,1181
61,5281,1181,5322
10,61,5322,5
1181,10,5,5784
5322,1181,5784,3
5,5322,3,24
5784,5,24,544
3,5784,544,5723
24,3,5723,109
544,24,109,5665
5723,544,5665,413
109,5723,413,1374
5665,109,1374,2
413,5665,2,5784
1374,413,5784,53
2,1374,53,6
5784,2,6,1360
53,5784,1360,489
6,53,489,45
1360,6,45,4
489,1360,4,434
45,489,434,2528
4,45,2528,1072
434,4,1072,109
2528,434,109,668
1072,2528,668,111
109,1072,111,4519
668,109,4519,73
111,668,73,2
4519,111,2,15883
73,4519,15883,4
2,73,4,76
15883,2,76,148
4,15883,148,7620
76,4,7620,191
148,76,191,30
7620,148,30,56
191,7620,56,109
30,191,109,1079
56,30,1079,1228
109,56,1228,2
1079,109,2,583
1228,1079,583,379
2,1228,379,6
583,2,6,34260
379,583,34260,2
6,379,2,7010
34260,6,7010,879
2,34260,879,746
7010,2,746,5784
879,7010,5784,8592
746,879,8592,28
5784,746,28,158
8592,5784,158,13
28,8592,13,1126
158,28,1126,1224
13,158,1224,3
1126,13,3,1224
1224,1126,1224,18166
3,1224,18166,1440
1224,3,1440,1346
18166,1224,1346,41
884,318,6373,39
4204,884,39,3197
6373,4204,3197,3095
39,6373,3095,19
3197,39,19,29264
3095,3197,29264,29259
19,3095,29259,1726
29264,19,1726,657
29259,29264,657,1906
1726,29259,1906,16
657,1726,16,23
1906,657,23,9133
16,1906,9133,1012
23,16,1012,1793
9133,23,1793,621
1012,9133,621,6
1793,1012,6,13248
621,1793,13248,263
6,621,263,3747
13248,6,3747,20
263,13248,20,66
3747,263,66,2773
20,3747,2773,19
66,20,19,1051
2773,66,1051,5
19,2773,5,263
1051,19,263,1210
5,1051,1210,6561
263,5,6561,34564
1210,263,34564,23
6561,1210,23,2822
34564,6561,2822,393
23,34564,393,88
2822,23,88,719
393,2822,719,797
88,393,797,2
719,88,2,149
797,719,149,2
2,797,2,2950
149,2,2950,161
2,149,161,263
2950,2,263,4
161,2950,4,414
263,161,414,16
4,263,16,2194
414,4,2194,3
16,414,3,2189
2194,16,2189,229
3,2194,229,26
2189,3,26,25
229,2189,25,7
26,229,7,190
25,26,190,323
7,25,323,20
190,7,20,7
323,190,7,5
20,323,5,376
7,20,376,21
5,7,21,99
376,5,99,60
21,376,60,371
99,21,371,657
60,99,657,740
371,60,740,3
657,371,3,1665
740,657,1665,5270
3,740,5270,6
1665,3,6,209
5270,1665,209,657
6,5270,657,13
209,6,13,47
657,209,47,254
13,657,254,707
47,13,707,148
254,47,148,9
707,254,9,90
148,707,90,66
9,148,66,833
90,9,833,56
66,90,56,104
833,66,104,2211
56,833,2211,9133
104,56,9133,3411
2211,104,3411,3
9133,2211,3,259
3411,9133,259,7326
3,3411,7326,4
259,3,4,1113
7326,259,1113,2
4,7326,2,448
1113,4,448,5
2,1113,5,657
448,2,657,6850
5,448,6850,31
657,5,31,392
