19,1355,71,44
63,19,44,404
71,63,404,355
44,71,355,8
404,44,8,35
355,404,35,450
8,355,450,283
35,8,283,214
450,35,214,7
283,450,7,2
214,283,2,853
7,214,853,7230
2,7,7230,5
853,2,5,67
7230,853,67,150
5,7230,150,788
67,5,788,9
150,67,9,8038
788,150,8038,4485
9,788,4485,447
8038,9,447,4
4485,8038,4,1234
447,4485,1234,43
4,447,43,441
1234,4,441,216
43,1234,216,4
441,43,4,43
216,441,43,269
4,216,269,5
43,4,5,35
269,43,35,3
5,269,3,4052
35,5,4052,2915
3,35,2915,4
4052,3,4,4337
2915,4052,4337,15
4,2915,15,5389
4337,4,5389,238
15,4337,238,441
5389,15,441,9079
238,5389,9079,15
441,238,15,815
9079,441,815,175
15,9079,175,143
815,15,143,35
175,815,35,4
143,175,4,2748
35,143,2748,2560
4,35,2560,846
2748,4,846,637
2560,2748,637,4539
846,2560,4539,6
637,846,6,1449
4539,637,1449,2
6,4539,2,408
1449,6,408,5
2,1449,5,1989
408,2,1989,195
5,408,195,623
1989,5,623,2
195,1989,2,138
623,195,138,27
2,623,27,711
138,2,711,20
27,138,20,181
711,27,181,218
20,711,218,90
181,20,90,6
218,181,6,43
90,218,43,16
6,90,16,2195
43,6,2195,1259
16,43,1259,8
2195,16,8,78
1259,2195,78,32
8,1259,32,4
78,8,4,3298
32,78,3298,163
4,32,163,3137
3298,4,3137,3
163,3298,3,49
3137,163,49,16
3,3137,16,2489
49,3,2489,3
16,49,3,695
2489,16,695,2
3,2489,2,1176
695,3,1176,1488
2,695,1488,167
1176,2,167,3
1488,1176,3,5380
167,1488,5380,38
3,167,38,514
5380,3,514,12
38,5380,12,191
514,38,191,46
12,514,46,211
191,12,211,42
46,191,42,5
211,46,5,88
42,211,88,3976
5,42,3976,4
88,5,4,921
3976,88,921,70
4,3976,70,105
921,4,105,2108
70,921,2108,320
105,70,320,2779
2108,105,2779,1152
320,2108,1152,31
2779,320,31,7
1152,2779,7,5899
31,1152,5899,2195
7,31,2195,1259
5899,7,1259,10
2195,5899,10,77
1259,2195,77,131
10,1259,131,149
77,10,149,68766
131,77,68766,3
149,131,3,206
68766,149,206,78
3,68766,78,32
206,3,32,623
78,206,623,2
32,78,2,138
623,32,138,27
2,623,27,711
138,2,711,4208
27,138,4208,625
711,27,625,1459
4208,711,1459,6
625,4208,6,20
1459,625,20,181
6,1459,181,920
20,6,920,7
181,20,7,91
920,181,91,3
7,920,3,989
91,7,989,3169
3,91,3169,3
989,3,3,70
3169,989,70,166
3,3169,166,5
70,3,5,49
166,70,49,90
5,166,90,512
49,5,512,46
90,49,46,211
512,90,211,49
46,512,49,4232
211,46,4232,5
49,211,5,977
4232,49,977,1819
5,4232,1819,4
977,5,4,1453
1819,977,1453,100327
4,1819,100327,78
1453,4,78,32
100327,1453,32,4206
78,100327,4206,743
32,78,743,80
4206,32,80,901
743,4206,901,20
80,743,20,181
901,80,181,218
20,901,218,14
181,20,14,221
218,181,221,437
14,218,437,892
221,14,892,530
437,221,530,1864
892,437,1864,1879
530,892,1879,6108
1864,530,6108,49
1879,1864,49,8
6108,1879,8,11
49,6108,11,14
8,49,14,1080
11,8,1080,3
14,11,3,8257
1080,14,8257,49
3,1080,49,9
8257,3,9,49
49,8257,49,125
9,49,125,512
49,9,512,46
125,49,46,29
512,125,29,8
46,512,8,43
29,46,43,92
8,29,92,1037
43,8,1037,35
92,43,35,333
1037,92,333,16
35,1037,16,84
333,35,84,6829
16,333,6829,14
84,16,14,2
6829,84,2,90191
14,6829,90191,3
2,14,3,319
90191,2,319,63
3,90191,63,71
319,3,71,24
63,319,24,13922
71,63,13922,49
24,71,49,126
13922,24,126,138
49,13922,138,27
126,49,27,77
138,126,77,1718
27,138,1718,91576
77,27,91576,78
1718,77,78,32
91576,1718,32,454
78,91576,454,4433
32,78,4433,478
454,32,478,2571
4433,454,2571,6958
478,4433,6958,6
2571,478,6,157
6958,2571,157,9
6,6958,9,568
157,6,568,3
9,157,3,154
568,9,154,20
3,568,20,181
154,3,181,44
20,154,44,104
181,20,104,9302
44,181,9302,512
104,44,512,102
9302,104,102,553
512,9302,553,5
102,512,5,43
553,102,43,218
5,553,218,3
43,5,3,27240
218,43,27240,668
3,218,668,108
27240,3,108,46
668,27240,46,211
108,668,211,370
46,108,370,4764
211,46,4764,1334
370,211,1334,39
4764,370,39,703
1334,4764,703,390
39,1334,390,84
703,39,84,118
390,703,118,1956
84,390,1956,3
118,84,3,18
1956,118,18,10193
3,1956,10193,15
18,3,15,32
10193,18,32,3
15,10193,3,1546
32,15,1546,138
3,32,138,12834
1546,3,12834,3
138,1546,3,42
12834,138,42,5
3,12834,5,1832
42,3,1832,512
5,42,512,102
1832,5,102,70
512,1832,70,45
102,512,45,104
70,102,104,78
45,70,78,32
104,45,32,9302
78,104,9302,797
32,78,797,16
9302,32,16,1390
797,9302,1390,9
16,797,9,20
1390,16,20,181
9,1390,181,44
20,9,44,7
181,20,7,38
44,181,38,2245
7,44,2245,3
38,7,3,468
2245,38,468,81
3,2245,81,8
468,3,8,49
81,468,49,172
8,81,172,619
49,8,619,1772
172,49,1772,1396
619,172,1396,7
1772,619,7,6
1396,1772,6,209
7,1396,209,4
6,7,4,37561
209,6,37561,3757
4,209,3757,2913
37561,4,2913,4
3757,37561,4,720
2913,3757,720,9
4,2913,9,19
720,4,19,709
9,720,709,1213
19,9,1213,8
709,19,8,3747
1213,709,3747,13
8,1213,13,1289
3747,8,1289,43
13,3747,43,92
1289,13,92,37
43,1289,37,9
92,43,9,19579
37,92,19579,3
9,37,3,10894
19579,9,10894,901
3,19579,901,512
10894,3,512,118
901,10894,118,1285
512,901,1285,102
118,512,102,70
1285,118,70,45
102,1285,45,20
70,102,20,181
45,70,181,1533
20,45,1533,7
181,20,7,63
1533,181,63,71
7,1533,71,491
63,7,491,84
71,63,84,2195
491,71,2195,791
84,491,791,9
2195,84,9,48
791,2195,48,713
9,791,713,602
48,9,602,6
713,48,6,143
602,713,143,35
6,602,35,3
143,6,3,106
35,143,106,9
3,35,9,78
106,3,78,32
9,106,32,4
78,9,4,7087
32,78,7087,8
4,32,8,1536
7087,4,1536,92
8,7087,92,11
1536,8,11,84
92,1536,84,302
11,92,302,34
84,11,34,25
302,84,25,412
34,302,412,37
25,34,37,13170
412,25,13170,286
37,412,286,21
13170,37,21,1936
286,13170,1936,6
21,286,6,20
1936,21,20,4208
6,1936,4208,181
20,6,181,53
4208,20,53,16
181,4208,16,64
53,181,64,1189
16,53,1189,482
64,16,482,5
1189,64,5,62
482,1189,62,1536
5,482,1536,9285
62,5,9285,991
1536,62,991,13
9285,1536,13,146
991,9285,146,157
13,991,157,140
146,13,140,187
157,146,187,5
140,157,5,2
187,140,2,534
5,187,534,731
2,5,731,795
534,2,795,1010
731,534,1010,320
795,731,320,79882
1010,795,79882,95477
320,1010,95477,31
79882,320,31,7
95477,79882,7,1451
31,95477,1451,66
7,31,66,6
1451,7,6,1086
66,1451,1086,9
6,66,9,512
1086,6,512,5
9,1086,5,2339
512,9,2339,2
5,512,2,795
2339,5,795,3785
2,2339,3785,3
795,2,3,2
3785,795,2,232
3,3785,232,5
2,3,5,49
232,2,49,5972
5,232,5972,686
49,5,686,1793
5972,49,1793,4
686,5972,4,1779
1793,686,1779,5
4,1793,5,3495
1779,4,3495,1051
5,1779,1051,9917
3495,5,9917,19931
1051,3495,19931,9
9917,1051,9,9889
19931,9917,9889,3
9,19931,3,468
9889,9,468,3
3,9889,3,699
468,3,699,37
3,468,37,32
699,3,32,125
37,699,125,46
32,37,46,161
125,32,161,4404
46,125,4404,122
161,46,122,78
4404,161,78,32
122,4404,32,4
78,122,4,48
32,78,48,5
4,32,5,618
48,4,618,693
5,48,693,15
618,5,15,49
693,618,49,16
15,693,16,165
49,15,165,458
16,49,458,3
165,16,3,1400
458,165,1400,361
3,458,361,46
1400,3,46,29
361,1400,29,52
46,361,52,138
29,46,138,27
52,29,27,7
138,52,7,918
27,138,918,3
7,27,3,1920
918,7,1920,11
3,918,11,132
1920,3,132,17
11,1920,17,458
132,11,458,3
17,132,3,888
458,17,888,525
3,458,525,15
888,3,15,143
525,888,143,35
15,525,35,74573
39,557,6,1360
262,39,1360,2606
6,262,2606,5700
1360,6,5700,3
2606,1360,3,7792
5700,2606,7792,43
3,5700,43,515
7792,3,515,453
43,7792,453,262
515,43,262,128
453,515,128,205
262,453,205,184
128,262,184,3
205,128,3,1147
184,205,1147,216
3,184,216,4309
1147,3,4309,1186
216,1147,1186,4
4309,216,4,2606
1186,4309,2606,497
4,1186,497,1658
2606,4,1658,3
497,2606,3,129
1658,497,129,759
3,1658,759,571
129,3,571,561
759,129,561,1297
571,759,1297,2226
561,571,2226,4
1297,561,4,663
2226,1297,663,2
4,2226,2,4363
663,4,4363,3190
2,663,3190,1011
4363,2,1011,205
3190,4363,205,46
1011,3190,46,2
205,1011,2,527
46,205,527,8
2,46,8,226
527,2,226,515
8,527,515,7
226,8,7,945
515,226,945,3637
7,515,3637,61
945,7,61,97825
3637,945,97825,13
61,3637,13,2342
97825,61,2342,515
13,97825,515,40
2342,13,40,2
515,2342,2,262
40,515,262,6
2,40,6,1360
262,2,1360,4
6,262,4,8
1360,6,8,2606
4,1360,2606,497
8,4,497,40
2606,8,40,12694
497,2606,12694,142
40,497,142,83
12694,40,83,3
142,12694,3,129
83,142,129,120
3,83,120,10
129,3,10,196
120,129,196,9
10,120,9,1258
196,10,1258,849
9,196,849,443
1258,9,443,6
849,1258,6,497
443,849,497,128
6,443,128,205
497,6,205,14
128,497,14,2920
205,128,2920,3
14,205,3,571
2920,14,571,983
3,2920,983,6
571,3,6,1147
983,571,1147,12067
6,983,12067,932
1147,6,932,19129
12067,1147,19129,9
932,12067,9,22542
19129,932,22542,6451
9,19129,6451,14
22542,9,14,509
6451,22542,509,2
14,6451,2,678
509,14,678,8
2,509,8,13
678,2,13,621
8,678,621,2943
13,8,2943,9
621,13,9,566
2943,621,566,205
9,2943,205,932
566,9,932,7745
205,566,7745,965
932,205,965,1881
7745,932,1881,3315
965,7745,3315,3
1881,965,3,3755
3315,1881,3755,256
3,3315,256,43974
3755,3,43974,425
256,3755,425,20
43974,256,20,736
425,43974,736,805
20,425,805,5
736,20,5,20
805,736,20,736
5,805,736,307
20,5,307,19
736,20,19,216
307,736,216,1787
19,307,1787,5
216,19,5,1147
1787,216,1147,2616
5,1787,2616,181
1147,5,181,9
2616,1147,9,1001
181,2616,1001,14
9,181,14,12305
1001,9,12305,12
14,1001,12,462
12305,14,462,207
12,12305,207,1415
462,12,1415,10
207,462,10,1254
1415,207,1254,2
10,1415,2,4309
1254,10,4309,932
2,1254,932,9
4309,2,9,262
932,4309,262,983
9,932,983,5
262,9,5,74
983,262,74,1011
5,983,1011,258
74,5,258,205
1011,74,205,4
258,1011,4,10
205,258,10,822
4,205,822,571
10,4,571,965
822,10,965,1113
571,822,1113,75
965,571,75,66
1113,965,66,5
75,1113,5,6025
66,75,6025,36650
5,66,36650,1360
6025,5,1360,1147
36650,6025,1147,216
1360,36650,216,44
1147,1360,44,41
216,1147,41,262
44,216,262,50
41,44,50,453
262,41,453,6
50,262,6,686
453,50,686,427
6,453,427,4
686,6,4,2999
427,686,2999,236
4,427,236,1604
2999,4,1604,4
236,2999,4,402
1604,236,402,427
4,1604,427,1953
402,4,1953,283
427,402,283,299
1953,427,299,4
283,1953,4,6
299,283,6,3911
4,299,3911,4
6,4,4,104950
3911,6,104950,759
4,3911,759,181
104950,4,181,154
759,104950,154,2
181,759,2,227
154,181,227,1157
2,154,1157,13
227,2,13,4746
1157,227,4746,8
13,1157,8,10
4746,13,10,7
8,4746,7,253
10,8,253,3
7,10,3,459
253,7,459,385
3,253,385,497
459,3,497,1679
385,459,1679,2
497,385,2,850
1679,497,850,2
2,1679,2,860
850,2,860,292
2,850,292,12
860,2,12,1750
292,860,1750,41
12,292,41,4363
1750,12,4363,43
41,1750,43,515
4363,41,515,4
43,4363,4,594
515,43,594,37
4,515,37,2499
594,4,2499,91757
37,594,91757,181
2499,37,181,62
91757,2499,62,39
181,91757,39,262
62,181,262,128
39,62,128,205
262,39,205,6
128,262,6,1604
205,128,1604,4
6,205,4,402
1604,6,402,427
4,1604,427,4
402,4,4,39
427,402,39,262
4,427,262,6
39,4,6,1953
262,39,1953,3911
6,262,3911,4
1953,6,4,26664
3911,1953,26664,453
4,3911,453,262
26664,4,262,4
453,26664,4,4675
262,453,4675,1808
4,262,1808,3170
4675,4,3170,74
1808,4675,74,268
3170,1808,268,66
74,3170,66,1953
268,74,1953,4
66,268,4,4675
1953,66,4675,18
4,1953,18,5484
4675,4,5484,3170
18,4675,3170,37
5484,18,37,75560
3170,5484,75560,181
37,3170,181,24
75560,37,24,1985
181,75560,1985,670
24,181,670,704
1985,24,704,4
670,1985,4,422
704,670,422,102
4,704,102,372
422,4,372,7290
102,422,7290,12
372,102,12,466
7290,372,466,2
12,7290,2,2124
466,12,2124,325
2,466,325,4309
2124,2,4309,43
325,2124,43,262
4309,325,262,181
43,4309,181,40
262,43,40,443
181,262,443,600
40,181,600,5
443,40,5,497
600,443,497,3471
5,600,3471,80
497,5,80,2
3471,497,2,846
80,3471,846,813
2,80,813,493
846,2,493,8590
813,846,8590,12
493,813,12,2
8590,493,2,1814
12,8590,1814,3344
2,12,3344,33729
1814,2,33729,69
271,53,732,15
1638,271,15,20
732,1638,20,565
15,732,565,174
20,15,174,78
565,20,78,32
174,565,32,2698
78,174,2698,1070
32,78,1070,1693
2698,32,1693,285
1070,2698,285,20
1693,1070,20,60
285,1693,60,23
20,285,23,46895
109,37,562,1590
3250,109,1590,7
562,3250,7,508
1590,562,508,9
7,1590,9,22
508,7,22,4512
9,508,4512,4827
22,9,4827,873
4512,22,873,7310
4827,4512,7310,5
873,4827,5,155
7310,873,155,4
5,7310,4,2
155,5,2,350
4,155,350,5
2,4,5,97779
350,2,97779,2446
5,350,2446,6
97779,5,6,1242
2446,97779,1242,22
6,2446,22,2890
1242,6,2890,85077
22,1242,85077,8706
2890,22,8706,609
85077,2890,609,562
8706,85077,562,3
609,8706,3,336
562,609,336,22
3,562,22,2986
336,3,2986,9
22,336,9,4827
2986,22,4827,15
9,2986,15,57
4827,9,57,168
15,4827,168,48881
57,15,48881,4
168,57,4,11152
48881,168,11152,343
4,48881,343,4827
11152,4,4827,873
343,11152,873,811
4827,343,811,14249
873,4827,14249,55
811,873,55,17
14249,811,17,280
55,14249,280,1100
17,55,1100,196
280,17,196,3239
1100,280,3239,562
196,1100,562,1590
3239,196,1590,800
562,3239,800,31387
1590,562,31387,18344
800,1590,18344,1232
31387,800,1232,19
18344,31387,19,561
1232,18344,561,24
19,1232,24,51199
561,19,51199,41
205,776,387,1221
404,205,1221,3121
387,404,3121,4
1221,387,4,7
3121,1221,7,1266
4,3121,1266,2
7,4,2,2784
1266,7,2784,5
2,1266,5,354
2784,2,354,12
5,2784,12,62
354,5,62,3
12,354,3,683
62,12,683,157
3,62,157,436
683,3,436,825
157,683,825,3
436,157,3,17
825,436,17,161
3,825,161,15392
17,3,15392,4
161,17,4,25992
15392,161,25992,67
4,15392,67,934
25992,4,934,14
67,25992,14,3
934,67,3,7469
14,934,7469,497
3,14,497,6623
7469,3,6623,1999
497,7469,1999,392
6623,497,392,262
1999,6623,262,1627
392,1999,1627,965
262,392,965,4
1627,262,4,5249
965,1627,5249,804
4,965,804,48
5249,4,48,23
804,5249,23,183
48,804,183,60
23,48,60,170
183,23,170,2017
60,183,2017,104
170,60,104,354
2017,170,354,7
104,2017,7,18
354,104,18,2373
7,354,2373,5076
18,7,5076,24
2373,18,24,70
5076,2373,70,5
24,5076,5,48
70,24,48,288
5,70,288,1753
48,5,1753,4
288,48,4,1262
1753,288,1262,6
4,1753,6,1012
1262,4,1012,15
6,1262,15,195
1012,6,195,409
15,1012,409,222
195,15,222,578
409,195,578,3
222,409,3,729
578,222,729,2
3,578,2,1135
729,3,1135,15392
2,729,15392,25992
1135,2,25992,436
15392,1135,436,683
25992,15392,683,1022
436,25992,1022,9
683,436,9,54275
1022,683,54275,240
9,1022,240,7
54275,9,7,2
240,54275,2,851
7,240,851,3559
2,7,3559,24
851,2,24,547
3559,851,547,391
24,3559,391,436
547,24,436,683
391,547,683,354
436,391,354,8
683,436,8,25
354,683,25,465
8,354,465,154
25,8,154,56
465,25,56,5
154,465,5,197
56,154,197,99
5,56,99,12
197,5,12,626
99,197,626,210
12,99,210,130
626,12,130,240
210,626,240,1257
130,210,1257,217
240,130,217,5
1257,240,5,6312
217,1257,6312,24
5,217,24,80
6312,5,80,3
24,6312,3,258
80,24,258,109
3,80,109,4
258,3,4,240
109,258,240,2201
4,109,2201,48
240,4,48,5489
2201,240,5489,4
48,2201,4,7029
5489,48,7029,1848
4,5489,1848,9
7029,4,9,2
1848,7029,2,4690
9,1848,4690,1977
2,9,1977,7029
4690,2,7029,4
1977,4690,4,2
7029,1977,2,12284
4,7029,12284,308
2,4,308,4132
12284,2,4132,385
308,12284,385,7029
4132,308,7029,548
385,4132,548,2135
7029,385,2135,34
548,7029,34,472
2135,548,472,495
34,2135,495,2
472,34,2,520
495,472,520,436
2,495,436,1223
520,2,1223,8
436,520,8,3056
1223,436,3056,56
8,1223,56,9
3056,8,9,22010
56,3056,22010,70
9,56,70,548
22010,9,548,20
70,22010,20,3874
548,70,3874,20008
20,548,20008,825
3874,20,825,34
20008,3874,34,642
825,20008,642,1111
34,825,1111,9
642,34,9,1424
1111,642,1424,408
9,1111,408,5
1424,9,5,89037
408,1424,89037,130
5,408,130,240
89037,5,240,642
130,89037,642,497
240,130,497,9
642,240,9,48
497,642,48,1587
9,497,1587,82
48,9,82,529
1587,48,529,4
82,1587,4,503
529,82,503,82
4,529,82,3
503,4,3,64
82,503,64,875
3,82,875,65
64,3,65,54
875,64,54,40
65,875,40,945
