225,602,602,225
6,225,225,6390
602,6,6390,9
225,602,9,37
6390,225,37,43
9,6390,43,1591
37,9,1591,54
43,37,54,2248
1591,43,2248,2
54,1591,2,26347
2248,54,26347,443
2,2248,443,24
26347,2,24,59
443,26347,59,602
24,443,602,225
59,24,225,6390
602,59,6390,9
225,602,9,37
6390,225,37,1591
9,6390,1591,1404
37,9,1404,1906
1591,37,1906,217
1404,1591,217,5
1906,1404,5,1591
217,1906,1591,3
5,217,3,9565
1591,5,9565,225
3,1591,225,1658
9565,3,1658,19
225,9565,19,171
1658,225,171,8
19,1658,8,183
171,19,183,60
8,171,60,1088
183,8,1088,24
60,183,24,169
1088,60,169,6
24,1088,6,3
169,24,3,169
6,169,169,6
3,6,6,414
169,3,414,402
6,169,402,60
414,6,60,181
402,414,181,8
60,402,8,19
181,60,19,2361
8,181,2361,34
19,8,34,247
2361,19,247,408
34,2361,408,4
247,34,4,19
408,247,19,34
4,408,34,96
19,4,96,61
34,19,61,129
96,34,129,5
61,96,5,6953
129,61,6953,19
5,129,19,4157
6953,5,4157,34
19,6953,34,17
4157,19,17,408
34,4157,408,223
17,34,223,397
408,17,397,984
223,408,984,12
397,223,12,1769
984,397,1769,5644
12,984,5644,5
1769,12,5,143
5644,1769,143,35
5,5644,35,7
143,5,7,3501
35,143,3501,2
7,35,2,10
3501,7,10,469
2,3501,469,3
10,2,3,17
469,10,17,388
3,469,388,229
17,3,229,104
388,17,104,907
229,388,907,34
104,229,34,9603
907,104,9603,79
34,907,79,70
9603,34,70,938
79,9603,938,6
70,79,6,2
938,70,2,1034
6,938,1034,9
2,6,9,39
1034,2,39,70
9,1034,70,128
39,9,128,153
70,39,153,2128
128,70,2128,17405
153,128,17405,481
2128,153,481,45
17405,2128,45,31
481,17405,31,324
45,481,324,164
31,45,164,2
324,31,2,889
164,324,889,66
2,164,66,404
889,2,404,1722
66,889,1722,7
404,66,7,25
1722,404,25,6
7,1722,6,316
25,7,316,3
6,25,3,1540
316,6,1540,474
3,316,474,2701
1540,3,2701,5
474,1540,5,157
2701,474,157,4
5,2701,4,247
157,5,247,70
4,157,70,76
247,4,76,165
70,247,165,25
76,70,25,29
165,76,29,90
25,165,90,154
29,25,154,24
90,29,24,2
154,90,2,131
24,154,131,382
2,24,382,1769
131,2,1769,1753
382,131,1753,46
1769,382,46,4
1753,1769,4,67
46,1753,67,83
4,46,83,10980
67,4,10980,7491
83,67,7491,4
10980,83,4,5550
7491,10980,5550,940
4,7491,940,179
5550,4,179,3
940,5550,3,319
179,940,319,81
3,179,81,238
319,3,238,4
81,319,4,12279
238,81,12279,5
4,238,5,70
12279,4,70,31
5,12279,31,18
70,5,18,1666
31,70,1666,41
18,31,41,65
1666,18,65,26
41,1666,26,18
65,41,18,76
26,65,76,602
18,26,602,151
76,18,151,1153
602,76,1153,3
151,602,3,611
1153,151,611,3
3,1153,3,157
611,3,157,131
3,611,131,938
157,3,938,650
131,157,650,1318
938,131,1318,186
650,938,186,81
1318,650,81,3
186,1318,3,5547
81,186,5547,3
3,81,3,20
5547,3,20,133
3,5547,133,21
20,3,21,48
133,20,48,626
21,133,626,602
48,21,602,4
626,48,4,21
602,626,21,48
4,602,48,602
21,4,602,151
48,21,151,29
602,48,29,196
151,602,196,90
29,151,90,70
196,29,70,18
90,196,18,247
70,90,247,25
18,70,25,14352
247,18,14352,8
25,247,8,26
14352,25,26,16
8,14352,16,2250
26,8,2250,3
16,26,3,80
2250,16,80,93
3,2250,93,209
80,3,209,37
93,80,37,54
209,93,54,602
37,209,602,18
54,37,18,42
602,54,42,149
18,602,149,4
42,18,4,1577
149,42,1577,157
4,149,157,4
1577,4,4,54
157,1577,54,18
4,157,18,247
54,4,247,2
18,54,2,2914
247,18,2914,8
2,247,8,55
2914,2,55,4717
8,2914,4717,43
55,8,43,48
4717,55,48,83
43,4717,83,42
48,43,42,147
83,48,147,21
42,83,21,234
147,42,234,606
21,147,606,65
234,21,65,731
606,234,731,3
65,606,3,346
731,65,346,416
3,731,416,5
346,3,5,17405
416,346,17405,3934
5,416,3934,23
17405,5,23,244
3934,17405,244,7951
23,3934,7951,422
244,23,422,391
7951,244,391,6
422,7951,6,5216
391,422,5216,1228
6,391,1228,9
5216,6,9,482
1228,5216,482,70
9,1228,70,1488
482,9,1488,3989
70,482,3989,50
1488,70,50,3359
3989,1488,3359,171
50,3989,171,27815
3359,50,27815,326
171,3359,326,22389
27815,171,22389,132
326,27815,132,2
22389,326,2,1501
132,22389,1501,3367
2,132,3367,25
1501,2,25,2
3367,1501,2,3
25,3367,3,21
2,25,21,7784
3,2,7784,1501
21,3,1501,545
7784,21,545,2
1501,7784,2,383
545,1501,383,19
2,545,19,1221
383,2,1221,13735
19,383,13735,669
1221,19,669,1204
13735,1221,1204,23
669,13735,23,16131
1204,669,16131,4
23,1204,4,9033
16131,23,9033,56377
4,16131,56377,562
9033,4,562,1288
56377,9033,1288,9
562,56377,9,150
1288,562,150,214
9,1288,214,4
150,9,4,238
214,150,238,188
4,214,188,70
238,4,70,13
188,238,13,11057
70,188,11057,239
13,70,239,24
11057,13,24,10
239,11057,10,1252
24,239,1252,6
10,24,6,326
1252,10,326,25902
6,1252,25902,26561
326,6,26561,3087
25902,326,3087,9
26561,25902,9,56
3087,26561,56,5
9,3087,5,90
56,9,90,42
5,56,42,4
90,5,4,13
42,90,13,146
4,42,146,98
13,4,98,2226
146,13,2226,9
98,146,9,15629
2226,98,15629,79
9,2226,79,70
15629,9,70,938
79,15629,938,2
70,79,2,11062
938,70,11062,4
2,938,4,1602
11062,2,1602,6349
4,11062,6349,934
1602,4,934,4551
6349,1602,4551,15629
934,6349,15629,7
4551,934,7,2286
15629,4551,2286,8
7,15629,8,609
2286,7,609,157
8,2286,157,3
609,8,3,17
157,609,17,2
3,157,2,226
17,3,226,5
2,17,5,602
226,2,602,261
5,226,261,10
602,5,10,157
261,602,157,536
10,261,536,4083
157,10,4083,3
536,157,3,17
4083,536,17,2
3,4083,2,226
17,3,226,1275
2,17,1275,472
226,2,472,2
1275,226,2,19944
472,1275,19944,5
2,472,5,151
19944,2,151,46
5,19944,46,36
151,5,36,10
46,151,10,247
36,46,247,2
10,36,2,226
247,10,226,8
2,247,8,55
226,2,55,64
8,226,64,752
55,8,752,1905
64,55,1905,602
752,64,602,10
1905,752,10,55
602,1905,55,21
10,602,21,17
55,10,17,161
21,55,161,2
17,21,2,3838
161,17,3838,226
2,161,226,4
3838,2,4,2
226,3838,2,236
4,226,236,8
2,4,8,1905
236,2,1905,602
8,236,602,261
1905,8,261,4551
602,1905,4551,15629
261,602,15629,74
4551,261,74,268
15629,4551,268,281
74,15629,281,568
268,74,568,301
281,268,301,157
568,281,157,13
301,568,13,11057
157,301,11057,351
13,157,351,24
11057,13,24,32596
351,11057,32596,602
24,351,602,698
32596,24,698,46
602,32596,46,6
698,602,6,92
46,698,92,938
6,46,938,4
92,6,4,4045
938,92,4045,46
4,938,46,18
4045,4,18,186
46,4045,186,2
18,46,2,1195
186,18,1195,455
2,186,455,10980
1195,2,10980,54
455,1195,54,2453
10980,455,2453,151
54,10980,151,841
2453,54,841,20
151,2453,20,5184
841,151,5184,13
20,841,13,533
5184,20,533,236
13,5184,236,15
533,13,15,334
236,533,334,5076
15,236,5076,24
334,15,24,8503
5076,334,8503,70
24,5076,70,31
8503,24,31,2984
70,8503,2984,144
31,70,144,15629
2984,31,15629,2
144,2984,2,2284
15629,144,2284,1196
2,15629,1196,1686
2284,2,1686,72
1196,2284,72,2
1686,1196,2,10
72,1686,10,14
2,72,14,99
10,2,99,502
14,10,502,3783
99,14,3783,20
502,99,20,15485
3783,502,15485,1356
20,3783,1356,8
15485,20,8,1159
1356,15485,1159,43
8,1356,43,79
1159,8,79,1290
43,1159,1290,151
79,43,151,14
1290,79,14,4470
151,1290,4470,19
14,151,19,105
4470,14,105,15328
19,4470,15328,3
105,19,3,392
15328,105,392,360
3,15328,360,3204
392,3,3204,15
360,392,15,8061
3204,360,8061,1010
15,3204,1010,454
8061,15,454,41
1010,8061,41,397
454,1010,397,65
41,454,65,9565
397,41,9565,1010
65,397,1010,325
9565,65,325,403
1010,9565,403,3
325,1010,3,3329
403,325,3329,70
3,403,70,938
3329,3,938,7
70,3329,7,9
938,70,9,104
7,938,104,907
9,7,907,3
104,9,3,5464
907,104,5464,3
3,907,3,70
5464,3,70,938
3,5464,938,1404
70,3,1404,561
938,70,561,1652
1404,938,1652,8
561,1404,8,4
1652,561,4,1720
8,1652,1720,217
4,8,217,5
1720,4,5,397
217,1720,397,16
5,217,16,118
397,5,118,1284
16,397,1284,3
118,16,3,10417
1284,118,10417,804
3,1284,804,759
10417,3,759,678
804,10417,678,62
759,804,62,8
678,759,8,129
62,678,129,5
8,62,5,9565
129,8,9565,225
5,129,225,50
9565,5,50,10417
225,9565,10417,59
50,225,59,947
10417,50,947,1591
59,10417,1591,2517
947,59,2517,654
1591,947,654,456
2517,1591,456,181
654,2517,181,336
456,654,336,5
181,456,5,2912
336,181,2912,1284
5,336,1284,3
2912,5,3,10417
1284,2912,10417,1010
3,1284,1010,13
10417,3,13,2524
1010,10417,2524,47
13,1010,47,875
2524,13,875,9
47,2524,9,9565
875,47,9565,225
9,875,225,65
9565,9,65,9
225,9565,9,602
65,225,602,225
9,65,225,301
602,9,301,1737
225,602,1737,1670
301,225,1670,175
1737,301,175,103
1670,1737,103,151
175,1670,151,6
103,175,6,7
151,103,7,1247
6,151,1247,9473
7,6,9473,170
1247,7,170,1591
9473,1247,1591,561
170,9473,561,19
1591,170,19,22498
561,1591,22498,4
19,561,4,11325
22498,19,11325,1190
4,22498,1190,716
11325,4,716,1131
1190,11325,1131,66
716,1190,66,544
1131,716,544,1506
66,1131,1506,129
544,66,129,5
1506,544,5,2912
129,1506,2912,1284
5,129,1284,6
2912,5,6,50
1284,2912,50,3
6,1284,3,10417
50,6,10417,225
3,50,225,46
10417,3,46,1657
225,10417,1657,51
46,225,51,10
1657,46,10,14
51,1657,14,66
10,51,66,404
14,10,404,4765
66,14,4765,5681
404,66,5681,776
4765,404,776,129
5681,4765,129,5
776,5681,5,1591
129,776,1591,223
5,129,223,10417
1591,5,10417,9565
223,1591,9565,225
10417,223,225,4
9565,10417,4,103
225,9565,103,129
4,225,129,5
103,4,5,8061
129,103,8061,225
55,31,15,20
653,55,20,534
15,653,534,1220
20,15,1220,30620
534,20,30620,325
1220,534,325,52
30620,1220,52,138
325,30620,138,27
52,325,27,13
138,52,13,2
27,138,2,6788
13,27,6788,9
2,13,9,207
6788,2,207,659
9,6788,659,78
207,9,78,13
659,207,13,134
78,659,134,11
13,78,11,77
134,13,77,858
11,134,858,103
77,11,103,444
858,77,444,174
103,858,174,2
444,103,2,2
174,444,2,13382
2,174,13382,66
2,2,66,547
13382,2,547,80
66,13382,80,7
547,66,7,116
80,547,116,78
7,80,78,32
116,7,32,7
78,116,7,400
32,78,400,9
7,32,9,49
400,7,49,83
9,400,83,1330
49,9,1330,4
83,49,4,107
1330,83,107,3
4,1330,3,302
107,4,302,130
3,107,130,290
302,3,290,130
130,302,130,347
290,130,347,290
130,290,290,4
347,130,4,112
290,347,112,244
4,290,244,174
112,4,174,11
244,112,11,14
174,244,14,3
11,174,3,96
14,11,96,10
3,14,10,78
96,3,78,157
10,96,157,174
78,10,174,21
157,78,21,45
174,157,45,100
21,174,100,47236
45,21,47236,10242
100,45,10242,2134
33,52,3,3014
13,33,3014,61
3,13,61,1491
3014,3,1491,690
61,3014,690,943
1491,61,943,667
690,1491,667,1272
943,690,1272,9
667,943,9,63
1272,667,63,6
9,1272,6,6
63,9,6,2
6,63,2,795
6,6,795,2850
2,6,2850,4
795,2,4,206
2850,795,206,40
4,2850,40,33
206,4,33,10
40,206,10,40
33,40,40,17
10,33,17,1491
40,10,1491,690
17,40,690,109
1491,17,109,84
690,1491,84,15
109,690,15,41
84,109,41,4751
15,84,4751,164
41,15,164,197
4751,41,197,259
164,4751,259,7084
197,164,7084,8898
259,197,8898,12
7084,259,12,8
8898,7084,8,30737
12,8898,30737,11
8,12,11,296
30737,8,296,285
11,30737,285,6
296,11,6,690
285,296,690,7
6,285,7,1024
690,6,1024,3
7,690,3,18832
1024,7,18832,491
3,1024,491,2
18832,3,2,5602
491,18832,5602,23316
2,491,23316,4
5602,2,4,48
23316,5602,48,4
4,23316,4,813
48,4,813,3
4,48,3,8
813,4,8,1431
3,813,1431,7
8,3,7,395
1431,8,395,166
7,1431,166,51
395,7,51,9
166,395,9,25
51,166,25,241
9,51,241,11
25,9,11,1296
241,25,1296,432
11,241,432,11
1296,11,11,3030
432,1296,3030,1731
11,432,1731,22
3030,11,22,665
1731,3030,665,1252
22,1731,1252,4
665,22,4,1031
1252,665,1031,6
4,1252,6,22
1031,4,22,784
6,1031,784,4
22,6,4,237
784,22,237,465
4,784,465,6596
237,4,6596,3760
465,237,3760,4
6596,465,4,3768
3760,6596,3768,15
4,3760,15,2584
3768,4,2584,2
15,3768,2,22
2584,15,22,105
2,2584,105,2858
22,2,2858,956
105,22,956,89
2858,105,89,3
956,2858,3,671
89,956,671,83
3,89,83,22
671,3,22,17325
83,671,17325,84
22,83,84,690
17325,22,690,628
84,17325,628,2195
690,84,2195,37
628,690,37,22
2195,628,22,427
37,2195,427,2
22,37,2,2
427,22,2,1220
2,427,1220,2952
2,2,2952,6
1220,2,6,4751
2952,1220,4751,933
6,2952,933,9109
4751,6,9109,10509
933,4751,10509,3
9109,933,3,1263
10509,9109,1263,8284
3,10509,8284,37
1263,3,37,15641
8284,1263,15641,4
37,8284,4,3708
15641,37,3708,956
4,15641,956,545
3708,4,545,3
956,3708,3,5273
545,956,5273,534
3,545,534,4
5273,3,4,18
534,5273,18,2
4,534,2,41316
18,4,41316,601
2,18,601,5
41316,2,5,1015
601,41316,1015,4
5,601,4,80
1015,5,80,3536
4,1015,3536,1955
80,4,1955,37
3536,80,37,3119
1955,3536,3119,1964
37,1955,1964,90834
3119,37,90834,93
1964,3119,93,690
90834,1964,690,335
93,90834,335,7
690,93,7,14
335,690,14,42
7,335,42,5
14,7,5,45
42,14,45,31
5,42,31,486
45,5,486,11
31,45,11,121
486,31,121,358
11,486,358,41
121,11,41,37
358,121,37,22
41,358,22,1175
37,41,1175,6
22,37,6,257
1175,22,257,85
6,1175,85,69
257,6,69,2
85,257,2,2
69,85,2,107
2,69,107,3
2,2,3,2557
107,2,2557,2896
3,107,2896,118
2557,3,118,1439
2896,2557,1439,19
118,2896,19,71
1439,118,71,69
19,1439,69,8
71,19,8,11
69,71,11,14
8,69,14,2
11,8,2,16999
14,11,16999,12743
2,14,12743,15
16999,2,15,64
12743,16999,64,853
15,12743,853,1252
64,15,1252,22
853,64,22,4751
1252,853,4751,1175
22,1252,1175,13
4751,22,13,445
1175,4751,445,47
13,1175,47,813
445,13,813,3
47,445,3,690
813,47,690,432
3,813,432,5176
690,3,5176,25
432,690,25,52
5176,432,52,934
25,5176,934,7
52,25,7,3
934,52,3,296
7,934,296,280
3,7,280,690
296,3,690,20
280,296,20,60
690,280,60,140
20,690,140,10
60,20,10,101
140,60,101,82516
10,140,82516,28
101,10,28,53
82516,101,53,2117
28,82516,2117,5
53,28,5,337
2117,53,337,3
5,2117,3,178
337,5,178,8
3,337,8,2
178,3,2,65815
8,178,65815,5
2,8,5,22
65815,2,22,17325
5,65815,17325,230
22,5,230,18
17325,22,18,77864
230,17325,77864,105
18,230,105,1359
77864,18,1359,9
105,77864,9,690
1359,105,690,774
9,1359,774,223
690,9,223,2
774,690,2,58
223,774,58,289
2,223,289,1606
58,2,1606,75
289,58,75,690
1606,289,690,1287
75,1606,1287,6
690,75,6,452
1287,690,452,1551
6,1287,1551,171
452,6,171,58
1551,452,58,289
171,1551,289,23
58,171,23,435
289,58,435,5
23,289,5,159
435,23,159,2032
5,435,2032,498
159,5,498,1221
2032,159,1221,2071
498,2032,2071,4
1221,498,4,1690
2071,1221,1690,4
4,2071,4,624
1690,4,624,53
4,1690,53,14
624,4,14,182
53,624,182,5
14,53,5,15977
182,14,15977,24
5,182,24,96244
15977,5,96244,8
24,15977,8,1046
96244,24,1046,337
8,96244,337,38
1046,8,38,756
337,1046,756,324
38,337,324,61
756,38,61,865
324,756,865,14
61,324,14,22
865,61,22,1175
14,865,1175,6724
22,14,6724,4
1175,22,4,613
6724,1175,613,95
4,6724,95,31
613,4,31,1050
95,613,1050,586
31,95,586,1284
1050,31,1284,285
586,1050,285,36
1284,586,36,1690
285,1284,1690,50
36,285,50,1483
1690,36,1483,2982
50,1690,2982,5
1483,50,5,690
2982,1483,690,17325
5,2982,17325,4
690,5,4,4751
17325,690,4751,1175
4,17325,1175,41
4751,4,41,1750
1175,4751,1750,90
41,1175,90,178
1750,41,178,10
90,1750,10,14
178,90,14,2
10,178,2,751
14,10,751,1175
2,14,1175,4
751,2,4,59
1175,751,59,118
4,1175,118,9388
59,4,9388,1050
118,59,1050,10
9388,118,10,2
1050,9388,2,93040
10,1050,93040,66
2,10,66,394
93040,2,394,80
66,93040,80,2
394,66,2,690
80,394,690,14
2,80,14,12
690,2,12,22
14,690,22,107
12,14,107,3
22,12,3,1275
107,22,1275,287
3,107,287,8
1275,3,8,5078
287,1275,5078,223
8,287,223,1690
5078,8,1690,14
223,5078,14,6962
1690,223,6962,2156
14,1690,2156,690
6962,14,690,182
2156,6962,182,207
690,2156,207,289
182,690,289,6
207,182,6,6
289,207,6,54
6,289,54,830
6,6,830,199
54,6,199,277
830,54,277,1690
199,830,1690,751
277,199,751,5681
1690,277,5681,2
751,1690,2,408
5681,751,408,5
2,5681,5,114
408,2,114,6
5,408,6,413
114,5,413,673
6,114,673,1690
413,6,1690,50
673,413,50,4171
1690,673,4171,106
50,1690,106,26
4171,50,26,30
106,4171,30,9
