236,987,392,5785
4,236,5785,655
392,4,655,360
5785,392,360,2
655,5785,2,3138
360,655,3138,72
2,360,72,7
3138,2,7,114
72,3138,114,5459
7,72,5459,315
114,7,315,6
5459,114,6,20
315,5459,20,66
6,315,66,85
20,6,85,121
66,20,121,17
85,66,17,3215
121,85,3215,6
17,121,6,332
3215,17,332,35
6,3215,35,4
332,6,4,98
35,332,98,2877
4,35,2877,5
98,4,5,1230
2877,98,1230,6
5,2877,6,106
1230,5,106,3600
6,1230,3600,19
106,6,19,1115
3600,106,1115,121
19,3600,121,17
1115,19,17,1773
121,1115,1773,30
17,121,30,121
1773,17,121,123
30,1773,123,924
121,30,924,392
123,121,392,19
924,123,19,48
392,924,48,38948
19,392,38948,4097
48,19,4097,1674
38948,48,1674,5
4097,38948,5,263
1674,4097,263,3849
5,1674,3849,3
263,5,3,93
3849,263,93,2900
3,3849,2900,5
93,3,5,26562
2900,93,26562,360
5,2900,360,53
26562,5,53,16
360,26562,16,68
53,360,68,418
16,53,418,6
68,16,6,54
418,68,54,18509
6,418,18509,4
54,6,4,35
18509,54,35,2
4,18509,2,149
35,4,149,2
2,35,2,414
149,2,414,528
2,149,528,4
414,2,4,1815
528,414,1815,327
4,528,327,84
1815,4,84,664
327,1815,664,61
84,327,61,3
664,84,3,123
61,664,123,345
3,61,345,99
123,3,99,4
345,123,4,5491
99,345,5491,7
4,99,7,5432
5491,4,5432,6
7,5491,6,2
5432,7,2,718
6,5432,718,315
2,6,315,3
718,2,3,1227
315,718,1227,754
3,315,754,4424
1227,3,4424,373
754,1227,373,7
4424,754,7,3059
373,4424,3059,2140
7,373,2140,8
3059,7,8,13
2140,3059,13,7682
8,2140,7682,311
13,8,311,406
7682,13,406,161
311,7682,161,9824
406,311,9824,87459
161,406,87459,4
9824,161,4,6873
87459,9824,6873,20888
4,87459,20888,327
6873,4,327,17
20888,6873,17,2066
327,20888,2066,34933
17,327,34933,687
2066,17,687,4747
34933,2066,4747,4
687,34933,4,4400
4747,687,4400,176
4,4747,176,16
4400,4,16,255
176,4400,255,8
16,176,8,35
255,16,35,55
8,255,55,2099
35,8,2099,29
55,35,29,30
2099,55,30,55
29,2099,55,1108
30,29,1108,2
55,30,2,1280
1108,55,1280,1022
2,1108,1022,409
1280,2,409,979
1022,1280,979,19
409,1022,19,1585
979,409,1585,20
19,979,20,85
1585,19,85,6
20,1585,6,107
85,20,107,8
6,85,8,136
107,6,136,5
8,107,5,108
136,8,108,34
5,136,34,610
108,5,610,10
34,108,10,2
610,34,2,2
10,610,2,106
2,10,106,102
2,2,102,2960
106,2,2960,124
102,106,124,329
2960,102,329,117
124,2960,117,124
329,124,124,117
117,329,117,537
124,117,537,1829
117,124,1829,349
537,117,349,292
1829,537,292,4
349,1829,4,642
292,349,642,1814
4,292,1814,2
642,4,2,66
1814,642,66,110
2,1814,110,79
66,2,79,215
110,66,215,1239
79,110,1239,206
215,79,206,21
1239,215,21,1042
206,1239,1042,8
21,206,8,2
1042,21,2,2275
8,1042,2275,63
2,8,63,9
2275,2,9,99
63,2275,99,60
9,63,60,367
99,9,367,4609
60,99,4609,1543
367,60,1543,4
4609,367,4,346
1543,4609,346,56
4,1543,56,51
346,4,51,10
56,346,10,749
51,56,749,246
10,51,246,12
749,10,12,2313
246,749,2313,108
12,246,108,30
2313,12,30,2483
108,2313,2483,9
30,108,9,454
2483,30,454,612
9,2483,612,63
454,9,63,27
612,454,27,2
63,612,2,149
27,63,149,2
2,27,2,9
149,2,9,557
2,149,557,3208
9,2,3208,63
557,9,63,32
3208,557,32,90
63,3208,90,5
32,63,5,33
90,32,33,178
5,90,178,30
33,5,30,3166
178,33,3166,1102
30,178,1102,5
3166,30,5,11607
1102,3166,11607,6
5,1102,6,950
11607,5,950,5
6,11607,5,830
950,6,830,1116
5,950,1116,16765
830,5,16765,20
1116,830,20,132
16765,1116,132,17
20,16765,17,2
132,20,2,201
17,132,201,148
2,17,148,36
201,2,36,23
148,201,23,275
36,148,275,10
23,36,10,132
275,23,132,17
10,275,17,7089
132,10,7089,3
17,132,3,112
7089,17,112,60594
3,7089,60594,7574
112,3,7574,8
60594,112,8,63
7574,60594,63,71
8,7574,71,14
63,8,14,2
71,63,2,272
14,71,272,5
2,14,5,857
272,2,857,4
5,272,4,279
857,5,279,7
4,857,7,1114
279,4,1114,3
7,279,3,972
1114,7,972,10
3,1114,10,3
972,3,3,33
10,972,33,29
3,10,29,143
33,3,143,35
29,33,35,92
143,29,92,13
35,143,13,47
92,35,47,210
13,92,210,12
47,13,12,6529
210,47,6529,798
12,210,798,5
6529,12,5,33
798,6529,33,170
5,798,170,44
33,5,44,10
170,33,10,14
44,170,14,3116
10,44,3116,52
14,10,52,3208
3116,14,3208,4
52,3116,4,11765
3208,52,11765,63
4,3208,63,248
11765,4,248,33
63,11765,33,610
248,63,610,8
33,248,8,25
610,33,25,136
8,610,136,282
25,8,282,172
136,25,172,3120
282,136,3120,6
172,282,6,43
3120,172,43,2246
6,3120,2246,124
43,6,124,982
2246,43,982,26
124,2246,26,208
982,124,208,50
26,982,50,2246
208,26,2246,4
50,208,4,52
2246,50,52,33
4,2246,33,55
52,4,55,1283
33,52,1283,8
55,33,8,84
1283,55,84,25
8,1283,25,136
84,8,136,282
25,84,282,39
136,25,39,756
282,136,756,2195
39,282,2195,14
756,39,14,3
2195,756,3,2741
14,2195,2741,38
3,14,38,649
2741,3,649,25
38,2741,25,7
649,38,7,128
25,649,128,363
7,25,363,63
128,7,63,782
363,128,782,1216
63,363,1216,5
782,63,5,81
1216,782,81,28
5,1216,28,25
81,5,25,16
28,81,16,30
25,28,30,7540
16,25,7540,84
30,16,84,1730
7540,30,1730,83
84,7540,83,43
1730,84,43,292
83,1730,292,6
43,83,6,112
292,43,112,133
6,292,133,26
112,6,26,929
133,112,929,112
26,133,112,101754
929,26,101754,3
112,929,3,138
101754,112,138,27
3,101754,27,349
138,3,349,81
27,138,81,14
349,27,14,3
81,349,3,888
14,81,888,1028
3,14,1028,754
888,3,754,858
1028,888,858,2
754,1028,2,3986
858,754,3986,578
2,858,578,8
3986,2,8,2814
578,3986,2814,4088
8,578,4088,1022
2814,8,1022,541
4088,2814,541,56
1022,4088,56,5
541,1022,5,143
56,541,143,35
5,56,35,14
143,5,14,3
35,143,3,4723
14,35,4723,328
3,14,328,5
4723,3,5,141
328,4723,141,3189
5,328,3189,28
141,5,28,6902
3189,141,6902,4
28,3189,4,29098
6902,28,29098,172
4,6902,172,395
29098,4,395,2699
172,29098,2699,9
395,172,9,43
2699,395,43,512
9,2699,512,468
43,9,468,414
512,43,414,618
468,512,618,212
414,468,212,3
618,414,3,8257
212,618,8257,2
3,212,2,84156
8257,3,84156,3215
2,8257,3215,512
84156,2,512,4
3215,84156,4,512
512,3215,512,5
4,512,5,124
512,4,124,6
5,512,6,112
124,5,112,83
6,124,83,212
112,6,212,172
83,112,172,6798
212,83,6798,6
172,212,6,2274
6798,172,2274,4
6,6798,4,2424
2274,6,2424,5
4,2274,5,204
2424,4,204,539
5,2424,539,4
204,5,4,250
539,204,250,32
4,539,32,697
250,4,697,3
32,250,3,117
697,32,117,537
3,697,537,3
117,3,3,1078
537,117,1078,4
3,537,4,1198
1078,3,1198,278
4,1078,278,96
1198,4,96,507
278,1198,507,27
96,278,27,115
507,96,115,96
27,507,96,857
115,27,857,6
96,115,6,1078
857,96,1078,4
6,857,4,278
1078,6,278,126
4,1078,126,1001
278,4,1001,10
126,278,10,60
1001,126,60,8
10,1001,8,30
60,10,30,48
8,60,48,608
30,8,608,4140
48,30,4140,1182
608,48,1182,5
4140,608,5,124
1182,4140,124,2
5,1182,2,3460
124,5,3460,12351
2,124,12351,5
3460,2,5,14863
12351,3460,14863,8
5,12351,8,10
14863,5,10,55
8,14863,55,477
10,8,477,59
55,10,59,398
477,55,398,4
59,477,4,2195
398,59,2195,1116
4,398,1116,830
2195,4,830,6482
1116,2195,6482,322
830,1116,322,30
6482,830,30,18
322,6482,18,953
30,322,953,3
18,30,3,91
953,18,91,3986
3,953,3986,1555
91,3,1555,3
3986,91,3,1234
1555,3986,1234,108
3,1555,108,120
1234,3,120,30
108,1234,30,14
120,108,14,10
30,120,10,3
14,30,3,155
10,14,155,30
3,10,30,18
155,3,18,3
30,155,3,172
18,30,172,3410
3,18,3410,103
172,3,103,273
3410,172,273,659
103,3410,659,8
273,103,8,30
659,273,30,16
8,659,16,1750
30,8,1750,8687
16,30,8687,4
1750,16,4,8
8687,1750,8,67
4,8687,67,86
8,4,86,191
67,8,191,659
86,67,659,6
191,86,6,85
659,191,85,329
6,659,329,945
85,6,945,93
329,85,93,1980
945,329,1980,329
93,945,329,483
1980,93,483,19
329,1980,19,1172
483,329,1172,124
19,483,124,395
1172,19,395,20
124,1172,20,3102
395,124,3102,14
20,395,14,886
3102,20,886,6
14,3102,6,257
886,14,257,10178
6,886,10178,8489
93,23143,9788,8319
38,93,8319,19
9788,38,19,15681
8319,9788,15681,78
19,8319,78,5656
15681,19,5656,620
78,15681,620,886
5656,78,886,12
620,5656,12,318
886,620,318,109
12,886,109,19
318,12,19,1208
109,318,1208,1419
19,109,1419,6
1208,19,6,356
1419,1208,356,336
6,1419,336,20
356,6,20,4
336,356,4,3391
20,336,3391,339
4,20,339,7
3391,4,7,118
339,3391,118,336
7,339,336,12
118,7,12,338
336,118,338,152
12,336,152,75
338,12,75,480
152,338,480,697
75,152,697,3
480,75,3,155
697,480,155,105
3,697,105,15
155,3,15,38
105,155,38,29417
15,105,29417,10187
38,15,10187,20
29417,38,20,66
10187,29417,66,1965
20,10187,1965,9
66,20,9,78
1965,66,78,32
9,1965,32,20
78,9,20,15681
32,78,15681,5656
20,32,5656,819
15681,20,819,3
5656,15681,3,456
819,5656,456,231
3,819,231,49
456,3,49,82
231,456,82,4
49,231,4,10
82,49,10,34
4,82,34,2431
10,4,2431,3930
34,10,3930,9788
2431,34,9788,101
3930,2431,101,198
9788,3930,198,98
101,9788,98,23143
198,101,23143,2685
98,198,2685,3
23143,98,3,38
2685,23143,38,111
3,2685,111,1904
38,3,1904,3063
111,38,3063,7
1904,111,7,2
3063,1904,2,715
7,3063,715,60
2,7,60,9
715,2,9,90
60,715,90,45
9,60,45,82
90,9,82,613
45,90,613,907
82,45,907,15
613,82,15,2387
907,613,2387,42
15,907,42,301
2387,15,301,10
42,2387,10,313
301,42,313,8
10,301,8,2
313,10,2,281
8,313,281,9730
2,8,9730,516
281,2,516,3
9730,281,3,666
516,9730,666,4
3,516,4,10210
666,3,10210,1866
4,666,1866,8
10210,4,8,132
1866,10210,132,2709
8,1866,2709,38
132,8,38,1082
2709,132,1082,4410
38,2709,4410,72
1082,38,72,8
4410,1082,8,7
72,4410,7,2
8,72,2,339
7,8,339,336
2,7,336,3
339,2,3,558
336,339,558,1128
3,336,1128,228
558,3,228,4188
1128,558,4188,353
228,1128,353,7621
4188,228,7621,397
353,4188,397,54
7621,353,54,62
397,7621,62,62
54,397,62,42
62,54,42,417
62,62,417,30
42,62,30,105
417,42,105,15
30,417,15,38
105,30,38,2
15,105,2,55
38,15,55,17
2,38,17,388
55,2,388,6
17,55,6,865
388,17,865,3411
6,388,3411,29417
865,6,29417,14
3411,865,14,15867
29417,3411,15867,4
14,29417,4,6010
15867,14,6010,3
4,15867,3,234
6010,4,234,73
3,6010,73,2
234,3,2,303
73,234,303,5
2,73,5,1962
303,2,1962,1760
5,303,1760,395
1962,5,395,10
1760,1962,10,72
395,1760,72,8
10,395,8,136
72,10,136,282
8,72,282,417
136,8,417,1390
282,136,1390,9
417,282,9,10187
1390,417,10187,5656
9,1390,5656,340
10187,9,340,8906
5656,10187,8906,2
340,5656,2,1245
8906,340,1245,5
2,8906,5,78
1245,2,78,6
5,1245,6,53
78,5,53,3
6,78,3,96
53,6,96,10
3,53,10,477
96,3,477,2
10,96,2,286
477,10,286,11
2,477,11,7
286,2,7,6
11,286,6,1086
7,11,1086,82
6,7,82,120
1086,6,120,11
82,1086,11,2994
120,82,2994,474
11,120,474,72
2994,11,72,2
474,2994,2,281
72,474,281,865
2,72,865,44
281,2,44,339
865,281,339,13
44,865,13,260
339,44,260,47
13,339,47,388
260,13,388,74
47,260,74,169
388,47,169,60
74,388,60,15
169,74,15,8
60,169,8,217
15,60,217,12
8,15,12,691
217,8,691,301
12,217,301,52
691,12,52,33
301,691,33,113
52,301,113,45
33,52,45,12
113,33,12,338
45,113,338,152
12,45,152,16
338,12,16,8881
152,338,8881,61
16,152,61,74
8881,16,74,18389
61,8881,18389,10187
74,61,10187,33
18389,74,33,55
10187,18389,55,1327
33,10187,1327,1805
55,33,1805,8
1327,55,8,148
1805,1327,148,34
8,1805,34,93
148,8,93,24
34,148,24,23143
93,34,23143,1904
24,93,1904,2
23143,24,2,10
1904,23143,10,484
2,1904,484,56
10,2,56,3235
484,10,3235,354
56,484,354,340
3235,56,340,3195
354,3235,3195,2
340,354,2,1067
3195,340,1067,5
2,3195,5,2
1067,2,2,578
5,1067,578,15
2,5,15,363
578,2,363,57
15,578,57,45
363,15,45,377
57,363,377,183
45,57,183,6
377,45,6,209
183,377,209,6
6,183,6,316
209,6,316,3
6,209,3,96
316,6,96,10
3,316,10,4492
96,3,4492,314
10,96,314,57
4492,10,57,80
314,4492,80,481
57,314,481,357
80,57,357,78
481,80,78,1086
357,481,1086,12
78,357,12,38
1086,78,38,2446
12,1086,2446,2
38,12,2,149
78,1597,138,27
32,78,27,109
138,32,109,127
27,138,127,85
109,27,85,2319
127,109,2319,221
85,127,221,437
2319,85,437,530
221,2319,530,540
437,221,540,355
530,437,355,640
540,530,640,2320
355,540,2320,19089
640,355,19089,4
2320,640,4,2551
19089,2320,2551,4
4,19089,4,28770
2551,4,28770,5
4,2551,5,7519
28770,4,7519,24
5,28770,24,1758
7519,5,1758,78
24,7519,78,267
1758,24,267,27
78,1758,27,97
267,78,97,7
27,267,7,2204
97,27,2204,1653
7,97,1653,5
2204,7,5,127
1653,2204,127,85
5,1653,85,5491
127,5,5491,84
85,127,84,6
5491,85,6,48
84,5491,48,7088
6,84,7088,1173
48,6,1173,4
7088,48,4,7309
1173,7088,7309,7
4,1173,7,39
7309,4,39,143
7,7309,143,35
39,7,35,5
143,39,5,32895
35,143,32895,184
5,35,184,3
32895,5,3,1459
184,32895,1459,20264
3,184,20264,36501
1459,3,36501,5
20264,1459,5,1087
36501,20264,1087,60
5,36501,60,210
1087,5,210,490
60,1087,490,78
210,60,78,4
490,210,4,19488
78,490,19488,16
4,78,16,6196
19488,4,6196,61
16,19488,61,48
6196,16,48,8579
61,6196,8579,9
48,61,9,60314
8579,48,60314,8
9,8579,8,1633
60314,9,1633,13
8,60314,13,412
1633,8,412,3
13,1633,3,25
412,13,25,15
3,412,15,78
25,3,78,32
15,25,32,69600
78,15,69600,15
32,78,15,221
69600,32,221,437
15,69600,437,892
221,15,892,530
437,221,530,10
892,437,10,14
530,892,14,49
10,530,49,356
14,10,356,5
49,14,5,41
356,49,41,5
5,356,5,183
41,5,183,211
5,41,211,21293
183,5,21293,61
211,183,61,124
21293,211,124,6
61,21293,6,311
124,61,311,389
6,124,389,2320
311,6,2320,648
389,311,648,5
2320,389,5,71
648,2320,71,4
5,648,4,11412
71,5,11412,4540
4,71,4540,15
11412,4,15,204
4540,11412,204,64
15,4540,64,10
204,15,10,14
64,204,14,530
10,64,530,530
14,10,530,14
530,14,14,131
530,530,131,3608
14,530,3608,6
131,14,6,3076
3608,131,3076,39
6,3608,39,125
3076,6,125,13
39,3076,13,47
125,39,47,1588
13,125,1588,6
47,13,6,1806
1588,47,1806,1392
6,1588,1392,1447
1806,6,1447,54
1392,1806,54,9325
1447,1392,9325,1449
54,1447,1449,52
9325,54,52,86
1449,9325,86,11
52,1449,11,13
86,52,13,1296
11,86,1296,22
13,11,22,3754
1296,13,3754,1730
22,1296,1730,184
3754,22,184,3
1730,3754,3,32
184,1730,32,7183
3,184,7183,11
32,3,11,40
7183,32,40,18
11,7183,18,8876
40,11,8876,49
18,40,49,1318
8876,18,1318,3
49,8876,3,358
1318,49,358,47478
3,1318,47478,13
358,3,13,412
47478,358,412,3
13,47478,3,25
412,13,25,15
3,412,15,10
25,3,10,4682
15,25,4682,27
10,15,27,6897
4682,10,6897,4746
27,4682,4746,213
6897,27,213,7
4746,6897,7,1502
213,4746,1502,29
7,213,29,20264
1502,7,20264,36501
29,1502,36501,44
20264,29,44,27
36501,20264,27,14
44,36501,14,12
27,44,12,809
14,27,809,21
12,14,21,32
809,12,32,10
21,809,10,1879
32,21,1879,2
10,32,2,9017
1879,10,9017,5
2,1879,5,8162
9017,2,8162,5929
5,9017,5929,196
8162,5,196,136
5929,8162,136,7750
196,5929,7750,6
136,196,6,1549
7750,136,1549,3563
6,7750,3563,2622
1549,6,2622,288
3563,1549,288,3365
2622,3563,3365,4
288,2622,4,92
3365,288,92,6955
4,3365,6955,5
92,4,5,2
6955,92,2,3109
5,6955,3109,8
2,5,8,13069
3109,2,13069,1601
8,3109,1601,2
13069,8,2,6
1601,13069,6,361
2,1601,361,506
6,2,506,354
361,6,354,4
506,361,4,5311
354,506,5311,262
4,354,262,3
5311,4,3,17981
262,5311,17981,1147
3,262,1147,535
17981,3,535,6
1147,17981,6,108
535,1147,108,1293
6,535,1293,2653
108,6,2653,553
1293,108,553,56
2653,1293,56,5
553,2653,5,179
56,553,179,4
5,56,4,33
179,5,33,821
4,179,821,295
33,4,295,2
821,33,2,182
295,821,182,5
2,295,5,837
182,2,837,2
5,182,2,6
837,5,6,887
2,837,887,15
6,2,15,10
887,6,10,2676
15,887,2676,110
10,15,110,61
2676,10,61,4
110,2676,4,3610
61,110,3610,940
4,61,940,18486
