24,685,7,19
1755,24,19,3262
7,1755,3262,2
19,7,2,2173
3262,19,2173,3759
2,3262,3759,6332
2173,2,6332,2513
3759,2173,2513,4
6332,3759,4,15
2513,6332,15,76
4,2513,76,5632
15,4,5632,7
76,15,7,531
5632,76,531,3
7,5632,3,502
531,7,502,88
3,531,88,56
502,3,56,5
88,502,5,51
56,88,51,33
5,56,33,415
51,5,415,85799
33,51,85799,39
415,33,39,654
85799,415,654,7
39,85799,7,21
654,39,21,99
7,654,99,3
21,7,3,835
99,21,835,8
3,99,8,1755
835,3,1755,55
8,835,55,420
1755,8,420,685
55,1755,685,3
420,55,3,1332
685,420,1332,283
3,685,283,616
1332,3,616,5
283,1332,5,654
616,283,654,5702
5,616,5702,1677
654,5,1677,1755
5702,654,1755,3
1677,5702,3,282
1755,1677,282,5814
3,1755,5814,2364
282,3,2364,13
5814,282,13,86
2364,5814,86,218
13,2364,218,3
86,13,3,1627
218,86,1627,74
3,218,74,128
1627,3,128,363
74,1627,363,66
128,74,66,1008
363,128,1008,13
66,363,13,1337
1008,66,1337,8
13,1008,8,6
1337,13,6,1345
8,1337,1345,3
6,8,3,282
1345,6,282,1698
3,1345,1698,283
282,3,283,1755
1698,282,1755,55
283,1698,55,68
1755,283,68,1611
55,1755,1611,161
68,55,161,282
1611,68,282,2894
161,1611,2894,4
282,161,4,56950
2894,282,56950,892
4,2894,892,22734
56950,4,22734,573
892,56950,573,5
22734,892,5,654
573,22734,654,23
5,573,23,11525
654,5,11525,770
23,654,770,68
11525,23,68,13
770,11525,13,2
68,770,2,281
13,68,281,148
2,13,148,3
281,2,3,44
148,281,44,37
3,148,37,20
44,3,20,39
37,44,39,763
20,37,763,11
39,20,11,383
763,39,383,39
11,763,39,654
383,11,654,7
39,383,7,1096
654,39,1096,3
7,654,3,10124
1096,7,10124,62
3,1096,62,1677
10124,3,1677,1755
62,10124,1755,132
1677,62,132,18
1755,1677,18,685
132,1755,685,9
18,132,9,1332
685,18,1332,2
9,685,2,45
1332,9,45,93
2,1332,93,2018
45,2,2018,20
93,45,20,763
2018,93,763,835
20,2018,835,8
763,20,8,45
835,763,45,15
8,835,15,2735
45,8,2735,2894
15,45,2894,4
2735,15,4,1144
2894,2735,1144,255
4,2894,255,508
1144,4,508,2
255,1144,2,6736
508,255,6736,5814
2,508,5814,14407
6736,2,14407,132
5814,6736,132,685
14407,5814,685,24
132,14407,24,2829
685,132,2829,1563
24,685,1563,3
2829,24,3,1577
1563,2829,1577,38
3,1563,38,1332
1577,3,1332,69218
38,1577,69218,68
1332,38,68,383
69218,1332,383,8
68,69218,8,122
383,68,122,10
8,383,10,7
122,8,7,21
10,122,21,321
7,10,321,314
21,7,314,52
321,21,52,1755
314,321,1755,55
52,314,55,2219
1755,52,2219,13025
55,1755,13025,26
2219,55,26,25
13025,2219,25,116
26,13025,116,8
25,26,8,10
116,25,10,7
8,116,7,42
10,8,42,5
7,10,5,88
42,7,88,344
5,42,344,1302
88,5,1302,6
344,88,6,10
1302,344,10,4884
6,1302,4884,525
10,6,525,15
4884,10,15,118
525,4884,118,1980
15,525,1980,11
118,15,11,44
1980,118,44,8
11,1980,8,21
44,11,21,3851
8,44,3851,4
21,8,4,3033
3851,21,3033,2
4,3851,2,2111
3033,4,2111,1449
2,3033,1449,2979
2111,2,2979,16
1449,2111,16,48
2979,1449,48,2580
16,2979,2580,3
48,16,3,3230
2580,48,3230,692
3,2580,692,333
3415,45,3234,5471
37,3415,5471,134
3234,37,134,37
5471,3234,37,798
134,5471,798,5
37,134,5,399
798,37,399,938
5,798,938,45
399,5,45,31
938,399,31,55
45,938,55,21
31,45,21,1427
55,31,1427,9
21,55,9,273
1427,21,273,2876
9,1427,2876,100
273,9,100,39
2876,273,39,3234
100,2876,3234,1014
39,100,1014,5471
3234,39,5471,18
1014,3234,18,47
5471,1014,47,134
18,5471,134,37
47,18,37,563
134,47,563,1709
37,134,1709,4
563,37,4,2150
1709,563,2150,1865
4,1709,1865,961
2150,4,961,8934
1865,2150,8934,37
961,1865,37,229
8934,961,229,256
37,8934,256,4831
229,37,4831,5471
256,229,5471,34
4831,256,34,1468
5471,4831,1468,2
34,5471,2,78953
1468,34,78953,94622
2,1468,94622,36
78953,2,36,2
94622,78953,2,2
36,94622,2,9117
2,36,9117,45
2,2,45,31
9117,2,31,552
45,9117,552,55928
31,45,55928,955
552,31,955,28232
55928,552,28232,18
955,55928,18,47
28232,955,47,2440
18,28232,2440,37
47,18,37,2107
2440,47,2107,57
37,2440,57,1769
2107,37,1769,4445
57,2107,4445,1051
1769,57,1051,3172
4445,1769,3172,27563
1051,4445,27563,5
3172,1051,5,1288
27563,3172,1288,9
5,27563,9,1210
1288,5,1210,28
9,1288,28,9
1210,9,9,90
28,1210,90,4292
9,28,4292,126
90,9,126,422
4292,90,422,401
126,4292,401,2876
422,126,2876,739
401,422,739,1694
2876,401,1694,10836
739,2876,10836,1530
1694,739,1530,3
10836,1694,3,1852
1530,10836,1852,38087
3,1530,38087,5841
1852,3,5841,13
38087,1852,13,47
5841,38087,47,1222
13,5841,1222,1030
47,13,1030,104
1222,47,104,1030
1030,1222,1030,50
104,1030,50,1238
1030,104,1238,83
50,1030,83,6
1238,50,6,563
83,1238,563,54
6,83,54,16
563,6,16,1364
54,563,1364,6
16,54,6,15230
1364,16,15230,36
6,1364,36,12
15230,6,12,51881
36,15230,51881,76
12,36,76,5
51881,12,5,81
76,51881,81,16
5,76,16,1049
81,5,1049,201
16,81,201,4403
1049,16,4403,16
201,1049,16,190
4403,201,190,201
16,4403,201,1712
190,16,1712,173
201,190,173,9
1712,201,9,2726
173,1712,2726,37
9,173,37,148
2726,9,148,2107
37,2726,2107,13
148,37,13,392
2107,148,392,8
13,2107,8,25
392,13,25,21
8,392,21,646
25,8,646,4
21,25,4,8740
646,21,8740,5611
4,646,5611,6401
8740,4,6401,12
5611,8740,12,2
6401,5611,2,2575
12,6401,2575,4
2,12,4,140
2575,2,140,2664
4,2575,2664,2
140,4,2,910
2664,140,910,6
2,2664,6,504
910,2,504,5423
6,910,5423,10
504,6,10,80
5423,504,80,8672
10,5423,8672,13
80,10,13,76
8672,80,76,201
13,8672,201,1781
76,13,1781,12
201,76,12,10
1781,201,10,39364
12,1781,39364,8290
10,12,8290,24785
39364,10,24785,28
8290,39364,28,7
24785,8290,7,340
28,24785,340,630
7,28,630,3
340,7,3,93
630,340,93,563
3,630,563,1421
93,3,1421,5
563,93,5,128
1421,563,128,256
5,1421,256,4831
128,5,4831,5471
256,128,5471,29
4831,256,29,1350
5471,4831,1350,10
29,5471,10,115
1350,29,115,830
10,1350,830,7
115,10,7,403
830,115,403,39
7,830,39,42
403,7,42,7
39,403,7,37
42,39,37,4
7,42,4,22644
37,7,22644,31
4,37,31,848
22644,4,848,6
31,22644,6,552
848,31,552,15
6,848,15,18878
552,6,18878,40203
15,552,40203,4
18878,15,4,26
40203,18878,26,18
4,40203,18,334
26,4,334,68525
18,26,68525,18194
334,18,18194,22644
68525,334,22644,20603
18194,68525,20603,140
22644,18194,140,26
20603,22644,26,48
140,20603,48,155
26,140,155,61
48,26,61,6
155,48,6,2
61,155,2,7850
6,61,7850,888
82,197,216,12
35,82,12,747
216,35,747,1289
12,216,1289,70
747,12,70,553
1289,747,553,6
70,1289,6,413
553,70,413,1802
6,553,1802,5
413,6,5,4959
1802,413,4959,447
5,1802,447,5
4959,5,5,430
447,4959,430,8369
5,447,8369,1259
430,5,1259,139
8369,430,139,19
1259,8369,19,43
139,1259,43,1889
19,139,1889,1431
43,19,1431,3
1889,43,3,413
1431,1889,413,1802
3,1431,1802,35
413,3,35,8
1802,413,8,92
35,1802,92,13
8,35,13,495
92,8,495,294
13,92,294,8
495,13,8,430
294,495,430,151
8,294,151,16
430,8,16,1678
151,430,1678,3
16,151,3,1518
1678,16,1518,56
3,1678,56,20336
1518,3,20336,167
56,1518,167,102
20336,56,102,236
167,20336,236,120
102,167,120,43
236,102,43,553
120,236,553,57293
43,120,57293,6
553,43,6,413
57293,553,413,1802
6,57293,1802,156
413,6,156,2
1802,413,2,15544
156,1802,15544,5493
2,156,5493,418
15544,2,418,4
5493,15544,4,503
418,5493,503,6
4,418,6,38057
503,4,38057,4
6,503,4,12454
38057,6,12454,31533
4,38057,31533,1259
12454,4,1259,2898
31533,12454,2898,3
1259,31533,3,166
2898,1259,166,251
3,2898,251,19
166,3,19,467
251,166,467,35
19,251,35,36
467,19,36,2407
35,467,2407,3
36,35,3,1754
2407,36,1754,430
3,2407,430,971
1754,3,971,171
430,1754,171,541
971,430,541,205
171,971,205,5
541,171,5,41386
205,541,41386,35
5,205,35,216
41386,5,216,13
35,41386,13,139
216,35,139,707
13,216,707,1259
139,13,1259,3
707,139,3,43
1259,707,43,553
3,1259,553,852
43,3,852,36
553,43,36,3807
852,553,3807,6
36,852,6,730
3807,36,730,254
6,3807,254,3080
730,6,3080,294
254,730,294,830
3080,254,830,37
294,3080,37,2407
830,294,2407,1261
37,830,1261,1678
2407,37,1678,167
1261,2407,167,98868
1678,1261,98868,466
167,1678,466,1543
98868,167,1543,510
466,98868,510,8
1543,466,8,10
510,1543,10,13
8,510,13,1535
10,8,1535,363
13,10,363,971
1535,13,971,82
363,1535,82,76
971,363,76,5
82,971,5,81
76,82,81,1296
5,76,1296,696
81,5,696,375
1296,81,375,84
696,1296,84,82
375,696,82,102
84,375,102,467
82,84,467,1715
102,82,1715,620
467,102,620,5
1715,467,5,386
620,1715,386,4
5,620,4,278
386,5,278,2
4,386,2,215
278,4,215,11108
2,278,11108,10
215,2,10,167
11108,215,167,12
10,11108,12,1261
167,10,1261,6
12,167,6,1074
1261,12,1074,43
6,1261,43,167
1074,6,167,6
43,1074,6,1739
167,43,1739,18
6,167,18,489
1739,6,489,41
18,1739,41,65
489,18,65,1261
41,489,1261,184
65,41,184,3
1261,65,3,43
184,1261,43,813
3,184,813,1923
43,3,1923,54
813,43,54,4796
1923,813,4796,559
54,1923,559,6
4796,54,6,311
559,4796,311,13656
6,559,13656,88
311,6,88,264
13656,311,264,1619
88,13656,1619,102
264,88,102,3288
1619,264,3288,6
102,1619,6,6885
3288,102,6885,4924
6,3288,4924,1959
6885,6,1959,12
4924,6885,12,132
1959,4924,132,6
12,1959,6,813
132,12,813,1739
6,132,1739,4
813,6,4,489
1739,813,489,378
4,1739,378,3288
489,4,3288,2108
378,489,2108,10
3288,378,10,14
2108,3288,14,7628
10,2108,7628,167
14,10,167,6
7628,14,6,1739
167,7628,1739,20
6,167,20,66
1739,6,66,211
20,1739,211,363
66,20,363,215
211,66,215,13
363,211,13,510
215,363,510,170
13,215,170,647
510,13,647,813
170,510,813,1923
647,170,1923,68
813,647,68,1298
1923,813,1298,258
68,1923,258,1274
1298,68,1274,19020
258,1298,19020,167
1274,258,167,6
19020,1274,6,1739
167,19020,1739,971
6,167,971,12
1739,6,12,3240
971,1739,3240,3240
12,971,3240,4
3240,12,4,647
3240,3240,647,489
4,3240,489,3288
647,4,3288,28558
489,647,28558,215
3288,489,215,7
28558,3288,7,2710
215,28558,2710,95
7,215,95,167
2710,7,167,1019
95,2710,1019,6
167,95,6,316
1019,167,316,3
6,1019,3,3256
316,6,3256,1261
3,316,1261,4
3256,3,4,309
1261,3256,309,7126
4,1261,7126,12
309,4,12,625
7126,309,625,2373
12,7126,2373,23
625,12,23,777
2373,625,777,603
23,2373,603,163
777,23,163,1411
603,777,1411,3065
163,603,3065,20725
1411,163,20725,2
3065,1411,2,813
20725,3065,813,1923
2,20725,1923,1007
813,2,1007,134
1923,813,134,523
1007,1923,523,12
134,1007,12,66194
523,134,66194,7422
12,523,7422,8
66194,12,8,154
7422,66194,154,75
8,7422,75,2
154,8,2,971
75,154,971,609
2,75,609,43
971,2,43,3
609,971,3,3143
43,609,3143,41
3,43,41,625
3143,3,625,12
41,3143,12,6679
625,41,6679,3
12,625,3,1754
6679,12,1754,475
3,6679,475,971
1754,3,971,20725
475,1754,20725,46035
971,475,46035,6
20725,971,6,386
46035,20725,386,4
6,46035,4,278
386,6,278,2743
4,386,2743,902
278,4,902,218
2743,278,218,3
902,2743,3,167
218,902,167,2407
3,218,2407,3135
167,3,3135,809
2407,167,809,215
3135,2407,215,1923
809,3135,1923,6
215,809,6,3691
1923,215,3691,510
6,1923,510,747
3691,6,747,95
510,3691,95,167
747,510,167,324
95,747,324,2
167,95,2,604
324,167,604,925
2,324,925,1108
604,2,1108,12
925,604,12,3375
1108,925,3375,10217
12,1108,10217,1035
3375,12,1035,5
10217,3375,5,2407
1035,10217,2407,4
5,1035,4,1863
2407,5,1863,3154
4,2407,3154,1498
1863,4,1498,6
3154,1863,6,386
1498,3154,386,936
6,1498,936,45
386,6,45,6
936,386,6,4
45,936,4,231
6,45,231,3691
2,9,1681,46
2287,2,46,4
1681,2287,4,7621
46,1681,7621,46
4,46,46,532
7621,4,532,88
46,7621,88,70
532,46,70,1593
88,532,1593,1144
70,88,1144,37
1593,70,37,386
1144,1593,386,75
37,1144,75,8538
386,37,8538,128
75,386,128,43
8538,75,43,925
128,8538,925,6
43,128,6,63
925,43,63,617
6,925,617,71
63,6,71,873
617,63,873,133
71,617,133,3590
873,71,3590,1485
133,873,1485,4
3590,133,4,35408
1485,3590,35408,64
4,1485,64,156
35408,4,156,5122
64,35408,5122,386
156,64,386,4672
5122,156,4672,142
386,5122,142,79
4672,386,79,2029
142,4672,2029,2
79,142,2,467
2029,79,467,35
2,2029,35,6563
467,2,6563,818
35,467,818,128
6563,35,128,66
818,6563,66,4
128,818,4,848
66,128,848,5
4,66,5,3965
848,4,3965,6
5,848,6,132
3965,5,132,5579
6,3965,5579,194
132,6,194,37
5579,132,37,62
194,5579,62,4
37,194,4,229
62,37,229,133
4,62,133,55
229,4,55,17
133,229,17,47073
55,133,47073,70
17,55,70,666
47073,17,666,3
70,47073,3,610
666,70,610,51
3,666,51,1814
610,3,1814,4
51,610,4,557
1814,51,557,70
4,1814,70,244
557,4,244,245
70,557,245,3915
244,70,3915,1177
245,244,1177,16
3915,245,16,4817
1177,3915,4817,74
16,1177,74,62
4817,16,62,136
74,4817,136,948
62,74,948,848
136,62,848,12
948,136,12,71
848,948,71,31
12,848,31,274
71,12,274,386
31,71,386,4
274,31,4,12
386,274,12,63
4,386,63,575
12,4,575,978
63,12,978,189
575,63,189,31
978,575,31,365
189,978,365,43
31,189,43,53
365,31,53,52
43,365,52,33
53,43,33,2393
52,53,2393,6
33,52,6,386
2393,33,386,10
6,2393,10,773
386,6,773,127
10,386,127,94
773,10,94,3635
127,773,3635,2230
94,127,2230,644
3635,94,644,28
2230,3635,28,10
644,2230,10,21
28,644,21,112
10,28,112,3061
21,10,3061,10
112,21,10,110
3061,112,110,3
10,3061,3,1239
110,10,1239,10
3,110,10,71
1239,3,71,3061
10,1239,3061,3212
71,10,3212,162
3061,71,162,137
3212,3061,137,10
162,3212,10,3699
137,162,3699,20
10,137,20,929
3699,10,929,784
20,3699,784,648
929,20,648,8
784,929,8,365
648,784,365,43
8,648,43,83
365,8,83,20
43,365,20,1082
83,43,1082,66
20,83,66,404
1082,20,404,111
66,1082,111,1290
404,66,1290,195
111,404,195,3824
1290,111,3824,3550
195,1290,3550,13
3824,195,13,32661
3550,3824,32661,101
13,3550,101,77
32661,13,77,386
101,32661,386,18
77,101,18,2036
386,77,2036,1485
18,386,1485,52
2036,18,52,71
1485,2036,71,13
52,1485,13,274
71,52,274,405
13,71,405,2
274,13,2,503
405,274,503,925
2,405,925,5410
503,2,5410,7
925,503,7,189
5410,925,189,956
7,5410,956,245
189,7,245,8512
956,189,8512,133
245,956,133,6
8512,245,6,860
133,8512,860,2143
6,133,2143,1416
860,6,1416,5337
2143,860,5337,2
1416,2143,2,1168
5337,1416,1168,755
2,5337,755,46
1168,2,46,211
755,1168,211,745
46,755,745,5
211,46,5,161
745,211,161,252
5,745,252,24
161,5,24,35
252,161,35,216
24,252,216,119
35,24,119,111
216,35,111,1543
119,216,1543,4
111,119,4,1654
1543,111,1654,46
4,1543,46,4
1654,4,4,331
46,1654,331,2
4,46,2,1357
331,4,1357,194
2,331,194,31
1357,2,31,182
194,1357,182,386
31,194,386,46
182,31,46,969
386,182,969,58777
46,386,58777,8405
969,46,8405,1896
58777,969,1896,29523
8405,58777,29523,33
1896,8405,33,50
29523,1896,50,6
33,29523,6,386
50,33,386,24
6,50,24,3
386,6,3,607
24,386,607,6295
3,24,6295,386
607,3,386,14
6295,607,14,12
386,6295,12,59
14,386,59,33
12,14,33,274
59,12,274,4
33,59,4,386
274,33,386,8
4,274,8,71
386,4,71,6511
8,386,6511,59
71,8,59,11
6511,71,11,14
59,6511,14,11290
11,59,11290,6
14,11,6,1001
11290,14,1001,29523
6,11290,29523,10
1001,6,10,14
29523,1001,14,2
10,29523,2,131
14,10,131,831
2,14,831,1088
131,2,1088,613
831,131,613,6
1088,831,6,3201
613,1088,3201,5
6,613,5,46481
3201,6,46481,3009
5,3201,3009,1687
46481,5,1687,6
3009,46481,6,5613
1687,3009,5613,581
6,1687,581,716
5613,6,716,725
581,5613,725,4
716,581,4,456
725,716,456,46
4,725,46,2
456,4,2,131
46,456,131,529
2,46,529,217
131,2,217,5
529,131,5,11615
217,529,11615,4
5,217,4,21443
11615,5,21443,161
4,11615,161,5756
21443,4,5756,4
161,21443,4,2292
5756,161,2292,46
4,5756,46,4
2292,4,4,691
46,2292,691,5
4,46,5,1109
691,4,1109,2144
5,691,2144,6
1109,5,6,386
2144,1109,386,30
6,2144,30,608
386,6,608,2
30,386,2,41
608,30,41,7284
2,608,7284,315
41,2,315,1563
7284,41,1563,1127
315,7284,1127,925
1563,315,925,54
1127,1563,54,2989
925,1127,2989,6
54,925,6,851
2989,54,851,983
6,2989,983,6
851,6,6,38
983,851,38,1849
6,983,1849,4
38,6,4,4228
1849,38,4228,39
4,1849,39,1127
4228,4,1127,92
39,4228,92,186
1127,39,186,19
92,1127,19,1032
186,92,1032,624
19,186,624,18638
1032,19,18638,17806
624,1032,17806,822
18638,624,822,41
17806,18638,41,3097
822,17806,3097,3
41,822,3,91
3097,41,91,163
3,3097,163,102
91,3,102,5756
163,91,5756,2797
102,163,2797,6
