28324,15,2060,1113
2,28324,1113,5
2060,2,5,566
1113,2060,566,389
5,1113,389,7
566,5,7,56
389,566,56,5
7,389,5,5088
56,7,5088,9
5,56,9,162
5088,5,162,90
9,5088,90,105
162,9,105,6765
90,162,6765,113
105,90,113,95
6765,105,95,389
113,6765,389,6
95,113,6,904
389,95,904,35
6,389,35,77
904,6,77,48
35,904,48,5856
77,35,5856,3
48,77,3,135
5856,48,135,210
3,5856,210,52
135,3,52,27
210,135,27,36
52,210,36,193
27,52,193,7
36,27,7,22537
193,36,22537,14573
7,193,14573,1190
22537,7,1190,9
14573,22537,9,27
1190,14573,27,4
9,1190,4,193
27,9,193,7
4,27,7,2479
193,4,2479,12
7,193,12,429
2479,7,429,2
12,2479,2,523
429,12,523,331
2,429,331,117
523,2,117,3635
331,523,3635,2230
117,331,2230,5786
3635,117,5786,229
2230,3635,229,11
5786,2230,11,3595
229,5786,3595,193
11,229,193,74
3595,11,74,14716
193,3595,14716,73
74,193,73,118
14716,74,118,350
73,14716,350,36
118,73,36,6544
350,118,6544,10
36,350,10,115
6544,36,115,245
10,6544,245,323
115,10,323,2430
245,115,2430,2230
323,245,2230,138
2430,323,138,27
2230,2430,27,7
138,2230,7,82435
27,138,82435,417
7,27,417,7
82435,7,7,380
417,82435,380,367
7,417,367,1118
380,7,1118,3
367,380,3,17
1118,367,17,56547
3,1118,56547,153
17,3,153,111
56547,17,111,4
153,56547,4,265
111,153,265,58
4,111,58,8444
265,4,8444,8835
58,265,8835,6
8444,58,6,2012
8835,8444,2012,9
6,8835,9,38
2012,6,38,1906
9,2012,1906,139
38,9,139,4319
1906,38,4319,136
139,1906,136,5
4319,139,5,1110
136,4319,1110,1065
5,136,1065,12
1110,5,12,4
1065,1110,4,997
12,1065,997,3
4,12,3,794
997,4,794,293
3,997,293,834
794,3,834,4
293,794,4,987
834,293,987,27
4,834,27,4
987,4,4,193
27,987,193,50
4,27,50,23071
193,4,23071,38
50,193,38,7083
23071,50,7083,13112
38,23071,13112,478
7083,38,478,13624
13112,7083,13624,2
478,13112,2,2
13624,478,2,284
2,13624,284,58
2,2,58,195
284,2,195,630
58,284,630,3
195,58,3,735
630,195,735,2
3,630,2,1280
735,3,1280,806
2,735,806,4
1280,2,4,12116
806,1280,12116,22087
4,806,22087,838
12116,4,838,8
22087,12116,8,6639
838,22087,6639,958
8,838,958,88470
6639,8,88470,505
958,6639,505,898
88470,958,898,43
505,88470,43,12
898,505,12,127
43,898,127,69
12,43,69,7
127,12,7,56
69,127,56,5
7,69,5,67
56,7,67,302
5,56,302,25
67,5,25,33
302,67,33,666
25,302,666,3
33,25,3,302
666,33,302,51
3,666,51,33
302,3,33,55
51,302,55,302
33,51,302,28
55,33,28,265
302,55,265,58
28,302,58,724
265,28,724,802
58,265,802,256
724,58,256,15496
802,724,15496,59
256,802,59,331
15496,256,331,37
59,15496,37,3628
331,59,3628,287
37,331,287,15496
3628,37,15496,274
287,3628,274,34952
15496,287,34952,15
274,15496,15,2
34952,274,2,77858
15,34952,77858,661
2,15,661,8
77858,2,8,957
661,77858,957,1483
8,661,1483,3
957,8,3,58
1483,957,58,75016
3,1483,75016,30
58,3,30,17
75016,58,17,458
30,75016,458,3
17,30,3,12375
458,17,12375,61
3,458,61,15
12375,3,15,38
61,12375,38,1022
15,61,1022,11
38,15,11,28
1022,38,28,37
11,1022,37,84109
28,11,84109,408
37,28,408,6225
84109,37,6225,2501
408,84109,2501,11185
6225,408,11185,15460
2501,6225,15460,1023
11185,2501,1023,3
15460,11185,3,8411
1023,15460,8411,6351
3,1023,6351,37
8411,3,37,202
6351,8411,202,12967
37,6351,12967,4
202,37,4,8869
12967,202,8869,3
4,12967,3,15065
8869,4,15065,223
3,8869,223,18130
15065,3,18130,113
223,15065,113,52
18130,223,52,33
113,18130,33,234
52,113,234,23
33,52,23,5422
234,33,5422,53
23,234,53,16
5422,23,16,41
53,5422,41,12
16,53,12,135
41,16,135,210
12,41,210,92233
135,12,92233,11185
210,135,11185,78
92233,210,78,32
11185,92233,32,13
78,11185,13,47
32,78,47,458
13,32,458,3
47,13,3,349
458,47,349,224
3,458,224,321
349,3,321,7
224,349,7,113
321,224,113,33
7,321,33,16
113,7,16,110
33,113,110,3
16,33,3,137
110,16,137,2
3,110,2,131
137,3,131,143
2,137,143,24109
131,2,24109,82426
143,131,82426,139
24109,143,139,235
82426,24109,235,3
139,82426,3,27
235,139,27,4
3,235,4,193
27,3,193,7
4,27,7,2411
193,4,2411,5
7,193,5,58
2411,7,58,2611
5,2411,2611,79
58,5,79,440
2611,58,440,597
79,2611,597,313
440,79,313,3
597,440,3,17
313,597,17,631
3,313,631,37
17,3,37,10
631,17,10,1848
37,631,1848,9
10,37,9,111
1848,10,111,681
9,1848,681,457
111,9,457,688
681,111,688,96747
457,681,96747,681
688,457,681,2269
96747,688,2269,2
681,96747,2,523
2269,681,523,3392
2,2269,3392,31
523,2,31,331
3392,523,331,52
31,3392,52,11
331,31,11,486
52,331,486,202
11,52,202,40
486,11,40,1754
202,486,1754,2
40,202,2,6789
1754,40,6789,57523
2,1754,57523,3805
6789,2,3805,688
57523,6789,688,6130
3805,57523,6130,62
688,3805,62,25
6130,688,25,7
62,6130,7,116
25,62,116,7
7,25,7,113
116,7,113,8
7,116,8,3805
113,7,3805,3
8,113,3,358
3805,8,358,37
3,3805,37,42240
358,3,42240,286
37,358,286,45
42240,37,45,16
286,42240,16,631
45,286,631,37
16,45,37,10
631,16,10,174
37,631,174,4
10,37,4,3
174,10,3,485
4,174,485,688
3,4,688,4
485,3,4,11185
688,485,11185,7422
4,688,7422,597
11185,4,597,34
7422,11185,34,17
597,7422,17,6
34,597,6,17250
17,34,17250,154
6,17,154,440
17250,6,440,99581
154,17250,99581,110
440,154,110,3
99581,440,3,144
110,99581,144,3164
3,110,3164,67
144,3,67,287
3164,144,287,7
67,3164,7,87
287,67,87,8
7,287,8,58
87,7,58,289
8,87,289,114
58,8,114,335
289,58,335,688
114,289,688,9604
335,114,9604,120
688,335,120,162
9604,688,162,113
120,9604,113,26
162,120,26,18
113,162,18,58
26,113,58,6
18,26,6,2
58,18,2,1729
6,58,1729,52
2,6,52,202
1729,2,202,2061
52,1729,2061,27
202,52,27,36
2061,202,36,58870
27,2061,58870,28
36,27,28,11
58870,36,11,100
28,58870,100,73
11,28,73,3
100,11,3,137
73,100,137,265
3,73,265,106
137,3,106,12
265,137,12,76
106,265,76,5
12,106,5,27
76,12,27,648
5,76,648,1885
27,5,1885,240
648,27,240,3
1885,648,3,1018
240,1885,1018,449
3,240,449,24
1018,3,24,2406
449,1018,2406,31859
24,449,31859,7
2406,24,7,206
31859,2406,206,58
7,31859,58,623
206,7,623,27
58,206,27,4
623,58,4,206
27,623,206,162
4,27,162,40
206,4,40,552
162,206,552,3
40,162,3,243
552,40,243,19836
3,552,19836,12
243,3,12,259
19836,243,259,4
12,19836,4,4000
259,12,4000,54890
4,259,54890,408
4000,4,408,195
54890,4000,195,2488
408,54890,2488,1325
195,408,1325,14653
2488,195,14653,8
1325,2488,8,51
14653,1325,51,7
8,14653,7,201
51,8,201,9
7,51,9,14345
201,7,14345,7
9,201,7,201
14345,9,201,9
7,14345,9,21873
201,7,21873,1854
9,201,1854,58
21873,9,58,653
1854,21873,653,11
58,1854,11,230
653,58,230,16839
11,653,16839,106
230,11,106,12
16839,230,12,188
106,16839,188,423
12,106,423,5
188,12,5,32
423,188,32,36
5,423,36,1204
32,5,1204,135
36,32,135,117
1204,36,117,494
135,1204,494,145
117,135,145,73253
494,117,73253,16120
145,494,16120,2
73253,145,2,172
16120,73253,172,619
2,16120,619,3
172,2,3,2105
619,172,2105,1337
3,619,1337,3
2105,3,3,421
1337,2105,421,8
3,1337,8,162
421,3,162,40
8,421,40,1205
162,8,1205,224
40,162,224,1325
1205,40,1325,1178
224,1205,1178,6
1325,224,6,2
1178,1325,2,18296
6,1178,18296,106
2,6,106,12
18296,2,12,27
106,18296,27,648
12,106,648,6
27,12,6,766
648,27,766,9
6,648,9,106
766,6,106,12
9,766,12,15774
106,9,15774,90562
12,106,90562,90
15774,12,90,1036
90562,15774,1036,775
90,90562,775,58
1036,90,58,16
775,1036,16,424
58,775,424,3
16,58,3,691
424,16,691,898
3,424,898,66068
691,3,66068,147
898,691,147,3
66068,898,3,477
147,66068,477,73
3,147,73,3713
477,3,3713,42
73,477,42,28
3713,73,28,42
42,3713,42,669
28,42,669,111
42,28,111,45817
669,42,45817,206
111,669,206,688
45817,111,688,1333
206,45817,1333,2
688,206,2,4363
1333,688,4363,188
2,1333,188,1022
4363,2,1022,4
188,4363,4,1641
1022,188,1641,2507
4,1022,2507,20
1641,4,20,23392
2507,1641,23392,2
20,2507,2,182
23392,20,182,5
2,23392,5,43
182,2,43,31
5,182,31,178
43,5,178,20
31,43,20,7
178,31,7,2
20,178,2,96
7,20,96,36
2,7,36,972
96,2,972,66
36,96,66,30
972,36,30,16
66,972,16,110
30,66,110,3
16,30,3,858
110,16,858,4
3,110,4,1022
858,3,1022,8
4,858,8,7
1022,4,7,14110
8,1022,14110,3
7,8,3,67
14110,7,67,287
3,14110,287,28
67,3,28,598
287,67,598,202
28,287,202,964
598,28,964,200
202,598,200,18209
964,202,18209,802
200,964,802,58
18209,200,58,763
802,18209,763,369
58,802,369,1247
763,58,1247,3204
369,763,3204,5
1247,369,5,222
3204,1247,222,6
5,3204,6,9036
222,5,9036,1022
6,222,1022,7
9036,6,7,2
1022,9036,2,531
7,1022,531,1034
2,7,1034,5
531,2,5,1853
1034,531,1853,8
5,1034,8,98
1853,5,98,127
8,1853,127,287
98,8,287,40
127,98,40,147
287,127,147,11
40,287,11,4373
147,40,4373,865
11,147,865,111
4373,11,111,19836
865,4373,19836,16
111,865,16,2008
19836,111,2008,3
16,19836,3,11489
2008,16,11489,1736
3,2008,1736,2
11489,3,2,334
1736,11489,334,52
2,1736,52,44
334,2,44,27
52,334,27,7
44,52,7,287
27,44,287,4
7,27,4,11
287,7,11,41168
4,287,41168,15910
11,4,15910,354
41168,11,354,714
15910,41168,714,775
354,15910,775,58
714,354,58,55
775,714,55,6290
58,775,6290,8
55,58,8,415
6290,55,415,3225
8,6290,3225,15
415,8,15,9909
3225,415,9909,9961
15,3225,9961,648
9909,15,648,8
9961,9909,8,929
648,9961,929,853
8,648,853,734
929,8,734,5
853,929,5,22694
734,853,22694,8
5,734,8,115
22694,5,115,172
8,22694,172,597
115,8,597,24
172,115,24,11626
597,172,11626,56
24,597,56,12
11626,24,12,1592
56,11626,1592,1228
12,56,1228,928
1592,12,928,27
1228,1592,27,4
928,1228,4,193
27,928,193,260
4,27,260,31986
193,4,31986,1736
260,193,1736,4
31986,260,4,140
1736,31986,140,95
4,1736,95,6
140,4,6,233
95,140,233,16
6,95,16,42
233,6,42,31
16,233,31,234
42,16,234,73
31,42,73,26
234,31,26,219
73,234,219,56
26,73,56,5
219,26,5,664
56,219,664,15
5,56,15,287
664,5,287,38
15,664,38,97
287,15,97,1595
6540,1967,10608,2814
13151,6540,2814,14035
10608,13151,14035,1785
2814,10608,1785,8991
14035,2814,8991,3147
1785,14035,3147,11866
8991,1785,11866,164
3147,8991,164,30
11866,3147,30,16
164,11866,16,12
30,164,12,3582
16,30,3582,5
12,16,5,51
3582,12,51,7
5,3582,7,88
51,5,88,2289
7,51,2289,88
88,7,88,344
2289,88,344,127
88,2289,127,85
344,88,85,5
127,344,5,67
85,127,67,3452
5,85,3452,53
67,5,53,2
3452,67,2,182
53,3452,182,12
2,53,12,368
182,2,368,8
12,182,8,801
368,12,801,239
8,368,239,820
801,8,820,356
239,801,356,10
820,239,10,801
356,820,801,79
10,356,79,1764
801,10,1764,5
79,801,5,94
1764,79,94,4
5,1764,4,38
94,5,38,7897
4,94,7897,9
38,4,9,266
7897,38,266,6
9,7897,6,202
266,9,202,287
6,266,287,138
202,6,138,27
287,202,27,30
138,287,30,18
27,138,18,4
30,27,4,5859
18,30,5859,738
4,18,738,883
5859,4,883,31
738,5859,31,7
883,738,7,6675
31,883,6675,8156
7,31,8156,8707
6675,7,8707,4766
8156,6675,4766,4
8707,8156,4,412
4766,8707,412,41
4,4766,41,65
412,4,65,2
41,412,2,6482
65,41,6482,6018
2,65,6018,31
6482,2,31,13
6018,6482,13,1315
31,6018,1315,3
13,31,3,19763
1315,13,19763,727
3,1315,727,226
19763,3,226,79
727,19763,79,3410
226,727,3410,22
79,226,22,4080
3410,79,4080,107
22,3410,107,34
4080,22,34,2099
107,4080,2099,48
34,107,48,38
2099,34,38,255
48,2099,255,12
38,48,12,57
255,38,57,435
12,255,435,30
57,12,30,18
435,57,18,78
30,435,78,32
18,30,32,470
78,18,470,61
32,78,61,1873
470,32,1873,9
61,470,9,162
1873,61,162,11
9,1873,11,34
162,9,34,123
11,162,123,226
34,11,226,845
123,34,845,79
226,123,79,2
845,226,2,9173
79,845,9173,475
2,79,475,6757
9173,2,6757,4
475,9173,4,789
6757,475,789,67
4,6757,67,767
789,4,767,4
67,789,4,218
767,67,218,338
4,767,338,4
218,4,4,288
338,218,288,1418
4,338,1418,8
288,4,8,63
1418,288,63,71
8,1418,71,13
63,8,13,42
71,63,42,25
13,71,25,136
42,13,136,9
25,42,9,30
136,25,30,219
9,136,219,631
30,9,631,37
219,30,37,2
631,219,2,565
37,631,565,31
2,37,31,13
565,2,13,47
31,565,47,99
13,31,99,1220
47,13,1220,2
99,47,2,143
1220,99,143,35
2,1220,35,387
143,2,387,4
35,143,4,269
387,35,269,5
4,387,5,35
269,4,35,11
5,269,11,4071
35,5,4071,21177
11,35,21177,6
4071,11,6,48
21177,4071,48,5
6,21177,5,95
48,6,95,564
5,48,564,4
95,5,4,84
564,95,84,23
4,564,23,117
84,4,117,5
23,84,5,51
117,23,51,13
5,117,13,47
51,5,47,2
13,51,2,8963
47,13,8963,3406
2,47,3406,69
8963,2,69,1056
3406,8963,1056,3
69,3406,3,1130
1056,69,1130,1246
3,1056,1246,5
1130,3,5,42
1246,1130,42,138
5,1246,138,1672
42,5,1672,27
138,42,27,30
1672,138,30,18
27,1672,18,4270
30,27,4270,42
18,30,42,148
4270,18,148,30
42,4270,30,16
148,42,16,6066
30,148,6066,352
16,30,352,78
6066,16,78,7
352,6066,7,99
78,352,99,565
7,78,565,3
99,7,3,9725
565,99,9725,2837
3,565,2837,3254
9725,3,3254,3
2837,9725,3,247
3254,2837,247,287
3,3254,287,5
247,3,5,42
287,247,42,5
5,287,5,157
42,5,157,103
5,42,103,372
157,5,372,675
103,157,675,10
372,103,10,1041
675,372,1041,3
10,675,3,689
1041,10,689,3296
3,1041,3296,5
689,3,5,48
3296,689,48,5
5,3296,5,8
48,5,8,6
5,48,6,156
8,5,156,2
6,8,2,2698
156,6,2698,85
2,156,85,1614
2698,2,1614,29
85,2698,29,30
1614,85,30,18
29,1614,18,136
30,29,136,3
18,30,3,2303
136,18,2303,9484
3,136,9484,78
2303,3,78,69
9484,2303,69,7
78,9484,7,689
69,78,689,3296
7,69,3296,5
689,7,5,8
3296,689,8,4
5,3296,4,26
8,5,26,307
4,8,307,4
26,4,4,9366
307,26,9366,5498
4,307,5498,339
9366,4,339,8
5498,9366,8,6796
339,5498,6796,49
8,339,49,18566
6796,8,18566,691
49,6796,691,3
18566,49,3,135
691,18566,135,97
3,691,97,499
135,3,499,9
97,135,9,63
499,97,63,10
9,499,10,801
63,9,801,24
10,63,24,1260
801,10,1260,168
24,801,168,1225
1260,24,1225,4
168,1260,4,168
1225,168,168,31197
4,1225,31197,5
168,4,5,454
31197,168,454,3
5,31197,3,296
454,5,296,102
3,454,102,138
296,3,138,27
102,296,27,4
138,102,4,164
27,138,164,30
4,27,30,16
164,4,16,1645
30,164,1645,15
16,30,15,23736
1645,16,23736,3578
15,1645,3578,12
23736,15,12,343
3578,23736,343,5
12,3578,5,20
343,12,20,14706
5,343,14706,85
20,5,85,4
14706,20,4,78
85,14706,78,13
4,85,13,398
78,4,398,43
13,78,43,13320
398,13,13320,2722
43,398,2722,5
13320,43,5,271
2722,13320,271,3
5,2722,3,2303
271,5,2303,6
3,271,6,2
2303,3,2,108
6,2303,108,8
2,6,8,488
108,2,488,859
8,108,859,8760
488,8,8760,101
859,488,101,84
8760,859,84,261
101,8760,261,606
84,101,606,8742
261,84,8742,164
606,261,164,10
8742,606,10,7
164,8742,7,460
10,164,460,5
7,10,5,43
460,7,43,880
5,460,880,78
43,5,78,672
880,43,672,460
78,880,460,5
672,78,5,20
460,672,20,69
5,460,69,46
20,5,46,78
69,20,78,32
46,69,32,7909
78,46,7909,355
32,78,355,109
7909,32,109,25
355,7909,25,123
109,355,123,2
25,109,2,1037
123,25,1037,3578
2,123,3578,790
1037,2,790,8
3578,1037,8,2632
790,3578,2632,339
8,790,339,4
2632,8,4,1062
339,2632,1062,82
4,339,82,106
1062,4,106,1668
82,1062,1668,164
106,82,164,3
1668,106,3,33
164,1668,33,78
3,164,78,4
33,3,4,3542
78,33,3542,6
4,78,6,103
3542,4,103,44
6,3542,44,30
103,6,30,17
44,103,17,791
30,44,791,33
17,30,33,51
791,17,51,33
33,791,33,380
51,33,380,47
33,51,47,9207
380,33,9207,3
47,380,3,17
9207,47,17,228
3,9207,228,112
17,3,112,668
228,17,668,290
112,228,290,12651
668,112,12651,63
290,668,63,1468
12651,290,1468,806
63,12651,806,880
1468,63,880,78
806,1468,78,32
880,806,32,672
78,880,672,336
32,78,336,20
672,32,20,463
367,125,51,12
1983,367,12,634
51,1983,634,5
12,51,5,270
634,12,270,88
5,634,88,4067
270,5,4067,45
88,270,45,149
4067,88,149,25
45,4067,25,1902
