463,20,886,442
14,463,442,318
886,14,318,109
442,886,109,23
318,442,23,353
109,318,353,336
23,109,336,20
353,23,20,463
5,727,623,278
263,5,278,77
623,263,77,1840
278,623,1840,109
77,278,109,204
1840,77,204,270
109,1840,270,462
204,109,462,727
270,204,727,5
462,270,5,48
727,462,48,411
5,727,411,6
48,5,6,2
411,48,2,264
6,411,264,263
2,6,263,737
264,2,737,199
263,264,199,28
737,263,28,26
199,737,26,3976
28,199,3976,8
26,28,8,23480
3976,26,23480,5
8,3976,5,815
23480,8,815,175
5,23480,175,204
815,5,204,4
175,815,4,652
204,175,652,434
4,204,434,19
652,4,19,1496
434,652,1496,771
19,434,771,6
1496,19,6,278
771,1496,278,77
6,771,77,2380
278,6,2380,79
77,278,79,2
2380,77,2,450
79,2380,450,215
2,79,215,844
450,2,844,336
215,450,336,5
844,215,5,95
336,844,95,31
5,336,31,137
95,5,137,6370
31,95,6370,5
137,31,5,108
6370,137,108,124
5,6370,124,258
108,5,258,6
124,108,6,746
258,124,746,475
6,258,475,2
746,6,2,422
475,746,422,36
2,475,36,131
422,2,131,422
36,422,422,7
131,36,7,84
422,131,84,23
7,422,23,129
84,7,129,4
23,84,4,95
129,23,95,31
4,129,31,27174
95,4,27174,10
31,95,10,2
27174,31,2,762
10,27174,762,36
2,10,36,131
762,2,131,762
36,762,762,5681
131,36,5681,129
762,131,129,5
5681,762,5,770
129,5681,770,25982
5,129,25982,166
770,5,166,737
25982,770,737,654
166,25982,654,456
737,166,456,25239
654,737,25239,425
456,654,425,12
25239,456,12,473
425,25239,473,1841
12,425,1841,129
473,12,129,5
1841,473,5,411
129,1841,411,28
5,129,28,26
411,5,26,77
28,411,77,276
26,28,276,2
77,26,2,1357
276,77,1357,661
2,276,661,3
1357,2,3,194
661,1357,194,59
3,661,59,1574
194,3,1574,331
59,194,331,553
1574,59,553,52
331,1574,52,26
553,331,26,1050
52,553,1050,10
26,52,10,451
1050,26,451,8
10,1050,8,204
451,10,204,4
8,451,4,652
204,8,652,40
4,204,40,1409
652,4,1409,346
40,652,346,2
1409,40,2,8108
346,1409,8108,3310
2,346,3310,1154
8108,2,1154,3
3310,8108,3,771
1154,3310,771,129
3,1154,129,3336
771,3,3336,8
129,771,8,20
3336,129,20,1934
8,3336,1934,14
20,8,14,253
1934,20,253,36
14,1934,36,131
253,14,131,253
36,253,253,31449
131,36,31449,129
253,131,129,6173
31449,253,6173,6370
129,31449,6370,5
6173,129,5,156
6370,6173,156,4
5,6370,4,1179
156,5,1179,2
4,156,2,762
1179,4,762,36
2,1179,36,131
762,2,131,762
36,762,762,4
131,36,4,129
762,131,129,28
4,762,28,8
129,4,8,26
28,129,26,77
8,28,77,661
26,8,661,194
77,26,194,72
661,77,72,74
194,661,74,727
72,194,727,82
74,72,82,129
727,74,129,82
82,727,82,5
129,82,5,263
82,129,263,28
5,82,28,26
263,5,26,1507
28,263,1507,5
26,28,5,38
1507,26,38,133
5,1507,133,2278
38,5,2278,6
133,38,6,604
2278,133,604,844
6,2278,844,4
604,6,4,129
844,604,129,28
4,844,28,26
129,4,26,13
28,129,13,2
26,28,2,1322
13,26,1322,36
2,13,36,3418
1322,2,3418,1322
36,1322,1322,2252
3418,36,2252,3
1322,3418,3,20
2252,1322,20,72
3,2252,72,203
20,3,203,2
72,20,2,2051
203,72,2051,82
2,203,82,129
2051,2,129,82
82,2051,82,77
129,82,77,661
82,129,661,194
77,82,194,37
661,77,37,38
194,661,38,520
37,194,520,384
38,37,384,12
520,38,12,1073
384,520,1073,95
12,384,95,31
1073,12,31,486
95,1073,486,8
31,95,8,204
486,31,204,121
8,486,121,218
204,8,218,559
121,204,559,4
218,121,4,95
559,218,95,31
4,559,31,486
95,4,486,8
31,95,8,1619
486,31,1619,121
8,486,121,17
1619,8,17,1593
121,1619,1593,50
17,121,50,1159
1593,17,1159,129
50,1593,129,102
1159,50,102,129
129,1159,129,5137
102,129,5137,15
129,102,15,129
5137,129,129,1340
15,5137,1340,194
129,15,194,196
1340,129,196,831
194,1340,831,3
196,194,3,661
831,196,661,446
3,831,446,5
661,3,5,3555
446,661,3555,37
5,446,37,743
3555,5,743,6
37,3555,6,278
743,37,278,4
6,743,4,263
278,6,263,603
4,278,603,163
263,4,163,559
603,263,559,102
163,603,102,467
559,163,467,35
102,559,35,7
467,102,7,5012
35,467,5012,19991
7,35,19991,430
5012,7,430,53
19991,5012,53,2036
430,19991,2036,2636
53,430,2636,422
2036,53,422,14268
2636,2036,14268,129
422,2636,129,28
14268,422,28,26
129,14268,26,50
28,129,50,131
26,28,131,1867
50,26,1867,579
131,50,579,974
1867,131,974,6
579,1867,6,278
974,579,278,4
6,974,4,129
278,6,129,1254
4,278,1254,4510
129,4,4510,10532
1254,129,10532,15
4510,1254,15,139
10532,4510,139,72
15,10532,72,203
139,15,203,2
72,139,2,2672
203,72,2672,82
2,203,82,129
2672,2,129,82
82,2672,82,28
129,82,28,8
82,129,8,26
28,82,26,50
8,28,50,21
26,8,21,1918
50,26,1918,6
21,50,6,39
1918,21,39,37
6,1918,37,278
39,6,278,2
37,39,2,707
278,37,707,199
2,278,199,1535
707,2,1535,2
199,707,2,66
1535,199,66,404
2,1535,404,19
66,2,19,679
404,66,679,25239
19,404,25239,456
679,19,456,822
25239,679,822,8
456,25239,8,74
822,456,74,129
8,822,129,5
74,8,5,263
129,74,263,553
5,129,553,1232
263,5,1232,603
553,263,603,559
1232,553,559,102
603,1232,102,7
559,603,7,430
102,559,430,6
7,102,6,278
430,7,278,4
6,430,4,462
278,6,462,2
4,278,2,727
462,4,727,5
2,462,5,81
727,2,81,596
5,727,596,8
81,5,8,10
596,81,10,14
8,596,14,101
10,8,101,9
14,10,9,204
101,14,204,3
9,101,3,144
204,9,144,92
3,204,92,5
144,3,5,278
92,144,278,35479
5,92,35479,63
278,5,63,3358
35479,278,3358,1212
63,35479,1212,2
3358,63,2,382
1212,3358,382,199
2,1212,199,1535
382,2,1535,544
199,382,544,20
1535,199,20,205
544,1535,205,19
20,544,19,6375
205,20,6375,654
19,205,654,456
6375,19,456,104636
654,6375,104636,822
456,654,822,8
104636,456,8,129
822,104636,129,5
8,822,5,263
129,8,263,178
5,129,178,8
263,5,8,701
178,263,701,1187
8,178,1187,5
701,8,5,603
1187,701,603,163
5,1187,163,3535
603,5,3535,559
163,603,559,6
3535,163,6,1575
559,3535,1575,278
6,559,278,14
1575,6,14,102661
278,1575,102661,4
14,278,4,3940
102661,14,3940,86
4,102661,86,129
3940,4,129,28
86,3940,28,1674
129,86,1674,5
28,129,5,3811
1674,28,3811,12
5,1674,12,177
3811,5,177,5
12,3811,5,263
177,12,263,215
5,177,215,18
263,5,18,76
215,263,76,1631
18,215,1631,6
76,18,6,738
1631,76,738,204
6,1631,204,99
738,6,99,2792
204,738,2792,4
99,204,4,603
2792,99,603,163
4,2792,163,5410
603,4,5410,6
163,603,6,278
5410,163,278,6
6,5410,6,75
278,6,75,2730
6,278,2730,2
75,6,2,1281
2730,75,1281,9
2,2730,9,215
1281,2,215,248
9,1281,248,24
215,9,24,604
248,215,604,92
24,248,92,54
604,24,54,7
92,604,7,1027
54,92,1027,4817
7,54,4817,467
1027,7,467,35
4817,1027,35,4
467,4817,4,2404
35,467,2404,151
4,35,151,263
2404,4,263,124
151,2404,124,1129
263,151,1129,608
124,263,608,3421
1129,124,3421,1619
608,1129,1619,12
3421,608,12,430
1619,3421,430,6
12,1619,6,278
430,12,278,12
6,430,12,1029
278,6,1029,109
12,278,109,38
1029,12,38,179
109,1029,179,13
38,109,13,619
179,38,619,604
13,179,604,215
619,13,215,6
604,619,6,5466
215,604,5466,3646
6,215,3646,1330
5466,6,1330,6
3646,5466,6,2299
1330,3646,2299,2382
6,1330,2382,163
2299,6,163,56
2382,2299,56,5
163,2382,5,133
6,8,14,2
682,6,2,527
14,682,527,8
2,14,8,5377
527,2,5377,2663
8,527,2663,4311
5377,8,4311,5372
2663,5377,5372,115
4311,2663,115,8410
5372,4311,8410,24
115,5372,24,22
8410,115,22,15358
24,8410,15358,6
22,24,6,39805
15358,22,39805,1464
6,15358,1464,3
39805,6,3,185
1464,39805,185,2928
3,1464,2928,10630
185,3,10630,12
2928,185,12,1467
10630,2928,1467,2958
12,10630,2958,421
1467,12,421,1010
2958,1467,1010,2016
421,2958,2016,460
1010,421,460,7
2016,1010,7,4054
460,2016,4054,29
7,460,29,10
4054,7,10,584
29,4054,584,21
10,29,21,4742
584,10,4742,88
21,584,88,5
4742,21,5,1716
88,4742,1716,12
5,88,12,421
1716,5,421,13
12,1716,13,1737
421,12,1737,183
13,421,183,919
1737,13,919,15
183,1737,15,699
919,183,699,2
15,919,2,5372
699,15,5372,366
2,699,366,3
5372,2,3,1669
366,5372,1669,1464
3,366,1464,297
1669,3,297,7
1464,1669,7,396
297,1464,396,137
7,297,137,89
396,7,89,1451
137,396,1451,17975
89,137,17975,9
1451,89,9,20
17975,1451,20,29
9,17975,29,7
20,9,7,403
29,20,403,7
7,29,7,107094
403,7,107094,33
7,403,33,2941
107094,7,2941,297
33,107094,297,4570
2941,33,4570,4
297,2941,4,3714
4570,297,3714,27806
4,4570,27806,425
3714,4,425,8
27806,3714,8,640
425,27806,640,5372
8,425,5372,366
640,8,366,5
5372,640,5,454
366,5372,454,1920
5,366,1920,2
454,5,2,1669
1920,454,1669,559
2,1920,559,171
1669,2,171,10863
559,1669,10863,124
171,559,124,421
10863,171,421,350
124,10863,350,140
421,124,140,15
350,421,15,2130
140,350,2130,86
15,140,86,295
2130,15,295,2
86,2130,2,349
295,86,349,2
2,295,2,15727
349,2,15727,4564
2,349,4564,1737
15727,2,1737,311
4564,15727,311,351
1737,4564,351,24
311,1737,24,794
351,311,794,1601
24,351,1601,24
794,24,24,2130
1601,794,2130,295
24,1601,295,3
2130,24,3,10863
295,2130,10863,2130
3,295,2130,2494
10863,3,2494,23976
2130,10863,23976,134
2494,2130,134,1010
23976,2494,1010,2016
134,23976,2016,7
1010,134,7,324
2016,1010,324,349
7,2016,349,30
324,7,30,100
349,324,100,47
30,349,47,424
100,30,424,3
47,100,3,93
424,47,93,2031
3,424,2031,83
93,3,83,53
2031,93,53,10
83,2031,10,14
53,83,14,72896
10,53,72896,14
14,10,14,5
72896,14,5,376
14,72896,376,64
5,14,64,1669
376,5,1669,6
64,376,6,17843
1669,64,17843,1035
6,1669,1035,29
17843,6,29,53
1035,17843,53,14
29,1035,14,2
53,29,2,8310
14,53,8310,676
2,14,676,4
8310,2,4,8
676,8310,8,1350
4,676,1350,51
8,4,51,5372
1350,8,5372,2898
51,1350,2898,3
5372,51,3,2
2898,5372,2,2
3,2898,2,1669
2,3,1669,559
2,2,559,11
1669,2,11,68
559,1669,68,897
11,559,897,11
68,11,11,14
897,68,14,86
11,897,86,2130
14,11,2130,523
86,14,523,2835
2130,86,2835,3815
523,2130,3815,54
2835,523,54,23976
3815,2835,23976,5899
54,3815,5899,1336
23976,54,1336,30
5899,23976,30,50
1336,5899,50,48
30,1336,48,56
50,30,56,15
48,50,15,67
56,48,67,1792
15,56,1792,2414
67,15,2414,8
1792,67,8,44
2414,1792,44,3
8,2414,3,1104
44,8,1104,676
3,44,676,23976
1104,3,23976,44
676,1104,44,7
23976,676,7,100
44,23976,100,47
7,44,47,56
100,7,56,53
47,100,53,15
56,47,15,2
53,56,2,2414
15,53,2414,100014
2,15,100014,22
2414,2,22,366
100014,2414,366,5
22,100014,5,454
366,22,454,388
5,366,388,1669
454,5,1669,837
388,454,837,6
1669,388,6,3363
837,1669,3363,10157
6,837,10157,7
3363,6,7,2074
10157,3363,2074,19
7,10157,19,1716
2074,7,1716,82
19,2074,82,1716
1716,19,1716,5
82,1716,5,200
1716,82,200,5372
5,1716,5372,491
200,5,491,12
5372,200,12,585
491,5372,585,6
12,491,6,280
585,12,280,60
6,585,60,6
280,6,6,22
60,280,22,563
6,60,563,39805
22,6,39805,1464
563,22,1464,5372
39805,563,5372,468
1464,39805,468,5
5372,1464,5,3686
468,5372,3686,2
5,468,2,1130
3686,5,1130,9023
2,3686,9023,2013
1130,2,2013,418
9023,1130,418,15
2013,9023,15,2
418,2013,2,1792
15,418,1792,2414
2,15,2414,120
1792,2,120,7
2414,1792,7,946
120,2414,946,7
7,120,7,2
946,7,2,18912
7,946,18912,1865
2,7,1865,6374
18912,2,6374,4
1865,18912,4,30
6374,1865,30,295
4,6374,295,1239
30,4,1239,56
295,30,56,5
1239,295,5,98900
56,1239,98900,8884
5,56,8884,8262
98900,5,8262,9
8884,98900,9,2130
8262,8884,2130,14
9,8262,14,382
2130,9,382,11
14,2130,11,607
382,14,607,17616
11,382,17616,2
607,11,2,1303
17616,607,1303,19
2,17616,19,2590
1303,2,2590,15
19,1303,15,27077
2590,19,27077,215
15,2590,215,4
27077,15,4,425
215,27077,425,104
4,215,104,44
425,4,44,27077
104,425,27077,1305
44,104,1305,477
27077,44,477,3
1305,27077,3,17
477,1305,17,377
3,477,377,41
17,3,41,6510
377,17,6510,65
41,377,65,794
6510,41,794,454
65,6510,454,3943
794,65,3943,6
454,794,6,17966
3943,454,17966,1405
6,3943,1405,163
17966,6,163,1293
1405,17966,1293,92
163,1405,92,925
1293,163,925,6
92,1293,6,302
925,92,302,5
6,925,5,88
302,6,88,5
5,302,5,133
88,5,133,53
5,88,53,14
133,5,14,64
53,133,64,1526
14,53,1526,5
64,14,5,454
1526,64,454,3
5,1526,3,93
454,5,93,1239
3,454,1239,56
93,3,56,5
1239,93,5,53
56,1239,53,255
5,56,255,9
53,5,9,45
255,53,45,31
9,255,31,299
45,9,299,37
31,45,37,699
299,31,699,7
37,299,7,8
699,37,8,5372
7,699,5372,7
8,7,7,21
5372,8,21,253
7,5372,253,3
21,7,3,17
253,21,17,4514
3,253,4514,9
17,3,9,36740
4514,17,36740,10
9,4514,10,11
36740,9,11,2
10,36740,2,5953
11,10,5953,63340
2,11,63340,82
5953,2,82,1062
63340,5953,1062,22
82,63340,22,366
1062,82,366,3
22,1062,3,17
366,22,17,1294
3,366,1294,5
17,3,5,3676
1294,17,3676,77934
5,1294,77934,59
3676,5,59,11
77934,3676,11,2166
59,77934,2166,61
11,59,61,6
2166,11,6,99910
61,2166,99910,43609
6,61,43609,136
99910,6,136,5
43609,99910,5,1716
136,43609,1716,12
5,136,12,421
1716,5,421,7
12,1716,7,3297
421,12,3297,7611
7,421,7611,5916
3297,7,5916,5
7611,3297,5,699
5916,7611,699,3
5,5916,3,5252
699,5,5252,7
3,699,7,465
5252,3,465,901
7,5252,901,65
465,7,65,6
901,465,6,5372
65,901,5372,1669
6,65,1669,1464
5372,6,1464,13233
1669,5372,13233,22348
1464,1669,22348,421
13233,1464,421,51767
22348,13233,51767,5
421,22348,5,39
51767,421,39,220
5,51767,220,13274
39,5,13274,97
220,39,97,50
13274,220,50,340
97,13274,340,186
50,97,186,1130
340,50,1130,3
186,340,3,923
1130,186,923,65
3,1130,65,15727
923,3,15727,4564
65,923,4564,14
15727,65,14,3
4564,15727,3,5372
14,4564,5372,41
3,14,41,644
5372,3,644,703
41,5372,703,366
644,41,366,5
703,644,5,39424
366,703,39424,14532
5,366,14532,1464
39424,5,1464,6
14532,39424,6,1985
1464,14532,1985,14
6,1464,14,292
1985,6,292,12
14,1985,12,80
292,14,80,76441
12,292,76441,416
80,12,416,7
76441,80,7,2054
416,76441,2054,295
7,416,295,2
2054,7,2,273
295,2054,273,460
2,295,460,732
273,2,732,128
460,273,128,66
732,460,66,7
128,732,7,2342
66,128,2342,421
7,66,421,2321
2342,7,2321,4003
421,2342,4003,40
2321,421,40,513
4003,2321,513,2
40,4003,2,786
513,40,786,9
2,513,9,29118
786,2,29118,434
9,786,434,5
29118,9,5,1116
434,29118,1116,19852
5,434,19852,12978
1116,5,12978,3949
19852,1116,3949,613
12978,19852,613,75
3949,12978,75,2854
613,3949,2854,14226
75,613,14226,28597
2854,75,28597,89
14226,2854,89,9
28597,14226,9,10
89,28597,10,29
9,89,29,11
10,9,11,7
29,10,7,25
11,29,25,122
7,11,122,7
25,7,7,403
122,25,403,3
7,122,3,17
403,7,17,732
3,403,732,20
17,3,20,60
732,17,60,46
20,732,46,19
60,20,19,13409
46,60,13409,2779
19,46,2779,2957
13409,19,2957,3693
2779,13409,3693,511
2957,2779,511,65
3693,2957,65,13693
511,3693,13693,10
65,511,10,82
13693,65,82,7
10,13693,7,25
82,10,25,913
7,82,913,3
25,7,3,17
913,25,17,201
3,913,201,39
17,3,39,7
201,17,7,7
39,201,7,380
7,39,380,2185
7,7,2185,2
380,7,2,182
2185,380,182,5
2,2185,5,12854
182,2,12854,676
5,182,676,6
12854,5,6,130
676,12854,130,60
6,676,60,7
130,6,7,2837
60,130,2837,3
7,60,3,116
2837,7,116,7
3,2837,7,55
116,3,55,84
7,116,84,366
55,7,366,3
84,55,3,18
366,84,18,1920
3,366,1920,2
18,3,2,1669
1920,18,1669,559
2,1920,559,1056
1669,2,1056,200
12,336,985,126
672,12,126,5635
985,672,5635,15894
126,985,15894,14705
5635,126,14705,14
15894,5635,14,1192
14705,15894,1192,3
14,14705,3,2863
1192,14,2863,150
3,1192,150,6391
2863,3,6391,23
150,2863,23,1797
6391,150,1797,868
23,6391,868,442
1797,23,442,330
868,1797,330,11
442,868,11,14
330,442,14,134
11,330,134,19
14,11,19,528
134,14,528,53
19,134,53,14
528,19,14,2
53,528,2,160
14,53,160,5
2,14,5,240
160,2,240,14705
5,160,14705,365
240,5,365,3
14705,240,3,338
365,14705,338,152
3,365,152,3
338,3,3,2334
152,338,2334,49
3,152,49,2545
2334,3,2545,405
49,2334,405,335
2545,49,335,3
405,2545,3,4528
335,405,4528,49
3,335,49,1538
4528,3,1538,54
49,4528,54,14
1538,49,14,3148
54,1538,3148,19
14,54,19,304
3148,14,304,12
19,3148,12,49
304,19,49,5000
12,304,5000,7
49,12,7,569
