26,29,86,25
55,26,25,25
86,55,25,52
25,86,52,10
25,25,10,801
52,25,801,38
10,52,38,107
801,10,107,2
38,801,2,30
107,38,30,18
2,107,18,260
30,2,260,388
18,30,388,26
260,18,26,34
388,260,34,172
26,388,172,23
34,26,23,412
172,34,412,3
23,172,3,93
412,23,93,51
3,412,51,26
93,3,26,14
51,93,14,76
26,51,76,2774
14,26,2774,5
76,14,5,2
2774,76,2,32
5,2774,32,82
2,5,82,71
32,2,71,19523
82,32,19523,164
71,82,164,7
19523,71,7,2
164,19523,2,9280
7,164,9280,5
2,7,5,3605
9280,2,3605,2448
5,9280,2448,19
3605,5,19,5965
2448,3605,5965,6
19,2448,6,343
5965,19,343,5
6,5965,5,2
343,6,2,32
5,343,32,82
2,5,82,71
32,2,71,592
82,32,592,32
71,82,32,82
592,71,82,71
32,592,71,27977
82,32,27977,991
71,82,991,34
27977,71,34,17
991,27977,17,88
34,991,88,7020
17,34,7020,4
88,17,4,30284
7020,88,30284,711
4,7020,711,6
30284,4,6,43
711,30284,43,352
6,711,352,32
43,6,32,34
352,43,34,247
32,352,247,5265
34,32,5265,72
247,34,72,2
5265,247,2,11
72,5265,11,465
2,72,465,13
11,2,13,171
465,11,171,69
13,465,69,21
171,13,21,72
69,171,72,9
21,69,9,283
72,21,283,337
9,72,337,29
283,9,29,87
337,283,87,11
29,337,11,34
87,29,34,484
11,87,484,49
34,11,49,142
484,34,142,12
49,484,12,4123
142,49,4123,553
12,142,553,894
4123,12,894,11
553,4123,11,5427
894,553,5427,370
11,894,370,11
5427,11,11,93
370,5427,93,2880
11,370,2880,11
93,11,11,13
2880,93,13,1023
11,2880,1023,49
13,11,49,478
1023,13,478,290
49,1023,290,71
478,49,71,34
290,478,34,96
71,290,96,696
34,71,696,224
96,34,224,48
696,96,48,74
224,696,74,108
48,224,108,113
74,48,113,5
108,74,5,696
113,108,696,250
5,113,250,1481
696,5,1481,1995
250,696,1995,4
1481,250,4,224
1995,1481,224,4
4,1995,4,22
224,4,22,8758
4,224,8758,23483
22,4,23483,9
8758,22,9,2444
23483,8758,2444,29
9,23483,29,12
2444,9,12,2
29,2444,2,136
12,29,136,1457
2,12,1457,2004
136,2,2004,2
1457,136,2,7749
2004,1457,7749,207
2,2004,207,42
7749,2,42,5
207,7749,5,104
42,207,104,224
5,42,224,34
104,5,34,17
224,104,17,2
34,224,2,21104
17,34,21104,6
2,17,6,226
21104,2,226,142
6,21104,142,70
226,6,70,45
142,226,45,34
70,142,34,208
45,70,208,285
34,45,285,116
208,34,116,699
285,208,699,37
116,285,37,51
699,116,51,340
37,699,340,801
51,37,801,12
340,51,12,405
801,340,405,92
12,801,92,1224
405,12,1224,36
92,405,36,37
1224,92,37,1278
36,1224,1278,8
37,36,8,11679
1278,37,11679,478
8,1278,478,105
11679,8,105,4
478,11679,4,492
105,478,492,213
4,105,213,105
492,4,105,674
213,492,674,34
105,213,34,208
674,105,208,285
34,674,285,609
208,34,609,682
285,208,682,3
609,285,3,2731
682,609,2731,106173
3,682,106173,3169
2731,3,3169,356
106173,2731,356,34
3169,106173,34,1356
356,3169,1356,3
34,356,3,2
1356,34,2,55210
3,1356,55210,147
2,3,147,3
55210,2,3,116
147,55210,116,1561
3,147,1561,120
116,3,120,294
1561,116,294,7
120,1561,7,3028
294,120,3028,56
7,294,56,15006
3028,7,15006,4
56,3028,4,6
15006,56,6,89724
4,15006,89724,86
6,4,86,2
89724,6,2,131
86,89724,131,281
2,86,281,23
131,2,23,172
281,131,172,34
23,281,34,116
172,23,116,1506
34,172,1506,1022
116,34,1022,4
1506,116,4,601
1022,1506,601,303
4,1022,303,5
601,4,5,1745
303,601,1745,118
5,303,118,4055
1745,5,4055,3
118,1745,3,1666
4055,118,1666,10
3,4055,10,580
1666,3,580,31
10,1666,31,1816
580,10,1816,36
31,580,36,1341
1816,31,1341,213
36,1816,213,34
1341,36,34,551
213,1341,551,17
34,213,17,2836
551,34,2836,7890
17,551,7890,1419
2836,17,1419,154
7890,2836,154,3
1419,7890,3,634
154,1419,634,110
3,154,110,845
634,3,845,45
110,634,45,34
845,110,34,116
45,845,116,1428
34,45,1428,412
116,34,412,37
1428,116,37,51
412,1428,51,7
37,412,7,245
51,37,245,1352
7,51,1352,6
245,7,6,197
1352,245,197,832
6,1352,832,36
197,6,36,37
832,197,37,832
36,832,832,444
37,36,444,401
832,37,401,4
444,832,4,492
401,444,492,1908
4,401,1908,7955
492,4,7955,6653
1908,492,6653,54
7955,1908,54,7
6653,7955,7,260
54,6653,260,859
7,54,859,280
260,7,280,34
859,260,34,247
280,859,247,80
34,280,80,41
247,34,41,25
80,247,25,143
41,80,143,35
25,41,35,34
143,25,34,576
35,143,576,4
34,35,4,8361
576,34,8361,1332
4,576,1332,3733
8361,4,3733,36226
1332,8361,36226,45
3733,1332,45,34
36226,3733,34,1366
45,36226,1366,8
34,45,8,157
1366,34,157,659
8,1366,659,79
157,8,79,6456
659,157,6456,58719
79,659,58719,55
6456,79,55,4
58719,6456,4,34
55,58719,34,208
4,55,208,17
34,4,17,2219
208,34,2219,4
17,208,4,8
2219,17,8,10
4,2219,10,34
8,4,34,17
10,8,17,1523
34,10,1523,9
17,34,9,81
1523,17,81,4
9,1523,4,38
81,9,38,552
4,81,552,42
38,4,42,3
552,38,3,93
42,552,93,805
3,42,805,6
93,3,6,156
805,93,156,2
6,805,2,1536
156,6,1536,20864
2,156,20864,1655
1536,2,1655,1327
20864,1536,1327,118
1655,20864,118,6898
1327,1655,6898,4830
118,1327,4830,7916
6898,118,7916,4
4830,6898,4,1732
7916,4830,1732,83
4,7916,83,3
1732,4,3,12
83,1732,12,2
3,83,2,2173
12,3,2173,1631
2,12,1631,19
2173,2,19,45
1631,2173,45,73
19,1631,73,32
45,19,32,71
73,45,71,4
32,73,4,1422
71,32,1422,87
4,71,87,8
1422,4,8,7
87,1422,7,912
8,87,912,51
7,8,51,34
912,7,34,505
51,912,505,1055
34,51,1055,426
505,34,426,34
1055,505,34,243
426,1055,243,56
34,426,56,1905
243,34,1905,10962
56,243,10962,9
1905,56,9,5893
10962,1905,5893,1291
9,10962,1291,489
5893,9,489,11608
1291,5893,11608,70
489,1291,70,64
11608,489,64,42
70,11608,42,34
64,70,34,14
42,64,14,157
34,42,157,11904
14,34,11904,5973
157,14,5973,39795
11904,157,39795,3115
5973,11904,3115,82165
39795,5973,82165,8
3115,39795,8,72
82165,3115,72,2
8,82165,2,209
72,8,209,1878
2,72,1878,207
209,2,207,226
1878,209,226,580
207,1878,580,40
226,207,40,340
580,226,340,14
40,580,14,3
340,40,3,317
14,340,317,3
3,14,3,9
317,3,9,2
3,317,2,282
9,3,282,924
2,9,924,1916
282,2,1916,595
924,282,595,602
1916,924,602,184
595,1916,184,3
602,595,3,406
184,602,406,842
3,184,842,1200
406,3,1200,22827
842,406,22827,959
1200,842,959,4
22827,1200,4,4791
959,22827,4791,3
4,959,3,17
4791,4,17,4716
3,4791,4716,1684
17,3,1684,16
4716,17,16,9251
1684,4716,9251,52
16,1684,52,26
9251,16,26,25
52,9251,25,21
26,52,21,2807
25,26,2807,2
21,25,2,4018
2807,21,4018,853
2,2807,853,64
4018,2,64,6495
853,4018,6495,226
64,853,226,12
6495,64,12,1028
226,6495,1028,14
12,226,14,3
1028,12,3,611
14,1028,611,6
3,14,6,22624
611,3,22624,650
6,611,650,86
22624,6,86,5104
650,22624,5104,7
86,650,7,3
5104,86,3,29640
7,5104,29640,198
3,7,198,10
29640,3,10,3177
198,29640,3177,4716
10,198,4716,70
3177,10,70,31
4716,3177,31,469
70,4716,469,6
31,70,6,133
469,31,133,9
6,469,9,38
133,6,38,83
9,133,83,337
38,9,337,34
83,38,34,3679
337,83,3679,3554
34,337,3554,2
3679,34,2,256
3554,3679,256,24554
2,3554,24554,5172
256,2,5172,17131
24554,256,17131,1278
5172,24554,1278,4
17131,5172,4,6410
1278,17131,6410,2708
4,1278,2708,19700
6410,4,19700,19
2708,6410,19,5697
19700,2708,5697,83
19,19700,83,3780
5697,19,3780,56
83,5697,56,4
3780,83,4,9695
56,3780,9695,198
4,56,198,3831
9695,4,3831,3291
198,9695,3291,20
3831,198,20,34
3291,3831,34,284
20,3291,284,6
34,20,6,4
284,34,4,2247
6,284,2247,8651
4,6,8651,5
2247,4,5,402
8651,2247,402,1777
5,8651,1777,54
402,5,54,34
1777,402,34,1292
54,1777,1292,345
34,54,345,3
1292,34,3,288
345,1292,288,1462
3,345,1462,398
288,3,398,8
1462,288,8,48
398,1462,48,1710
8,398,1710,16
48,8,16,23
1710,48,23,1381
16,1710,1381,1855
23,16,1855,503
1381,23,503,1398
1855,1381,1398,877
503,1855,877,6
1398,503,6,1517
877,1398,1517,55
6,877,55,1623
1517,6,1623,2934
55,1517,2934,56
1623,55,56,935
2934,1623,935,256
56,2934,256,24554
935,56,24554,660
256,935,660,34
24554,256,34,284
660,24554,284,6
34,660,6,1462
284,34,1462,5
6,284,5,226
1462,6,226,90
5,1462,90,16344
226,5,16344,2706
90,226,2706,156
16344,90,156,2
2706,16344,2,338
156,2706,338,214
2,156,214,2775
338,2,2775,3226
214,338,3226,4972
2775,214,4972,92
3226,2775,92,4
4972,3226,4,432
92,4972,432,4
4,92,4,911
432,4,911,42
4,432,42,5
911,4,5,48
42,911,48,92
5,42,92,836
48,5,836,104
92,48,104,2706
836,92,2706,551
104,836,551,55
2706,104,55,21
551,2706,21,17
55,551,17,3371
21,55,3371,6
17,21,6,2
3371,17,2,3012
6,3371,3012,10613
2,6,10613,402
3012,2,402,1655
10613,3012,1655,64
402,10613,64,323
1655,402,323,62
64,1655,62,136
323,64,136,432
62,323,432,1549
136,62,1549,7
432,136,7,7932
1549,432,7932,92
7,1549,92,34
7932,7,34,123
92,7932,123,10373
34,92,10373,664
123,34,664,3
10373,123,3,1730
664,10373,1730,83
3,664,83,48
1730,3,48,84268
83,1730,84268,39
48,83,39,4
84268,48,4,294
39,84268,294,1970
4,39,1970,38
294,4,38,1032
1970,294,1032,809
38,1970,809,34
1032,38,34,17
809,1032,17,1099
34,809,1099,152
17,34,152,54
1099,17,54,34
152,1099,34,86
54,152,86,17
34,54,17,606
86,34,606,7164
17,86,7164,4
606,17,4,1818
7164,606,1818,19
4,7164,19,45
1818,4,45,2
19,1818,2,921
45,19,921,2119
2,45,2119,578
921,2,578,34
2119,921,34,1798
578,2119,1798,73
34,578,73,10140
1798,34,10140,4156
73,1798,4156,45
10140,73,45,121
4156,10140,121,2700
45,4156,2700,38
121,45,38,634
2700,121,634,15
38,2700,15,2
634,38,2,136
15,634,136,699
2,15,699,2
136,2,2,26
699,136,26,1679
2,699,1679,55
26,2,55,101
1679,26,101,84
55,1679,84,87
101,55,87,10
84,101,10,34
87,84,34,247
10,87,247,136
34,10,136,2092
247,34,2092,4
136,247,4,41
2092,136,41,2598
4,2092,2598,3
41,4,3,346
2598,41,346,6
3,2598,6,475
346,3,475,270
6,346,270,1099
475,6,1099,152
270,475,152,7
1099,270,7,1832
152,1099,1832,2722
7,152,2722,98
1832,7,98,45
2722,1832,45,6
98,2722,6,352
45,98,352,18
6,45,18,367
352,6,367,495
18,352,495,4
367,18,4,45
495,367,45,121
4,495,121,3325
45,4,3325,10
121,45,10,2
3325,121,2,325
10,3325,325,26
2,10,26,55
325,2,55,122
26,325,122,26
55,26,26,55
122,55,55,2
26,122,2,2943
55,26,2943,4319
2,55,4319,19
2943,2,19,92
4319,2943,92,158
19,4319,158,4
92,19,4,492
158,92,492,6493
4,158,6493,3
492,4,3,38
6493,492,38,39438
3,6493,39438,5
38,3,5,670
39438,38,670,100
5,39438,100,1155
670,5,1155,5
100,670,5,16466
1155,100,16466,8763
5,1155,8763,34
16466,5,34,2861
8763,16466,2861,2
34,8763,2,26
2861,34,26,1153
2,2861,1153,3
26,2,3,2365
1153,26,2365,24
3,1153,24,70
2365,3,70,45
24,2365,45,31
70,24,31,34
45,70,34,17
31,45,17,4417
34,31,4417,61
17,34,61,19
4417,17,19,1385
61,4417,1385,793
19,61,793,5
1385,19,5,589
793,1385,589,207
5,793,207,44
589,5,44,2
207,589,2,227
44,207,227,1157
2,44,1157,1258
227,2,1258,497
1157,227,497,3471
1258,1157,3471,13
497,1258,13,2
3471,497,2,600
13,3471,600,5
2,13,5,1352
600,2,1352,52
5,600,52,32
1352,5,32,7
52,1352,7,612
32,52,612,53
7,32,53,7
612,7,7,2
53,612,2,600
7,53,600,5
2,7,5,2
600,2,2,497
5,600,497,3471
2,5,3471,52
497,2,52,27
3471,497,27,7
52,3471,7,612
27,52,612,1351
7,27,1351,7
612,7,7,2
1351,612,2,1776
7,1351,1776,105
2,7,105,528
1776,2,528,4
105,1776,4,26
528,105,26,34
4,528,34,25
26,4,25,622
34,26,622,26
25,34,26,55
622,25,55,3
26,622,3,4595
55,26,4595,114
3,55,114,4
4595,3,4,27982
114,4595,27982,288
4,114,288,1028
27982,4,1028,52
288,27982,52,45
1028,288,45,1386
52,1028,1386,27
45,52,27,74
1386,45,74,492
27,1386,492,1022
74,27,1022,1351
492,74,1351,13
1022,492,13,47
1351,1022,47,405
13,1351,405,52
47,13,52,32
405,47,32,192
52,405,192,45
32,52,45,34
192,32,34,1019
45,192,1019,17
34,45,17,12437
1019,34,12437,15
17,1019,15,5567
12437,17,5567,181
15,12437,181,37
5567,15,37,2774
181,5567,2774,5
37,181,5,85
2774,37,85,993
5,2774,993,3903
85,5,3903,4
993,85,4,257
3903,993,257,85
4,3903,85,20
257,4,20,34
85,257,34,17
20,85,17,177
34,20,177,5
17,34,5,2
177,17,2,9972
5,177,9972,315
2,5,315,3
9972,2,3,7459
315,9972,7459,687
3,315,687,9808
7459,3,9808,5
687,7459,5,70720
9808,687,70720,79
5,9808,79,27
70720,5,27,267
79,70720,267,100
27,79,100,1332
267,27,1332,4
100,267,4,93
1332,100,93,81
4,1332,81,3
93,4,3,744
81,93,744,21
3,81,21,993
744,3,993,1502
21,744,1502,85
993,21,85,5
1502,993,5,29
85,1502,29,12
5,85,12,235
29,5,235,85
12,29,85,120
235,12,120,26
85,235,26,34
120,85,34,5203
26,120,5203,17
34,26,17,134
5203,34,134,38
17,5203,38,106
134,17,106,34
38,134,34,245
106,38,245,1415
34,106,1415,6
245,34,6,5504
1415,245,5504,492
6,1415,492,34
5504,6,34,17
492,5504,17,377
34,492,377,622
17,34,622,1310
377,17,1310,3
622,377,3,1061
1310,622,1061,8
3,1310,8,4
1061,3,4,85
8,1061,85,16
4,8,16,1139
85,4,1139,1502
16,85,1502,5890
1139,16,5890,4
1502,1139,4,7071
5890,1502,7071,2
4,5890,2,989
7071,4,989,317
2,7071,317,79
989,2,79,280
317,989,280,246
79,317,246,34
280,79,34,870
246,280,870,4
34,246,4,20
870,34,20,34
4,870,34,17
20,4,17,1073
34,20,1073,5
17,34,5,67
1073,17,67,235
5,1073,235,463
67,5,463,53
235,67,53,16
463,235,16,974
53,463,974,6
16,53,6,20
974,16,20,5573
6,974,5573,8
20,6,8,33
5573,20,33,327
8,5573,327,116
33,8,116,37
327,33,37,4
116,327,4,42
37,116,42,5
4,37,5,88
42,4,88,344
5,42,344,24972
88,5,24972,6580
344,88,6580,2228
24972,344,2228,30
6580,24972,30,18
2228,6580,18,367
30,2228,367,2759
18,30,2759,14
367,18,14,5046
2759,367,5046,12
14,2759,12,318
5046,14,318,109
12,5046,109,30
318,12,30,34
109,318,34,18
30,109,18,2
34,30,2,601
18,34,601,3952
2,18,3952,6
601,2,6,235
3952,601,235,153
6,3952,153,36
235,6,36,25
153,235,25,6
36,153,6,1734
25,36,1734,85
6,25,85,7
1734,6,7,4
85,1734,4,5819
7,85,5819,343
4,7,343,9
5819,4,9,143
343,5819,143,35
9,343,35,978
143,9,978,178
35,143,178,8
978,35,8,743
178,978,743,7
8,178,7,1275
743,8,1275,25
7,743,25,5859
1275,7,5859,8
25,1275,8,33
5859,25,33,18
8,5859,18,334
33,8,334,60
18,33,60,3
334,18,3,25
60,334,25,622
3,60,622,33
25,3,33,55
622,25,55,3
33,622,3,1080
55,33,1080,4
3,55,4,93
1080,3,93,112
4,1080,112,520
93,4,520,111
112,93,111,6
520,112,6,316
111,520,316,30
6,111,30,16
316,6,16,1544
30,316,1544,3
16,30,3,248
1544,16,248,2
3,1544,2,325
248,3,325,30
2,248,30,55
325,2,55,122
30,325,122,30
55,30,30,55
122,55,55,4557
30,122,4557,13262
55,30,13262,4557
4557,55,4557,13262
13262,4557,13262,7
4557,13262,7,5947
13262,4557,5947,5
7,13262,5,24972
5947,7,24972,6580
5,5947,6580,2
24972,5,2,12068
6580,24972,12068,2034
2,6580,2034,8
12068,2,8,2541
2034,12068,2541,3
8,2034,3,343
2541,8,343,14620
3,2541,14620,26370
343,3,26370,1291
14620,343,1291,5
26370,14620,5,399
1291,26370,399,4274
5,1291,4274,478
399,5,478,4
4274,399,4,297
478,4274,297,6
4,478,6,22
297,4,22,384
6,297,384,12068
22,6,12068,2034
384,22,2034,21
12068,384,21,3750
2034,12068,3750,292
21,2034,292,993
3750,21,993,1291
292,3750,1291,5
993,292,5,399
1291,993,399,297
5,1291,297,16
399,5,16,1598
297,399,1598,3
16,297,3,17
1598,16,17,4073
3,1598,4073,74
17,3,74,60
4073,17,60,11
74,4073,11,7
60,74,7,2
11,60,2,2277
7,11,2277,5
2,7,5,13401
2277,2,13401,393
5,2277,393,4
13401,5,4,2822
393,13401,2822,402
4,393,402,391
2822,4,391,4
402,2822,4,13
391,402,13,2178
4,391,2178,5965
13,4,5965,74
2178,13,74,2
5965,2178,2,1088
74,5965,1088,5
2,74,5,66
1088,2,66,318
8,84,3861,78
221,8,78,291
3861,221,291,55
78,3861,55,20
291,78,20,17
55,291,17,239
20,55,239,405
17,20,405,22
239,17,22,200
405,239,200,583
