128,1757,14,2
300,128,2,1664
14,300,1664,3
2,14,3,2
1664,2,2,26655
3,1664,26655,954
2,3,954,8
26655,2,8,577
954,26655,577,159
8,954,159,1957
577,8,1957,269
159,577,269,1728
1957,159,1728,12098
269,1957,12098,22
1728,269,22,262
12098,1728,262,4066
22,12098,4066,2
262,22,2,159
4066,262,159,20583
2,4066,20583,7732
159,2,7732,1887
20583,159,1887,365
7732,20583,365,74
1887,7732,74,2
365,1887,2,1957
74,365,1957,269
2,74,269,6
1957,2,6,878
269,1957,878,11
6,269,11,13
878,6,13,2491
11,878,2491,3
13,11,3,1577
2491,13,1577,1957
3,2491,1957,5162
1577,3,5162,5
1957,1577,5,427
5162,1957,427,156
5,5162,156,2
427,5,2,283
156,427,283,299
2,156,299,4
283,2,4,5312
299,283,5312,685
4,299,685,4
5312,4,4,96
685,5312,96,10
4,685,10,2
96,4,2,1561
10,96,1561,9
2,10,9,57
1561,2,57,92
9,1561,92,23477
57,9,23477,15551
92,57,15551,739
23477,92,739,59
15551,23477,59,9924
739,15551,9924,1512
59,739,1512,1957
9924,59,1957,9
1512,9924,9,2344
1957,1512,2344,10
9,1957,10,605
2344,9,605,315
10,2344,315,3
605,10,3,1361
315,605,1361,5617
3,315,5617,1572
1361,3,1572,753
5617,1361,753,2
1572,5617,2,2
753,1572,2,372
2,753,372,44554
2,2,44554,7
372,2,7,8
44554,372,8,2
7,44554,2,1330
8,7,1330,9924
2,8,9924,331
1330,2,331,33
9924,1330,33,182
331,9924,182,8
33,331,8,187
182,33,187,12
8,182,12,207
187,8,207,795
12,187,795,173
207,12,173,9
795,207,9,1572
173,795,1572,6
9,173,6,130
1572,9,130,847
6,1572,847,8
130,6,8,7
847,130,7,889
8,847,889,5
7,8,5,169
889,7,169,5
5,889,5,670
169,5,670,74
5,169,74,779
670,5,779,4
74,670,4,66
779,74,66,405
4,779,405,34258
66,4,34258,113
405,66,113,8
34258,405,8,8
113,34258,8,72
8,113,72,4999
8,8,4999,5
72,8,5,112
4999,72,112,24595
5,4999,24595,74
112,5,74,2416
24595,112,2416,255
74,24595,255,3871
2416,74,3871,19
255,2416,19,112
3871,255,112,216
19,3871,216,9924
112,19,9924,453
216,112,453,20
9924,216,20,7
453,9924,7,2
20,453,2,216
7,20,216,8476
2,7,8476,6
216,2,6,8020
8476,216,8020,8082
6,8476,8082,4
8020,6,4,57929
8082,8020,57929,28
4,8082,28,11
57929,4,11,14
28,57929,14,2592
11,28,2592,19
14,11,19,9924
2592,14,9924,1184
19,2592,1184,4
9924,19,4,383
1184,9924,383,8
4,1184,8,11
383,4,11,13
8,383,13,86
11,8,86,47
13,11,47,12
86,13,12,262
47,86,262,9
12,47,9,776
262,12,776,81915
9,262,81915,47
776,9,47,164
81915,776,164,752
47,81915,752,65
164,47,65,7
752,164,7,18
65,752,18,52
7,65,52,53
18,7,53,2
52,18,2,255
53,52,255,6
2,53,6,5617
255,2,5617,7
6,255,7,113
5617,6,113,33
7,5617,33,83
113,7,83,10
33,113,10,41
83,33,41,65
10,83,65,7
41,10,7,25
65,41,25,11
7,65,11,134
25,7,134,56209
11,25,56209,140
134,11,140,1266
56209,134,1266,3
140,56209,3,276
1266,140,276,9924
3,1266,9924,22
276,3,22,5196
9924,276,5196,4
22,9924,4,33
5196,22,33,55
4,5196,55,661
33,4,661,76
55,33,76,5
661,55,5,251
76,661,251,4
5,76,4,137
251,5,137,52
4,251,52,7
137,4,7,569
52,137,569,395
7,52,395,2
569,7,2,841
395,569,841,9
2,395,9,745
259,197,370,4758
4865,259,4758,46
370,4865,46,962
4758,370,962,7381
46,4758,7381,46
962,46,46,21719
7381,962,21719,5
46,7381,5,45
21719,46,45,15
5,21719,15,1698
45,5,1698,6720
15,45,6720,36
1698,15,36,5814
6720,1698,5814,3347
36,6720,3347,211
5814,36,211,13025
3347,5814,13025,7
211,3347,7,84
13025,211,84,2
7,13025,2,677
84,7,677,8114
2,84,8114,6
677,2,6,4081
8114,677,4081,4
6,8114,4,5844
4081,6,5844,20
4,4081,20,6551
5844,4,6551,3501
20,5844,3501,209
6551,20,209,5
3501,6551,5,1265
209,3501,1265,846
5,209,846,290
1265,5,290,7
846,1265,7,1298
290,846,1298,19
7,290,19,759
1298,7,759,33585
19,1298,33585,181
759,19,181,24
33585,759,24,4081
181,33585,4081,227
24,181,227,1579
4081,24,1579,12
227,4081,12,302
1579,227,302,4
12,1579,4,4658
302,12,4658,5
4,302,5,21719
4658,4,21719,2442
5,4658,2442,3
21719,5,3,2574
2442,21719,2574,12
3,2442,12,1547
2574,3,1547,4081
12,2574,4081,5839
1547,12,5839,21719
4081,1547,21719,6
5839,4081,6,9
21719,5839,9,1744
6,21719,1744,2336
9,6,2336,42957
1744,9,42957,24
2336,1744,24,98
42957,2336,98,31846
24,42957,31846,1081
98,24,1081,999
31846,98,999,7231
1081,31846,7231,36
999,1081,36,83986
7231,999,83986,211
36,7231,211,12259
83986,36,12259,42
211,83986,42,6
12259,211,6,1088
42,12259,1088,181
6,42,181,44
1088,6,44,5
181,1088,5,21719
44,181,21719,187
5,44,187,6
21719,5,6,4081
187,21719,4081,646
6,187,646,417
4081,6,417,4789
646,4081,4789,15
417,646,15,2
4789,417,2,1698
15,4789,1698,4
2,15,4,10472
1698,2,10472,3347
4,1698,3347,378
10472,4,378,41
3347,10472,41,65
378,3347,65,6
41,378,6,1011
65,41,1011,103
6,65,103,66
1011,6,66,599
103,1011,599,601
66,103,601,463
599,66,463,23
601,599,23,197
463,601,197,259
23,463,259,137
197,23,137,68
636,1378,7845,510
2628,636,510,429
7845,2628,429,736
510,7845,736,8
429,510,8,11
736,429,11,3467
8,736,3467,2
11,8,2,451
3467,11,451,499
2,3467,499,9
451,2,9,43
499,451,43,587
9,499,587,58194
43,9,58194,270
587,43,270,7
58194,587,7,5568
270,58194,5568,119
7,270,119,111
5568,7,111,8
119,5568,8,7
111,119,7,25
8,111,25,21
7,8,21,2010
25,7,2010,3
21,25,3,17
2010,21,17,1050
3,2010,1050,23
17,3,23,20
1050,17,20,60
23,1050,60,9
20,23,9,451
60,20,451,499
9,60,499,3
451,9,3,587
499,451,587,212
3,499,212,5
587,3,5,143
212,587,143,35
5,212,35,7845
143,5,7845,28
35,143,28,6
7845,35,6,2
28,7845,2,304
6,28,304,429
2,6,429,7
304,2,7,18
429,304,18,68
7,429,68,2852
18,7,2852,3
68,18,3,387
2852,68,387,2105
3,2852,2105,11649
387,3,11649,4
2105,387,4,1325
11649,2105,1325,4
4,11649,4,1188
1325,4,1188,183
4,1325,183,478
1188,4,478,3
183,1188,3,81
478,183,81,1938
3,478,1938,5
81,3,5,118
1938,81,118,1050
5,1938,1050,9
118,5,9,2
1050,118,2,389
9,1050,389,12
2,9,12,1522
389,2,1522,212
12,389,212,6
1522,12,6,778
212,1522,778,7
6,212,7,820
778,6,820,14389
7,778,14389,4
820,7,4,7
14389,820,7,353
4,14389,353,3053
7,4,3053,5071
353,7,5071,3
3053,353,3,18
5071,3053,18,47
3,5071,47,39028
18,3,39028,119
47,18,119,111
39028,47,111,877
119,39028,877,3
111,119,3,44
877,111,44,429
3,877,429,229
44,3,229,7845
429,44,7845,14
229,429,14,367
7845,229,367,1638
14,7845,1638,1050
367,14,1050,6
1638,367,6,99
1050,1638,99,89905
6,1050,89905,75
99,6,75,209
89905,99,209,7
75,89905,7,21
209,75,21,110
7,209,110,3
21,7,3,93
110,21,93,79
3,110,79,2
93,3,2,182
79,93,182,5
2,79,5,829
182,2,829,37
5,182,37,31
829,5,31,12
37,829,12,63
31,37,63,590
12,31,590,4
63,12,4,31
590,63,31,7
4,590,7,21
31,4,21,119
7,31,119,111
21,7,111,310
119,21,310,269
111,119,269,2600
310,111,2600,2569
269,310,2569,46080
2600,269,46080,669
2569,2600,669,43
46080,2569,43,387
669,46080,387,2772
43,669,2772,2105
387,43,2105,3884
2772,387,3884,7845
2105,2772,7845,9
3884,2105,9,63
7845,3884,63,617
9,7845,617,71
63,9,71,2843
617,63,2843,6
71,617,6,4909
2843,71,4909,2
6,2843,2,10127
4909,6,10127,389
2,4909,389,12
10127,2,12,587
389,10127,587,212
12,389,212,39
587,12,39,5
212,587,5,7845
39,212,7845,5392
5,39,5392,2112
7845,5,2112,3
5392,7845,3,166
2112,5392,166,12
3,2112,12,442
166,3,442,2
12,166,2,119
442,12,119,111
2,442,111,1050
119,2,1050,7845
111,119,7845,223
1050,111,223,57
7845,1050,57,6869
223,7845,6869,94
57,223,94,9
6869,57,9,84065
94,6869,84065,266
9,94,266,7
84065,9,7,21
266,84065,21,300
7,266,300,429
21,7,429,12
300,21,12,7845
429,300,7845,106441
12,429,106441,2470
7845,12,2470,499
106441,7845,499,14
2470,106441,14,388
499,2470,388,19
14,499,19,90
388,14,90,2
19,388,2,1598
90,19,1598,15
2,90,15,22
1598,2,22,320
15,1598,320,1094
22,15,1094,3
320,22,3,1020
1094,320,1020,58
3,1094,58,79
1020,3,79,1612
58,1020,1612,2
79,58,2,287
1612,79,287,24
2,1612,24,38
287,2,38,83
24,287,83,97
38,24,97,7845
83,38,7845,5012
97,83,5012,2
7845,97,2,227
5012,7845,227,847
2,5012,847,212
227,2,212,741
847,227,741,7
212,847,7,2
741,212,2,1248
7,741,1248,95248
2,7,95248,439
1248,2,439,5
95248,1248,5,279
439,95248,279,4223
5,439,4223,1945
279,5,1945,544
4223,279,544,20
1945,4223,20,205
544,1945,205,58
20,544,58,195
205,20,195,6
58,205,6,265
195,58,265,18
6,195,18,2491
265,6,2491,3
18,265,3,1365
2491,18,1365,98
3,2491,98,5
1365,3,5,63
98,1365,63,1178
5,98,1178,94972
63,5,94972,245
1178,63,245,25
94972,1178,25,113
245,94972,113,10
25,245,10,14
113,25,14,2
10,113,2,718
14,10,718,354
2,14,354,9
718,2,9,89
354,718,89,3
9,354,3,17
89,9,17,1050
3,89,1050,28
17,3,28,16424
1050,17,16424,1051
28,1050,1051,5
16424,28,5,17375
1051,16424,17375,4
5,1051,4,2217
17375,5,2217,1210
4,17375,1210,23
2217,4,23,393
1210,2217,393,5
23,1210,5,1378
393,23,1378,4212
5,393,4212,7
1378,5,7,25
4212,1378,25,113
7,4212,113,11
25,7,11,14
113,25,14,118
11,113,118,91
14,11,91,2
118,14,2,2
91,118,2,88633
2,91,88633,16424
2,2,16424,137
88633,2,137,206
16424,88633,206,7845
137,16424,7845,40
206,137,40,1300
7845,206,1300,491
40,7845,491,370
1300,40,370,22
491,1300,22,320
370,491,320,2112
22,370,2112,7845
320,22,7845,13
2112,320,13,47
7845,2112,47,3110
13,7845,3110,79
47,13,79,2
3110,47,2,105
79,3110,105,8382
2,79,8382,175
105,2,175,58
8382,105,58,4
175,8382,4,162
58,175,162,11
4,58,11,6392
162,4,6392,55
11,162,55,610
6392,11,610,206
55,6392,206,498
610,55,498,40
206,610,40,14
498,206,14,3
40,498,3,93
14,40,93,1693
3,14,1693,61
93,3,61,6
1693,93,6,8
61,1693,8,16424
6,61,16424,28
8,6,28,7
16424,8,7,113
28,16424,113,6
7,28,6,475
113,7,475,22
6,113,22,320
475,6,320,34
22,475,34,17
320,22,17,855
34,320,855,61
17,34,61,285
855,17,285,11
61,855,11,2
285,61,2,1248
11,285,1248,58
2,11,58,26
1248,2,26,415
58,1248,415,4454
26,58,4454,12
415,26,12,585
4454,415,585,104
12,4454,104,49773
585,12,49773,7
104,585,7,21
49773,104,21,2
7,49773,2,6291
21,7,6291,58
2,21,58,11
6291,2,11,115
58,6291,115,21
11,58,21,2830
115,11,2830,768
21,115,768,980
2830,21,980,680
768,2830,680,36
980,768,36,915
680,980,915,4
36,680,4,11
915,36,11,644
4,915,644,1439
11,4,1439,168
644,11,168,1247
1439,644,1247,436
168,1439,436,443
1247,168,443,6
436,1247,6,1378
443,436,1378,70282
6,443,70282,58
1378,6,58,117
70282,1378,117,2321
58,70282,2321,11649
117,58,11649,28
2321,117,28,11
11649,2321,11,144
28,11649,144,7845
11,28,7845,335
144,11,335,3
7845,144,3,3787
335,7845,3787,24
3,335,24,587
3787,3,587,212
24,3787,212,2843
587,24,2843,29
212,587,29,11
2843,212,11,384
29,2843,384,7845
11,29,7845,2
384,11,2,2
7845,384,2,2132
2,7845,2132,14906
2,2,14906,403
2132,2,403,235
14906,2132,235,63
403,14906,63,34
235,403,34,803
63,235,803,89
34,63,89,6
803,34,6,475
89,803,475,11649
6,89,11649,28
475,6,28,6
11649,475,6,2
28,11649,2,304
6,28,304,12
2,6,12,99308
304,2,99308,52
12,304,52,7845
99308,12,7845,14
52,99308,14,2
7845,52,2,718
14,7845,718,2164
2,14,2164,9
718,2,9,587
2164,718,587,212
9,2164,212,352
587,9,352,835
212,587,835,22
352,212,22,600
835,352,600,16
22,835,16,5643
600,22,5643,23175
16,600,23175,279
5643,16,279,18
23175,5643,18,47
279,23175,47,3044
18,279,3044,3
47,18,3,43
3044,47,43,587
3,3044,587,212
43,3,212,170
587,43,170,4
212,587,4,26
170,212,26,336
4,170,336,707
26,4,707,1753
336,26,1753,184
707,336,184,3
1753,707,3,587
184,1753,587,212
3,184,212,2211
587,3,2211,85255
212,587,85255,5
2211,212,5,587
85255,2211,587,212
5,85255,212,279
587,5,279,2399
212,587,2399,536
279,212,536,2822
2399,279,2822,36
536,2399,36,5148
2822,536,5148,141
36,2822,141,391
5148,36,391,2
141,5148,2,903
391,141,903,2579
2,391,2579,38
903,2,38,141
2579,903,141,1304
38,2579,1304,23
141,38,23,10645
1304,141,10645,36
23,1304,36,5659
10645,23,5659,4283
36,10645,4283,3047
5659,36,3047,393
4283,5659,393,3697
3047,4283,3697,393
393,3047,393,4
3697,393,4,1344
393,3697,1344,457
4,393,457,645
1344,4,645,5
457,1344,5,141
645,457,141,146
5,645,146,3279
141,5,3279,48138
146,141,48138,1038
3279,146,1038,232
48138,3279,232,1027
1038,48138,1027,2177
232,1038,2177,12
1027,232,12,587
2177,1027,587,212
12,2177,212,378
587,12,378,2579
212,587,2579,38
378,212,38,141
2579,378,141,1304
38,2579,1304,23
141,38,23,2822
1304,141,2822,258
23,1304,258,30
2822,23,30,3
258,2822,3,5148
30,258,5148,4
3,30,4,42
5148,3,42,2399
4,5148,2399,56413
42,4,56413,2579
2399,42,2579,22
56413,2399,22,1304
2579,56413,1304,23
22,2579,23,742
1304,22,742,35
23,1304,35,393
742,23,393,25483
35,742,25483,645
393,35,645,5
25483,393,5,141
645,25483,141,6
3,8288,39,8481
1935,3,8481,1294
39,1935,1294,62
8481,39,62,3345
1294,8481,3345,34
62,1294,34,4967
3345,62,4967,17
34,3345,17,429
4967,34,429,318
17,4967,318,109
429,17,109,19
318,429,19,20953
109,318,20953,8756
19,109,8756,3525
20953,19,3525,5751
8756,20953,5751,8288
3525,8756,8288,4967
5751,3525,4967,9499
8288,5751,9499,42
4967,8288,42,5
9499,4967,5,686
42,9499,686,940
5,42,940,88
686,5,88,1951
940,686,1951,2026
88,940,2026,644
1951,88,644,510
2026,1951,510,8
644,2026,8,26
510,644,26,34
8,510,34,17
26,8,17,3049
34,26,3049,38
17,34,38,368
3049,17,368,5
38,3049,5,8481
368,38,8481,1294
5,368,1294,91
8481,5,91,3
1294,8481,3,15037
91,1294,15037,1978
3,91,1978,1042
15037,3,1042,9
1978,15037,9,1622
1042,1978,1622,686
9,1042,686,8288
1622,9,8288,132
686,1622,132,18
8288,686,18,23381
132,8288,23381,1788
18,132,1788,15
23381,18,15,38
1788,23381,38,655
15,1788,655,29
38,15,29,10
655,38,10,132
29,655,132,96
10,29,96,76
132,10,76,1564
96,132,1564,15
76,96,15,38
1564,76,38,201
15,1564,201,542
38,15,542,4967
201,38,4967,733
542,201,733,7
4967,542,7,12949
733,4967,12949,10
7,733,10,1294
12949,7,1294,2017
10,12949,2017,3
1294,10,3,276
2017,1294,276,1788
3,2017,1788,41
276,3,41,1244
1788,276,1244,15
41,1788,15,64
1244,41,64,5751
15,1244,5751,4584
64,15,4584,4
5751,64,4,5018
4584,5751,5018,104
4,4584,104,1294
5018,4,1294,15
104,5018,15,68335
1294,104,68335,64
15,1294,64,5751
68335,15,5751,4584
64,68335,4584,366
5751,64,366,686
4584,5751,686,2192
366,4584,2192,35
686,366,35,12
2192,686,12,101287
35,2192,101287,1076
12,35,1076,610
101287,12,610,8
1076,101287,8,1788
610,1076,1788,16
8,610,16,1279
1788,8,1279,655
16,1788,655,4
1279,16,4,90
655,1279,90,2351
4,655,2351,3
90,4,3,1595
2351,90,1595,1294
3,2351,1294,15
1595,3,15,64
1294,1595,64,5751
15,1294,5751,4584
64,15,4584,26
5751,64,26,59923
4584,5751,59923,376
26,4584,376,20
59923,26,20,7
376,59923,7,21
20,376,21,8288
7,20,8288,99
21,7,99,317
8288,21,317,455
99,8288,455,24599
317,99,24599,1294
455,317,1294,6
24599,455,6,1063
1294,24599,1063,8288
6,1294,8288,510
1063,6,510,8
8288,1063,8,26
510,8288,26,40
8,510,40,17
26,8,17,4516
40,26,4516,5751
17,40,5751,4584
4516,17,4584,24
5751,4516,24,776
4584,5751,776,5
24,4584,5,38
776,24,38,42535
5,776,42535,2439
38,5,2439,5005
42535,38,5005,1294
2439,42535,1294,2
5005,2439,2,149
1294,5005,149,733
2,1294,733,35
149,2,35,10
733,149,10,7
35,733,7,424
10,35,424,3
7,10,3,2769
424,7,2769,525
3,424,525,15
2769,3,15,1788
525,2769,1788,1042
15,525,1042,10
1788,15,10,7
1042,1788,7,306
10,1042,306,3
7,10,3,137
306,7,137,8
3,306,8,840
137,3,840,16
8,137,16,1096
840,8,1096,3
16,840,3,1366
1096,16,1366,8
3,1096,8,1788
1366,3,1788,14
8,1366,14,1244
1788,8,1244,64
14,1788,64,42
1244,14,42,14
64,1244,14,3
42,64,3,17
14,42,17,163
3,14,163,3
17,3,3,1132
163,17,1132,5751
3,163,5751,92662
1132,3,92662,7
5751,1132,7,1041
92662,5751,1041,3
7,92662,3,14
1041,7,14,3
3,1041,3,7410
14,3,7410,8288
3,14,8288,9
7410,3,9,38
8288,7410,38,335
9,8288,335,3
38,9,3,218
335,38,218,3
3,335,3,1899
218,3,1899,38
3,218,38,368
1899,3,368,5
38,1899,5,8481
368,38,8481,1294
5,368,1294,301
