444,22,1800,11
401,444,11,10758
1800,401,10758,555
11,1800,555,22
10758,11,22,1060
555,10758,1060,3
22,555,3,1652
1060,22,1652,412
3,1060,412,164
1652,3,164,26
412,1652,26,16
164,412,16,11
26,164,11,1757
16,26,1757,837
11,16,837,9
1757,11,9,145
837,1757,145,12513
9,837,12513,28
145,9,28,7
12513,145,7,21
28,12513,21,8
7,28,8,11
21,7,11,34
8,21,34,689
11,8,689,7183
34,11,7183,267
689,34,267,15
7183,689,15,22
267,7183,22,3527
15,267,3527,1152
22,15,1152,29
3527,22,29,8
1152,3527,8,10
29,1152,10,77
8,29,77,17
10,8,17,2092
77,10,2092,3
17,77,3,3409
2092,17,3409,39
3,2092,39,42
3409,3,42,46
39,3409,46,211
42,39,211,76
46,42,76,31
211,46,31,73
76,211,73,32
31,76,32,4
73,31,4,16
32,73,16,165
4,32,165,5395
16,4,5395,229
165,16,229,3
5395,165,3,106
229,5395,106,9
3,229,9,37008
106,3,37008,145
9,106,145,1998
37008,9,1998,211
145,37008,211,7263
1998,145,7263,30178
211,1998,30178,31
7263,211,31,723
30178,7263,723,56
31,30178,56,747
723,31,747,330
56,723,330,3
747,56,3,137
330,747,137,94
3,330,94,6
137,3,6,16364
94,137,16364,44
6,94,44,26
16364,6,26,219
44,16364,219,21
26,44,21,7138
219,26,7138,19
21,219,19,41
7138,21,41,1093
19,7138,1093,1246
41,19,1246,30178
1093,41,30178,28
1246,1093,28,11
30178,1246,11,1905
28,30178,1905,74681
11,28,74681,644
1905,11,644,1658
74681,1905,1658,56
644,74681,56,5
1658,644,5,2255
56,1658,2255,35
5,56,35,393
2255,5,393,11
35,2255,11,28
393,35,28,87
11,393,87,10
28,11,10,14
87,28,14,196
10,87,196,2598
14,10,2598,4
196,14,4,11
2598,196,11,84
4,2598,84,179
11,4,179,23
84,11,23,2
179,84,2,556
23,179,556,251
2,23,251,456
556,2,456,11
251,556,11,14
456,251,14,2149
11,456,2149,2
14,11,2,4467
2149,14,4467,8
2,2149,8,28
4467,2,28,248
8,4467,248,43
28,8,43,494
248,28,494,33
43,248,33,219
494,43,219,67
33,494,67,86
219,33,86,37216
67,219,37216,697
86,67,697,3
37216,86,3,296
697,37216,296,10
3,697,10,1622
296,3,1622,23
10,296,23,99
1622,10,99,30178
23,1622,30178,28
99,23,28,29
30178,99,29,11
28,30178,11,816
29,28,816,3
11,29,3,155
816,11,155,12
3,816,12,1796
155,3,1796,87
12,155,87,11
1796,12,11,47
87,1796,47,377
11,87,377,25
47,11,25,90
377,47,90,1536
25,377,1536,148
90,25,148,11
1536,90,11,7
148,1536,7,8
11,148,8,3
7,11,3,1313
751,1127,2509,9
34,751,9,138
2509,34,138,27
9,2509,27,85
138,9,85,592
27,138,592,75
85,27,75,26
592,85,26,2923
75,592,2923,43
26,75,43,92
2923,26,92,9
43,2923,9,5802
92,43,5802,81
9,92,81,3
5802,9,3,7701
81,5802,7701,1083
3,81,1083,5
7701,3,5,467
1083,7701,467,3988
5,1083,3988,751
467,5,751,543
3988,467,543,6
751,3988,6,759
543,751,759,1127
6,543,1127,879
759,6,879,3
1127,759,3,17
879,1127,17,361
3,879,361,24
17,3,24,293
361,17,293,18
24,361,18,1893
293,24,1893,61
18,293,61,37
1893,18,37,62
61,1893,62,26
37,61,26,50
62,37,50,42202
26,62,42202,23
50,26,23,435
42202,50,435,5
23,42202,5,7240
435,23,7240,4393
5,435,4393,20252
7240,5,20252,86140
4393,7240,86140,20610
20252,4393,20610,54
86140,20252,54,5535
20610,86140,5535,5
54,20610,5,41
5535,54,41,65
5,5535,65,751
41,5,751,1440
65,41,1440,14
751,65,14,9310
1440,751,9310,24
14,1440,24,4393
9310,14,4393,128
24,9310,128,43545
4393,24,43545,31
128,4393,31,3735
43545,128,3735,6
31,43545,6,879
3735,31,879,18
6,3735,18,607
879,6,607,62
18,879,62,293
607,18,293,134
62,607,134,207
293,62,207,751
134,293,751,3
207,134,3,513
751,207,513,2
3,751,2,989
513,3,989,436
2,513,436,5245
989,2,5245,3
436,989,3,1599
5245,436,1599,36
3,5245,36,322
1599,3,322,63455
36,1599,63455,31
322,36,31,1920
63455,322,1920,1083
31,63455,1083,18
1920,31,18,84
1083,1920,84,926
18,1083,926,38
84,18,38,2104
926,84,2104,8
38,926,8,63
2104,38,63,71
8,2104,71,900
63,8,900,3
71,63,3,789
900,71,789,81
3,900,81,59
789,3,59,386
81,789,386,1247
59,81,1247,751
386,59,751,312
1247,386,312,1915
751,1247,1915,3
312,751,3,293
1915,312,293,41
3,1915,41,65
293,3,65,103
41,293,103,66
65,41,66,19194
103,65,19194,272
66,103,272,6
19194,66,6,2136
272,19194,2136,28
6,272,28,11
2136,6,11,403
28,2136,403,138
11,28,138,27
403,11,27,82
138,403,82,2
27,138,2,1801
82,27,1801,18188
2,82,18188,94
1801,2,94,6
18188,1801,6,879
94,18188,879,82
6,94,82,34
879,6,34,611
82,879,611,2
34,82,2,382
611,34,382,997
2,611,997,3
382,2,3,1127
997,382,1127,55096
3,997,55096,134
1127,3,134,1792
55096,1127,1792,71
134,55096,71,13
1792,134,13,208
71,1792,208,914
13,71,914,751
208,13,751,6
914,208,6,209
751,914,209,11
6,751,11,5487
209,6,5487,81
11,209,81,6
5487,11,6,128
81,5487,128,205
6,81,205,11
128,6,11,13
205,128,13,1407
11,205,1407,11
13,11,11,5487
1407,13,5487,48
11,1407,48,5
5487,11,5,14016
48,5487,14016,30
5,48,30,18
14016,5,18,403
30,14016,403,6
18,30,6,39
403,18,39,63
6,403,63,101145
39,6,101145,27
63,39,27,13
101145,63,13,1274
27,101145,1274,2852
13,27,2852,61
1274,13,61,37
2852,1274,37,62
61,2852,62,751
37,61,751,18
62,37,18,47
751,62,47,274
18,751,274,3
47,18,3,8427
274,47,8427,9
3,274,9,586
8427,3,586,19
9,8427,19,43
586,9,43,19840
19,586,19840,1763
43,19,1763,5654
19840,43,5654,6
1763,19840,6,879
5654,1763,879,28
6,5654,28,43
879,6,43,92
28,879,92,186
43,28,186,19
92,43,19,63
186,92,63,71
19,186,71,77
63,19,77,18
71,63,18,2703
77,71,2703,43
18,77,43,82
2703,18,82,36
43,2703,36,23
82,43,23,275
36,82,275,914
23,36,914,43
275,23,43,3
914,275,3,789
43,914,789,40286
3,43,40286,1965
789,3,1965,71
40286,789,71,3286
1965,40286,3286,43
71,1965,43,4
3286,71,4,2288
43,3286,2288,21
4,43,21,3
2288,4,3,93
21,2288,93,74013
3,21,74013,534
93,3,534,1376
74013,93,1376,2149
534,74013,2149,2
1376,534,2,58811
2149,1376,58811,140
2,2149,140,453
58811,2,453,30
140,58811,30,403
453,140,403,20
30,453,20,39
403,30,39,756
20,403,756,228
39,20,228,27
756,39,27,34
228,756,34,248
27,228,248,43
34,27,43,41
248,34,41,65
43,248,65,71
41,43,71,75112
65,41,75112,540
71,65,540,810
75112,71,810,47424
540,75112,47424,365
810,540,365,687
47424,810,687,6
365,47424,6,2
687,365,2,69435
6,687,69435,933
2,6,933,5
69435,2,5,24917
933,69435,24917,12006
5,933,12006,9
24917,5,9,99
12006,24917,99,60
9,12006,60,6
99,9,6,103
60,99,103,19136
6,60,19136,28
103,6,28,811
19136,103,811,26
28,19136,26,1748
811,28,1748,4
26,811,4,3870
1748,26,3870,76
4,1748,76,111
3870,4,111,4
76,3870,4,3446
111,76,3446,29
4,111,29,30
3446,4,30,55
29,3446,55,4887
30,29,4887,31412
55,30,31412,118
4887,55,118,351
31412,4887,351,9
118,31412,9,912
351,118,912,44
9,351,44,75
912,9,75,118
44,912,118,1511
75,44,1511,19
118,75,19,163
1511,118,163,5
19,1511,5,1309
163,19,1309,30
5,163,30,18
1309,5,18,154
30,1309,154,142
18,30,142,3
154,18,3,5097
142,154,5097,6
3,142,6,36275
5097,3,36275,1415
6,5097,1415,7
36275,6,7,8
1415,36275,8,30
7,1415,30,55
8,7,55,2509
30,8,2509,164
55,30,164,23476
2509,55,23476,933
164,2509,933,165
23476,164,165,1138
933,23476,1138,6
165,933,6,6374
1138,165,6374,24
6,1138,24,4653
6374,6,4653,124
24,6374,124,7
4653,24,7,386
124,4653,386,1247
7,124,1247,4
386,7,4,91
1247,386,91,3
4,1247,3,2402
91,4,2402,350
3,91,350,41
2402,3,41,65
350,2402,65,45
41,350,45,2
65,41,2,153
45,65,153,3
2,45,3,10
153,2,10,540
3,153,540,38911
10,3,38911,5171
540,10,5171,154
38911,540,154,2
5171,38911,2,25177
154,5171,25177,163
2,154,163,431
25177,2,431,3
163,25177,3,361
431,163,361,161
3,431,161,5
361,3,5,293
161,361,293,100
5,161,100,1247
293,5,1247,1841
100,293,1841,5185
1247,100,5185,82
1841,1247,82,1438
5185,1841,1438,6
82,5185,6,386
1438,82,386,4
6,1438,4,3375
386,6,3375,6
4,386,6,107832
60,554,27,813
18232,60,813,2266
27,18232,2266,1187
813,27,1187,109
2266,813,109,2126
1187,2266,2126,2502
109,1187,2502,3
2126,109,3,2153
2502,2126,2153,5
3,2502,5,813
2153,3,813,50225
5,2153,50225,174
813,5,174,52
50225,813,52,580
174,50225,580,165
52,174,165,967
580,52,967,9358
165,580,9358,175
967,165,175,144
9358,967,144,9
175,9358,9,27
144,175,27,6
9,144,6,43
27,9,43,4
6,27,4,9
43,6,9,2319
4,43,2319,6
9,4,6,1886
2319,9,1886,26
6,2319,26,121
1886,6,121,234
26,1886,234,64
121,26,64,606
234,121,606,65
64,234,65,103
606,64,103,578
65,606,578,100
103,65,100,2252
578,103,2252,3
100,578,3,3161
2252,100,3161,188
3,2252,188,82
3161,3,82,554
188,3161,554,60
82,188,60,5223
554,82,5223,1582
60,554,1582,4661
5223,60,4661,5772
1582,5223,5772,7
4661,1582,7,1136
5772,4661,1136,3469
7,5772,3469,6
1136,7,6,882
3469,1136,882,152
6,3469,152,72
882,6,72,2
152,882,2,30
72,152,30,2342
2,72,2342,4
30,2,4,8004
2342,30,8004,10
4,2342,10,55
8004,4,55,2448
10,8004,2448,3646
55,10,3646,3632
2448,55,3632,79
3646,2448,79,698
3632,3646,698,240
79,3632,240,4
698,79,4,7783
240,698,7783,7356
4,240,7356,20
7783,4,20,554
7356,7783,554,60
20,7356,60,463
554,20,463,420
60,554,420,43
463,60,43,606
420,463,606,294
43,420,294,6
606,43,6,2
294,606,2,865
6,294,865,2253
2,6,2253,7045
865,2,7045,10
2253,865,10,7
7045,2253,7,21
10,7045,21,19
7,10,19,98
21,7,98,242
19,21,242,10662
98,19,10662,1391
242,98,1391,10
10662,242,10,40
1391,10662,40,18
10,1391,18,47
40,10,47,239
18,40,239,41
47,18,41,1566
239,47,1566,6
41,239,6,4929
1566,41,4929,1242
6,1566,1242,65
4929,6,65,270
1242,4929,270,59
65,1242,59,25
270,65,25,90
59,270,90,41
25,59,41,45
90,25,45,16
41,90,16,1096
45,41,1096,3
16,45,3,17
1096,16,17,2820
3,1096,2820,37
17,3,37,9970
2820,17,9970,288
37,2820,288,41
9970,37,41,138
288,9970,138,27
41,288,27,13
138,41,13,908
27,138,908,227
13,27,227,1157
908,13,1157,5
227,908,5,1634
1157,227,1634,385
5,1157,385,497
1634,5,497,196
385,1634,196,762
497,385,762,9
196,497,9,51
762,196,51,7
9,762,7,2111
51,9,2111,9
7,51,9,515
2111,7,515,6
9,2111,6,316
515,9,316,3
6,515,3,96
316,6,96,71
3,316,71,252
96,3,252,4
71,96,4,19
252,71,19,3448
4,252,3448,78
19,4,78,32
3448,19,32,234
78,3448,234,201
32,78,201,8149
234,32,8149,132
201,234,132,41
8149,201,41,60965
132,8149,60965,29
41,132,29,64
60965,41,64,41
29,60965,41,20101
64,29,20101,91
41,64,91,49
20101,41,49,97
91,20101,97,222
49,91,222,97
97,49,97,724
222,97,724,381
97,222,381,3
724,97,3,167
381,724,167,493
3,381,493,5
167,3,5,2747
493,167,2747,188
5,493,188,5
2747,5,5,11397
188,2747,11397,6695
5,188,6695,6
11397,5,6,161
6695,11397,161,187
6,6695,187,18924
161,6,18924,23
187,161,23,813
18924,187,813,493
23,18924,493,16
813,23,16,908
493,813,908,5
16,493,5,395
908,16,395,188
5,908,188,8
395,5,8,248
188,395,248,1419
8,188,1419,698
248,8,698,4
1419,248,4,1671
698,1419,1671,41
4,698,41,10211
1671,4,10211,677
41,1671,677,45
10211,41,45,17
677,10211,17,26
45,677,26,503
17,45,503,19291
26,17,19291,36
503,26,36,5893
19291,503,5893,907
36,19291,907,25
5893,36,25,239
907,5893,239,25
25,907,25,201
239,25,201,29
25,239,29,455
201,25,455,117
29,201,117,5
455,29,5,463
117,455,463,30
5,117,30,16
463,5,16,82
30,463,82,1965
16,30,1965,9
82,16,9,864
1965,82,864,82
9,1965,82,420
864,9,420,15
82,864,15,41
420,82,41,1169
15,420,1169,20
41,15,20,7
1169,41,7,120
20,1169,120,463
7,20,463,3280
120,7,3280,5394
463,120,5394,4
3280,463,4,140
5394,3280,140,18360
4,5394,18360,2
140,4,2,16878
18360,140,16878,1273
2,18360,1273,5
16878,2,5,5223
1273,16878,5223,36
5,1273,36,5223
5223,5,5223,1582
36,5223,1582,4661
5223,36,4661,34
1582,5223,34,1652
4661,1582,1652,2
34,4661,2,2780
1652,34,2780,869
2,1652,869,5
2780,2,5,2805
869,2780,2805,6
5,869,6,2
2805,5,2,865
6,2805,865,1088
2,6,1088,5
865,2,5,60
1088,865,60,6
5,1088,6,209
60,5,209,20
6,60,20,994
209,6,994,4069
20,209,4069,338
994,20,338,2228
4069,994,2228,313
338,4069,313,3
2228,338,3,17
313,2228,17,2
3,313,2,13075
17,3,13075,1468
2,17,1468,5
13075,2,5,2716
1468,13075,2716,864
5,1468,864,6
2716,5,6,950
864,2716,950,5
6,864,5,4661
950,6,4661,29
5,950,29,10
4661,5,10,7
29,4661,7,6706
10,29,6706,4785
7,10,4785,82
6706,7,82,2
4785,6706,2,20
82,4785,20,463
2,82,463,800
20,2,800,6
463,20,6,2
800,463,2,281
6,800,281,1465
2,6,1465,8
281,2,8,16
1465,281,16,1389
8,1465,1389,3
16,8,3,17
1389,16,17,5341
3,1389,5341,29
17,3,29,472
5341,17,472,1652
29,5341,1652,1661
472,29,1661,4687
1652,472,4687,5
1661,1652,5,20
4687,1661,20,5989
5,4687,5989,997
20,5,997,4321
5989,20,4321,2126
997,5989,2126,18
4321,997,18,14872
2126,4321,14872,813
18,2126,813,493
14872,18,493,9
813,14872,9,38
493,813,38,6126
9,493,6126,15
38,9,15,1173
6126,38,1173,246
15,6126,246,3656
1173,15,3656,3161
246,1173,3161,188
3656,246,188,422
3161,3656,422,385
188,3161,385,497
422,188,497,4
385,422,4,780
497,385,780,854
4,497,854,108413
780,4,108413,6
854,780,6,37
108413,854,37,357
6,108413,357,463
37,6,463,313
357,37,313,3
463,357,3,5595
313,463,5595,10
3,313,10,478
5595,3,478,864
10,5595,864,4
478,10,4,19
864,478,19,3448
4,864,3448,1457
19,4,1457,5772
3448,19,5772,7
1457,3448,7,20
5772,1457,20,325
7,5772,325,8
20,7,8,55
325,20,55,17
8,325,17,42
55,8,42,584
17,55,584,25
42,17,25,10
584,42,10,420
25,584,420,2273
10,25,2273,2742
420,10,2742,2
2273,420,2,3
2742,2273,3,35
2,2742,35,5
3,2,5,698
35,3,698,5772
5,35,5772,1750
698,5,1750,9
5772,698,9,42
1750,5772,42,148
9,1750,148,813
42,9,813,493
148,42,493,1187
813,148,1187,6
493,813,6,268
1187,493,268,281
6,1187,281,568
268,6,568,13
281,268,13,21
568,281,21,1065
13,568,1065,12
21,13,12,813
1065,21,813,493
12,1065,493,6126
813,12,6126,15
493,813,15,1173
6126,493,1173,246
15,6126,246,12
1173,15,12,2902
246,1173,2902,88
12,246,88,1265
2902,12,1265,1187
88,2902,1187,1539
1265,88,1539,813
1187,1265,813,2266
1539,1187,2266,1065
813,1539,1065,12
2266,813,12,2960
1065,2266,2960,14995
12,1065,14995,5
2960,12,5,7175
14995,2960,7175,2091
5,14995,2091,3161
7175,5,3161,2874
2091,7175,2874,2517
3161,2091,2517,7218
2874,3161,7218,4047
2517,2874,4047,1282
7218,2517,1282,5
4047,7218,5,813
1282,4047,813,2266
5,1282,2266,6
813,5,6,268
2266,813,268,568
6,2266,568,36
268,6,36,41
568,268,41,18
36,568,18,47
41,36,47,6128
18,41,6128,3972
47,18,3972,2402
6128,47,2402,37
3972,6128,37,99983
2402,3972,99983,385
37,2402,385,497
99983,37,497,497
385,99983,497,25
497,385,25,762
497,497,762,6
25,497,6,209
762,25,209,8
6,762,8,26
209,6,26,18
8,209,18,84
26,8,84,1126
18,26,1126,79
84,18,79,1322
1126,84,1322,1746
79,1126,1746,945
1322,79,945,6
1746,1322,6,1345
945,1746,1345,3
6,945,3,22427
1345,6,22427,1265
3,1345,1265,813
22427,3,813,493
1265,22427,493,1187
813,1265,1187,463
493,813,463,115
1187,493,115,80
463,1187,80,740
115,463,740,3
80,115,3,8229
740,80,8229,15
3,740,15,27895
8229,3,27895,1187
15,8229,1187,5
27895,15,5,813
1187,27895,813,2266
5,1187,2266,8
813,5,8,16
2266,813,16,677
8,2266,677,12
16,8,12,1236
677,16,1236,270
12,677,270,104
1236,12,104,1187
270,1236,1187,16
104,270,16,4676
1187,104,4676,6
16,1187,6,9970
4676,16,9970,288
6,4676,288,5
9970,6,5,9162
288,9970,9162,391
5,288,391,54
9162,5,54,7
391,9162,7,6
54,391,6,90
7,54,90,107
6,7,107,1631
90,6,1631,5
107,90,5,48
1631,107,48,1265
5,1631,1265,288
48,5,288,7199
1265,48,7199,5796
288,1265,5796,62
7199,288,62,43
5796,7199,43,1003
62,5796,1003,8
43,62,8,535
1003,43,535,392
8,1003,392,4988
535,8,4988,786
392,535,786,321
4988,392,321,813
786,4988,813,493
321,786,493,1729
813,321,1729,734
493,813,734,4
1729,493,4,3462
734,1729,3462,5
4,734,5,246
3462,4,246,880
5,3462,880,385
246,5,385,497
880,246,497,4
385,880,4,6
497,385,6,57
4,497,57,107
6,4,107,20
