8
7416
7
25
2
5329
362
262
5
10
29
11
396
5235
2901
8
899
5
26340
242
10
14
2225
3339
3182
5
2398
7
1235
19
3025
321
11
5098
8
2529
195
73
7416
4
26698
31
1232
2398
5
916
6
4
341
394
1232
700
335
650
240
274
41
65
916
6
236
15
20
300
11
4244
8
7416
4
57
195
160
38
634
4
516
8
2
684
5
916
474
418
26
478
9
38
1048
35
40
17
72
1695
370
285
22
864
7
2
7629
19660
38
3741
5
10355
240
7
21
3274
2
10699
5
38
478
3
2900
778
5
916
12
2902
10
14
388
2
2
4974
664
455
5466
2470
934
5
4781
2
1048
35
15
186
916
24605
16201
962
11
606
1235
8
3182
5
2398
165
8876
6
1063
29
11
653
20
14
208
3095
79
158
188
46
54
7
206
53
50
379
31
6333
916
4
57
31
7
29
370
285
209
8
76
916
46
37
184
3
3025
46
50
4476
3
469
115
21
242
8
798
50
944
5
2225
3339
370
285
4234
316
3
9209
916
147
18
3974
9
43
3
1283
51
1959
2
2225
3339
10
14
362
8
2
10390
1585
3974
175
105
792
4
215
1784
54
3025
1235
14
6
209
187
46
211
19
2272
56
8
95
1784
31
6333
916
24
38
2136
50
4514
2824
285
3182
5
2398
14
3095
79
158
188
15
240
12
647
109
3025
653
6
12087
546
28706
2317
48
6339
6589
21
3
15548
916
24
1746
5
4202
1048
35
6
109
11
10052
8
28706
5264
48
6339
1882
3
7398
19
867
2529
188
54
14
3
1036
101
147
4
574
100
261
2474
100
5
916
852
6
1048
35
418
62
115
3025
6553
20
15
4234
316
203
240
3
5484
4595
1092
684
19
13047
81
24
38
308
4
2683
38
2136
62
115
11
6553
10
15
209
8
19
22
83
641
1784
31
6333
916
4
1748
2136
50
4514
9
8782
51
3025
3841
2
2
1234
316
37747
11
96
64
740
3
29
11
115
383
8
148
7
160
6
341
1063
1874
8
20
13917
316
3
1036
101
5
1240
1092
14
15420
2
11
383
6
109
188
3064
6
1063
14
1750
3
14297
916
852
6
6589
418
25
62
115
3025
6
849
5
20
4191
1500
8
53
14
64
1506
7892
188
11
383
8
164
26
6333
45
53
26
7
4
9
88
177
916
551
3649
29
285
1343
209
8
76
916
50
918
3
469
1183
8
90
3649
56
5
623
7
5832
15
2954
5
51
721
2
2225
3339
945
3025
1235
8
2529
792
2
2
323
5
188
4593
1240
1059
24
3655
3
38
308
962
20
14
146
1138
1523
19
1135
1779
5
38
2136
11
96
64
315
3
6553
20
188
15
22
3816
8
2225
3339
1959
472
11
12221
8
20
188
14
4878
4
72
30
137
370
285
1271
8
3025
7
25
136
2251
8
53
14
64
2225
3339
2
11
7
8
2225
3339
14
4585
11
7
2719
3
653
8
2225
3339
8
7
2861
46
54
11
13
3955
1235
7
2861
4
54
11
799
7436
6
22
83
1544
46
14
21
2
512
14871
3025
7
3115
3
22
737
29
3
2306
8
1048
35
5
546
14
1868
19
10226
3339
889
5
589
5
916
24
38
308
6
2562
7
551
2
2725
5
131
2422
7912
11
908
22
1282
5
854
11
2541
7
1222
11
1361
2225
3339
12
585
8
48
5
916
31
50
146
1059
19
124
4
894
546
900
3
609
3
766
13
630
3
1546
35
6
395
37616
2
38
131
73447
6
778
2529
792
478
9
38
1048
35
196
6
107
5
8
753
11
13
2
173
38
131
2122
6
778
3274
2
1779
5
2529
100
2809
4500
26
13
3
155
6
3025
83
357
2
1048
35
40
21
18
154
79
118
261
26576
5
1240
1541
10
14
1310
3
15548
81
820
8
3025
4957
7
9015
11
116
3092
149
8
88
5
95
6333
50
1092
31
13
533
64
177
6
8819
4500
51
11
7
245
254
164
7
8
10
14
4878
4
72
9
1092
916
684
3
18
47
5484
4514
9
512
76
223
81
1285
5
1528
61
2119
3
2529
100
559
3
1940
302
5
1746
26
697
9
38
1048
97632
2567
3073
8
6339
1784
50
2317
3
1518
56
203
240
5732
19
3025
83
641
9
2529
100
124
5
6597
8
14871
3025
2541
156
2
9735
854
121
21
17
196
2657
11
7
75
48
491
2
2529
2
2
3419
11
13
1000
3874
3
5319
12
1073
4
6
25
377
13
914
317
1012
845
19
1426
43
3
610
3328
5
844
11
13
7164
43
15
1583
8
611
5109
12
62
3
1666
2
1929
1469
10
7
5333
8
11
5081
146
156
2
7284
315
3
317
1012
5728
285
10
7
6
1976
5
22
83
1483
621
4
11985
6014
3940
455
1240
8
22
740
84
3
2306
2225
3339
5
2562
327
17
2607
6339
471
13282
401
5
9225
1063
290
1416
333
25775
1734
14
51
721
6
2562
171
124
2225
3339
2028
50830
824
5
2225
3339
863
8
122
461
6017
1041
2391
10
55
17
1750
2607
2
7892
5
4
