111
5
1102
40
1665
61
3
209
8
38
2478
46
2862
915
1018
46
16
107
56
5
2605
15
70
45
11
28
6
2
304
202
6858
2
200
25
1552
4
25
56
5
2605
15
114
8
80
38
83
4252
77
21
14062
225
6
111
202
1339
16
149
1471
8
90
5
38
1873
1580
18
2579
4206
5
162
4
225
101
151
9
631
37
1819
4
225
95796
183
6081
4319
103
66
404
58
2410
10582
202
1004
3
172
2848
1819
12
69
1455
4
12
1592
1228
1259
324
75
363
94
322
2514
6
109
211
159
2332
3
5933
31202
31
28
2
565
77
7665
2
6457
3577
24
2
2132
1819
4
1477
30093
2
202
94
9
4
1316
265
389
31
28
8
2912
3577
24
1819
50
2
2722
24
67319
31
7
4
16
6003
843
13
47
508
3
123
4
1895
2120
12
139
6
268
465
17999
15
162
768
3
22
1122
29
12
442
11
365
2
4254
11360
1152
2
11
1235
594
5
22
56330
3371
4
555
910
87
7
1366
8
48
5
45
646
18
6428
2050
4
18
1583
4
576
4
294
8
7
25
18
11
28
25
130
910
7
555
82
130
478
164
7
21
2
105
592
10
7
3
666
3
2053
17
177
5
27686
4
6308
6
157
3
120
30
945
137
2107
5
104
334
944
4
29291
5
51
1352
830
100
2165
102
33193
7196
5471
2257
884
93
865
6383
2
26086
2165
5
118
830
4
1116
102
119
471
3150
30
552
67
7196
2300
3690
854
979
5
2681
9600
13
2257
2165
8
4
2620
9
7196
7
1796
3
119
1873
363
2165
50
8095
37
2
54
3177
44
740
3
17
27058
15
45
10
1468
981
19
3225
4
12154
2681
39237
2
1851
33
208
7196
1074
1468
2
119
1014
14609
946
118
3865
15
2
50927
2696
33080
2
31
1872
2
1573
5
14294
4
1069
4795
2
11
317
455
2
50306
6693
7196
3225
8
115
5210
88
5
2165
3
3690
854
979
5
2681
5407
12
1766
2695
5
119
1014
14609
12649
37976
3
2
75
37976
6063
368
7
164
3
16
594
8
196
90
40656
119
1873
16
4381
3
899
5
3036
12
67
3291
20
2620
1003
35
196
90
119
45
100
6
10
2790
54
7
1264
1796
42
2165
599
184
3
50278
2272
56
480
237
4
2007
6
4
2620
4
140
12517
156
237
36
2007
7
161
1116
4
830
190
599
3
3164
481
20
7196
2
1056
33
9
48
16493
1955
37
3036
6
2681
46
11
100683
7214
54670
318
109
39237
1380
8
368
14
551
2
64
3
677
1187
8
4224
1334
899
3036
15
9600
5453
2165
12
707
585
149
42
3225
12154
2681
9
33
208
7196
1074
817
3931
1215
4
2609
1865
47364
979
1050
8
2620
7
21
4926
36
6907
1201
6
2
107
54
5210
102
36
17703
2
417
36
1898
5
543
12
641
5
237
36
2007
26
28
1027
339
13
41
5183
83
65
5183
61
12
2300
15
300
27
4
494
145
16
6596
183
10354
2939
5
38
4035
69
1326
12
4570
9
105
492
798
12
62
149
26
671
958
66652
27
567
7
3957
24
2
788
5
7639
61
35
289
192
3
42
8
68
123
79
641
35
8
2609
374
6
2
41
10591
3797
27
7349
3761
6
8
1105
5
949
14
3502
747
59
11
14
3740
19
638
193
6
1742
58
57529
1404
13
3
192
21
86
41
1098
374
29
68
41
2337
97
158
4
57
698
31
55
106
301
26
1386
52
11
14
3
123
135
838
9
119
111
3
440
36126
7
260
395
187
8
213
7
5495
3784
4
7
2
3788
5
1950
356
1031
19
4065
698
8
7601
3083
114
73
95
31
18
12064
3
22
53347
137
51
1352
3
180
4
494
145
27
28
540
6
12794
39
249
10
2
1536
224
110
11362
69
1356
24
2
1357
4175
9
289
192
7
41
65
2
527
8
906
4487
7
438
56
4
2646
3
499
9
161
675
16
1096
3
2688
10
2062
8
9
48
5
10
7859
2568
2881
4
1933
105
328
3165
127
69
7
23
2
173
120
4035
356
16
64
752
4018
3
3442
5906
4
9384
5
127
356
7
4
19264
1200
4
131
281
45
610
10
2282
147
1950
3
17
1516
28
58
105
1584
9
14546
52
33
14
3
3536
2
43349
825
33
147
73518
7
377
72
8
128
153
11
1900
457
2042
2
2072
5
1950
356
3
296
22
440
100541
27
4
145
483
23
2
5826
6
958
66651
650
86
280
403
5
2611
202
1813
659
6
2
440
431
7
3833
56
2
374
5016
559
66
6
1678
286
11
1326
2
105
2075
12
118
4
2282
491
193
13
1740
2
8178
1585
5
3389
107
5
197
4
8659
5
2
127
289
12263
193
69
13
6554
374
6
1613
4
1023
374
517
6
2711
19
117
1025
305
4409
2
9903
27
31
517
35
3
2233
605
297
193
68
1354
48
5
764
374
31
50
612
6
1742
20
15571
788
7
1448
3
1080
107
9
1373
1701
5
440
11161
59
374
1471
3
27
77
17
361
61
3
8661
3
190
94
10
3148
41
12198
175
