226
296
198
96067
66594
7
152
654
456
823
63
9
402
4
938
11
863
2513
37
152
9
421
39
737
11
55
68
17
4051
12
558
4
672
216
2477
28
466
8
216
7
21
483
3313
17842
125
24
669
158
375
1360
5
20
66
1586
194
37
78
32
366
8
49
125
50
1019
888
3688
11
3079
15
56334
159
269
5
35
146
8
3181
171
49
310
724
544
20
153
4
6
2
4094
304
243
56
19
49
266
2
11
441
49
3239
91
5
520
125
32
7789
594
8
158
125
77
18
47
182
19
1862
5400
11
5009
580
15
2
636
16
8
125
40
17
1364
9
91029
1424
408
5
130
179
125
30
3
92
909
23
38
92
1823
54
1389
26
50
1692
4
3329
1019
12
213
23
35
216
11
28
20840
216
2477
5555
6536
146
314
12
466
8
20
14
21
107
213
106705
28
216
86
739
3313
17842
125
9
57
669
158
6
64594
18
241
47
1678
3
25
20
10
72
271
8
10
365
76
60
3
243
6
236
6536
28
1197
8
26
2548
218
3
123
664
65808
1360
104
669
158
40
18
47
1390
9
14313
38
83
158
433
9
9103
4
2
4
2662
257
181
307
544
20
153
146
314
8
465
14
21
28920
181
28
8
6
909
392
72
433
125
56
5
41
65
2
591
125
326
26
392
80
2097
6
181
28
76
909
16
6282
125
87
26
25
21
14
3
96
125
1131
6
3624
36
623
8
20
7849
40
16085
185
37
749
24210
813
177
5
32
864
6
11007
984
5
49
520
125
91
13
47
8
11
326
88
125
3
92
1580
12
38
636
641
1238
304
243
56
19
49
266
28
49
179
125
50
1019
1692
4
3329
20
107
606
32
1751
8
11
4052
15
216
128
66
6
5963
74
37
1128
5
7127
125
799
24
49
60
2
269
49
266
897
129
5
81
260
50
6
213
170
26
13
47
326
3
636
26873
6536
759
300
40
477
3
2074
95
55508
2016
437
5
7583
753
23
10131
150
214
3250
134
421
39
11
13
967
37
32
3181
24
26253
88
344
366
11
146
12
298
14
8
125
50
1692
4
3329
6
280
60
2419
62
239
92
125
213
9257
405
95
597
765
91
10
14
1581
10348
20
14
340
187
11
28
2662
257
181
1298
8
72
129
5
35
216
125
50
888
25
10
131
1598
45
269
32
3524
993
3
888
49
433
74686
2546
19
3593
6536
2216
8
1424
408
5
49
125
50
21
888
23
23547
68
1254
544
20
153
8
122
41
65
125
50
420
3
216
557
50
819
19
49
2
432
520
433
8
11
7
21
319
11
68
28
49
520
783
40
19
27286
10643
873
4
1809
5
45
11073
78094
530
1087
10643
13
47
873
4
1809
5
45
270
75
3847
2
257
2953
9
4457
5
2574
777
54
14
296
19
2
5405
5
414
7033
7742
4
64691
24
2
849
2455
1662
72
620
76252
100575
1094
8
2
213
5
833
4
1449
474
2
923
14
2
1049
201
354
4
50
1019
3414
19
973
4218
9
38
4494
2635
3
777
18
47
908
5
1017
238
385
211
2788
2598
8034
4710
6
2953
3
53790
4251
1301
5020
1226
13
47
533
79
3662
4
34
17
630
4
15995
82
87
10
344
3
18
2
1725
80
59
1179
7
6
967
2
39
1301
13
47
5951
612
4
34
86
296
973
530
1030
211
10571
6856
2574
5
30649
100
1132
52384
11299
3
606
3912
67
288
1418
4
329
43
4807
3390
67
97
188
5
1528
48
45
203
1060
4
1738
668
133
79
2
17009
54
2641
22218
13
398
22
4911
2421
3
91
876
3
523
24
3137
2563
2
1007
9
45
1380
8
1515
141
100
14
2113
4775
100
4
121
17
303
619
23
60
59
41
344
2843
10655
10
811
811
1550
13
2
1103
100
4
141
100
4
833
4
1449
100
29
104
16
5909
5709
354
24
2
186
19479
60
2
7701
19949
24
268
11
1380
24
84
12
30
72
514
2
106
12
622
45
14
53
110
3
17
42
12
298
37
597
502
2
20552
4
52
7
380
21
295
130
361
20552
19
466
573
34
2538
329
180
204
1249
342
1148
3
11303
1128
884
10553
1870
14341
16
1850
7108
5
1752
173
4009
10553
3381
3150
884
15101
1128
2448
6
13
897
1223
9
298
736
96487
167
6
2555
54
274
23
275
550
4
41
65
73607
90
2
45
50
489
4
41
65
2261
2
2915
430
1687
8319
2555
1922
4
5722
213
171
3355
509
298
736
6
3445
53652
1687
23
21069
1922
120
45
50
1454
489
4
190
23
5773
1489
6
11729
1898
746
846
637
2438
120
1600
266
28
50
489
50
462
1019
1298
2
834
167
23
1922
14
1454
3914
19
5631
6
5727
4
5118
4
4
23224
1863
4331
14
1454
277
6
45165
30
3976
13
721
30
50
704
19
3813
167
28
3445
1032
624
2022
81038
16
23
124
1005
1032
624
10024
11482
28
298
30
18
47
5663
9
128
281
205
6
730
3
309
5
10136
167
54
3445
874
28
