8230
2149
6346
2
5774
3865
36
572
2212
110
24
1224
3
1224
1379
9
2017
5
686
4
4183
36
765
45
236
104
620
38
308
9
8742
23417
3
123
4
17
9617
2
60
5
5532
4
4603
10
14
2
60
5
5532
4
4603
2
60
59
3127
3627
12
62
136
686
13
47
1364
24
9723
4
6
51
999
10
14
6
2
60
59
6388
36
5154
4048
14
1893
4
54
3542
40
128
375
2205
10
14
2
60
59
64465
5178
40
17
7927
4
32792
59
8556
40
17
146
5892
3008
10
14
2
60
126
13310
54
14
855
3
730
24
818
5
3713
6
22192
1242
51
6662
13310
23
60
14
19461
613
6
1423
730
120
2
19461
64742
365
236
23
1096
5
355
231
2
79347
103625
2
306
13558
2
15
12399
1388
716
12606
4
14
4910
12
355
44
5
28
1656
11331
5251
1328
409
538
6
11331
60
104
13061
50
165
131
973
6
730
4
50
1328
74
3
157
19
13309
3383
2909
798
5
3087
157
1005
4
1149
464
157
120
26
218
122
26
716
186
973
6
730
4
50
2303
8650
19
1320
6
76
187
26
365
12
2
382
1874
2
14
187
15
756
9959
330
36
13558
330
6
143
2892
756
9959
4
2333
1763
14
177
5
2
2586
3
2083
61
4048
5
9980
203
111
5
2574
59
10
14
3
17
1893
19
1039
892
11485
5
11211
892
7
5
2747
31
716
1039
5
161
426
993
439
5
2970
2597
7
6
12
355
109
2586
14
1588
756
9959
1285
1863
72
126
11
14
15995
11
4177
24
24553
4
1558
22
4209
4
170
140
44
13
47
5181
1075
1886
15
8059
13558
19461
4
2
8906
13256
3093
756
397
26713
13256
231
2136
1379
9
2
8866
9
756
29
20
115
21
870
6
109
2
30
137
43914
7
183
2
8
541
24
2369
60
4
3790
5
756
5379
3790
5
53714
6
19977
1320
231
20
60
12578
4982
17779
16426
72
87
10
7
51
33
25
23
20
60
5
66
33
415
61
33
849
2
583
33
4771
33
2303
33
155
6510
1701
45
308
29
33
68
154
570
4
543
3331
682
171
10462
4
88
1130
205
5
66
2
201
482
23112
10
7
2
13934
8
15
48
1071
23
67
7462
30
55
21
6650
156
532
1075
66
3
300
549
2
3612
1394
164
3
93
41
6627
12
12069
549
320
662
3186
52
33
14
3
259
2
3068
10
7089
8
33
1386
2
320
25
10
247
314
31
28
51
125
16
7
21
3398
536
1087
3313
833
9
4671
982
2898
3
67
8663
648
9
41
829
30
833
3
96
507
8
64
300
7
6521
2248
2
4671
20
123
60
4
315
25
982
17
1744
375
112
300
477
1056
109
2430
3
2
300
16
4011
164
16
8062
482
54
33
55
91
6
112
12371
1367
284
6
3290
1367
7610
1367
284
6
7610
1367
33
55
68
1984
103
8062
3525
15
332
57
9
482
3
93
11970
12308
1367
284
6
2453
1367
571
1367
284
6
571
1367
2
1299
1367
284
6
2
1299
1367
9527
963
16
453
3313
2
2116
36
2
1365
5
1367
8
147
3
17
1461
284
6
2
2116
36
2
1365
5
1367
8
147
3
17
1461
2
7042
1421
5
5039
2
1365
5
1367
284
6
2
7042
1421
5
5039
2
1365
5
1367
8
55
3854
363
368
91
104
4756
6582
26
16
1389
3
248
33
392
4
663
1012
6
2
282
107
26
55
3789
6
7442
825
734
5
2
300
41
946
4
128
29
21
275
284
6
320
5
112
1243
64
147
3
91
20
722
1764
6
175
5128
109
33
25
21
147
10
2564
72
863
2
33
73
4
112
5128
34
17
1321
244
5376
477
3313
59
33
483
10408
1044
1367
418
4
10
34
62
33
62
112
300
34
234
73
126
33
117
10
52
33
84
113
8
20
7
196
5412
140
72
1233
825
898
4
863
2
33
73
407
15
390
3742
6396
12
35
5
637
540
1854
58
2867
19
22
2120
8
71
3659
1023
3
2700
7389
392
19
439
5
279
4223
53122
396
1327
8
2
58
408
233
6
2
5701
2868
1688
75
70
45
18
2852
40
14
3
2216
2
287
768
19
4832
20350
4
39
249
60
44
40
317
212
3012
3
274
1325
28
20
499
1023
3
17
146
19
235
17480
68
1512
3586
2251
8
941
3
22
499
24
150
2692
1648
4
150
3747
5
679
1587
62
11
196
77985
52
11
992
56
1307
5
2
5701
2868
3183
1623
1325
28
107494
16
18787
202
3
276
3586
2
3183
106
265
135
195
2772
2105
5
1378
228
12
58
3
272
61
4
25
10
84
6
4
1510
12
1472
966
310
11
68
2342
8
1325
34
142
198
22
1098
21
3
276
3586
2
106
2488
1325
13
28
2
182
5
148
29
22
58
387
16
21
110
3
155
74
8
5060
15
89
26
415
21
110
3
25
10
2
7
134
9264
3586
20
7
110
3
972
33
415
110
3
247
2
587
212
279
2105
453
4
6
1345
3
45
4563
3
966
30
18
58
387
4
2
745
387
31
