2
5628
23
714
42
5
67
1832
567
46
89183
20
187
2
6
196
90
57
2359
176
2896
313
3
17
220
4
105994
113
8
52
33
234
23
51
721
74
376
5
128
66
33
380
72
295
3
9193
112
573
28
111
681
256
975
651
12
1472
966
310
1876
3
12265
5
4742
1146
2359
176
379
4
1241
70
38810
485
112
251
9
64
279
64
857
100
3712
28
2012
312
35
702
12164
7622
3
4203
6
49
312
4
231
133
2
11
510
496
102
776
176
379
646
6
1783
5
1810
3
2328
5
2012
11
873
67
60
7
84
4
956
1929
61665
300
146
1676
4
161
286
149
71797
1328
26473
519
66143
15
1217
21
1116
102561
7351
5605
1184
14
2
14675
119
2
22
87777
68722
4467
2
272
41
7402
3
4150
376
4
7937
8626
65
3
24637
2744
401
11
14
8683
424
3
1235
8
30
18
2
176
4
237
255
6
143
35
29
11
4636
73
11
100
72
2663
12
89987
859
36883
48
20
176
52705
1184
75740
495
19
2012
787
3573
422
102016
2322
76
5
357
91
3
607
49
1538
18
364
71029
61344
4
67770
76
2313
7622
4636
2
286
2076
100
2791
50
2
21765
21093
8
11
277
416
4119
362
3
3006
496
132
1292
68
3006
49
27530
329
25
319
6
634
8
1810
2592
14
395
1070
1765
15
4
379
4
438
49497
926
2705
14
5744
4
22
6541
48
29
2622
184
3
22
347
580
31
2214
339
77
137
8
1810
14
6
2273
1789
2
11
14
186
3
176
2264
120
11
14
10888
4
22
3937
9
248
1350
72264
22
290
448
6
1789
4
3174
7
21
6
1794
29
64
186
2
605
79117
65
4420
24341
13
533
139
15
496
254
53
64
4355
4788
14957
187
9
1377
203
209
2
30
84
116
98730
855
102
776
379
364
42
1415
5
14997
1377
378
1415
5
13165
12656
1137
4
4632
6
13903
57
357
7622
4216
622
11
77
102
776
379
90
18
331
9
279
36
3
10072
2986
5
401
714
161
7622
2431
4333
8
3076
496
2
11
7
46
15
2
7074
6
2
166
236
46
40
18
2
2987
660
11
877
3
17
2849
9
20
56424
68
14
876
2
2
232
5
49
543
241
4318
15
2
352
5
176
4732
211
128
66
4742
2870
5
15518
652
1081
7891
181
1533
8
652
210
5
2
1847
910
999
8
14
6417
19
24248
878
2514
4
22
176
61866
496
50
7470
102
176
6
8
187
1271
24
2050
5
90
223
2012
1021
593
496
16
241
7499
80
25
42
115
1891
8
776
379
16
1721
21
86
9
38
564
6
1810
439
3
1112
1304
20
7
1024
29
68
9
8983
6
5
40255
379
5297
4
70755
579
7622
357
327
18
4636
73
56385
4965
4383
9
1576
3
4
2018
1207
5
70
26
50
7219
5
1805
66
404
59
2
1165
220
2316
277
2508
6032
21
2357
5
7944
22
11243
16248
1513
6032
4
49
542
3040
67369
11
1776
7
74484
70
10
67
484
6
25
90
106970
268
153
119
409
143
35
957
15318
37
5691
1810
187
1056
155
258
5
2076
50
51505
71
876
75
7622
7470
49
496
228
9
699
62
962
25
30
93
3
10
6
2
2449
226
30
208
48
137
148
912
183
107
1183
40
30
14
3
29
30
230
23
275
7829
3
1283
67
83
3532
4
741
67
83
2896
2
7445
2
30
25
87062
41
24
10298
6048
3250
663
49
12
672
36
346
49
3
1110
501
364
4840
14071
3557
2
12392
2124
7
425
3
17
203
2843
3
7
2176
15
43
1103
4
2
449
121
17
63
58
127
94
1460
931
6392
40
21
1353
8
30
243
2
449
6
496
5
20
226
931
28
12
1472
966
310
12
540
500
540
11
1657
83
12
95
300
6
4
407
15
1228
7
25
21
178
8232
7
2176
15
1103
5
20
133
931
134
1228
449
488
8
38
1251
7
131
136
2
177
5
112
166
290
4
51
33
25
2
2
166
158
4
8
5832
15
67
1291
4
67
57464
383
7
1460
931
112
94
9
106
69580
931
134
1472
3338
3
8
665
1252
5
2
63
40
323
52
22
36
49
1175
14
5832
15
43
734
22
384
9666
15
8
5
138
27
1143
1158
9
58
127
499
31
28
12
348
8
2
449
2
63
7
271
8
77
505
6
66531
28
11
116
90
449
31
16
15050
29
53
2
131
2622
255
15
76
449
231
108
300
11
2063
12
57
540
52401
651
1460
931
1641
9
157
137
20070
7
99
7
380
367
1968
79
350
538
9
21
254
476
27
28
27
4
931
161
28
26
178
71
7
2
751
460
218
405
1303
14
3
137
658
124
6
143
35
661
7
462
828
811
4
10
7
253
3
2426
83
5400
6
235
281
44
52
33
16
18771
9
20
155
164
3
1346
62
3
942
1106
72
2
334
1753
20
13
47
110
12
170
3495
5
69
59
2696
50
1900
12
12495
4
2397
3
4247
1691
9
482
42
12495
2
14
3336
19
457
14382
31
2011
11
14
720
3
434
2
