16
220
471
88
3669
4426
5
104
2622
176
1745
104
16
21
359
5
194
8
55
17
331
59
944
7
2
1960
944
51
140
7
3
17
3170
19
2251
8
2732
14
4585
9
643
2
1015
31
1992
365
76
21480
3
180
20
936
7
416
23
325
5
2
89829
3756
1820
2824
122
76
2343
132
18
47
6446
48
5
81
50
21
72
87
1513
13
64
3045
2882
6
22
142
115
21
242
2732
7
21
2963
23
89
2
11
866
351
3045
2882
6
22
24510
131
1529
77
18
2229
22
616
122
11
14
438
351
181
469
16075
12
20
173
4
10
7
2
372
173
181
7
68
16075
37
229
1513
14
6
209
5941
2732
10
1533
86
8
1513
14
541
455
2732
969
1513
469
4
2389
2935
5
20
578
9
42
22
309
5
2119
4
3523
82
4
7
25
137
81
2
156
82
1093
43
3
2
312
8
1449
10
779
12
142
5
1237
220
1440
176
2113
309
2
18951
15870
9
7647
8
3274
312
92
820
8
20
578
126
10
7
48
28
4
42
34
163
48
5
43
3
1627
61
4
172
3410
6
3776
5
67
83
10371
30
327
172
3410
8
67
244
86
18
734
8
26
16
86
5051
5
1250
59
30
380
42
622
101
80
286
7
353
64
5403
6
1035
3073
30
25
18
4
1585
6
20
133
8
1035
3073
7
1157
9
1035
512
52
969
4
30456
50
103
119
4765
10
40
17
2058
9
43
3
234
23
1866
4
417
15
41
191
6
20
743
82
9620
2732
82
4
514
89
1390
9
6016
2
844
4
2938
2
543
74
2
3705
5
4569
6
22
478
3
10058
119
1780
4
477
2435
3514
13584
329
2732
198
2751
2774
5
13584
864
7
8
969
1513
7
4
3310
11710
12963
6
20
6697
176
124
12
2
503
6938
543
29
52
33
178
8
48
220
244
323
8
7
4
19025
1734
42
8
7784
130
448
5
101
4
732
2
7515
220
16
635
3
25
13584
5
108
147
3
178
8
52
220
45
40
72
309
101
4
25
101
30
40
17
48
101
29
6
2
213
5
119
4457
53
7
8
136
309
101
6
108
3514
2431
33
116
2
2480
4
807
635
789
33
25
30
219
110
3
319
12
6119
2
33
28
4
30
34
319
1174
14820
4330
5
969
1513
30
34
25
25
87
220
1780
18
260
3481
56
112
1741
5
22939
30
380
47
424
3
888
67
244
19
8313
101
631
101
4
208
367
6914
61
170
37
8
704
13
21
773
6
4
2809
108
5
512
4
3073
379
40
18
13
605
9258
4
201
448
3
1306
104
616
61
123
81
142
83
3
5413
1364
96
81
2483
4
179
56
4
3443
3
179
198
21480
26
6378
8
7
42
482
5
31159
279
4
5
108
30
16
794
9
30
16
424
3
93
361
4
8
242
30
611
1663
15
43
229
112
2480
7
10391
36
112
862
6673
59
1408
154
30
34
549
64
3441
5
124
1006
251
9
41
925
9
10231
102
657
1247
215
4778
12
204
614
170
1411
124
758
634
404
12087
1006
34
310
767
12
442
3
1000
3
10
911
215
4778
12
204
614
170
1411
124
2
1815
1080
9
2
8692
15402
15
1589
15
204
1706
2949
2611
3
278
6
2
62
5
163
525
730
2078
1815
441
624
2265
3
96
201
12
2
878
627
19
1006
195
3
117
163
3
4225
35
4
1268
3938
24
341
235
66
143
35
403
9
6006
1559
24
730
3
2700
378
838
151
5
76
925
177
5
1006
411
3
204
9369
5
4199
4
594
10
77
666
2
707
1745
6
730
29
1140
3357
72
2420
366
3
5843
100
6359
15
22
7088
251
3
1060
886
23
1171
12
318
109
19
13563
1344
336
12
558
336
12
672
76
16
13150
1202
350
1140
3357
442
1921
1475
2
2
7931
251
3
581
579
85
122
10
313
408
16
3208
3
173
4
3473
472
23
275
419
302
9940
8492
5216
121
17
3010
15
10
1649
2
3357
537
5
655
7
2
5843
72
2
1835
8792
59
26
2396
61
200
5
101
12
355
7
569
360
9
27
12
355
52
27
689
7
569
5256
130
5843
33
6
46
1140
3357
10132
318
109
10132
51
912
115
8
242
46
4345
4138
22198
318
109
201
194
53
64
147
3
3152
874
2
2117
5
45
18
260
10
17
61
3
191
8
17
3
1024
52
5256
130
5843
3274
2
447
36
52
10
1389
11505
25
8
672
34
3739
3357
641
234
1049
201
10132
7
33
93
6
1474
9
20
370
126
46
17294
107282
318
109
23
275
370
126
3082
112
5843
4
966
180
6
464
673
60
3
431
1351
46
1140
3357
10132
132
109
7
569
5256
130
5843
7
1960
148
3
5005
79
4
547
11246
951
8
7
15370
6
10
21
2
306
148
3
1475
46
9427
8437
688
82306
318
109
6
5504
2117
5
45
16
912
22865
23
806
5
3357
8536
2
5843
46
36
2
2789
703
40
253
251
10
4
1137
5843
10132
5534
112
910
46
104908
52868
80894
318
109
