78
32
50
607
2
19478
4
21
18254
19
2
417
31
957
3
81
94109
72
1718
20
7
2
4130
8
417
4046
69
4
10
620
767
16
1329
41
2084
15
1737
258
205
3
155
126
9682
6957
996
1317
2478
1076
7
21
7092
10
2
6
1742
4
1117
1007
5557
23726
28
1317
240
3
766
3
9364
6
161
2370
35
23
117
5
205
29
6113
7
2
527
8
161
69
4
1317
384
103
35
2
4769
65
50628
429
32
2745
4
694
733
3293
19
2
1951
556
58
6
1378
32
91
172
23
39280
4616
3
2891
2
1034
5
49
262
240
8
40
4412
1587
156
2
1705
5065
5173
15
2
436
1223
9
332
4815
26
70209
20
153
11
12823
2
503
83342
3566
6
1742
3
5521
70
2940
4
108094
27
9
395
22
18982
807
87472
27
1191
153
13
47
1118
19
2291
2584
12
32
1455
1291
7
3
329
27
1982
39
1482
122
32
4238
556
1676
12
49
262
89958
5617
172
12
442
9
482
5617
259
99206
13080
1676
599
32
1098
169
5
75581
98
105
94
7
377
1072
3
586
207
44
21015
376
5
297
7
46
474
2435
1194
46
3
942
56
5
39
4
609
57
94
3
218
3
25
1072
28
4346
14248
2
1927
32
46860
4077
15
32
23
2
712
6
1609
2756
117
2772
569
2105
9500
1289
162
21
3
17
22654
29
2344
264
987
11
28
32
906
1963
13
595
3
2372
3
1483
415
97560
28
2123
1613
4
2213
16
258
35
120
32
77
1497
25
149
6
237
102
9331
403
1963
7
2649
2105
134
523
10
40
17
201
9
58309
3
2
417
349
3
2
6957
996
1317
4637
9
848
13
21
160
2193
170
440
4
26
913
32
6163
6
199
4
27
4105
8123
3
161
446
85449
767
384
1786
5
3208
2
162
3
258
7712
127
461
2
10330
395
2
3348
85
2479
6
264
352
4
1598
9
32
46
80
102
27
10
7
774
831
26
44
398
8
41
65
727
5
70
18
28
6
264
987
8
133
7
12
732
100293
16
7406
79
6539
573
192
84
6639
74
1904
18076
490
3
17
98
41
67299
37
35
5
127
237
101
84
75
2
339
5
138
27
395
7687
300
37
225
2019
466
4409
41
65
1951
58
3
251
9
89
3
664
619
2
287
1404
78
32
7
68
6
1676
9
2
781
125
3969
8
364
1532
4865
5
49
1800
3
444
401
50226
53
7
2
185
540
330
25
10
60
3
1306
67
13804
198
1616
4
7152
148
149
17
105121
7
273
194
5
330
27
2
2162
13
398
7713
5001
6
2
339
304
886
12
558
11
28
11
14
2752
7
28
10
7
14
732
7
2483
29
68
8869
3
4
167
12
200
4
78
32
254
11
1494
225
4
11
5262
200
7401
394
11
8894
519
24
15200
13565
31
366
200
32
1819
3023
51
115
27
6956
24118
36
60438
1824
152
4
492
14
180
56
5
237
25
2720
7
34
208
1639
56
5
237
34
208
329
130
267
83
79323
1358
6
4
2416
62
5
18366
9
2
823
127
94
3770
4177
198
42399
11
47
2869
9
153
4
139
27
4
15529
9
35128
28
11
4
22
347
50
2592
4
28
30
234
845
3
924
11
13
3
62
51
6
22
910
99919
765
230
17
110
168
27
20257
590
5
58
791
12
27
3
664
619
7
961
29
217
7
165
2956
1013
3
202
195
31
2351
3
4027
27
357
122
3262
38
144
111
681
457
688
9
482
28
11
14
17122
19
27
300
37
5256
225
9708
29
11
13
21
31736
36
228
9
89
3
664
619
2
84128
14
18297
19
27
267
23
2
69
343
6
1267
747
54
276
33
4
354
5
62
1037
2152
7
958
202
27
7183
267
16
165
408
5
202
16697
252
178
263
214
1446
2293
3062
5
135
97
158
125
6
316
3
748
43
85
4
1671
55824
886
125
24
32
69
802
256
885
46
211
42
24
22
14342
641
8
1778
4865
1992
24
32
720
1800
3
444
401
33376
81
11
44
11
9
361
506
4
555
614
4
62
76
6068
9
444
401
50234
929
384
8
11
4720
317
351
24
2
69
8133
29
33
55
137
206
11
2288
21
3
307
3483
171
49
289
838
15
494
145
3051
125
77
1671
49
15
145
267
782
145
491
13
2269
81
2387
114
4
5477
35485
53
7
2
949
9
318
1066
2880
27
350
9266
584
1297
106176
1904
32
34
147
3
154
61
15
2
201
2015
9
206
11
28
95
148
3
2
432
968
2447
15
444
401
50232
185
5626
7
2221
4
735
182
5
13933
9
161
19428
16
103
2271
2234
6519
15408
4
390
3202
3318
29
727
194
34
154
24
2653
19085
2092
3
167
112
895
6
2
968
601
5
280
45
31
14
33
3
468
81
62
33
34
96
38
244
282
4
98
194
24
2
114
13
14612
5
9344
46
395
10
490
3
1233
36
3
4354
351
3
19373
381
7149
36
631
173
2
1954
1745
5
127
14197
161
69
366
20
7
2
306
5626
9
38
14907
