99
28
1489
16
555
9
1092
1293
1268
1575
509
2
49769
4
604
92
16
990
3
4214
108198
88602
6
1575
52
26
495
1833
24
414
528
6899
6756
3
5250
1650
4
2481
2
149
2
1092
684
24
11040
48393
3262
4
1619
8851
28
197
10
4451
767
4
430
6
1268
1575
26
103301
51
201
16
2246
5610
52
1268
1575
1440
16
4593
24
501
81
8318
439
36
718
4542
52
26
101222
414
528
18
64
302
74
430
6
1268
1575
36
2379
765
6
133
25
51
201
16
38
108274
52
79286
2
241
2
204
218
395
183
1437
1214
1151
3
4348
278
34
253
155
12
29174
261
1469
2
3257
124
122
3794
589
41
1092
34
210
17
1638
2261
4
1061
7739
45
6
701
4444
13583
1327
944
5
43
3701
96729
2651
5
1268
1575
1092
1074
1949
880
2
2246
5610
184
3
42
84
361
38
2291
50
1940
5967
4
42556
86
107
3
4348
589
5
57
7
19
7218
10616
38
430
14202
5486
81
21
947
81
6401
968
3
4308
9
1189
48961
7
9418
15
30029
4291
4
2246
3935
2177
43
3701
385
35
216
1007
2911
256
4207
49655
1905
35
1994
3
2372
20
3935
4
30
403
8
20
3448
34
17
41
1516
65
10
13
47
1271
64415
1874
752
10
218
1189
685
3
2743
1682
163
901
198
4642
604
6
1268
1575
34
17
752
1151
3
4348
278
34
155
86416
17233
244
6
1503
11
55
17
1123
6
1291
3
1205
851
2159
12
10
342
2874
9
23
275
2
568
4
3684
3
414
4628
203
2
2701
224
510
429
75
205
5
4229
1505
15
143
35
4
57
108
30787
766
414
1084
8
18
10471
250
515
40
17
3822
6
3056
52
10
966
10
1559
1874
10
77
123
2
66
36
186
9
2174
24
6049
3
3752
8078
2701
588
2
6838
6
1505
8
608
66
404
7
21
2
764
224
29
10
392
7211
9
258
41
205
5
1505
74
2755
829
4
76
323
8
469
8343
98
42
5
95
139
77
6745
2
2413
588
223
81
7
905
23
54
1084
34
17
43130
105
1585
15
829
8
30
18
1123
7
2
2593
479
9
201
224
30
16
1279
28
269
5
35
256
2096
1495
6128
17100
75
4
23549
1505
28236
531
532
6
241
352
5
20869
31371
588
364
462
48
2159
12
250
342
2874
12635
2516
4
3372
8
143
35
13
1023
6
264
205
782
10
2254
2045
9
80
3527
95416
250
40
93
363
685
8
132
96
224
41
12721
3
629
4
166
6
2617
10
40
21
18
3
349
98
5
10
258
342
2874
286
10
40
17
274
15
86
42
8
40
5952
3334
46
23
446
762
362
3
392
2131
9
191
1417
29
21
422
362
3
392
11492
22384
5566
40
981
2
15325
6683
1088
1874
10
40
123
250
2
601
66
3
858
61
362
1201
3
858
42
342
5527
1013
15
593
1181
5
103
3
258
205
158
15628
1084
2254
40
17
3199
511
65
3822
4925
2
250
1023
25
26
77
17
10335
142
79
236
52
250
14
1588
3
17
6792
158
15627
2156
3741
5
25
90
999
1023
19
143
35
77
276
71
252
2
1555
3
8427
198
1282
6
233
31
14
3
1937
39
1084
3
32152
41
3746
24
74249
119
111
623
156
664
77
9196
358
4
6206
2617
3
4214
10
342
348
23
601
5856
250
366
10
342
348
7
9
1929
1092
101984
1505
34
218
168
860
136
5
769
34
84
1356
3
119
111
4
10
441
5
1505
161
6
1068
3271
3
233
4
6
166
48432
6918
588
2
2
1804
1585
4
331
229
580
245
113
8
224
7
2
901
1244
65
692
5
190
124
6
311
59559
1032
624
3314
1347
2
4973
1282
5
1505
134
71
19
3305
8
2
764
224
292
12
7211
510
429
40
2233
3127
5
546
184
3
4
1156
97480
4136
23
35
216
78
3428
32
228
2701
588
4
1585
254
10
14
4
344
664
455
2
2413
588
8
40
1090
250
24
502
2
342
537
4
3912
214
5
143
35
546
4
94505
1260
5
588
14
146
19
105422
2981
24
250
846
637
143
35
4
566
57
226
88
13
9067
86
42
36
103
509
75
1011
44
358
54
5457
557
168
83870
4636
19704
80
126
26
1452
23
2
8842
391
2
281
311
24
1925
120
128
1701
5
358
13
47
621
90
2981
13
47
5605
75
1505
784
3
966
2
647
2872
29
370
6397
448
429
53
14
2
7035
5
3415
101492
44
481
1495
31
37261
88
5
1234
1505
15
74265
588
14
1123
2981
2717
1939
2
695
7415
1488
5
226
646
6
358
46
250
1476
1101
1550
204
539
4
143
31319
6040
7464
5463
250
238
624
4
582
3777
6
358
4
846
238
188
582
16985
13223
146
97484
28
250
4
108
191
50
470
2
4171
664
126
11
3192
1046
7211
9
4
3628
224
6
54
250
40
17
4476
3
2066
1092
91
5
342
97899
588
250
36918
5514
6
17841
40
17
10689
25
10
77
21
981
11492
7797
64
342
2131
40
17
41669
4
757
2131
40
17
19699
36
72610
4326
1417
23
18220
40
17
6692
24
2
31843
