3
155
1601
2185
8
2
120
7
11
206
115
11
69
136
51
7
11
377
120
7
11
3294
3385
28
11
295
88
1980
69
1637
5
103
94
19
64416
25
98363
7
37
3
2216
460
8
677
448
62
134
66
404
6
8
1896
2310
14
303
61
3
210
87
22
1030
5
36698
977
4602
4
41918
12
2267
5
1654
6
316
3
1611
991
160
6
1209
501
430
3050
19
104
713
1717
50
6829
56
4
10
14
86
2
281
205
375
85
4720
1896
2310
13
3
17
2584
4
6051
13
3
17
243
6
2
236
120
11
14
21
163
3
5995
126
233
23
183
60
32
14
6079
2310
14083
4
11
900
3
420
3072
1250
2310
14
25
3648
9817
118
8
2310
14
400
9
1654
140
573
5
1654
562
6051
40
18
508
37
1079
2310
1717
3
789
71
85
161
2310
4
6051
13
3
17
1126
45
16
1379
180
62
7
1077
48
5
20
378
66
404
4
7
44
7
13
2
333
24
958
5
48611
31
697
280
699
3
17
134
2031
31
1077
20
226
77
21
2301
3
329
32
367
247
63
20
7
4
4865
5
51
7
481
66
404
174
174
174
1986
13
1896
2310
29532
62
6051
1091
1302
6
53
7
337
9
4
343
4
53
7
280
337
405
343
16111
129
5
48
2408
471
5881
12
38
5224
41
246
26
96
4
41
191
2
272
5910
41
924
9
54699
18
6986
778
9
1517
6
410
9
580
3
1911
52
26
16
8110
362
3
178
8
562
6051
159
437
5
813
625
710
1654
3611
3518
292
993
454
4
14305
1091
15
51387
8574
7960
17924
62
7
1091
1816
6051
100
423
2
1654
437
221
13
1533
8
10
7
14539
152
13
1094
8
1091
608
6
25
3672
70
166
7
1192
3
178
8
562
15352
14
8350
19
221
696
427
4
798
5
71
15102
4674
4
26
7
21
3875
1091
375
75
1896
2310
1377
62
5946
7
8
20
115
912
2348
2184
6
1654
4
221
5392
1031
84
115
10
329
180
17
314
285
37
20
4353
303
5
209
88
921
4
4799
5329
625
710
14
2160
3
6092
15352
100
1091
171
5392
428
157
20
7
51
33
16
118
331
3
50817
7
11923
314
8
14305
1091
2463
7
72
42
41
1034
5
28448
4797
993
2
961
2535
5
85023
5511
19
20
252
6
316
3
1104
61
209
8
26
13
1079
2310
3107
19
131
430
8
2310
14
438
419
3
12
2267
5
55213
14843
93
42
583
329
2759
20
343
168
4587
5
677
448
14843
7
962
2
1713
5
215
825
5
279
4
669
1923
379
18
962
182
38
1433
74
38
1069
9048
301
562
15352
7
64
752
2
1923
379
6
215
4
40
21
17
1073
3
104
6855
4
14843
6855
7
3030
3101
80
6
215
4
59
10
7
10
7
91
2
2
323
5
105
14302
6
316
3
93
2900
5
4
102479
9
105
7
7
21
18
1453
15
565
4349
29667
787
14843
7
21
2
1433
2795
4
9
573
5
2
227
710
36
9
2
2765
232
1520
1091
55
17
1407
3
1816
150
214
10
115
21
117
1433
5
17667
40495
5
9007
3670
122
2177
6
422
92
266
6051
516
3
3196
286
11
14
1414
64
141
19
454
4
1091
158
28
5022
4
562
2
2972
5
103
6763
3441
6050
8
107
3
93
1611
6
216
5
1860
214
7
3
420
427
3
42
3862
613
9
1860
214
437
5022
7206
25
52
10
7
13930
9
5022
3
17
427
6
917
9
2
5655
140
206
121
562
17
98
382
59
10
154
3
947
4
3239
3
112
22447
100
6355
478
3
247
22
12433
321
5022
7
12
5589
5
118
1611
3
702
257
640
49
9048
4
3577
141
2480
12489
15352
7
56
5
2
262
29
1427
50814
5
20
1104
460
93
106653
3
39
249
60
8954
824
6151
5369
894
7
18
2849
12
130
358
62
78
32
7
2
3548
31
3528
1313
15
3548
619
4
2001
59
11
14
99
1220
4
11
218
3
25
25
2
269
5
35
4
2
2614
1141
173
56
206
7
10
21
313
3
323
3
78
8
49
1043
3533
476
8
901
2
10600
10
7
87
11
7
2
5953
3548
31
13
13
1373
1091
31
53753
702
257
1728
2847
22
297
960
3
1597
5
1453
16
88
9539
5
81
48
8016
33037
1274
4
221
9245
7
876
56
12
216
5
279
16014
3
3789
944
5
399
4602
6
994
26
16
2704
3
248
397
31
18
47
944
5
1453
512
1567
194
7
31
7
2847
2376
20
9997
12
177
5
1728
2847
7
239
41
9539
4
929
2
1189
1713
5
166
976
65
25
297
5
78
32
4
5022
83008
42
803
1487
4
4237
1069
4250
5
669
2765
232
5
71
252
10
7
1523
3
11101
209
8
15352
14
14106
87
5
4
32448
15352
8250
292
993
4
14305
1091
7
2
1104
460
3591
4
72863
7649
16
5367
198
1642
7
25
21
299
51
45
25
6
38
432
244
405
349
1224
7
25
21
299
52
32
4
7206
16
3548
130
1329
514
560
9
63
437
5
1860
214
