1500
2040
5
1066
805
5
764
1260
29
21
27
650
1273
13
47
4804
166
74
268
32044
1273
7
2406
10
764
3056
457
2042
22
69
802
134
390
442
1571
8
27
34
96
22
1260
466
6
39
21059
394
1824
7
34
17
395
1260
5
130
823
127
1306
12
466
23
6
3160
829
3
65552
2133
287
13
21
321
146
2
764
335
29
11
28
6
4
407
15
421
39
5480
4462
8
11
14
31591
22
70781
10638
10
83
7
242
7
569
23
258
1497
378
29
6
130
83
634
7
584
353
1144
37
103
11
2068
13
1016
268
363
44
1525
947
595
438
2151
2
1725
296
12
69
1455
4
16987
10846
5
22
1273
835
2
7352
9
7758
4
4220
8519
4
898
48
2
478
3
96
2
20531
2
541
4
110
442
5046
2
152
55316
3726
5
24105
1925
6
6262
2263
716
8592
5
69
15
523
4
14565
1563
9
2
7048
5
27
36
98
5
22
451
438
2151
3091
438
12790
37
159
738
883
71798
1224
23
1035
11267
556
629
4
2686
23880
37
51
475
621
6
1364
9
70469
1358
31
26198
61
590
5
451
823
127
287
75
749
851
322
60
15
27
6
128
281
27302
27
2418
7242
61
12869
974
15
2
1475
2632
1413
3
1316
270
1487
29
131
92665
27
634
21
321
146
61
7758
1065
769
12
912
51
359
5
5451
202
2133
287
7
615
9
6
2
438
80085
5
911
194
7
229
11
34
7348
9
480
15
2
2326
2
2
1177
58443
31
77
1361
89
6
152
4
25195
162
78
32
36
52
11
34
1386
480
2197
2
2
4769
105
1120
31
77
611
41
39945
3
22
5526
33997
333
28
27
14
2
1145
4
891
1191
631
159
1554
1540
51305
502
1511
24
48
210
27
134
444
401
1269
298
286
11
14
21
6
6262
12
442
891
42
5
99
372
629
3
142
27
126
11
1692
499
7
165
131
136
203
2843
1373
333
134
34495
4125
7
891
42
333
28
39
1369
498
757
44
6
13538
518
6
197
2
11
345
27
2552
97850
957
5
22
17210
15
891
15
894
363
333
28
11
358
207
13534
468
33
1079
891
7
2031
7
821
73
2
241
60
11
2
896
1604
11
2
201
756
19
107
2
182
5
45
25
610
8
11
28
12
421
39621
12
442
27
134
421
7
72
14
3
1306
61
2031
8
2593
31
1942
7
569
21
615
9
4
167
1736
3034
7
569
615
9
2031
8
245
610
51
50
631
44360
52
27
14
480
41
2568
11
77
484
3
1358
1316
498
13
2903
15
338
222
31
16
223
88
3685
5
58
97
5815
455
10725
4
1358
1118
3499
126
2
2240
6
6262
12
298
1571
4
140
1358
295
2
101234
23
2
712
6
2737
32070
27
4
1358
8453
570
23
1035
11267
6
6262
3266
268
81435
333
349
3
1358
134
390
39234
3121
8
59
331
37
823
127
237
10
507
488
73
1358
29
2158
4703
11477
5
1829
15
272
395
335
26
2453
20
7
27
30
16
631
44379
390
331
62
5536
15
1358
30
12
442
27
726
2
14688
4
871
28
3508
14
11207
29
453
8
1143
13
321
3
5624
22
335
12
2
438
80072
298
712
1358
4545
32
254
8
3
11014
437
5
221
7
113
10
40
17
1581
6403
3
1595
78
32
2
25962
442
1921
1358
28
11
14
6504
3
17
2
177
5
92149
947
10
131
3132
2843
11
134
523
6
4204
4991
1316
7
569
72
5897
3
17
12
8
78450
595
970
2417
1266
3276
1673
9
1316
498
12
442
30217
182
5
45
31
16
2
334
20097
37
138
27
40
488
6757
631
15
1358
2417
134
421
39
130
1594
7
1776
382
7
569
4
87293
27
871
301
1794
2568
2881
8
1358
77
2943
36
1248
43379
58
2133
287
12
3738
6
209
20
417
28
454
89
2
2
41
26294
438
2151
77
6206
27
3
247
80
41
102432
7
21
110
3
155
4
1361
27
107
11
147
10
107
2
3653
36
2
891
40
36
80
107
2
1688
13
871
12896
812
16
11393
27
3
1306
2417
2
22
823
22807
333
349
3
10568
8732
134
390
8
4117
6833
957
3
27
4
28
8
11
73
83703
11477
5
35
5
1091
27
14
165
395
251
3
45
6
264
16695
80
1123
56
285
3
10501
3480
269
5
35
203
159
63
575
978
189
75
2
812
1397
89
3
96
251
74
1180
3480
286
115
14
262
184
3
2
1321
333
1632
15
30873
2
2240
6
13105
128
1180
39
249
60
425
59
4
4192
1094
10501
3480
159
269
5
35
371
27
28
26
13
22176
841
74
5
112
1070
283
1125
107
2
26830
82
19901
641
82
109
19
15192
1419
886
473
318
109
23
303
13812
325
686
9
1070
283
27413
23928
1070
283
686
8
1778
7131
361
1277
22340
22346
15005
3262
2111
1070
25390
1125
1641
1563
3212
4404
7131
39971
16209
11003
5438
1072
789
112
1070
2817
832
2817
326
23410
59
88
45
113
37
38
1070
283
99
148
8
154
3
634
7
229
36
21
26
147
3
2521
12080
782
112
1641
