6945
4
8990
6634
2
149
2
19
1806
38179
22
210
279
4223
1945
28
30
121
483
791
20
141
34819
4
2156
1664
3
209
587
212
13
84
888
1961
299
309
1944
1945
228
408
1569
5
1367
859
4044
4
212
1128
5
2015
96
10
64
186
6845
3755
17356
100174
425
6
647
895
5
141
10822
8
1367
5
141
115
21
2293
2353
3
96
2171
1121
1961
6
23031
139
50
776
357
6
42
1898
5
141
2
17356
1093
56
95
357
13387
8
9
45
31
55
21
2301
283
1203
2353
16
1131
168
4
917
1868
19
35
11
11126
212
596
429
15
92
22770
335
154
258
66
75
2
9169
1159
422
212
5390
1961
299
309
2
1387
19
2
104485
71
146
2
304
12
992
500
429
736
254
1961
299
309
7
164
72422
430
1798
56
409
890
4
489
41
65
42
889
45
617
71
897
293
14
2522
75
167
521
340
630
3
653
8
167
6
890
822
62
1516
617
71
13
47
87
293
14
454
3
7469
56
3
93
769
811
521
340
653
98950
20
66
122
63
71
165
1050
293
3
17
2
6112
15556
504
11
28
1832
447
3
2107
14
450
104985
747
330
135
185
494
145
11039
8
450
2020
14
1832
447
3
2107
4
14
68
2052
434
5
834
6
311
389
1404
1656
5084
28
11
165
697
3
611
604
1059
79
20
133
286
30
84
116
76
5
95
1059
50
646
6
890
8369
119
111
1689
150
214
2576
44
18371
5
1059
34
155
805
2
90011
53
7
78
32
2
256
90277
383
540
159
269
5
35
188
1154
869
3
2
22227
5
8402
90076
327
2052
56
293
11
28
4
8638
1512
71
59
11
28
10
55
21
17
2522
10
327
17
3166
23
183
60
11
28
10
55
21
17
4
70
431
301
70
792
7
2580
4
321
11
28
7
25
113
8
143
35
13
3253
5
95036
4
27537
11
835
417
31
327
123
345
7
278
4033
491
1390
9
3652
5
889
5
589
5
22
83
45
4
25995
5
1059
771
8
7
1738
730
958
56
7
245
243
8
12
1212
4
12
1127
4
12
818
74593
16
397
4
30
147
68082
58
97
3030
192
1432
188
85
29
59
10
154
3
238
188
10
484
56
70
45
14
480
6
119
111
31
7
1095
3
959
572
756
122
2336
64
7574
162
16
20025
4
7433
26
18
1123
2
173
120
64
416
2902
3
38
108
384
34
367
17
918
3
7504
38
2833
4
93
81
3
160
38
105232
71
4
162
18
64
1994
5
2376
43
36
936
293
26
472
14
3
8357
67
515
15
450
2020
1323
26
113
52
30
192
61
454
3
247
8687
638
14078
73
293
928
140
26
549
43
23555
143
35
147
1866
719
10
101
84707
10851
7
2
421
39
2635
11
7
350
5
9953
12
1202
4
28643
5
11422
11
7
1835
5
26155
663
89
12
854
3738
381
78
3428
32
358
37
794
935
2140
5107
212
992
12
980
680
4
283
299
4
170
3954
183
933
3088
23124
226
419
22290
128
3793
963
4
344
3470
6
127
356
9
23
275
268
363
568
162
1279
150
266
18
465
47
11453
12
139
5
419
9
623
5
7260
2345
1705
6
75
617
71
365
2514
9
22
5492
37
45
31
8767
3
419
36
1251
11
3030
1936
419
285
46
1343
8
66
1183
6
22
2000
8387
6
2
527
8
105
1655
12
419
13
3173
6
1665
5
264
687
643
46
4
5
32
3796
3
123
56
521
585
6
49
289
237
102
4035
117
494
145
7762
46
32
7
21
86
11686
2
185
37
419
302
29
68
5927
3
431
150
2692
48007
110
3
628
56
102
15533
91
5
419
6
67
133
87
7
178
30
55
25
282
32
28
298
6
452
24015
281
44
544
11
28
6
24688
4969
30
18
3
123
12
419
3726
2619
20
7
2
1534
139
7
353
149
1471
5
8
29
7
113
10
7
3925
5
18414
21
3
358
37
37930
300
77
7378
169
5
1602
1980
419
1705
4
4991
38391
4832
526
823
63
653
8
317
14
7036
15
6948
9
69712
47
83
20
1295
126
15
32
108477
28
168
2
1007
11
147
3
599
49
1043
51898
22
7771
130
290
159
63
200
32
1094
8
22
823
63
1109
2640
182
127
85
6
177
87
5
3270
6
35
156
2
2032
4
3500
74
32
252
1018
12
1137
537
54
13
170
3846
90
135
1004
68
182
38
85
75
9224
8721
58
127
94
6
1634
15
202
5651
18
2852
56
6443
102
419
302
90
726
1800
23
4832
2205
440
4
5521
38
422
1557
24
68036
28761
2
1927
9224
1353
31
375
644
9792
159
39
249
1600
969
651
2356
9224
315
653
8
78
32
121
1818
49
1043
22911
32
2352
198
46904
19
947
43
17869
213
4
4377
1137
537
28761
28
8
271
63
71
14
458
3
25
38
105
385
659
6
4837
511
65
39934
8
44559
135
1584
28
2329
12
419
7
1942
356
9
78
32
161
6
289
4
121
11
247
287
6
257
60842
302
7
42
5
281
139
12
