1663
6
108
552
39
249
552
39
4812
4
7
18
3
468
33
8
14
2
131
4391
97519
3
17
6747
305
4
891
161
1558
168
12
363
85160
305
4
193
7975
74
38
487
433
4
360
8772
305
68
908
891
5
4497
90
5
354
8
617
71
144
229
10
7
677
853
36
419
302
36
2857
5
8674
6945
36
1531
11
146
3
943
88212
196
12
695
4
2214
1025
174
511
24982
234
23
498
189
4
44
480
134
33
8
87
50
438
9
183
266
8
3580
180
34
93
33
3
8
266
100
11
28
10
477
8
183
480
13
47
12360
6
547
1025
2313
100015
274
12
5019
5
5989
838
50
742
636
256
728
4
1270
4178
1460
53841
13
388
22
217
5582
659
6
452
286
728
7
165
987
571
6
1286
1546
78
19
2272
56
148
30
48
2941
886
12
318
109
19
9157
573
6
356
336
20
421
39
350
274
27
69
1286
5763
3385
101
24
532
221
510
26
219
2366
78
32
285
49
1642
5
267
946
716
10950
15
45
19311
56
3
789
586
24
118
693
15
49
2
2
618
138
27
69
77
18
331
9
282
17704
8
2695
77
850
17
8254
29
58
94
69
1286
72
243
764
5775
6
32
8972
6
1665
5
20
759
974
8
77
888
701
2887
5763
3385
30
12
421
39
3
1643
10
29
11
1714
41
65
3379
50
5165
6
2
304
8
7
72
9677
78
69
11
855
478
32
347
83
15
10
6
42
3092
35
1465
59
221
3536
2
187
142
555
8
26
13
1274
349
53
2
2132
337
3
17
5328
9
1179
5
8
291
4
10
462
1833
3
117
6
4747
159
221
2110
437
892
8269
6567
20
59
11
28
75
1260
8
764
1198
7
37
3
1639
12
78
474
235
793
44
1197
3
622
541
142
3
8233
78
170
466
7
51
3385
28
12
421
39
51
30
16
3427
5
7
20
3465
5
1278
8
445
663
78
32
4
30
16
454
20
478
1110
37
2
3575
64542
291
87
78
32
7
51
11
445
115
243
78
99
174
30
55
208
93
15487
4
11435
5
32
198
52
43
10
484
56
251
10
20108
36
1984
163
5
781
892
6047
4
84
221
31
16
48
400
570
3
12935
20
11435
24
119
111
29
148
72
16
615
201
9
78
31
13
10
541
3542
221
31
784
70
45
75
99
291
8
448
15
49
165
118
458
3
296
9
63
96
201
12
8
1437
19
340
8745
49
75
1701
103
291
84
7
1623
382
65
99
1612
209
8
10
14
3861
9
8
337
1074
78
121
488
2707
1547
109
1989
501
2135
246
3
276
449
7917
6
1185
361
12025
708
4
1481
2398
3
319
81
56
5
730
2
90
2
42
169
713
2482
449
18012
6
1185
34
495
12025
708
4
4309
1481
2398
3
248
513
9
686
4
2093
203
2
39
10143
169
169
2246
348
24
846
637
15596
1989
77112
2246
348
7
177
5
2
10143
591
3729
5
2432
3204
627
1185
3
144
76
258
169
1059
133
350
3245
24
278
39
1989
348
34
17
11774
19
108
686
348
6
2210
15
2121
415
13004
332
347
147
34
17
6303
13163
4
53
16
1385
715
1131
9
842
36
1017
3664
347
232
14011
18785
79
2
29304
9
1989
41
1059
34
1153
361
7904
1185
34
4464
10143
591
7
21
362
1059
34
4464
10143
7
21
362
1989
553
34
1983
206
1059
16
502
10143
4
26
16
21
1042
9
4
62995
2590
1639
5
361
12025
708
34
7952
869
3625
34
7952
76
2259
34
1178
12025
708
34
3846
52
21
91
946
4
140
4
140
174
203
5357
328
9675
55
21
551
1785
246
4
276
10
351
426
18
779
7869
25
536
1111
155
61
3
513
9
2706
36
61760
328
18
3
160
701
152
16
1716
12
449
1059
771
2
2
2246
255
9
652
86
29
120
16
152
194
37
1002
554
4
778
1071
1131
6
916
2358
35
5
709
1213
3352
5561
4
11467
25
239
6464
916
449
426
6
311
389
18
533
6
1878
64
449
1059
38627
108
7
465
4830
3
37
5391
5
10380
916
4
467
33832
552
29
120
7
916
297
3
2262
1204
449
4
916
24
14217
5
293
120
16
9267
916
7538
31
965
1168
5
124
102
546
206
16
26
794
293
4
760
638
1163
6
1424
4655
5
1213
2485
2907
4
2002
2358
35
120
7
2002
916
2927
3
2915
1106
1163
12
916
778
8
2372
24
5976
3
386
4
24
1837
278
3
2816
14453
158
920
206
5561
34
21
123
6
98
604
1059
5561
4
57
13253
449
426
16
196
4043
3
1205
78973
449
1059
31
30
34
18
3
144
87
26
25
14
3
179
30
25
14
45
31
16
382
3678
2
2364
5
49
264
4947
6
199
122
138
27
13
2302
3
659
10
7
68
3678
2
2364
5
49
4560
12892
3
2009
2023
12
139
156
2
915
4
150
214
4
3678
2
2364
5
1894
11
2392
12
69
1455
5
172
258
593
94
82
1560
27
4
1460
931
82
10
7
159
10576
526
31
13
