219
631
37
1700
6
356
147
2
17483
3360
61
69570
21366
7
4
2110
1051
5
105
515
23
5659
2277
391
5
52664
12564
3030
160
105
1182
29
105
1008
1574
100
264
6126
15
105
1700
313
3
17
454
76
984
104
1574
653
8
1700
13
243
226
23
692
4
16
9394
683
1389
3
4041
4439
9111
1178
16
90
46
24
7808
69
1435
3
1972
289
213
46
4
48
336
2
677
2228
19
3957
41
105
191
3
4123
45
2718
178
8
1552
629
40
17
1397
3
7043
166
4050
35441
2528
384
8
553
16
41
4050
65
629
313
1567
29
10
340
3982
23
325
4
901
10
9951
67
61570
16
21
48
54236
114
144
76
521
648
4
76
222
648
2718
18
241
533
20
2
416
5
114
100
3970
54233
72
87
114
16
4541
3569
115
21
242
26
16
4050
23
910
90
114
144
2
3263
5
1552
521
648
73
9824
1419
23
129
4
1552
222
648
73
8796
48
2161
602
104
114
86
477
4050
12
668
19
9164
38
1552
384
570
79
2
795
173
12
2
29671
40576
96
95
31
2303
114
23943
511
73
14307
14681
31
7973
6
2
1399
8
14
2559
1037
12
932
80
52
114
16
4050
12
932
26
55
17
859
1552
12
90
994
9253
284
683
8
5249
114
132
21
1195
629
606
3
456
46
472
26
132
1397
629
3
9093
3
1552
384
973
223
114
962
120
26
18
47
4495
90
160
8
6862
950
46
73
166
1009
5
85
4
18967
1225
46
18
2989
6
629
377
72
20
19
1279
3
606
5249
114
6
320
5
3230
1700
17731
6862
132
340
17
3413
1130
63811
1100
4
2134
4286
653
8
10
40
1577
4621
3
2769
105
191
24
105
698
31
116
88
37
356
4
188
3
114
31
116
275
1700
2950
514
104
8340
114
6
1522
18160
87
26
234
88
4050
12
2
6729
3498
26
16
68
138
27
49991
33
599
8
101
105
1100
18
241
15041
4050
2881
5
95
31
84
3274
76
5
27
2933
267
46
4408
2820
4080
14771
31
16
4375
3
2
1467
31692
15
119
4457
10003
6
11084
3963
4
91
581
3
2584
895
2
2922
6353
105600
13
1238
104
1552
114
100
384
16
2
3263
5
16574
274
4
16574
101
46
531
4147
42
147
3
5279
2
4050
19
2950
100
88
973
60461
3303
223
104
114
121
18
47
64
1066
38
7352
9
4149
12
90
139
13
47
3380
6
166
987
9
66
962
10
13
47
3380
9
568
1265
166
737
654
682
14
3293
2950
31
13
72
2343
108
124
293
4
13
201
337
3
17
5358
5
687
166
100
1715
98044
640
67
83
133
2126
268
90
2950
270
2814
4768
166
4149
7
80
451
22964
5
130
654
9
482
2269
2
551
196
10348
354
8
114
230
18
76
384
41
1552
65
95
5
612
158
2
1357
34636
2059
13
13555
81
3
560
1764
5
27
56050
166
31687
3
4149
7
21
86
8110
46
10
7
1130
15
46012
1182
73
11705
461
9
387
2996
810
7164
698
3
522
2
2
833
12
17680
973
88003
132
346
2996
810
100
354
30496
75
48
52
166
7
2
19952
4050
687
206
17
2250
5
12336
973
57811
691
611
1835
100
2881
79
2771
744
301
6862
18
19
84
260
2201
557
207
4246
5931
8
40
370
18
196
6
27
107
3
2702
266
6
1011
1675
97
698
40
17
458
3
41
1529
3719
22
499
23
58
440
554
1977
3
22
3466
40
17
186
1504
4
35
3191
77
18
900
3
1098
38
35
906
106
3
89
2
15
1121
240
4529
101
126
2
4424
5588
5
104
5931
7
86
1403
2156
59
2
6018
73
27
7
260
377
47124
7
21
3
44
8
698
445
18
2525
36
1817
1994
2862
3090
7
64
282
65
2862
1234
923
4
222
698
132
80
18
10583
14789
27
691
173
7
8
2996
810
50
101
3
609
698
4
114
3
522
2
833
4
1449
12
332
57
270
6862
18
4770
4270
4153
5
42
210
5
20
62444
337
2950
671
83
685
5
1724
698
3
522
2364
2996
810
8792
7
8
26
3841
270
105
698
2
1264
1552
7883
416
9
20
384
7
68
136
65359
65
90
1366
270
629
6971
5956
38
3698
29
12
90
139
104
3698
16
20856
503
19
2211
854
962
120
21048
3698
3974
66
404
231
139
5
506
1323
237
6058
7514
4
238
188
53
7
84
2
197
2496
12
156
323
3
54
161
675
1138
101743
698
828
123
76
1552
423
29
1684
5
63
27
115
243
1992
9138
4149
5
270
698
6
2050
27
1153
3
9725
3794
7230
5
197
2496
6
320
5
12088
3963
4
5778
8540
52
11
93
22
107
143
35
40
17
4672
79
2
1037
2942
4
169
5
244
40
17
3110
79
9737
8
7
280
63812
5
1700
4
2134
4286
16715
2
8449
175
1552
698
4
4050
114
2251
8
114
327
8914
17
7164
3
2207
10
29
51
52
114
40
340
73
3
137
270
629
247
41
1552
12
90
139
51
52
90
114
340
25
23
117
5
44
596
15
27
6
8
187
683
8
5249
114
132
18
