31070
4
34
584
21
17
1893
285
9
889
1679
80
589
5
66
29
126
10
14
31070
2019
5
1342
14
7436
23927
53
7
3646
144
9
20
118
1441
236
120
2878
100
616
14
236
782
8
55
21
17
508
9
856
416
9
20
7
21
6411
301
184
3
4
33339
2
159
847
13513
6
2241
4
6
15952
30
132
21
17
1428
856
8
777
5
3420
21691
933
7
777
5
2878
8021
29
30
828
18
64
57
777
8
55
1220
2
366
557
2
14759
4
30
245
18
64
337
3
2403
7268
5
777
100
33339
28
398
8
777
230
21
17
3861
9
889
36
589
5
66
20
2575
79
2369
268
13
398
1574
2
149
2
751
5403
4
1871
924
3
763
3328
6
1425
807
365
695
6
111
1334
6974
298
4
111
779
369
802
2037
786
2
849
29659
5
2
272
15
1859
3541
4
1682
8604
2757
81083
30074
46
172
25
100
82298
100
3
9353
786
510
1681
1344
3065
44
3
46873
14
4770
8611
8
58
4519
56
38
779
171
2
5251
5
73203
6
2070
5
272
31
10315
4
48085
13540
5083
24
5970
51
58
18
42
15
38
779
7
64
186
6808
26
18
4055
5123
7280
4
16236
259
5
780
3
96
81
477
41
7488
37
7414
779
65
26
340
48454
25
21
3139
12
17036
36
3362
5054
3430
3
1449
67
779
111
58
44
6
4873
3
38
2227
52572
779
115
21
3139
12
17036
779
7
2
36482
3638
3
319
4560
1194
12
441
749
46
1515
7579
46
29
140
6959
793
5
591
5
3072
670
79
2
10954
715
228
2799
9927
559
8
242
715
1415
2
1924
749
4
21
2
177
5
1543
52562
1718
8
593
436
642
34
17
918
3
3846
2
1637
46
54
40
869
3
2
591
436
443
8
1601
178
40
17
918
3
155
79
28204
1178
3
2715
887
29
140
1415
2443
4
2355
24
887
2
52
141
2036
6
28204
366
3
888
1814
74
66
29
6
1695
1785
46
779
240
3774
3
369
46
10
86
706
81
3
2041
37
591
6
2355
74
8
15498
1718
41
65
1814
6
642
3
2
4425
508
2
57
3398
348
46
29
115
6852
51
95
642
40
17885
3524
12
591
6
1385
2443
24
2764
13630
2
41
4911
5054
6642
115
641
9
591
240
84
118
2429
3
443
1395
1995
203
2775
4
3
2372
2
397
1836
10679
4663
16837
48
104
17230
5
435
230
920
206
786
14
6
156
2
13139
3
549
22
39
724
298
22
4136
964
457
688
5581
73
3
276
4094
6091
12
22
222
14894
3736
29
786
365
194
9
72
776
985
126
4
619
24783
128
194
802
14
1126
2
985
394
4
523
726
3533
3
29659
55
112
779
862
42
5
81
17801
113
25
786
28
126
22320
22
2184
507
44320
14
759
1430
5
58
8450
62
831
10
7
3
3436
84
8
26
18
3838
302
5
233
6
268
378
66
779
8985
50
2718
1755
87
53
40
208
17
588
175
58
111
4
135
265
29
84
779
230
340
242
271
4
9005
612
6
268
258
85
147
3
62
62
26
40
1917
133
1435
10
484
56
26
3436
136
73
95
31
324
126
81
46
15
2168
3008
4
81600
4450
106625
11056
42
5
95
12
695
2383
8
1780
16
1568
15
924
9
99
60
6
130
865
775
1433
3
340
611
2
779
3
143
97625
7
2
201
17698
9
85158
2
2123
58
31
866
222
58
763
369
1714
2
241
304
29244
22
5601
8
30
178
6
157
23
275
258
60
11
621
61
779
9
1792
29
75
20564
2800
946
295
8520
9
91815
7
11
706
369
3
154
61
15
41
65
591
6
33237
2
1616
21
2
3254
786
28
1197
271
37
4
924
3
420
2
1280
1154
8
70
45
60653
4452
5
693
310
331
89
37
591
436
443
4
887
2443
1718
6
52555
30
178
6
70
45
4
30
178
6
983
2430
786
5653
69855
288
983
40
1486
436
95562
20999
5
39
249
60
331
786
52
11
40
829
1814
6
3398
642
8
779
115
71790
2
14578
23
2
1449
779
9
2
2038
157
100
786
2430
1174
61
779
285
9
53230
615
23
10
20999
28
10
115
88810
7
46
4
8
1026
5
3430
58
55
64
752
93
351
15
84
8
26
219
6
34216
41
24
3742
8105
3250
663
89
12
672
36
2656
3
22
1782
7
4377
556
176
216
24
2730
2
1573
5
12176
2461
24
227
92
24
7443
11717
3
21285
3
856
5151
1660
2
11
3390
3654
5
2
1975
8
2759
1534
3449
11636
6
1665
5
2033
95946
119
111
510
473
8
197
40
64
752
420
76
12176
3449
122
1528
9561
302
12
57
537
4
2461
3900
3
141
772
829
50
307
6
1108
5
4
71
1134
3
9177
6740
473
1921
120
11
1118
15
2328
4
141
35542
205
544
1303
5
1892
1218
176
6
2127
3449
29340
4181
496
676
6
2033
4364
198
2
185
37
227
348
8
329
556
141
772
2553
9
156
2461
119
111
2254
1094
71
40
1500
95
348
29
4
10902
151
277
3066
692
5
17312
36
30530
2507
