675
34
1166
63
617
71
23
2542
6
7717
2
2542
8
165
2163
320
5
2
5741
257
31
14
68
2
7468
7467
6827
195
3
963
4113
5
3643
540
2082
343
154
2
315
3
1782
3
360
101
309
18
6865
6
233
165
4831
7
3301
161
675
55
154
570
3
1729
12138
327
25
10
10
101
148
3
25
11
28
53
7
2
4905
6301
315
3
123
43
142
30
821
146
196
136
1418
3
155
142
11
14
1876
3
315
6
76
35
3
25
351
15
341
360
4
360
12
540
36
12
1180
4
3
633
1089
7
317
11
28
96
10
2092
9
534
45
669
4
2361
3
43389
2250
8
52
30
1845
3
1729
10
90
5
67
1204
553
34
21
17
458
3
247
2827
6
135
428
9190
67
188
30
50
241
7499
2
127
3128
2433
355
884
1414
39
336
2
300
70
165
541
3
461
15
2657
1179
5
43
85
18
1023
10998
6
209
8
133
14
241
7499
2
127
3128
2433
10
47
51
25
66
170
128
42
7362
7748
410
1553
26385
36856
7
242
1196
115
1415
170
11
1920
10
2344
1960
7783
999
9
2
149
6
9038
4
37816
855
12
19
3393
1246
5315
4
10451
623
3
18193
136
5
70
684
14
6
588
8
811
4
3128
7
271
8
77
13622
505
100
7
40
21
2303
10
50
10
3
505
54
7
245
6914
9426
59
7
113
37
10
7
486
7
14
2
3185
399
118
4
20
14
2
3185
133
29
5423
10
20
7
120
30
219
23
84
336
39
4812
19339
4557
7
21
254
10
271
7
14
7
19169
1377
29
276
10
2
281
205
4
59
27
13
146
157
306
285
19
4407
43
449
6
13149
1085
7
380
207
1175
6
89
8902
1026
5
3167
6
2
4507
5859
626
633
3
972
67
8519
190
114
6463
755
6
3007
12853
626
15
656
3
419
80
5032
8
2470
434
5
3128
132
17
2530
9472
101
84
64
42
7
1065
362
3
1062
27
28
11
40
307
22
436
766
29
59
11
2581
8
2546
285
4
285
480
31
208
245
726
2
704
37
8
230
483
4325
2
1963
5
4185
760
2274
22
592
5707
2646
6
39
249
10
77
17
42
5
95
131
45
27
20265
3
106
400
674
12624
4
25836
1233
19
105
492
8
34
1711
3551
5638
245
3279
29731
755
57350
2967
1380
696
427
2549
123
15
52111
4
2376
63
3611
117
146
20
736
3597
26
25
93
720
362
9
20
2991
5
718
692
5
85
44
581
4
21
201
359
536
886
23
884
13563
1344
336
12
558
336
12
672
95
1568
525
23
308
584
1466
8
4030
5
7593
4
1069
1137
1674
102
138
27
229
560
36
1176
9107
14152
946
370
152
4
32
69
516
3
314
7161
9
2
39
6158
5
113
1034
37
27
1674
8
85
14
1502
6
187
166
2941
22
8
19
2800
2203
5
157
906
428
27
14
8122
137
5
85
44
581
2
39
1564
5
113
1034
1362
3
96
447
8
136
41
4234
26
219
21
254
53
3105
1033
17
581
26
219
72
1680
7605
53
3105
1033
17
581
52
53
7
3431
4
581
75
85
44
7
113
30
84
116
206
390
174
7
8
703
8
24809
2
1376
251
9
7656
3
2659
83
5649
3307
375
10
77
17
425
2
2
5061
5
581
85
158
4
675
16
2489
9
451
581
12
85
44
4
241
838
74
3799
46
5034
8898
89568
318
109
27
167
12
479
5
923
96
581
12
85
44
79868
10527
25491
24375
5
39
1231
4
127
287
5
1548
97
13
2
255
11
6585
24
127
185
3
477
12
695
15
78
32
4
138
27
20
15673
2637
881
147
3
1486
22
150
987
217
3
24
231
84779
8
150
3169
4
11545
1557
258
1637
11197
15551
16
253
3
981
10
490
9
580
3
137
62
881
36
536
5
103
57
81509
94
1425
97
3395
2761
36
80
4741
3880
2
159
1654
3535
379
77
367
247
41
65
2928
906
59012
6328
5
258
679
94
171
2
66
5
433
9038
15
372
97
94
132
165
96
9
4
4220
5186
3
460
987
561
835
1548
12
161
210
5
105
1159
16
947
679
94
2
373
234
4
6
1609
2756
12
466
881
4
2761
957
126
2
2191
5
2312
70
4
2968
24901
114
3
310
38
52985
4
2149
13887
881
2442
2
1467
5
338
9767
2227
3361
4
39772
6
238
1091
11
653
23
2191
8
6
20
13638
85
5
48
60
11
13
2
600
7
230
17
235
63
5
143
26265
75916
26740
199
726
881
6
2046
904
35
5
1742
4
2761
6
1609
2756
11
14
331
1214
52
2
106
9
89
36
98
2694
94
14
2053
105142
2855
106
7
360
9
2031
33
25
178
6
8
2
2855
106
881
28
106
9
417
33
178
6
82
8
62
33
611
37
160
7
403
75
454
146
130
3731
270
8
33
1366
52
33
14
3
2855
112
106
12
32
36
27
18
23
74872
31
957
6906
23
343
3297
653
8
90
70
50
615
9
4
1099
3
27
4
78
32
894
11
4809
