77
17
960
3
48
36
76
5
2507
3192
898
29
53
64
967
8
91
3
166
3270
221
495
579
99
32
291
6
1345
3
594
74
1829
175
221
4
32
693
82
710
816
3
888
322
10
469
3
17
388
62
39
187
34
984
43
127
85
41
24
3197
164
308
43
78
7
86
42
31
2731
2894
861
234
51
200
72
7
174
78
7
86
42
31
2731
2894
861
234
51
200
72
7
174
318
109
6540
200
32
34
584
18
3
1227
78
80
41
65
2162
75
22
759
998
12
69
1455
6
54
10
716
314
8
10
7
72
22
872
8
13
2894
139
7930
4934
14
56
12
69
1455
12
298
14137
3
93
22
38468
46746
8023
142
6
119
111
4
1350
11
6913
22
83
618
402
1120
872
69
2850
29
30
50
961
570
200
28
20
38371
2850
5
78
961
570
100
10
41
65
72
103
357
8
1173
201
8
21
2
12327
536
184
3
13782
200
228
78
69
2850
2
38371
2850
126
79640
78
47006
1441
69
2850
2038
570
200
584
121
91
7
15
49
536
170
11
230
6113
79
4
49
4
49
74
53
4
49
101
53
196
2038
570
7
68
320
5
78
9701
5
2
563
54
7
1264
967
200
7138
3
599
782
33
396
245
948
89
9
8
11
13
2
490
362
60
3266
7540
59
22
872
628
46
11
327
17
4705
3
19962
33933
19
84
7
13099
200
7
110
3
14
3
942
2
239
351
2
11
55
24
78
122
11
253
13
42
5
49
4437
12011
198
1088
78
13
47
1801
425
3
18
2
3608
6290
25
10
100
828
17
1607
9
200
3
942
239
351
78
396
17
687
9
196
241
286
87
10
253
8
11
110
3
147
200
3
296
119
111
782
1343
5
81
477
3
17
6
1832
283
26
55
25
2
306
224
5
1072
175
103
5
81
200
4
78
18
13
2
8679
1567
588
1075
38
2408
290
3
248
332
57
1602
84
10
78
484
4
11
2431
21
110
3
123
196
13815
3
200
13005
61
49
14105
64
147
3
1891
78
33
219
1390
9
439
5
378
70
6
1707
1209
10389
290
5
2
1819
944
4
2115
57
512
4
5211
137
25
2
281
2894
6113
24
200
635
1894
85
78
1315
3
1966
661
557
60
171
221
291
79
49
91
5
432
783
3
117
4
495
1068
294
2
269
5
35
25
8808
2
4561
69
2850
121
17
64
273
19113
51
40
17
2141
7
52
200
2894
6113
186
3
2
532
5
5109
4
399
6902
4
11
329
597
116
120
2484
18
47
4195
171
32
5840
1137
12
70
356
635
505
286
30
396
18
2141
2668
266
1454
14
1296
6
1682
37
78
32
3239
91
5
520
125
122
269
5
35
6
759
829
1586
194
74
62
4
206
11
3735
198
92
213
640
252
4701
3
57719
91
84329
520
125
4
68
91
2
783
4017
3
49
39
249
37184
5389
333
134
693
310
119
111
2668
266
86
277
56
37
49
1973
520
125
91
2
177
5
775
291
79
1707
8369
417
28
32
3239
6657
12
520
125
2
226
172
2981
14
5832
15
4701
398
3
1446
8
158
402
121
17
1535
12
158
125
641
184
3
333
2668
266
331
35
216
3
1061
8
49
125
433
50
3707
3250
75
1340
56
6
376
5
1707
2109
11
7
21
663
68188
1004
4
57
50
5282
61
315
3
93
3
1932
5
9253
111
1595
369
2366
167
12
43
6488
6
1707
9835
49
520
125
12
442
4
58
150
369
582
2668
2925
4103
2
35
216
2662
257
73924
1020
32
28
12
672
500
442
11
13
331
35
216
3
96
49
125
1131
3
166
6
49
99
166
411
3
34795
14
166
3
137
130
125
11
1824
7
331
35
3
307
81
26
28
26
34
937
81
9
307
2
850
2
90317
242
35
216
34
3219
1128
11
3210
74
1293
1889
710
15
7746
7642
1786
5
4908
54
55
17
146
13952
35
216
28
10
40
937
125
2
946
2
451
29
6486
10
40
123
76
7104
125
7841
13
2178
2
99
372
930
9
62
119
111
4
63
71
252
34
224
15
32
253
127
69
4
2906
194
8
34
86
93
7933
2
48221
22
750
3
216
2662
257
2501
29699
2044
582
2668
256
40703
956
4
291
79
229
32
213
1363
2
8406
692
51
216
125
648
50
62
32
14
918
3
91
520
213
4
57
9253
70
166
1743
3
116
229
42
5
10
26397
166
158
297
1834
227
141
11
481
15
3333
4
8117
6
92
118
42
5
63
71
8230
1291
10
7
3722
993
112
266
3
1024
209
2274
20
74915
1856
2019
20
153
71
252
13
47
18793
19
2960
194
37
32
31
13
2925
510
2
296
6
3151
5
4
158
69
3
1361
49
119
111
310
269
13
47
243
6
4461
423
5
118
2
326
5114
32
1007
4
88
166
926
876
12
49
50698
424
3
1227
377
105
1072
3
32
119
111
13
243
22625
12
49
619
3
920
912
51
68792
111
310
269
2600
2569
1235
