26053
2087
218
1075
2
500
2
1258
193
80
1824
8
11
486
27
14
7520
82
241
75
57
94
13
2302
3
4027
1158
41751
1409
75
193
192
6
452
1551
103
723
3
744
12
332
57
193
1943
27
2
2
39
249
521
31
14
64
41
2
222
65
78
32
75
27
13
1061
205
5
167
9
2245
3
4849
3
222
5651
20
13
334
72798
27
16148
5
193
2
10957
100
638
82
292
12
69
7372
3
3544
6724
8
1460
931
230
1639
56
5
237
75
81050
2
181
12
390
72
985
126
1551
50
1637
3
870
82
7
18
76
16899
284
14
8
830
199
75
830
199
822
8
114
486
193
866
2
29365
69
65
27
4
598
387
5821
217
1658
15
41680
721
80
286
88
520
167
324
24
27
21
193
27
1824
4
9570
806
5
193
872
4
1991
3
3214
6075
12
49
4
12
44
5
1316
289
4244
193
810
14
646
6
3128
5
256
2096
1884
2
69
2945
80
1214
1664
2
1776
14055
7659
460
37
193
520
290
23
1373
27
93536
1514
193
1974
8
11
14
2113
110
75
27
433
59
11
4545
1158
268
144
9
915
101
4
419
302
4
593
144
9
1724
2323
471
1074
6
3766
15
334
1376
210
22
5538
8
3332
45
121
91
8535
3766
26
1047
48245
57
94
6
237
193
13
64
107
3
3004
15
27
3058
105
75789
80
2
193
30499
27
12
585
10
14
3
334
8749
598
387
69
3620
12
2047
6
764
44
126
647
289
75
199
217
822
89
6648
805
6
464
673
4
81560
3270
223
58
114
75
3431
23
2
4529
27
712
6
1503
186
3
1158
2520
6
199
53
4
193
14
1730
56
6
95
2046
1225
2
2
95483
86
403
14
3
2053
143
202
405
89
2
128
1841
895
3
27
11
121
18
47
854
11964
9
172
27
163
4
962
76
1927
7171
73
3635
2230
82
31
13
1955
37
89
118
3107
12
265
1616
72
2
153
544
82
23749
1064
13120
4008
13191
1955
3
193
6
500
647
2910
51
33
7
7
33
359
5
621
56
375
26
277
480
8
26
73
186
65
107772
411
19
254
53
33
155
10
7
2
921
788
255
14
788
7
11907
11120
193
2348
223
90
882
58
146
20
2
746
1523
1786
26
23
12
38
435
4
2197
193
2
72
2
572
2
27
183
1302
8
295
89
3
6684
5
58
499
22
5427
9
197
5195
4
24930
15
356
2
2162
1296
89
24
7442
95924
2
69
6
54
11
5600
3
222
31
50
2539
5
360
9
3422
5
103
1309
193
77
208
192
74
95
492
58
11
13
757
268
66
791
3422
1309
8
716
8336
1863
23
676
712
2262
122
26002
1863
383
886
12
1475
806
880
70161
6804
176
13
12535
2
1863
740
19
1822
32300
97
3593
16631
171
2
676
712
1635
19
22
97
11
14
10782
59
11
4
22
504
50
26002
22
1863
383
126
2719
1863
11
14
394
326
3
44
2217
3662
120
11
7
1027
8338
2
31090
376
6
18270
4
7638
1146
721
1864
59
9599
43176
23648
20109
1635
4
9744
676
712
23
75123
38747
3
1341
8670
4966
29
1965
64
42
24
152
723
61
9
343
58541
371
20109
516
3
155
142
12
672
4
218
22
427
9
22
5062
59
4
354
3695
22
634
11
336
354
15
16631
4
956
89
3
2495
1863
29
20
7
21
51
7
14
615
845
3
59
7
1443
9599
14653
16631
64
33
16
21
110
3
210
33
34
72
740
2
1863
30
34
251
152
3
1104
343
72
1327
33
34
17
395
1676
33
34
17
3782
12
672
597
34
17
631
37
33
10
34
17
25
3235
3010
33
25
10
140
52
10
25
3235
64
7
147
3
4796
668
343
137
53
16
103
1244
9
33
536
25
10
36
346
190
97
54
97
34
123
180
52
7
549
9599
100
11
15375
9
2
122
4
28
3010
329
25
10
3235
84
863
2
1863
383
4
329
93
12
15
20
3010
9599
97
639
2373
231
16631
2
11
1105
1766
368
12
10324
357
8
599
7
2723
4966
41619
9
130
7890
174
2
3536
504
5
2062
1875
14
3116
1019
31
2803
89
37
5004
1465
3625
11
28837
4
1105
2752
94998
174
21
41619
64
33
55
72
2995
357
4
174
190
2062
1875
50
1900
8914
3
3912
504
2
11
218
3
1105
750
19
60
11
1135
750
1200
1858
12
569
357
13
3313
723
79
2909
42
16631
5782
15
2
19277
311
2
11
50726
22
2446
9
2
281
373
126
791
176
3
3544
81
37
22
240
1999
1427
30
18
739
26002
321
10582
42
5
2536
1900
41155
25
33
14
180
3
210
9
280
36
51
64
29
23
275
740
121
234
3629
4
21
2
4622
25
1891
7
380
2440
48746
66692
176
1489
19
60
26
1297
3001
3
1097
164
30
34
21
86
1135
26002
29
34
68
1135
1863
174
740
41155
1019
739
3
21620
519
6
750
6
2
1321
799
190
160
1200
1858
5
569
357
4
798
739
12512
357
206
100
54
11
13
453
23
117
5
207
1465
29
10
