3400
7447
843
45611
95962
4
159
582
279
5
1442
279
20627
27739
29590
15
5675
195
78575
12
2811
5
307
5
2
563
93575
16045
5
29019
2
30863
2333
8326
5
6329
8557
19
651
46438
68220
6
39
6804
12
466
5
647
147
42
44
41
40
2
6592
31
75
2588
1386
3
34710
15
7447
3133
2219
7447
5500
12
860
109
29591
28
8
86
5
741
259
50
2447
6
133
29
14
8
2
337
3
549
7447
5500
6
236
64
1633
11
486
5500
14
101
4
796
64
337
3
555
2
185
80
286
6
738
4
922
3
1251
7
713
6
98
187
233
97
68
208
726
2
8611
3612
3
102055
104939
31
627
3
18
49
573
52
8674
8617
14
146
1032
624
472
5
2095
101
5
2
83181
553
3
48
101
4
2644
5
2
1125
1284
1647
553
233
92
295
2
4388
5654
3
800
2
3612
8
99935
5
573
14
102674
53
14
64
740
146
19
233
97
3
9287
1251
6
166
4829
511
143
1055
1815
20915
4
587
212
8380
83
126
191
5
4388
4829
4
3819
357
4
2187
357
50
208
1936
6
2
750
3
4637
1416
6
29591
11214
17261
9
10
28
5675
2120
11
14
1633
2
4388
4
7447
267
171
22
60
2
6592
29591
14
3943
12
5
355
19
107651
12144
26858
26858
5390
2574
335
3
9209
53040
5082
4
897
101
5
832
3
937
2574
297
29
53
7
64
39
2379
5
89
2520
18538
7757
3
609
7447
5500
3
17
26171
36
6
98
57
107
2800
627
3
858
2
8880
3781
6
5675
12655
6
98
187
22
12
21299
24
2
187
11
485
168
54
778
14
3745
9
974
6
6804
11
14
1633
21
1918
6
3330
629
502
3
191
19
2813
8995
175
3534
51
7
2
1067
5
8995
52
112
12
93
1419
6
428
26858
14
3943
12
5
1001
19
3878
3819
50095
651
1511
89
9
118
24
38187
4
1541
2
2708
29
64
42
1511
89
24
98
117
5
105
3498
9
118
4810
3
3101
11428
309
4
25
10
30
12
50094
14
3943
12
5
132
19
2187
38135
38135
14
3943
12
1029
19
47013
38111
38111
14
3943
12
5
878
19
2908
33138
33138
14
3943
12
5
1063
19
41377
79488
38649
38649
14
3943
12
5
1029
19
2187
3634
33176
33176
14
3943
12
5
1258
19
1344
26311
31
7
6592
270
6
1984
496
5
1278
4
6929
29672
5510
107
9
4388
3400
31
18
47
2489
3
123
74
133
170
126
2980
4388
91
8935
10059
4
1290
21202
1200
3
20265
4674
4388
26
855
1278
4
4511
79
2
795
744
5
1493
2104
587
212
4
233
97
50
196
2021
3
71515
81
4925
24
105
290
203
11428
309
75
454
3359
81
3834
75
26
9422
19302
16181
5675
651
4
104023
324
142
5675
15
183
12655
627
3
858
2
8880
3781
1056
3
587
212
8
900
3
251
922
3
14374
4
922
3
1251
270
8670
4966
68
2541
357
1278
4
4511
59
631
37
449
4
62
26
18
3
17496
586
52
26
14
3
469
177
5
4388
226
1271
8935
14513
79
1622
29672
3
17
2836
19
4388
5675
4
478
152
4
105
4388
3133
35
8099
10193
3128
5
449
19
176
7
62
105
675
1500
586
6
191
73
62
2826
3371
586
168
3417
5
1479
52
1442
7
2
4388
408
133
54
132
36
132
21
17
560
4388
408
16
21
774
7527
37
6282
4121
923
6
98
187
398
8
4235
7
292
12
14374
41
4
41
151
34
17
60320
24
14374
8
7
9
507
2924
842
7
816
3
37638
4121
135
734
6
2
2918
961
534
684
29
842
115
21
522
385
5
4388
31
14
3
319
16645
27006
57
5728
13589
4
449
4
15157
6
38
67049
6932
4
2682
4
922
3
1251
4
51
6
1442
7
10397
21521
48
2
61
3
4235
5
4388
698
2
26
276
586
191
4
246
1271
5
114
31
106
9
5675
6
716
1809
5
1103
6
98
187
12294
13
260
303
6
15
14523
59
11
2724
14392
15194
4
5558
5112
3971
18364
203
4102
5
45
309
5
922
3
1251
3
4238
106
14
4270
2
5675
716
8935
97
5
4388
3400
3
1287
233
5
376
478
16656
16313
211
5675
16
1536
5840
6450
8424
6
133
14751
369
181
682
822
8
51465
16313
8816
16925
4
57
16925
2533
50
4
15533
5840
2
4316
35
29
9366
4
828
87
233
682
14
1536
4
1838
35
1182
2
10
83
5840
8670
4966
1315
3
319
4184
5
1278
351
24
491
2054
6
85
69
4
80
1315
3
789
1857
5119
31
13
1262
6
1373
105
3128
3
93
491
4
8670
4966
3
191
11
1271
3943
18538
7757
2
1032
624
6
10
40
633
4
478
563
3
610
62
33129
51277
15552
77
1315
3
276
5675
2
24780
65
286
234
26613
233
97
6
1070
5
114
59
11
716
1032
20256
15
4
2947
408
12
5
647
922
3
858
2
8880
3781
472
5
118
10350
14
2053
4
922
3
73167
4
3963
150
152
4
1334
4572
2
272
13373
6
651
2023
4
2
1835
5
4388
3963
3
2
97442
446
22
564
6
8787
5
19302
16181
12
5
1258
14
4270
29673
