15
27
4
26
116
8
32
34
1500
161
3701
6534
4
2648
5
955
35
25
10820
2
507
325
4
27
7
72
196
5526
2
94
4
8
206
492
13
723
12
89
18766
13
704
69
1455
3
1064
78
32
6341
1259
8
108190
1418
34
155
56
2575
52
30
5571
96
101
34303
25
33
113
622
71
1666
34
245
155
56
2575
52
27
93
60771
7
25
113
71
13
1666
131
136
22
1836
348
54
7
1615
2962
553
3
1132
15001
955
1294
4
50
1685
84
989
443
12
4
932
5
4
45
8
18
11977
240
382
446
5
240
55
21
80
2301
359
5
2676
4
27976
7
242
668
213
7
2
1907
22
1137
12
658
3674
13
47
901
65
203
189
11
13
2649
3701
124
6
236
73
1209
392
41
784
35
7
25
113
71
13
136
5
2
2341
1239
1400
56
4
93
1419
4
34
483
22
83
479
73
32
53
462
2
1135
8973
175
189
4
71
2
264
390
40209
199
44
16264
1727
1557
7
875
65
23
98
60
171
22
711
206
7
11
377
25
306
84
8
6341
1293
7
8
22
78
2329
1721
85402
33
116
104
45
296
131
489
166
815
559
54
7814
21
231
188
29
231
1694
4398
6203
4
8
13
47
131
831
9
32
4
8
206
32
13
13658
7453
1557
5
98
127
94
2
239
2
30
116
6
70
352
15
2699
5
376
5
417
11
3619
102
138
27
30
18
3
234
23
51
70
356
7
10
245
37
1694
1329
3167
502
114
3
3256
62
26
16
146
3
488
15
1583
10
7
21
37
1441
648
4
161
2712
71
31
13
2
131
422
359
5
35971
1557
4
617
71
18
47
489
6
377
8
10
136
41
831
8
177
5
255
9
32
69
615
142
23
1096
5
71
711
4548
369
3210
71
857
2880
6
109
21
9
22
4767
29
9
22
1994
29
627
857
8261
154
3
1319
8261
154
3
386
6386
1649
43096
5
57
311
1268
35
7
16264
857
1641
21
86
1845
29
96
148
106655
1981
2910
5
376
234
23
1209
234
23
278
234
23
5979
234
23
386
234
23
1319
234
23
2256
64
10
2
1135
4424
7
821
757
80
66
6
311
389
7
14
311
389
1787
582
9
39
249
60
4
51
30
821
42
7
7
40
653
1832
1747
11170
6
70
352
4
10
42
8
71
619
4
14789
668
354
5
89
2
2
857
94
7
7
242
7
359
5
726
61
12
4548
2880
369
7
18
64
354
206
20
14
42
2
33
4382
1093
56
11
13
80
42
476
14
10
2
3629
4436
3
96
148
282
50
22
435
99396
64
11
14
4
492
94
11
14
612
11529
4
1611
19
135
1503
105
1115
54
7
42
5
20061
6
133
11
295
41
246
6
24
444
1344
65
58
94
31
14
102
89
1618
64
11
131
59143
5852
1948
575
189
29
1483
5306
94
11
855
6
547
492
211
547
3584
269
1208
3144
31
13
47
269
5
3584
203
189
11
855
6
547
104
678
73
4249
1308
4
21879
31
16
444
1344
18542
64
71
1077
131
149
51
11
14
377
24
131
1096
4
1646
234
11
517
3690
406
172
1906
2609
54
14
17272
5
66
22
69
7
87
1604
1077
72
51
11
42
11
14329
2
2
2075
9
955
35
2
131
921
4
2
131
1566
42
12
57
435
157
13
2537
815
15
1621
4
1123
2
342
224
15
250
161
819
26506
72
2
903
5
66
404
25
33
1415
95
2
2
71
238
188
101872
2910
26
16
238
188
2220
29
30
18
3
610
8
1543
13
241
2393
2810
251
9
124
15
250
80
203
189
252
26
243
2
172
3
10
25
53
14
64
7135
474
70
215
492
9
124
15
250
2433
25
8
14
245
4
1244
640
1156
1020
6
461
5
1621
10
72
295
3
173
5
9601
4942
5
1621
4
30
327
68
1062
8
373
1207
5
1993
70
7
21
18
8
359
5
2638
455
662
4118
4
455
1993
991
4
25
10
14
1602
4769
9
135
97
87
39
1207
72
73
39
373
4
667
1207
5
1048
70
25
18
8
3960
3
546
10
14
2
1602
5526
2
335
71
146
108196
108057
2
1747
2466
301
11
784
3
93
157
3
1018
342
930
19
26066
2413
930
1018
2196
122
9915
5
3947
1100
317
13911
4380
3
108214
985
3
81439
8
7
3
2
342
124
206
7
16264
627
3
108211
564
5
342
537
6
70
238
90631
49875
87
10326
492
7
25
921
6
143
35
8
629
522
10
385
26
25
4581
51
385
5
8
940
7
85587
10
11101
37
5
67
9458
779
29
8
5
376
4010
1002
57
6420
211
9
67
342
537
213
54
7
3205
9
745
1091
54
7
1002
9
52
33
14
3
1415
214
4
1640
35
54
7
2204
3389
29
584
23
275
2
889
591
670
50
12299
798
5
770
3
25
8
4
33
396
431
104
124
962
52
33
50
1685
494
145
69
145
7
21
123
12
3701
23682
36
215
492
87
33
396
474
70
105
213
4
71
