119
111
158
31
957
12
999
5
3269
3
1643
22
159
1580
66089
1964
2
159
150
214
871
3
823
63
927
228
1308
19674
9
63
1022
2
182
5
51
4126
6
1449
34
17
1024
6
235
903
5
153
11
7407
13
4357
2184
2
11
6671
191
5
711
3
748
185
120
11
55
11
2194
2
2651
5
135
1004
31
144
22
506
1908
3
11125
89
12
603
163
42
3
2
2327
15
846
195
6
1476
20
10137
111
240
3
106
19
235
153
12
1053
54
265
13
1507
8
40
276
71
1385
1142
3
1135
108519
2064
63
13
228
4372
2
18503
6
22
1272
3
1061
8
143
35
469
108
4069
288
191
6
322
5
539
41769
963
2
2479
600
9
71
3
62
11
55
179
15
202
54
1138
144
22
1195
29
11
322
1368
941
24
1147
637
4
1055
18130
21
110
3
13767
37
21
502
10
42
11
28
473
171
2
39
724
6
1476
7
2570
3
93
10
86315
283
299
71
14
2748
7293
587
212
7
1612
6
1039
1582
5404
229
3
971
83
92
2353
9
45
31
1911
1203
12
227
283
1121
917
71
12
473
228
156
4
3368
2
21551
1569
5
1961
299
309
4
453
8
187
584
121
18
80
47
533
61
19
14247
252
13
1974
8
53
7
64
6999
240
52
212
971
83
2353
54
77
163
169
70
3
689
38
1121
161
210
12
1592
1228
16
2489
9
2
105
948
868
52
8
505
171
4
1510
298
23
1763
283
1648
6
197
71
1162
283
141
2
21032
79
6174
5
47339
271
1483
5306
37
16791
1177
740
3
2538
142
1418
11
28
33
100
113
10
14
60
3
317
86445
212
4125
141
10
40
17
2
2273
148
28
8671
5142
63
5
456
9
70
1418
2
521
113
2148
29
24
2050
5
675
10
40
1139
8225
162
3
96
587
212
2
989
139
6
60908
3491
210
2
861
9
71
6
212
40
21382
58
31
18
3414
141
2
2
4614
348
8
34
7050
226
288
68089
5
25098
15
738
285
714
11
803
594
5
5112
31
863
6
207
44
3
468
43
62
20
141
7
5074
81
265
408
195
2488
1325
4555
28
101294
5
63
172
2341
2507
295
2
605
12289
298
59
43
212
5
922
9
832
3489
2257
35
4
940
567
3
2
1178
328
4792
4465
1276
2294
24
2101
191
1417
2
91674
139
5
250
342
5104
68
324
61
171
71
518
6
1476
119
111
619
18
2453
8
11
115
21
803
860
2872
2
3906
809
8
77
17
1439
142
41
65
2
281
44
52
4
588
7
165
118
64986
13
2
1804
924
3
2207
414
543
594
37
10
342
348
4
30
596
8
250
147
3
1940
8
924
71
28
75
518
15
22
846
24137
63
13
3959
851
105
1035
6
6282
2701
5
9826
224
8
40
2004
142
2617
342
348
9
3
66
10613
250
953
3
981
2
342
537
184
3
252
58
4
76
162
2
149
2
1156
1032
624
3314
1347
18
3414
588
4
653
8
197
7
6423
3
976
97948
32741
2
127
3419
28
8
64
323
62
104
1908
4535
74
235
363
153
10
34
123
66
3
6173
229
71
1292
1666
22
188
934
165
32741
28
63
3212
247
41
18768
15
38
2341
2
26
997
117
5
38
373
98155
131
12672
5
51
352
110
3
44
37
81
4
26
219
3184
3
1877
62
352
384
81
11
2312
9
119
111
808
232
31
18
576
851
9563
3806
4380
2
3
2680
2
26
237
3
3636
6
63
88
4145
73562
31
18
47
53
2
241
60
483
1144
1981
130
10551
7
2010
30
77
93
20
74
15
100
28
3119
28884
31
522
2
1689
582
5
808
9
63
575
978
189
24
3
45
16
2539
45
16
1293
4
10
9426
3
45
31
16
3266
10
245
20
1308
59
45
483
3
1366
10
541
3
2
349
29
33
380
165
295
3
17
12
625
181
10194
19
119
111
44
8
293
1083
151
34
1627
6
217
4
1113
585
1520
10
2731
851
689
6
386
4
8358
1340
3418
5743
1011
304
19
63
71
4
57
119
111
158
8
467
35
13
47
2522
19
2
348
5
2743
1619
4
3237
5
3129
43
163
3
1733
4
1704
28
1248
604
1405
4
2182
36042
540
2
43
158
134
421
39
8
293
13
47
458
3
1646
4182
4
3409
2404
640
689
12
585
4
13
84
20923
1109
2144
2
289
450
2382
18949
158
28
8
110
845
6491
5
293
447
327
17
1823
4
151
1046
292
5
559
6
278
327
17
60518
1340
50
99
425
19
814
1297
54
28
119
111
331
9
2627
1847
3
1986
167
6
890
6
54
293
1261
489
45
6
2
952
5
2915
643
4
1863
51820
411
3
181
814
1297
28
63
71
13
2599
441
269
3287
1971
4
802
5
1617
582
5
808
2750
3119
6663
3
154
61
15
39
3836
102
72400
3654
510
19
1971
298
7
2
722
559
1620
15
953
3
1692
669
293
195
6
403
5
1340
56
41
37
38
83553
814
1297
425
8
1971
1260
365
215
8129
19
1066
170
26
13
321
