1809
8
7
2
11
31
1040
21
17
320
1848
8
1663
116
22
320
7
1277
2547
98264
4866
63
1727
217
18
4517
5
500
3
129
90
16
3765
301
10
132
18
271
3
25
15
7821
5
22324
1225
8
18
398
89
462
159
63
10989
173
260
165
53
7
4
8336
22956
6
133
548
30
137
10
6
787
31
484
56
6
2990
9
494
4
86102
241
2
10
365
9
58
3
137
138
27
7
1960
3074
5
519
96
157
306
285
5166
11672
4
272
20
6682
2275
7407
547
22
2075
14890
15
22
1002
1330
12
4815
84
738
1014
966
356
548
7
325
963
12953
3442
11
100
486
5
10
11
14
24
1096
756
30
48
260
1077
552
89
36
1114
89
11
11718
74
320
2954
100
4242
73
10
14
2
3677
4822
4
10
7
80
577
89
2
72661
2431
11
40
21
7398
10703
4
42142
5
69
1455
548
51
40
11
25
3492
22
2231
48
231
133
548
811
942
23
3367
18396
6
236
8
25
18
27
1925
3014
107575
20
1419
756
40
18
2
107
15
114
548
11
100
511
17
6
22
2841
2
22
3077
872
5700
16799
11
115
4183
21
56
53
6
19768
35
9748
4
3869
3857
8060
732
548
11
40
44
10807
148
811
72
113
5
48
2183
4
7659
8
260
3974
12
20
756
53
40
17
64
107
11
100
93
351
15
10
732
45213
58
13
6699
4611
26
100
13
6
2
241
60
548
20919
548
1256
1542
827
189
638
193
1025
305
2842
1560
590
30
12
4
12
340
10
80
8493
409
103
185
695
53
50
25
90
3973
4
5852
1244
21074
48
26
13
3
25
14
2061
88
222
8208
42
2
200
5733
13
5264
137
1491
690
256
1618
2494
3028
4
26
327
1062
2
2284
1196
1289
64
643
958
638
756
548
149
261
8005
3
5733
36
1196
756
31
1297
81
48
14
21
112
6291
222
3
17
507
4
11
350
61
638
375
10
1915
83
12
172
5
81
2
11
6115
56
142
11618
4
31858
198
22
102082
148
22
519
14
101
12
9
22
1263
548
11
1732
3
81
37
51
11
1047
14
732
15
133
4
62
11
697
3
1729
10
196
90
713
4892
112
262
4
4170
512
548
858
2
444
112
733
30
203
548
30
34
93
33
2
282
262
548
1650
5
622
118
25
8003
7637
180
196
11
28
548
25
1891
30
16
110
3
192
285
548
33
17
25
2539
5
817
8
1173
6309
26
2669
548
4
140
6780
3
172
10
48
198
11
146
81
3473
11
146
81
16041
340
23
30351
1955
4
4904
4
1239
11
18778
6
15
22
1681
3661
93724
2134
14225
21074
10
17
74
19
1308
174
96
8
848
174
996
6160
440
548
1966
10
36707
12
12
2418
12681
10
11
28
130
2
7
2
5477
1143
2
677
448
222
1216
5
20
69873
1975
75434
37972
548
36481
27
202
114
1757
756
93
39053
13
697
20
350
23
119
111
170
341
59
11
365
56
601
1128
2
4
481
750
8501
102
2181
4
62
26
50
3033
67
4473
4
10
816
3
172
548
84
22
19892
11494
4
16583
1015
16
470
2829
198
89
23
266
4
11
116
20
7
22
60
10
84
36
208
4
42
57
148
25
234
9
371
27
3
93
48
127
12
33
98
60
850
548
206
40
11
548
2
98
201
2275
116
52
10
28
1558
25
1729
10
4
73
11
44
10
196
850
9
16478
55
11
224
59244
112
389
4331
157
548
10
110
3
17
2
21380
95759
29796
1027
522
2
24041
5
157
10642
2856
200
19919
19102
11
1443
421
39
1545
5959
6
1001
1394
164
9
41
294
12
5
2
272
7
21
120
11
524
6
532
5
3997
4
5413
29
120
11
524
23
60
5
567
4
1768
82
1656
4306
1039
1768
13
247
5900
5
12869
8
7
562
8447
290
74
268
281
568
170
341
11
13
567
45
7211
5
738
1862
8
48
7
21
51
10
313
6
2238
3
62
67
108
7
296
562
3991
7
314
45
8
659
23
172
5
67
191
1820
16
3294
2
6630
696
42
8
40
96
580
1173
2698
52
10
50
103938
5472
5
7863
272
992
674
18
47
2013
19
3603
11287
118
15
4
1022
54
1292
1868
399
237
2
7943
4
11058
3565
3
2
213
292
12
623
4
24120
7
1041
3
137
206
20
1741
13
4375
25
136
3270
2470
705
5
2
272
7
21
120
11
524
6
532
5
3997
4
5413
29
120
11
524
23
60
5
567
4
1768
82
1656
4306
1039
1768
13
247
5900
5
12869
8
7
562
8447
290
74
268
281
568
170
341
11
13
567
45
7211
5
738
1862
8
48
7
21
51
10
313
6
2238
3
62
67
108
7
296
562
3991
7
314
45
8
659
23
172
5
67
191
1820
16
3294
2
6630
696
42
8
40
96
580
1173
2698
52
10
50
43294
170
5472
5
7863
272
992
674
18
47
2013
19
3603
11287
118
15
4
1022
54
1292
1868
399
237
2
7943
4
11058
3565
3
2
213
292
12
623
4
24120
7
1041
3
