27686
63247
2
39
9096
5257
82
4173
57
482
5
2211
4243
1740
62
2735
36
10158
343
16
1940
12
4
3538
91
2
1391
3
1666
1189
2466
5
2664
226
79
124
82
6033
5
1149
3477
29695
29776
198
2138
5
5970
54
14
2056
4678
5
124
1201
24
157
14
948
12
1626
13402
719
3
2
2622
1889
3681
54
855
143
35
79
108
124
7
3091
469
2
3
51
912
721
3
29776
301
158
2015
7
1264
3685
4
343
14
91
3
1666
2466
5
124
7033
3
8385
844
82
2
1626
4406
760
6
41562
14
303
14791
42
205
75
3366
85
3
266
5
4857
10
7
178
8
258
27581
2708
50
3
948
301
20
7
4229
223
3419
343
14
1892
16371
19
2826
97
3
8225
144
9
124
42
55
68
364
6
20
590
4
16955
961
2651
5
846
4
70
1432
1083
167
156
2
1985
1687
5
109
4
7270
8708
3088
5
890
6
109
3
606
1899
12
2211
3123
5
501
1176
1488
167
3
9303
1022
5
35
2883
90
1430
5
3128
4
215
1844
79
356
5
3590
226
231
108
6
316
392
3114
9
12175
77
17
364
764
486
2
43
218
3
28
4
144
293
5467
4
57
430
528
6
10
9295
3
3497
1212
92
9
289
685
5
546
2
1176
1488
343
6106
1096
5
2
1234
2578
15
204
77
154
23
98
60
23
735
10
234
2
286
88
253
1934
40
17
271
525
368
5
43
1556
167
54
40
646
4905
2377
5
67
83
163
122
1694
2896
5
2
263
167
12
43
36
1006
3793
743
6
278
7
10088
9
912
20
359
5
4862
10115
1745
53
7
2211
15385
3
835
8
2
604
1176
1488
343
7
4959
1541
45
108
74
327
1080
3
2814
4
3
1920
20
7
33
2305
20
463
803
1426
43
204
1950
2224
12
112
1531
41
33
276
41
30
55
25
109
57
869
52
33
2010
33
96
2
16465
1977
5
36
41
982
1134
67
144
1128
9
3774
1394
164
9
67
5350
3510
71
621
2
518
15
776
713
602
6
2702
266
442
5927
3
2540
98
1053
8
40
2538
142
22
526
297
26175
4
702
4
232
5
1076
270
979
5
2635
863
2513
9
390
737
663
89
12
672
31018
737
1188
6
20
2805
16
70174
473
330
494
145
945
7
51
48
10705
9
2
127
499
16
123
15
377
10
7
21
1041
4
10
828
7
14389
706
78
32
16808
29
145
1881
3
2811
23
8
135
150
440
4
726
2
11254
166
1490
5
22
970
32
126
2
150
1263
4
787
6
149
6250
456
6
89553
88
13533
681
5
1571
365
4
14152
241
60
3
1526
78
32
54
584
146
76
32
2576
2
1067
4155
11
5853
371
71
2597
1422
22
374
4
267
4
812
4
45
5
1384
223
57
126
945
502
83
3
402
292
12
49
792
4
354
11
28
78
32
327
247
63
5
143
26257
53576
6694
381
11332
1632
2228
5
22
3738
381
15
4
1490
5
32
4
10
819
23
60
6
377
25
11
14
1724
22
267
42
128
532
5
2567
7039
23
117
5
22
578
53
50
2115
350
5
145
267
6
2551
1075
68564
230
18
313
2221
3
76
3379
869
5
60
3540
12
473
3
1825
97
570
29
1062
145
14
2
2738
4
412
37
22
296
9
499
14
2568
11
1743
207
373
8
11
365
3059
22
103266
8
9
48
1322
310
2599
23
27
440
138
27
13
495
2
6311
6
150
199
170
128
153
25
273
194
110
79
330
14
229
145
40
17
458
3
611
22
267
79
32
1085
4
229
1054
77
695
2
4119
62
5
97
2411
23
275
12
44
10
234
73
661
7
811
12
161
58340
162
165
18
76
3511
3
25
2
416
19
6275
15524
3645
5
494
2919
78
4
60497
7118
12
95
2228
53
50
851
841
12
2725
175
58
150
440
128
153
4
1054
1948
2044
207
417
31
365
695
1936
38
97
287
320
4
465
1948
2044
53
14
41
3036
12
695
1904
65
48
153
6
1578
4
1948
2044
30
796
76
718
883
191
24
13042
78775
3
11234
78940
3
457
5020
2752
54296
330
68
196
6
2771
1514
3
2044
87
25
90
5
681
12
695
54
364
2
4032
417
1499
602
4
2
449
70
2815
76
5
131
1105
5
45
8
27
13
3983
51
41
472
5
551
395
2
187
102
27
681
75
681
146
187
9
32
20
7
62
440
121
17
296
4
62
1942
1678
19
83263
88
6085
532
12
473
330
42
54
590
61
672
324
37605
24
5302
3488
13153
2
11
4
1109
17015
103791
9
60
126
457
5020
1538
11
303
198
2
2381
1701
5
6587
4
3645
15
49
3808
1184
3
494
36
29
45
33
415
118
3805
11
14
101
4
10
14
14641
3
485
49
3597
51
25
90
162
18
47
99040
10
14
2712
71
31
14
10733
883
5
330
11
1315
3
123
83
27
261
367
5771
22
320
4
11
146
2
22988
187
9
13610
14
2
63
15
2
433
5
166
427
11
28
126
2158
2
11
607
2899
3470
5
133
8
11
1665
61
