13
47
4541
5422
170
23
275
341
100
59
10
14513
79
2
41284
578
444
401
1269
2253
979
299
37
436
188
4
1035
1113
29
58
292
115
45
360
9
27
16
3369
6
39
515
3
17
507
29
26
219
8740
19
1769
8941
4
71807
623
2
136
2
476
765
58
18
5622
38
292
6
707
107
9
66
27
13
72
533
10
3
190
446
7
21
507
51
2
27
711
245
242
29
10
21
439
20129
9
3361
202
5919
3361
241
126
27
52
45
73
2854
14
3
888
3361
26
147
2
39
97
21
2
296
67
770
15
255
82
1805
82
1154
52
476
104
2280
18
1956
820
2
2260
5
2
967
8
7110
213
7
4
4205
4
668
6408
7
42
1002
8299
955
5892
887
14
445
1389
3
1546
432
283
299
213
4
9567
6
4626
92
296
2035
2394
10
14
1448
8
107
174
4
10
400
960
1243
6
20
994
125
30
93
3
137
72
62
2531
4
5890
67
92
7
112
283
1024
62
4043
5
4
1625
33
16
4
10
1046
337
206
30
137
283
3458
16671
4
283
853
1448
19
4
9
1951
283
1121
840
6
316
3
1562
112
283
561
37620
1395
1134
1062
20
1299
19
4951
7636
3824
3550
30
18
3
862
200
25
8
33
55
346
56
51
6
10
52
8
14
1222
33
271
23
60
928
20
34
174
1245
1243
6
4
125
6377
1388
1029
109
175
78
4
49
669
188
871
4374
11776
1851
2401
12
13577
436
9
4343
78
481
398
356
84
978
2082
144
211
4858
7
144
2715
978
448
5
265
100
8
2443
40
18
3
17
277
7
100
17
555
3
2
1573
5
1244
3
25
8
29
30
18
3
17
3132
8
651
1421
893
54
870
12853
5
3689
25
33
165
18
98
967
3763
53
16
95
31
18
5673
24
3689
29
3
2
1189
2145
90
18
388
2661
2142
5
51
14
627
875
497
186
1203
39
1395
2014
174
2
162
1017
58
1053
3
1546
887
12
1370
62
90
169
18
26
6209
6
12
20
224
4
51291
70
45
9
6
887
6049
87
26
396
2301
1961
283
299
4
70
45
34
234
23
20
73
2
592
59
10
115
10124
80
286
10
13
47
240
48
525
54
2654
180
59
14
128
60
8
45
13
2
592
20
72
801
3
62
33
8
51
7
201
9
14345
7
445
201
9
21873
26
1077
8
110
6
4
86
75
209
55
30
1366
20
26
697
21873
100
246
122
14345
8
685
168
23183
2669
3
1361
3689
395
798
5
43
234
20022
4
3784
201
240
174
26
219
48
400
570
1780
887
14
445
1389
3
1845
46
12
1370
46
3
611
6
2
4626
13092
2035
2394
213
25
178
180
321
142
6
387
2772
2105
13
20
3
44
37
3689
174
117
2772
2105
887
1428
2
664
455
2
4626
213
59
7
628
3
222
37
283
299
188
7
465
331
194
25
33
113
8
887
7
3583
2
664
455
4626
283
299
7
445
920
8
122
1055
132
14
4626
7
25
113
8
887
7
3538
1448
3
611
37
8
1179
149
1864
12
6749
100
1378
153
6
937
265
408
195
2772
2105
9500
14
331
229
22
934
14
3
317
887
3
2
4626
213
22
661
811
811
1428
811
240
3
2074
112
283
4
102001
7
25
11279
4
5211
8
90
40
551
900
3
178
156
2
148
149
53
10
7
1780
26
25
276
2
4566
37
33
36
112
5096
4
34
25
476
6
38
191
3
137
8
335
37
112
283
16
146
19
81
6
475
9
180
2054
3689
13
443
130
2676
19
3155
180
3
1639
51
14
1266
19
130
2415
4
2426
15
186
1203
9
41
246
501
4669
7
20
120
7
93
3
44
6
4
3276
407
15
421
39
100
3281
1508
411
3
1282
5
22
15687
69
2318
19
254
11
208
40
18
47
1516
6
289
237
52
11
13
4144
127
4
621
142
12
3135
22
105
970
82
122
2977
8
52
11
115
192
85
20
848
11
803
22
69
2
1135
105191
2133
58
127
287
14
4688
6
3341
123
5
237
2
11
137
10
261
2
592
6
848
11
28
11
635
17
458
3
1058
1111
3912
215
36
96
157
67835
34
44
20
52
7
25
155
48
107
4
52
7
25
192
7
34
803
10
3
17
2
896
4
1135
2855
5
60
694
4
246
27
28
6
407
8
4564
298
330
12
421
2871
703
26909
94
1823
2
1573
5
1597
6
22
17175
15
1508
24
22
1152
3
16161
127
185
3
22
268
3579
15
421
39
70850
3032
8
6
615
142
11
1428
13
3284
261
110
79
829
29
11
28
52
11
13
1535
491
6
20
107
11
40
18
154
56
12
100049
7
50
3906
52
7
50
127
174
6
2
107
10
2
572
357
87
53
412
732
15
118
127
29
52
7
13
21
2393
142
6
107
7
2393
142
7
25
113
7
40
18
47
1516
11
134
76191
653
8
11
2
21566
31
86
3377
3
167
102
13122
1406
1049
1680
29
6
72
37
48
187
7
380
47
