338
152
2583
206
7
11
1841
1602
2905
46
256
28981
22216
318
109
206
25
104
1595
9416
93
3
319
38
105
737
3
586
928
104
3916
16
2376
38
2075
2838
14597
1197
5423
8
52
38
2075
242
3
2993
131
734
8
96
81
399
4
2
4381
232
5
20
770
140
26
244
2
2
7741
290
126
395
76
1184
37
4452
4418
118
2
5635
4
21
2
629
803
20
4452
4418
7
21
2
432
553
49
737
323
3
41
45
65
457
688
737
367
34
46
256
28981
22216
318
109
480
852
2
2
7741
290
286
2838
481
1034
10850
1689
1301
256
28981
365
88
5
2514
9
10
75
16377
463
19
5996
1299
24
10
22216
10850
87
11
2
4640
883
4
21
2
105
2134
51
25
7
192
46
9307
106977
318
109
928
87
11
14
3
1852
3282
3
161
210
33
20007
22216
10850
46
811
4590
59371
107532
318
109
22216
10850
87
20
7
42
5
88
3393
85
5
48
60
4
11
115
14
3
4895
5
32
220
12
100
109
1475
39
249
82
2300
12
442
3199
641
5
10456
1226
272
31
13
897
170
3
17
220
12
5
159
63
200
32
2300
2344
2063
36
2622
1713
5
67
461
5
91
3553
543
3510
873
641
55
21
17
2537
2300
335
2937
30228
1468
13540
82
7116
460
5
10456
1226
54
13
495
169
384
170
1226
886
10
128
153
981
19
5070
7331
11635
10
2396
557
384
1161
44
4
41
65
3379
300
15
2476
408
3847
144
9
1226
4
2104
23
32
9
21
118
1095
3
609
2
1033
930
3
1024
17422
527
40977
3778
1017
27
251
9
4
679
1554
3
1773
78
32
130
2300
641
13
47
2995
29
183
339
477
6
57
236
12
2300
1074
1226
28
12
22
558
1128
75
118
5568
5
2300
335
396
1917
699
982
336
33600
672
68
218
3
609
1226
3
259
13540
339
12
10456
1226
100
1128
29
672
1243
3
2300
2725
519
20
339
7
64
752
1131
87
2300
641
693
15
20
339
13
47
7665
2752
1005
1479
956
3
712
74
4456
1469
1046
1048
151
6
1101
956
232
3
712
6
725
5
2438
5
133
238
1828
3
676
10
1318
3
768
700
1469
8
1233
1048
807
3
2241
75727
425
12
429
12
442
4456
108
3035
369
893
2
1469
3539
1048
1335
3
3781
2736
6
2241
12
318
526
979
5
4456
893
2
707
1469
54
2898
3
701
444
4
3781
2736
86
19
38
19263
320
1101
14
223
426
8
13460
24
360
171
99
1469
28048
105
3726
151
3093
1005
1048
1320
14
1443
6
2
2479
317
19
57378
1005
18435
5030
1390
9
665
427
6
3029
2
676
712
9
429
2142
13328
100
40207
6
890
6
1805
3
2375
5
103
1469
12
2241
30
50
3345
19
26967
6126
5
4456
4
16
84
31177
19
10
22071
5
10
83
734
28048
63
2295
76011
481
442
6
22
251
9
1005
1479
3
712
620
13328
925
18
1452
6
278
9
4
2716
585
559
3
11125
263
1619
441
158
2216
3
421
25556
13
445
47
2607
6
20
760
8
263
40
420
603
163
4
1052
40
420
585
163
6
278
42
158
32535
1411
2501
1422
134
523
30
116
1052
16
2
177
5
20
30
821
508
8
170
44
20422
158
876
3
421
39
77
21
2710
1849
5
20
39
1052
163
91
3
8418
5
29281
1052
163
16
203
1923
5
8846
2750
20609
17379
13957
163
1784
6
496
5
1052
3885
1696
414
559
54
296
2
703
5
5038
163
1075
311
389
211
278
386
1739
4
77613
39
99
425
2
696
518
175
17379
4
263
63
1726
657
54
365
236
6
500
878
548
177
5
1012
175
17379
4
657
14
475
263
858
61
6
278
2915
1867
15
37827
1345
333
468
2309
8
10605
5896
163
34
850
1452
3
28
6
585
559
5896
2
263
4
1052
2081
13
2393
2856
63
3358
3530
163
170
341
6
604
658
10136
934
5
559
40
17
3
9310
1746
604
92
182
3
1405
21
1885
3
809
293
95
333
468
95521
204
238
624
1500
1589
4
43
902
137
24405
12
809
6
43962
18
183
997
7024
5765
28
429
30
431
430
510
293
2
1809
4
902
115
183
2
41930
1411
1422
453
30
25
178
8
704
293
97239
101
151
44
263
1619
6
278
1943
6978
1405
12
429
33819
604
6360
9
399
101
366
809
5
263
1619
364
6978
151
31284
46599
18
68
47
181
263
1619
489
1092
29
63
1726
657
13
1336
1988
791
81
294
48952
441
1828
9460
10934
1235
6
5385
300
8
6869
151
50
118
1943
6
1345
3
293
29
28
429
1619
1072
36
1748
293
809
211
2
1923
16792
573
5
604
150
1133
4
14115
151
28
23
143
226
8
23
275
45
13
47
489
19
1619
6
701
312
5
9450
211
566
397
170
442
20118
76321
1054
195
28
1216
5
378
418
1943
19
263
1129
442
2522
293
64864
68
28
11
913
1212
3
358
15
604
941
37
2
105
2462
29
453
11
14
1876
3
51
11
607
2
2
2111
941
68049
4
57
158
18
28
204
14
1930
537
4
1563
3
1212
839
3
