857
3
117
48
857
95
31
50
21
489
23
370
50
2106
168
2535
4
4655
261
686
4183
36
5755
889
5
589
5
7537
1409
15522
36
50
29532
7537
272
6
9056
31
2
2
23988
1588
22
347
14
7537
134
106875
42
460
893
83
3
89
19
22
804
22
9016
196
6418
3
1400
98
6251
6
439
647
455
604
4655
900
3
155
12
11
40
511
13363
65
1400
190
311
3
22
439
11
134
2121
6532
1696
4
25
272
44
26
621
22
9016
203
538
375
11
14
14993
217
5
2422
1454
11059
61
19
6532
6661
12
1063
109
6
21541
84
9056
5433
198
51
40
247
2
989
1564
5
1783
2497
4
936
90
5
104
7537
50
394
4498
4
6
90
187
489
7537
12986
4113
5
7537
3417
207
66
12
1063
217
5
550
2484
1454
277
6
6
2
687
3772
6
79448
2
1837
879
6
51
7
84
1265
44
278
184
3
5366
1759
2585
43
27966
6
1575
2
239
2
1070
55
1097
15279
16
388
4530
3
9937
4195
6
585
11
28
6
2
2789
3
12864
217
5
226
8
2204
1283
7537
3417
590
115
21
364
143
35
546
4
90
57
31
12
34146
16
9443
15
7063
936
2
3417
1476
7
761
3
945
25
25
12
47749
63
71
516
3
3879
936
2
3417
260
2397
815
40
253
86
12368
15
1185
120
143
35
13
4
344
603
292
6
413
349
3
278
1185
4
43
92
18
17936
573
74
604
771
15
2
2743
902
2377
3518
467
35
1715
122
1185
2340
215
315
327
68
744
12
1825
83
278
3358
1212
143
35
13
28
1185
5757
74
169
2486
604
1059
13
784
3
25
362
3
2557
1715
31
465
2709
10
614
79
278
15
35057
335
7264
90
7537
6
143
35
4
2493
31
44
26
13
403
63
617
71
40
91
23937
2
4
924
3
243
148
101
1612
22
1562
433
5
4768
3417
1847
3
3743
25960
2705
8
1778
3644
5
7537
31
50
489
6
278
171
38
8601
24
6853
19
6532
1624
6
16
5637
23
103812
11563
6
1804
312
5
72096
76
311
413
5
1035
2617
12
1063
2
264
2362
6
814
44228
2
2121
1458
508
9
10
11849
9301
1246
42
2766
481
8
3417
897
19
7537
7
72
2
5992
19
7537
9454
4
7876
6
1185
3
2551
2055
133
4
123
74
2121
98199
1185
6
264
66
13
533
41
12478
664
455
3059
936
5
7537
15
2121
63
9814
9552
4657
395
51
14
1050
3
17
2
9020
381
128
66
6
54
11
1266
6321
3
7876
5
95
489
6290
18
237
6
157
104
44
7
462
8529
1322
3370
1549
935
4
2504
1670
175
119
4
45
5
1897
16
1720
4
1629
175
176
4
1290
1320
231
133
16
12
691
29
90
366
53
2
15960
5
403
235
1207
5
70
26
44
7
91105
7672
4
1541
41
2175
5
6695
104
26049
18386
1965
1702
5309
5
561
835
8
2146
16
4181
7672
26
219
4181
16666
26
551
1233
4366
1775
511
65
666
3
1729
7191
2
2517
654
181
13398
8
2387
1207
7
41
4181
7672
65
38
4269
6
1503
4218
638
9018
1940
12
20
3
873
2146
88
7672
1207
6
352
104
1105
5
864
2459
8767
3
209
8
534
45
16
41
253
65
38
4269
3
950
10904
680
29
122
2146
16
962
186
253
65
2003
7855
3
44
8
41
45
5
382
237
11326
332
57
7
2
160
9
901
129
1013
3
129
38
737
12
8
853
16
1879
64
382
65
95
5
1207
1019
126
81
2750
14772
31
154
6
23
129
12
10904
4729
1420
7
707
15
129
5
2750
14772
254
10
48
101
9
220
4
119
3
1388
332
57
1013
3
129
5
81307
104
194
25
245
44
476
37
1217
279
75
48
10904
4729
4
680
16
1598
3
2099
1037
8830
6
618
279
1549
4021
6522
2297
4
842
46
23
275
21
6
20
1242
23790
680
1027
96
61
72
129
5
48
680
4
59
10
154
3
737
12
41
4366
139
156
2
564
5
92
6
7632
338
4
288
2140
4
147
9
218
1418
2146
483
3
2152
525
1217
368
59
45
16
331
9
482
62
136
147
3
17
42
6
316
3
1666
1656
4306
1039
1605
5
1217
2371
1670
175
119
2146
4
2146
5
1897
48
95
31
25
2041
2
119
16
1607
4
370
285
2146
16
1407
3
17
64
41
1055
65
2018
1207
223
2146
129
5
119
661
8
2
182
327
17
42
3
1666
1217
2371
1013
3
129
5
119
2750
14772
4
129
5
119
51906
88
851
160
13
47
223
4157
2146
31
16
41
4181
3301
65
38
804
28553
129
5
4157
2146
44
2
182
327
17
42
1013
15
129
5
4157
2750
14772
4
20
1217
4881
7
912
9583
1217
1549
1670
13
443
170
554
771
4
220
31
2277
24
645
18
186
1549
65
119
31
18
1135
422
391
2
39
986
19
2297
755
2128
70208
4
963
2384
1181
8
119
16
60
41
253
3
1827
172
129
5
935
3563
6195
65
4157
4
51174
80275
346
8
129
5
220
650
804
50
6
172
727
5
935
3563
117
61
6
1932
1013
15
129
5
