325
417
3
25
10010
215
165
55
3752
56
3332
925
9
51
10
461
283
337
301
839
4
603
163
18
146
8
428
41
831
19
3710
669
1092
158
3
1507
6823
1226
1288
2
12309
23
11081
141
391
8
3620
12
139
1539
1069
4795
1181
53
16
3332
925
2177
6
81252
937
5
215
283
648
211
3332
1018
7
3783
21474
1757
593
11021
937
7
761
3
123
175
205
10
7
21
2
1169
937
5
216
3332
188
21474
19200
6868
25
706
25
468
188
1724
980
4
3548
3
522
2195
1543
1535
2
30229
763
12
660
5
18837
10
8
315
186
19
839
2750
1971
5892
6
1024
8
692
5
2715
50
762
4
79573
11555
2750
9307
4452
31
35451
298
3031
28
11
13
3
7561
22
1069
4795
9
88
5
22
1433
54
364
3237
3
5979
4387
1319
4
386
4452
795
56
22
1043
9
22
2993
4
1971
2751
22
435
3
4835
2
136
2
10
1652
10
344
84
41
65
367
3
17
314
3
251
148
19
38
2864
320
3
25
1704
7
3
692
3412
120
1216
830
51
721
6
2330
14
834
1088
4
834
1112
765
10
7
7
21
8789
10
3038
86686
7
2
1745
21
2
434
20
7
2
10206
344
4248
430
16
10486
26
25
51
26
25
6
316
3
2348
623
52
7836
2930
13
516
12
2
8918
3
419
83
99
45
11
7166
82
8
40
17
8789
29
7836
2930
14
64
25570
11
178
6
271
11
14
2
1116
4
11
14
9104
19
1169
354
82
37
352
37
220
45
37
119
4457
4
37
1193
57
1769
82877
33
1819
67
225
4
33
219
470
74
67
133
4
33
18
3
155
11
6463
72
126
4909
8
933
4
95
2484
15
2723
104
16
21
357
5
2
4507
2102
417
4170
2
8789
309
26
16
1411
314
486
5
2
272
12
2
1431
2
272
31
116
912
51
11
377
4
206
11
377
10
4
20
7
206
7836
2930
7
2
98265
47
3501
3
790
152
26596
6
38
1203
5
20
460
14
10
2
1114
512
14
10
834
52
53
5109
37
476
23
48
164
10
37
3984
5
2795
11
2
430
4
11
134
43
25
11
697
3
117
2
519
14
11
2500
19
1114
507
29
309
682
14
26306
19
98
38985
90
18
1093
56
152
7
7524
37
51
3274
834
86
59
119
45
16
5779
119
471
15
419
16
4442
13442
36
4507
2102
36
13687
618
1513
471
15
1198
16
131
1633
430
20
7
2
1657
854
15
1359
834
7
2
357
8
4213
10
2348
5391
4
2567
297
161
5
54
16
816
52
30
219
3
224
15
3970
255
52
119
45
396
19
2391
17
430
140
461
13
64
3594
1874
10
37
2696
21
309
52
834
7
271
86
1513
45
25
140
30
121
17
1888
4
1857
8
30
121
44
8
834
7
37
1897
5
618
21
210
5
58590
37
1160
5
512
13
4
1385
1359
10
6260
564
5
354
30
55
113
5
399
1332
2
2
1034
5
7180
4
5
354
2
3213
13229
1456
511
65
2532
12
1698
35
5
4880
30
121
17
631
37
354
8
2348
1377
7836
2930
178
22
133
14
203
1137
19
220
45
11
2717
79
8
933
4
489
95
45
203
7574
8
11
14
2
1305
6
2
124
194
7
206
7
11
113
20
120
7
11
93
20
37405
396
116
9
507
29
164
51
30
25
116
597
796
20
541
6
2187
307
2
181
1259
5
2
961
837
24
2009
1715
962
158
178
1432
834
3
17
2
1189
447
65
467
1261
7018
20
2228
1423
2297
141
456
277
8
1432
1114
151
465
203
2098
5
2079
151
18
443
2193
170
66
71
14
612
7
25
116
229
7836
2930
14
4
1980
232
5
98
5
104
151
29
10
314
8
11
178
6
4
9425
38
2023
104
1340
1023
3
18
2348
594
24
105
4
152
492
301
87
5
3412
37
51
834
7
4
31
430
16
53
14
412
29
2104
12
101
111
58
195
256
975
2269
181
2
1796
4
3460
58
964
36657
51290
228
10
105
4
1651
5914
222
2922
2712
17264
481
8
10
14
42
5
88
15862
12102
1034
5
1391
7
100
367
599
104
45
784
43
26
784
6
177
87
26
50
196
3891
15
238
2006
3
1466
1527
5
1608
42
26
784
87
26
900
3
137
51
14
101
6
725
5
38
322
4
26
784
87
26
2036
3813
3
191
5
354
5
1246
9
66
2009
6018
18
15393
20
3776
8
133
14
203
3258
19
220
45
4
602
4
2708
4
1277
521
4
25
12
136
5
1761
97
578
14
2500
19
20
2023
222
195
516
9
105
337
3
10003
20
3
7554
12
10
714
8
14
1607
2
2
105
788
29
53
16
1359
33
6225
45
79
2
7584
9
241
362
480
1409
7
110
3
2709
8
368
7836
2930
3695
8
368
11
14
2
8236
430
4
11
14
1294
5
2
10336
2023
5
119
4457
1488
5
54
6096
165
74
35
1592
5
413
673
714
84
30
55
11041
15
2052
5
20
699
8
483
15
791
10
51
10
7
18
47
2117
