506
73
20
67
426
34
17
859
2175
5
2677
446
54
30
596
12
363
66
404
11
28
6
823
63
1140
927
14
70
225
3
93
142
6
4727
3
248
1486
515
52
30
72
243
48
225
142
3
179
52
26
50
458
3
2301
11194
30
40
443
2890
6
157
19
349
3
1038
9321
5
42
129
11
28
8
1814
5
670
74
235
568
927
146
22
1184
171
2
69
343
9
78
32
23
19458
393
6
7086
1331
12
298
35
5
67
515
77
17
3841
19
2
795
357
16336
11
653
30
219
165
4817
2942
7
25
299
51
158
10392
16
254
157
7
165
6
2942
4
30
219
21
377
476
37
10
11
453
8
10
14
5973
70
225
31
855
37
10046
5
515
87
26
10
231
12
38
405
377
412
4
20612
38
44
351
59
26
77
17
3929
133
8
13
398
25
136
3
81
7
21
507
62
912
30
295
3
20
173
29
30
219
164
4
30
147
3
317
73
1864
11
28
963
130
357
4
963
81
149
11
1823
787
78
32
7
86
42
31
55
163
70
225
3
155
3
179
20
7
560
87
5
2
217
5
337
99
11
2
565
1313
4
21
72
98
565
11
2
16912
565
25
33
282
178
51
11
254
7
560
4
13
47
630
4
3481
6
1031
2117
5
60
373
78
32
610
62
831
10
55
17
3
276
61
1190
5
2
13077
59
112
1043
7
21356
5
2623
4
872
7
761
3
793
3
111
397
96
507
1478
7
522
4
445
17
6
3326
9
11325
4987
11
47
48
8
4
11
1410
62
3
972
361
24
10
490
107
7
230
2
927
218
270
225
16
40443
4
16
91
3
3833
61
38
10943
4
502
262
42
12
38
83
823
63
28
26
219
196
3627
196
2021
4
196
5973
3
1000
3
515
337
9
8
7
26
380
1410
62
3
3399
471
19
7576
42
5
88
1803
141
5
288
59
2
25721
6593
247
865
6
1931
1042
9
10
691
80
875
84
8
48
1695
4
98
59
10
154
3
38
520
385
29
52
33
234
23
273
1245
10
515
8
2360
56
12
4043
4727
4
8
206
30
147
3
93
81
198
38
5973
405
4
93
81
79
38
5529
4
73
7
28
78
32
7
86
42
31
55
25
10
54
7
51
96
49
2809
94
9
235
63
5
143
35
30
147
3
4702
20
133
1780
21
296
10
79
585
80
2670
3027
649
6023
434
3066
1072
2130
2
5322
3537
5407
746
42
5
108
531
649
6023
855
83
760
13049
4
7317
2575
6
2
813
3027
312
11411
27726
760
10120
4
1586
594
37
531
1853
2
700
1881
473
1334
39
2889
822
2528
3066
1072
3
760
15
4797
5
6788
4
57
4863
29709
585
579
3537
1011
1571
11218
2110
312
1286
5640
15938
134
2
39
724
500
540
8
2
281
2735
3899
13
47
425
11
28
1072
939
3
17
2522
4446
3027
13
13
589
5
3537
6
264
66
15
557
48
4017
3
4326
5497
5
23323
274
74
24
649
4
1276
1870
540
5784
14
5407
311
652
5
11218
4
37
311
413
5
120
2
5322
5784
163
2
2631
5
363
149
128
153
6422
10439
176
18036
198
2018
177
5
312
3
319
7038
351
500
540
4
21886
1298
8
363
503
5784
18
16440
418
15938
28
4
6883
852
543
13
47
5250
75
1072
14
425
11218
166
391
847
4529
473
3534
942
56
5
418
28
312
1286
2501
10051
31
383
8
122
76
1072
14
9574
1816
479
4
57
595
255
40
17
831
3
453
375
8947
6
312
5
37
311
4549
5
3027
312
3027
216
5
3911
425
540
330
8
64
3848
36
2542
1072
14
277
474
2
13964
5
3537
8592
5784
1498
23
1171
540
4
14
1047
2
239
351
2
452
2047
4
598
43
7902
1186
2254
28
540
5784
14
5
5322
29
394
7473
1569
3
7
486
130
668
7827
14
110
3
2618
74
10
14
5072
10
25
572
28
11218
1440
14929
1881
10
14
3516
4
48
849
30
56
4
33
77
485
148
2650
12
585
10
14
4686
4
7
25
14
3
18
190
42
11218
649
4844
7231
7
42
5
108
1247
2
5
1547
2148
3321
6
9667
231
11218
621
169
4048
5
4200
649
184
3
561
24
43
694
294
252
543
200
682
2
1150
9939
5
108
15938
28
103
1150
840
13
425
64
1474
2
5
500
540
29
8
543
13
485
24
48
840
636
3703
28495
1824
8
64
1072
14
425
23
4844
2148
23
11218
649
4844
7231
18555
28869
4
3514
13089
50
400
23
2
11218
4066
59
5784
704
10
1047
73
2
1733
14
110
101
168
760
340
28869
28
540
330
2
11
4
49
5885
196
405
2
176
8754
4446
615
9
1072
7
359
5
15939
56
4
14
29116
2
1067
13089
28
760
2751
9
37
373
29
8
11
14
2
6579
2
28869
87
11
244
6
4
418
8
13
576
1373
3537
613
6
264
66
7
7
113
10
14
476
39
11
28
184
3
5723
561
53
18
47
37
103
1168
3537
6
3027
6
268
