2147
100743
2
1043
4
2
2
810
7
55
21
870
3
1327
10778
8
10138
4
861
16347
907
16
3343
270
7
1366
8
53
16
64
357
8
55
367
1770
38
861
7
116
8
53
7
412
8
7
55
367
44
36
25
3
3647
38
19904
71
28
99319
16
3842
5329
679
291
5
559
3
1061
20
1105
5
1146
7
208
2063
2569
28
266
5
2662
257
14
3842
4
37766
669
252
158
134
390
8
937
608
6
1001
75
2147
971
1959
29
28
937
25
239
835
559
14
19
563
375
30
1366
104
45
2236
50
6
13381
594
7
21
37
476
57
65
20
7
2
8770
3306
158
28
20
115
313
3
17
1586
98
428
1488
29
597
7
165
110
168
20
4
64
42
7
7809
31398
2569
134
523
439
5
2236
459
2132
194
37
229
1385
160
147
3
17
146
3
4358
9
3421
3535
86612
243
10
41
11547
2569
28
30
18
150
214
1604
31
12595
1219
95
150
214
92627
321
10
165
2989
6
20
8528
29
131
4559
1359
4
8
206
63
13
2599
22
504
3
1754
2
937
3
137
52
53
16
2169
1410
683
8
30
55
3390
3
20
15390
439
5
4
70
70803
14
4
70
23180
2976
650
179
1065
12
1426
5983
907
71
28
4
14
1692
19
1109
2144
6
1206
57
2236
861
16347
14
4
4438
28
639
4
13
47
621
19
1109
2144
170
872
13667
10138
28
429
6
2
304
8
11
4
49
347
16
5687
19
20
39
29
28
10138
14202
16
1292
1390
9
22
59512
50
25
2347
8
95
6
43
4
5983
92
15
191
3
123
297
4
1354
22
307
40
18
42
622
451
3
25
25
4
53
16
64
357
3
25
279
3
5314
4
19905
30
16
110
168
11
4261
453
8
49
347
115
21
321
1403
610
48
209
2274
49
1043
439
29
28
347
234
845
3
284
5
291
71
28
14
31746
43
208
4161
10138
616
4
7
21
1754
2
1033
930
3
1024
22
439
363
333
134
390
1197
8
1373
625
333
1298
38
439
292
12
16809
416
4
2
1654
44934
4438
1032
624
1188
22
6321
12
2267
5
22
133
3
907
5
10138
4
861
90965
2334
130
6699
2752
9
439
5
4
4438
31
13
3021
22
290
3
427
5
57
13990
28
6
2
304
130
6321
68
155
347
5
1422
105629
335
3
155
13952
294
12
936
13
47
1068
375
71
2599
158
3
19589
294
4
336
10
99318
28
11
516
3
307
294
87
10138
4
861
16347
907
1743
3
116
699
4
87
43
7
2
923
1285
3
8117
6
201
60
4
49959
2453
8
3535
559
8
489
2236
14
6636
4
1535
2176
15
67
3535
648
6
2
304
544
429
4
71
28
4
2335
2627
1337
8
20
559
14
1403
2176
15
3510
203
54
30
1754
3535
315
6
26111
71
165
196
19
43
3535
315
6
818
54
18
47
1512
9
38
1973
6657
12
2147
971
4
3577
1092
53984
67
3535
315
18
4593
430
167
4
888
2525
244
161
164
6
157
4
231
108
4
8
3796
3
789
2525
290
86
96
861
5
104
103
471
613
4447
9
48
5
43
71
28
8901
119
111
28
971
1959
6
21100
614
818
2
6340
9
2693
4
1109
2144
29
7
21
6852
6
54
133
971
85183
1828
5
238
1091
12
429
877
3
300
12
39
5
100746
10138
31
1440
6
1979
1885
5853
38
387
1460
9916
4
4649
12173
4
2332
964
256
21636
9
38
4162
315
3
361
130
71135
12173
21636
1188
38
12225
23
10138
439
6
304
429
736
4
3456
38
315
3
666
4
1354
38
5112
41587
18
5143
1422
10138
1190
170
11
14
99
533
2236
6
143
35
92
211
232
5
130
808
773
9830
3
611
89
308
5668
28
9916
31
644
716
172
162
12
238
815
27926
453
8
11
495
2
4798
3271
24
1654
437
256
7276
4
28
11
4103
2
601
641
5
343
8
186
3
2236
59487
228
10138
936
2
12208
150
214
4
92
1318
4
28
11
14
11927
3562
4
2104
8
67
92
14
21
458
3
611
1422
14377
861
5
1422
7
2938
2
4559
343
8
30
327
208
1966
21636
28
2
1422
1102
7
488
73
22
133
784
89
6
22
1832
60
5
147
7
569
1024
3
1061
8
1422
460
7
21
4270
8
30
93
3
1932
5
206
1422
14
277
4
62
11
14
38227
68
228
9
2
2100
315
3
9812
43
92
648
4
2603
9
3953
307
5
70
2236
621
2493
4
228
9
147
9
2
172
43
158
1065
1885
12
1880
4
307
5
70
2236
46
480
31
1665
61
207
736
1065
12
11253
37236
136
2100
1312
147
3
17
1371
4
50
110
3
1195
10
245
490
3
96
507
8
50
245
3732
20
245
490
2
2
172
2777
9
143
35
5
157
11
28
12
55992
6
2
304
28
11
13
90
194
37
62
20
3306
1959
4
28
11
14
1519
21982
3
1346
39
5
10138
59502
10138
3021
22
290
3
3929
999
5
57
48
231
108
4
22
2341
7
1519
24919
22
2246
427
4
8
5
371
861
16347
524
6
