163
2694
144
77
1097
2
422
2
462
2
2672
5
253
114
4
27
40
165
346
35
831
3
23367
4
341
318
199
19
14125
1269
277
8
32
345
6
2
6920
15
27
6
39
1231
6623
3
2
849
2039
59
2694
94
16
1050
337
881
159
8522
58
498
5
35
7
15115
6
2
989
129
5
253
114
8
144
7
2691
146
61
5
679
114
4
477
3
17
7030
2152
223
471
4
225
122
68
3265
2748
24
161
58
4
135
56048
77
1679
573
198
2
881
567
19
9071
61
144
223
1348
114
8
96
61
129
5
49
9012
809
27
12
57
435
121
584
1891
88
37
1444
106
3
881
24
474
408
5
22
292
8
7
253
3
18
645
60522
39
1231
3
4095
24
32
5693
881
40
18
3
192
349
3
2
2051
5
114
4
1711
2
408
5
81
24
135
2384
3
25
8
11
147
3
6137
41
65
2
2051
5
32
77849
9270
809
2
149
2
3209
5
23
275
4
8412
5
49
292
114
261
10923
196
136
79
27
56042
7
2363
6
2
952
5
1038
2370
1030
12
2244
14836
8
3436
127
85
6
2370
35
599
41
37
62
2370
868
19285
10
1959
3
180
6
264
66
8
309
5
118
1055
7
21
2
105
423
29
511
2
1698
35
24950
5
478
70
1055
4
274
492
3
13071
27
3348
592
835
8
30
16
1829
15
45
31
16
18399
13037
72
258
44
805
5
127
85
3450
259
17423
11214
883
2410
7077
1859
5
102849
199
6
27
1524
9
1862
8
2
27
592
14
4479
688
5753
481
8821
2410
7
947
32
2
129
600
5
817
4
39
249
60
100
1561
23
9575
243
49
600
23
129
53
7
42
9511
301
8
7
3155
1564
5
2895
223
162
231
133
4
18395
27
2512
15
403
8
38
756
230
1711
20
148
198
75
48
7077
1859
1561
276
138
27
2
69305
600
5
817
2
5
20
1180
3450
259
30
2
239
2
3200
1859
5
395
2
8849
5
131
12068
940
8
11
10669
6
2050
7077
1859
4
22
50
1633
259
12
3450
259
4
39
249
60
50
1776
198
963
7
10
2
5409
62
7
10
451
8
135
97
882
152
4
444
401
18
1315
3
1776
1902
446
5
837
8
143
70
146
104
194
155
239
820
987
788
36
1008
5
2616
30
16
1829
15
2
35
5
118
16651
12
5589
5
896
12524
274
4
1055
1144
7
1877
73
2
1605
10
468
43
51
108
1023
3
17
1055
465
313
3
1966
51
108
245
7
4
51
10
45
16
245
73
78
32
4
49
69
72
73
39
249
60
4
3450
259
50
6
2
35
5
3816
8015
6
7221
9992
26
784
3
599
1963
29
20
121
123
43
19
2
1135
1066
12524
14
6193
19
32
4
49
504
12524
4
11937
16
13159
6
1055
486
3
17
2
1055
7
3
178
8
76
5
57
100
45
16
551
2
2921
5
4985
17513
100
1055
486
7
4121
7340
5
54967
100
10
7
5495
1048
2
209
8
920
206
78
32
172
566
812
50
1048
1143
170
118
1055
7
2
729
5
4457
7
40
155
2
239
2
1862
8
1055
100
11120
455
119
4457
100
7
23
529
2
729
5
5574
1055
2920
3
5867
100
22
83
28447
8255
70
1582
22083
12
85
44
30
1410
8
135
97
14
4539
12
2
6377
2008
3
17
888
19
410
1348
106
100
32
105
475
3627
993
403
8
27
13
1315
3
2762
362
1499
20
9516
974
6
54
2
150
97
7
3627
12
151
356
121
123
43
19
1066
2564
70
127
85
1159
157
79
103
1085
70
12
42
210
4
22083
12
57
70
16
95
31
137
586
2691
2
70
2079
26
16
2106
19
41865
4
3035
9
81
627
3
96
157
306
285
100
2216
8
14063
7
10989
4
8
1055
738
7
412
865
5
19146
22083
12
57
435
16
95
31
2656
3
1055
5613
356
26
137
586
2691
2
5766
1499
220
1479
225
4
25
12
38
2286
15
70
150
36
4551
10855
7
5886
4
465
6448
475
5
135
97
6
10
593
729
2224
993
403
8
70
10112
3
5613
9039
34
4579
443
4
2
2
284
34
1409
3912
1976
5
1947
36
151
356
1055
1022
493
12
29401
5
150
4
4551
10855
4711
3
1526
8
727
5
157
106
9
32
4500
20
105
1022
7
239
24
118
10864
36
7433
29
22083
1022
6395
10
14
86
2
194
5
60
126
1515
119
100
36
13986
100
9017
8
38
142
18
47
735
3
444
26
68
739
3
309
4
113
2
4
22083
105
1808
78
32
791
27
114
2
4851
5
3081
14
2
314
527
9
119
1237
70
8
78
14
912
38
2081
301
78
14
239
24
118
1074
462
207
1048
1799
474
70
310
7
1902
924
3
2920
119
4680
3879
3
27
114
9
4946
7736
27
3303
14
764
14331
5
119
4457
9
1344
46707
173
2401
2600
5975
27
2400
2
14
4134
15
5099
1736
6878
5099
13396
4
5099
14070
9
5975
4
10552
727
5
70
45
50
1736
18644
38
2072
6878
10
121
123
43
19
1066
