64
42
765
40
25
10
174
33
116
51
11
44
11
44
271
1139
2698
4
6
5834
140
11
10900
142
4
483
3168
74873
45
16
4392
24
738
3
1795
3
138
27
267
7
3
14578
79
3754
5
105
79625
5
1046
567
8
1390
232
5
2134
3534
16
454
6
395
448
5
58
97
6
406
5
71
46
4
578
3361
6
259
658
101
1675
41
1750
46
7
8
26
165
1363
76
1175
6
4153
5
105
4829
2
292
12
8108
596
993
209
3964
6
201
1175
677
201
4
2
1252
6
76
1421
5
1919
356
6
427
5
1390
67556
16833
13
165
21
1646
8229
15
62
270
2075
5
3361
5620
91398
1675
1144
4
91
51
7
4
57
18
607
2
356
5
37791
3
3256
70
45
168
2
2915
69
5
2862
2308
4
24356
72387
865
26
16
501
9611
1555
4
2701
8
16
6191
5
1585
560
1160
5
51
138
27
4
6405
578
3361
340
61434
7
314
8
27
7
195
5
2
5006
5
89330
27
7
2
26011
11
14895
61
15
263
63
1726
657
9
2903
6
22
564
2
2
39
72608
2
89442
14518
9
1242
70
356
138
27
7
2
3464
571
272
105
678
3
8
117
11
1397
581
19
22
2583
102
105
895
4
95
1628
2
57
36
2053
2021
1183
115
138
27
2306
8
11
7
2
1116
36
83483
68
8381
37
22
1960
283
422
694
4
20957
164
1540
616
4
27
24244
13881
16
2580
9
22
9668
7145
195
40664
7
138
27
340
271
239
901
7
11
2
1105
5
105
5006
38447
610
138
27
922
42
327
1638
803
1307
8
22
2583
1885
4
578
222
4
58
97
41
1750
16
16962
527
5
105
92974
5006
55
123
90
729
26
55
17
9791
231
1251
356
36
57
147
4
934
12
20
173
383
70
11396
1208
3513
78198
3064
76
5
1661
2209
5
2
5006
2
50769
27
7
501
22
69
3
4238
41
246
4
191
11
7
68
2853
22
267
8
11
34
96
70
306
285
4
19
377
25
276
81
2281
9
288
14739
4
57
41625
800
4
344
4248
4
22856
46
42
8
7
714
80
41
3501
65
1938
5
2
417
118
9187
79
2
39
1947
8
1603
547
42
138
27
46
4
58
97
46
292
5
762
294
114
16
21
118
4578
198
5
401
19
22
406
27
7
1930
2
1106
905
4
1970
9
222
3
6567
38
10064
1116
6880
4
6482
2252
38
560
8414
16
118
23461
4
78016
58
127
289
94
16
501
2
69
5
623
4
2680
37
834
713
602
1972
1217
2186
220
512
4
1599
3
18253
61
144
223
2
10239
166
20
7
1423
788
3569
15
9507
9431
3
192
74
106
5
299
1165
2018
119
114
6
2
532
59
2
220
272
505
3
17
63
5
143
35
20
1745
68
3325
62
1332
1820
4
105
520
1105
5
57102
16
136
41
7094
3
2680
623
4
1329
5
6029
65
95
5
521
4
92338
27
7
2
2072
5
7341
623
4
10781
5
22
166
20
7
2
1468
5
5006
195
11
36
11
392
2
448
5
771
4
140
800
2
1154
3
10
156
2
428
14
2671
6
2
39
249
60
460
1238
23
3925
5
1493
2895
37
5006
6
143
35
171
651
53942
1830
2
5006
2
2
151
5
45
1443
570
19
2
677
1651
213
12070
19
2
7145
195
120
11
28
2226
7
8
26
55
11858
24934
4
65047
5
290
11
28
465
26
303
61
2
105867
3856
30
18
699
4
33
25
21
174
23
76
173
171
576
11
28
963
7
236
6
2
22685
20050
35
4
4
2582
771
7
4398
19
17527
42
411
3
20
651
6165
28
7
8
45
55
247
14625
174
6405
222
830
474
4
4949
1997
8
13
47
392
19
58
698
421
39
2009
358
1202
4
57
152
10
13
2649
3
364
1141
905
4992
8
7
392
53
7
42
120
1661
209
37
7883
738
16
2257
4
2009
7502
2318
5
1807
3736
4
9845
3441
18
1603
4110
105
4829
1552
105
1700
4
2
1933
70
356
16
284
5
28370
6319
8
18996
101
904
6
143
35
5006
68
3279
38
232
4
276
81
39
107
3
610
108
231
81
12
461
23488
3
5006
195
667
2390
198
620
294
333
370
2406
5006
10196
36
15532
45
34
4579
1365
333
5
620
294
3
729
2
1321
905
54
230
96
81
182
953
3
113
5833
782
143
35
7
13463
6
294
5006
232
16
3279
24
620
108
1139
174
42
344
107
9
9936
7
3
1765
4
917
294
15
620
108
25
45
55
113
5833
13571
294
24046
5
95
45
6
2
1349
665
5006
36
31
16
11288
6
2009
152
4949
1997
7
21
4
1041
1786
26
34
2814
6
105
6459
20
2738
7
228
6395
660
10
800
2
6794
3632
79
984
5
1552
105
2023
1700
4
2009
152
12
10
2583
52
27
267
46
4
578
222
117
146
46
16
6
209
16962
527
5
105
41256
140
6395
660
7
2
921
4587
9
1585
38
1456
644
2
281
105
1100
18
2302
3
3875
2
399
4556
1483
12586
3
580
15
1175
6
191
5
294
10
