17
4
7
2703
80
9396
6
67
34713
10
165
605
6
143
35
5
157
80
2
30
132
17
12
6684
5
454
680
2371
6
48
35
3
583
4
14297
980
4
3332
1780
46
4
3752
81
56
5
2
2740
46
551
9
118
31
26
16
20
7
9095
732
4
147
3
17
36096
4
273
402
16
23
179
7440
10
570
8
40
18
47
4
25
15342
66
404
202
423
7
12330
46
4
56
5
664
15
42
5
10
531
5815
10
60
3
524
61
3
338
222
904
4
317
195
510
298
8
26
821
2207
2
10428
4074
74
2
1453
4602
200
4530
1534
6003
1200
5299
107
23
128
9
43
702
257
287
2879
1484
3
93
49
3183
31968
13
47
1645
9
41
65
566
205
9
2
3183
106
88
644
58
195
807
106
3
3011
5
4602
200
8
200
13
412
3
25
15
1484
29
2
241
2
10
14
1249
1343
14
1484
57206
3
117
10356
5217
6385
4
256
7564
5519
18
47
400
9
153
3
972
9463
2
1872
200
40
18
4230
1429
24
1453
10721
4
243
81
79
2
39
944
715
8
40
17
1073
3
10272
1167
227
1952
8
1760
91
5
227
715
9
915
1848
6
187
5
1819
4
9998
162
8485
3
915
1200
6
257
29
41
25
87
200
2649
10272
1167
3
364
432
66474
224
510
298
200
34
392
103
1009
3658
99
42
2770
24
1695
4230
24
1453
10721
4
40
17
91
9
3503
427
7722
283
299
20
3658
40
21
364
10272
1167
2159
373
42
40
154
24
543
283
456
715
8
16
260
1073
3
915
38590
224
329
161
675
1400
351
15
2
2593
631
173
162
55
2303
8
26
4593
4
2427
5
10272
122
58
55
44
26
7
5737
12
7655
915
36358
982
8
30
50
458
3
1097
2
224
8
93
20
42
6
2
107
8
115
21
1899
2159
12
225
283
3
39703
670
36
3
39
348
4
420
3503
15
280
3021
715
9
144
4
427
26
147
5217
28
12
265
65387
1007
9
265
408
195
2488
1325
4555
28
11
913
265
3
862
1453
4602
200
12
442
24
53
265
34
317
3
1484
3183
104469
28
702
257
287
121
93
2
106
6
235
44
36
85863
153
63
617
71
11255
8
58
18
146
1484
1427
9
25
241
254
2581
7
72
61421
20
460
1274
17311
1160
5
3503
427
8
40
685
24
1009
4230
24
1453
4602
1695
203
1053
95
427
40
21
364
5419
5347
19
558
13
247
2
16482
6
210
5
557
580
15
4
737
10905
24
1530
4522
19
955
310
46
9
1430
2630
21
6368
78
32
46
4
84
168
161
2
39
181
24
2309
4
125
758
19
781
30
18
3632
79
206
856
259
16
1943
558
3524
12
2
3556
5
5056
625
4
399
2279
3
1300
259
819
1796
1311
36
1704
3460
3
10
543
854
46
29
3038
62
2470
251
3
123
83
259
1128
4
151
16
146
469
2518
4
558
10094
64
323
4390
3
428
338
152
19333
366
3
96
18
47
64
186
1534
36
5087
46
4
95
650
259
16
8390
18
334
52
98
13974
3
653
38
187
264
482
5
28953
54
186
3
4
414
6474
364
558
3709
5
8448
2378
124
3706
5
89513
99347
2641
40715
46
31
23
72
14
1692
12
1709
19
4
693
310
5848
3187
3201
5
4
14290
30153
167
746
2
15728
87965
6
2136
5
100454
8753
8
3706
914
7861
6
2567
70
634
3174
5
124
4
1292
4092
1330
5
6304
315
46
29
558
10460
2352
806
9
30320
46
4
5987
80
3
1018
1128
5
222
1032
624
5
4970
9
68
3229
806
1292
338
152
733
2219
376
6
8
187
46
29
21
126
68
470
83
2748
8448
806
5
658
101
195
1295
1840
1783
29
470
83
5
806
5
2641
40715
230
21
18
47
551
4
2059
5
28
170
10
13
47
91
2
2
1169
482
6
1563
504
1390
9
825
3709
103
5389
159
558
909
134
2309
10105
134
56125
2001
8
1089
1834
558
188
640
10
2211
4243
87
10
8593
2
5083
977
6
8458
11024
261
49
3114
909
134
2309
6
764
335
3
2219
8
5347
558
573
5
543
559
1883
5557
40149
2011
10
13
47
2
1437
184
3
2309
3
894
90
593
4
159
558
909
957
12
999
5
3269
428
5
6111
54
259
1743
3
17
1300
4
54
121
17
918
34
6
856
1430
17
274
3
6344
5
2
503
299
5
733
698
526
6
1345
3
40149
450
188
582
39326
51213
92
815
582
7331
14444
823
63
9
166
188
4
1215
12514
55083
4
558
582
2467
379
15122
9368
96
764
251
12
5347
4
922
48
566
1210
23
2822
4
378
5
81
18
161
9842
4
2277
1304
24
698
1182
48
29
9368
514
141
1304
258
5
526
18
3370
520
807
3
9368
1970
383
582
526
963
6988
68
4836
800
4701
6
831
335
29
53
16
57
733
2477
11573
8969
1380
558
13
2
2129
2449
4
450
703
646
6
825
188
4
772
15
382
1286
4
669
526
118
2352
6
4086
12
818
4
139
23
435
9
95
12
2730
117
5
51
77
86
