66
184
3
108
493
3182
260
13
8354
1304
11564
898
20572
60
4
37
1304
5
2020
7
260
3397
6
3
10164
213
87
5
62
136
2276
30
821
52825
5
20
561
7
2
4105
2098
3
248
33
106
332
5
378
1597
33
1094
9
20
199
7
2
5051
94
67
2979
67
6657
12
3719
2131
1157
67
3097
3
484
5036
3668
79
3321
4
67
5150
3
36383
708
4
57
3024
3089
5
7828
48
5
104
1000
3
754
160
4
332
7
1155
5623
6
62410
25
14
3
671
948
868
3257
7
596
15
95
5
33
31
28
30
147
3
317
268
13705
4
455
1154
7
25
113
301
8
19
5623
31
4
51
3155
754
160
149
18
2
282
448
5
62
3
2099
20
956
41097
982
106
468
112
542
4
1056
33
9
1426
516
120
2102
744
43
722
559
504
2263
3528
708
2056
467
35
373
6
1923
11
14
398
40795
1244
5
16557
472
11
608
65122
46991
13232
46987
68
508
2
5465
7259
14814
4
19880
7603
210
6
2
8069
5
3045
341
429
736
12
4
3279
1295
6
1268
278
2
1880
607
19
43
215
158
2
118
6
311
5
84722
269
3287
1971
134
2
310
724
466
11
14
293
1435
624
29
1083
195
68
14
1050
272
88
253
3
123
74
9
293
195
5465
8371
9154
52
11
50
1692
36
76386
5
10094
1362
466
211
3952
5
698
43
1137
163
6393
6
2590
2
2147
4954
10351
3458
37105
14814
900
3
5234
11
4
48
95
15
89
50
489
52
11
13
47
1692
11
40
18
47
14400
4
140
3210
74
3
1127
27273
43
504
13
47
7359
1431
9
153
10
14
2
245
201
1431
42
333
1632
15
974
134
421
39
10
14
10063
4
30
2
90013
16
5288
5486
2407
2765
1971
28
23
39
24092
3709
5
20
2407
195
34
19889
528
953
3
1754
559
161
958
4
620
5
386
4
107794
607
809
2
1390
9
1009
293
559
4
646
6
76
4782
1091
4
90176
28
20
14
373
669
195
3198
1943
20
205
6
1345
3
151
624
5
124
4794
46640
36
4794
14918
489
6
2
264
43
46251
43
158
134
421
39
8
2555
1083
167
544
20
153
3148
2456
6
107791
7
2
159
4639
1051
24
386
31
1910
1443
1109
2144
6
75
749
60
6
4
1127
1086
11
14
307
6
4
3248
3
278
3
1166
61
15
51
7
84
22109
132
109
43
216
5
2589
4202
89
2
2
12237
4202
450
430
9
22
564
15
13781
802
5
1617
582
5
808
2750
1140
6663
68
28
23
310
724
8
41
43
925
230
17
2685
3
386
22626
269
4
7
161
178
8
53
34
17
4
443
3
43
163
6
386
6
541
153
6663
28
29
8
335
13
47
79288
453
8
640
2
217
5
422
2812
971
102
430
19
64
242
40
7
44
8
50
37
3
972
142
5
2407
36
8
431
7
87506
39
100
6832
10718
4
4152
8623
1000
3
2644
1689
350
4
489
19
1204
1689
122
454
2
1110
12
537
1565
1689
350
4
489
19
1204
1689
122
454
2
1110
12
537
1565
2242
10441
355
884
300
15080
396
46
2
745
1689
5
15080
826
2498
216
14
350
4
489
473
19
22
1204
379
158
1019
328
10
4
3867
4
608
1530
8
419
2053
72
30
198
12
10
83
30
25
21
116
321
8659
5
62
537
6823
15080
826
2498
6444
25428
28
25
239
30
18
1428
64
337
3
178
20
14
476
41
65
2
4559
8728
643
1689
6253
4137
6832
14
454
2
1110
746
15080
32210
414
1922
37
62
3
1518
6999
537
59
42
1689
537
14
6823
2781
6832
6
5243
6832
14
6
968
15
103
57
5746
4
184
3
25428
53
14
64
1794
23
60
46
4748
72
2
1110
37
537
1565
6703
13
22
537
56
171
20
1012
6703
537
6823
2498
28
6253
6832
14
1498
19
3045
6
22
5243
4
11
1658
3
585
184
3
421
25428
7
21
2710
1105
5
2345
646
6
1146
791
10
4
1577
5886
537
9
6703
11
28
48
2343
18
47
2849
1848
9
6703
31
14
21
1628
91
3
22
1698
35
54
11
607
2
1581
2762
30
219
947
89
60
11
147
28
25428
31
877
3
2041
6703
19
320
30
219
470
299
5
89
1327
9
2
532
8
2
84201
6573
100
350
4
489
190
272
40
26
17
918
20
183
924
3
21
17
1773
40
2
417
31
72
489
480
6
2
968
17
533
299
5
100
52
26
551
91
2463
5
419
6573
110
198
3763
362
20
7
667
156
1146
6
86
2
153
6
54
2
2076
2345
6573
6823
100
4
243
244
5
57
6
837
23
2
3063
97
74
1180
2
2076
6
464
673
350
4
4574
2261
49
83
1412
2
11
822
198
49
427
537
11
13
21
47
496
1847
3
8
643
2
2076
6
742
583
22
537
79
2
14154
456
46
122
10
14
1403
3828
640
379
1003
4287
3
4170
7203
2592
5
16052
2
2345
474
312
1194
176
18
321
3
496
89
1327
52
45
6
104
1146
50
21
176
379
1657
854
7
9015
619
24
898
141
