9998
82
4
86
129
5
58
114
25
193
4
305
1353
20
423
27
972
15
202
492
82
4
596
15
557
129
5
58
31
144
101
3
915
6
104
55312
65
129
5
257
684
40
768
98
1385
419
1323
36
302
41
65
129
144
23
275
76
443
419
94553
161
915
4
419
186
65
129
5
257
684
514
3825
423
548
129
514
571
36
131
571
384
12
419
58
114
596
15
38
698
48
135
94
950
443
419
302
122
48
5
58
94
950
64
1385
419
57813
346
8
129
5
257
684
1680
144
92
297
3
1257
841
6
935
2140
129
1680
768
4
129
514
423
8
16
536
3825
36
3906
301
53
7
2
1177
1159
88
135
114
25
1680
144
156
705
145
1680
1353
20
423
30
18
1830
32
2
3825
12
139
161
6
49
1246
4
49
188
1122
782
20
132
160
6
541
81893
114
16
186
1003
4685
82
4
16
828
21
2
27837
4685
15
58
698
27
193
4
305
436
240
40
8277
8889
23475
935
3
1522
8581
782
8
21
51
38
1246
44
640
4715
1247
436
642
27
251
1887
513
2
1955
4
9994
29
800
64
188
1154
4
13
1885
1353
9
117
5
3242
715
1328
385
78857
331
2
896
5
1038
194
48
3134
3
705
229
45
514
571
36
1248
423
12
10897
139
30
2524
277
8
45
50
41
253
3
514
571
737
12
42
210
36
57
65
26
50
3
17
3825
36
11338
16287
6
57
357
166
737
14
131
3302
20
1337
8
698
1700
210
2613
175
188
423
5
58
4
135
1004
13
828
16436
198
12
257
684
23
275
3
2
503
63754
164
271
1735
409
104
258
1102
139
129
5
135
1606
144
135
94
100
648
1680
36
41
25
29
86
129
5
58
1606
144
38
94
100
90407
20
16218
323
3
114
10
490
3
116
6
109
129
5
6246
162
106
9
617
71
122
129
5
6246
58
106
9
1491
690
86
4
129
5137
3695
74
3
106
9
57
97
27644
27
1354
58
499
2
1189
4759
5
58
114
132
2709
74
36
58
97
132
17458
12
188
1444
25999
402
22292
135
94
16
606
24
58
292
65
27
7
4
27
972
15
58
5651
132
340
17
1702
3
1252
5
58
292
11
972
274
3
2642
58
114
100
1252
12
915
82
4
11
972
80
606
101
3
2642
95
114
6
22
1552
423
12
12
2594
487
4
98
6748
3
2565
9
2161
24920
57
357
27
2156
19944
5
1248
4
222
423
132
340
96
89
2
41
1102
58
127
94
65
492
94
30
380
388
6
268
1038
13451
828
451
8
27
1401
34
1711
58
97
142
455
384
5
58
104530
12
7202
30
2608
37
70
8658
1821
370
2
153
9
566
153
175
3394
4
3240
109
896
411
7
30
140
1561
332
194
501
2
50451
15123
20664
15
406
237
2007
842
237
4
97
4958
30
140
2829
2561
6370
1181
292
12
896
1415
5
253
114
5747
24
23026
114
64946
76704
7
2
5177
94
6
1215
23
5659
102822
5518
7
4
2259
23
10324
654
346
89
12
672
49440
30
178
177
5
51
146
127
85
25
23487
14
2960
3658
5
13326
30
50
11690
15
12
2
814
1631
1119
10
25329
2
4043
1312
4
1170
2571
88
465
104
1034
50
1003
2
824
9884
24842
230
44
13696
30454
5
61080
808
7708
12
20
2200
5
1375
13326
1238
171
69
90
5
104
626
1743
3879
5
3084
26
121
17
3257
5181
9
14954
5661
5
20
60804
30
116
30
584
2941
76
8065
8
1743
2954
30
40
73
67
1875
3
3684
51
26
803
3
17
1375
5
1375
4
12
429
355
30
34
3304
2
2200
2061
19
67
1875
336
112
1306
6
300
1898
1044
36
117
43
4
125
135
289
3514
12966
46
3860
6932
7
400
4
12166
13
445
784
30
635
137
2
415
807
4370
143
35
98
60
850
29
8
13
1296
521
1799
24
424
4
2245
3
13846
3298
88
4573
2134
14
3514
12966
1799
9
39
249
1416
6
20
1034
9394
6932
12966
365
177
6
51
247
2
65755
521
9131
1259
5
7083
5
12166
36
98
3298
2023
15158
15
80
24420
22
5
93990
6932
179
21
86
242
4005
10
268
4
735
1318
29
10
68
628
3
2
11229
623
223
521
16833
26
16
2250
2
3629
3298
2023
7
60575
3
534
4
9741
80
494
145
2
9380
4
102059
2
11
14
322
2
9556
5
15144
9
4896
76
5
88
19816
2035
648
211
101
3
2
852
965
10999
53
34
17
4
679
2035
578
4
10
34
17
1519
31931
17565
34190
1569
1981
201
10
4
30
219
2251
229
12166
179
15811
24312
46
4
32739
2793
5
1329
1539
521
3270
102
78
32
12943
3894
3959
6
32
2075
11690
1875
15
15685
64330
2604
61
2
356
42
5
88
9574
4543
9
2
78
32
711
324
24
42
15811
24312
31
8488
4
32739
2793
5
1329
9
159
269
5
35
24312
1016
478
616
5
49
463
6067
87
78
55
21
11115
25
12
49
2267
11
19673
56
2
3658
5
9746
2165
6
48
53636
622
7
15
49
24312
1533
