187
5
45
3187
76
359
5
897
105
6853
6
204
54
26
91
67
799
3
142
61
256
4014
25
33
1570
123
2
384
5
43
85
25
33
18
2
2953
9
32
36
27
138
27
876
15
267
23
2
69
712
23
1613
35
15052
6
4135
1613
860
109
1089
19
13725
13813
2591
1762
138
27
51
115
11
929
6
70
634
4
6
846
634
11
929
70
119
5231
3081
4
11698
100
10
242
24
4
492
36
2820
14230
26580
2050
104
45
16
73
415
4209
4
33
55
208
224
15
81
87
11
25
1003
46
168
22
357
4
297
4
1105
5
45
8
484
61
23
22
1691
46
929
45
31
16
21
311
21
43153
2820
674
53
7
2
623
5
6243
3
17
693
6
98
107
15
81
2
338
623
8
1058
674
1190
5
580
31
55
17
908
5
2053
8002
27
6
98
107
211
98
1187
5
78
32
52
33
234
23
62
311
674
1113
10
288
4
338
191
8
96
2947
448
256
4014
7
100
73
3
358
37
4384
503
133
8
13
398
33
4803
4
6
20
2139
6
1985
84
4384
13
642
198
1236
24
164
120
30
219
377
20
407
6
2139
9
1003
1567
337
8
26
16
1229
37
4077
3
3850
6
43
85
69
55
33
358
37
206
26
40
123
8
297
4
112
83
384
12
4384
144
9
33
2591
1762
329
329
155
142
378
66
7
146
4
3382
2785
3
4384
6
20
2139
87
5
43
10861
187
4
284
14
8
75
2
205
7
14
1516
6
130
3382
2785
2139
170
140
13
47
3528
19
176
859
4
2598
176
559
54
1149
92
1857
3
749
41
65
6389
169
26
2011
8
74
2
66
404
84
53
4142
176
4
53
16
5140
1640
1792
5
1193
359
46
25
8
53
13
47
859
2
718
844
101
164
6
910
5
1985
175
4384
2
133
5
169
45
4
143
2892
4
70
31
18
47
1426
12
210
25
8
14
2
4378
4
1291
148
9
4384
3
25
84
30
18
43
85
9199
85
7
6
1360
235
66
4
33
18
119
111
1329
105
2514
2
2
284
5
560
294
8
30
18
47
3596
781
115
21
3304
24
4874
5
4384
24
20
2139
36
6
1746
5
4384
30
3304
24
1101
30
3304
24
24
1476
30
3304
24
5844
4
24
2
217
5
57
426
25
8
2338
6552
12
781
7
168
130
1059
1190
4
20
7
20
7
245
7609
8
16
424
3
93
23
2
3596
528
666
4
1090
10
24
3596
560
294
8
7
5
1368
385
3
70
45
4
57
37
4
85
28183
63
10374
24127
256
4014
468
43
51
40
505
52
33
2717
56
5
20
2139
2591
1762
7
40
17
1019
1480
19
1149
176
4
7
40
140
17
8603
536
1019
109
36
3
4284
6
4284
7
353
21
496
7
18
260
47
1274
3745
30
50
21
856
912
51
40
505
53
29
140
30
116
8
6775
92
13
900
3
44
8
26
34
21
8603
180
109
30
116
26
18
8603
1161
3315
5
45
894
43
13
4103
170
23
275
25
74
128
66
207
795
417
43
13
630
3
8603
24
4284
13
47
8603
4
26
900
3
420
2
1833
256
4014
45
465
706
180
62
33
3004
15
5315
6
164
2591
1762
234
42
5
325
2920
5
399
118
7
8
26
219
16614
42
5
1375
2920
5
399
118
7
26
16
16614
26
5464
4
483
3
4413
1494
26
5464
3
118
646
586
6
1494
26
5464
3
16691
4
26
218
12
25
6
130
743
3034
7
2
1067
12606
46
20
7
108
174
10
17705
108
256
4014
10
108
261
6473
9
42
148
7
10
2591
1762
10
108
261
6473
29
7
18
388
6473
6
25
241
7
25
1062
10
256
4014
811
2591
1762
25
811
33
5464
42
280
17173
7
8
130
534
397
46
26
68
5464
26
5464
3
118
261
38
810
8
2
490
490
23430
54
26
7
706
9
256
4014
25
33
1891
37
81
2591
1762
811
7
1891
37
81
7
1891
37
38
1010
256
4014
76
45
40
44
149
206
25
33
117
10
4
551
1400
56
1224
4
609
1570
3
17
8603
3
4284
100
2591
1762
700
13
1492
79
20
668
743
26
757
205
6
3292
10464
5025
180
4
700
2919
4284
4
1886
31
101
700
146
2
1734
8
7
353
118
10460
3845
2724
6908
5
130
574
4
8
51
13
1959
13
21
1959
474
141
8
143
2892
4
4284
4
8
327
7489
10
7
4
713
1494
10
7
143
226
2925
1379
51
110
12
164
51
7
112
605
2015
9
20
44
8
33
121
1283
22
3382
100
4284
2925
1544
142
3
143
226
3
44
64
30
219
21
110
3
100
25
1293
555
38
953
3
8603
7
72
346
10
1428
2632
8
1530
37
20
743
7
21
243
56
1525
6
310
87
10
115
2480
701
492
1530
46
8
811
652
13
105
2298
10
2
738
10
21
72
180
53
2
2921
5
57
45
2
149
652
13
105
2298
5
376
64
35
1205
45
10
7
22128
36
15032
9
105
337
105
2298
