550
2558
215
28
8
64
8458
251
14
495
24
89786
890
1005
874
376
2022
326
10243
1922
133
1046
6023
9
98
527
5
2
214
5479
1847
3
1941
3559
2309
425
8
1436
50
9040
379
31
50
12
2490
23
1922
442
330
3
1024
229
26
485
36
796
476
103210
16
6
341
695
164
2
176
333
134
2309
37
29320
444
401
1269
425
8
1005
1436
50
15376
74
1640
2889
24
1922
2
149
2
5708
1753
833
5
95
12
979
1129
4
580
31
132
18
13
585
656
3
46171
14
2056
3194
211
42
977
4
103
2912
258
214
808
4
80
2414
232
158
28
2485
5877
624
11648
19720
607
95
12
979
2
211
1005
3194
2558
42
12948
103
1127
42
14453
42
709
42
19000
42
34184
42
13309
42
8936
4
42
53403
5
944
757
330
6
2
1925
6
2558
1035
5810
122
26
13533
39
5
38
552
42
2558
158
28
76
1452
24
890
500
429
223
81
1038
2291
5
1005
3194
12
979
2360
75387
466
2291
5
95
489
621
2510
9
550
23
20870
3651
3009
6
5810
76
5
81
2669
2
26
91293
95
489
50
10447
5465
38347
22
872
45538
93030
38
12
67040
5465
38347
4
12417
94322
46550
2291
32320
46913
134
693
310
7
706
155
9
7728
20
7
131
490
9
64293
1760
2
347
542
28
30
2509
9
43319
43
861
2198
414
1922
510
429
8
10
14
5282
61
214
6
1665
5
8047
7910
2
304
24
1922
874
28
26
50
5486
36
7655
1922
639
656
3
1224
6
7231
304
68
28
1385
1922
176
379
13
47
4814
3
2349
909
656
173
4
1754
3941
58500
693
310
1000
3
48506
46
33
380
260
485
5
2367
1975
8
55
19056
420
694
29
51
37
4
42918
3231
2367
1975
8
55
420
87116
1944
20068
538
9
2
347
5
378
56
5
4454
46152
39
483
61
733
228
1752
687
538
8
635
3139
12
5909
6939
538
15
19584
4839
601
5
345
3
1843
538
3
311
591
100
4
26525
45
4749
1622
2999
538
6
108
10
34
392
10
15
2367
1975
4
2
1383
8
7554
12
13224
6
17795
733
3525
368
7
2999
538
24299
100
4
10
828
313
3
524
9
2661
2142
108
384
5
44
8288
54
13
47
4892
538
24
45
4
4
3203
150
3668
1157
4
140
2339
10
142
3
45
6
6277
538
4265
1752
687
538
55
1843
1622
538
3
45
6
9101
226
15
64
147
9
30703
36
2223
538
1417
2367
1975
682
7
2232
65
2
1349
603
19519
4
55
17
236
6
4763
418
15
35057
143
226
366
8
41
65
169
45
1027
899
1622
2999
538
4
41
65
169
45
210
6676
24
32015
1537
26
68
366
8
15
684
983
30
55
913
2
129
443
6
538
1042
29
26
18
6390
9
1357
5044
54
55
96
91
5
169
5
6021
5
538
501
1622
3484
4
80
1357
5044
1042
9
538
77
68
1529
17
1118
19
7359
282
538
9724
34110
4
64976
687
538
1166
57
5058
5044
73
41797
563
4
8602
23323
4784
54
16
424
3
611
538
3
207
2734
5
43777
2268
259
24
3149
694
2
1120
6
1752
687
753
366
538
18797
213
115
147
4
620
333
5
694
25
10
55
17
236
50
1853
7
1072
36
84248
2
264
6035
6
7010
312
5
68159
4384
2
1081
3046
14
458
3
2305
1622
538
9
99
60
261
454
3
6255
10
6
15
1498
46
4
2598
5745
286
10
3733
2513
6
4384
53
7
334
30769
538
753
13
1943
4
80
1457
418
9
2246
28
46
105160
2367
1975
16
118
236
6
2907
733
366
1975
34
248
604
1059
6
133
1679
6153
45
31
1027
18
64
656
3
1622
2999
105163
1752
687
538
7
1516
6
2
9584
418
38
2367
1975
230
68
17
1960
9
1163
409
43
31
18
47
2999
77435
538
91
3
8981
1853
4
2
105
698
31
18
47
4810
3
1603
547
4839
15
39
42
525
15
2598
538
4784
12
6939
103247
700
55
611
33
694
4
2999
538
53
7
334
147
9
2297
72558
4
6657
993
5870
92
4
955
1820
20
8085
1519
77
24299
538
9
89984
463
104
39
2367
1975
91
6473
3
392
1622
2999
538
24
603
7
361
4
555
333
33
18
2421
3
6658
20
463
203
2
3362
677
1314
15
6156
3
8394
23631
4
102521
52
33
259
2
12327
982
125
2059
4
320
5
463
3
109
806
126
264
9556
5
814
885
125
3969
855
3575
769
3
781
4
1988
2591
1762
14
400
15
3753
640
22
264
3816
54
1292
577
89
22
1236
656
152
769
14
1867
1065
12
644
1362
3241
508
2
10886
31
897
3
17
405
3062
5
557
135
150
369
125
4
57
799
3900
74
1308
19
781
4
31
5899
14
908
5
6798
15
204
544
270
75
2
103
153
2584
10886
15425
15
2
259
12
22
2268
6
54
11
1532
8
11
13
294
24
958
227
85
1579
184
3
54
162
132
4806
85
11
140
2
20
132
17
451
87
5
3213
6352
6
6176
703
19
529
10
840
6627
24
958
6176
162
132
4806
85
7
100
73
3
2991
33
8
162
132
4806
85
