379
3019
19
4
529
899
3097
3
3273
2176
1318
5
67
215
297
6
8
818
10
1735
8
53
16
2
3646
217
5
257
379
31
370
26
1270
155
166
15
38
3623
5
43
188
811
42
115
1466
8
7
25
18
2
448
8
8
3623
7
118
926
46
7
25
242
1544
3454
6
39
249
60
46
29
1170
1144
7
4404
59
95
379
16
12
1980
2490
4
51
30
93
472
5
376
7
20650
5
11383
37
454
325
1305
6
108
4
325
215
8
108
13
367
388
4
321
4
3151
5
470
1630
4
4
3151
5
10320
1179
46
5
4768
577
6
183
368
51
7
112
384
2
2
1270
1604
5
67
9687
12
793
5
589
5
432
2976
46
6
4688
461
11334
55
33
16
434
4
660
6
20
194
75
2378
340
455
117
5
2378
7
121
44
59
63
1909
7665
2645
271
11
7
9
5306
105
337
660
14
3
3552
2153
5
553
1305
4
3
292
70
215
213
12
354
5
2
1604
1305
25
30
392
51
1835
5
20
1790
40
18
228
2
867
839
1835
5
20
1790
2197
867
839
2
2
1211
1182
4
4007
9
2
58
729
5
92
29
8
51
30
7
4
962
9
2
1088
5
60
168
3
70
45
1750
876
1064
8
317
24
2
553
1305
3
2
1604
1305
10
819
73
30
50
502
201
734
9
246
4
10
828
1300
2601
24
553
3
3321
56
150
214
3
2
722
674
2
39823
434
5
9246
30
50
631
37
544
1981
5
376
75
59
189
252
20242
46
11867
42
1144
1319
124
14
517
59
10
14
103
1144
8
386
124
40
17
517
1529
19
2
1855
503
163
46
23
8
173
329
44
30
219
631
30
2263
346
1903
1262
6
104
103
124
9082
2
182
41
1305
65
30
18
4
2
182
41
1305
65
30
55
981
52
4100
12
2027
25
33
380
295
196
136
124
196
281
3661
51
25
33
25
149
7
113
2953
40
18
47
3
484
3
67
3137
767
4
18
81
96
61
841
29
67
767
50
536
4810
36
2160
3
2700
1670
26
219
72
21
12
9
81
2
182
5
51
30
18
46
149
26
219
21
12
9
10
4
26
219
68
340
46
846
1047
16048
33
116
1938
8
53
7
2
273
1149
839
36
2
273
1005
839
36
2
273
1626
839
8
55
4221
43
163
7
551
64
752
187
1932
368
7
52
33
380
295
196
136
124
4
196
281
3661
33
2700
1670
19
4004
11334
54
30
7
4
54
723
56
3
17
21
613
1566
4
3
434
1002
7155
122
5494
2454
554
577
25
30
117
61
15
20
1519
3434
743
54
285
1663
116
37
4
321
469
13161
3
30
219
23
3925
5
386
124
4
3925
5
1319
124
30
18
41
2976
6
95
4279
65
30
25
1305
10
7
1519
4
5470
209
29
10
2
209
8
859
2270
115
323
6
98
3932
105
448
2
2
3594
323
10
115
323
10
115
323
98
41
65
454
23145
2314
52
33
44
3
932
70
25
33
73
23145
2314
64
29
8
115
3095
79
76
1026
5
2567
2104
8
7
110
3
284
6
2
1449
779
25
33
73
454
11334
64
29
8
115
3095
79
98
2104
8
7
110
3
2340
8
1031
17
26171
6
8
448
10
115
20856
10
323
1602
139
13
64
7107
25
33
1205
4
7
1718
33
25
29
7
635
123
10
9
1916
8
30
244
6
2
8852
108
42
15
64
1515
7458
226
2379
536
107
51
40
2
5051
70
1370
5742
5
6
112
384
130
4492
3252
7
21
98
282
65
2090
765
29
130
4492
3252
115
44
8
30
16
1249
79
2
5823
1373
316
46
8
2
30
1108
79
20
1242
1938
5
2
795
5793
34
689
1112
1504
5796
10
370
13
51
16
110
3
17
5222
149
1003
43
30
34
469
88
921
226
6
108
29
68
6
99
6866
539
584
1442
2181
6
10
4189
107
730
4189
6
448
8
10
13
2780
288
4
1769
7282
29
1504
3097
3
91
490
191
53
7
2
373
6866
5
57
226
650
384
34
18
3
17
533
79
641
46
1185
204
1926
46
4
1684
9
4482
359
5
4424
8
146
1242
156
2
3174
659
6
953
5
104
363
226
3
981
76
9421
5
3356
3
392
4
316
6
54
332
7
5997
3959
8
64
42
34
6535
3233
10186
8
2
1002
567
1318
5
306
191
6
3
1500
38
8852
316
7
1259
5
51
1359
34
8791
52
30
1845
3
392
2
39
8852
316
8
13
76
9421
5
3356
4
5
376
255
53
7
24
2
43
173
5
384
10
3460
80
3
1235
8
156
2
108
55
1679
830
33
396
80
91
8
357
958
7001
64
4
1541
62
831
10
7
3
80
18
2
1110
37
8
136
186
46
4
57
148
110
12
164
8
3
180
7
273
868
149
103
273
868
16
46
103
273
139
289
139
46
16
2446
5
2
8852
316
4
68
1829
15
1684
5
4901
754
160
8
120
1942
45
147
3
17
2532
38
769
4
321
30
346
1903
