31
13
522
74
1984
66
25891
2357
3
512
26
7
2495
46
1722
1279
3
1227
595
9
2
241
1465
36
2
439
1465
35
7460
753
1087
52
48
5
908
30
3
1725
2217
213
54
7
1448
231
3937
588
40
1462
4
20
7
206
1725
1465
16
4273
10
7
206
166
702
3909
956
38
3071
3
1205
2
3937
3443
1725
16
2
15066
415
849
3
908
25
21
25
20
10
7
14423
5
279
5
545
11
5384
6
1086
95
31
18
6117
1465
16
1722
42
31
3625
2
1725
122
1419
4
921
613
95
693
15
1450
4
493
16
458
3
1949
851
3073
46
80
59
38
512
1894
169
5
45
156
2
95
7013
6
554
2806
46
1237
229
2357
36
21
848
944
3
20
16150
213
2
3242
6144
52
33
16
1237
33
34
17
93490
6
4
44928
1870
24
2
879
36
312
120
53
16
64
262
168
176
1489
826
1962
4
212
995
79
1086
4
52
33
16
1237
87
33
25
18
98
246
9
5596
605
441
33
34
522
1465
8
16
568
752
65
95
9
3209
512
2379
765
6
10921
108
174
118
1237
13
247
2
512
4
20
96
687
4747
88
3857
658
101
139
5
67
20
17
88
4653
85
44
6
1265
70
352
48
409
226
391
16
118
349
12
85
44
91
3
1565
623
4321
391
18
47
131
973
2
360
1880
87
26
55
6002
2
182
5
45
26
1722
18
182
5
3677
4
597
6
543
116
120
26
16
4
55
1722
93
3
81
2636
1529
29
84
53
7
2
273
578
3
1300
360
24
391
36
3
1730
391
83
12
85
44
25
8
397
16
21
735
59
360
123
236
184
3
421
39
360
13
47
1300
36
3534
18
47
4529
12
85
44
23
391
6
2047
3138
4753
39
632
742
1331
1267
4
2322
72
2
903
44
404
7
336
15
33
2
1186
8
277
8
129
5
48
70
16
1229
37
581
1352
12
85
44
4
48
5
104
391
2400
7
72
190
527
5
62
12
2039
136
5
684
7
2
30
997
355
90
158
16
118
131
1888
37
209
8
391
16
118
1730
83
12
85
44
87
26
16
2250
5
85
581
579
154
24
421
39
174
363
391
409
226
18
516
3
349
12
85
44
74
623
5
451
581
6
8626
9827
24
6249
24
4174
1246
8
3891
69
1455
623
7
12332
5
85
1614
77
3771
79
2578
4
80
581
6
391
8626
9951
545
52
2090
55
10
53
4
44
26
25
113
20
7
2
4229
85
140
26
16
1721
136
769
326
26391
21769
3138
176
582
28
298
22
543
13
260
228
198
3534
12
1986
4
4
443
176
1527
34
17
1047
231
879
4
261
2
967
360
1880
16
3906
809
8
465
18
334
36
64
214
30
18
47
5476
3
18
13
156
1929
85
6
268
29
30
68
147
3
1366
8
60
18
160
7
178
8
53
7
2881
6
51
2123
269
5
35
2628
11305
134
523
174
53
7
2
594
72
73
23
2
4231
8874
343
36
57
166
2191
8
30
7
18
36
66
404
28
2123
269
5
35
2628
11305
9400
5
150
1648
5
6698
5
35
85
369
51
52
480
1400
6
2
987
1880
15
2
13536
1198
36
271
52
8
505
23
2
391
140
8
828
3272
48
10
7
110
3
123
7
2
795
1146
3
160
622
329
43
403
8
10
7
21
20
85
44
59
30
137
271
73
8
190
337
206
987
1880
16
203
443
2860
20
85
1614
7
87
5
594
37
85
1230
20
7
271
8
138
27
13
8937
3
1214
12
69
1455
9
1430
72
803
51
11
134
2
712
6
1331
174
30
25
14
3
689
4
85
87
33
116
51
7
631
37
27
134
4
2984
119
787
6
29833
862
544
20
205
87
33
116
51
8
2
273
273
255
4
1601
14
3
358
37
10
1601
13
4125
3
358
37
10
25
155
4
790
104
987
236
4
5
376
181
16
260
6366
6
24
231
133
5
273
255
15
360
1115
6
2047
20
153
42
94
2054
576
2
1115
6987
22
106
24
58
3
162
174
341
360
6
2047
295
198
3
2
7224
483
473
2
106
118
1162
9
58
94
50
5857
79
106
9
162
58
35
1102
94
1697
9081
30
3
106
473
23
27747
166
4441
7
630
3
1162
2
106
9
2125
4
472
10
1162
106
9
130
895
9081
28
33
77
1327
130
1066
2
183
148
721
15
2
217
5
237
59
7
630
3
106
9
2
58
4
1115
1850
2
106
9
2
162
6
1345
52
33
319
61
15
130
179
12
288
1462
2268
140
33
260
116
8
2
217
5
114
83
6
598
18
425
8
38
106
50
3865
24
138
27
3
78
32
149
10
484
56
8
95
360
1115
477
3
18
2
1243
3
32
479
174
184
3
20428
733
31
420
1532
21905
360
1115
7
2
10113
5
2086
151
2086
151
7
2
372
812
3
32
479
82
1350
6944
670
6
82
59
10
14
1247
1705
5
143
35
360
1115
36
714
670
30
3
