1059
39
3103
34
17
471
86
4
86
123
1958
23
2
60
80
140
26
34
86
17
458
3
942
9
2
4011
5
793
153
23
2
60
10
34
555
349
3
15954
43
1183
62992
6023
24
120
422
3055
1733
1636
3
4
24
1985
2
896
5
45
18
47
5250
170
559
3
16399
4961
28951
6
6315
608
12
473
736
122
88
18
47
6791
3
76
12280
3507
231
1101
61
3
41
16
486
3
18
11860
351
5833
69461
3703
2
232
5
1101
266
9
1905
4
32365
5
1958
28
217
6
890
13
350
61
1876
3
2
1085
349
3
16452
5773
6
464
5
890
11
134
21308
39
1545
30
380
1126
24
103
589
3
258
589
6
103
44
15
6319
5
237
46
12
558
4
42813
127
2347
16
3135
1295
6
236
73
452
39
632
4
413
673
237
7
68
470
198
12
338
80588
483
15
672
15
557
169
672
2583
78
32
7
107
805
5
57
595
19426
86
739
5996
6
860
4
11
1475
30573
46
286
11
313
3
17
9106
61
20
153
10
2
4333
3263
5
49
737
12
105
39
1089
24
49
1636
4
179
3
5249
225
4
1376
2
149
2
347
89634
14
12
672
8
11
945
886
2
38655
411
3
49
264
125
4948
12
647
7
14
166
3
137
130
125
7
331
35
3
307
81
26
28
26
34
937
81
9
307
2
850
2
451
8
1475
495
41
65
1954
20
153
11
295
41
105
5395
6
12
111
58
779
4
3847
2545
8
265
7
2867
12
2
200
8
40
392
2
715
9
399
4602
944
4
7
2320
3
1365
2879
1484
3183
2
702
66841
866
457
5
1854
7
470
345
12
558
457
629
1128
13
169
73
4
45
50
631
37
89
2
5
23162
22
558
259
11
55
17
388
405
5911
4
12
105
1413
11
68
1243
3
463
4
339
3411
11
1468
6
4
20027
8
2334
22
384
12
1597
24
8092
2796
3
2879
1484
11
68
3414
22
595
475
56821
10
313
32
7
80
6
868
12
558
11
115
18
2
6875
558
1128
72
2
1597
1128
15
41
65
73
8
165
41
65
827
189
80
286
11
477
3
17
377
48
101
148
46
501
4271
20729
542
73
3314
1347
4
3229
5615
2003
1245
4
11097
1089
5
22
2625
4649
189
4
22
872
56412
6875
166
1128
77
21
17
277
9
76
46
823
63
1140
927
159
1979
636
1656
3054
36
159
1331
117
1987
3069
46
90
13
41
65
42
6875
641
9
482
117
2597
1422
31
13
28
11
34
21
296
13
103
672
1917
18144
4
61282
42
7
49
158
672
641
2
387
5
2170
4
57
7
49
158
520
641
6
54
11
607
1313
2
387
6
42
1089
11
2521
2
6950
19359
4
6
57
2
1668
19359
841
6
234
7
5721
29
11
1159
825
46
12
42
641
11
1475
356
4
12
57
11
3792
12
88566
217
25
239
5846
6
2834
3
641
8
16
395
273
1564
12
558
36
672
137
10299
2526
169
36
63
71
169
2583
29
237
7
165
5091
2090
868
46
25
235
306
338
94
230
72
17
42
201
1475
36
896
4870
157
2260
92
4
10
2905
2258
13406
19
85
20879
19
2126
578
820
1097
5
141
19
256
978
11499
318
109
270
1082
3
896
4870
6
43
55
17
2420
19
5791
605
242
8335
4
10121
19
233
63
36
45
20448
30
18
2
1387
92
30
18
2467
474
67
92
4
105
213
174
2
13436
17462
151
6
20
133
1024
3
1546
67
1103
4
2610
2
15324
35
174
344
173
3
1062
37
20
151
7
21
10
2023
29
10
528
174
10
1838
3583
9743
7424
3
4365
67
92
174
20
151
174
7
17832
1343
3
63
233
1183
212
10
7
4180
29361
46
387
1226
8461
381
13406
19
85
20879
19
2126
578
820
1097
5
141
44
10567
3
157
2260
92
2
21560
4400
5202
5735
8
7
1403
4922
4
10707
19
7114
158
31
16
6
1465
438
133
20
2260
92
929
3389
322
5
2
92
8
13
64
1036
9
574
5
10
5677
64
323
54
94
192
127
85
20
2260
92
7
164
3
942
962
2
264
799
19
221
1652
20
2260
92
46
68
2206
3
2
1616
151
46
132
149
18
1596
2
177
6
31
34
192
119
111
20
66
3
17
4757
301
475
63
34
340
8256
21
42
29
103
2260
92
99
2260
92
2206
3
2
9925
36
8973
5
92
7
146
61
5
7114
626
31
18
47
3044
3
296
92
6
343
5
2
4424
9925
7
2
15360
6520
1645
9
101
2057
46
2
430
167
2
1125
1907
4
288
5125
46
3
611
10
56
5
2260
120
10
1838
80
84
59
4
52
9925
123
74
176
35
34
2552
3
5124
141
321
10
7
373
2260
92
46
68
2206
3
2
1037
35
46
8
1363
1189
447
3
574
101
84
5681
5
7114
92
5157
1450
2976
30566
4
27596
31
16
340
791
350
405
1303
20
92
474
2
92
7
280
337
30
45
18
64
280
302
74
67
92
1037
35
54
1838
184
3
10
83
12476
2611
2118
