770
1738
12
2
8451
1096
6
7023
989
869
5
342
17899
192
4
2367
4
377
25
207
66
9
59749
451
811
29
23
2
856
173
8
461
689
136
1874
271
8
40
633
399
118
3
946
4
3750
160
38
2567
1456
132
21
1834
141
5
4639
29
10
7
1598
398
51
30
116
37
399
118
1082
9687
4
105
5928
20
7
51
7
370
228
3384
3280
5
754
12463
194
7
31
7
1390
9
16377
699
37
3112
405
104
1934
7
10
1100
83887
71381
437
5
39
754
1288
1266
2
2435
411
3
66818
113
53
2
201
1067
5
699
6
20
4304
2627
1561
29128
91
3
981
104
1934
16
21
1389
3
4112
3124
36
80
4355
1099
26
62
51
1179
284
24
2
994
303
5
5076
26
1861
38
3112
7667
6752
1023
3
116
20
29
105
9269
5
9272
7
2
547
2
81769
4174
1805
12036
19
13086
1034
25
62
8
11
12
3
271
33
55
137
76
5
95
1805
12
4734
55685
4
3377
3
754
160
96410
2
281
16
72
2698
4
10933
73
200
336
5
754
6580
31
20187
6
15
754
6513
4
57
15288
31
5288
7209
692
5
754
160
4
653
102
297
3
1257
2294
12
13955
4
29223
585
8
7
1737
2142
5
51
13086
39975
1406
19
6
130
384
2360
173
31357
93456
4
969
13212
161
2340
8
13086
7
732
8
5801
832
7
165
4477
40822
25
123
8
2
1046
6141
5
13086
864
286
182
5
148
16
4477
451
8
4156
633
7319
3112
37
2567
399
1456
73
44
1895
18573
188
6
322
5
921
8916
385
28934
409
2760
4367
9
568
4
68
90
14337
1155
5
14164
194
7
21
229
5801
832
1934
1834
141
5
1677
1008
29
229
26
16
2435
398
51
30
116
37
399
50770
21
245
2
2304
2279
286
7
10
13086
96
183
1437
59
11
863
754
188
5900
46
8
60
7
438
56
9
5801
832
29
30
55
165
96
10
52
30
309
84
46
7
2
2304
4097
64
10
132
17
2
4097
29
10
21
2
2304
4097
64
2832
5
1008
828
21
55687
55
468
43
51
399
5
16
2175
5
30
16
48
12
8
853
395
2820
8439
4
2
1583
5
352
356
4
288
34
17
72
2
344
3
8
2279
2
98
1583
5
1677
55233
1327
1100
14
3
948
188
2576
4
629
46
75
48
26
7
2365
8342
3112
26
16
101
53
6
16672
9
580
71918
811
7667
188
871
2274
629
121
96
314
3
81
912
3112
633
3
981
5801
832
1179
4
629
121
17
2285
15
38
5112
37
95
49190
2
1015
44
104
44
629
3105
1033
356
26
48
18
2454
3243
3
666
3
6377
4711
3
1205
5801
832
809
12
42
435
122
3262
8
593
188
1559
16
5596
36
230
76
44
17
5596
12
57
3
25
8
26
147
416
8
1330
7
165
474
93804
7
21
2
629
12
1028
14
3
468
22
36
49
5112
30
821
584
260
5939
67
600
3
1227
3066
2336
29
52
30
179
245
490
4
3540
67
244
3
434
30
55
2409
1257
80
901
2336
8
5878
67
8621
4
13086
7
101
8
1100
18
131
334
3243
3
468
9848
699
536
26
55
2502
3
1677
1008
4
1307
5
5801
832
9
859
2
1067
752
7
40
1327
13086
623
8
235
273
148
235
1989
1453
79223
3
888
5801
832
809
7
110
3
17
2367
4760
2103
5873
10247
52
26
415
134
3
1561
10
51
55
1100
25
26
2548
1561
4439
2
209
7
8
64
42
13
136
3243
3
972
572
39
1848
6391
130
1580
4853
30727
399
16
1073
3
1368
1190
2587
2137
613
12
222
117
5
3521
3498
46
54
7
1524
48
399
317
59
26
488
10239
36
203
447
46
53
7
2
921
14986
9
519
8
148
16
1879
3264
8
213
7
400
73
10
1192
3
8
593
35
5
1091
7
325
1131
36
349
35565
17
42
3723
8
64
148
16
21
3264
148
16
2611
455
1907
7
3990
6
98
338
39156
46
613
170
6
88
45
576
95
19089
37
117
5
108
16
445
732
4
2513
58454
164
30
16
209
7
12
67
593
6295
6
3151
5
3066
39
754
188
30
16
2611
9
61
3
5801
832
4
928
875
19
117
5
1242
8
34
17
12
98
314
1569
5
1131
416
4901
30
16
2685
9
1907
46
3007
811
29
103430
2
90
754
755
16
84
2251
8
5801
832
7
4
9242
809
8
10
260
929
3460
2085
30
16
1451
2
743
6
54
4792
2931
80
3
5801
832
633
7319
188
4
1383
23960
321
108
115
477
3
17
1172
53
64
273
3380
447
754
160
317
25
3007
8
10
905
7
3469
2691
168
7735
4
2616
10
3030
691
898
1753
84002
45
14
3
485
8
53
403
5
5801
832
629
14
3
44
8
53
403
5
5801
832
59
331
30031
16
165
458
3
981
1934
8
62
5801
832
4
1601
14
3
17
42
3
3055
6
5377
52079
1569
103
1304
62
108
784
12
10
1049
314
50
110
3
1818
3164
287
7
7
1818
48
5
104
94
11
134
390
19229
21407
442
12
39
44
3164
287
117
