10
48
57
124
126
4
170
11
44
63
71
14
732
21
3
1935
1148
971
12
278
6
11
1439
490
9
3497
5
18804
6
11
1232
2258
92
6
5208
6
11
13
1521
5416
4
30901
5
124
6
1319
11
14448
1611
119
111
4543
9
124
12
386
11
115
21
6256
3
142
91
5
2147
9
1943
936
11
13
2524
1521
215
1908
5
546
11
14
21
6070
3
3473
23
936
5
18804
11
13
21
6256
3
2991
8
11
77
10992
250
11
7
3184
3
9873
204
11
914
5010
2
215
2258
6
1078
11
13
554
144
5
1060
4918
4
90
5
38
238
1978
11
6475
2159
23
35
216
12
2339
537
3
709
1213
9365
5561
143
916
6605
12216
4
3352
48
35
1607
362
3
1928
3
32
479
11
1232
63
200
32
124
4
191
5
63
3
96
124
261
233
11
13
1353
9
6229
1145
6
278
4
9
2
64
3492
1464
11
1232
2
956
6
386
80
126
63
189
7
8
72
49
124
255
51
37
49
2266
255
1086
255
7308
255
955
506
255
955
1836
255
754
160
255
1147
255
338
214
255
2014
2450
177
733
24
4110
3623
6
316
3
5701
14055
2009
366
8
78
32
13
3107
1193
45
7
403
11
7
5005
2450
8
31
7
14
2
1784
6
582
7043
7043
7043
140
2450
10560
1439
3776
8
78
630
3
392
4626
36
23
275
2801
1836
1112
8
7
6
6
209
2
7
485
457
9863
468
10
4626
1529
517
144
5
32
744
151
29
11
4195
10
9
49
955
11010
4
981
30679
17323
8
14
550
12
4079
29
18831
6
190
729
66
394
2
887
11
489
4626
140
13
21
1232
10
170
4
115
21
1178
10
84
149
11
115
1857
6
432
8
10
86
148
8
179
2
49
1043
1615
19369
56
6
166
29
2450
366
8
87
30
7
392
2801
1836
6
30
48
18
1576
5
169
12
67
435
169
894
78
40
18
888
13
30
329
49
2450
2195
16970
51
40
10
17
73
52
78
32
7
3583
1055
1062
8
2450
4
90
57
7
2661
183
148
15
71
1038
66
404
3
988
32
25996
2450
671
4
3337
3411
5
49
947
2
381
23
406
6
54
11
115
21
22
23
98
423
12
98
139
5592
1165
301
2450
3544
43
8
78
32
7
1434
11
3529
8
9974
532
59
57
2007
13
2
600
3
296
20
108
4
3752
76
7221
2
84
468
180
982
2313
108
52
112
2
7
3633
19
2795
400
9
2
1434
63
34
33
488
282
37
10
62
25
33
73
2450
5431
300
1075
22
1538
30
219
48
70
101
2450
5820
7
8
32
34
3287
198
2
2192
4797
5
526
316
72
1544
233
56
5
92
46
526
316
377
148
73
3404
48
3986
717
4712
24
1086
1019
271
280
78
32
40
768
6
207
107
11
77
29
59
11
296
9
63
2450
44
11
276
1663
361
717
7
468
33
32
2
7
100
73
3
137
11
867
74
2
13389
1174
4
3601
20
7
112
1332
11
44
22606
7871
10
79
3854
15
2
18425
20
7
112
1332
361
7542
6845
6012
649
55
959
1124
16968
416
2
565
4789
15
33302
1620
27667
359
1124
2687
12
5199
12
49
573
1315
3
3490
10
19
6784
7542
6845
3519
995
12
3042
418
23
99
59
49
1412
1974
11
900
29
140
11
516
3
276
10
2
666
75
258
372
11883
1124
2283
4
332
60
10
14
80
901
25
11
516
3
976
1160
4
739
501
3057
1411
735
2652
6012
649
472
5
538
4
7542
6845
6012
649
13
8570
41538
191
54
7
206
11
2541
5717
3519
995
1939
3042
418
27309
49
45532
91
86
90839
5524
7404
4
11
2541
81
86
23
330
33
16
918
3
91
57
7404
13904
72
2
2
9522
102
19308
3451
474
6746
418
9
1430
33
55
91
56376
1859
17369
5246
2
149
370
2882
7
349
33
55
172
501
13904
27309
218
6784
3556
5
7542
6845
4
6012
649
29
11
68
2541
5246
3252
17369
6
44865
4
2183
10
3
359
2
2
284
20
7461
88951
5
7542
6845
3
33302
1620
27667
2052
820
359
2019
321
190
80
282
1154
9
20
1370
7
4208
27309
218
6784
20
7810
3
49
1010
9
44
4
945
565
14
1139
361
24
359
1124
4
2882
18293
6
64
60
33
55
599
38
460
4
1346
41
37
2034
11
91
19
579
20
1243
80
286
20
359
1124
7
1183
2460
2
22415
55
17
10
55
165
218
4257
12
359
52
10
21
3707
3490
52
33
7
116
5232
86
5854
6
21095
1655
54
96
7542
6845
4
3665
1154
170
10
420
86
21157
1655
2987
290
4
439
460
17699
881
644
4392
4
762
12
1481
14
4789
15
695
3928
14621
1124
54
13861
79
1642
418
4
850
2178
6
695
8266
11
14
1192
3
17
2759
37
10715
11
816
3
9841
6
363
153
59
22
12
1094
89
3
666
363
2782
8
77
2918
46700
12
2
8570
446
80
286
11
2317
54148
10
208
1452
25
11
91
7542
6845
4
51500
81956
472
5
10025
14777
11864
2078
5525
121
555
1124
1620
1607
25
8
26
