144
81
4
580
765
31
14
101
1301
4
669
2766
6444
10597
1344
11
108
88
8311
991
36882
31386
709
6885
20125
14
1471
1719
5
700
399
101
1133
122
204
13
47
3633
56
14704
14
5616
19
5793
5
659
3
4595
1589
9
7809
2743
124
5
5613
3088
4
991
160
6
278
124
97
7
12
647
3
3792
5
955
152
82
4
78
13
80
47
612
321
48
740
3
172
794
50
2257
19
43
4
1006
4
6802
2939
5
604
45
7
204
3175
386
4
959
42
169
45
115
204
18
2
1189
1398
5
10
684
405
1760
65
98
57
133
6
108
7
204
3987
4387
75
9256
10
63
16
263
176
918
3
2963
397
3
439
261
623
5
9316
7
204
2406
10
4929
66
5
2
1083
124
102
45
5
5979
48
5
104
512
123
236
6
36
23
1524
5
143
35
321
601
163
5
1391
4
748
12
108
737
7
2599
102
204
54
1112
10
9991
55
21
514
2
6895
3
157
6
3992
399
101
551
243
78
32
327
17
1336
2
592
5
306
5322
4
98
924
3
366
2
2171
837
2442
19
2
78
32
711
55
21
17
7497
11
4
124
97
18
47
5582
400
455
2
934
8
6017
3280
4
692
48
290
12
1028
991
160
7
370
285
38
2736
12220
4
26
403
3
96
10
2
738
102
204
557
207
366
5
263
1309
377
7
2
659
2
5992
1389
3
243
70
6
2
794
3326
4
689
38
623
5
342
12481
10
7
314
52
32
4
798
5
5397
3661
340
1366
26
16
8318
8107
3465
714
26
178
8
1726
657
34
17
1529
1439
231
59
48
416
173
3
2902
991
160
7
370
285
38
2736
12220
4
26
403
3
96
10
2
738
102
204
14055
1674
5
3849
6
127
85
4
3791
948
12
204
2
3028
434
5
2336
6
278
16
1389
3
35237
166
10
7
4
406
547
9295
54
96
124
21
72
3310
29
819
2
6123
2162
1211
16
1426
56
8984
955
152
186
19
1458
73
39
249
60
4
197
259
16
725
4
456
6
1333
2972
5
263
31927
399
101
790
4
57
528
31
299
412
37
1494
1285
19
143
35
4
10
767
16
68
1568
38
2162
564
5
3099
235
991
160
944
204
182
10
389
12
143
226
399
101
1133
6
177
87
5
70
1020
4
166
815
2432
24
399
101
2455
1703
9340
7
84
8029
19
709
1213
709
1213
7
4
2947
7775
8
715
2382
430
151
31
434
604
439
709
16
3155
24910
439
4
9549
6
1739
196
29
26
16
70
767
25
53
7
334
941
3
38
10031
2195
6482
138
27
13
47
1960
3719
9
78
32
8
7
206
11
4
798
5
135
97
792
3595
89
2
38
970
11
146
187
9
7599
3422
35762
864
4
22
6495
304
37
4482
8995
15
204
146
89
80
41
3179
1458
73
39
249
60
4
197
259
16
725
4
456
6
1333
2972
5
263
31927
143
35
4
10
767
16
434
5
278
1779
38
315
3
3497
63
1212
392
2
2246
1907
1135
15
293
4
1109
7081
1145
31
552
3
8033
198
573
9
3663
239
24
118
434
5
4424
204
274
10
2081
3
431
1074
9
378
66
26
80
146
11369
3
2429
1212
2939
15
143
35
48
740
3
172
794
50
2257
19
43
4
1006
4
6802
2939
5
604
45
45
5
389
1575
16
118
14359
19
70
767
29
42
40
116
8
19
1569
51
893
9
2571
6
1458
4
12
1334
70
564
6
3652
7
2831
1936
36
7
2463
2
4
315
3
789
1092
684
7137
14
146
6
43
4
77
117
52
20
92
697
10
3
557
207
366
5
263
1309
377
7
2
659
2
5992
1389
3
243
70
6
2
794
3326
4
689
38
623
5
342
12481
10
7
314
52
32
4
798
5
5397
3661
340
1366
26
16
8318
8107
3465
714
26
178
8
1726
657
34
17
1529
1439
231
59
48
416
173
3
2902
9153
1391
315
13
773
3
12733
1006
7
20195
925
12
204
614
6
2
314
6754
321
657
7
4586
572
756
11
7
28
3
17
9492
426
8
1166
6
2424
22
226
143
35
96
4714
366
5
263
124
512
640
454
1576
12
10
435
759
399
101
790
16781
37
8304
1212
154
2285
24
119
111
4
35
216
4
18
412
3
25
15
594
9
604
852
6
38
2672
66
5
1239
138
27
13
47
1960
3719
9
78
32
53
7
64
3422
1309
175
78
32
4
138
27
11
7
1403
1232
19
124
97
6
49
478
9
2
41
7777
238
188
8
3434
461
242
439
4
9549
9
169
41
45
52
32
192
6
2
3348
11
327
17
1336
2
592
5
8
5322
4
98
924
3
366
2
2171
857
5768
45
327
276
38
106
3
1425
97
1813
5
3395
2761
4
11131
10171
26
16
1074
6
5453
4210
5
4
6507
133
4
10
2960
124
143
35
7
88
1130
133
6
108
52
10
13
2
4802
4
124
5768
63
447
247
5819
8
7
1684
30
322
15
2
78
32
711
52
564
5
6146
7
1162
12
108
695
