527
4377
6014
1518
15
2
281
66
95
527
48
29
71462
25
5274
6
598
141
13
186
3
136
150
769
6
128
903
5
66
548
126
466
45
50
918
3
2195
1518
2692
72
21
4826
21074
64
255
367
1959
29
551
1385
2684
633
9
2056
2692
2
768
3
1634
2
37179
4826
828
392
594
8
271
230
155
107105
156
2
969
2356
35748
3289
151
243
1020
12
840
3
1018
2195
1328
95771
32
68
11571
6
354
8
33
77
18
4
555
1518
3374
15
4
74
112
4059
2869
83
2905
5
2
7244
7
72
62310
3724
6
2705
17987
10139
17837
13598
4
22621
48
12288
1281
8
1978
21
2195
1518
419
548
41
3588
301
26
165
609
45
3
1518
2
6014
68266
2056
4826
16
186
2424
65
2692
4
34
253
322
64
1189
6053
139
65
26
18
6
57
9124
555
1518
13
4
344
18826
548
10
7
2
1566
2
6014
1518
6
2376
45
102
430
167
4
687
166
70630
4
430
55
971
2379
4
23
98
60
548
26
55
167
480
31
7
2195
2056
2
419
548
10156
26
55
1595
190
809
36
1427
9
2
41
18671
81967
1518
7
88
1566
107
5
28000
20
1747
1255
548
2
2795
396
167
2
273
6618
1364
6
598
261
1451
253
2119
548
4
5
376
4
3251
13
64
354
31
230
17
12231
69319
23
275
48
29
103
5
687
166
643
6
43
4
207
795
42
6
730
13
1959
6
2
9979
108146
1247
432
528
5
176
379
6
43
548
644
331
10
232
1612
994
5
264
8710
73
9502
4
8946
51
446
5
984
25
33
113
2
77712
553
77
18
146
548
12031
129
28
4426
40
253
18
47
95467
43
74
169
70
1092
16
1314
3
1518
6014
4826
207
44
3374
2847
172
512
29
26
18
68
1593
2
529
4
961
217
5
687
166
70629
1518
6
598
7
2
677
2
33
132
113
82
72
74
129
5
35
1866
684
13
3374
548
29
497
7
41
65
1944
2
422
6
1331
4
410
161
68
529
15480
2
1357
337
9
20
598
496
2
3374
1429
5
82
42
5
1522
6
133
548
1058
1429
40
443
217
5
6014
1518
3374
4
217
5
45
31
55
789
57
548
10
40
613
248
88
253
944
5
1311
512
1237
220
471
4
225
852
6
69837
2744
33048
66
24
84
7
3572
8
45
34
1983
206
156
2
8809
14
146
37
555
34100
969
2356
132
18
853
76
3013
6053
2946
102
555
1518
22
623
1745
34
17
7599
6
78782
651
8469
2418
7
2
2766
9
4868
11
7
4
2259
4
14
5012
582
2259
23
143
35
5417
1579
8469
7
68
2
719
755
12
419
4
3454
12
8
139
16
42
6
9188
15
512
4884
654
456
11
7
824
5
1610
563
211
41
419
186
512
22
759
563
7
124
12
419
6229
1570
102
419
302
659
1206
109
663
89
3
887
189
283
240
7300
2
136
2232
564
9
92
4
2
136
1708
564
9
626
655
4
2445
6
4669
189
283
299
5428
24
71
283
299
6
566
851
105291
2415
2171
48
5
45941
1952
6
887
40
17
1126
101
84
2415
18
9797
3243
3
319
217
5
909
503
3
1257
38
509
5
179
4
3
91
679
2976
4
16471
1147
472
5
601
60
909
203
189
240
64
2415
40
17
4514
9
1694
75568
626
2171
907
40
17
361
3
1132
1121
8
966
626
4
347
147
511
65
147
5
629
51
565
40
9865
1386
3
1132
283
1121
8
800
361
7936
122
11
7
2111
29
96
49
513
601
786
52
53
7
2
3788
5
271
732
8
86
42
5
90
16244
14076
4
2598
1359
5
3176
283
1121
685
17
1024
19
105
107863
261
626
2171
53
7
64
337
9
2090
3
469
6666
189
436
1223
7
1770
3
932
436
7678
495
19
909
31
93
38
21985
1121
23
179
329
44
2
347
9
1112
337
13
64
1385
13796
935
10
40
165
17
458
3
1132
2
283
240
15
10
436
1223
1058
935
907
77
5279
9
1385
248
7
1211
26
40
445
17
458
3
1132
80627
1121
15
64
1385
1481
87314
25
30
147
2171
6
316
3
319
45
24
15087
213
30
18
277
282
107
6
2775
177
1759
2775
177
4
15
39026
1121
6
95
535
52
33
25
1132
59
33
16
2916
33
55
322
6049
6
88
236
52
33
25
527
61
9
39026
1121
59
33
16
99
2916
33
55
17
13163
102574
4111
436
1223
7
68
2
1002
4390
87
887
999
10
2353
12
935
10
459
7199
436
497
9
311
935
907
19
776
1398
173
4
6
76
187
239
41
23
129
5
2297
2
347
55
689
41
65
6
2353
52
10
2807
42
1385
670
23
57
5060
173
907
55
17
5663
3
589
5
670
5
1385
3169
875
8423
4
27976
2
2
284
5
3100
42
41
670
48
104
11377
11890
52
597
93
183
7678
2118
5
73119
52
7678
115
7993
19
935
48
359
5
2755
255
15
8812
40
11890
6
2
18296
1878
48
2755
255
6
917
4041
24
147
3
7994
935
8
242
8
1447
296
19
917
18
3
12591
15
