268
1538
7
64
1833
5
475
766
5915
1625
2103
1076
3876
2404
347
542
909
693
4
57
132
514
423
6
6601
10
3403
3
3071
4
132
1852
183
23
98
60
48
678
6
20
181
16
1188
6
43
670
1520
1704
383
12
1517
23
7419
174
20
153
86
174
20
3102
14
886
6
780
39
1859
39
4
11434
780
1782
1859
1782
5915
486
10178
8489
329
17
314
46
2
106
9
7390
78
32
7
2
106
9
108
124
52
33
14
3
137
124
261
117
106
9
78
32
10
7
11458
5638
8
78
32
4
882
152
18
2338
3
4926
138
27
2
1130
4
23043
87
10
7
32
31
340
13
2
241
352
5
118
6414
5859
11
13
2
6290
8
7
1428
6637
4
11
13
47
24177
56
471
4
225
6
49
214
829
9
568
78
32
1596
2
531
564
6
1712
658
124
6
278
1056
3
49
1209
7
2
25934
23319
270
4
84
11
7
3637
2
431
15
263
126
11
13
80
517
85
5
48
94
53
50
438
9
63
20
85
1482
53
14
1601
8
14
80
349
3
2
1130
2
78
32
4
52
11
192
85
7
353
1403
1463
8
108
124
3928
34
870
126
49
60
6
119
111
7
74
480
8
336
20
737
15
180
7
138
27
184
3
2309
27
644
35
8
30
16
110
3
117
61
6
108
124
3928
74
278
52
30
1795
3
1546
32
3351
892
530
21514
672
1821
1546
32
3351
892
530
21514
1414
39
19
3140
6526
355
109
52
33
486
221
437
892
530
14
2
2913
4
720
9
71
1228
270
988
10
540
1921
530
510
11
13
1135
291
5
125
54
11
739
1610
44
404
4
8
53
40
17
64
496
102
78
32
3014
99
198
10
365
89
74
2
66
3
155
168
125
25
62
1239
7
11
29
168
25
1487
1523
235
30
72
1410
270
8
78
13
49
10316
4975
198
1068
125
9
49
4
945
221
28
8
26
50
856
23
275
566
426
13
3051
78
713
783
130
155
51
41
115
2
417
18
3
25
3
93
66252
1480
10
1567
221
13
47
1816
4
892
530
7
2
32
4
71
36140
672
4089
23
39
4
2669
9
530
3
2615
16
5072
131
479
5
338
152
1467
501
4271
21514
221
437
530
13
2204
489
207
5981
5
2203
221
13
274
21514
46
3078
27
101098
355
109
20
39
24
530
121
86
248
27
93
41
106
1278
7
2476
131
1158
138
27
1439
142
442
330
102
51
477
3
17
2
961
578
223
97
492
46
211
2
281
5
22
159
970
46
3
23
275
762
83
22
647
3
440
15
362
374
6
435
3
366
84061
15
2321
4003
12
2
722
421
39
879
1040
27
908
202
1004
768
3
22
69
5
470
1255
5
67
133
1143
2275
228
22
69
2
578
5
9405
4
677
448
4
762
1111
4
614
4
10
40
17
25
6423
3
276
10
49521
14
1876
3
2
724
621
19
222
70
3020
1288
23
550
1374
198
2138
5
2123
74
1180
120
42
5
1597
1454
14
3683
27
24
3953
58
11760
724
1454
14
2399
19
265
408
2488
1325
111
681
457
688
4
57
531
58
57315
116
48
104
45
27
134
4003
104
16
45
8
16
470
1255
5
67
133
26
25
14
3
18
571
614
26
14
1781
7727
409
614
26
25
14
3
18
6058
59
426
2243
43
5664
87
26
685
24
98480
34
25
51
101
9
45
8
726
81
246
27
453
394
21
51
101
9
58250
202
127
94
827
189
68
943
3
966
15
27
970
12
429
805
5
2
202
185
6
410
5750
3091
8
11
2489
3
1064
2
94
2596
101011
117
1025
305
1404
134
421
39
8
11
40
21
1639
56
5
58
127
237
126
235
153
410
289
254
50
3105
1033
431
20
148
168
298
4
50
110
3
155
40144
1336
1373
181
8
11
13
1731
1307
5
3780
56
126
5528
56179
15
421
39
100
3281
1508
305
28
7
18
208
1731
3780
56
15
580
12
130
504
36
580
12
1473
1028
7
569
86
42
31
55
1297
138
27
6
65434
421
39
199
307
442
822
305
5522
27
19
1398
173
223
253
58
114
6
28602
4240
25
178
138
27
34
17
287
305
28
7
218
3
178
10
110
3
17
180
4
10
295
3
483
164
6
65426
68
2269
1307
8
11
40
729
2
1515
2411
58
1813
15
598
117
638
193
27
2566
3098
6
374
237
791
10
359
5
4801
8
96
10
1735
6
1014
3
5032
44361
76
173
50
48
110
3
504
61
305
28
6
1664
3
16255
94
50
48
110
3
17
12
183
504
7
70698
134
1508
8
305
4
728
50
201
8628
45
29
1343
5
81
13
2
1082
3
84038
21
86
25
7
1297
138
27
193
28
29
7
1287
89
94899
68
2717
142
22
544
941
3
2
451
440
431
175
491
4
27
52
1343
272
1123
633
374
171
91848
1196
4
9
838
10
56
23
2
2746
440
193
28
8
51
440
16
9
301
193
10083
22
941
3
2
1515
6789
