9813
8
12948
40
340
106
3
549
48
199
23
60
822
8
98
578
3
549
40
155
83
6
4697
165
168
179
5
471
73
9503
10232
4
11551
881
1149
6953
106
3
549
1989
10180
12
549
210
13
3
1061
118
228
1116
4
234
268
987
8
28
26
13
64
600
3
3442
373
107
14
69
5
27
491
202
13
943
2
8977
9
827
189
798
5
202
662
14
180
196
94
31
50
1878
14419
24
827
27
324
6
15
4
14728
519
4
5744
827
4
798
5
334
827
698
240
3
18
78
2919
2
2021
222
14
1139
3110
79
9737
19
27
69
80
52
27
13
182
257
10
7
165
2
592
87
84
472
5
1649
306
11009
30
137
2560
405
59030
667
7340
5
3761
5
698
7
691
5
3812
101
2
2956
151
5
534
45
12
1236
14
458
3
946
1665
61
529
3386
5
684
86
2
66
404
461
73
3963
4
4661
50
3030
485
6
43
84
30
18
7734
6
598
5996
37
62
30
147
3
1220
11157
3
67193
1506
2169
7
8
30
121
21
623
2560
698
26
830
4
26
16
458
3
4955
2
408
5
684
29
21
48
5
43
15
1173
788
26
55
17
60308
698
18
1139
4392
586
24
18624
6
268
730
13
4
5935
20
5935
13
2
349
919
15
798
5
45
6
133
5935
14
761
3
1361
226
6
187
5
124
26
68
13
183
1251
2
798
5
133
30
260
1077
8
1265
5935
5
2560
698
13
64
5041
455
798
5
43
29
1056
3
781
30
18
84
1410
8
26
25
80
336
183
94746
1254
8
78
32
4
49
69
1286
16
349
542
15
13215
14792
2
16943
3916
31
2863
10040
5043
11
251
2212
6693
2212
6693
477
3
17
303
5
9770
5043
8
91
15716
10236
156
2
13859
1576
16556
4
18126
3
1666
856
934
1722
35846
10
68
646
23
275
2735
2993
42
6213
251
9
2390
42
678
4
389
87999
2212
6693
7
828
9445
10
7
21
130
1994
3
744
12
10
1848
3
173
56
8
10
13
247
2
1026
5
13162
5043
79
43
2560
698
78
32
256
885
25076
4
14170
1220
13083
4
21945
97925
18
48
2399
104
5043
4
7
40
21
17
1066
3
1346
8
90
57
629
1887
4
2819
68
2025
502
2194
3
42
5
104
2212
6693
1688
242
8
33
18
3170
3102
79
2002
698
6
43
53
16
584
707
151
36
5043
9
1265
44
846
61260
16
363
148
23
179
164
88
5
2212
6693
2827
584
25
178
6
13659
5
2212
6693
5043
10
7
41
73
2
645
9220
13162
10
86
242
271
6
461
5
42
338
867
68
8008
7913
5
2212
6693
4
10
1069
16301
16
273
311
2821
3
3716
54
67
698
2238
2
1251
5
103044
79289
161
5
104
107
67
1265
698
18
1321
586
24
798
5
43
26
25
336
183
6172
2
43
52
133
483
110
3
1239
2002
698
55
72
1306
61
4
317
3
190
133
36
26
55
244
6
503
1892
8624
3599
13419
19
1072
38
648
18
434
4
26
80
899
2
677
6525
15
43
6
38
83
1070
38
1549
13
2053
243
81
820
1349
1493
825
8
2098
798
5
9576
209
8
698
18
64
2238
9
798
5
133
115
21
4941
149
9
81
5935
5
547
1077
8
38
3157
14
2667
61
15
8
5
38
9192
1265
698
899
20
2881
370
362
5
70392
90790
1366
10
10
7
86
2
323
5
60
126
104
40692
16
9688
24
38
88905
15
27
85
255
5
227
92
118
91
9
105
1370
34
17
10969
301
255
15
67
10003
40692
34
218
3
17
2
163
8
1090
17426
24
3655
6
98
187
30
55
17
5071
8
85
5
13
1341
76
5
1124
8
16
3033
351
23
67
85251
41
1502
221
1652
10
13
416
78
32
1558
141
29
34
127
94
1221
1358
12
540
1098
138
27
69
40
1205
2
314
1179
3
43
127
85
29
28
161
69
1157
605
1244
52
53
14
2
1794
26164
69
13
146
10
131
314
8
2
314
1179
1633
161
210
34
1205
29
7
113
161
69
18
68
47
131
314
8
6
343
5
1794
284
26
1157
48
101
4
9111
1358
28
6
4
407
12
421
6
77
18
3067
1359
9
58
3
2204
873
22
69
9
63
13
398
638
193
2
1486
184
3
2
39
11025
598
387
324
6
667
236
223
1610
127
2164
15
129
144
184
3
2
1186
24
166
188
987
6
2
707
199
746
117
5
1360
193
14
746
1932
15
72
129
14062
172
5
199
14
707
3
2
205
404
15
1267
636
1256
1542
719
107
15
129
1791
24
58
289
114
159
410
636
827
189
7
373
15
129
4
193
84
349
50739
117
866
457
4
4178
1460
931
16
807
15
129
82
2
851
1639
9
931
31
14
6
373
236
15
129
6
1360
199
159
2032
636
1221
2071
4
410
117
1025
305
161
13
129
144
4
39
1369
636
1079
891
4
159
598
636
1987
2526
11059
56
662
15
4
129
94951
5267
3190
6
199
7
253
16686
3
22
647
381
23
1556
393
120
11
