96
59
26
16
1678
56
38
4458
4300
59
1678
2
4458
4300
10
1041
3
1233
255
8
55
2861
59
1417
16
6
585
6
20
339
30
234
23
677
1437
15088
96
109
5259
8
55
248
1257
2932
4
2680
16
33
1329
1751
36
2336
24
1329
5
2680
33
132
346
8
856
5259
16
2
1487
1041
4
1566
107
3
1257
2932
4
2680
126
110
79
829
37
5259
8
55
248
33
3
1315
112
2932
4
2680
7
25
14
3
173
56
8
2979
4
4250
165
147
3
8393
936
2652
3696
4
4967
5751
137
5854
2652
2888
4
67
686
1931
18
2
1002
1831
9985
3
5609
15
11204
5
43
92
82
8393
8393
16
1914
36
4485
406
3538
5849
23
422
8940
9
1370
9572
3
257
166
6
348
2599
19
1193
92
158
104
2509
9296
649
538
4
603
122
4273
560
460
5
62
30856
5483
16
146
30856
733
6
4
315
3
1227
1111
10945
102
5321
686
73
5483
6
1886
370
80
653
8
13310
825
5
38
5483
14
25
762
8
26
16
5091
21
80
13310
5483
19
651
15258
82
80814
3
610
1160
5
30856
4
57
41976
5483
1966
172
694
6398
686
833
56
104
996
694
6398
686
19
2242
1040
82
808
1799
52
33
219
1340
112
694
4749
33
132
17
11444
3
1097
9
2
54760
694
4183
36
321
190
87102
62392
25
472
5
112
3582
5
4488
9
44
1097
9
42
36
41
5
579
539
18379
43
6821
5
8227
6523
4570
539
13
1748
2
896
5
23
275
258
8227
6523
4570
6821
15
3328
24
143
35
6
2
317
8
3319
107
6
54
226
5
7322
340
30
4
1748
2412
993
2412
5
4967
5751
4570
662
20
317
19
539
929
2
1234
524
102
4967
46
172
8968
966
15
1004
3
956
5751
7063
19
16390
39503
82
107179
39
8968
17195
21194
16
1004
4
8968
31
1118
12
1592
1228
3
956
232
5
233
3
144
1053
13211
7063
5
8227
6523
686
107180
39503
197
46
1012
2274
7063
686
8
1778
8227
6523
10346
7
2677
2
8960
173
4
8968
16
1197
4059
1789
1125
9111
9
1617
1789
2174
33
55
420
112
83
4059
1617
1789
2174
6
88
187
1789
2174
7
1722
101
23
112
21804
174
174
370
33
116
2
281
131
1661
3526
1346
61199
8
34
93
2900
5
112
1789
284
55
2861
859
2918
370
33
307
101
5386
72
663
525
15
339
664
82
62
7371
990
5751
4570
7
146
18
33
367
4644
62
5751
4570
7
146
7371
990
4570
7
8227
5616
4570
8
13
13
10
1033
6523
3
8724
9987
7589
1980
4584
6
4967
9987
7371
10
7
68
508
2
7589
7672
4570
7371
990
4570
14
99
19666
6
43
6
4
99
1038
686
8
248
431
14817
19
47562
67345
82
25532
14817
16
962
52008
29
472
5
2677
56
3
2162
4921
626
55
84
1153
2174
24
1193
686
223
508
686
8
248
431
198
2205
14817
16
24014
3670
415
9017
13566
7709
1425
5906
3233
4660
6043
4
10548
15
2
2979
7168
15
104
12015
110
48
56
9
2652
2
1910
425
19
4738
60
12015
7
1340
39
4
3362
107
3
966
10
1978
100
961
1042
9
2652
981
463
19
3488
8841
82
1125
39
12015
55
17
2
334
4220
59
10
154
3
5200
1125
2111
686
6
53
14
2
3778
102
733
3
956
10
21
7697
4
4740
51
597
121
116
19
651
2088
4028
82
1125
977
753
90
399
1474
40
17
29641
52
2582
147
5
6508
4
534
397
50
282
2607
6
67
770
20
2541
774
3
7697
147
4
660
5
8419
6508
24
38
804
55
33
1327
62
33
230
488
52
33
50
9027
20110
552
5751
12982
5
2652
686
2652
1788
1648
4
767
1289
20110
52
26
91
5525
24
8227
5616
5525
10789
6
38
686
26
40
322
2
1788
4942
20110
411
1826
8
80
286
26
25
91
8227
5616
4584
6
730
6
43
1788
594
37
8333
5
14879
4584
6
686
1870
16
79054
8
109
2979
2618
3
1090
1124
80
286
53
7
2
686
56
53
8
7
110
3
1090
1124
1139
53
16
856
148
8
33
55
25
3
1227
502
42
5
372
1124
9
10712
62
37
3806
15
41
5
2
40763
2979
3033
41
4458
4
3670
122
7428
186
10446
2065
3225
4
4262
55
1166
9
361
3875
334
508
283
696
4
3179
2618
9
2111
852
43
309
2
52
10
215
13
4
17145
101
3
1838
349
3
614
5
57
226
4
95
226
18
64
101
3
137
104
297
2
5134
863
3514
5975
52
2107
367
2731
2
667
108
124
600
16
201
10
34
483
6
76
14464
4065
24
143
35
73
4225
36
413
539
550
3907
2358
36
278
120
197
4
10
970
671
814
868
5
5537
15
3800
603
4
3300
163
239
24
9424
43
214
1895
3237
5
43
1218
163
6
104
4
57
350
259
231
108
132
17
1528
67
131
3127
23
692
19
7424
3232
4
18787
57
215
191
51
67
215
1113
24
845
3237
1563
1755
4
282
625
132
17
41
65
5570
19
4986
6754
5
2674
411
8
77
3771
79
15533
844
88
1567
482
7
204
54
172
1543
158
73
3
2654
43
1363
