19
71339
58
31
18
64
337
3
12526
78
4
207
337
3
17656
1962
49
4
223
2162
1211
650
3259
11244
614
12
17371
53
138
10725
1166
2
961
2961
5
629
4
2048
31
16
2830
11123
1502
708
3688
343
25
155
38
107
4568
876
27
47
14701
8203
5426
494
145
5435
19
7018
38
366
5
2
1502
289
428
640
209
8
494
491
35
8
428
14
1372
4
2550
494
80
30
25
239
2
3
3955
468
2130
39
8
213
7
21
95788
12078
26138
74
1502
106
36
1502
291
6
157
7
8829
5
961
748
5
1807
1741
38876
164
4092
2691
19
338
152
9711
4
19698
13963
5
1202
65358
3916
3311
2016
31
146
2
3157
19
470
1255
5
95
31
16
16359
3
3410
3165
2706
37
6630
2586
3
2074
923
1444
4
85
149
140
10
21
8
33
866
2
12102
69
213
7
1633
1502
102
33
64
954
120
33
6569
1974
53
14
42
1502
36
52
112
1433
4
520
1549
16
11808
993
3931
6
1674
8
213
7
1502
140
3212
622
7
1502
1848
8
7
137
5
2016
4
27
31
445
224
6
699
22968
338
152
406
547
11329
7
285
988
2
659
1636
9226
231
108
126
699
93
10
862
12
1938
5
2
1502
213
24
42541
13
247
25
5202
8
21
80
758
181
2278
5
775
369
2742
5
2343
15802
5
775
1107
4
169
6
1009
9
1707
1595
369
55
13784
10
24
10223
52161
5
95
31
551
14
1707
8773
3
17
560
2016
4
27
16
30335
362
3
610
8
338
152
1821
6
994
16
9566
4
1041
963
46
42892
18865
2290
704
37
31793
36
1623
2531
366
52
112
558
39
1429
7
36016
15
2531
463
10583
336
19
542
31
208
4527
3
113
7431
4
8
52
26
599
463
6
99
236
126
3229
54
26
465
25
33
219
42
5
5123
86214
280
771
286
59
622
7
1502
140
412
7
19
1738
207
39
343
79
536
2
1176
1488
36
2
415
1488
36
161
13202
1502
2209
5
213
247
7973
6
2
33413
5
18249
4
15989
13953
5252
175
494
5435
2320
3
24153
37
1502
1225
4
27
45
3447
6
814
5125
37
1502
125
291
525
15
798
5
43
31
16
123
15
43502
83
161
303
5
954
53
16
131
281
2827
31
16
1721
769
3
280
2669
156
2
9
482
6616
4
114
7
141
962
30
219
378
205
351
24
190
127
85
4
912
412
7
118
42
3
1899
2281
3
106
122
2017
114
2
1372
500
5
94
8
16
12577
79
266
285
4
285
87
775
847
50
3538
26152
3
2480
38
2946
2966
6616
7
5622
19
161
675
122
114
7
141
18
47
893
19
58
9
2334
1370
5
19984
135
114
4
1541
3208
41
58
3791
2
785
6
143
35
5
48
236
121
17
2058
65
8118
2
11978
23
2
41811
2575
321
30
55
260
5668
1718
8
4448
409
226
635
18
362
785
36
362
360
5808
4
368
34
17
25998
241
30
68
116
8
412
7
118
42
3
2538
142
114
7
141
332
42
395
10
31727
831
9
545
8097
639
4
3664
114
3
1162
785
4
30
116
8
2
961
590
5
58
18
1298
67
3760
37
7
141
46
8
26
219
1448
3518
3
243
2
5183
12
2004
9
202
46
2
209
8
1232
19
738
8
53
2
600
5
114
1230
292
12
2
189
252
763
24
10503
196
136
769
7
118
720
3
2
1139
11694
1807
1741
37
78
4
1707
2
149
2
63269
1674
5
78
2053
4104
289
85
6
49
950
80
286
53
16
3462
5
2616
2
149
2
1299
24
1193
58
6899
560
1370
5
114
7
141
2
9
6616
1031
4
10
1359
16
15007
243
190
107
53
2
337
206
111
5
1102
7
5767
15
8156
6018
31
2053
469
6
266
241
268
38
69417
52
2
136
769
14
720
3
1441
8773
2
7
720
3
1116
7178
73
71
1591
5059
36
5188
3585
1863
360
40
17
2058
4
30
100
18
2
280
600
3
1595
2
282
4
41
2959
18505
5
629
16818
2216
1032
624
8149
132
13
6404
8
2319
340
242
42
2192
17582
16818
41567
5
8210
40441
146
304
579
422
212
992
8
2574
40
18
3
276
28771
9
1550
3
2204
468
1989
3
10361
101
198
2319
115
962
242
16818
28
1032
624
947
20469
311
5
2
565
31
116
11
110
3
17
2211
3209
5
5729
64520
29
10
7
16818
8
45
106
9
4
19
155
30
1040
137
3
10
8
20
16818
93
42
101
4
2864
7
242
7
100
511
21
87
10
110
3
17
16400
4
18927
29
8
923
9
33
21358
5020
1226
46376
16818
100
242
470
142
302
100
140
7
44
611
12
16818
4
4566
1359
30
380
260
134
755
120
3
155
53
7
64
110
142
2319
242
16818
4
7
1042
3
17
55947
1019
93
325
10643
1030
6
112
10317
207
466
9
361
53
59
546
1748
386
342
5514
6
42284
1032
624
25387
870
2396
4
344
368
6
4
64
1809
77
17
4476
3
2380
537
5
687
62852
11
873
40
1361
682
15
48
242
23
67
74164
357
165
10085
6
546
270
