56
22
4136
15
4
932
1670
175
105
88346
189
4
71
50
612
15
403
5
6664
133
301
2142
13
721
23
275
6
107
70
384
262
63
7
377
15
127
4658
41
1159
525
97
368
65
367
126
3560
84523
1136
1177
384
5
63
132
18
2
136
3
25
15
1655
6
54
104
63
18
7591
2
15
38
648
398
39
1203
5
51
26
25
4
1136
1177
39
4
737
333
12
1334
6
1785
4
1141
987
528
9900
22
4666
66
6
266
129
5
162
1507
5
71
1538
122
72
129
5
58
25
575
978
189
217
50
912
2219
6
66
776
5
22
711
129
5
58
1727
1582
129
9
28325
4
189
13
38
88
3302
1727
1557
6
38
2363
66
6
266
161
15
2
1398
173
1670
175
58
4
162
9
764
66
5
38
99
461
782
189
13
2218
875
1727
24
161
675
1670
14
165
183
2
3560
173
56
2363
66
7
2459
88
3302
6
2
63
91
3
10
118
4
85
32183
3
3560
332
5
71
776
66
6
266
2384
223
88
3302
6
128
66
15
575
978
189
1174
57
378
259
189
88
3302
66
50
22
2363
168
6609
66
6
266
75
712
6
144
9
89
579
1083
167
13
5011
1003
105
1700
13
1123
39
3925
6
264
66
203
2
58
4
2
127
94
138
27
264
381
12
487
245
2941
173
7
610
27
2545
74
43
92
4436
3
302
43
614
4
319
56
95
31
40
154
3
20
133
2724
27
14
101
8
152
1233
2132
194
30
18
12
67
487
188
4
11
7
101
8
722
385
18
2
306
385
6
3262
1190
2587
301
59
10
154
3
245
7632
487
255
11
93
10
48
732
4
472
5
395
43
41
361
4
6753
22
1154
34
4646
67
6849
659
455
8748
99
329
803
22
354
5
760
2
273
444
175
43
4
1231
10
7
28
8
48
42
147
3
93
74
4
1038
3604
4620
7
2
1610
3604
6195
36
714
2
17111
25
444
16
208
131
201
23
1634
45
56
29
26
16
131
201
23
1634
45
6
72
706
389
1626
2708
92
897
6
8
10
13
3
858
2
444
231
2840
5
6159
10
2013
3
319
684
1106
24
1309
3918
107049
4
23441
10
7
123
241
9
108
3
1366
8
280
447
3
389
1626
195
14
8
45
4642
6
389
6159
40
666
3
93
56
30
18
48
388
4273
339
5
389
1626
1092
8318
82
4
1444
82
38
244
3
1949
8
1086
5
10687
3810
4
34364
1365
7
20
245
51
30
14
9
67
83
475
51
2
3165
1807
1741
76
132
366
444
40
208
17
1389
3
319
43
24
1293
149
706
1999
203
2
436
772
1952
893
6
43
92
897
101
3
4528
98
70
553
9094
52
197
366
10
7
2985
246
27
68
146
24364
456
5
22
487
381
11
28
30
34
1061
8
24364
7
91
3
15947
2145
451
203
2101
141
4
30
34
179
15
233
3
3912
4
1899
10
91
409
133
122
3330
95
164
2724
24
118
458
3
1113
2504
132
922
3
90
31
40
73
3
789
70
262
24364
7
1375
451
1154
10
7
2
176
35
84330
2
10
40
633
798
5
43
605
70
553
3
1518
2
8014
150
7
708
2556
3
2
92
2554
3
988
8
92
609
43
3
179
2
1176
1280
40
284
6
554
1907
9
169
5
70
907
2
42
40
17
163
3
431
2
21761
92
5735
3
1817
1437
14
3
243
3094
6
496
5
3844
52
33
16
2916
3
179
838
102
713
487
7
2
9295
3
1113
41
302
74
67
244
30
16
1192
3
17
5328
5
22028
5
1501
8329
79
67
133
4
1271
1756
92
39
1142
74
798
5
43
29
6
209
2
2517
763
277
8
175
4
53
14
2
2060
861
5
1501
602
24
143
35
811
20
7
2
92
1154
6
1273
5
2
280
255
62
3
4520
280
487
255
2201
3243
9
95
31
40
154
164
3
244
198
798
5
43
4
96
10
2058
4
41
4072
9
95
31
2010
3
154
164
2465
3
1000
3
67
515
64
444
64
92
2554
64
8014
150
7
708
29
21
2
8866
6
2626
9
602
10
245
278
844
686
14634
296
56
6
11040
1575
128
1841
686
14634
16
118
3900
6
7852
11040
1268
847
5
604
312
5
1575
700
13
28
2246
871
3394
35272
1289
8
261
2
18868
53
40
17
64
686
274
3
435
56
235
153
3
45
852
53
371
35272
328
56
46241
5
686
3168
8
26
50
21
451
6
35533
2744
418
92
163
1371
2
372
1137
12
1268
1575
6
1029
170
140
925
18
1439
79
363
18684
418
15
248
5
14426
5756
2797
4
263
603
971
1405
1371
2
10202
6
4
740
3
972
3258
6
500
318
29
38
1418
6933
75
145
28
540
8
11
240
3
966
298
330
15
78
32
37
49
1022
2
2133
135
127
287
4
34
96
57
335
37
475
5
22
69
75
16479
551
14
3
93
2
448
5
51
359
5
1467
11
34
17
1017
229
11
34
17
7995
6
867
61
9
400
907
