12626
6815
7
2
2277
5
731
645
5
2150
4
4654
4
495
2
2072
23
8297
31256
391
5
1695
2664
49
179
7
6
166
4
432
2200
6
157
4
2493
11
7
4
70
553
12774
6
1550
810
3433
7
4
5150
8202
4
1799
6
306
1550
31
2351
3
469
3068
11460
7406
12567
35077
12
259
915
5661
7
2
34529
1849
986
563
15
34562
4
960
2805
33
55
1911
10
23
6
77
18
3067
1359
9
1022
2991
1055
2
32
711
635
524
600
886
12
1986
109
19
9065
20217
677
1605
1055
195
211
117
494
145
4
5301
200
20220
627
53
34
64
19953
1088
9
4050
162
121
11
17
612
3714
3002
23882
109
122
668
133
477
3
17
12
2039
805
5
235
153
127
85
274
7
1136
2084
8
121
2
78
32
711
154
3
862
135
287
635
17
458
3
484
49
142
12
1055
69
627
46
2
90
653
63
617
71
7
46
87
11
34
147
8
3083
144
52
11
403
3
942
6
266
820
378
66
52
11
14
3
17
41
65
2
16284
63
11
110
3
18
3
179
15
274
1088
82788
43988
105
437
5
13643
134
1228
9
2
39
181
758
429
876
15
1055
843
1228
181
8
274
7
2406
2
7088
1614
6494
4
7164
4
990
3
431
9
4434
5
135
1467
28
3
17
88
1055
6
97
352
4
1948
71
2
4788
63
32
635
17
6
2
423
3
740
2
30782
100
997
3
1279
224
15
58
2620
2550
777
1607
30
219
2008
8
11
34
17
1942
362
3
116
8
52
11
50
3
155
8
2646
174
53
110
3
17
2
105
786
3
513
9
10
87
10
34
16924
49
292
2611
79
4
4240
10
132
80
8833
28
43988
1460
32100
197
437
23
11343
2342
8
135
97
7
1497
1249
24
4
906
3074
79
2
4621
3074
32
32100
134
1228
34
346
2780
3083
144
52
11
801
3
10962
100
9
49
521
69
1467
4
52
11
115
95
183
3083
521
16
6494
4
7164
100
4
990
3
514
49
3
641
100
4
32
313
3
17
1471
5
20
2764
1822
1425
5301
5
1055
160
69
369
88680
173
3
209
8
32
69
13
117
2597
1422
687
2
149
2
49
159
289
970
117
494
145
7762
3505
2329
12
49
2267
128
601
153
126
85
15
172
6
2
217
5
5086
2370
35
4
122
161
16
377
48
26
55
3
1061
8
49
127
970
58
287
138
27
7
21
612
1425
7
2347
8
103
1055
9005
34
420
2
12251
6794
660
12
572
1456
100
52
11
115
192
711
1228
181
962
145
13
28
8
11
2570
3
3325
3303
11
3170
171
289
3
1061
8
32
5546
97
1022
4
115
21
2061
183
547
183
547
444
401
756
9
4015
423
4
125
24
32
69
1719
256
885
644
2112
19
781
3958
62
11
1023
1422
1727
4
144
6
42
1430
49
808
1188
594
8
19
2594
2
39
8436
309
32
40
477
196
41189
401
4
1271
9873
4
5869
2597
1422
1055
195
211
145
4
5301
200
20220
18
2491
8
53
34
64
19953
1088
9
4050
162
121
11
17
612
46
4
6591
44
8
32
40
17
1607
3
7043
38
2235
4
155
9
95
273
3290
354
73
23163
645
2
875
1699
965
2
72
2552
3
4981
694
4
2775
9
48
2
1425
134
1228
32
1330
34
17
1138
1024
19
103
1302
62
3505
11
1439
1055
97
1467
6
99
44
5
49
711
4
62
1646
11
1691
166
144
9
95
648
2947
325
107
3
93
271
42
7
3
1195
273
3290
354
93
166
12
112
210
4
163
58
3
1485
1425
28
52
11
3554
8
788
58
34
5737
1425
28
10
72
8
1357
9065
20217
7
2
808
1799
23
677
721
6
157
7
820
476
7
77
18
367
1327
2753
5
20
133
14
5924
2055
23
131
532
59
30
13
2
600
3
691
898
5894
1246
30
18
47
163
3
1795
3
9
205
4
3
143
15
2
5944
9
95
31
16
382
2
552
9
67
133
820
705
4
4
3741
5
737
4
2809
8
96
20
133
306
174
21
306
285
174
67828
30
2214
2
3165
19121
1232
19
2
5780
119
1873
163
16073
296
75
67
99
1434
94
2
52
11
14
88
13130
399
118
2666
125
125
4
125
174
327
7
44
39347
18
918
2
272
3
1949
183
1725
10789
12
2
565
4
7059
361
168
2
2899
1082
5
64
1359
9
148
8
1704
96
43
1670
6
11281
1278
13
580
211
152
16
3
611
56
1030
5
138
27
1648
15
2
2859
1069
5375
31
11
13
228
2
3185
272
13
580
613
152
398
98
5
225
31
908
138
27
5
5215
81
41
65
2
460
36
103
36
2
1110
3677
676
4
1042
9
699
474
38
83
2005
115
580
31
106
9
138
27
80
610
62
90
659
11
134
171
69
4
62
90
209
11
295
732
48
1956
6
1238
729
19
7893
3419
4
57
195
115
580
31
106
9
138
27
245
113
11
34
17
1888
15
580
59
11
123
2702
85538
25
7
468
130
7518
1412
59
11
706
206
2
