1406
3
1532
7373
15
2
6015
1448
3
9202
4
9451
3753
164
7
4
4865
5
8
72039
68
14
331
37
71
252
366
8
264
3062
5
105
777
14
5029
19
172
263
158
43
411
230
21
154
6
729
5
2
16405
6015
12
204
5679
28
735
12
1073
1881
7047
383
8
53
7
2
448
8
263
50
21
1721
98
786
9
3062
928
21
321
5679
2430
928
75
85
1881
331
7
21
110
3
17476
5679
28
53
30
18
10
6
3151
5
5863
1559
64
323
62
14521
661
132
313
72
87
10
7
14521
301
115
21
15696
7078
1160
5
661
4
10
7
1567
71
252
7
1858
263
61
9
60
5
85
3
948
98
21727
36
3084
12
81
10
7
64
696
8
85
1230
7
118
1285
84
80
15
341
360
8
7
4404
6
363
35
6015
1535
12
466
318
50
2
33535
9
51
7
3
154
10240
85
1230
4
4
167
12
1853
5
43
3
17
948
12
204
36
464
1926
4
91
2
4543
3
536
3739
85
36
873
81
9086
4
104396
318
109
4
463
14
307
3115
17332
1447
15334
459
623
5
18105
4267
167
2
2442
12
38639
1350
17332
266
6
731
13
2
9014
1447
16183
8
14
21
2920
3
3062
463
2849
2
7112
1051
31
13
579
3
49609
44
132
17
2
382
460
92
1447
213
16
2492
3
4267
167
7
113
53
34
828
17
76
1026
5
4267
214
139
6
76
1880
9922
25548
437
7112
456
9
1447
213
214
24
2
7976
5
1189
11672
92
55
551
1462
191
6183
4
20
55
17
948
12
4
15866
9683
5850
537
24
464
1926
36
204
52
20
7
21
42
92
55
91
40236
360
1115
4
57
7078
705
156
2
550
45
320
118
91
3
106
713
2482
3791
2
785
36
45
360
6
2115
35
3
320
2
281
3
2741
106
140
948
55
17
3173
3
96533
6
634
8
6015
12
318
14
277
3
21
17
42
19
2
92
297
168
35
2696
2
882
152
10397
10
62
560
21
42
4197
7182
5
4543
8
204
13
47
3842
98
6015
13
47
420
828
263
92
13
533
60
3
1773
333
5
3062
12
43
213
26
34
828
2349
85
6
76
2624
3
789
586
24
98
1988
5
3062
4
988
26
25
21
514
98
15824
59
162
9758
217
5
85
4
2741
10
42264
7
206
227
92
13
1289
204
8
551
3
2349
85
132
2425
618
496
118
855
102
263
92
29
10
3010
3
18
700
85
2349
54
6
682
7
2
1713
5
4929
1167
3
43
1103
101
141
115
2553
3
162
141
86
323
2
241
2
26
55
7756
10
993
33
1667
72
324
56
644
4
3490
923
6
257
286
17608
73
6
1510
4
25323
20
2708
4091
7
1390
9
1462
3553
35138
5
462
2
1168
92
6
2
1011
463
30
2185
62
360
1115
6
341
360
6
2047
7
21
3216
1774
655
5
114
4
2288
135
94
20
14
4586
2
2
23890
2059
25
551
4
17155
2708
15246
2
162
116
699
5
323
8
10
7
95
31
1415
106
4
21
114
31
516
14271
7382
43
7
25968
10
35536
3
948
82
12
51
252
115
82
9
2
1462
85
4586
2
1502
36
6298
5
85
9
98
217
5
337
280
36
12119
156
2
2
3629
167
43
3573
36
4
167
43
1328
56
12
682
658
3431
3553
124
16
1949
12092
3
5729
56
5
1103
4
3
123
302
5
133
174
21
3176
536
771
155
3
2855
15
658
798
36
2
108
124
252
34
17
3210
133
12
2
12247
82
10584
82
4
85
34
17
2
11741
173
229
10
721
36
84565
881
7
22530
326
13297
5
2
1270
1425
16717
5
143
35
839
722
163
11524
371
881
7
68
2
24654
2
5607
2072
36975
2
4964
2072
686
30813
4
2
2277
5
43
839
24336
391
3127
15890
2119
1949
11
244
6
2
8025
6
2535
5
701
4964
15
22
872
4
258
1162
33
55
663
17188
2173
1544
23
71124
36
1765
89
164
20
463
132
17
12780
36
21735
15
2864
6156
3
824
4
2
1243
3
109
960
7799
5732
2
14011
2098
3
1080
9
98
1907
172
6866
3449
88
1108
4320
1276
4010
6
108
2
36188
5
148
3
154
20
6015
14
4470
19
43
92
174
2
12931
930
42
6
4449
9
2
1176
1488
3431
4
5124
141
2112
215
3354
3529
64
328
5
141
75
85
284
62
3
1920
3828
157
415
5472
72
739
174
4
33
219
6
10
447
7
280
4
4959
235
108
124
34
17
4470
19
2
99
971
10739
4
317
6
278
16
3750
1972
322
5
133
658
124
1528
63
3358
3530
142
12
22
2559
4
132
2223
71
252
240
3
1899
10
603
559
102
467
18917
239
252
13
21
9638
6
10
11867
788
46
1234
1619
102
467
35
4
851
28
9
95
794
102
10
4
2
1195
9
1505
3
117
51
13
47
1138
1321
604
658
104952
252
158
1235
8
204
13
260
146
76
4320
1113
6
658
124
80
2
26
2340
63
20961
657
34
1292
513
9
51
26
607
2
2
1747
11170
8
34
5724
22
260
10095
