7574
8
1473
7
296
19
6259
400
6
4336
15
77105
9019
2482
15
64
9708
203
593
2057
8
40
17
88
324
3
279
6057
6584
6100
1510
23
70
1103
770
440
747
330
615
9
5001
37
62
212
40
516
10
344
1841
187
7
346
136
41
65
26329
828
819
6
2
201
22466
587
212
6
235
103
153
34
510
229
1961
299
309
1920
2
567
3
2353
8
169
5
45
91
3
1911
283
1121
4
229
980
903
18
2
605
101
3
5273
39530
2
14334
407
15
49
159
141
3070
4
84
731
587
212
279
10883
10017
53
14
64
1012
5
84970
37
166
3283
3741
5
980
101
11
2063
49
384
8
10
14
2
1125
411
3
980
70
118
41
555
37
38
63826
45
196
61
4
28
20
7
31
7
353
100
6100
28
4
70
796
8
417
14
2
2713
2
977
325
542
36
928
80
38
83
397
26
50
45
30
116
4
552
4
94963
11
14
876
980
2739
5707
14
3833
168
4446
72
2
281
1365
351
4
1035
13119
120
10765
14
518
14
2845
2
10074
1488
72
1044
547
67225
212
7
21
2
3303
949
4
10
121
208
17
748
19
270
1676
6100
28
29
11
453
8
10
4583
10
34
17
3042
19
754
5
35626
113
8
177
5
2015
5
206
980
101
578
13
1108
3
120
10
7
270
46
754
5
62488
18
1512
6100
9
156
300
122
212
7
1612
229
1103
6424
35
24
4792
680
3
17385
903
6100
13
30365
23
363
1470
680
6
236
120
637
16
605
719
76
3
251
9
49
31068
24
52997
14
64
1187
24
2
8752
4134
15
521
605
492
4
13505
141
545
31
10017
383
2238
195
5
212
274
904
2
4
71611
822
659
5
3989
5107
4312
22889
2
973
11866
641
13
4809
49
190
44
33
396
4638
699
261
96730
2632
596
6100
31
14
59
11
1443
212
4
6718
23
6100
28
141
3070
13
3
920
8
49
39
6359
14
292
12
500
8882
4312
273
29
11
383
8
26
50
161
1284
4
8383
6
52442
205
12705
53120
292
12
49
919
15
49
542
4
14785
279
4223
1945
34
93
10
13319
4
11
1732
37
4
2716
2077
8
34
883
15286
6364
4
744
12
6100
179
2
2
18061
3894
1164
23
10
456
34
17
2
2007
2474
187
11
365
12
15
49
500
1043
1656
67107
134
279
8
753
14
3770
4950
6100
28
87
8926
13
1974
8
437
17
13
25956
298
135
127
1225
2977
78
32
106307
3
693
310
159
269
5
35
13
374
816
3
4903
49
97
499
15
2337
1528
49
74
172
126
270
1225
80
50681
18
2
245
344
85
84
32
14812
11
956
114
3
573
3
199
6
776
35
303
3
106
298
211
911
53155
110
3
154
56
5
289
80
2038
3
123
12
138
27
11
134
31831
494
145
69
7
3200
152
5
7372
3
75765
7
732
3
1415
106
5
2337
126
26
340
106
23
440
20
1308
269
32
115
21
18
4
34
21
18
11050
217
5
1098
374
3
1354
499
145
3593
969
16755
28
6
2
11065
2337
34
21
340
106
375
878
4
145
627
3
1016
60
375
140
4119
81
8
11
7
2038
53473
1384
387
132
17
12
22
107
56
229
11
990
3
1857
10
36
21
11
1293
2
4347
984
1333
135
97
274
12
288
139
4
424
3
160
97
1467
12
74184
40
73
1467
3
364
4234
1664
3
1532
1156
3327
5
1240
778
5712
2
1240
16462
260
320
76
20590
1102
3
1467
369
211
95
31
144
4942
14432
4
1084
1759
25493
578
2265
3
8209
1048
35
8690
162
44
95
160
6
97
1467
40
17
550
12
48683
53
16
76
2877
97
3083
843
16
260
1249
455
1240
210
4
351
24
25025
264
2517
654
456
1312
62
8
9
99
60
6
2
568
1398
5
521
162
32205
15
1240
7
1189
65
95
14816
15
74212
1883
77
1292
345
3
2
431
23
135
150
440
3
1024
120
97
144
78099
80
52
8
115
505
2152
77
17
4
2877
8
162
132
17
1249
455
41
144
9
1240
4
1679
186
9
546
133
225
4
2361
704
6254
4374
8039
3320
4062
938
120
1819
9998
4
30784
1377
16
3310
758
634
404
26830
495
4374
8039
3152
6
112
125
7550
19
3898
61
9
4374
8039
3152
33
34
68
17
1355
61
9
39
4
722
800
24
7999
880
125
2059
1785
207
2225
151
1848
119
51602
9
162
11199
162
18
855
6
190
3
169
4157
602
6
128
281
568
10
115
248
8
119
114
396
596
12
51
3274
4
3310
94
6
3309
119
23
56
85
511
65
106
9
10654
1419
756
26
796
6
1491
690
20
66
10654
1419
756
44
26
106
9
78
87
27
7
96838
4
3922
2
4665
7
8
86
45
31
34
17
282
198
6
67
39
133
16
1165
119
12743
82
172
129
798
5
43
34
17
38
4907
45
31
34
17
901
198
16
1663
765
82
400
674
311
674
31
34
850
17
400
674
4
88
5
48
225
2361
397
3664
11105
4
88
2492
232
5
770
234
3
1231
9
112
475
82
