1627
112
83
686
474
112
5452
112
4300
34
253
17
459
19
399
4
6258
2199
4286
53
16
2117
5
7799
6518
54
55
4016
33
62
3
4166
20
520
2763
5
376
33
34
147
18963
31501
3033
43221
13059
15142
2763
2014
9
2
1135
590
5
520
2507
137
2501
18808
590
12
22
1087
109
2078
2394
4
1081
2763
52
33
36
112
347
13
2
5198
283
999
10
7
1170
8
33
18
205
3
2
66
6
2394
68
33
121
654
1125
1099
3
1509
9
283
999
6
187
33
16
21
458
3
966
20
934
91
3
4436
3
3496
4883
25
1966
3
3496
76
1789
4921
4
7404
6
187
5
17665
13026
96
2
1413
3
1231
4
11347
409
4921
6
547
3214
4265
6
316
3
1949
13689
19
614
3425
31
34
706
33
52
33
2561
4921
6
1231
59
33
154
142
409
51951
33
55
5668
14634
112
2101
4921
115
25
25
4
1364
4385
96
507
33
68
18
2
99
28
5641
123
2
99
28
674
211
24147
23
112
556
583
97652
16
1144
8
20
7
2
182
5
179
130
411
40
17
62
572
25
33
14
33
4
112
347
3
419
4
3487
2118
5
112
1493
2791
706
1570
52
33
14
112
347
3
103560
112
419
198
563
24
432
675
4
23
419
62
319
419
9
62
4
419
9
155
6
57
357
18
2
1106
1880
8
33
55
8022
419
25
8
59
419
24094
870
33
34
21
17
274
1776
60343
147
3
21
86
392
1106
4
1354
308
29
3
392
2
90
12865
15955
2
451
234
10
61
30
147
3
96
1903
2
490
133
3
7563
4
3987
30
55
21
172
2
11073
195
24
5963
198
133
3
76
238
3342
5545
700
301
3327
5
157
121
17
5781
9
51666
2149
263
1402
4
57
5038
163
1563
12
67
649
3
3987
2480
7
3884
8
33
18
1105
5
537
5984
9
349
6
794
7744
9
441
5
4864
3
112
308
4
2
2692
15
2
3004
6
316
3
431
142
102
9262
6941
8
25
21
14
3
3074
112
308
87
33
477
3
17
1080
1019
3496
537
3774
9
33
4
112
347
2345
1563
4
140
1031
1754
4793
2456
12
112
5452
25
8
33
55
137
112
6877
4
1218
6953
96
2
45
41
3976
19
4
7400
28802
21
1966
37
1276
4010
9
332
232
5
112
347
4
96
507
3
1364
3072
52
33
18
242
3
3496
616
8744
25
25
84
87
233
7
2489
3
9287
432
91
5
616
8744
1080
3
1920
6
1382
2040
4
858
2
107
5
290
10
7
451
8
33
55
1346
3
1920
6
1382
2040
261
8813
4
813
603
9659
33
132
21
18
849
3496
19757
90
4463
4
2
435
19544
93513
507
33
18
5110
16712
48
2658
8
33
132
3508
87
2
771
8
870
6
1001
132
21
17
74
19
49115
2
1180
4
3638
6183
7
83
20
34
609
33
3
137
6708
51
2763
33
34
147
59
121
33
2863
20
3354
53
7
64
60
73
91409
45
15
13729
12007
12
112
19771
301
52
33
16
86
111
12
1365
15
849
62
241
25
33
113
10
34
17
375
33
18
8344
4562
15
572
71764
6
1877
870
3
1400
29459
36
296
282
1877
33
16
6
33557
1966
37
22826
84216
729
5
3663
20
121
364
979
868
4
4499
1201
9
112
397
33
34
14
3
2610
76
20372
9
331
5
112
397
33
16
2489
3
3554
2
39
107
5
290
96
39
290
1155
78560
40
68
3403
8
207
520
4441
1778
1103
5
143
35
75
2029
11468
30
34
147
3
4887
33
34
21
14
3
244
6
2
230
96
101
9
7590
331
25
21
468
580
52
112
378
12389
2713
33823
1597
5
8132
8618
743
4
140
96
4
2440
335
52
112
2713
16
12
979
15
2489
8
34
248
33
729
2
3795
10358
4
2
4276
1815
3570
1704
468
1601
5
112
4449
240
25
21
468
112
542
347
232
4
5885
96
112
4449
6
1481
36
16775
833
2
136
2
451
1194
986
1455
3
33
33
25
21
14
92
3
116
8
33
16
1080
87
33
77
17
99
42
12
112
1365
8
7
2745
23
33
4
112
2151
121
1080
6
15483
1015
358
4
25
25
38
2509
3127
7
208
1833
15641
7
4
25
21
1966
42
5
112
88
344
1071
112
2787
6
2
40922
157
10
7
253
8
2
1251
34
17
163
993
3503
4
8
1251
34
21
17
55097
6
4
26569
108
6
54
493
2465
83
112
246
502
112
246
351
24
104
618
493
13
247
4
2150
729
7
55
21
627
33
8
33
34
17
458
3
8893
48
5
112
1625
301
7
55
627
33
8
52
33
25
21
309
33
34
689
622
4
33
34
899
816
2763
3
2658
51
7
34584
40
1680
835
8
33
319
112
1276
2148
2447
4
33
18
2117
5
1481
686
4
3487
12
435
10
7
282
3
17
1106
65
2752
1414
39
221
291
5454
698
132
17
3265
38
144
9
78
11
7
285
203
291
19
221
52
49
9098
7
2352
581
132
154
4475
65
30
3529
93
3
179
157
30
25
21
18
