76
590
119
43417
6895
4
5849
57
99169
78783
415
4
6950
1881
168
1760
5
933
66753
379
3740
933
341
6
736
4
13640
21027
2
26
1057
6
64
13536
50
918
6
760
23
275
727
2
1168
379
196
790
1119
2375
56
538
4
52864
27647
3
55172
6619
19
3306
196
615
61
23
933
119
23041
4
91298
18
626
409
133
1379
62
77
155
609
271
73
20
3
505
100
3712
28
4805
52183
43549
31
14
349
542
15
8681
933
7
165
325
236
3
51164
3954
2
232
251
933
3293
6
7
42
5
4158
4
1247
183
3446
6
413
119
101250
933
15
31532
23041
13444
26054
4
33040
96942
2575
10
6
4446
2330
12
15738
401
933
14
777
120
6
4295
31893
2
361
3565
943
42
5
911
3565
9249
6
43
70297
874
50
146
1471
5
22
2586
31893
4
2
217
5
22
2583
50
2836
184
3
563
1241
80877
6
413
673
2
2200
5
13124
5740
19
183
19474
933
14
3870
83
19
119
787
4
80
41
4560
1323
50
1937
12
2330
220
3446
563
28
19
48
220
3446
50
349
19
35
141
76
232
5
933
1443
119
3446
4
57
218
2153
5
1241
933
19
23379
4326
6
3954
183
11421
15
80720
759
3306
165
5320
529
6
933
540
76
232
1657
74
6
7039
3067
9
104067
26
50
6
111
5
3106
4325
112
357
4927
15
42
190
29
1309
68
2229
4
4269
28
6
2
2510
540
4
1309
14
424
3
123
496
29
1056
17
3
155
46
24671
46
8
1309
55
21
123
302
74
112
45
4
1309
55
21
123
302
5
55188
102042
2990
1038
509
747
24
2089
1344
13841
4090
5303
3
17
6
427
7
1047
156
2
2780
861
11
28
24
49
389
3681
24
7805
7
1047
10569
4
2539
46
42
41
3306
102
67
25827
643
11
28
14
8040
3630
23
5934
98735
10675
8
232
121
21
1406
3
3306
15
623
25
30
1406
19
118
2250
36
25
30
1406
6
1175
10550
331
2
9
180
4
130
2623
30
34
522
3106
87
10
7
19
1175
30
16
867
164
20
82338
7285
13
831
44
805
10550
28
86
107
1309
55
4983
7
9
201
45
3
10
83
4
25
412
30
16
397
5
155
30
34
647
12
3
104110
427
448
15
2
2510
132
45
5
155
44
5874
232
31
1057
56
5
933
28
26
50
1397
19
62547
34496
650
3005
20313
14
489
6
933
4648
28
11
14
73709
113
519
14
921
1280
4
6239
34496
28
12
933
664
622
347
816
23
20
994
60
10
726
43
1594
4
1175
10
918
43
3
18
48
3167
8
4
576
73
20
230
9934
4
82286
331
49
229
11
14
1144
5
3346
7
2509
23
76
173
11
346
155
5903
11
28
155
5903
7
80
53
9
89
30
396
2301
3
689
42
2753
12
1028
7
353
990
3
6097
89
7
18
3
87
8
40
1365
25
90
6007
412
1627
1280
56
466
310
724
63
71
228
1726
657
10915
6
278
4
309
5
3761
10
22
268
661
59
657
81009
119
111
73
3
4926
3753
2
2
236
2447
15
12735
397
31
25
610
51
6
38
83
325
385
4
34
42
44
5992
38
7621
1456
2
9496
5
13623
4
6850
132
17
4
2389
1745
6
977
26079
29
6
2
1130
108
10
2
25184
4883
9
71493
71
137
657
215
6230
2
2
93035
9
3753
6
117
11
178
1589
34
689
41
65
10
1113
4
346
682
3279
4
17975
19
414
543
20
11
1533
34
549
657
7391
65
59
11
97292
53
2
255
15
63
368
5
1144
340
53
16
63134
53
7
64
337
3
178
8
72
87
2406
2
350
124
6
278
7
2
572
354
657
635
2066
10
15
37684
3796
75
48
8
7
912
51
263
11077
7
6
1078
142
140
371
71
28
10
14
2
1437
4
657
40
513
2
786
4
657
7
652
101369
204
15
21184
255
7
657
13
1593
11
7
165
6837
6
1078
11
68
12666
15
2123
6
209
88
813
846
426
16
12
204
105109
191
5430
3
309
56
5
3761
55
123
76
131
1130
4
4088
664
59
102581
51
721
2758
109
2181
1511
9096
5257
56
5
3761
10
14
2
6423
4
5327
6534
8
1409
6201
3157
5
8012
191
29
8
1411
3997
9
31
210
6
167
36
169
31
13
3
155
3
124
3
96
148
95824
10
230
96
448
3
276
76
2696
905
3
1346
38
2169
29
10
551
5760
3
329
1130
191
296
21180
6
1130
236
3377
86
15
5601
8
622
34
179
56
6
28350
209
657
7
501
278
2
2
4709
3
93
730
4
43
3
142
198
12
8038
1589
10323
6
1078
6
3753
9175
325
107
5490
572
1456
7
174
41
2080
33369
119
111
5
376
396
245
319
1589
4
2617
24
20592
61
604
84582
3358
1212
52
8
7
51
26
245
14
3
25
6
209
371
71
13
1646
1397
81
3
25
25
19
2929
23
275
591
6
1084
2174
9
250
46
246
8
2617
55
91
3
14861
60404
329
322
10
604
658
124
7
110
3
93
901
43
899
2
4026
3096
385
8
1042
30
2099
