35
4
48
57
701
6413
712
3
38
17663
60353
13055
158
31
1512
2157
3052
6
9
3569
519
8
866
692
5
14239
62
1130
10
7
3
276
1311
1715
2
2540
74
51
112
553
55
4
55
21
33294
197
259
866
5
42
5
2157
3052
4154
4025
6
2
4745
5
4255
1864
57
39
528
211
421
39
390
2354
4
39
249
60
18
170
146
4
2253
335
102
438
806
76
1282
44
8
8040
7
113
10
2
1191
53184
40
2351
8
26
218
1895
1716
2805
4
811
10785
52
9583
102
467
430
4
95
31
40
14304
361
381
23
173
5
2
24653
42
3413
527
1967
2978
152
4
363
1005
5988
18
1928
246
3
1061
8
2157
3052
34
3304
235
153
8
7
2
519
8
80
430
55
102546
9
41
24
152
16772
5079
7
2
421
39
1459
4
350
5
7476
540
353
4
1171
303
11
7
824
5
566
563
4
7
292
6
197
663
89
23
8629
1394
164
9
41
294
12
318
109
19
969
4833
52
33
234
23
217
53
7
64
107
8
78
32
77
1679
192
85
261
144
5
2
3066
1398
5
1690
751
114
6
209
52
1690
751
2867
570
26
77
1049
136
1595
3164
26
14
2
63
184
3
2517
654
456
129
5
48
1866
6
143
35
2041
586
2
1690
36
1284
285
4
10
13
47
1181
8
53
16
169
1690
751
1866
6
20
133
52
1690
751
4144
2
2
795
360
1365
26
77
1024
1179
5
207
795
127
85
1965
8
551
7
21
110
3
505
2
1186
8
14
644
1535
19
18497
654
277
8
86
129
5
751
1690
240
3
106
9
138
27
4
129
5
751
1690
240
3
106
9
78
32
8
183
1186
1588
8
1493
139
16
1275
1136
14049
3
1690
114
174
1506
515
7
172
594
9
70
2118
5
665
5669
150
214
4
520
1764
68
16
851
139
587
212
287
487
665
574
4
915
16
186
344
9
21478
4
95
15
1690
1252
38
14595
4
520
1565
16
9794
28
1325
1493
139
16
2
2777
9
90
5
81
7
25
116
62
6
108
915
77
154
6
23
86
129
80
52
33
2
587
212
287
4
915
570
33
165
86
93
2
896
5
129
20
72
62
8
1690
6
157
18
38
2478
107
56
5
316
4
1965
9
138
27
11
7
502
2
182
186
144
24
1690
65
57
264
127
94
495
184
3
39
249
60
1011
94
18
1750
495
37
129
144
24
119
1690
114
29
138
27
7
86
502
37
3
129
144
4
22
217
223
4157
1690
16
1428
9239
52
33
16
4
1690
751
4
33
18
4211
37
138
27
7
55
1036
8
29
53
34
17
57
320
12
785
4
33
25
21
18
3
106
9
78
32
2
7
18
28
126
2
106
9
78
32
7
4
309
5
31784
21014
78
32
13
146
144
9
915
42
5
813
7085
5
49
241
105
1433
6
209
7
25
116
52
53
7
98
629
6
157
8
7
41
693
15
915
65
78
32
170
1881
1582
697
14
516
6
41
65
169
2912
18
47
3107
6
143
35
4
78
32
435
16
20671
15
38
1576
52
33
106
9
78
32
112
435
34
17
20671
15
38
1576
196
4711
3
44
7
353
1428
6427
8
25
90
1951
1690
195
18
154
56
6
144
5
78
32
171
20
85
1614
9
482
2
151
8
929
74
1499
1690
3446
13
72
510
8
26
16
4497
78
32
174
4
528
3093
41
65
1499
1690
3446
6
43
7
4497
78
32
74
138
27
6
2
304
429
151
555
1076
44
32
13
1956
49
3097
3
1262
6
831
1110
1795
3
10200
737
4
1262
1175
195
1404
1690
195
644
1355
2
3778
12
14915
8
1680
3414
138
27
174
30
43007
1690
551
34
21
4413
1217
665
4
2007
3768
8
138
27
13
2524
4
3538
4092
64
323
62
765
30
1386
3
106
36
21
3
106
42
5
1519
5531
1420
8
30
18
47
1649
20
85
1614
7
217
5
1951
225
6
1690
578
8
16
2195
5453
138
27
4
5200
78
32
579
7
2
865
4865
24
2
264
197
259
463
8
2759
20
2738
174
59
5555
69034
628
3
4891
601
5
751
225
11
15430
81
15
1030
37
49
566
397
4
49
4300
142
6
4376
6764
46
4
942
351
24
356
29
644
11
365
3
558
4
4708
3
3131
138
1672
27
2
2
150
4433
4
2654
49
6730
5
2583
8
53
16
57
320
12
785
6
355
4
3716
270
644
758
4
2253
24
42
5
172
1434
1690
195
6
478
133
6
54
11
1525
1064
78
32
184
3
3716
270
7875
16991
7
159
2969
1102
3
143
226
9
108
1690
1815
54
929
2
5062
5
169
15
1815
266
6
426
16991
44
8
11
3457
83
24
76
5
49
792
423
25
8
11
77
2195
1353
9
32
174
130
264
3832
24
1690
792
423
3
1064
78
32
628
3462
5
62
344
7
178
10
7
8
11
7
612
6
355
2527
1152
4
3182
8
6566
371
27
4
7
4092
223
22
267
13
42
14428
1072
3
21
