211
14997
82780
42
7
898
141
873
7622
31
28
11
154
24
566
1207
5
141
772
4
13
47
12
262
9
378
205
49
1043
7
2012
312
14976
4590
7622
31
13
2852
56
37
2127
4
837
6
312
1842
56725
2
500
1921
310
724
466
2
272
320
1477
31
28
11
14
42
5
5691
103
810
28
347
14
3765
15
270
34214
140
5600
9
857
254
261
279
53
7
64
857
29
329
43
18
857
6
3439
5
38094
776
379
50
425
6
3662
19
466
45171
496
50
510
2012
176
637
63
134
7622
6
2
750
8
1216
5
776
379
50
1390
9
1810
59498
42
5
379
646
6
20
4559
743
274
308
6
736
15
8934
8
480
15
894
26
12589
40
21
155
308
8
330
750
35
2
4559
2
20
743
7
1216
5
379
646
16
1390
9
439
5
371
67812
637
4103
2
722
1554
6
187
254
7622
13
844
5
385
211
2
5254
15
1810
347
1164
5937
3228
31
1000
3
49
69
3228
14
223
7622
911
69
2635
128
66
6944
4011
626
869
918
6
860
3228
68
522
12
7622
2552
504
75
60841
2503
2
1933
4209
1350
122
1324
6
142
5
2012
176
2264
122
7622
28
466
1081
7891
13
328
439
2
4501
176
333
18
28
22
3899
132
18
47
434
19
22
573
3135
2
9384
958
1660
184
3
556
10696
379
4
496
6
187
364
19834
14
496
15
14997
62386
1377
13165
12656
14997
10640
1137
2
149
2
57
496
211
1318
3
6555
28
4
4632
6
266
176
379
1226
9521
14
496
15
13165
12656
14997
1137
4
4632
6
266
176
4009
2628
3480
14
496
15
13165
12656
4
14997
1137
176
379
9155
119
14
496
15
13165
12656
373
1304
1137
4
4632
6
266
176
379
2873
22509
4
11632
2838
50
496
15
1373
1415
5
1137
1176
9465
4
4632
6
85468
5
776
379
496
50
6
3662
466
1921
184
3
2012
1600
7376
93556
379
1451
4783
496
18
47
3199
261
88652
28
49
266
176
2203
1882
608
2366
187
44
75
1810
1783
4
2849
1168
5
2343
4
4554
339
176
304
4
1081
433
2
149
2
17951
543
4
347
5
371
28822
28
49
2109
277
176
379
177
5
2
10475
3425
186
19
3480
146
1070
1765
15
1810
31
13
2
9530
3773
8
364
363
717
1783
1810
866
24
176
4409
379
3
3533
75
89
7622
28
1810
8347
2
865
60
394
4
14
10250
15
22
1060
405
22
142
11
6674
14
23
20
60
8
371
1810
1337
8
11
77
21
5676
4
4103
4
29289
3
64
8749
28
7622
31
68
28
7061
1810
14
2056
24035
3
958
5
22
862
14
21
2
43713
4
14
21
72549
621
1810
12
7185
375
19834
1452
2299
2264
7622
28
19834
3480
22509
4
2838
5767
89
79
2264
11
28
29
7
21
1354
89
15
2
24200
2
188
8
13
47
243
6
236
216
1607
1610
44
59389
394
3480
2317
19834
3
1711
74
4
379
365
1810
142
56
5
2264
10888
1810
3901
2447
56
7210
4
243
89
142
6
4407
89
12
22
6220
12
1616
5
1660
7622
28
10
14
75
8
11
28
8
1810
2503
22
3899
7622
28
1810
14
2261
2
2
284
5
118
10250
10888
19
22
2559
4
14736
958
104727
28
176
1593
23
275
42
41
60
3
2383
1810
29
7
21
1019
1281
1081
2432
9
89
640
22
3937
11
28
19834
2990
1660
3
1306
61
190
1480
1211
1365
351
511
65
470
1810
1019
9
1081
69496
31
13
47
326
3
1773
553
2165
37
1810
2335
1783
1492
6
12
89
2
11
1220
322
83
6
142
5
2264
7622
28
29
7
412
3
248
13121
146
64
315
3
234
36
453
36
1024
22
999
7622
54584
60
2264
1452
23
176
1489
184
3
7622
1810
14
21
6401
4
13
1126
79
13586
1783
11
14
140
4278
3
2
5661
456
296
19
393
5
1979
120
11
13410
5860
4
394
210
11
45875
210
2
153
394
12
1063
375
466
39
724
281
829
37
291
13
47
1525
307
4
88
5
51
14
508
324
24
556
181
2344
5389
333
4
2487
181
442
330
6
197
259
1461
2
1204
3194
641
6
2
176
6991
8
28
1810
14
18948
231
6
4
315
3
2261
491
782
8
2665
30
12
312
2130
2404
3
44
22
357
50
533
56
5
1976
4
8
11
84
623
9
22
290
75
22
304
14
91
3
4852
176
1421
5
35752
7
14
6
142
5
8
2264
10
7
21
172
36
412
1212
4607
31
13
47
1480
9
1992
4892
2
4569
134
106484
48
10
7
14
155
2285
3
1489
29
7
485
2
334
9166
73
11
14
9166
22
573
4607
28
7
7
80
116
11
14
6
2264
375
30
295
3
97647
1164
13
28
22
6541
14
557
2622
29
284
5
4
10786
73
176
181
2036
203
6879
8
13
4092
2545
4
3760
6
543
120
1929
676
2769
79
6864
4
6197
11219
6
2
330
5
2029
12
10973
1810
347
1164
28
26
14
428
3
671
56
4
956
53207
347
14
279
4
26
14
279
8
154
23
101
60
4
21
196
850
702
4340
3228
28
105797
1021
74
