737
12
20
1597
142
4
3188
74
107322
7
73
8
571
4396
18
2524
768
12229
1881
170
270
19
557
3
714
80
41
2657
59
1612
51
721
74
268
66
2
16318
5
35
141
893
3
1830
131
1169
2159
12
915
2
877
6
4139
6457
4
1720
105
1700
48
5
8
13
1350
1343
434
1183
47
284
5
273
1356
6
150
166
737
12
44343
51
110
22622
230
18
3
25
15
190
209
37
166
737
12
915
46
10
2
1597
9
54
4978
16
476
29
220
4
119
54
7
912
62
864
16
48
196
465
3134
6
105
33059
408
5
70
144
605
915
6
99
26426
5
6457
29
2
408
68
768
10
6
373
4
667
26426
88
144
10
6
187
5
1819
36
9998
29
88
768
10
52
1010
551
396
2301
190
54882
737
93
136
22410
59
33
7
821
2670
79
94283
86
7
737
4804
1485
10
7
1483
8402
28
38146
17914
31
1210
166
737
23
11836
70
3020
1288
59
45
16
331
7
10
1377
45
44
811
17914
28
29
52
331
121
10
17
2
520
655
175
2
565
4
49
1395
2
529
408
44
21052
42
199
24
166
1251
654
1288
129
5
70
1628
2
161
4976
4
8689
95
3879
16
38
83
333
5
102393
336
5
45
31
803
586
8689
19
3560
1415
13
2721
15272
46
80
122
737
12
915
2057
18
621
2943
165
2
408
46
129
46
803
586
8689
122
129
44
26
16
92400
4861
132
17
206
166
737
514
25
97877
8
505
12
2
166
188
139
59
53
16
1037
4861
88
45
1711
351
24
4
139
17914
28
26
25
137
98
337
3
2207
1629
6
38
737
25
8
549
1597
61
3
4976
4
8689
843
4
95
151
25
245
929
88
30639
943
1839
7
65488
52
88
70
25
4386
768
915
42
230
44
10
21827
9
58
73
20
153
202
185
2827
3
123
156
1199
6003
97127
915
7
4
139
8
583
61
292
5
161
675
10
42
5
172
139
91
19
58
4
162
3
2500
17023
4
86898
41
286
759
915
431
7
1065
12
1457
139
5
915
682
10
47
37
943
1839
4
264
1186
835
8
166
737
12
528
7
41
25314
65
737
12
1597
5
44349
2
9520
5
70
46
129
46
384
943
1839
5888
184
3
2
264
9276
199
15
2
1381
5
2059
5
1812
36
5126
1398
173
29
72
258
66
404
183
199
277
8
239
41
45
46
129
46
2197
528
64501
72
42
1186
29
10
835
8
395
915
185
37
943
1839
4
2135
246
132
17
2
41
1516
1745
9
202
65
424
3
862
141
7655
915
74569
376
8
115
242
2
2631
74
139
40
17
2
201
354
9
202
58
97
5821
1557
1915
3418
171
318
4510
92
2631
46
395
10
42
418
120
166
737
115
468
2
14
990
9
1282
86
45
15
337
3
768
328
119
111
669
2576
2628
19594
134
523
12
2
310
251
442
16
17463
31
7333
2233
67
1622
105187
31
16
95
11109
17463
775
58
525
15
2
1595
151
5
162
24
3321
4
61929
35
31
16
260
1333
1053
2045
23
8980
328
6
161
111
26
219
13595
10
2
26
25
88
3275
1323
2
2
191
3082
4
4
6534
4
16
5927
3
1546
10
183
107
4799
26
14
3
17
918
3
1546
105180
681
256
975
5141
7242
61
20461
2630
10339
6
22
1805
3
328
307
252
4532
3
6665
1899
227
1142
7
2
1382
4
9564
191
3082
8
34
5949
262
11
28
104
195
116
6708
8
328
7
118
9733
83
6293
5
5893
45
15
64
5076
4
236
10940
503
1587
2888
4
3566
12
1295
3
2
4015
4
288
69448
8408
14311
31205
31
7
12745
2
200
15
117
256
15689
23012
4
892
11682
14659
8
40
6535
328
228
10
4802
4
14059
6
2
304
4
2491
3
179
9830
3
172
20
2427
5
227
57818
5238
15094
2086
6
3076
328
20
736
6
209
1093
56
8
710
13
495
74
42
169
166
300
12
328
170
10
14
1178
128
66
4
10
14
292
11
2453
12
325
1131
10660
55236
68
365
299
3
2932
8
328
13
47
160
24
1178
1421
3
5298
8
10
115
21
2553
3
11702
36
12085
4
8
4647
34
218
3
17
16961
328
115
21
5121
15
432
1767
101
36
16
778
91
11
4533
10
115
21
3331
98
11702
1520
26
2364
2
31583
10
115
21
2553
3
12085
36
9026
101860
538
9664
11452
3733
36
160
188
12
20060
36
538
2398
2888
9529
4
18217
16
48
1774
57098
4
30
1283
8
2086
28
2888
16
4156
76
5
2933
895
5
328
525
15
57
402
385
39
249
60
1628
2
1767
4618
15914
4
5085
4918
649
4
1276
3177
4
2
150
1648
5
4150
376
1705
46
285
17463
8
203
1190
2587
16
502
351
15
10
95
6
950
5
328
12
57
435
619
24
2162
151
1918
6
2376
1655
54
16
48
1049
7978
10
1521
1161
42
199
19
129
5
114
4
1161
2086
129
5
503
402
1705
4654
33809
16
68
273
1998
5154
7
37
129
538
395
556
538
1931
2368
4
10
4999
156
2
5177
4
8662
