786
7287
288
4978
8
25
21
160
72
87
92
160
786
10
7
2
52
480
7174
14
2154
19
1528
18942
6
1411
538
3
611
2931
1569
83
33
25
93
41
2093
15
415
302
2128
17405
7
2
669
1204
23
6342
1182
5659
393
5659
396
22
1087
7
3
346
56
41
37
2128
17405
4
599
1468
19
57
5947
6069
2766
4
7279
1134
5947
6069
43535
23
109
4294
28043
982
937
67
300
188
126
3229
2
300
1056
33
9
3120
1012
23
39
70
30
734
67
1875
4
1397
38
3350
29
6
316
3
1061
2
1280
576
9
67
13337
30
18
2
281
3510
9
5350
12
463
52
112
259
115
21
663
67
188
10
34
17
2995
64
12256
1217
7339
1234
447
36
2424
1200
64
1294
2620
982
259
300
6
2333
982
319
112
300
12
1597
15
463
52
33
2010
3
300
12
190
1073
33
132
1273
9
2
2457
463
4
1166
36
483
2
3119
8723
5157
31
28
7983
5
70
914
93
141
893
1657
83
887
5670
3514
9022
82
5157
31
370
6787
8
7983
5
70
45
14
2046
9
2375
283
299
141
6
99
236
82
134
390
8
1729
9
887
14
3
1937
2
1457
2171
2729
390
7142
13632
25
329
358
37
62
912
33
55
1729
887
7
72
147
33
3
17
1169
87
7
113
45
245
14
661
25
78
32
44
11
55
1729
887
25
51
40
42
1729
8
40
1590
2676
83
3514
9022
234
370
285
53
64
448
10
13
3
17
4910
141
7
400
2
1448
301
10
77
179
282
4
7
113
584
88
344
148
755
40
596
12
7
30
147
2
1457
2171
2729
174
9022
6394
7
3391
80
75
71
252
1235
8
2676
16
303
3
11714
235
66
9022
113
8
661
7
3
5625
4595
70
3
4
80
1189
1304
9022
7
1615
4287
8
887
7
1448
3
96
70
21715
887
14
208
1448
21
3
7500
33
15
3957
5
989
577
887
14
1448
3
5949
33
6
577
173
56
222
100609
2268
22
300
121
154
2
136
5
2
1066
398
51
9022
113
5
70
45
2
952
5
339
8
1362
6
1468
9022
4287
8
887
14
19586
6694
6
316
3
4955
2386
70
79
21
6211
8
10
40
242
989
786
3471
4
8
141
899
5
3333
14
2
1002
105
1255
6
39
200
32
10970
1298
78
1085
2895
174
1547
109
1011
259
1947
5
42
5
200
32
1927
22447
14
72
1254
159
63
696
427
829
6359
10970
24306
87
5
107
200
445
30653
61
4
819
15451
75
49
1134
10595
6039
13
47
6946
19
310
2
200
32
24306
2
16493
1664
3
24306
52782
20
1010
5
258
4
25642
13
1525
1336
118
42
5
32
5434
29
2
12742
5
8306
416
7
84
5233
1141
6
4
315
3
6964
6039
366
5
7460
2
1161
33632
937
6039
1454
244
72
2
281
985
351
24
200
4
78
32
308
6
39
249
54
7
228
32081
52
32
50
58
521
882
152
40
17
791
81
1116
74
2331
320
5
38
15236
1662
445
9755
6039
40
1452
23
32081
880
6874
11
40
86
942
2
281
509
1119
29
57
60
11
40
1016
4
478
153
23
32
5452
9755
6039
1454
1118
161
200
4
78
6
59
11
14
63
782
32
69
13
630
3
3879
6039
2
542
3
161
5
32
11
86
2745
36
757
330
23
111
59
78
14
308
814
2614
181
1119
6039
1992
1452
72
2928
985
75
3559
5
159
99
1220
696
427
406
12
32
32081
829
50
1454
21
367
17485
3
565
320
29
26
50
1992
203
4560
316
21
3
997
36
172
49
59
11
1452
207
232
5
2
63
347
7
2703
19
2
696
427
829
696
427
1454
91
183
750
3
6882
2
14940
3
92567
200
32
696
427
320
7
1454
8778
4
78
7
15893
696
427
132
18
296
56
5
326
14940
74
66
1056
3
48
5
200
1220
542
824
3040
12631
1254
320
5
24306
10970
6
22
39
563
99
347
696
8
71
4
22
3351
16
377
622
26
1679
55
3
4806
85
102
27
1280
27
199
16
541
48
60
25
10
48
435
12
7161
24
162
3
25
1112
10
123
3
435
85
3
37074
759
317
646
8695
602
114
31
34
88
253
17
360
9
78
6
355
4
11
757
4678
5
112
2135
246
377
74626
2217
790
205
75
71
252
757
169
3
3216
39
602
114
8
34
253
144
162
6
355
10
18097
4
1385
169
6
2
764
1195
2
127
85
2757
246
7
3900
19
43
2565
4
487
427
23193
1860
214
710
8
4796
6636
487
3
528
8
248
4148
6748
3
12193
19
2017
602
361
2565
3774
2333
43
352
4
4902
376
2204
26
219
508
2
2565
5828
67820
790
30
12
3
44
174
216
5
1860
214
2187
13
47
1895
6
2813
10
553
5828
1756
348
20
66
2017
529
3014
3
4182
39
151
8
55
800
602
427
26
147
3
247
553
1003
2470
934
7
12763
2
90
602
2
451
3
106
170
26
793
3
1162
785
9
162
30
2570
3
2609
37
169
3
6811
3804
6
2565
4
5828
1756
348
9
2227
66
710
1756
1260
