175
32
4
145
579
159
1979
636
1656
5084
335
3
1639
56
75
2
1237
998
473
13243
15774
29800
929
2
4106
655
9
135
114
32
7
2470
492
678
159
99
1220
159
43
387
4
159
269
5
35
161
32
4
145
18
757
568
6
356
29
145
433
154
15
2
273
841
11
208
47
2
232
5
135
97
6119
3
22
83
41942
2
2
2885
5
1058
4
311
3534
794
935
2140
444
401
4
273
246
6
21416
2568
2881
13
241
47
8
145
422
173
6
69
40
17
452
4
39
632
103
35
15
529
119
521
684
4
8
32
40
5775
83
135
499
168
49
1037
807
3
1290
1320
49
7305
40
17
6
30488
75
145
83283
6
452
145
69
1286
2515
5095
137
2
39
107623
505
445
6
135
289
428
341
1330
13
4
748
12
394
35
371
5095
28
6
4
407
7
113
45
16
110
3
234
23
20
2780
592
1904
4
137
8
2903
4
8351
5
387
145
2
2
127
94
33
219
110
3
137
45
6
394
35
1249
455
37107
9
32
341
345
6
2337
135
158
31
96
61
4
344
177
5
1506
374
1415
5095
68
3572
8
90
5
2337
84
1017
32
34
276
145
190
78820
182
5
45
4177
12
387
32
14862
126
20
237
13
80
739
3
2380
11
49577
165
178
145
322
4
7246
838
6
22
315
3
2306
32
499
2
71
7
1038
66
404
29
10
84
314
8
32
341
20587
1954
34
21
32000
3
49
97
84027
675
10
477
16
2685
9
2
241
67924
601
3037
34
17
1948
98
57
33
18
367
388
30
18
48
388
14738
126
29
20
994
601
3037
34
17
373
6
2
952
5
258
20
848
3037
34
628
12
473
355
4
10
34
17
1702
3
1028
65
98
57
170
601
3037
34
21
154
20
349
3
1028
375
2304
461
9
2
3037
20
18527
7
40650
3037
54
2898
3
59
3037
7
23
10
2566
173
3
1028
6
10
5323
59
2
40650
3037
7
601
10
7
508
2
2
14738
20
205
14738
34
477
9173
4
1457
65
2
1919
601
3037
20
242
8
330
5
355
34
17
42
33
34
14
3
155
620
9
3883
181
8
30
34
17
458
3
137
2
3037
4205
8
34
96
3037
234
8600
273
59
2197
168
15931
2172
73
4185
760
3037
34
1097
16869
5
10
601
3037
3056
23
353
1268
60
29
10
34
234
8600
273
4
3973
48
330
6677
18
47
3904
3037
1867
6
316
3
282
610
67
2367
213
9
268
80
66
3883
12157
94888
25701
29764
13
47
12658
2019
5
3037
2
149
2
470
69907
1089
3
282
610
3037
4
1028
12658
2019
5
3037
4
2726
37
62
10
47
6721
19
10192
15
19276
55
11
849
12
1028
352
2
149
52
33
1902
20
205
14738
33
34
18
42
41
600
3
3360
128
14738
5
12
1258
321
1258
14738
34
21
17
2
18527
2
42
541
61
6
355
25
963
112
4487
4
155
620
15
542
4
347
3
137
20
370
6
2
3452
62
12410
22374
7
2
4381
808
1799
9
17516
11
7
4
562
1160
10214
15088
5848
1799
17094
8506
4
5434
5
48
148
3484
3165
4
361
12410
7829
3
611
45
1702
3
38
560
333
1010
1160
11
2277
15893
35
645
15
4
9842
1304
2532
12
3484
2648
4
1831
1008
663
49
6230
97
96
571
998
6
39
85
886
12
1547
109
19
677
1605
808
89835
10577
6542
97
13
5524
10
389
6
2574
747
330
85
284
62
27448
22219
195
5
6542
97
28
11
14
3765
15
284
1112
505
30
18
392
2
1564
5
160
6
24857
770
11
134
2
5297
787
341
540
736
6542
517
389
41
65
26428
10
258
389
6
128
85
38476
97
68
517
389
747
6515
675
46
38476
6542
4
103
767
46
517
2
896
5
389
72
865
5
633
3
1923
2
408
6
10577
2574
108
4158
2620
2550
777
1607
3437
9642
1055
97
182
41
65
727
5
10
389
6
85
54
14
5046
19
1032
624
72206
68264
3832
6
1063
6
1665
5
2112
7501
986
54
1254
7785
1625
5
3324
678
593
1032
624
72286
73421
75602
28
11
40
2615
12
540
4167
6542
97
54
14
3293
6
13
28
10
77
17
615
3
729
2
902
15
258
3494
4
4050
675
6542
100
853
139
16
1234
923
574
5
3223
658
101
2060
7947
4
3333
48
303
56
6
2
973
28065
2645
5
2
39
150
1103
8
593
92
13
784
3
309
12
26
68
1153
3
41611
133
1125
1071
3877
392
39
328
9
4902
4621
4
139
2
9094
3
2873
4313
75
85
310
724
5
89836
51416
30
25
664
142
24
476
8
30
28
126
85
46
63911
41568
318
109
6542
97
1835
4
5082
27448
22219
28
11
14
131
3765
15
284
67
1608
3124
822
3
25
20
7
23
172
5
1573
30
1077
8
30
40
208
93
569
22219
134
2309
30
14
3
137
11074
2315
511
65
20197
11074
288
569
22219
31
7
68
2
159
781
843
28
30
16
2
1467
9
534
45
9
1055
45
31
1877
4
8141
67
770
569
22219
134
21103
24521
