8
7
358
3
245
245
1638
4
13546
7
42
5
98739
347
1443
89
473
4
298
6
39
632
22
1412
134
114
728
14
88
5768
5106
4
576
202
94
46
4
86
42
7
100
488
2707
15
14639
23514
6
4546
728
13371
14639
9
3687
3
2189
645
23
4
2150
391
6
78808
359
5
391
7
8
11
28
3
11574
75
76
142
4
3188
11
945
596
3
276
89
2
6024
52
7
14
395
715
5
33
7
2752
11
28
29
7
14
30
48
147
3
3473
23
87195
14
22
9962
17418
532
25
11
7
51
804
25
11
7
73
8
4
7
340
13
3
2483
3
49
11
28
6
72055
22
1412
12
69
1455
728
849
61
3688
11
137
2
977
11
599
2
2128
2148
4656
563
3
2
347
5
14693
6
311
5
2
15505
518
1379
397
51
4754
2
5353
79464
28
10
73
2
5891
2
114
71009
632
114
31
137
728
465
44
26
178
11
93
148
42
6
197
832
26
1461
22
30538
2318
4
22
5477
103095
116
11
21
6
172
258
2998
28
457
30718
2
24
69978
31
7
1270
24
839
3019
5
3435
11
100
93
130
106
11
110
3
17
61
53
6
172
258
19
62218
31364
1040
429
105
437
2515
90495
331
452
4612
40
33
803
17967
9
75985
11
28
52
11
112
99
655
310
3
44
7
1612
89
310
9
64
310
52
33
219
102467
37
9
51
16
33
56
5
112
634
100
728
7016
33
295
3094
18
2
334
715
1780
622
7
21
2
3612
1394
164
3
93
41
6627
12
12069
549
320
662
3186
52
33
14
3
259
2
3068
10
7089
8
33
1386
2
320
25
10
247
314
31
28
51
125
16
7
21
3398
536
1087
3313
833
9
4671
982
2898
3
67
8663
648
9
41
829
30
833
3
96
507
8
64
300
7
6521
2248
2
4671
20
123
60
4
315
25
982
17
1744
375
112
300
477
1056
109
2430
3
2
300
16
4011
164
16
8062
482
54
33
55
91
6
112
12371
1367
284
6
3290
1367
7610
1367
284
6
7610
1367
33
55
68
1984
103
8062
3525
15
332
57
9
482
3
93
11970
12308
1367
284
6
2453
1367
571
1367
284
6
571
1367
2
1299
1367
284
6
2
1299
1367
9527
963
16
453
3313
2
2116
36
2
1365
5
1367
8
147
3
17
1461
284
6
2
2116
36
2
1365
5
1367
8
147
3
17
1461
2
7042
1421
5
5039
2
1365
5
1367
284
6
2
7042
1421
5
5039
2
1365
5
1367
8
55
3854
363
368
91
104
4756
6582
26
16
1389
3
248
33
392
4
663
1012
6
2
282
107
26
55
3789
6
7442
825
734
5
2
300
41
946
4
128
29
21
275
284
6
320
5
112
1243
64
147
3
91
20
722
1764
6
175
5128
109
33
25
21
147
10
2564
72
863
2
33
73
4
112
5128
34
17
1321
244
5376
477
3313
59
33
483
10408
1044
1367
418
4
10
34
62
33
62
112
300
34
234
73
126
33
117
10
52
33
84
113
8
20
7
196
5412
140
72
1233
825
898
4
863
2
33
45
16
360
9
27
55
27
1401
17
888
70
311
674
282
403
25
27
7
21
2
629
11
7
21
7233
43583
9
2
629
321
11
13
723
2560
5588
83
2
26
16
6
4
2947
2895
206
16
45
360
9
138
27
661
659
958
287
366
8
85
7
118
1502
102
89
929
88
10349
532
321
6
2
69
3540
3
4006
105
84453
230
21
17
99
94
3
488
7078
163
16
1249
3
319
89
24
119
111
127
85
18
4836
47
1794
75
106
16
3205
4
18
465
47
12165
19
1988
5
1682
4471
5
1230
156
2
550
3791
16571
27
366
258
153
126
85
44
2
90
114
16
260
110
3
199
8
237
7
118
118
3538
6762
102
89
19
2
5358
105
492
6096
6
322
5
2211
3123
4
121
11
689
10
2233
3799
5
95
274
3
3436
75
88
23586
85
6
1265
70289
30
16
3619
6
2
1502
85
27
28
23
2
1267
712
473
330
26
80
14
3
666
4
4806
85
23
987
5808
120
25
90
1163
16
1536
4
114
1230
7
48
196
56678
1988
1074
755
44
77
7756
3370
1072
12
43
105
213
682
19
9954
976
6
41092
5
906
92118
170
2
9862
575
197
1881
308
3
2736
17699
6
70
923
13
20689
12
2
9396
1291
2398
5
191
24
4
7634
63
3
2
3659
1801
388
2
77769
88
344
148
6
213
7
8
1653
192
4
3369
689
28
963
21350
159
582
2668
5
58
150
369
462
2
344
2
8
7
8
4072
45
8
144
3369
178
8
1653
106618
5
27
202
289
970
410
117
1025
305
2257
27
366
8
85
7
118
95785
1988
154
2
22
69
4095
606
405
162
78
32
258
153
24
85
44
4409
89
3
224
6
367
41
12486
366
8
3820
89
24
15824
6
22
83
2939
4
53
7
207
527
8
22
88
3137
267
1205
22
1259
8
2
3174
62
7
470
236
4
8
85
77
17
99837
13
388
1988
5
