50
2336
4
26
1047
4686
4
285
7
569
73
38
2
4
7
569
110
3
248
81
6
98
107
7
17942
393
5
2255
3047
2884
13
2
684
5
545
9842
545
616
7
37
119
122
1842
96
61
1737
5
9842
391
6175
7
68
41
119
15
220
4102
5
72
74
184
1735
24
12344
937
3804
320
3804
125
2
604
2182
4
916
163
1521
19
43
603
971
13
1371
4
1796
102
467
35
326
5114
604
1035
23
3375
2045
23
80230
1020
12
293
59
10
7
260
203
167
6
1438
6
386
8549
163
1108
776
311
6
99
378
509
5
167
7278
90
2136
4
3321
317
102
3375
2
312
5
45
12
13041
1399
7
19
604
135
163
2096
54
217
37
1145
5
894
16
11223
2182
1145
4
16
2511
24
2292
916
684
5
1837
278
43
7
7060
21
3
3573
1185
54
13
3414
604
2182
45
1250
1882
7530
2
430
43
379
44
8
42
337
9
1279
3
3279
4
1692
3375
84
7
8
10
7
23
3507
5
1678
4
3387
5
293
430
559
102
730
43
4
2215
108
4
26
623
156
4
559
7
37
3
17
1371
257
2854
15504
43
1784
5
559
4627
2207
54
7
2045
23
5486
293
28
128
153
8
30
116
26
219
61
3
271
4
10
4
4782
2586
30
25
116
912
120
30
25
116
912
59
11
453
8
20
4603
14
1694
2
448
5
5391
10
40
17
1634
15
293
100
297
6
268
8
10
1153
3
15807
5066
12
4816
6
386
4
278
19
7819
6539
430
4773
2493
8
62
8
10
7
165
3
17
3976
4
55
971
59
4
120
10
14
10
1328
56
103
1863
1687
6
386
12
540
936
45
4
10756
6
1163
5
7824
4
27086
2743
124
102
4652
873
75
293
1692
1438
6
860
13
84
1123
2
1170
695
15
293
90
2006
2400
6
12
48
210
1127
925
650
1796
102
1438
739
12
318
16
518
571
2119
6
389
5
312
15
42
1882
3528
4
642
198
9
2
60
59
293
1145
939
405
10
1137
12
293
6
161
278
4
386
7
131
136
5029
19
43
4
3627
12
2743
1619
3
1546
293
423
20
132
17
41
831
3
25
2
1127
839
1882
317
79
1438
54
132
18
2
90
2
169
45
165
6
10
76
16
1279
4803
405
5194
92
925
29
217
12
1046
1295
389
5
1438
7
21
313
131
529
12
540
1679
87
10
7
196
1130
9
45
3
549
38
111
4
1127
839
13
134
81
3
942
53
1766
5
3375
1796
611
15
10
105
7155
8
132
4385
215
5898
87
1185
115
21
14
3375
3
848
3
2
163
1982
19
7530
54
7
604
1060
5
8272
639
97
13295
8
13
47
794
2
9023
124
102
1185
839
170
43
13
47
424
3
1227
4
1218
2578
175
7530
4
1185
36
2121
1521
163
2
1307
8
13
2323
170
1185
13
10
556
767
1940
75252
4
2
1413
5
1746
525
43961
614
6
1206
3245
2182
2096
34
17
1249
79
2
7173
418
464
5
3375
120
684
7
2292
916
53
16
967
223
604
3673
37
2336
4426
424
3
123
4
916
312
54
26
55
21
319
59
26
40
2351
3
317
652
4
1243
61
38
735
10747
5
1746
15
2182
8211
23
23474
606
652
29
20
7
118
6286
19
1185
604
3673
16
377
51
43
14
87
38
475
7
131
3627
12
43
215
4
105
144
2096
28
10
13
495
537
24
43
211
14120
1148
4
76
43
871
16
425
3
17
8729
1108
3
251
6
1619
2096
1007
42003
37538
14
1299
2
254
8
30
14
3
4348
2274
9667
140
10221
312
140
30
34
1137
4
4348
10
11
28
331
37
1307
5
1844
19
1185
36
10
556
767
11
2430
5
376
3
870
559
30
18
146
507
53
34
17
64
57
163
29
2096
6
559
26528
6594
5
735
743
4
2096
158
95646
70172
28
1185
13
47
4
3423
3
3375
69
48
525
11
28
8
52
1185
317
102
2182
418
6
1837
278
140
3673
40
172
38
69
2599
23
3375
1197
30
55
21
14304
583
6
67
10641
100
111
52
67
308
7
3790
293
7
501
10
1349
9496
5
1863
708
1198
6941
19380
5523
4
13787
2487
1771
29
104
64
752
392
1083
26
370
7
14245
16
41
1566
372
257
38746
16642
134
1127
35
1334
8
293
1145
13
1371
41
65
708
1198
102
22
163
6
389
1438
54
7
86
42
5
725
6
794
2
2557
834
1882
324
203
167
24
4258
75
5194
79
389
1438
59
293
1145
1362
24
111
405
81
4
3279
8401
3330
12287
24
502
168
3528
4
762
12
3487
26
13
3
5755
6
111
126
26
945
295
56
12
747
11
293
39
710
21169
307
2889
12
540
5
1692
36
1748
215
1660
211
11558
6776
5
2
17116
10
28
14
533
6
1268
847
5
1438
1145
4704
10773
8169
155
7
1832
4
12850
3487
4
1215
2461
4889
24
679
19
2421
5
824
18
260
2383
42
5
273
194
8
34
248
516
229
78
32
192
119
111
235
66
7
20
55
32
484
56
902
8
914
191
617
71
4
192
