19
2519
12353
2
177
5
4481
26977
69
54
14
79164
5
22
85
69
4481
13
26603
22
837
23
143
35
9
1586
594
37
15900
936
8
206
7
14
5992
23
81
87
26
50
5992
23
180
11
28
184
3
2603
6
197
35
216
3544
233
59
414
537
1517
16
6
179
619
28
35
216
13
47
2440
9916
40
768
224
171
91689
428
1271
9227
1517
43
35
216
158
7
21
300
3401
176
582
2284
15854
1295
12
298
1188
5314
8
176
40
21
93
2692
54
11
28
50
4073
4481
4359
8
204
4
539
13
1407
3097
3
1852
1060
3
3401
29
11
40
1427
3
137
52
22
215
697
3
218
501
43
537
204
26
16
10291
43
539
68
539
7
555
476
33
14
26
326
180
16760
254
30
1595
53
149
276
33
29
7
353
1174
198
87
7
14
1379
215
52
26
18
98
255
87
52
33
18
52
33
14
3
2502
3
157
1695
29
234
1867
4
1449
743
26
16
5992
3
43
463
19
7082
14896
7249
257
1286
4
7707
5
4323
15
1987
9589
295
2
39
2618
125
43
23
248
144
1828
5
4323
15
112
4256
36
4309
2722
5
554
144
1928
84
5508
4323
3299
4567
1394
164
1928
270
144
4323
3
248
858
2
450
39
703
8
420
2
3080
333
9
108
39
30
178
751
147
4
1743
38
83
450
39
703
3
319
3180
933
2440
4
3
800
751
2
1280
1099
3
8933
3768
5
882
39
152
745
65
761
16
470
1255
5
2
39
141
2045
23
395
10
2058
9
81
3
93
432
283
299
4
1227
241
1427
8
18
4318
216
5
745
1091
2874
83135
745
18
146
2857
9
432
1081
299
170
1957
739
10618
56
655
708
6
355
1957
28
6
2
181
3
233
20
205
217
7
25
503
1013
3
169
708
8
18
47
12161
56
8
1957
269
1208
4066
14
1142
3
13982
76
5
591
233
6228
9
348
3
1486
299
9
745
23
1957
1572
4
55698
4
162
2340
255
7
216
4
8
10
147
3
25
2
282
262
2813
655
348
26
68
14
3
160
2
14628
6
141
8
96
10
490
9
76
745
6
2647
418
3
988
26
244
23
275
311
24
2
1957
283
22183
92
705
2613
2
787
6096
511
65
19
2299
311
1293
589
5
745
73229
243
38
244
12
368
3
1361
20
133
131
275
30
55
25
7
1061
26
25
18
3
3190
168
16034
3
495
299
26
147
4
18
2579
28
117
3725
31388
4208
650
1424
35
13
72
42
1957
24804
655
348
14
2
531
3793
5
128
66
3067
141
1507
6
411
3
181
8
1168
5
745
210
122
1645
9
2857
23
2
1957
1572
6
4135
4
8
2857
433
50
3399
3
2365
2581
2
952
5
92
181
28
639
1075
133
13052
1427
590
122
7245
1492
57
107
3577
6
5198
2581
9
745
1279
299
4
4730
9
1286
31
5203
939
3
966
13904
19830
141
1355
19
63
617
71
6
1206
609
745
31
18
4605
41
65
44
9
4
2857
3
93
103825
299
24
2
556
1395
10
68
609
745
31
244
23
275
311
24
2
1957
1572
36
3046
3
93
432
299
4
96
10
2058
3
583
1957
909
908
5
107102
655
348
1899
4
2101
348
8
609
745
3
93
620
299
9
13026
36
2603
21
1131
23
1957
745
18
241
3340
37
1645
205
36
80
66
3
17
11047
9
432
299
4
90
16
2982
655
708
34
8737
95
255
640
627
19
103719
25
178
98
5
43
486
8
53
40
17
2
9138
3355
3
549
1957
213
23
48
29
30
16
165
341
6
348
964
2515
2838
5139
802
5
111
745
1091
369
134
523
171
2
264
3482
5
43264
1272
3
1356
246
13
1118
2
2082
444
5
941
6
233
120
195
28
5080
141
26
2697
128
1308
3
5982
1957
13
21
47
1403
4176
470
246
351
24
655
348
72
258
205
75
10
14
1371
7
8498
80
5760
1004
4
745
1353
46049
228
240
2
1135
11761
22
265
4120
10295
16047
11056
228
10
3460
4
117
256
1618
6210
42
5
141
582
824
28
233
21
86
40
2403
354
29
900
3
80
803
74534
117
1477
5880
669
162
12
265
745
1975
28
6
4
407
11
40
768
98
22896
5
715
25
241
2
53
16
2581
4
139
15
2368
5
299
23
43264
2557
8
1122
54
13
21
47
2925
4141
3
233
40
248
1061
8
207
745
495
299
26
18
2579
4
1743
2118
5
120
26
1386
3
93
10
66289
31
365
74
2
1957
269
6
878
28
11
208
1368
3
4125
655
348
36
2053
2201
10
472
11
28
11
551
1153
359
5
779
6178
11
4496
2
20583
7732
54214
112
2623
33
16
6258
29
33
396
317
246
24
6252
641
3
686
641
149
8
7
743
7
322
11
28
23
2
3240
779
1107
126
111
745
1091
56646
27715
437
5
745
1091
4
13347
23
70
6730
1247
745
427
528
228
4066
2015
72389
715
24
200
17107
348
4
1292
1671
3219
27715
28
2158
8
1957
158
13
1439
9
655
348
2
2
4342
107
3
1899
1744
656
3
53752
