7937
11452
620
6119
79
67
760
4
23093
83
5610
455
130
6318
2
7
485
926
4689
439
3
157
7
1062
4260
52
7
40
1920
3
137
130
804
285
6
2
6177
5
1425
4
220
4111
95
1305
4278
79
67
6318
4578
43
19
67
4467
7709
4
7395
23
43
3
93
620
30
50
140
4134
79
391
10507
120
2
1305
1093
22
2692
23
67
151
4
12474
43
3
234
61
462
6
637
130
5678
4
7
459
67
1070
4
796
1488
5
67
90
226
118
5924
83
4
5291
24
11160
140
303
14791
4
6766
165
3790
79
10507
2
95
1488
8219
3
585
6
4697
1305
583
38
419
6
603
4662
26
2317
43
46
52
30
367
697
3
137
67
907
285
46
3
2521
3642
3
2030
6887
16137
4
8711
12
469
5
3790
2935
5
67
308
426
7
9389
3008
8
14
4909
10507
9
130
542
4
5678
4
6427
2214
81
11561
4
870
3
3645
439
3
157
2
26
18961
12
67
2412
2935
7
14
25
1758
8
534
2
7
14
7
608
3
3937
15
81
3
154
3
38
448
64
42
720
7065
769
3
4
1038
66
547
4
321
9
99
60
6
130
290
7
1047
271
73
7221
8258
7
1211
8
1284
4
459
6
157
7
14
260
15158
15
156
2
448
5
2644
8
7
72
77
12529
6928
837
7
14
6
828
7
14
2080
6
107
64
1553
1052
40
18
277
2435
409
16222
10507
7
796
2
1305
541
23
180
4
1077
11
1389
3
163
180
3
3684
7
5445
4
70
1488
165
3790
1658
3
130
5560
4
4578
9919
1034
24
8153
2
5678
2559
2
1305
349
6
12
180
7
7987
4
866
165
13613
130
9919
1034
5
1488
79
2
787
5
1092
31
13
2373
3
2665
19509
343
5
8
44
40
154
3
1830
48
8
7
18
367
196
9
46
36
102
16779
15197
6887
4
8617
130
804
4
7
850
2283
3
143
35
4
7
2229
667
1916
41
65
476
7
72
697
3
17
1919
3
1540
6
4
17
2222
19
130
4838
1965
130
99
320
7076
54
7
160
3
7077
993
3120
1811
4
130
32010
311
1268
1510
50
334
248
12
8
853
15009
2173
16123
24
130
5678
80
23
8
534
406
26
13
260
13856
2
14750
31408
5
2225
21631
211
16779
15197
47745
93443
6887
4
4748
8617
54
7
84
123
2
2
11204
130
5678
2402
1023
3
30471
180
6
95
66
2
52
7
50
2
3422
70
87
5
130
1175
4
6093
321
7
1062
8
26377
6
130
5243
59
7
99
13910
130
3951
14980
4111
46
48
87
5
70
1488
8123
12
10
4059
271
1047
25
201
37
2149
10
2
1329
7
165
13
59
7
1443
215
10
313
8
1488
7
630
3
2262
6
2617
14
7820
3
130
910
36
8
62
7
1047
2433
2
7
901
130
133
4111
59
7
365
130
3476
5
11239
6
43
1811
7
726
130
2625
2
1792
4
331
49
3
123
76
1089
29
11
14
25
5442
15
2739
4
4916
8
11
2669
1075
3031
4
1315
3
6940
86
2
281
806
5
8389
11
2669
80
2092
59
7
14
612
3
522
2
99
11744
232
5
43
1811
127
11566
2070
1696
12
8
44
7
14
2043
196
4
48
7977
5
95
8188
5
130
4379
819
945
2584
118
14695
87
5
130
6093
4
1251
6
95
341
66
13
190
660
12
180
10
434
180
3
247
5093
2808
3
1160
5
57
45
2053
7
9017
8
52
10
50
9
2
623
5
2518
53
14
4
4627
7590
4
17014
2107
11319
6
90
5
1015
31
8188
4
6620
180
465
7
1588
95
183
8188
77
17
11458
359
3
38
907
542
36
80
4930
7
1366
140
8
52
640
622
7
77
1220
2125
5057
4
976
81
362
3
1097
56
6
10599
7
230
6
484
1113
38
976
4
26
230
140
137
180
196
4
172
2467
24
156
2
236
5
623
4
1114
168
6850
5017
4
1585
7
14
458
3
800
2125
2
8993
5
130
45
4
2053
24230
25715
5
25
136
8
70
277
4290
3
20
44
7
18
542
24
5161
391
311
391
422
391
4
215
31
468
180
8
7
353
86
449
26
18
367
508
4
8
13
26
21
1118
180
38
2050
12
1599
40
18
47
6568
1073
3
7644
21783
1530
8
13
6544
20
133
170
1029
109
6
7
716
722
2110
3
2072
582
5709
379
5
1811
4
140
6
7
14
6554
3
522
23
441
625
710
6
1206
7
5660
3
3300
1157
6
1665
5
7
608
3
2383
62
25
90
5
130
1204
70
50
9615
2
6915
43
1582
81
2252
455
449
4
1599
7
2263
277
2125
6
4
157
120
7860
2307
7
13
1061
2
2
977
365
12
4
9512
4
6630
1874
4
729
120
26
716
271
73
4
2023
4
107
5
290
19
60
7
1135
130
215
427
6
7
13
2302
3
610
8
67
648
6
311
35108
6826
819
6
3439
5
334
41
65
7354
3267
8
6
484
14
146
451
19
2446
5
2
39
1809
1599
46
36
511
5
2
6546
4670
19
12748
5
1599
2
2
1083
1251
2
2
12573
6146
