342
179
14
21
1389
9
537
974
29
8244
40
91
250
17854
2461
100
548
20
40
17
1219
19
2
1134
24
8244
437
257
884
4606
664
61
941
361
5672
135
127
94
4
159
117
1697
4606
1957
28
466
8
11
768
250
342
224
9
223
57
337
947
4451
991
2
1189
1449
5
191
6
2
6613
818
837
6
250
588
7
6
51
10
115
21
16
57
65
342
139
8
609
250
3
218
3
1113
2
1189
1449
5
191
6
2
131
6613
818
4606
28
12
2643
736
1140
10
1894
546
10
1894
2292
426
2090
31
976
1052
245
147
76
60
12
12492
15
480
3
276
81
718
718
10715
1528
1052
6
2
423
3
35395
174
20
7
73
1528
2
687
4880
6
496
5
2
419
1364
82
159
636
1221
2071
13968
24
421
4
542
17
2163
7
33
116
8
53
16
86
103
41
466
274
6
1308
5
8
2
182
5
1020
33
50
1192
3
25
25
90
148
20
1308
82
100035
4300
36
1552
2535
51287
36
46969
3508
36
6282
112
83
2652
67411
36
1112
729
5
4145
2458
33
3469
9
1570
258
205
404
29
33
116
31
115
599
2386
1308
10181
590
463
36
1891
37
45
9743
6111
81
12
338
152
2163
2163
25
299
51
33
113
37
38
1308
240
2163
25
833
6540
2163
16
21
1686
37
38
5820
3388
2645
2163
25
21
116
51
65564
7
25
982
790
104
566
2163
3951
4
38
2625
18
325
60
367
6
2
39
1369
347
44397
9866
2639
4
72
54853
1079
5923
7
2094
356
1301
9
421
39
14
421
39
99
6
112
6107
207
44
527
61
12094
5923
1443
421
39
1545
5959
6
878
5
4
522
2
2094
356
1301
292
6
197
832
4047
11
824
814
421
39
99
105
39
383
4
350
191
671
2
1468
339
952
12
4868
5923
96
3669
1510
12
703
211
1508
1057
722
181
15
5480
4462
4
421
39
540
15
1079
3075
11
68
420
755
105
1312
9
421
39
1203
5
35
775
4
7
465
485
6
1665
5
104
2960
687
643
7
2431
20
34
1463
95
419
45
2431
7141
4
2336
16
572
362
84
8
26
2548
488
5303
3
144
76
419
57810
9168
2
1803
8477
5
5814
4
2582
2764
23
179
10
5449
8
687
643
3274
4
864
102
419
3
17
4811
102
864
6
38
950
29
3
419
10214
687
643
16
21
864
102
419
29
9
81
691
6
687
643
7
86
4119
161
210
8
26
415
101
3155
81
3
3493
6
66491
21
80
314
8
737
12
419
4
419
581
469
17813
3
864
74
268
281
568
419
4315
6
43
13
2769
24
2
3594
139
9
2647
9730
4
5209
3
2
359
5
4745
5
3968
4255
4
309
5
6088
455
71
274
4
48
160
26
929
419
3726
13
247
41
9720
4
14728
1333
419
79
391
3446
4
102819
13
533
236
6
1976
5
2
2100
4
2670
1700
5
133
2
415
157
4
1668
157
18
247
41
4541
15130
4
4065
24
42
190
103
210
16
84
6168
5
45
31
859
2270
113
4
488
3699
46
4
16
186
4
186
458
3
4337
419
139
7
2
13492
482
29
239
24
86
18663
835
8
52
1190
2587
12
419
6
43
7
3
160
10
34
17
168
2476
105
163
21
168
416
4
864
419
18
84
11515
3
446
5
4992
4
1947
418
1138
820
1097
5
89410
66
4
23451
616
5
3521
4
338
2304
654
13
1407
8
2
1079
18583
6144
6
4
463
128
66
521
4
222
2167
37
356
6
177
87
26
16
382
45
23
446
5
3426
6459
4
80
4108
73
25865
4
5548
18583
394
2373
8
654
6
22
2409
1965
1851
563
58
52160
1299
6961
256
29469
4
1580
1544
6
10472
4
1332
55238
382
71056
4
1580
50
3377
6279
3
20
986
19
393
5
4753
256
69779
54
653
292
12
2
952
5
3666
8
222
2725
2
571
13237
51192
654
13
4017
20
660
6
177
3
16334
446
1340
8
222
18
1457
101
47481
12908
7
2
7867
5
16247
6
1332
39019
26296
25269
486
3
3331
1661
8130
4
623
411
90
3521
999
211
2680
4
5135
18
47
4017
3
12376
6098
5
47482
8418
3
1322
26376
55
242
2
11812
9
2680
623
4
4836
3972
52
623
2233
861
5
302
90
4108
677
3
222
55
17
388
2
315
3
14635
302
2
29469
4
1580
6144
654
2524
346
8
3361
7
6279
693
15
5310
28370
594
9
316
1820
6319
5606
8772
11672
4
10532
2
149
2
5819
594
156
2
2896
5
837
8418
3
447
4
439
47896
107
5
8064
841
7
6
461
5
65199
1561
2
303
5
566
853
3426
4108
90
6961
91
9
2627
8117
3
576
56993
24397
45470
4
83571
963
22417
481
544
20
153
521
4
222
2524
5428
12
2
281
5
104
4108
521
16
41
555
3
39
576
15306
4
6036
222
2351
3356
4
1190
2587
521
16
41
7672
5
180
14130
4
4603
222
2351
99439
5109
4
54254
190
107
3
3134
841
5148
6961
4
20104
650
1769
16825
179
12527
13
1238
37
126
1159
4992
525
103
5758
15123
1582
15848
4
22152
1582
24073
