408
6
42
1997
5545
5713
887
26
3976
2
289
567
24
101
41
65
1444
3
2
28323
7
253
8
235
681
34
2731
24
183
567
87
567
7
4813
325
600
3
117
1482
301
40
17
9
111
202
3
1595
480
31
7
4109
19
1761
97
2961
161
958
4
620
5
233
25
8
59
11
44
8
2
2386
788
8
34
1845
3577
6
2
1639
6
199
4
2
8822
3741
5
162
1042
26
34
340
976
40567
39520
5
775
356
13
160
51
10
242
3
666
3
345
2
775
97
51
30
73
3
251
792
46
9
681
9
63
1112
46
465
869
3
1569
385
4
2953
5
382
2696
4
8430
56
62
3
611
81
79
2
902
3
144
188
8
364
2
334
271
9
597
4552
753
4
3563
5
1071
8
7
51
30
91
3
116
2
11027
55
248
20
428
525
29
52
3191
2953
16
2106
19
150
139
73
8781
943
1839
4
2594
63
140
262
5
902
760
247
8
136
41
2596
975
132
21
18
47
88
5852
2168
195
29
22
255
2
4466
1337
16
68
4366
4
4813
4
3
2145
8
26
1861
10919
5
150
46
4
465
5398
46
139
79
775
85
26
132
296
2670
65
1761
88405
90172
259
7
177
5
10323
5
2961
4
679
105
1008
2268
4536
4762
12
97
213
137
41
10323
5
2961
9921
4
544
1421
5
20
460
39140
2733
158
719
315
102
1470
680
6
35
10
7
35
582
75904
46
59
587
212
873
2
1387
101
3
1470
680
128
860
272
31
517
719
187
1289
8
895
40
346
39
107
3
1195
33327
34
18
3
218
431
1697
9505
28
140
46
4
11
14
95807
557
2
66
35230
838
74
665
5489
4
3332
101
18
1603
51
13
47
980
101
578
2943
1418
6
817
1250
102
2474
6
35
4
1163
2168
4
605
22256
18
47
5046
19
4
22168
2733
582
279
4
2
7293
1854
826
3070
2
1742
5294
4
2
197
35
12065
4
88
644
2
222
3270
8
13
3248
389
24
598
3
3728
3
464
53834
208
486
20
13
3
25
15
72
680
44
14451
43438
669
823
63
5
605
3289
23
1815
2095
574
54
929
90
980
101
895
6
212
20
7
37
41
65
79990
68
37
41
65
3766
782
2
464
673
141
8
1336
3332
45
101
3
91
166
10702
9938
3
38
2007
1947
13
1982
3261
101
185
9
268
103
81828
133
980
101
578
13
47
1118
15
556
941
46
1119
120
10
14
275
761
156
2
4432
54
13
258
60
612
2
3548
1600
8
13
163
578
142
12
3795
186
65
2
66
75
10
1832
1330
587
212
335
6
9505
1582
6715
8
2904
1470
680
83137
76
20
7
235
725
6
124
44
562
20728
92
1091
437
23
399
101
69
226
1247
980
101
528
76
5
5632
12
57
210
76
5
2582
5632
154
24
98511
210
6
838
44
10
37
626
101
46
3261
101
3
244
361
24
2474
4
665
36
1493
101
3
244
361
24
92
3849
10
2372
3
842
2504
4
2093
46
4
10
132
21
17
241
126
2
1644
7
2685
142
3
587
28013
113
20
532
7
110
3
17
13132
29
2
182
5
1072
55
17
42
6
20
532
44
15109
29978
605
437
23
150
456
9
3548
101
10
34
1292
17
61
3
587
212
3
516
229
1851
14753
5
658
101
309
4
1851
776
5
842
1167
309
1403
789
3332
45
4
9
8
323
980
89050
1806
1884
1804
992
12
1470
680
364
2
795
5128
1259
5
124
3
27912
99
1167
1061
8
665
528
4
417
16
398
2864
1250
2
26
1153
3
4016
1291
8
16
25
9971
4
25
813
3
38
244
4
1175
4
3
38
83
1037
6884
3
218
347
1820
26
18
241
2219
1884
3032
183
7
560
5
95
31
768
1470
680
9
57
93981
838
13
2302
241
126
587
212
335
6
35
120
1470
680
260
14
605
10030
31
900
3
2025
6
980
4
3548
4725
292
12
665
4037
50
809
5
1644
88
5
81
182
341
1701
4
18
48122
99
372
527
5
2119
75
422
212
992
324
56
5
274
662
114
6
4432
120
1600
13503
6048
6
716
42
5
99
2195
980
1600
5
2
372
43
312
2257
2
312
58094
7633
3
789
1440
292
12
4999
8
364
1069
4795
4
2007
1947
1357
2850
64
471
6
225
50395
1628
4
1766
4
5622
10
44
892
1153
437
5
70
658
3674
637
3261
60424
20
66
35
2475
6
413
1393
2123
3728
4
464
673
893
141
1333
142
102
3261
101
200
50
7120
19
58
498
5065
23672
6
413
1393
4
10981
224
6
2123
29
1355
19
3728
7084
11556
4
464
673
268
80324
141
789
95
31
2306
427
292
12
665
4037
3
980
680
36
3332
45
464
673
1090
35
4
10
12190
24
4781
658
101
1250
292
12
1069
4795
36
2007
71819
1649
4
2793
5
665
1556
1053
6
1665
5
9505
44
10962
12807
802
5
1556
2668
2
222
141
1199
4
113
2148
646
6
315
11
251
10
72
2618
5
8635
5
51
30
34
137
2
9505
870
3
2426
12
798
5
19541
431
1123
