22
179
23
2900
414
12
703
294
456
9
48637
2
10676
3
1265
1236
68
758
2
986
6
1269
5
2304
7302
1851
1181
5
15329
191
4445
6
776
187
5
15538
14835
2172
15
1830
25290
4999
333
333
884
20
994
187
7
68
1664
6
20
986
42
148
7
9
856
10
42
5
1373
3058
8126
8
13
4
218
3
385
2
529
2840
5
2304
543
164
7
2
339
5
159
2621
3584
624
457
18301
876
37
662
231
104
2172
4
51
76
5
81
50
377
3
215
1129
329
72
17
314
104
2172
16
4691
388
5143
12
603
3831
4
5143
12
585
3831
4960
20
7
271
8
13
721
889
52
21
589
5
60
20
7
294
8
47
146
166
74
268
281
66
9
482
2
8779
3584
625
710
799
62
42
56
5
589
306
482
10
829
62
103
14397
2828
425
1649
4
2172
17705
10
14
68
5143
12
38
11524
3831
161
1129
576
1170
15176
4
2544
110
12213
23
2
2613
5
23173
311
24
2172
164
7
4
4865
24
181
2
2757
2
1573
5
18604
311
10
182
48
15176
4
1215
59
723
351
24
2172
4
1350
14
64
752
2
447
3
10
1706
11044
48
15176
4
1215
190
16756
25252
2172
324
56
5
1774
2172
373
2172
2685
2285
455
333
181
68
607
62
2
2232
2172
13037
24
1708
2172
723
958
10461
5
682
4
140
41577
1774
2172
20
1146
500
9
363
509
7
516
3
91
20
482
87
10
13
2
217
5
8779
1017
150
214
799
54
801
3
62
62
1638
20
343
14
533
405
1303
422
4039
603
163
379
16
22583
1229
37
2783
29
168
158
4739
4
5990
90
553
16
186
3
178
2518
2845
2172
16
4097
159
573
5
1654
26199
24759
333
3246
60
10
86
84
8
41
45
16
1712
3
247
1471
5
20
294
164
7
2
1299
24
387
5402
7313
126
19588
5
48
5
104
1057
20
148
13
1968
25
29009
174
10
7
72
1523
3
93
476
12
10
7
18
64
354
31
302
2770
5
39567
87
3034
7
14
134
6
156
4
18132
107
8
10
14
1216
5
130
402
8
7
380
208
630
3
96
10
3
17
130
402
170
7
18
47
1918
6
20
1073
9
2
241
60
4
7
25
116
8
1112
603
163
13
12
1073
7
110
3
469
1264
1068
82
387
5402
7313
802
5
265
625
369
333
1044
7
2
306
3411
24
824
4
1574
1477
12699
533
24
553
1107
12
2546
26503
10
48
61
6
42
865
381
2412
1008
663
1038
45
24
231
108
15
5797
1677
4
3521
6720
2
26
8590
12
2
9509
3511
3545
79
910
5
5055
4961
33
55
790
20
3438
1709
361
9
44
19
6896
164
52
3503
14
340
280
4
13
123
1155
5106
37
10
40
17
51
505
164
4
2412
1008
3542
7
2113
42
6
2
241
368
5
4297
5745
24
20
151
5937
7630
2494
53
7
64
221
291
5
78
355
109
3714
10884
1062
59
78
32
14
3723
8
53
14
64
221
291
5
49
72
2
214
937
80
59
221
2257
8
366
149
8942
3902
1472
83
3691
2494
7
947
61
8
366
25
1529
80
122
798
5
32
13612
7
24154
102
221
9
2366
78
73
8755
24
83531
818
5
3494
1239
3902
7
3806
3
547
2468
53
7
64
221
291
5
78
349
112
1070
4
44
10
258
60
221
7
21
2366
78
10
21
10
21
6
2
1135
35
5
3816
12
429
2643
350
8942
3902
4914
244
1203
5
138
27
876
23
2
410
69
712
3
3660
8607
94
9
2344
2
4049
181
8
221
14
3842
4
3276
291
79
78
32
125
4
4690
479
954
3902
900
3
1205
738
72
2
182
5
8216
3
25
11
21
203
618
291
6
209
10
21
4
291
10
72
2
937
5
125
11
7
21
659
3
221
184
3
892
530
53
14
64
585
3
3215
49
25
53
16
64
659
53
64
5684
11
13722
7
25
116
80
120
3
42047
7
242
30
18
3
243
10
6
76
1976
1976
7
8
2095
78
32
13
247
2
1698
4469
29
2
7
481
544
20
153
209
5296
13
247
2
152
461
9
3723
12
22816
5
10
8939
738
80
59
10
6096
6
322
5
1441
738
53
7
64
221
291
5
78
580
31
178
8
7
584
76
1026
5
11837
31
1795
3
51
221
340
44
511
65
51
1472
44
8
5
153
404
7
481
2
1165
35889
463
37
776
343
8
77
2861
3
3491
199
6
950
5
138
27
74
78
32
4
140
7
6303
62
136
332
40
323
64
795
8114
2055
24
41031
1598
343
5
617
71
4497
27
819
3
18
2
4678
5
191
12
10
83
84290
1934
364
307
5
39
4
5087
32
125
2
205
5
40396
1456
24
27
4
2
718
283
5066
9
32
51
2362
784
3
803
301
14
191
5
2
281
5
104
1146
4404
23
183
60
30
380
84
388
39
4020
125
1030
20
14
2906
103
153
5
15272
2013
1456
24
27
1011
433
13
47
37
103
44
4
2
3629
283
139
9
32
2
17343
171
2
3031
30
68
796
