1849
4
2368
5
10
163
6260
6302
6
4
315
3
2537
204
1669
4228
63
1726
657
1371
2
20304
12676
2427
4
8479
348
3670
5
20
315
50
2156
6
4199
4
1078
6
59
263
163
301
6346
1740
282
794
959
4
9586
282
7125
65
6
21462
124
2
568
544
80
263
1459
1235
301
8
38
215
6
10
593
35
40
17
64
2642
9
70
4
1006
163
6
2
15117
3508
398
652
3862
4938
5
2568
7125
3
2700
5479
263
1747
3905
84
251
9
341
91
5
342
537
3
5570
4
1809
3862
2568
163
3
243
20
6
2050
263
195
16675
178
8
26
16
944
5
2
2743
1590
19
1006
3
10221
38
133
4
8079
10
414
748
26
173
6
994
3
4778
5
1006
163
6
4225
426
2359
28313
3237
5
1669
6074
6
51
14
370
1746
5
2049
637
4
6
2156
1713
5
627
146
3
8438
6
8
1006
40
21
25
25
2
2
284
204
13
47
11550
10
441
6
418
11173
1078
4
4225
35
4
1563
10
925
9
2
451
4819
15
1006
163
6559
53
20
7
120
342
3835
1827
1245
6422
8
10
230
17
3166
6
2
475
4819
10
215
1584
18
228
9
341
91
5
4320
342
537
76
5
54
64
967
40
1834
8828
2196
6
316
3
9677
1006
163
4
10827
81
3
3196
794
13276
6
204
20
7
4586
2
19593
788
2
11415
3
1747
342
167
12
43
203
156
2057
40
4583
284
6
204
12912
12
57
435
2
1504
342
971
25
5576
801
77
1497
1666
1330
12
4816
261
16061
8171
3947
124
2
9691
41941
5
8966
9205
5
414
857
920
20
788
1718
8
156
3660
1504
342
971
34
18
2
12208
660
12
1809
54
34
140
4083
4
5420
3
51
1304
4320
342
537
18
47
7606
79
1589
158
215
3905
469
2518
398
1304
5
4739
2274
156
323
10
7
2156
301
8
263
18
47
2392
242
15
54
3
1754
156
1504
971
5
1832
594
3
701
1459
6
20
2238
7
38
3237
5
17139
24810
3917
1148
2
1265
1421
5
4437
18696
12501
1148
91
19
1822
3651
163
171
18411
124
5
4
3907
2358
124
5
28
3
18
2
1573
5
5559
72
474
8828
1194
15156
55
1518
536
2
2568
36
2
342
5527
2
2
284
2
1943
133
36
2
1943
215
77
208
17
507
54
1105
10
230
17
1451
4
230
551
1718
1375
1197
3
156
1686
263
18
2792
15156
6
11303
2
2956
7149
5
263
1746
8917
175
3938
4
7765
8
72
505
3
243
10
474
1573
5
90
701
846
1163
6
411
1006
1584
18
1731
7474
342
3835
586
2251
46
12701
362
46
8
263
34
86
17
1403
12620
24
7576
38
38589
788
52
26
116
8
1006
13
2
4363
2543
3
25
183
23
131
275
51
816
76
5
81
366
7
2
41
3669
6192
5
12695
36
42839
1706
6
1755
12
204
6614
3
1901
1006
3097
3
4040
3
1504
342
971
196
285
156
317
16
21
321
158
1006
788
29
10
314
8
669
158
16
5395
81
1638
72
62
48
5
20
230
671
56
6
2
846
771
7
5
376
2518
29
161
210
6
4
1136
12029
4074
16
541
3
1205
8
342
537
230
18
2
475
215
564
54
7
5
376
2
6213
9
462
11088
5416
4
1907
5
4
7409
1026
20
837
7
253
3
247
41
5782
6
66
805
87
161
197
4
1589
313
4804
210
12
2392
4
7023
39
342
537
1448
15
72
156
147
6
634
39
342
11148
161
426
16
260
6
3495
5
4145
4
1581
4614
315
3
12182
38
342
5239
5
48
537
84
118
2178
103
6615
88
2680
6
461
5
8
342
3835
16
2
39
263
15976
4571
1148
19827
4
4
1108
43
23519
4571
1148
23538
1948
3917
1148
54
830
1028
3182
126
3655
3
971
38
809
156
4571
1148
469
474
3182
1075
38
1941
70
158
366
8
263
19827
1454
84
118
2792
7
5
2
1105
10350
19
8828
2196
261
1930
1169
35
216
1337
6
2
2401
8
10
13
2
1573
5104
5
7195
3
7195
54
40
962
243
10
6
1713
5
8
2196
19
1724
263
1669
163
3
1935
342
5527
102
1163
1075
730
4
311
389
6
2
1504
342
124
19827
7
253
3
988
42
5
88
17700
238
188
139
235
63
34
322
25
239
119
111
13
47
3758
3
310
1589
196
490
6422
8
263
230
1406
19
2101
8828
2196
4770
4
25
2201
1841
7869
12
10
1148
348
29
90
6
233
4
223
197
238
188
698
16
3184
3
137
235
12697
5
2702
266
123
2
3527
2120
52
263
25
3721
3237
5
1148
2424
1589
15
41
2622
288
1084
36
1249
455
14245
73
3237
5
4148
9151
213
6
730
263
40
6
484
4219
2395
156
317
2
447
3
38
1747
8597
163
4
25
4
4504
9
606
537
6576
1858
198
2
2381
1701
6
38663
1411
124
342
1060
237
12
70
210
537
5
2247
594
7
2
39
1421
5
23519
4571
1148
1722
1328
19
3154
68
508
2
9262
4074
537
29764
10
7
73
17139
761
3
17
2792
6
161
342
4
2568
1421
1293
95
12
595
2730
117
7524
51
230
17
