1112
12
38
634
6
2
14387
74751
51
112
5291
164
1026
5
107
53
2
1548
17
3
35
222
356
4
19
4
529
64
42
14
3
2855
98
5036
60
631
37
44
980
79986
7
21
3
44
8
222
7183
6
39
632
25
18
38
83
14628
42
6
5343
23
65187
2327
23
275
299
2
182
37
293
4781
33437
12
3317
4
8403
5
713
52
33
50
4260
128
848
206
39
632
202
265
94
1256
1513
1296
110
12
37
293
1145
4491
1423
614
3
11679
70
15
4780
2
281
1110
23
13644
8302
6
10634
40
96
10
859
314
53
2
7502
2318
3
39
632
40866
424
3
1546
133
2
565
6
17900
4623
4
2
12106
76163
99411
3556
14084
3
180
171
381
24
159
700
1896
256
8185
11
14
1876
3
593
135
63
46
36
162
63
6
16315
5
2009
724
8185
13
72
28
8
1291
1445
5
63
5
143
35
7
3
789
133
4
9
20
565
4
4799
597
765
6
968
617
71
13
4071
4408
12
8
57728
362
7
41
1632
15
8185
631
173
65
98
57
94
4
272
735
2
6140
384
5
108
597
7
424
3
1198
43
4
67
63
635
1198
81
4
8185
396
524
20
4
11
110
3
96
157
299
37
22
994
2075
5
238
188
4
21
48
104
43672
65575
139
73
842
36
283
299
293
7
541
9
43
204
7
541
9
43
539
33
320
10
4
1981
20
250
224
88
718
309
5
21202
6
70
352
8185
73
3
349
15
2
115
5
77935
37
62
11
13
2
722
1585
5
78
32
170
11
14
2
66
2055
24
200
4
78
23
5148
141
391
78
14
2
1277
140
4
11
2
1277
84
184
3
8185
107
45
16
6
2277
391
7
1049
136
107
26
16
798
5
38
244
4
78
32
7
207
1067
3298
8
2597
1422
4
617
71
16
299
32197
599
4
463
6
2124
402
814
8
299
4904
56
5
180
4
2018
272
608
22
194
3
8185
484
56
293
7
1858
61
1563
1085
6
39
1231
36
928
10
80941
4
26
219
6366
409
614
463
6
194
1461
2
181
24
2217
790
2
2009
25789
19544
1087
254
293
13
25947
6
39
1231
3
28
6
2460
430
4491
20
39
7
1066
256
8185
23
48
256
8185
7
208
1066
256
8185
13
388
76
98986
47
1569
76
148
37
2407
190
2018
272
44
11
47
1569
1236
4
33
72
635
178
1781
11
1340
293
7
424
3
2610
2
4652
4
184
3
10935
370
4652
7
1868
48
449
16
633
3
1098
3642
3
10
4
959
48
84337
206
16
30
3683
1599
256
8185
7
5
376
1471
5
20
4
21
1066
19
10
4
3
89
209
8
617
71
635
80
320
1809
276
1809
2454
25948
104
103
8307
50
19095
309
9
1832
194
367
10
324
24
565
1869
235
3
180
183
42
31
13
14084
3
180
544
8
71
7
424
3
1546
133
11
7
242
20
22423
11
13
416
46
2062
25
22173
8
10
77
86
18
154
24
2
4189
82710
2633
125
8
547
45
845
3
332
30473
25
33
113
37
124
12
1083
474
11
706
71
13
47
4909
92
15
449
11
7
4909
35
216
15
449
6009
10
93
901
20
565
13
68
485
8
617
71
7
11526
2148
4
6785
537
3
695
2
1408
6
401
11
132
18
363
378
4
28585
257
31
16
110
525
15
20
4
140
53
82
661
7
64
256
8185
642
49
198
5764
15293
11
13
1315
3
1066
256
8185
4
8
4
44555
33
219
584
13240
3
180
65
222
152
1221
2071
134
180
75
7
14
1872
3
89
2
2
523
24
2
521
39
87318
13
47
1685
89
12
421
39
24
1925
16176
3076
8
11
510
22
127
335
6
341
132
101
75
3386
4564
1221
2071
2717
168
16176
12
22
107
3
271
765
73
2
7776
7
1093
23
1014
4
28
3
89
33
50
72
12
1014
2
286
9903
8
480
55
4947
56
5
2
1334
303
4
79
280
78130
44
7
380
367
47
131
2141
3
1221
2071
29
10
560
8
11
37
3
155
3
124
15
222
152
17265
2227
222
18
208
73
2071
9
48
4713
338
3361
4
2
238
188
2440
19
6915
3368
5
1856
11
208
47
136
5
2
52558
11
366
8
2
182
5
20
13
3
25
15
135
2475
11
4737
15
59
11
14
498
5
2032
4
6
268
281
44
11
47
9573
127
94
541
56
6254
102
1079
891
240
3
642
338
35224
21
8064
10
6
521
461
46
37
62
38983
338
214
40
105654
348
4
6607
10
144
46
4
11
1492
1026
5
3256
59
7
630
3
920
8
864
29
2071
13
2
255
2
2
1424
408
5
95
3042
462
828
34
15
45
1721
79
338
214
9
568
4
140
21
502
142
51
2985
81
229
95
642
154
6
729
5
38983
2
459
6
2588
406
36
5702
21563
443
3
23951
16866
4
170
11
2
1604
629
31
610
22
1263
11
6854
10
190
107
92
7
4892
246
5
45
33
186
92
112
246
4
26
219
21
3176
33
18
10
142
10
