4
206
97
4958
7
23
36
746
1804
762
601
185
3483
24737
25
551
147
629
631
74
42
190
73
2428
12
2
41201
2789
62
30
147
41
926
12
695
454
4110
1012
37
475
5
133
30
7
93
8
15
6384
185
4
10
1598
149
93
10
6
235
153
127
185
60670
19
457
28412
4590
13089
4
10594
26654
20326
19
13089
37
60038
9
95
1634
853
2
5002
199
533
1019
579
185
13
1358
817
185
129
3
129
369
20828
1940
302
5
185
128
66
254
10
40
21
609
2
3125
5
59
521
152
14400
67
94
12
139
8
50
465
21
2
2777
3
88
70
174
30
147
41
222
174
6
2271
54355
51
14
2
671
3
319
38
94
1106
958
2
222
24046
84
234
73
2
5523
99
58
127
185
34
603
12
421
39
4
34
17
1248
19
5480
4462
3281
1508
4
1079
3075
46
31
505
3
17
183
258
2936
8
18
3573
258
58
94
79
4054
5492
20
205
484
56
421
39
100
2936
55
96
58
94
234
72
2
572
2
39242
2044
1023
3
6109
41
222
6
2271
1719
87
222
165
16
11763
13743
102
76
5
289
185
2271
59
2234
575
6138
735
1491
690
12
229
35
18
101
3
1018
7870
222
948
521
152
9
1379
4
4915
194
59
390
256
1039
1893
2
185
19
1379
3653
2417
37
1674
7470
19
22
11243
2417
855
787
3
10
2559
19
21461
1039
4
18469
698
152
2376
617
71
19
1996
95293
275
6
95
1430
58
77
666
948
152
788
3
1194
1072
20
66
59
58
2963
586
6
3604
12
185
695
26
635
18
8
86764
264
5492
12
421
39
19
58
94
16
21
87
421
39
797
16
2263
56
3
93
58
10
87
80
2
11769
194
55
1413
61
2
94
21
990
9
1032
60
3281
1508
407
5
827
189
14
6355
3209
5
2
4022
6024
49
1357
386
194
46
2419
51
30
116
84
40
33
18
2293
73896
86
2
903
5
16256
3527
65
6437
21567
51
1458
4
1416
7
33
2402
94016
827
2335
661
54
9761
268
12571
4210
1508
57584
4
83579
331
9
2
9921
33
25
113
10
14
2
1437
59
827
14
42
11
23847
317
12
3
2
39
368
5
2800
32062
9
421
25
33
488
8
157
236
6
108
13
6260
203
63
85049
421
39
13371
386
3411
126
601
407
4564
3677
2
152
6611
970
1079
891
4
638
193
161
10536
3587
4177
6
725
5
7074
3
10368
26
40
21
18
3175
2964
222
1202
11063
5565
10286
14
22137
33
18
3
18
31
44
234
7
2
58
29
7
21
4
4872
174
7
1346
24
88590
3
1622
61
22
180
2
903
5
44
394
189
866
3
51
121
18
47
1106
585
421
39
100
2321
4003
350
14329
186
2
2
797
65
2
2
542
1426
2
542
6
147
11
99
1094
152
5698
189
732
4
25
7
697
3
137
52
7
77
5298
8
75
189
784
3
340
5298
4003
4216
89
2
373
17238
25
6
57
357
15
12571
33
40
96
2
382
335
189
26716
11769
254
7
25
116
51
8
335
40
18
50587
1508
4
4003
7008
1079
3075
264
407
15
1025
305
14
1519
1895
11
40
329
61
74
305
12883
5
265
487
200
9
54
11
106
33
11538
12
2413
487
683
174
16
195
1192
3
1877
166
737
511
65
72
663
10
174
121
33
18
4146
9
20
11
68
7859
305
9
2
2987
1356
6
22
238
188
1246
1791
198
22
144
9
250
1505
4
36205
544
5601
11
14
21
2
26857
89373
95
12922
50
72
19095
9
26350
22876
74
386
2
3075
6681
79
305
5797
411
8341
265
5822
5723
491
79
2
2723
19
7640
15861
841
1539
194
37
229
386
14
2
1437
4
229
11
100
18
3175
2419
51
30
116
84
4162
3075
331
305
37
80
60
14
10
2
1437
4
11
900
3
329
305
661
10
15
7705
2390
89
198
15
7
569
21
1379
33
98516
3075
50
21
400
9
11061
7482
5767
194
16287
3181
4
2063
12115
40
2807
3075
2
3452
4252
6
521
152
698
55935
55
913
3075
3
17
3297
20892
23
8253
185
6
209
10
14
378
1206
404
59
3075
14
3719
9
2417
99
166
36830
5
2
185
2271
11
7
21
299
9
51
11
228
2
12081
194
62
25
33
1406
3
45
31
44
8
112
69
13
47
2
180
25
239
2417
14
21
1074
3075
13344
61
1491
690
433
5
7614
4
5015
8567
8094
5
23563
1184
94
31
913
3
93
2
361
691
24
3075
34
946
247
7
6460
6
1886
74
179
5
8232
1133
465
91
19
449
3
2426
347
1794
4
4392
103
6351
18
47
1371
79
10
1031
75
1988
5
2474
102
225
324
3
849
843
146
38
187
6
111
5
677
12
101267
9
4
102
1133
30
243
139
61
9
185
15
23730
11588
31
459
2
4402
102
8232
141
6
111
5
3106
270
4
4547
68416
582
526
5
13335
479
1982
330
29
742
636
256
728
1296
89
24
2
1622
4370
12
135
210
78
32
65748
2904
49
345
74
117
494
47591
6741
2833
7612
37
1700
7
48
196
