4
13912
10903
400
151
303
61
103
66
404
640
3646
941
24
701
191
3
2
6006
2196
6
98
729
774
143
35
143
2892
4
57
426
5
846
637
843
151
16
84
9106
61
1151
2
177
5
2
450
69
3
7651
45
100
3829
4503
955
191
4
172
6722
209
8
20
428
7
84
4
158
177
5
700
1022
7
682
2899
170
53
18
47
2
241
952
5
784
740
3
2380
6006
414
213
3
3331
1450
9
38
399
101
1713
17771
315
3
392
2
825
5
1754
9
11455
168
700
288
4
338
1133
60043
50
1139
7668
19
341
375
2381
3964
50
1371
6
203
2
7830
616
5
98778
101
1579
6
101738
1507
2
84402
100
303
5
3609
8
77
514
11455
3111
782
104
50
31196
768
19
402
1808
4
1292
873
3
18
64
605
867
100
19
399
101
1579
2
4
1099
700
6803
76676
47733
3044
2
722
1102
9
402
4
399
101
1051
256
31252
31
716
9537
9
3732
2
186
4145
36
2064
100
997
3
955
1323
22
700
8230
1291
59
1409
307
6
50
2222
19
48
92
29
469
5145
4
13890
86
791
12
1450
3
309
15
91
11284
658
770
4159
6568
7292
17144
5
1178
5490
3567
54
26
35
80
9543
5092
315
3
3912
955
1445
4
3220
9
399
101
102
20
1753
10
14
1541
2
1002
664
845
6
59
2
11641
5
426
5780
24
450
413
228
9
2
7970
5
315
455
2
2465
6006
2701
3
3331
1717
5
11455
4
3
420
2389
1250
279
4
7810
3
944
5
399
101
1494
4
1804
1469
14
2697
19
2
408
5
35
285
1165
24
450
413
211
204
4
539
23
399
101
1133
6
860
4781
4
10903
400
151
15
2171
5
8879
2
2465
6006
4471
10
7
99
60
6
462
66
8
2
700
10903
616
7
18097
682
3
1323
5
1450
54
7
303
3
17
4
7747
428
15
3646
4242
52
2
3629
605
991
9
11455
7
3
17
1409
596
4
4176
1072
3
290
100
187
9
1174
11455
3
641
9
38
1717
77
21
17
7823
1612
1670
8
830
6
414
605
11947
54
242
26
55
21
17
3215
995
9
399
101
1494
321
2085
8
11455
16
21033
7
11495
2206
3
19
450
69
2
1072
3
290
100
9
482
168
26145
338
1151
4
2119
3155
4511
6
63775
3877
16097
2965
45
24
38
778
8425
639
168
1237
5317
999
4
25
12
74
363
66
2
2969
45
6768
13
398
1102
24
3042
1320
924
3
5995
12
85262
984
5
4786
955
1717
4
3
2891
84875
187
8
1740
62
11455
16
458
3
309
15
1566
6722
962
10
7
2176
179
5
90
399
101
4122
8
13
855
139
5
955
6722
3
1022
5
399
101
1133
719
3
1042
9
101
5
3042
417
3
17
813
3
2
6006
2196
161
6
461
5
1323
4
7810
6591
358
5
4
478
11947
5
6722
100
8
13
2703
559
5
11455
9
568
4
236
101
5
1450
898
101
5
45
168
25983
5
605
3609
4
1182
76
5
1247
11455
18
1189
288
191
65
90
226
35
122
38
2780
105
191
7
3440
4
2703
12
2
605
446
19
2
8285
5
3609
5387
4
588
465
607
2
2
39
450
955
141
36
77951
80807
10
7
146
61
5
3567
156
2
2124
3
35
1794
2462
7
1952
4
8174
6768
8
16
11238
6
4998
506
588
36
414
3161
715
1937
4366
5399
348
84
7811
6
730
203
1515
14951
3570
648
36
108
506
4159
74169
213
122
101
5
11455
16
12568
19
20
1703
450
605
2701
292
12
506
4
1253
328
53
16
64
5596
14975
36
35541
3567
3
302
338
1769
1831
36
5317
984
5
38
559
284
7
2
22552
19296
175
6006
3609
8
789
2124
385
4
3906
141
8
1257
11455
2601
3
1036
399
101
3
2928
5145
705
2
6006
2196
3
3331
1717
5
11455
77
1541
420
2
3096
18040
3
1534
361
506
4
1253
588
8
16
118
6897
2429
6
696
261
98
135
3799
2
700
679
755
12
5655
5
2
135
4
13034
414
316
13490
326
43998
13
6335
653
104
1496
588
46
156
2
7379
2444
7556
4
31467
46
16
48
1080
261
6192
5
531
12802
36
2574
4
16
1271
6
1234
1713
5
414
399
101
141
26
68
3364
414
2124
3
7208
150
3829
5
135
35
4
1153
3
1937
38
83
213
5
8174
100
8
7
633
3
4849
3
98
226
141
4
1103
2140
4
19296
16
1326
79
605
479
5
593
506
4
1253
991
54
7
3518
1368
3
522
2247
1710
5
2124
17433
4
7674
3020
23
2215
2437
5
338
4
288
1418
37763
22552
6371
6
20
1976
2774
5
20196
399
101
79
506
588
4
21040
1031
168
2
2465
6006
4471
16
1497
1277
4
10404
1661
210
5
658
770
1122
7
3
37762
414
22552
6371
3
236
101
5
338
4396
23
172
4500
2063
251
9
2
764
2196
3
9088
35
3
1872
2
6006
399
101
4457
7866
79
48
506
4
1253
588
26
527
6
11585
15
1291
5
700
5197
2063
251
9
35
3
4692
15
38
28476
2601
6
418
5
288
338
4
1769
101
46
2
303
83
6
79201
1291
