13
773
6
1626
135
1790
203
2098
5
437
5
26097
5254
111
347
12
878
109
657
2408
79176
657
903
13
103
1412
3703
4
60715
68
599
3239
19879
10107
657
1736
6
7066
2318
4552
657
13
90
4552
90
5
54
50
9013
3
89
378
1736
220
15217
76702
103
13304
4
27581
14363
1736
33856
5891
76153
49
67292
4
2
10134
2078
320
103722
17197
1785
1421
9702
1849
1726
657
7
2
2072
5
2089
6
17197
4
32824
657
7
2
2885
5
38502
6
17197
11
7
2
1653
5
5187
3582
1653
5
25
107988
4
38124
4945
6
17197
657
2579
4945
1851
6
2445
175
4283
171
22
534
66
657
17197
6082
14
27130
93527
31
140
10821
263
225
150
17197
504
1799
576
6
657
99
563
14
758
6
6167
15
23266
37017
4
13489
77933
563
14
3540
3
3594
17197
1563
4
14
1851
329
1346
17197
15
26649
2967
4848
13
28
19
6151
50269
318
109
2242
4848
5
4604
13
445
47
2
780
2516
5
530
5115
398
22
7352
9
254
148
8
16
81403
13476
1350
4848
596
15
20
2630
2242
4848
2995
271
73
1475
1864
1003
2
272
2043
5
22
352
5
19283
1312
4
104625
6813
1236
7
3257
4
48
5
2386
148
8
4848
13
28
55
165
17
277
4
3983
20232
164
16
148
4848
13
28
8
16
3053
4561
4848
14
1463
8
45
40
552
887
8
7
375
11
7
38918
887
7938
54
14
2593
2
5
985
404
477
3
64
752
17
79889
46
40086
27724
34172
318
109
22
1034
7
165
1131
286
4
6
10
11
17736
37
62
3660
152
9
18628
337
7
72
8277
3532
455
13237
37
20
359
5
148
4848
68
1243
3
190
1034
5
22
6
54
11
897
8
59
887
247
1190
2587
45
34
165
17
1681
15
1190
2587
2587
4
1041
3
17018
6
57
357
4848
1047
8
40791
40
1409
20860
3
22
107
5
1144
8
48
1915
19
17723
59
71
252
2011
8
2676
50
303
3
443
19
4
932
5
129
4848
146
2
1116
300
455
159
2711
636
4897
3564
651
6
2
1475
8
7
84
2995
4848
481
7
4897
3564
2326
9
625
476
57
65
2225
23047
4848
1657
83
12
22
3608
300
59
11
495
3270
5996
1981
715
222
672
7
6
7273
2104
3089
1409
4848
1521
83
5996
9
433
84
8
7
116
41
37
3564
290
10
314
8
11
2
131
1942
272
31
72
44
182
5
131
4561
1781
4665
5
4848
254
20
14
21
182
12
672
201
148
33
25
44
4561
1781
9779
38918
10
314
8
3564
2
131
1942
272
31
72
44
182
5
131
4561
1781
46
3725
15951
63534
860
884
4848
370
15411
102
4561
1048
629
3298
2134
481
2
18944
1034
6
8
14
1638
1851
4561
1048
629
6
54
4848
3277
2
3011
24
3514
12966
31
481
6
39
1790
8
8148
1140
12148
37392
13
3
17
2386
9
21
1017
166
1244
7
1211
8
12148
7
10790
36
1679
944
5
2
1769
5045
8
1479
16
1942
4
201
15
217
12966
481
976
180
10
21
560
52
387
1964
24
5551
14
16655
162
19
22729
8340
11383
88
521
40
952
89
2
4
4872
15
12148
30
48
1211
10
177
5
2
240
7
113
11
72
13
64
354
51
11
631
37
4
115
299
3
1346
4848
596
7
380
241
621
2
960
1741
37
1728
8568
2433
20
2654
180
8
23
2
518
20
736
7
6454
354
5
424
3
25
283
683
6
2
696
3234
736
1688
8
86
1048
387
40
2189
53
2
668
2921
9872
46
9872
7274
9916
19731
7172
17015
38297
38418
10946
12148
145
4858
7083
4
8163
10
2
131
1055
2921
4
12148
77
1529
17
25739
4848
1353
9
1172
60
1464
1638
6
51
14
2
3218
482
5
4604
118
2
2855
5
905
4848
481
2
1034
1851
187
102
60
1464
26
415
22126
5909
4848
22766
1837
5551
7
2556
880
3
25910
4
4738
3
10
652
29
21
3
2484
3
10
413
25
2557
27042
418
7
12
2968
60
511
65
2535
60
1442
13
1933
15
257
2706
4
2697
2
13750
15473
60
1464
25
2
3
236
478
133
12
42
60
321
122
104
108083
4
1464
1546
14616
19820
5
9528
60
26
522
2
131
3594
1370
10
7
5117
10457
3
1637
518
251
4
57
3443
409
60
1464
147
3
3156
6852
54
60
1464
33
415
631
37
7
2
4717
21524
409
60
1464
40
17
41
10457
165
54
7
206
3307
5
1503
8
16
2687
6
1316
91
2047
813
60
511
65
6262
1268
60
29
2470
1154
3
20
255
7
21
2
182
5
2
13125
13043
10
3
1356
108
3
42
2192
60
1464
107588
140
228
9
42
60
3
328
81
48
82
2
2116
8
3148
75725
99851
3
4370
6
22
3772
82
4
140
481
20
40161
52
668
108
91
2
795
67250
60
1637
40
165
7993
6
257
88
45
40
3515
59
10
1682
56
4
179
59
10
849
56
25
23
88
5
1985
40
17
23
308
36
6
17
4
88
5
861
2198
40
17
23
266
29
5
376
1985
8372
40
584
17
23
179
122
76
1356
639
6
1609
40
17
5256
2
6940
841
24
270
7
8
52
