96
507
33
18
3220
231
545
434
2060
284
7
33
415
110
3
18
2
59926
343
40952
134
390
11
14
1066
19
189
661
4
122
11
7
596
15
622
189
28
11
28
22
677
853
2120
40
17
2
59243
1380
10
6
2
107
8
7
14
5165
4
7
18
3
359
5
17984
12
10
2
334
1067
11
6674
115
445
155
149
286
23
2
879
1040
6
26478
452
2
1270
556
391
979
232
320
186
21786
11267
189
37
22
144
9
677
853
75
2
3910
10167
8
500
363
985
2
2409
13045
189
1292
1533
15
7
569
72
9
875
854
79710
14
2
314
811
36
64
47887
895
3700
677
853
9
2
217
5
337
58
289
114
1165
2167
15
10
87
26
137
10
2
227
6534
79
51
121
17
2
556
139
98
30374
3500
35
437
9
222
151
70
9
3830
28
2
18662
997
3
842
115
11907
842
147
6
6190
3711
2919
2647
452
2919
3500
16
131
382
11
28
30374
345
2
3083
69
8
914
4308
941
3
677
853
6
3500
4
1020
35
158
3
1273
9
2
382
48216
9
189
30374
28
11
967
222
114
34
1132
253
127
94
864
8
11
144
161
677
853
2
149
2
2
35
335
3
7348
56
4
1386
38
83
42020
856
853
139
8
88
45
14
2
314
811
36
64
661
4
7
113
20
7
42
5
95
139
33
396
17
9
10
4
140
68
17
9
35
854
11
28
1292
11
110
3
18
3
96
61
22
634
613
164
6
1423
97337
44
53
64
844
6
189
423
35
13
3
7348
6
4
26
55
7348
11773
1932
368
189
13
653
7
8
545
147
282
3220
4
53
16
2
2784
5
107
3
96
8
505
15
875
42020
295
3
17
2
282
107
189
28
23
4
343
6
6199
39
632
544
20
205
254
86
727
5
422
391
2277
16
645
36
53730
30
396
72
319
15071
1903
4
72
44
1981
10
87
1015
6
2297
396
38457
4904
2
272
6
1263
71972
33
1045
189
28
6335
8
22
854
138
27
1805
3
307
5
4
3337
2183
5
89
7922
37
3975
7397
225
14
48863
16886
8869
24
2
2938
1856
37
22
83
6644
3
2272
56
8
200
32
7
280
63525
7
177
5
2
2087
6
99
127
185
11
5158
491
9
21
1825
61
200
14417
7
14
110
3
44
271
1581
4105
3
78
3
49
347
4
7
28
3
2125
7
396
25
10
10
4007
10
21
2141
6
187
580
14
314
37
51
11
14
631
37
75
185
11
134
523
7
131
1681
8
7
14
458
3
514
142
12
9048
15
1036
3
200
11196
187
8
14
196
5721
11
13
22
2945
611
323
61
1214
2032
702
257
4
27
2945
12641
26231
134
1472
39
5415
22418
6
411
3
2800
37
27
1509
5
1902
2239
9155
7068
52
30
14
3
3493
142
168
12
300
146
37
225
30
55
828
234
3
269
32
1876
3
4349
4440
2
2
17350
78853
964
14484
23787
96419
30
80
606
395
3117
39
1674
37
78
32
14417
15
183
225
2
49
1043
234
23
51
11
13
42
17032
3749
7960
2016
4349
4440
130
67441
3984
9
27
4
22
504
3
13344
32
1091
61
954
16
1049
547
39
53
16
360
6
20
85
31
50
2666
59
4349
4440
954
1558
6
1001
4
169
41
114
6
38
4
31
50
245
547
362
3
94799
41
3588
23787
2156
3412
619
104
16
1674
37
200
32
52
476
78
32
2
54694
97
6
3749
4
4440
187
7
2
944
206
121
98
5
20
1861
4408
12
49
7004
325
2015
30
18
7
11867
99
27
69
113
166
2896
231
954
73
95
2274
200
32
18
160
6
2
107
8
230
96
8
352
1581
3312
3
32
100
2326
15
2146
46
52
95
2146
16
4486
12
51
721
1271
1825
10
61
3688
451
373
26
384
395
1110
37
200
2
4
1566
107
3
8411
90
90
1674
5
5621
102
27
8
20
69
13
855
3
78230
2786
1887
5
27
69
4
159
573
5
2975
39
13
178
53
595
6
12785
200
32
954
9
76
60
84
6
1001
107
126
27
80
510
22
296
9
63
2356
10594
1425
1732
3
2786
37
22
4
2975
315
3
3509
6110
12
32
2786
14
1974
8
200
32
11325
9048
50
2853
24641
4
1567
19532
3
20
366
59
45
50
1471
5
200
32
9048
6
10
7
96
89
3461
962
6
99
153
75
5382
181
1558
4440
460
12
1001
109
32
1727
1557
3730
4021
24
37
129
3
111
7751
89
6
1258
22
3303
3730
285
86
2650
75
668
7841
448
15
2
265
9356
6
1360
10
490
3
1533
476
2958
8
954
14
201
9
32
2326
15
166
23
60
4
1139
6395
9
775
58
31
322
689
6
3903
9
201
80456
8
412
1013
15
51
954
7
9
78
52
200
1727
1557
2039
4021
2
2
284
5
4440
1091
78
6279
84948
206
6
108
40
2
41673
2108
14
3
7811
8
24383
661
659
6
2786
14128
3
22
2387
1434
909
811
104
954
7
1671
32
99
60
231
46
29
2924
6310
5
954
392
2
22567
