164
203
2
3362
677
1314
15
6156
3
46595
4
11490
10
132
17
10697
4699
15
2864
6156
824
8956
4
20
118
908
5
3416
15
10
4956
3
5794
222
39640
51
76
5389
159
558
2976
134
3231
777
14339
46
4
10
4
1988
8
971
23
910
5
338
703
58515
3524
12
1447
4850
3
1024
51
7
3782
4
2964
6327
8
4583
1486
3001
9
51
16
819
8239
1597
29
23212
3
136
5
166
558
1900
797
3
11465
104
4956
4
20
7
120
194
5
105
2137
13
62580
181
8
558
3909
7247
39
1030
5
385
3
222
1875
184
3
2
159
797
31
773
12
3782
6327
4
363
159
558
39
10208
134
1087
8
26
50
134
3
7459
856
1597
79
3782
590
80
52
26
50
973
362
3
2425
395
2046
78441
12
31
14
12
2490
28
5389
222
35795
2344
623
5
8316
24
733
148
40
17
21318
36
3782
174
7
100
154
12
1356
4
7
100
3875
8
8041
36
1491
690
36
5205
8180
36
973
222
1597
40
17
3782
87
536
10208
7
1283
39
1597
36
10
14
73
26
13
2
2137
102
638
58885
1336
98
105
2137
2
3593
28
6
2
304
30
123
1674
5
2137
131
1638
558
7
2
1467
9
45
4
2050
24
409
105
3498
3782
1597
62
33
973
1597
4
4271
8
16
118
1732
37
12
558
53
16
7222
3510
6
236
9
937
504
3
1061
8772
4
7947
104
3510
25
21
3374
5459
5
105
89392
14339
641
7
292
12
407
15
2
2651
5
35798
31
2288
3
469
3068
4
77
17
1333
38
83
384
57
159
10208
134
14339
26
7
21
10196
96
3532
2279
12
3782
1597
4
64
42
7
6782
8
558
2103
2317
156
26887
2
558
13
20293
79
2
9267
152
163
42
8
13
56118
3443
15
372
39
528
963
6988
13
445
1162
22
450
559
2
2
3825
1467
52
53
7
2
6693
5
2094
563
8
17434
222
558
77
322
2
3646
49898
159
10208
726
14339
383
11
13
146
5
1030
8
50
13258
24
3782
1597
104
364
1674
8
159
1999
158
16172
12642
9466
7571
222
151
4
1030
2359
1267
636
1256
1542
5382
181
4
1079
5562
159
1811
224
31
14
489
258
66
45407
20
28
5389
10208
13
2
6794
660
12
222
39645
333
68
134
14339
8
1030
425
19
156
27944
39
1970
2
2975
197
7891
4
22513
54
50
3782
362
3
17
2602
61
19
558
4850
50
3602
1520
1515
882
777
73
39
249
60
390
4
3463
1219
61
12
95
100108
105
2120
13
47
228
79
194
171
127
53348
733
1835
4
1887
365
4
1567
350
23
138
27
128
205
254
7
485
5358
926
791
9
760
444
4
11701
45
26
3879
2
57
100
7
485
81
791
9
4227
361
3223
9
10613
487
9
3230
506
4
6
76
187
80
9
2390
656
3
1236
6988
13
68
1355
2
605
2287
1379
587
212
3
4723
63
71
526
297
4792
2497
5
713
72723
6
647
2
177
5
2
2974
1608
199
76
558
909
331
6988
51
1445
115
558
18
3
248
1090
63
27
6
8
3148
2
304
24
558
30
2
2
733
16
3825
46
30
18
21
4
34
21
91
67
1294
6
2
107
8
740
3
748
62
45
104600
41
65
591
1821
3180
558
6671
2780
748
1768
74
3782
1597
77
434
76
1821
3
194
229
338
777
7
12329
7373
15
45
39
1429
3
1611
36
6273
856
105
1030
36
104173
5079
7
2
421
39
1459
4
350
5
7476
540
353
4
1171
303
11
7
824
5
566
563
4
7
292
6
197
663
89
23
8629
1394
164
9
41
294
12
2828
132
17
2724
100
8730
809
24
1886
292
109
333
39361
24153
603
163
292
1378
7
1801
508
3
17
910
5
143
35
100
2799
2147
559
24
120
41
65
2147
1941
1161
44
46
1165
6
311
389
46
16
2013
1938
5
20
292
20460
2147
2828
1869
6
42765
7827
3904
4
936
809
311
351
18
47
10669
19
2077
156
2
201
959
4
1070
6
2893
29
2
1149
399
101
69
151
44
10
13
4414
799
8
62
43
7
68
3842
10
215
2147
559
24
474
3682
603
163
16391
292
6
1886
4
309
8
40
17
819
6
5479
5
414
141
653
151
1149
92
1336
20
301
3597
43
115
21
1838
15467
24
1886
1525
1131
262
7472
4
10093
1407
3
39361
19
399
101
69
151
12289
62
8
43
215
2549
292
6
1886
18
47
400
12
2147
1431
23
16391
22458
6
33971
746
1985
190
262
2
7
615
9
2
2377
1459
3
179
23
22458
9
3842
5329
1312
12
1349
4
9084
809
9
1370
5
1694
2544
809
15068
9
226
35
4
16252
2696
213
2
606
262
2
24
432
215
2976
77795
7
615
9
2
339
625
1459
3
17
292
23
22458
122
22458
292
2994
3
16391
177
5
10
16
1027
5269
3
43
9
10
846
1923
625
1312
559
508
2
1617
1312
456
43
559
23
22458
16
6
209
1027
2489
3
8280
15
559
23
58754
16391
292
120
2
169
43
559
456
34
17
1868
1149
92
13
194
3
661
551
3
44
8
2147
16
21
7582
24
