999
5
3269
3
1643
625
323
28
258
2147
365
177
6
559
42
5
81
1149
4
70
1129
1535
42661
2
304
23
4837
401
5406
607
6247
2
2
7701
4880
31
14
467
35
345
63458
14
4
309
5
9945
10
14
101
148
3
25
11
12899
158
28
708
178
3
18
47
2056
6247
4
190
417
2352
61
23
2
103
36
23089
760
2
402
231
1171
556
60
429
6247
30
958
760
9
2
865
60
324
56
4
295
142
6
708
23
8
532
70
1148
1748
43282
604
843
151
3375
7
118
7927
9743
54
2349
343
6
312
425
8
2
2147
971
1943
2
708
746
467
212
6
4446
3375
2296
126
4096
10
14
223
2
1168
3131
485
171
4
1368
1564
5
1619
151
28
12
10
672
64603
939
6
2
339
6
1206
2
2518
96
272
15
4
2333
656
31
9625
70
797
892
65512
4720
9625
2310
13918
190
70
797
4
939
6
2
339
6
54
70
28
639
17773
17198
14
19582
108466
68
489
562
15986
4
4420
24731
161
1149
28
639
4
3512
797
18454
67538
7
2
131
503
10998
3
1346
8
4393
256
132
18
47
489
19
43
92
10237
804
256
4
12106
10237
28
6
2
304
22
439
115
21
611
1697
142
52
86
25
136
315
13
47
398
3
1340
4
16408
1697
4
57
2236
31
50
4720
3107
19
293
26
230
17
2666
99740
4
13760
13918
804
5
2310
13918
28
6247
439
40
160
412
9
81
10
196
334
196
500
67
12
7
208
541
142
26
28
41
3588
270
30
1062
2310
2899
290
22
1977
4
2503
23
435
5
37514
71
252
2338
3
2262
70
171
1308
5
59
7432
163
12475
6563
2
1086
120
26
50
486
3
17
621
158
394
1533
8
2298
13
47
317
44
126
13964
158
18
28
8
3183
5
6247
439
34
584
633
294
17041
24
13147
1261
1215
26
44
10
7
584
1523
3
3496
2
1033
2608
395
10
41
831
3
2610
22
439
57026
77
1497
208
116
15
5606
190
441
158
45794
7
12932
1261
143
35
13
489
6
41
65
2
66
5
1619
102
151
6
386
4
107797
14
1284
6
5561
29
2166
61
6
1985
11
1210
1447
7801
126
4579
1275
7510
6
1149
874
3845
6247
4
6585
89
24
1293
133
11
7
178
3
18
3248
3
278
231
4
394
1443
467
97379
14
42
5
2
151
5
13679
1261
8
159
2236
4809
15694
95
159
2298
607
6247
2
2
2513
3384
14202
31
365
177
6
12357
4
2870
10
21
314
52
42
5
1515
15694
14
57
3194
6
1748
53893
10713
5
6247
4
22
1204
13679
1261
14
4148
19
1391
660
5
3387
339
54
2396
1368
414
769
22
4922
748
14
78313
12195
437
5
1039
645
414
456
9
763
5
10375
28
6247
14
2
79037
379
11505
12195
28
22
439
40
62
8
467
35
7
9535
54
77
5724
94251
1429
79
1530
5
293
6
10
853
1746
1444
11
8736
71
252
13
28
10
13
2522
2427
5
467
35
6
386
4
278
556
163
18
47
2160
3
13784
1261
24
344
1163
23
183
60
467
35
2404
18
1798
409
94480
25038
2
311
389
755
23
2948
1133
2
197
113
2148
6486
8
467
35
165
1415
12
3066
144
6
94484
2
3324
9302
7
6
682
2
851
1391
192
25038
28
29
20
528
7
1581
16614
4
25
241
2
10
13
656
3
4
12382
2292
684
34
445
15425
6
42
107
36
47831
425
24
1985
10595
35
4
2128
21895
6
197
18450
1822
6
1985
4
8274
14477
6
8564
1000
3
2165
106510
102
221
9
2366
78
109
10
4
1633
4044
317
29
1612
8
2508
13
247
2
14701
105
528
8
1494
4
167
141
772
12
2
2173
1631
211
6
1728
4238
187
221
20
7
72
62
148
179
6
1040
5
3607
8
274
13
146
135
902
102
27
1057
2
2165
15
216
5
279
266
5
1604
1445
12
466
102
221
437
892
530
9
5831
6
127
85
579
221
335
3
555
61
4
291
79
269
32
125
20
349
3
85
44
227
909
16
9007
24
3855
6
105
1717
203
2997
309
10
7
1428
4044
8
221
437
530
40
144
138
27
73
20
15
86
44
3
155
126
85
28
1256
15581
669
2576
3
135
902
102
27
10
7
4
1567
167
24
2
6516
58
31
91
3
522
6
189
119
111
72
3
2074
49
69
530
147
3
744
12
3683
430
4
2376
157
21
2366
67
850
3
17
3162
78
32
10
6030
15969
4
313
1041
362
3
72684
8
3434
4
1598
1745
64
752
16
53
14
2104
74
16231
167
12
6051
4
80
88
3320
486
8
10
14
13414
20
167
12
530
7
1211
34
966
15
334
1187
76
3320
34
803
10
2
5258
12251
317
80
286
15
22
1562
433
530
7
2
253
3
1671
78
2
11
11298
25921
24
23706
5
16757
14
48
303
9
2
27444
1688
5
49
10865
1014
952
59
100310
31
28
11
40
1452
175
4
9493
1452
175
4
9493
7
100
72
2673
76489
61
99
30724
5
44
59
3568
365
236
100
11
28
53
14
20
3837
3930
23
1224
54
7
14
