1368
3
19171
2758
32
340
914
3
4852
27
1912
11
218
750
68
3277
363
57
567
32
504
322
1075
69
211
2
478
9
160
75
103
461
19
2
135
63
4
6287
5
76
70
3
106
9
2
1434
94
78
32
96
2
3746
381
75
118
3166
19
138
27
6
39
249
12
355
109
1089
19
4995
640
95
567
22501
28
32
14
12
376
3
192
375
128
153
59
622
160
4
1969
608
3
1356
6
950
5
27
114
31
516
6
128
153
1558
9
27
19
2
1457
1381
104
217
50
80
41
5956
6
531
2370
35
11
28
221
437
7264
162
500
6
318
19
3076
6
2
750
3
233
8
710
13
4414
39
125
2556
3
32
125
291
72
74
2
153
394
530
5568
233
8
32
40
21
322
496
74
2536
1588
519
22501
28
530
750
1397
27
267
4
5356
1912
9
32
12
85
44
53
7
64
194
8
2
153
24
85
44
2758
32
14
1093
9
2
1804
192
6
117
186
65
106
56
5
793
5
169
1162
12
85
44
146
841
6
20
237
11
481
6
117
22501
1533
500
1414
974
6
237
988
42
4242
196
90
9
43
3
2754
32
13
47
719
27
1075
69
6
88
5
199
1848
9
128
153
5
85
59
11
182
585
4993
128
66
7
18
2343
4
576
2622
5455
12
98
361
4
1449
1012
5
209
20
6287
3
1512
98
648
5
1156
92
7
87
5
2416
3727
315
5
47267
105
297
369
4
3151
5
98
851
2902
926
46
159
43
63
4008
1971
62
407
324
19175
80033
7101
8
4069
938
4
2023
5
2
770
164
2206
3
2
338
292
36
72
292
16
95
5
4069
674
164
2206
3
2
213
7
2
2771
1555
3
2109
62
105
213
179
4
62
26
942
6
191
115
20
1555
179
6
43
1561
828
815
175
213
4
10
338
292
13
47
2173
170
11674
5
13382
8196
87
5
8
4367
17532
213
4
292
4144
6
9662
2087
5
19653
6
2211
2050
10
14
21
451
9
213
3
4365
95
8196
79
35
4
8321
1899
10
6597
3
729
2
8034
1624
261
2
2593
338
292
8
336
10
1370
4
1641
9
2427
24
8
60
9510
4
1651
26780
866
175
213
4
292
21
86
8
29
332
60
213
6523
1524
3856
36
2023
292
40
5464
19
17318
10
2252
4
89182
2087
5
1651
1648
175
43
213
4
10
338
292
2904
79
1265
60
4
107301
3
705
81
7
127
85
52
33
234
23
114
1912
170
109
33
34
1466
8
2
94691
408
5
70
13
106
6
95
85
130
3368
5
106
6
815
3
9491
7101
7
579
360
9
2
213
8
7
508
9
10
1895
6507
648
512
231
108
9288
238
92
21
6
368
15
197
4
3794
215
1844
4
1990
8
274
169
5
45
550
242
42
148
360
9
8
213
122
2419
10
2920
648
4
297
869
3
1980
2473
6
10
2023
938
4
104278
7396
7
1775
7396
801
24
572
3
901
470
7057
15
10
62
1265
7
546
1425
97
5
1946
251
3
8895
1048
150
715
4690
1190
7705
8
115
21
2350
242
8
48
114
336
213
18369
734
5
581
4
1779
5
238
45
5033
1874
5
360
5698
6
815
3
213
238
188
2466
2919
2466
5
292
1440
6
103
2523
29132
1019
1938
8
292
13
47
56218
19
213
99
2523
13
10
8
292
13
398
2
2171
3
213
3
1518
56
10
2023
5
1624
4
5429
292
12
16531
999
3
804
45
24
3174
5
238
124
2
18350
303
6
164
213
13
10
107
5
290
4
292
13
10
83
373
2523
13
3
25
15
1661
7230
5
8035
1874
52
213
77
17
1516
3
3496
9847
685
168
124
140
292
77
336
6
104
685
640
13530
3
581
4
941
3
1182
5
124
2
2
242
3
2207
255
175
226
2
194
40
15606
24
360
2207
139
5
1980
2473
6
648
5
213
20
1073
7
555
9
185
109
815
175
70
213
4
10
292
14
4111
61
3
2
856
173
6
352
500
375
8
173
70
35
14
165
1132
9931
10
4366
5184
79
2
273
191
1190
8
19035
301
1315
3
319
2087
5
105
191
9569
3
17
2661
640
4973
487
8
121
18
7133
815
175
292
4
92
2
149
2
10828
5
2966
4352
5
1349
992
698
14
21
555
9
567
4
1877
19
4
3239
70
13502
63619
59
36262
3429
822
527
5
5234
3
2529
1020
12
139
5
4781
2
1048
35
6
2562
11
1893
2
529
3536
6
213
8
14
99
60
6
43
352
120
921
70
6507
35
9598
3
2
238
2023
8
14
21
177
5
10
1661
753
15
8
2
578
15
2
1504
665
338
292
608
22712
1057
4
2384
5
43
191
798
7
352
2
2
284
12342
62497
958
105
1820
5
143
35
903
15
4894
160
6
14961
5
43
191
4069
70
213
682
1915
203
5507
5
42
5
10
338
2961
46
70
1048
108106
36262
3429
822
527
5
5234
3
2529
1020
12
139
5
4781
2
1048
35
6
2562
11
1893
2
529
3536
6
21064
2
151
70
1048
2529
18
48
