714
80
2
7931
42
398
94
953
3
1382
1311
676
4
31
912
40
1099
3
27
17
1003
21
305
31
2011
6
22
381
8
10
14
155
240
8
11
121
17
612
63
6
22
6325
1287
929
2
4360
5
21
72
2
272
29
4
5651
305
14
88
19373
58
274
6
237
4
97
7
110
3
18
3
11041
15
209
8
114
8683
25
21
14
41
124
36
713
487
29
584
25
14
38
4339
4
38
262
2703
6
8
448
27
245
7
1354
22
499
12
298
11
13
3740
413
4
464
4
7
84
1093
3
123
12
652
80
52
1807
5
13216
1336
89
1441
1677
1401
11
13
160
22
97
9
201
36
15583
10
4086
12
112
173
135
150
369
3
1080
194
9
3432
5295
407
15
138
27
184
3
125
307
19
26726
4
1063
125
3115
27
194
9
390
1054
9065
37540
331
1204
162
9
194
5295
77
706
101120
5295
7
9040
27
12
545
805
5
22
238
188
16
12
30
11
481
982
117
180
486
19
353
2944
98432
1054
324
61
15
2
4094
303
5
194
9
390
82
31
914
33
863
238
188
381
33
219
947
2944
54
2576
1885
7
33
358
3
51
2235
7
26
276
33
7
26
276
33
98
2235
8
33
2288
21
3
123
82
1654
437
7276
4
159
1654
437
12565
18
161
28
8
67
215
4
625
379
230
900
3
663
76
5
112
316
52
33
50
63
51
40
33
25
52
215
900
3
1795
3
33
121
26
17
34866
52
26
900
3
663
316
82
33
380
28
33
234
3
1896
256
8185
9
215
2235
4
228
89
7520
29
11
14
42
5
5670
5
386
124
62
25
33
920
112
1673
9
8185
52
33
68
366
124
14
2
1437
51
2235
18
33
533
24
70133
55
599
798
164
29
53
2
281
57
8065
82
25
33
113
70
944
5
121
17
458
3
91
709
1213
6
212
51
564
52
98
25
33
113
709
1213
13
6
167
82
33
380
28
30
121
18
7002
101
45
75
4
18
1094
8
92
13
416
709
1213
14
646
25
33
113
30
121
18
472
7002
709
48307
7
3851
419
8336
2062
8
390
7
6
2148
9
78
32
82
4
798
5
882
152
7
64
37468
209
32
69
7
2080
2
4
8363
1301
9
492
152
19
1222
523
51
3
1104
82
4
51
3
8022
24
166
384
8
40
1704
1671
69962
781
125
1254
8
69
2001
16
995
400
15
882
797
3
2380
39
1030
3322
3
69
82
126
26
219
92801
259
7
377
2
1034
12
67
14029
1140
104226
46
34
253
744
23
275
5129
12
89
1869
12
4846
979
28
69
1215
2001
5366
77781
6
2
125
54
599
73
2
523
8363
590
23
2
372
1458
57
5175
1030
364
16438
13635
12
67
3083
3029
11528
12144
9077
12
120
30
18
3424
4
62
30
380
757
67
246
171
4
7084
8898
12
4343
631
37
419
43
269
5
35
256
1495
28
12
747
278
63
3358
3530
13
3
155
29
3613
5
22
3559
121
17
516
168
1505
876
75
358
15
1149
238
269
5034
6919
6
1985
1495
228
12
204
4
250
3
91
38
748
74
1212
3
1463
89
3
2429
2
105
100468
28
143
35
1905
204
2278
6
9820
467
35
293
6
278
29
2
10435
1059
771
3502
147
3
346
2
1816
8
77
68
345
3
105
160
6
14979
147
3
93
3
1505
8
7
51
50
615
9
4
30
403
204
4
250
4
98
57
426
15
748
34
248
3
611
37
8
87
8
51
7
3330
20
771
24
1172
28
76243
1080
3
2429
7
1212
1080
3
2429
245
2429
7
204
1080
3
611
89
3
96813
4778
23
278
13823
14119
13
459
1307
5
603
1669
1431
6
604
4684
1973
263
2461
211
2148
2590
4
3300
8083
163
18
47
317
3
13823
43
158
49669
28
5
1212
3709
9
128
66
4
2
727
30
18
28
1212
13
3
155
29
62
241
4
51
25457
7
8
2
335
8
13
3
17
146
6
1976
5
6336
428
4
83416
453
10
115
18
3
17
12
44
42
36
205
42
53
7
2
428
19
54
48
675
18
3
154
570
4
1097
4
1585
5
62
20
55
325
17
44641
28
11
7
21
18
2
1169
60
3134
6
634
9
1212
3
942
7
72
116
8
45
5
278
18
260
2852
15
38
2559
26
415
1293
107807
31
12
2202
28
1550
77
1205
1212
3266
6
236
9
2
2552
1088
28
1212
77
21
17
177
5
278
2237
475
29
25457
4
3613
13
3
17
177
5
2
105
1154
8
609
43
3
317
65818
28
743
6
278
14
84
41
2223
15
204
443
215
2278
6
58237
5
263
3236
743
6
278
7
1275
41
2223
4
30
147
3
1643
20
2
177
5
2
136
1708
255
4399
1020
2246
771
6
278
2
149
2
147
3
1287
2407
11
26970
4
6919
28
26
68
1731
844
6
1739
1209
27
1354
58
127
499
11
40
483
257
85
69
2
77568
94
3
929
536
97
6
1265
99567
5
225
384
89
6979
25
25
557
3163
