1473
8655
3820
67
1473
20192
283
14760
1577
290
16
33
6909
107
3
123
142
112
5239
59
33
123
142
112
5239
33
123
142
112
191
7
1015
33
21
59
7
44
8
5239
6909
7
1073
5
2
478
563
20057
5
62
13148
20
139
3033
220
26064
2193
1058
9179
1537
4
5689
277
6
220
26064
55
2193
1058
17845
42398
2
531
705
5
9179
1537
19
41041
220
41398
41904
790
51
505
59
5811
7
9749
79
1124
1620
20
7
634
6891
790
20
634
6891
339
2
1980
4584
6
2796
11446
959
1124
1620
19
39188
170
1210
18
1407
8
5811
13
32649
20
7
88
921
1125
7404
367
82
959
98
3451
6
616
20
2072
3339
14694
7
340
4
7404
8
959
28815
4
28814
8558
19
36892
1661
4956
5
20
921
14694
1388
142
3
4967
2686
2895
59
1266
2
2837
5
538
75
254
17728
7
1106
3
4183
51
20
4967
2686
44
37
112
538
7
3117
19
4590
9265
4967
2686
651
3065
2450
366
3
17
4
12506
755
4
7
1027
12542
25
2208
20
5807
177
367
285
20
7
206
283
685
5
5807
16
8336
29
10
21
86
8060
8
55
1486
112
283
8125
55
25
1983
196
19
36898
782
30
4311
2208
5807
12246
2801
2087
99
1141
4045
9
14068
2150
555
450
310
307
318
884
39
1141
2726
543
3921
2150
15
191
3
1877
475
4
4304
2881
5
2369
938
1910
1628
168
2412
1977
5
38935
15993
3
3936
108
53
14
2
60
59
15994
9644
1596
2
531
564
6
2
770
156
5043
646
4338
5
382
5259
203
6667
5
15993
31
4144
2
2
3936
2098
11450
3721
21
959
19527
4
39282
81
33
230
113
8
9260
61
2
30724
96
33
3235
29
33
415
3827
2
9028
36
1341
3
837
2
1319
691
19527
13873
234
30
93
10
5841
147
10
1729
62
3
155
12
112
99
15994
3545
79
2212
108
2
44
155
19
107
5
15993
7
1275
41
4
41
33259
52
33
488
8
42
44
112
1082
230
364
2
15994
3545
803
104
664
88
344
148
1585
4
2489
3146
8107
100
576
20031
16382
8107
55
420
261
967
2
290
1972
576
29
53
16
856
328
42
13
3
663
6
316
3
93
325
56
5
38
27063
660
59
42
16382
8107
82
2
66
547
542
15
4
2369
352
10048
74
793
5
589
5
66
5
399
3470
16382
8107
16
370
285
395
2
5540
19883
8107
68
508
247
204
373
1247
2225
684
19
109
318
3094
217
5
5332
45
6
539
7
41
65
478
263
684
558
204
539
4399
755
3572
2
451
983
6
4399
2770
24
539
79
204
19
1402
132
247
373
1247
684
151
6
204
2304
437
5
456
9
4399
654
5
1288
5
150
288
3124
5
204
4045
5
1008
108068
26808
28
217
5
5332
45
6
539
7
41
65
478
263
684
11
383
23
4
414
724
23
464
13591
227
393
6
263
312
5
97702
4809
2
4399
92106
30
1500
2593
815
15
539
140
7
113
19
1402
132
247
373
1247
684
151
6
204
4
13424
813
2312
6953
2
239
2
4399
801
755
28
26808
28
337
9
20
428
14
8
75
1958
37667
24
813
2312
426
40
877
2
2
529
177
5
534
45
13
260
274
104
426
3
179
36
763
6
4133
35
31285
4
19062
16
1046
426
650
553
154
3
204
2188
8661
6
529
217
196
52
30
113
5
57
426
24
120
1958
1147
55
17
2561
7
55
113
5
1216
57
65
539
26808
383
7882
8
204
34
147
238
639
3
1061
10
288
974
184
3
755
160
6
4972
1053
40
21
1449
743
398
3892
6
17746
684
1586
2588
406
34
1343
446
56
2186
1564
1183
34
10
2099
1147
4341
255
2
10
86
2099
255
5
4972
715
286
2186
743
165
469
5781
26808
453
2158
8
184
3
227
4399
427
414
4399
2770
79
204
6
13
7536
6
39239
45
99
758
37
44
274
375
85
127
69
356
18
704
2
39
762
135
94
78
32
13
307
2
39
167
2
1826
58
970
138
27
7
2
94
5
93413
39
2
307
19
32
740
3
6907
27
2
2
1116
2
94
1232
19
119
4680
4
7468
7467
76552
69
2790
2
9060
232
7
485
254
337
2
182
5
6827
232
73
138
27
7
87
2
182
5
51
11
178
30
178
73097
28
27
4
58
16
10694
4786
5045
791
10
2
3775
5376
5
359
5
63
27
40
27388
7
470
1114
151
882
4
1426
2
1277
5627
123
74
58
97
11
2068
28
1674
16
4158
9295
6
135
90095
135
648
1845
26
16
274
15
86
20
42
2539
864
33
415
1116
33
415
1116
33
415
1116
27
73549
28
32
14
21
86
1996
89
29
169
5
201
70
31
144
13121
659
11
4920
11
720
3185
70
2
1116
28
27
31
140
441
853
354
5
22
27639
32
7
1791
83
6
2
381
6
904
35
5
1378
11
68
630
3
807
27
3
1515
4565
36
1099
101
2
131
4681
151
650
3400
1252
1195
820
882
57092
470
1114
151
882
4
1426
2
1277
5627
123
74
42
5
157
103
372
105
675
11
2068
69
28
11
