2499
5
128
258
568
13
1123
10
21199
4
7
84
110
3
12247
12729
20
34
18
4347
6462
12
62
92
436
4
3331
33
174
1105
5
179
33
4
112
347
232
34
18
1131
4
51
33
93
720
174
734
5
112
2060
3601
174
4
48
57
418
14955
112
2368
5
2591
1762
7294
5
781
23
83
15
256
4014
4224
797
4
5070
9
51
7
4078
1762
88
5134
407
160
465
60
30
16
3813
3
51
7
1352
231
43
72
87
30
55
21
137
660
5
4511
4
87619
1028
5
49
1071
6
67
83
9165
115
242
8
10
7
2
131
718
594
2400
67
1070
3
104
139
7
21
110
3
248
255
155
351
108
91
3
17
4
1428
3077
236
29
8
4226
7
3007
118
1439
56
19
5231
5
5841
30
16
7428
41
65
51
20
1028
55
1917
4
1049
850
1028
34
64
752
17
458
3
5235
5841
164
16
1245
8
34
555
112
1070
3
718
837
8
67
131
2122
7
73461
3395
2761
102977
982
1062
3
2656
3
30
16
160
4
942
61
3
1388
15
814
104123
30
16
160
12
338
152
8286
22335
21782
672
7
22562
527
61
247
2
7790
4
62
112
144
9
1099
39
9
72
2
205
33
55
248
1627
30
16
160
30
91
10476
196
109
1166
4
61
106
67
16470
259
1089
8
988
1028
7
6
718
837
10
60
3
17
1686
84
939
99
12
30
240
3
3143
159
43
767
77
117
70
1624
1547
884
5187
2
10443
425
473
1312
5
264
343
835
63
1726
657
132
18
14043
3026
6
1172
1247
263
3300
4299
170
1411
124
17582
455
4131
550
11
132
6
209
17
11686
99
695
5
6643
3953
78741
2121
3658
1150
2
3277
7356
1706
53861
4299
72
198
701
2138
5
278
6
4131
68
6971
236
10
175
2917
226
3
464
4
413
46
1185
15
894
1150
224
14
2204
1355
128
153
4
2485
15
894
204
7
84
3049
807
161
6643
4
4694
29
6
699
588
118
1498
231
4131
46
122
10733
344
6
38
83
101
46
16
8829
5
2
136
2100
4
511
264
263
2087
12
5777
614
5
263
2081
250
9
1430
659
2256
204
459
8604
142
6
1029
59
10
510
8
9
99
60
6
1265
352
204
4
2256
40
1754
1617
215
3354
46
2
1901
204
748
7
4257
409
1723
6
318
10
14
425
1385
1617
1755
175
103
226
13
47
1637
9
2256
2713
3
389
7
1442
6
14501
10
14
510
204
1138
11066
649
733
41858
525
15
57
1120
40
3606
231
591
6
1442
2313
649
4047
2
263
35
1253
715
40
179
15
4
1647
4120
3
3606
591
455
1647
3
4464
37
38
3302
356
4
206
21
10
2052
5
775
9548
8
319
43
24
1829
15
48
344
139
5
67
60
24
713
487
3
7269
4339
348
4
92
836
46
21
3
1526
1564
5
350
603
8
2083
74
43
24
2789
39
358
18784
7
1700
245
156
2
572
98999
1700
7050
664
1310
3
2099
4275
150
255
104
255
364
1324
446
5
92
836
713
487
749
12
4339
348
10225
5
157
1295
2542
12268
4
1922
7455
1318
5
909
4972
213
4
12636
288
983
21
3
1526
1193
3857
414
25050
103
675
55
21
1816
3
16
104
139
140
26
34
4579
1627
3
2
173
5
771
23
54
173
10
132
17
196
500
3
25
131
136
37
98694
1700
175
103
675
13
2323
3
2
173
8
70
18
21
388
170
4
714
21
170
59
226
14
6
428
5
541
2055
74
4305
74896
18
277
8
58
114
4
9506
18
247
136
41
222
170
122
162
18
2323
1136
521
24
500
79
1737
727
232
5
111
4
265
50
1248
2
705
19
38
360
433
675
13
21
321
1321
79
970
1651
53382
186
65
129
5
232
5
233
55
17
228
1248
12
2
29671
53095
183
428
1651
2613
175
162
4
58
13
443
66
19
66
545
5
166
737
18
2383
2
707
2087
223
114
26
16
84
3418
3302
2334
571
3700
9
2594
97
4
10
114
4
25
21
976
92
3
5546
648
6
166
71947
14
2
60
6
157
59
804
3976
8
2
12
36
1412
230
5273
480
5
2
382
665
1175
270
26
793
3
1891
41
8
2
977
230
5273
480
5
2
382
105
35917
1345
1193
35
6
637
18
317
6
2142
105
1524
76
1275
6340
9
162
4
57
9
58
10
40
17
1041
3
173
3
57
705
5
443
1700
2
3302
4
16106
105
213
34
208
4112
1816
816
3
16
718
255
133
7
84
64007
7
560
8
63
617
71
1666
76
2946
6
20
3302
1655
29
23
2
422
577
3
22
3303
4
135
97
867
6
233
6
1345
76
5
22
1901
3407
46
156
2
22
283
299
200
4
342
2196
15
250
46
34
17
2219
2
850
2
2
58
63
7
60779
7
490
3
116
912
51
13
434
105
1700
3
76
2145
45
106
15
38
2559
4
4579
1321
79
382
4874
292
993
105
384
4
4250
2953
20
428
7
619
19
1383
8
609
553
3
4337
86
3
95
260
6
45496
60
6
98
105
213
970
