1633
2
273
368
50
21
110
3
25
476
6626
713
36
9844
5475
134
390
88
5
60
48
26
14
7
76
656
3
94
36
2
1134
3
38
35
10
72
2
30861
12
112
1637
412
41
1973
65
98490
21
2017
389
12
27
6577
36
476
73
8
11
1266
254
8
1105
5
417
31
40
1153
156
2
224
40
17
2
374
69
40
8353
68
10651
57
69
40
1262
6
156
41977
376
69
4
94
16
21
86
4824
8
18
715
26
16
615
3
1016
12
2
105
428
46
4
328
4
2860
12
95
620
151
4
626
16
136
82789
16
2
2784
5
141
4
1323
8
77
154
79
671
9
374
110
3
20
66
440
612
158
16
2667
19
1515
1888
427
4215
4
97
158
68
16
6372
19
38
41840
90
5
589
5
626
31
34
17
20816
3
1578
2
42
5
374
15
2
106
12
287
34
17
432
553
3184
3
1262
6
51
7
5694
61
3
17
2
1804
56148
24
1194
5
31
55
276
6176
7
1165
2905
12
51
374
132
36
132
21
1205
4
10
115
628
3
98
1026
5
1505
9
423
6
4
252
36
44
627
5
16405
69
14062
58
150
369
328
16
68
3478
12
51
55
17
42
3
11592
950
15
374
29
97
1093
3
147
3
4692
15
6176
18895
2044
328
25
21
1885
16
20
301
53
16
6176
2774
370
33
483
35823
246
960
3
740
3
748
2
227
85
2044
2477
12151
4368
28
10
7
61
3
626
374
4
69
3
1061
8
26
16
6
4293
15
98
11944
227
94554
5
82790
7
551
15306
5
237
53
13
47
2
2746
440
6
568
170
2284
1196
567
3722
63
6099
9
6
4
88
45
646
6
428
18
2343
42
6
38
1604
78543
27
7
239
805
6
374
1415
53
7
718
967
11
34
17
458
3
1097
408
963
816
3
4903
499
2862
4
8
77
242
8
75
103
785
23
440
2
90
2
6
374
77
247
8525
24
38
35
106
11253
81
3
106
9
8919
26
106161
3360
605
755
44
7
8
2
785
23
2
97
440
7
21
183
148
2
2
106
6
2
556
36
227
85
4
19957
7
326
41789
6
90684
33
415
110
3
435
2031
2
67821
8172
3153
2447
15
1481
203
2
1485
33
282
403
1601
295
2
1620
951
2737
31
43331
10
28
1477
326
50977
2
1574
4
3419
9
1425
986
2268
54
1104
2776
428
6
4057
2
9
423
8
2211
53
50
445
374
31
697
282
144
52
26
50
438
9
2
775
389
613
52
26
50
260
97
2108
36
629
8
340
177
5
105
428
6
209
7
25
80
245
113
10
102582
7
359
5
10731
29
7
113
2
182
5
1012
4
224
8
16
642
16
41
105
6
1160
511
65
3161
28
969
18962
2
1120
23
9590
5515
4
159
6176
54337
94
626
36
996
1317
615
3
11592
950
15
374
40
18
3
513
769
3
48
35
141
4
207
35
97
96583
363
35
97
9645
2849
19
390
50
21
1471
5
98
4234
6855
12
3641
2722
36
1636
69489
16
90
328
36
141
12
20
139
1235
413
673
202
802
2242
2450
7
18
28
428
121
17
898
979
4
1888
4
4322
7
1264
4502
67
374
3
123
476
6
917
9
38
106
10
2
10309
1493
4
605
78867
11
1504
3
95
191
5
5863
7793
11
9604
48
33
55
25
820
3208
4
1888
4
1372
303
5
374
11
1757
194
140
34
154
83
3
95
471
4
225
2
281
5
894
59
4051
19
390
1019
328
56
3641
98
1201
103330
79129
2
159
2032
35
202
328
802
31
522
12
2044
328
369
7
438
3
17
42
5
193
374
11
28
11
403
69
4
679
4824
77
25
136
3
748
28264
40
403
8
53
131
334
26
55
25
11
28
26
77
25
476
9
180
7
18
485
8
10
7
3010
9
69
3
513
1636
2437
5
38
374
3
440
29
820
8
7
5419
41
416
13
1362
8
7019
55
17
572
9
112
283
75
2
1005
5705
1286
2503
14997
2659
59
31888
1771
6
22
3147
3012
4089
6140
19443
2889
24
620
23125
1793
62
27107
23856
2263
118
10847
19
4697
2
11
7008
3
1204
13873
103
471
3355
3
22
28
13718
2719
3
243
56
583
122
23856
6268
37
6
2895
532
544
11
77
17
388
31888
12
7019
126
4407
10
142
6
22
42689
3147
122
4697
50
855
203
302
474
2
323
5
373
23856
14
274
15
851
2659
3
22
435
4
1642
418
7
485
51
4636
73
2
16994
29
793
60
7933
11
28
5
1146
54
1959
6
500
318
75
2346
5
2793
7
1366
7
13
1693
12
583
11
178
7019
350
5153
324
79
1765
15
4489
6
22
3147
4
3577
1840
434
2793
286
320
5
1771
3566
13
21
47
2710
23856
1298
11
13
425
1146
3
54897
1199
23125
187
7
759
6
2
3217
5
718
1146
2359
7019
6
264
66
6
1360
2
565
6
50453
2503
2659
59
1771
11
14
501
2263
1693
583
958
49
708
4697
30
12
3
24307
4
1546
258
57
2737
1660
6
2
272
6
