1593
75
2363
24
1772
1396
326
473
318
884
353
3
71195
1073
18235
5208
125
68
364
4
917
175
1396
32
520
2110
9065
38036
4
16103
23587
2110
3
5525
6833
4
32
479
812
46602
28501
3272
2
1281
9
722
656
3
32
12
318
109
23587
5009
1396
1279
3
4525
2
518
175
28501
1887
5
410
4492
4
32
38036
411
235
44
1379
8
23587
358
15
32
34259
78733
43259
37
1858
61
2
518
28501
1928
41
65
3
32
479
4
14
2
200
32
9400
6
410
6
4
318
109
125
917
191
702
4
78
32
554
267
2157
4374
43952
4051
4591
1018
1350
1279
248
6
502
231
43
266
5
238
1625
302
18654
2159
12
43
553
100
953
3
1636
3
1621
43952
7493
697
2
6147
24
2159
3
3364
45
24
49
528
107315
4690
479
3
1636
3
1621
2158
30
16
21
1379
9
271
56
5
2653
125
68
62
8
43259
326
32
92
1637
3
7679
125
1823
5
2115
232
5
32
479
808
12
318
109
285
12
318
109
4
12
318
109
125
68
364
1012
5
2549
323
4
2857
12
32
7679
641
54
132
296
13472
5
227
2778
141
20
7
18946
303
5
433
981
9
2217
790
19
35
216
24
84383
125
641
5
1772
1396
799
50
981
203
2
212
316
6
2
132
109
574
5
294
309
7583
1644
102
35
216
3710
710
3
981
48
125
5
158
35
216
402
495
36
326
19
159
1689
582
5
808
1772
1396
24
1001
109
168
1360
109
501
2
84385
125
16
2217
790
3876
1582
43
216
5
35
64
1011
433
307
4068
722
32
35
216
2843
9
32
479
267
137
164
164
4
164
30
380
370
285
4414
1068
294
6
78
32
4
1772
1396
125
28
2217
790
63
2037
15064
10
7
3034
2899
8
221
4
279
216
16
86
84
2366
1396
1335
3
32
5215
5
1068
294
362
7
362
100
2
10562
5
148
3
154
9
41
65
103
568
4437
6259
708
868
392
6
19
2501
2585
13
47
1956
3
17
2
4804
3041
59
10
154
3
3124
9
475
63028
363
3180
343
13
38
83
708
1847
3
1571
36823
43
85
16
405
43
4
138
27
13
47
612
2
235
43
63
370
285
53
16
103
708
54
245
524
40290
708
2163
2
2781
16409
3
138
7522
99
708
7145
195
100
62
2
272
876
3
2
5204
787
15
579
98408
443
191
123
1019
660
373
708
362
7
362
100
62
7335
3
138
27
15
2
3045
106020
19
22
573
15
579
1367
23
98
60
67
6941
1220
33
6
207
236
18
2
2141
44
84
8
138
27
13
154
25
239
3
247
63
45
6
191
14
89
1593
126
11
434
98
41
2762
3
38
1190
2587
10
242
8
11
34
247
2
97248
5
38
2034
3
172
138
27
5595
288
771
658
3431
1176
1488
559
4267
167
4
52
26
18
64
1330
3
172
89
140
10
7
859
451
8
26
671
38
128
708
44166
3775
7
68
1259
5
11957
19067
2
52730
3708
31
210
6
406
4
31
13
4
1532
3124
1330
497
5
1161
54133
4382
2342
8
63
5
143
35
40
17
4
1842
4
20
220
63
71
40
17
128
43
18766
5091
469
63
375
138
27
7
3268
6
12
1001
109
29
52
11957
19067
3124
40
17
1817
285
140
271
34
505
15
138
27
126
1001
109
4
617
71
34
522
2
667
461
15
48
10
57064
19067
3124
4
613
373
708
77
17
2
1259
9
4
2716
3128
740
102
138
27
2783
7048
945
1693
61
3
89
500
473
11
146
201
12
22
447
176
28
11
2352
56
2
419
4
489
70043
14
1211
6
103
936
8
5
15886
5882
31
14
350
6
573
6
22
266
12
2884
5
7432
35
393
6
1578
3728
4
5
3140
22806
31
14
277
350
3
439
23
2
308
6
36422
2
7010
312
37
311
351
24
23233
19431
10128
7
1637
298
1571
23
7432
35
3
1062
54955
4175
9
7196
855
570
2884
176
4
312
176
2
149
2
3728
3848
3425
19375
826
2498
216
4
406
24
1787
5
4262
6294
2345
4
2487
23
76
173
7196
957
15
176
4
134
81
11
14
110
3
1962
36422
176
582
453
60755
28
500
473
379
5445
7196
1711
74
22
708
746
10885
4
296
79
3308
850
3889
26
485
2
795
6103
4
277
7196
616
7196
2678
23
7432
35
15
5882
11
244
15
22806
29
820
8
1335
874
18
21
2710
2
3026
50
21
110
3
5032
12
2
3026
375
30
18
209
6
435
1578
176
582
2022
51367
28
886
2
3558
5
750
8
599
7
353
25
131
2752
7
2010
7
77
123
10
142
7
552
3140
4
11
7
86
417
31
367
552
180
886
2
3558
5
750
8
599
7
353
25
131
2752
7
2010
7
77
123
10
142
7
552
3140
4
11
7
86
417
31
367
552
180
390
2404
106488
886
2
3558
5
750
8
599
7
353
25
131
2752
7
2010
7
77
123
10
142
7
552
3140
4
11
7
86
417
31
367
552
180
23
2
4096
39
724
7432
35
393
63
1226
29587
28
8
7196
