5858
91
5
70
191
52
189
1439
4580
2667
5
2082
2496
71
7
23
60
46
286
21
445
46
3549
12
16302
28350
76
187
8
242
4482
215
297
4
10726
6
10632
3189
4
10854
3
2207
844
250
389
1723
6
57
10
242
4100
12
18631
242
5
7509
572
2696
250
285
204
6
57
165
10
242
22373
450
902
29
4792
157
13421
215
564
2
136
2
451
4
2176
15
1431
2466
1209
29209
997
3
332
5
104
450
2669
7
1877
19
2
7060
478
3
1227
33872
8692
124
80
6
187
120
71
245
115
309
6665
156
2
15
1943
936
36
1319
956
11
630
3
243
1194
12
95
297
3
319
81
24
6016
820
57815
230
113
20
997
7
196
5605
46
36
9
90
1282
5
2496
196
1895
165
29
42
148
10
21
7
8538
24
108
36
5802
157
767
2
76
1282
18
46744
1878
207
5789
705
11286
143
35
7
108
719
191
4
1483
14255
6
105
844
231
108
71
13
42
412
3
160
8
22
997
132
36
132
21
17
3
112
10951
12
1169
139
29
2
3704
3440
2129
6380
5
22
997
16
1049
2176
15
51
157
13
47
377
6
108
106
6
950
5
680
2371
128
466
14
6
117
21
613
349
15
107493
2056
462
207
906
847
165
2
2823
29510
1963
5
106
62
53
50
76
131
5782
2073
72121
1632
15
1661
17375
5
980
101
6
652
34
17
43109
3
137
8
144
9
2371
7
1247
6
11080
4
83
413
6
21557
5970
373
312
144
14
1750
11105
6
1837
4
701
177
5
133
1737
418
508
2
57385
1506
1245
7
5
15026
2129
144
9
2971
211
6
88
5
16
41
1889
37
38
1187
65
57
120
384
7921
7
229
2
63
193
40
17
2
4541
26513
2
387
35001
138
27
4
58
970
638
193
838
10
56
12
107
3
452
1551
3240
2
1954
167
19
371
27
7
8
1601
73
387
193
774
6
233
11
396
224
6217
524
12
311
5
265
1616
4
396
96
2
224
15
2090
27
28
298
12
2643
736
75596
21
2905
7422
80
52
10
3218
11865
52399
2
159
63
3
159
111
4
265
195
3
1869
232
5
233
492
58
16
6128
3972
37
18498
4
59235
5
1761
97
7267
31
186
107
3
2
4510
92
2631
74
1961
299
309
6
407
15
41
65
2
1168
387
2163
20
56
286
21
48
3190
12
3969
1498
4
76
16
41
1889
37
38
1187
65
57
120
384
41
14675
7921
7
229
2
63
193
40
17
2
4541
26513
2
2
387
193
15
76
2048
5165
64
23618
160
4
57
1862
8
711
40
163
89
6
2
41
4974
74343
25
73
3
1512
38
1204
387
4
363
1093
3
193
1594
82
22
13777
2986
4
5017
59
331
37
193
117
2816
5680
2
1248
58
24
3138
3935
140
11
1093
56
8
64
265
58
13
1064
6217
640
209
8
26
18
48
154
3
116
89
170
11
365
266
6
10
21
5258
3
446
5
185
6
20
133
3
18
2
232
5
20
616
14025
265
511
65
400
474
265
3
96
10
41
7094
4
3
683
1112
11
132
137
2
10
12507
387
5680
28
2
11
1881
265
5722
3
49
266
128
105511
1580
117
3635
2230
651
5
413
673
14
239
186
31275
11
21
2
255
30395
59
33
113
5
255
7632
128
417
8
154
3
634
7
638
193
1663
2
255
29
89
28
387
2230
31
75
3780
56
5
127
69
84
144
827
52618
669
58
3879
193
2
83493
31
2551
83
511
65
52640
2
381
12
265
1616
128
1308
193
228
22
83
97
195
265
408
195
2488
1325
651
5
1854
2
3349
20
551
7
21
42
6
2
236
120
4560
13013
7
165
316
5
44
4
10
7264
90
58
42
337
58
16
110
12
433
37
193
7
87
26
16
25
1229
8
11
34
93
39729
9
22
177
2513
2898
3
22
1580
2
177
5
197
53876
13987
2521
22
28591
1190
2
2
6157
5
2070
7922
15
114
37
9082
2
686
26263
59
11
10
83
3
2
1698
6
265
13792
968
22
267
1404
552
431
6
89
4
125
1281
24
2349
3
22
69
30
102286
52
26513
2023
4
12045
3841
193
865
2451
6
265
51
230
26
11806
9
2
193
91558
2048
5609
8
51
33
137
7
51
33
93
122
57
113
8
11
132
149
1460
82
36
23
275
18
3
471
76
64686
396
2350
44
8
268
7
20588
44
117
17596
23099
651
5
464
673
31
10
12
3546
369
15
193
4
5597
107
49022
2468
83
2343
774
6
3183
1107
387
23099
14
1521
19
1761
97
2334
6
2
1191
237
6
4
251
193
4
1625
12
34597
23099
173
56
8
118
2
387
7
21
183
2
63
4
140
2
7
40
17
2347
8
3164
1362
2
58
287
1283
8
400
15
43
981
2
239
282
284
9
83149
23099
44
11
13
21
3579
15
193
11
2
8
7366
3870
2542
7
42
5
1302
8
2
63
193
40
18
3
224
106450
173
8
2
387
4
2
63
16
103
131
382
262
7
531
3
95
31
113
8
815
175
193
