3021
22
563
3
1477
1909
8
14
2
1955
5
376
87
11373
277
1909
4
22
252
3
17
3944
1536
1909
14
163
24
266
9
2835
61
2
11559
79
266
5
941
105
97
162
1030
6
197
259
3195
22
3832
6
3786
954
5590
76983
563
10
7
483
15
3786
988
8
162
13
42
707
148
6
162
2061
2
94
650
1278
146
1909
234
73
2
14214
616
1909
14
7818
29
11
14
1024
3
1611
70
385
6
108
11
14
1170
6
3872
35
216
158
23540
22
2
2
2049
3757
19
1514
159
269
5
35
78
32
7
42
5
95
6767
11373
13
1289
37
49
713
432
783
601
5
1068
294
14
555
3
3062
19
238
92
49
172
619
1772
1396
4525
9
76
5
371
32
125
3
17
1364
12
2
1447
336
15
49
11793
1043
32
479
22285
246
3
49
1043
12
2267
5
238
92
1279
950
24
35
216
4
221
23
20
500
1388
900
3
514
98
5
81
1390
9
5092
214
5
67
226
1404
197
259
5010
20
1278
6
92
19
2245
3
1341
10
4
42
259
797
13
47
1341
2
2
5973
521
7636
5
95
31
50
6
496
5
502
371
32
79
119
111
751
63508
6129
30451
38218
481
37
1278
6
933
4
62
933
4
35
13
247
42
6
22
3623
5
5192
35
933
11
28
597
1077
3499
8
213
14
9118
4
1536
29
26
40
21
44
25
1525
72
2
42
44
8
439
13
2248
2
272
25
30
1283
3788
54
1042
3
17
1511
10
7
2
838
102
659
11
28
255
30
322
270
7
21
72
152
2137
29
1278
6
92
4
152
8
296
25
1037
8
10
7
3990
9
76
3
80
358
37
10
1525
5060
9059
5060
9059
7
437
5
2265
456
9
2612
2571
4
55
17
4051
23
21488
384
1135
3250
24
19
8953
64373
9503
10232
621
23
36912
12
766
24
27
1134
91
3
4633
1513
2782
100
12
4634
9503
10232
13
757
44
6
36912
1922
1174
1620
2
158
12262
89
12
2
4633
25383
1513
2782
277
12
22
4634
10119
5261
195
13
7582
142
79
133
75
749
136
5
1180
34910
61
3
1204
272
5
45
3162
138
27
6
2
3160
20501
3249
4670
780
5020
1226
308
266
1007
28
67
83810
1736
16
2397
3
6641
80
26378
8142
5
6927
2782
12
5000
4
13405
301
26
50
21
816
20
60
2
1204
3194
4
808
50
48
458
3
1466
20
7899
15487
104703
168
8025
170
1941
365
198
6
39
249
12
4628
371
10232
4634
14
277
3
17
42314
187
6
2
1513
2782
54
30
16
4140
2
2
4485
9985
606
4017
50
277
12
22
7826
4
30
380
326
10
198
9
606
3232
2
10119
1007
28
6
399
54146
8
7
1889
815
15
43
9503
13
31881
1407
22
3097
3
93
12
48
378
4
8022
22
322
1037
958
371
27
31067
9
201
5
2970
4
133
133
147
5633
1583
9503
5910
5
20
272
4
30
5878
2
251
24
217
3687
22
5688
93
325
10643
1030
6
112
10317
207
466
9
361
53
457
688
5581
7
2084
53
34
17
64
92
2631
20
848
87
58
16
6
496
12
1592
1228
11
28
36298
21
1686
37
8
87
30
302
161
210
5
20712
111
4
265
688
802
5
111
107
4
242
369
28
6
2
3271
15
41655
7
3301
640
209
8
111
13
86
893
37
727
5
5193
705
8
16
633
3
319
92
438
168
1029
265
13
893
98
321
4
233
7
12
5862
9
88
5
49111
6
3785
1997
16
4227
1009
705
53
87
26
16
1758
8
202
516
3
1486
215
749
898
446
303
19
779
302
309
4
10
7579
328
122
1293
6
236
7228
642
3
1432
348
8
16
135
91974
617
71
13
1991
3
2540
5193
200
8
25
224
15
161
215
4
1432
348
4
22
767
6
265
16
2768
8
58
555
61
2
428
84
3
2207
9463
688
1315
3
642
2
224
15
117
10356
5217
6385
103
66
404
59
161
50
1719
5
38
5136
779
369
8
3647
7579
642
63118
265
408
195
2488
1325
4555
1183
111
681
256
975
5141
18
1094
98
3097
3
25
271
707
20
60
231
4
265
162
16
5927
3
524
1199
375
58
483
83407
28
8
11
486
2
39
1421
5
2
96763
224
77
17
1498
203
792
5
593
779
9645
117
1221
24316
23012
4
964
2037
786
95674
11
2867
19
22
97
368
8
233
121
319
2375
10
2173
1009
200
126
1712
3
2429
2272
3
216
5
441
200
8
7
1027
118
51596
26
4953
25
48240
74
53
6
265
7
113
10
2
3171
52
26
25
8
29
30
2709
8
2542
59
30
93
3
10
11
17782
52
11
77
144
1586
749
3018
303
6
224
2
11
4
5217
7
6
109
11
7
44
64
29
1974
156
2
317
40
18
3
17
720
9
6
76
13435
3123
8
10356
4
7
303
14
3398
2355
6
6807
5
9458
15602
3
284
6
2314
3039
2060
2314
3039
11
17796
148
18
3
17
720
9
688
453
51
173
6
454
749
3018
52
26
25
3101
2227
71565
206
58
302
146
89
3301
37
2375
5193
