687
5
45
8
42
55
1529
3399
15
1737
876
974
5
70
923
13
186
3
4743
5
2
24220
564
9
770
321
2
30
55
84
137
1391
4
4397
25
21
18
128
44
21
80
6
1076
1149
755
13
68
3602
592
5
2319
106
26
7
21
80
178
8
1886
553
40
106
3
549
1989
26
68
403
9
687
4397
4
152
1391
6
257
138
27
13
1315
3
1627
79
2
2801
973
94
31
116
928
11
34
96
157
306
261
2683
668
108
9
1370
34
11
17
160
8
617
71
784
3
611
3
8007
2779
7
2
2397
4
2820
6961
11
13
773
2
2
543
3424
4
843
4032
745
346
574
6
538
19
8007
2779
12
355
109
4032
745
19
6701
27888
1806
9768
14
3528
19
4660
889
10847
89
12
2
264
540
736
2
11
11366
198
2138
5
25925
3141
72
2
2472
691
24
2078
33
219
6
2
382
108
28
1270
43
2423
3019
19528
30
219
21
3212
1192
3
17
53
25
10
245
6309
3
137
20
1781
99
435
9
1621
15188
7
2
108
120
11
55
329
155
5
4447
3860
5
2
1660
41846
3867
6
1085
25235
464
673
4752
4671
24
4688
5661
3
22
142
15360
1789
6
22
274
435
120
48
29
42
2821
14
32891
599
601
463
23
109
960
259
64
960
259
384
1188
8235
16
384
5
824
2951
4
21
2350
384
5
6876
6876
824
2404
6481
3402
1120
7227
36
745
270
703
4
10
6882
1466
886
19
8007
2779
12
355
109
15
599
1057
203
745
33
55
663
98
411
3
20
3102
168
651
109
33
55
549
2
411
36
14698
3
20
3102
558
300
33
327
17
7337
6
3
259
2
300
9072
162
870
1273
9
94
31
116
62
3
91
125
158
958
162
97
18
2302
2
88473
1273
9
2
94
31
116
62
3
91
125
97
1584
18
516
8
4
4436
3
91
125
3707
13
577
81
119
111
4
8
4
23622
9
125
34
17
2
280
106
1653
6
2
42
1054
1950
1380
27
13
517
127
85
198
142
5
67
4436
3
1463
70
166
30
55
303
61
4
91
2
1265
125
427
52
30
55
72
16
8
42
4242
30
55
192
142
119
111
6
378
66
60
33
40
505
3
116
580
31
7
201
15
125
40
33
580
7
25
299
37
38
188
2466
36
105
384
36
38
1251
82
72
627
180
26
116
2
51576
24
2
94993
4
30
142
81
48
107
10
86
337
30
182
811
10
7
1730
61
93
325
10643
1030
6
112
10317
207
466
9
361
53
63
71
510
2701
5
2
224
8
11
28
40
1090
250
24
6646
2
342
23331
86
18
258
1244
9
3059
250
342
348
2390
2
224
15
250
1712
190
124
6
311
389
36
403
9
51120
7023
22
1954
5989
1771
63
11039
3
108
11
86
245
796
42
1244
2390
2
224
15
250
64
323
57960
75
6066
776
66
5
63
71
2021
4
11616
238
188
14
362
3
13671
991
6
2617
63
71
300
6
1063
327
18
1463
9498
26
13
70
63
101
120
26
697
8815
786
9
63
71
7352
9
2929
24
3761
7
84
314
224
510
15
136
14308
19
119
111
103
153
404
154
3827
349
3
224
63
71
627
70
45
11
100
67016
24
627
5
3330
250
24
6646
2
342
537
224
6789
19
63
71
4
6698
5
35
78
32
4
256
1495
1833
8
108
5491
35
3402
5
1083
34
17
2
342
3835
35
6
235
66
29
584
136
86485
829
5
3578
4
3004
5
63
71
12961
3
2617
16
6558
80
19
22
854
29
88
5531
5
48
7
6859
8
63
71
516
3
4572
4
1309
4
8249
26334
49272
316
3
1061
8
1072
42
19
63
71
55
17
15441
30
147
3
1346
2169
5
22
64114
608
241
126
11
1123
119
111
59
171
22
69
9
711
11
510
22
3097
3
966
261
13315
15
195
5
250
278
3863
1621
4
464
76732
70
63
628
195
231
108
161
542
4
4867
1795
4
2983
870
241
126
63
7
3268
79
266
6
1345
62
94
12914
9
711
84
358
37
250
34
117
2
314
1901
3
108
37
38
238
188
1641
67
767
4
6679
4286
14
3
116
229
157
34
218
4319
24
108
2302
19
63
71
4
269
5
35
78
32
36
34
157
766
3
10
7458
792
564
6
106861
8
187
870
84
19
395
10
314
3
70
45
4
108
8
20
7
63
71
224
15
250
21
157
224
15
12611
235
63
327
69
9
266
12
1291
8
13
241
2098
70
238
188
455
250
82
8
991
55
21
18
12167
5
1130
342
5044
25840
235
63
327
16412
1084
6475
19
63
71
4
179
15
233
3
1937
39
6325
1084
12
250
195
9
38
1496
144
9
834
4
3384
399
101
44439
34
633
3236
15
67
846
767
3
345
81
455
2
382
997
3
250
65
9285
997
177
5
20
41505
327
96
10
314
8
846
214
115
21
685
19
9423
250
430
9805
4
1148
8
55
704
730
1163
29
798
5
108
68
147
3
1366
8
52
730
2570
3
2066
