233
4
71
6
119
111
9
235
39274
7
74
321
964
457
688
5581
2
1046
267
5
506
1053
7
569
2347
8
162
610
1359
4
93
570
15
63
4
2749
20
2
850
2
90307
202
195
365
664
8
40
609
190
106
12
639
13997
348
6
541
44
29
8
40
633
23
275
106
3
69819
4636
11788
8
26
77
2
90
41
106
9
2
348
8
88
12
38
210
952
2
14076
4
102902
135
195
3824
3550
5
731
4
49
76911
767
16
1024
3
768
506
5399
2432
348
2
2
107
3
1462
478
3729
25
10
313
1598
8
362
135
106
40
1362
3
888
348
80
286
97
13
1611
10
9
26773
5
130
135
1580
16
6
837
5
24277
12
639
348
4
7
113
8
2
28
964
7925
55082
6746
42
5
281
162
31
1521
71
12
466
31960
451
2646
7
3
117
5281
1053
142
3
265
29
387
1507
1457
3729
86
4968
128
205
75
1368
838
4
119
111
3648
14
3
1227
947
895
53
190
600
3
16503
77744
111
310
269
2600
2569
2269
466
1179
2
4
12024
4
6652
82913
10
14
41
65
2
22491
8
434
3550
4
408
5
111
162
3
3405
102
38
7643
119
111
775
58
4
402
151
653
8
722
2929
191
7
2
1310
1555
9
506
224
1766
61
2046
535
3
70
67453
111
162
208
2913
864
26
1047
3870
19
627
24
268
252
37
506
224
26
948
9
262
4
2940
689
6
38
74741
200
18
445
13
2
1191
1295
6
233
75
85
689
6
264
66
111
135
1339
7
2232
4
41
521
17851
3
288
139
6
1665
5
554
1808
5125
4
94079
8
7700
71
14
21
458
3
611
362
111
162
22
107
3550
24
100305
4
3158
510
12
111
1616
23
128
532
8
11
40
17
9042
15
408
5
49
1339
4
102
49
41008
14
2
282
224
9
157
639
23
70
222
138
27
1596
2
23365
23915
3430
12
22
58
895
6
289
431
20
66
46
11
522
4
26525
535
19
84
10
2
14931
8
27
122
12
22
107
3
202
499
5716
79
4
10122
13341
5
20700
737
12
1432
4
288
594
46
5776
40910
31
1047
274
56
5
11045
79905
5
128
281
568
962
5
58
31
866
20
66
27
13
1165
3
491
2126
139
8
7
941
3
555
614
3
361
506
4
3
59412
2390
59
57
94
50
108082
455
1632
46
4
3461
46
1997
5
56592
5651
27
14
107971
455
114
2824
183
1026
5
40910
94348
14
3469
6
5088
5
238
1091
3
243
10
6
11547
11865
461
39
4812
704
14783
120
26
50
209
8
27
14
377
271
3012
382
716
314
6
38800
58
185
6
10885
832
12
1360
142
6
95
341
44
5
69
27
13
182
42
949
452
4
517
42
39
632
4
10
14
165
2090
2179
31
40
1362
7685
171
8
185
27
365
51
819
3
17
4
2416
7732
11
5715
79
575
978
189
10639
433
46
6
2
35
120
63
14
165
973
876
5
386
124
27
28
575
189
146
2
1437
30
55
96
1437
29
8
42
14
2
4226
30
121
18
208
47
6
386
30
18
6331
311
389
4
140
27
30
606
7258
7915
23
159
63
122
29774
22
1045
827
995
108
506
456
324
83
171
112
1045
2615
1062
8
6
411
827
29332
2162
58
368
11
1296
43
1106
4
57
12
695
6
10885
8
330
4278
3
693
586
15
189
6
3201
5
20
5863
17292
90
486
8
27
13
6201
491
2
42
5389
58
1584
55074
3
2143
27
167
12
63
575
978
189
14
66604
2386
6
413
673
149
21
859
27
16507
6
17413
35
289
2
153
394
817
19
2
1381
1271
2
30
55
137
6
7220
271
13
160
474
202
75
6
341
66
5
20
1242
413
14203
13
47
3184
3
431
321
19
311
5
373
568
26
46
36
23
275
2
9520
5
81
46
13
2323
9862
5
2960
238
124
27
592
6
17413
35
14
4171
321
10
14
3826
86
2
9520
129
1404
117
1025
305
438
2
4
19018
2810
3587
2673
373
25
30
55
137
8
58
6179
535
7
84
35277
4
122
27
988
1566
23
2377
2046
3386
26
50
86
3386
46
87
6
15615
53
16
378
1529
13776
3204
12
6179
101
4
2
30
18121
104
378
3386
30
55
137
8
122
76
16
1264
1635
4
7671
5292
57
16
3981
4
20014
99
1548
8
7
12458
1288
4
57
9970
113
97161
1416
4
25
12
1548
16
21
25
2115
231
133
29
26
16
571
223
13144
373
85950
7055
104
1780
68
508
2
88028
465
346
677
585
15
1548
321
38
3328
16
382
4
25
7
38
4637
4682
1548
2459
18
139
2
6483
9887
3
48
238
12024
7055
18
47
41
8049
171
108
124
7
9
482
38
2422
36176
50
2674
3
43
2278
12
210
5
767
29
8
14
465
87
5
1885
45797
36
30887
2630
21
87
26
1047
2098
19
4
1506
1291
5
18629
962
183
7055
50
465
3184
3
3850
6
3087
157
4
6
239
389
41
644
8707
7055
3204
13
1443
15
1548
6
941
3
2670
43
2278
6
311
389
