30
100
833
56
52
20
7
340
98
201
4
53
2
937
74
12
89886
7
20
271
7
55
3403
7
40
44
11
1119
514
22
10516
79
22
616
2
52
2376
271
11
1214
4745
15
4
48017
527
4
1564
22
555
4179
142
4
3188
73
11
1568
4
26872
11
163
2
311
46
3754
2734
61
46
234
35378
4
24983
23
183
20784
876
11
2453
2
173
19
5072
2
101
1540
15
49
5183
56
12
172
46
2
4745
8
40
17
25
12617
52
10
50
25
7219
5
42
24
894
11
1350
2602
10
61
49
1043
159
63
23
22
88
71408
138
27
4
78
32
185
473
330
26
2334
586
4477
2
149
2
14067
38
616
1200
46
578
6280
6705
3223
46
132
10583
1652
2
136
37
81
2
38
357
2858
251
10
77516
42
148
3
3125
631
173
10
190
3
302
519
33
7287
15
112
616
4
10
42
148
3
17
10821
12
156
5274
2
161
94
18
47
10
190
3
1062
10
15
169
45
105120
5015
2
1951
1215
2858
4
876
6082
3764
94
100
616
1200
9
1076
270
83546
5015
5597
27
1215
959
76
5
22
2502
4
7664
1590
49
2698
87
26
5077
4
1263
24
22
519
10
228
4754
100
33
72
93
1650
5
10
6001
36
5743
74881
61140
27
4745
15
22
1060
2867
56
4
10516
621
31785
349
3
22
210
10
234
73
11
2376
271
6001
5015
44
46
14046
6
42
31
366
3
17
2
571
195
137
2452
27159
3
173
5
4709
27
729
22
5183
4
36185
79
27159
527
1848
8
3072
258
2821
16
21596
472
5
3806
56
2285
137
2452
8033
10
51
10
1173
73
4
10457
435
13978
8
96642
56
5
207
9284
34306
8409
1712
23
2452
26872
15
22
4179
555
455
332
57
11
317
22
1060
142
4
3188
9
3626
16956
95
9772
7480
7430
107609
36618
15
2530
22002
315
27
484
61
2734
5
22
3754
29
798
5
22
6705
4752
16
21
6798
46
833
1070
10
5724
2903
4
234
3053
102413
44
32
7
149
2604
4
149
36626
91
49
435
1646
4
317
149
11
774
73
107
32
365
695
9
49
3741
381
23
135
440
1249
24
101
3
274
4
7542
6
3408
24
231
68576
99281
59
88
45
96
2
1540
26
2867
38
5183
409
38
22264
29
32
798
49
5183
12
172
5
49
36185
54
7
1695
46
11
115
234
73
11
110
3
29771
2090
46
29
2654
43
8
4745
14
10669
19
63
137
2452
8630
32
1119
276
2
334
8630
122
11
395
2
173
54
835
11869
4603
37
51
11
49650
13
41
2755
2165
37
27
616
1200
29
488
11
2
136
282
12734
4
15792
65
32
46
3678
87
11
1031
126
2
150
738
1014
62
1263
9
66
4
3678
87
11
2
83180
28820
22
2970
656
36
12617
22
24899
4745
27
13
2397
22
1263
3
1205
89
2
11
7
46
8
86112
6
2
5385
185
1538
172
825
5015
44
10
22
3
689
825
7
21
362
357
16
21
62145
7
357
4064
63
6099
9
6
59
11
28
6
2
185
15
4008
1971
8
2049
7
1982
1268
730
11
11574
6099
9
14
64
138
101126
12262
930
112
2894
5
257
85
59672
12590
516
235
63
1082
3
1760
1301
4
2766
651
14484
23462
7972
1502
213
8
10682
3
17
70
923
14
1254
6
48
10
955
16573
12
2
2012
393
695
128
153
103
43
265
94
5
7387
675
6955
3
144
1425
97
94
101
3
1166
185
29
784
3
676
59
2076
13754
49
351
20
14
38
1295
1840
100
532
59
26
77
18
196
9
2203
4
923
29
784
930
1425
97
6444
3749
567
43
265
185
6
1979
2
10732
19
1760
1301
4
2766
651
14484
23462
955
152
4
105
7387
7708
3
1061
8
1425
97
519
40
21
17
485
43
1278
171
20
69
1614
7
12
601
2725
9
478
108
3
9297
64
42
1721
80
396
769
55
2306
4454
11893
8
7
91
3
2365
35
3908
176
1377
5
1241
4366
2297
4
7567
919
175
4677
6
135
4
58
675
1425
97
94
156
2
3395
2761
11131
10171
4
6444
3749
18
163
6473
29206
191
3
1341
2
1502
1116
4
15452
105
213
8
1602
4
4694
16957
1320
5
1897
7426
176
1377
5
220
2328
4625
1341
1320
73
4002
1338
3
6544
538
1611
2147
3267
4
30687
5
1125
1071
5
1802
4
413
157
213
301
7
1340
10
41
831
3
1365
56
926
5
210
156
14
743
20
153
23
393
5
2012
645
5
166
1091
120
651
6444
3749
1425
97
94
9
1979
43
265
389
14
900
924
3
2025
6
86
5385
185
2856
135
2332
1079
2264
10896
4
58
35
3363
13187
14093
955
152
4
105
7387
7708
3
1061
8
1425
97
519
40
21
17
485
5892
2463
91
3
3602
3749
14
8
49
199
217
13
21
1123
29
5
376
10
7
831
3
1097
3146
217
5
6
199
59
42
7
5288
3602
24
185
4
166
343
20
7
7972
1502
213
8
220
45
116
25
149
59
176
324
3
7879
49
198
695
1343
94
420
2
3932
676
5
11930
428
5233
59
1502
185
739
1263
232
228
9
