28
10
126
7
113
7
34
93
525
149
15
657
84
33
208
116
7
25
44
8
46
86
2
4955
40
44
7
34
100
29
7
488
8
7
34
93
525
149
15
92945
358
5
657
4
1594
27
14
599
2
281
368
24
4629
10552
407
15
71
6
2948
54
1299
71
2
254
280
191
242
33
55
93
51
33
14
261
454
3
7435
104297
7617
3222
4
28
149
7
113
53
2
856
699
3
8
7
113
53
2
856
699
3
8
280
191
7
168
1036
280
191
7
7
25
80
14
3
91
357
623
29
33
116
67
215
7
131
3763
8594
33
234
23
51
110
12
15
1036
3
67
215
4
10
8594
24
48
5
642
27
28
2158
8
11
2513
137
2620
9
159
43
215
292
118
1131
9
92887
25
14
45
3
17
2250
7
14
81
3
1036
67
133
11
28
101
84
26
25
1036
67
18044
28
143
35
121
21
4319
24
108
29
121
15428
10
919
4
564
6
90
414
151
4
1815
211
83164
5
48
10
8855
11
28
67
273
447
270
7
834
3264
4
1006
21
245
303
61
9
834
1006
7
303
61
9
2049
637
41
65
476
765
4
84
33
25
18
2049
102766
9
27
1006
657
342
537
48
5
8
7
9
394
9
84
102
4275
251
24
542
552
42
4
1204
58
469
64895
1125
8255
7
3
192
27
28
4
75
7
192
7
34
17
25
127
8
33
635
80
1283
180
33
17
2650
10448
33
17
25
51975
26248
4
21722
569
17650
1000
3
6383
2992
20
40
340
17
2
27414
1934
9
846
905
710
2
2
3213
10549
12
24378
34265
8841
54
4029
12
2019
5
4443
318
40
17
2058
3
7810
65
2
7180
139
8942
44531
550
573
5
2367
4
7355
1431
134
1269
1160
52
30
18
2
718
5520
139
140
10
382
140
30
18
3
15428
3222
174
29
7
25
913
10
3
17
187
3150
1089
22749
52
2
1413
3
4443
115
959
33
10
230
434
989
1332
1072
4
41
11777
2176
5
2
34265
3102
3185
4
5502
4203
22473
4
2
4017
1276
25701
42225
4
14
2
1617
5335
175
550
4
263
905
710
13359
24378
100
582
2466
14
3
2216
7938
5
1980
7902
4
4485
2065
12
415
1473
19
1279
416
5
7073
7037
54
18
47
5686
19
268
4443
1431
525
15
57
10164
7037
1160
383
8
1431
14
2
12253
3
2
943
1431
59
1574
2265
3
778
2
136
1457
2304
1489
4
18890
12
4443
54
34
3354
61
3
83
3
234
9
527
5
2369
290
6
1473
649
3150
1089
22749
235
503
664
2192
6268
143
35
3
117
399
3
4443
19
42225
2229
4443
5323
128
153
75
2
63047
12321
4
84
96
10
107
231
1473
207
44
29
208
326
142
1901
5496
8
3185
22473
146
2
1516
5502
12
1473
2019
3883
307
806
466
533
19
4443
10690
25701
82549
8
62
51
939
3
17
27982
963
746
418
120
4654
14
1192
3
18
4364
83
7605
8
10
132
18
4089
12
984
753
1100
10296
43248
1094
8
24378
100
12724
4
2514
3820
132
18
2792
22810
4
99268
54
16
1192
3
1262
9
373
1730
75
258
373
91
3
2
3213
10549
3150
1089
22749
4443
28
64
1194
11602
6738
7300
475
10825
5
905
11
134
1160
130
2179
7
8
23
8
173
30
50
165
196
422
174
4
88
253
1934
7
8
24
140
30
72
1658
3
2019
4
291
7
1496
4
561
17041
74
746
475
34
1024
229
24378
7
5966
29
550
28
48
5
4654
1046
934
13
47
1666
4
1431
14
2
1330
640
3837
984
2
10
7
30
18
42
177
8
179
131
149
4
42
177
8
7
179
2
30
761
28
43248
1859
6196
7
8
30
113
30
18
6
435
1310
294
3
1729
255
550
13
2
707
576
6
59
52382
50478
1431
4344
2719
3
96
2
3234
44
5502
1964
8359
164
80
286
20
259
7
2
1067
16592
10
865
4
131
344
4
33
147
3
599
37
271
57
65
85
2385
8
17828
12504
7
1653
5
105614
2880
4
15
7695
187
4071
4
344
763
8
1341
3730
6
439
497
223
25231
311
406
119
19
3824
11987
1051
5
3856
393
5
12346
4
393
5
731
4
5827
4
17828
12504
669
2950
4
7835
6700
1051
5
288
4
414
1091
13027
11112
2732
391
5
166
4
414
1091
4
288
216
5986
393
1910
758
23
31979
6
264
66
91
5
22879
2013
1725
13
1798
24
5317
535
4
2626
4885
4658
3
57
418
5
288
4
3
57
338
1008
714
88
9804
6
974
4
283
288
20
2362
653
8
76
5
3303
5
156
1725
798
12
8477
37
51
26
16
2175
5
11924
4
4735
102
1357
24395
24
1725
3
57
1976
22879
2013
1725
9531
18
47
22782
91
6
288
654
170
1322
935
436
3666
175
4
137
1607
4
69063
4
18
47
2402
91
170
140
3
6173
5317
535
4
2626
4885
79680
4
66723
68170
4
96212
6
264
66
26
18
1798
1801
6
288
4
6
57
338
1008
714
88
9804
6
974
4
283
288
2903
1408
100
6
59971
47684
4
89659
41246
361
7883
