255
1183
115
10
96
136
448
3
431
10
56
15
1589
4
2617
74
47112
28
10
40
17
732
3
1233
20
1907
4
10
40
17
732
3
7426
657
5760
215
9439
3
4852
1212
42
5
172
687
4880
5
54273
119
111
121
17
470
2435
664
3
319
818
24
502
901
11550
767
12
6710
400
15
846
3
4041
2770
5
1059
5008
293
4
22371
263
4
1052
748
6
20663
63
13
2
241
311
1268
4
846
196
590
29
8
1138
284
5
22
784
238
188
54
13
914
5249
48
732
45
122
10995
67
325
66237
71
13
2
334
74
2
66
3
96
5874
11
147
3
93
739
84737
3513
34058
7
823
63
5
238
4
441
188
1210
3035
479
663
89
12
4
1312
24
220
274
220
1022
1202
9
153
5
1986
109
4141
19
16246
8561
2
12
14511
884
3863
19942
1870
6
427
5
2107
6
3728
11048
2585
528
8
3770
517
1600
266
6
5780
220
2585
3728
13
1371
2
69
3
1911
2
18010
4
7801
2543
4
2
8605
3103
26
251
10
35878
4876
20
1383
52
10
7
5951
2013
77
340
522
2107
28
2210
2585
1007
22234
23534
104
359
5
753
16
2046
99
4
5491
3
7539
76
5
1661
147
5
67
543
4
12
2
2670
446
3
245
243
20
242
5
1870
995
6
67
543
435
422
3231
7
42
5
104
418
5
1515
2094
1159
100
8
220
45
18
47
16291
4
6971
3994
24
28
23534
25
30
16
377
10
9
1903
887
10913
4
820
4101
593
1564
5
1121
497
3471
4
1081
427
13650
7
5037
284
5
4
1961
299
309
3689
8
14
1049
136
2
2722
3
283
1121
940
59
233
893
10
6
28
651
256
24580
1051
13027
5
347
2394
23
393
5
197
391
5
2394
6
4738
3689
14
208
1448
9
11516
10
2
16216
6
320
5
200
11
28
887
7
10913
4
820
4101
4
7115
42791
55
21
179
6
241
461
1046
431
121
17
9
51
34
888
246
4
276
2801
1203
3
597
5776
795
8863
150
283
1121
651
24580
28
795
8863
1836
77
888
591
2
66
37
183
2
478
43
441
779
431
9
842
9
5171
6
3238
23
2
543
1110
12
771
6
391
3238
843
8599
4
804
2373
3
16
194
31
392
391
771
4
62
16
30
3377
3
10
223
95
6477
15
139
14
651
2128
25847
1051
5
10511
1210
23
4991
35
393
11
28
877
608
15
35
4521
5
391
6
4
11906
3012
75
16069
5
31309
1924
1286
391
77
17
42
5
88
3932
236
9
67
1320
29
472
10
35055
651
25847
134
787
23
2022
2187
11114
4403
5
1241
70
352
29
30
219
110
3
431
3
93
142
3
236
120
30
18
9195
2457
10511
21
72
3859
2
930
853
29
3
2380
45
31
16
35386
4
31
116
62
3
431
9
38
543
3863
20991
554
3074
640
7049
69
7
567
33
3
346
42
2507
5
39
8
7
1280
3
3863
6
104
128
36
66
28
6120
40413
5590
2
31900
8856
852
6
12822
1946
4
824
5
4
463
1851
9230
3863
569
5590
28
143
35
4
10
2009
767
6
3863
18
1296
61
2
9504
7049
69
367
170
500
9037
8391
4
22
2035
97
50
5951
612
6
2
771
5046
19
1462
5
108
649
786
918
941
3
1692
2475
128
66
29
5590
44
92
7
14970
3863
13
1315
3
2658
2
2273
554
743
29
20
7
572
39
9
955
2682
4
9
143
35
87
26
14
3863
3
17
2013
19
38
38354
220
1022
1202
12
1055
1202
703
7
2773
19
7903
9
4
16246
8561
2
39
4494
5
348
603
207
473
23
303
12
15388
3244
5023
6
1725
5
80
2797
232
496
15
7295
2
43
4643
4803
6
2690
23
15979
544
20
66
14
2269
9
2137
2
227
741
28
12
442
1554
4
441
702
6
187
596
3
8250
5
5023
31
5012
773
9
227
1787
5
778
2103
75
43
847
741
9614
1513
28
5023
40
17
2325
41
1867
37
300
11
132
18
146
37
22
2137
10
2
39
2316
2
39
44
2
39
483
1513
28
1513
28
7572
19
2316
40
483
74
4
8939
34
664
6
9
2269
5023
702
9
7535
3949
195
5
95
496
331
212
6
2
4402
12
442
736
3
4790
5023
6
194
4
316
2316
3
870
7572
285
36
873
2
30018
2316
2203
324
203
2860
12
298
59
10
326
741
2
750
254
42
5023
2011
118
131
3532
2
7572
608
128
153
55
2
5023
2
159
909
5
1787
5
778
2103
31
555
38
1184
6
7572
19
3597
7
353
131
3532
174
100
17
1050
4
10278
741
6
20
187
100
750
35
184
3
4402
19
3949
1164
8100
8667
122
10
14
2155
229
1192
2137
5
5023
1628
2
5023
64
14
9
36
102
92
8667
13
28
606
2800
5
417
14
816
1513
2849
5023
6
432
12
298
4
28
11
277
64
1631
9
4908
11
14
3532
1554
13
1274
768
1385
7184
13
321
3
16
270
3126
750
19
221
437
530
31
425
8
227
1787
5
291
13
1893
2
2109
79
78
32
125
2
2
284
5
1340
12
51
6124
425
