24
17837
2114
12557
4
1760
75
2
647
1146
23
2633
2740
12
52822
16031
1295
29
4
12406
1975
28
17837
396
17
621
1390
87
350
686
1363
4
555
4
1567
47637
3
992
13808
2317
35923
8
50
236
6
725
5
89
6
2
18426
29533
59
11
8380
22
573
349
3
1485
992
44
13808
485
2
3516
18426
4754
1219
19
2
4640
4754
4
140
1047
2
3790
12039
6
22
274
1070
4
12
22
63951
4
1146
181
1080
9
48145
13808
28
11
14
3870
12
22
322
4209
4
1060
75
18274
10061
12
64162
1644
28
2
17717
7
21
2991
13808
8
8637
14
350
10
653
13808
2503
718
4
2969
3899
3518
2
2
284
5
17837
7346
59
11
324
6
1765
15
2
1130
4
13755
999
1885
2
5221
5
350
65568
1725
741
2269
2480
1340
17837
46
2
23891
2633
15
41
65
2740
46
14
21
633
3
2991
13808
102
2
837
8
7
555
4
85144
5600
29
2
101601
1975
324
3
183
27940
383
402
1705
16
633
3
3875
4
2201
1130
999
3
1500
4210
6
1106
999
4
3
1227
1694
999
8
40
6555
4210
102268
10
28
692
1363
19
350
12247
14
15007
17837
992
28
13
64
2490
3
2991
13808
8
686
14
18426
350
4
121
17
2757
15
91
27668
702
9
13808
1477
11500
5
57349
877
3
300
2
1164
9
17837
77
21
167
608
59
2
1863
3154
6
2
708
7434
620
2574
66752
1004
50
518
3
2216
2857
5
2
39
441
20256
1014
1245
822
681
1869
8964
2
2
3465
5
5861
24
3131
2700
96263
7802
15061
140
1219
54
176
44
448
59
214
163
489
776
2693
3251
53
47
2
956
5
2693
167
170
128
66
4419
5
88
43
4
238
12067
2693
34
137
270
167
2
2
1391
2258
46
2
10
102
2
372
92
191
456
6
910
5
1035
167
7
1586
194
37
62
20
214
6113
77
505
4
37
1506
953
5
2388
163
3
234
73
14745
603
905
4613
175
43
4
204
6
278
7
3859
2
1106
2845
1655
43
158
28
466
8
2
263
1145
4954
6675
349
3
2
43
4076
6
1268
278
12
318
82
271
8
396
1679
17
14725
6
849
5
1847
588
19
204
4
43
6
3
21623
603
559
53
4995
181
420
20
3952
746
1902
1959
500
12
318
59
2
263
2231
8
14
16897
2
1457
3757
1129
25325
6
10423
5
4
70
4076
603
163
4750
257
2515
21970
28
263
2231
324
3
958
5
727
2
311
11
453
190
43
215
158
876
12
999
5
3269
28
70
2828
77
488
16517
981
19
263
2231
4656
10
14
349
362
33
77
488
2231
6385
5
1129
2375
19
158
28
10
939
263
2828
13
551
21
388
43
2231
2
10
14
1682
4
1129
50
2845
261
849
7
40
2920
10
3
21
454
1310
22186
3555
398
48
95
1467
2467
570
21970
28
42
7
11444
3
155
1973
12
13511
6
411
3
8
29
3010
4995
800
2
1067
5
1312
1146
459
718
194
37
2145
3
54
2828
16
458
3
1562
1703
4684
26
1838
6
149
1026
5
1879
53
16
103
1321
703
6332
1923
4
302
74
183
603
905
82
4
8
112
255
101
53
2
3
10
4791
8
263
16
21
30951
19985
6
2
107
8
43
213
55
7602
4
33
18
595
9
2
2141
28521
36145
615
23
603
27916
1625
8
313
3
17
1131
9
559
53
121
18
3
17
2
1565
36
3555
139
23
275
21
171
943
603
971
4
603
144
559
59
26
18
1706
2467
161
902
263
4
43
18
2755
242
3
1500
201
65010
603
1245
6
418
6
194
257
418
3508
1959
6
55
17
20026
24
120
43
902
1535
603
971
12
318
137
1963
1880
5
902
603
971
6
278
12
1547
1880
23
11536
5965
5465
29497
1109
68354
4
1679
14568
77
5279
2
1268
278
818
425
9
349
603
3508
52
263
1145
14
16897
330
263
1784
761
3
137
293
1145
395
38
107
79
278
35103
418
120
46623
4
5465
29497
46
36
46535
46
16
2687
40
17
88
253
1967
1963
824
27148
263
18
38
4
3831
4
1923
1660
525
15
3831
4
1923
456
5
604
150
213
204
13
68
1838
12652
27287
74
278
170
1258
782
53
64
107
3
116
52
10
14
2467
12
318
7
65807
6
278
29
511
1838
56
5
39389
6
1423
204
10
132
149
18
47
2467
8
330
398
57
148
110
12
43
902
13
9726
24
43
7835
6700
32635
54
154
61
24
3907
2358
3
144
559
6
161
1837
386
4
1268
278
58554
8516
61
4
9726
3
144
86603
65812
1089
19
3704
48708
832
1226
46
43
4299
318
109
43
902
55
68
72014
101
84
15
24
2096
2022
326
10243
54
13
47
6
1268
4131
4
2845
10
32635
74
278
170
1029
10
21
314
120
2022
326
10243
109
16
2845
29
26
16
2175
5
1930
22086
603
905
1203
15
12592
109
59
161
16
11524
1005
2949
2096
2022
326
10243
1057
806
880
186
88238
400
15
326
10243
12
318
50
68
103
9000
43
4137
4
2096
54798
457
42
36
161
5
54
40
18
47
458
3
1562
263
1706
3
76
2613
12603
74
