45
16
4038
52
78
13
517
4
52
130
45
30
56
4
6130
1663
40
44
32263
4893
2
2273
42326
4
10
40
18
47
2
136
382
2252
53
7
2
382
2252
33
116
53
7
2
1657
854
22004
13
47
566
601
44
170
85
4
2068
3815
2106
6
177
19
78
10820
2039
6
973
106
18
47
72237
30
2849
89
12
466
1921
371
27
28
11
13
21
485
37
76
5
309
5
581
8
16
13306
61
6
22
320
36
102
22
43163
11
28
13
11
485
37
181
5
1217
7339
4
520
447
102
1241
70
1499
4
980
19
76
5
22
43164
27
7
353
131
1066
3
485
8
7
1114
3
485
8
7
242
7
1114
3
485
16480
2955
29
33
25
485
25043
27
7
5571
485
74823
796
7
796
42
36
103
73745
2955
12
338
80597
27
29
7
113
3085
2
131
503
869
285
7
113
29388
2955
25
33
14
3
44
476
3
95
40618
27
7
40
44
5571
25
10
4893
2273
26823
6436
3105
1033
611
20
133
570
9066
2955
9127
9719
1499
30114
27
7
353
25
11927
3
485
8
4
7
44
108365
22188
52
10
52
10
248
7
34
44
20
4
7
34
44
101
3
1792
172
37924
69
371
27
28
11
40
3840
2
722
1554
3
234
79
78
10820
125
25051
30
331
89
52
11
240
3
1518
8
30503
177
5
407
4
2
1012
15
235
99
1220
3801
27
59
30
154
27323
466
138
27
510
8
11
14
1972
573
5
22
2552
504
498
1079
891
14
1603
19
823
3162
1221
1358
371
27
68
453
22
258
2018
397
3
2552
97821
84
4
5263
44
504
327
2700
39
252
15
105
5469
4893
39
1900
6
72
1610
43546
30
1732
3
138
27
12
466
18142
4
6182
5
22
39
564
14
72
6033
6
11
14
9836
30
4644
52
2
63
11
943
3
6290
22
1246
1058
65268
2955
7
14
3
706
33
37
1475
8
33
243
56
7
113
10
14
128
330
36
330
126
37
104
61671
27
32182
2955
33
28
8
26
50
92225
33
28
10
14
102609
27
7
28
76
5
81
76
5
81
16
9066
2955
29
16
33
110
3
17
5996
4
1112
7691
2762
37
72
243
56
53
59
7691
30823
27
25
3085
2
1265
729
5
1215
175
322
33
116
558
4
672
4
7
2179
4708
7
18
169
45
169
40615
2955
25
33
16
110
3
319
10
43151
27
3085
2
306
729
5
1215
84
25
7
44
17183
276
10
61
1623
4
2208
56
4893
2
2780
729
7
1306
61
6436
3637
61
84
7
113
7
2602
61
1864
45
6436
21
254
7
552
10
29
10
115
93
357
56
59
33
276
180
2
572
460
36
59
33
276
180
4
5552
460
36
59
2031
57
65
33
4
190
703
36
1112
26823
5
376
2130
40
208
25
2
148
73
8
101
7
18
2
2034
5
794
142
4893
131
100201
2955
29
7691
110
3
25
8
2
30823
27
6436
110
3
25
131
7368
52
7
91
10
23
48
6436
110
3
25
131
7368
7
346
10
2780
3085
2
1265
729
5
1215
53
121
17
412
33
121
17
6070
5
3085
3085
120
3085
23
7
7
25
178
20
7
245
178
8
3014
209
8
7
18
156
191
6
461
5
217
15
558
672
4708
303
23945
7
113
10
914
180
192
48
5
104
237
120
9127
749
136
41
246
65
7
757
33
116
7
757
130
246
2
182
5
130
246
4
7
517
7
113
8
338
152
13
41
191
65
246
26
757
4
7
113
928
3
2
856
2145
7
988
16480
2955
16
33
110
3
706
9
2
722
1554
3
1773
78
32
74
49
125
4
16
33
2
33
13
28
3
49
322
110
3
666
4
243
49
6
75179
27
149
17183
468
33
51
6436
110
3
25
6436
110
3
113
37
10
3014
7
488
8
7
14
3
744
12
262
7
14
3
744
12
1836
7
14
3
744
12
614
4
487
4
377
2
245
306
487
200
30
14
3
18
2
306
487
200
4
7
14
3
744
12
48
5
104
57
148
8
16584
47
631
44370
2955
33
33
116
26788
27
4
93
133
100361
49502
2955
33
228
49
108254
69968
28
33
697
3
93
6
1962
112
45
6
112
1263
1296
254
108308
61778
103391
27
2910
11
24903
2955
25
107766
27
11
7
76
572
148
7
242
11
7
76
572
42324
2955
7
116
29
2
722
1554
33
113
33
81121
27
7
5571
14
3
1671
81
7
5571
14
3
1671
81
9127
9127
201
45
7
5571
14
3
1671
81
4
7
34
276
33
2
131
131
201
4
6411
661
235
60
30
25
985
99805
26315
50
1443
19
235
99
1220
3801
27
18306
17
86
373
8061
99
1220
6341
24
10018
256
20617
44179
872
38679
14
65160
2955
33
116
7
331
112
1043
52
11
14
23
48
5262
4
299
37
51
659
805
18142
7691
37
3
17
99
1220
16
33
2
334
4155
37
10
334
3910
2
78484
27
149
53
7
2
182
5
5041
4
3085
2
182
5
179
147
3
17
42
4
3085
