2761
13
2222
138
27
4
2637
881
18
21
495
98
2547
246
57
172
264
3804
5
246
24
1809
364
964
6726
6603
4
964
12913
931
172
793
590
364
1610
162
42
679
117
494
145
2222
4
64
58
7
25
113
8
196
2657
3
580
286
33
18
3
488
2752
9
3395
2761
11
1114
546
4
510
11
40
18
489
6125
2804
3702
51
2
1376
295
3094
25
3
93
805
12
5761
624
3314
1347
608
400
442
3
729
2
902
92
15
3400
4
26495
1048
675
75
22
222
6442
97
853
2
7093
4
2657
592
579
2
10238
85
33992
28
8
11
13
2852
15
573
5
566
57
675
8
11
403
3
611
79
22
92
1197
8
11
403
3
1135
7881
1786
6
103
3
258
10137
738
7
1645
12
43
1347
28
6
2
304
738
7
470
2
972
553
5
546
913
43
3
946
243
570
2
792
8
34
179
9
331
5
133
214
515
4
770
2
30
627
3
25
4
8
7
51
7
34
86267
1046
970
8243
10570
5
4050
2529
637
1298
442
8
11
13
228
3722
3
5158
89
12
22
43324
3442
89
5122
29
329
10
17
314
255
16
183
255
412
13
160
28
10570
31
2338
3
96
288
4
338
139
744
5
69
6
1514
3
1347
744
12
214
10570
68
2491
8
22
97
40
522
2
4
1099
6
207
418
3
78284
3
158
284
425
6
1156
152
341
442
6442
13
517
23
275
389
6
11308
566
41
65
10570
4050
2529
637
64
57
97
13
41
65
389
4
2
97
36
902
327
18
23
275
389
3
729
2
92
2
531
3204
8
77
16958
61
1347
91678
7
25171
190
4050
97
345
19
159
92
624
22456
25110
8
14
4357
3
2807
389
6
759
64919
650
69
1065
462
1623
12
27532
288
139
900
3
123
29154
353
3137
3
130
107
11
134
22
267
254
11
40
179
3
729
2
92
1285
3
338
75895
2193
20447
48
199
6
6761
3
85
48
5
54
13
2342
2
9198
2749
9
97
405
2529
637
1347
897
592
341
442
6
2
381
3
5297
267
23
97
2438
6
6215
49437
48
25
30
2561
2
306
592
9
6442
1347
134
2191
84
30
327
729
2
571
4
1485
92
8
34
1061
546
214
4
2626
11
453
6
300
2045
23
75970
2
712
5
22
267
10570
13
2491
3
25
22
14741
3
729
2
92
4
28
11
196
13
1123
56
3
595
902
1120
301
22
315
3
858
2
902
14
2223
19
1307
5
454
3
3139
12
144
24
2
39
916
1815
8
14
4357
3
1692
389
29
916
675
18
208
23
6
4
1156
902
50632
68415
2
195
5
2529
637
228
284
2
314
106
5
64
2184
6
83519
13
328
56
2
2411
92
15
2529
637
8
40
276
89
2
2100
902
4
10570
13
68
47
3235
3
354
261
3955
8251
92482
20692
22978
34
84
1016
235
281
44
3621
15
1193
675
650
195
34
48
800
3654
9
31
121
17
1032
30005
764
153
5
69
13
247
2
2971
12
1347
2
31532
678
6
1156
356
31
13
757
41
60
2
1032
624
65
580
1848
133
2996
810
562
50940
31
260
13
2
13378
919
15
63
617
71
365
2
2771
484
3
101
6
764
44
5
69
470
56
2
952
5
5168
423
8
34
243
89
23
25
15
414
34608
22
88
2987
188
5182
11
28
11
84
768
2446
5
2
1240
35
46
2
531
188
934
5
119
111
4
414
543
11
68
627
3
1899
1953
6
1048
418
5
389
2241
1898
5
312
897
19
1240
2
38
53650
7607
119
111
341
20
205
59
11
1714
2
381
3
43
233
3580
4
3060
342
224
15
250
381
14
4525
15
58
195
4
21
2915
15
119
111
805
5
13386
197
119
111
1007
2600
2569
28
71
14
2084
571
14042
807
40
1061
239
820
85
2118
5
104080
1240
1351
61
75
66
5
11593
15
1347
16
84
253
3
310
805
15
38
740
3
611
124
512
496
102
546
6
414
618
34874
1347
7
377
4
3597
16
124
512
4
52
414
543
14
857
10
121
96
1347
3111
9
22
309
28
1240
158
32413
21697
11
28
1240
792
34
966
429
3
1643
10
235
31375
693
310
1000
3
20
11418
9
41
24
32
44
1239
516
6
37
229
1239
96
190
296
9
119
111
6
7
34
234
3222
23
51
7
113
7
55
25
4
96
8
335
1119
235
66
32
28
6
4
407
15
2234
4649
4368
8
4564
442
39666
31
14
320
4368
88
4952
417
5
14
859
555
6
407
37
49
1329
455
3421
190
127
69
29
68
2453
285
8
10
196
341
3
17
17370
37
235
237
9
119
29075
156
2
831
335
4
10
42
8
7
569
21
110
3
3355
79
4
7
25
113
30
121
17
615
23
235
19616
28
7
113
30
121
17
615
23
179
8
30
18
270
67
2606
497
7
196
422
30
18
45
502
3633
198
686
3886
31
16
6
2273
288
4108
503
402
7
21
502
1223
7
77
155
12
4
12
25
7
113
30
1023
3
513
769
