1022
4364
12
1193
139
8
16
960
3
1549
4
935
2140
1885
3059
1241
70
56764
8
242
53
16
21
41
648
8
30
77
36
121
2066
52
11
7
7898
362
3
17
612
63
5
376
21
11
28
29
7
49
188
1022
42
8
1283
1169
2057
4
567
4
899
5
2281
6
1241
70
543
21
86
1283
10
29
243
3188
1154
3
870
3
16
95
139
4
392
2281
44321
31
28
11
726
246
4
12862
9
71
69
13
21
47
1980
9
32
32071
1012
2348
49
3
527
61
9
2
98400
11
326
519
3
41
65
1165
220
114
6
88999
2289
113
8
343
7325
271
6
180
146
180
14
3
123
1255
5
2281
3
336
15
57
1875
11483
7
72
2
1087
30
16
926
5
1804
70
226
67
934
7
412
186
65
3
2380
2
601
3498
152
703
3
628
61
9
67
45
171
20
831
60
9
67
133
177
5
8
242
760
1182
54
16
12213
4
6
280
108
53
271
37
2
986
1269
8
835
25845
54
5430
45
3
123
10
41
1638
4
87
39
1482
7
25
1487
76
5
88
344
3066
4
1497
2964
1544
848
168
3536
4
25
93
769
26
1743
9
8
337
30
219
2043
3
510
2446
5
12349
6755
2
1785
1269
4536
325
1201
24
67
32033
20
34
1603
67
9597
23490
4
1061
8
294
4
1312
33
245
25
14
3
1902
34
93
6
725
5
33
2
946
2
451
301
30
147
112
248
9
43
3
9132
20
4297
39
1294
30
147
1416
2317
3
1104
1785
2437
2700
56
729
1044
3
6431
495
2
2094
3558
5
12349
6755
4
59
30
18
217
5
1310
12839
10
34
155
3
1785
4
112
3239
986
3558
34
1642
995
3
33
4086
12
3729
33
1386
33
34
495
1373
986
4198
420
362
1875
144
543
315
30
1397
33
3
862
104
231
82
26
522
2
4
3665
2722
9
542
4
347
122
23
183
60
1426
3
858
67
543
12349
6755
7
16625
7640
2
149
2
4541
921
29
20
7
72
2
427
30
16
1930
12349
6755
7
2
7517
7340
5
112
1253
6
43
4
6
67
133
2
10112
7
42
5
88
1566
107
33
55
248
43
858
67
152
703
1899
67
748
4
858
359
5
578
30
34
147
3
123
142
67
133
4
1061
67
397
18
2
13973
157
30
1415
12
112
144
112
8827
2088
23855
1301
5
11483
12349
6755
14977
260
2317
165
305
5139
7
2204
6
9
127
237
1222
693
310
8
11
488
11
7
7385
2866
3
296
4
35661
305
7
412
52
21
2244
6
270
202
11
534
66
547
6
4
1136
547
97
11
1348
6
2
97
8
7
17083
1499
106
11
2
131
201
15792
6
2
97
8
1151
3
346
42
6
4
11
13
807
3
161
1761
97
4
97
492
6
2
97
8
7
131
136
2152
175
103
4
2
30
821
653
126
11
13
41
5588
65
72
37
2090
6
237
548
58
36
28319
68
1528
2
182
41
12
368
65
72
37
2090
765
9
2
281
93965
866
457
4555
7
68
438
9
63
4
73
305
7
61
9
2000
6
29
87
457
154
24
2
415
35
4
3416
2872
9
22
389
7
165
500
1001
11
77
1497
11833
3
3266
6
265
52
22
127
69
115
3360
36080
115
18
8
5321
11
154
24
410
2
273
904
35
6
54
33
147
3
17
1065
12
8
237
24
44
42
162
260
18
2
2593
2164
6
964
3065
3228
4
57
58
16
260
615
23
438
9
305
13656
3416
2872
6
410
7
165
132
25
305
77
13622
740
51
457
7
377
11
13
859
328
10
56
286
11
324
349
29
150
58
396
245
2301
3
329
162
93
8
136
5
2
573
483
6
2
131
344
35
122
305
678
56
229
11
55
192
202
127
39726
57
202
2347
536
16
61
6
109
1267
636
1256
1542
4
117
638
193
7098
4
3635
2230
5786
9
1430
36
16
56
5
266
47050
2
8164
202
2347
6
662
7
86
42
947
61
2
4082
6
435
9
1307
5
103
6
52623
10
115
323
52
11
115
192
499
33
230
44
87
11
295
2
245
201
350
23
1275
823
127
1306
20
96
1135
448
15
58
253
3
2061
190
119
272
4
253
3
322
595
99
1434
63
502
76
3036
12
38
1813
34
17
76264
1601
1540
200
282
65
305
76
16
80
7922
37
305
438
9
104628
354
8
305
77
296
9
63
15
118
3888
2
2
6999
240
365
2
851
704
44
827
189
739
438
9
63
8
87
1204
9217
7
714
18499
52
21
253
1088
287
4
1103
1879
15387
89
24
3637
305
2
22
438
80083
44
8
64
35
55
1162
10
906
106
9
2
1813
8
364
3
45
24
38
83
35
4
398
410
906
106
16
149
359
5
344
10
245
490
3
137
189
3637
305
1520
42
5
81
10503
1868
11827
620
7990
10394
865
23
20
173
189
313
73
88
253
287
4
305
88
253
823
127
1306
29
189
635
1306
11
13
2
182
41
42425
2328
68
242
11
13
41
60
3
965
