482
2143
39209
27
19
40079
22
2116
37
201
45
26
28
11
14
10843
1501
2
3522
26
653
8
1501
25
21
245
2495
41
1819
6
43
65
119
29
8
21
51
27
55495
57
39
333
16219
22
357
6
1796
105237
156
357
15
27
357
54
7
901
1799
21735
2116
26
219
3522
2
52
10
50
37
48
1501
4282
602
36
901
37
48
1501
602
36
80
1375
37
48
1501
29
8
21
51
11
28
8
21
51
11
1389
10
14
72
2
1184
37
76
5
618
4491
23831
3430
9
17309
27
357
55
17
91
102
47932
482
12
318
23
2
135
185
78
32
3336
194
54
1809
16
33
88
2043
5
11
2430
6
1345
3
4832
3014
283
1121
840
717
840
3014
74251
33
25
3
49
51
152
7
3
27
140
33
121
178
8
78
32
7
2043
3
17
1809
5
169
553
5
250
1812
169
41
852
620
250
211
1010
397
4
4032
45
29
8
21
51
11
80444
355
23
2643
135
94
2069
494
145
28
30
18
3
862
2
1387
1167
8
597
6
157
31
7
66
547
36
2018
7
1850
3
106
11
28
597
480
230
140
863
11
1178
8
597
31
7
6
43
121
106
597
31
7
80
713
602
4558
4
430
29
8
21
51
11
80411
7
64
1983
8
90
45
113
152
7
6819
4061
64
1983
371
27
3623
5
152
96
22
2583
54735
14
2848
512
1285
19
4282
602
7
10
560
8
76
45
31
2724
2709
614
24
1231
16
201
811
7
10
560
8
76
57
2495
512
811
7
8
2
255
45
2167
76
14964
8
4282
602
25
2495
41
512
65
43
553
29
512
19
4282
602
80
1377
40
21
18
721
52
95
626
13
21
2229
103614
9
2
2546
7
14
1284
4
459
6
3574
4362
2909
7
130
99
1200
7
106
9
71
7
244
6
521
4376
598
120
7
179
2
2
2451
1051
5
352
7
380
208
106
9
2
58
130
3595
94
9
43
63
40
17
2597
1422
170
11
7
21
438
130
3595
94
7
494
47573
1012
37
713
487
16
5919
19
899
5
561
7
331
130
542
393
6175
62
90
45
25
33
113
16
4498
1161
66
6
103674
16
103
359
5
2497
76
16
1693
746
614
4
2283
57
16
1300
19
2
212
316
803
614
3425
406
2549
5735
1164
1071
816
3
346
45
4
4296
81
62
90
50
4498
6
5
130
542
8439
190
8439
190
8439
46
54
40
245
17
2
182
5
45
72636
6
2227
66
43
4498
2
896
5
4091
8
2
1002
217
10
364
4498
19
216
5
1860
214
1812
4498
19
487
4
4693
772
223
2966
50
1068
2
2519
36
1298
2533
80706
932
7
169
2497
1161
66
1522
6
43
352
14
169
4091
4498
6
66
8
48864
90
50
58628
25
116
87
88
618
16
21
1693
1812
90
31
16
908
16
21
2859
87
5
2
899
5
416
165
6
43
4498
2859
618
4143
50
260
2859
618
126
26
80
2229
42843
393
5
598
23
4376
3388
4891
55
389
45
7
18
388
10
601
7
380
137
41
65
45
23
370
46
10
4
3391
3296
10
2
5090
4022
5
45
7
18
388
81
6067
48
23
86162
7
3944
5470
3
180
8
20
4891
40
1845
3
389
48
2859
618
4498
6
2
795
66
142
3
371
27
7
11
5664
795
56
1501
59
5003
37
512
19
4282
602
19
239
88
1501
16
201
45
301
170
1231
336
2
529
6614
15
43
4
90
1501
322
288
7739
88
5
425
713
487
79
43
7
24
1231
6302
6
264
66
1737
5
618
4282
602
16
24
1231
51
359
5
512
10
7
11859
831
3
346
150
2616
12
4501
1069
1137
4
4107
19
4282
602
29
53
7
2457
561
9
76
35
598
216
5
166
1565
1628
238
2482
31
50
10480
79
598
826
1962
24
318
168
1206
109
38
461
238
2482
364
161
4091
31
16
6
598
2465
4
4091
31
2229
2724
26
50
908
5
512
6
95
205
211
104
496
26306
447
20706
4
77097
1660
4107
1137
1069
1137
4
2592
9256
4
4501
8
364
4
932
5
496
5
1069
1137
1161
66
6
598
1074
280
217
5
1819
4
1069
1137
7
1457
170
90
944
25
21
181
104
512
184
3
150
512
4
14752
1186
3129
5
1069
1137
512
16
21
425
25
7
1181
8
4091
2495
1737
1069
1137
6
598
332
66
6
598
1737
4091
1161
66
50
908
5
4170
1377
1812
221
181
8
5
4501
2825
469
16543
104
512
497
16
5090
4
1796
1216
5
225
4
471
31
50
489
6
19
4282
602
6
598
40
18
210
52
4880
13
21
2229
43
2724
104
16
21
72
357
3935
9
2
532
3
113
37
2
598
565
650
1043
14
3107
42
330
113
37
804
31
208
796
38
12
285
87
11
14
3107
113
5
589
5
907
867
23
17974
7
380
86
6144
1377
4
1069
1137
803
717
4
717
581
184
3
717
772
252
88
713
717
154
24
1231
211
88
7283
4
18305
88
22424
68
16
12188
24
1231
150
717
447
1186
346
8
22424
16
717
8
