110
3
744
12
42
97
328
4448
8
18
47
425
3
18
9054
6
268
156
2
6
1478
312
1797
17465
35832
331
3
5298
229
36
21
26
2570
3
69
36
9981
114
126
26
1827
199
17465
35
8
7
21
38
71800
16
86
631
3
45
75
26
18
1135
360
4
34
17
2604
6
3825
5000
30
68
4103
67
2027
3
21
2521
415
2
53
7
2
529
578
5
27
267
3
2521
415
12
85
44
4
30
14
3
469
3825
11
63668
140
1664
4437
187
5
39
220
13274
97
340
9742
114
15
537
6
90
178
8
187
14
10032
126
118
96316
14
646
6
9432
220
13274
2604
6
220
215
5000
10751
5937
1793
23
119
114
6
1797
6
25
7
353
131
1066
67
3825
830
987
240
40
17
388
2
4389
100
19
162
11
56252
158
31
522
6
189
252
653
8
216
13
362
416
3
2066
187
4
8
10
14
1658
9
105
93967
158
653
8
360
101
309
5
7
21
2553
3
119
45
86
9
2361
17465
35
6
7220
20
14
99
527
8
71
40
7642
2508
920
206
26
2937
221
24
2366
32
479
36
1172
221
406
3
64714
331
52
26
40
17
794
1644
17465
35
8
26
1428
34
33561
1428
16
104
1745
50
91
102
553
9
27
3
1730
83
67
712
6
1578
6
878
4
30
495
28
5
6575
4
517
6
212
11
4373
1644
1054
706
212
3
873
8
4493
100
830
987
100
4
553
797
100
1908
16
2902
3
141
4
1760
81
24
3413
580
3
25
25
36
24
377
10
98627
16
794
2860
24
679
553
29
67
85
16
1803
10506
5
70
923
4
121
17
621
3
1522
854
451
17465
35
398
4057
5
4336
30
18
388
175
882
152
4
492
1177
105
2108
20
85
168
781
30
147
553
797
4
679
830
199
41
65
367
39876
1225
53
50
1871
15146
175
830
987
4
1441
3205
106
46
445
6
32
64510
8764
185
26
8764
494
25
10
3092
2435
3
17
1229
26
40
5881
6
355
11
57013
68
35
8
26
16
6
64
107
6241
15
58
150
369
36
27
7004
259
1054
1057
1644
3
1760
553
797
24
199
939
99
12
30
1578
4
216
5
279
510
298
62
26
16
1249
845
12
596
160
3
312
176
12067
3114
4532
7
235
664
75
312
596
3
160
128
66
579
2
7007
181
24
2508
1436
1539
2087
5
658
101
1713
4
4619
163
19
1578
176
10
34
242
66
5
58225
3904
5
1578
176
28364
2
181
279
4
312
195
6772
683
8
364
1559
3
33575
3756
39
58566
315
4
160
3
379
5787
4
3278
195
228
12
312
3
1132
79
160
4
1818
51
26
8376
2
2
5184
6
312
90566
353
3980
2
251
5
297
3
67
478
543
3
144
20
490
179
570
28
43
702
2310
569
62861
45
31
132
1512
176
16
21
1809
26
16
177
5
56756
31427
257
1728
2847
510
1340
6
1258
312
1600
4
176
582
28
26
50
6
588
8
3884
160
13
3
17
4176
588
633
312
3
392
2
814
1789
278
263
1706
2949
2911
4630
6
414
538
198
2138
5
1837
4970
12
1547
109
333
2309
5901
13
516
21
3
609
263
1706
2949
2911
4630
3
12773
6
2089
5
8028
2
2909
8211
12
464
1241
2138
20672
12
2
1011
588
15
1589
12
1547
5393
5
1837
4299
1706
2949
151
186
19
8205
2911
4630
454
893
2333
1545
50
1249
455
18250
38
2646
4
1786
184
3
127
1007
6358
16323
16
6
2
6802
6606
2248
172
696
2
2909
238
1828
28
544
1642
50
3
1452
12
1547
6
2089
5
8028
2
2909
8211
6
5976
3374
2
5901
383
14
139
6
1029
301
59
39
5
4959
4079
5
1642
6
8028
146
310
1789
324
203
1973
1187
24
10
1006
767
1006
269
257
5555
7825
28
8
11
40
21
18
13
476
102
11825
5
263
1642
6
57
2057
29
84
11
14
1581
1229
8
26
77
17
91
3
167
1575
707
304
50
146
19
629
4
215
678
24
1886
4
43
6
1789
682
58
274
5
53904
14
88
4681
6
4038
102
4079
5
263
1642
6
8028
38
310
427
1298
3
25163
8
232
5
233
5
5746
5
1789
24
97
13
3625
8
2080
238
624
1140
10024
66717
4
2080
441
624
14583
82261
920
206
263
1642
646
6
604
559
50
118
427
6
1746
5
2
1006
133
8263
209
37
2911
4630
1706
2949
2254
8028
874
50
3256
37
743
170
8211
2089
13
47
2745
184
3
1458
3363
720
19
263
3485
1919
5612
9
3641
1134
14
1565
5
2274
684
4
2089
1789
181
28
2344
333
6
2089
252
29
203
6310
5
1187
2909
238
1828
510
1864
8
10
14
4480
335
579
7427
29
19
311
5
44
3363
720
1299
1889
333
2
254
2421
40
17
8895
52
10
14
1298
8
1642
50
2611
3
278
261
1645
9
1179
263
874
586
3286
354
30
8547
8
1642
34
21
1827
2089
5
8028
87
2646
13
160
263
2139
6
1789
28
1589
1805
876
3
25163
2139
310
269
23266
30234
2139
956
152
21
3
30993
743
1727
5
156
17614
7
2
