800
89
362
44491
43
610
62
5553
5880
13
8
359
5
656
3
33
12650
269
29
1896
7
21
4577
1757
255
9
58
31
939
7351
1065
12
51
13
247
2
105
350
4332
7
8
88
5
1071
369
13
16
6
729
5
125
589
5
799
26
821
495
24
35
216
37
51
721
6
1209
4
1707
8
1194
38
953
3
310
32
12
433
2561
87055
37
429
5371
1107
34
276
202
39
3487
6
431
102
32
4
49
1538
12
1707
1856
8
11
134
161
2
172
2558
158
4
49
83
347
8
167
14
16360
4
5137
1328
56
19
4
508
1083
151
34
253
17
91
102
69661
599
56
2
1110
11
13
15
98773
1032
624
28970
76049
44
75
1707
167
6
54
11
134
89
30
116
167
6
1209
13
412
3
25
15
1709
10
14
2
943
167
21
2
676
4
11
68
599
24
4
125
3
49
347
101
75
167
6
54
11
481
103
379
50
489
270
6
1707
19
4
1109
41268
28841
1380
13143
175
95
2630
4
252
2063
304
6
44
75
167
8
167
50
6543
2
1138
91
3
24439
625
2627
6
2
4653
89263
3
58
26
16
253
3
17
1940
12
2
416
8
252
14
21
13421
37
1160
5
167
90
6
202
18
241
3371
8
71
252
697
3
7561
167
807
3
430
56
5
623
8
40
2074
2
813
864
6
63
617
71
2000
69
140
6
10
2400
153
8
11
13
47
1566
6
794
98281
4141
159
269
5
35
3
2
2987
1088
5
2800
59
11
1532
8
11
4
57
71
252
808
630
3
948
167
12
6488
12
4
5872
2300
339
3
1227
19029
71
366
8
11
13
5744
1109
93001
77
244
15
2
676
37
2
339
8
635
1671
33
29
2
1083
167
40
2907
28
254
8
70
77
1205
10695
19511
118
489
2493
29
51
26
396
244
15
7
59
38
92
7
21
2550
15
26320
2257
366
254
6
2486
509
75
167
8
294
12
560
1160
5
1137
12
3599
19
2
4965
14
42978
353
2752
8
10
115
1540
112
1530
2332
32
28
7
55
86
468
33
51
209
7
245
25
299
51
33
44
37
3225
117
5
509
4
75
2
2287
15809
1540
32
77
64
752
2365
49
4736
9
8315
369
4
774
67678
245
25
299
51
33
44
37
180
10
115
4527
180
2
1067
11
28
122
2095
2911
969
7624
31
36955
2
1011
1707
73932
453
7
396
248
371
802
8
33
48
25
73
1340
5
53
2
182
5
1988
110
231
8
85
7
651
8672
1887
1014
475
364
15992
3214
679
475
5
1014
230
597
470
19883
717
184
3
573
5
2135
1239
56
3
513
9
2076
1693
3033
6774
7397
45
6
259
2876
339
2135
1239
56
3
513
9
2076
1693
3033
6774
7397
45
6
259
2876
339
7864
10791
318
109
549
2
300
3
2426
2
227
1644
9827
24
2
1264
1534
2456
12
2
5811
25019
46
6
54
258
7078
2076
50
1693
12
1640
339
82751
4
11597
4
395
13017
300
37
2
4032
565
46
2135
34
17
163
3
1239
56
880
312
5
1212
3742
731
6
1345
3
11019
9
1072
3
1364
3803
826
3216
181
7203
496
102
2
1168
45
908
5
2467
25019
2724
34
17
1658
12
132
109
2
151
28965
1212
3742
2076
91
2
15693
8880
3
3074
2893
422
10264
15
419
2511
7620
1640
1792
4
8399
3353
2461
4
5987
3
96
8640
300
455
1978
76
5
894
50
4032
6
994
104
23202
91223
176
1094
26
121
18
4645
2
5129
3813
88180
565
46
31
14
21
86
6595
3
2
520
6522
1882
29
13
6962
9406
6
5961
3508
7
33
5377
8
86226
547
50947
2
1873
379
5
141
706
2
1434
1580
2
1792
2988
38
1110
7
14
37
3
3752
49
6
6914
14541
1434
379
5
141
24593
2430
6813
9
59070
1792
2988
379
2
26
3007
1135
2456
6
2
2624
5933
3
2
9220
97
46
2
281
671
2150
122
454
2
4200
4
6568
17675
1110
122
42
2608
51
477
3
17
2
2796
11597
11
140
336
15
22
14895
42
1792
2036
11885
3389
12525
379
100
315
3
1104
38
1562
6
20
1218
11559
4
46
59
10
339
416
30
4415
46
988
3
108
62
17675
7400
4
618
104
2076
340
16
184
3
1674
6
84708
658
101
1644
104
14290
379
3469
2
2706
3
1730
83
22164
2467
261
2
3374
75
1212
3742
114
893
2
785
705
1724
22164
3
1838
579
2
10314
46
9
54
2893
422
13
21
47
612
2462
5
658
101
366
4
8250
5
618
297
62
1212
3742
7
470
1445
9
8080
297
10
365
211
2456
5
2893
422
10264
6
144
5
10
78902
2796
1323
7633
847
702
969
30567
134
3216
19
125
75
2
8725
838
7203
496
50
945
855
102
258
5
2076
46
5709
4107
9
95
31
55080
83
12
2876
11597
7964
1760
4
9190
4
11888
102
2076
31
1748
48
5
25019
1792
149
1848
8
42
95
496
16
749
4
1216
5
258
31
50
2254
3199
75
339
30
4415
469
4055
15
1212
3742
176
216
46
286
141
772
900
3
4533
9
3216
12
229
26
13
47
7665
