3
166
11
28
22
2265
14
3
1486
58
127
287
600
76
58
623
8
162
40
192
2
69770
431
19
8875
202
408
2
12275
9951
150
214
74
2
105
431
15
22580
25
113
2
2631
5
216
650
1370
7
3
1354
67
1860
7
2
201
354
9
2090
117
2494
6322
11429
88
4713
1282
5
788
8
186
3
2
2631
28
99320
1325
871
835
8
2
2287
6113
6
1009
9
42
227
710
40
21
972
22
84001
627
1325
146
64
166
1526
5
2187
4241
3806
3
22
300
8
975
34
18
3
96
235
30095
113
10
314
30
396
155
845
6
265
1520
33
48
18
485
271
7
18
1325
28
4
25
235
317
1633
7
61
3
37257
14773
1009
4241
6
1258
14
1326
231
1291
5
4482
20
359
5
10799
15
975
4
1325
28107
1307
5
2
2129
2631
19
4563
3
862
5
1906
200
8
715
227
23477
2187
14
274
56
87
5
941
3
526
297
71
510
28202
2497
5
169
5
713
602
2187
710
6
496
5
487
4
614
188
14
398
2
4342
3448
5
715
375
3240
2788
60
9
1325
4
975
3
154
61
15
4
1949
240
46
42
8
13
321
3
48143
18
207
2184
30
34
966
2872
42
107
36
57
28
117
256
7564
7098
1325
172
4750
12
792
504
72
62
7
396
468
33
101
20
81537
28
80
2
13848
2631
25
850
12
1325
790
40
1671
89
1602
26
178
10
40
303
2
3123
15
239
101
904
1333
89
231
6
183
2624
8
111
222
18
1521
975
79
2734
11
697
3
49459
113
10
2
273
255
28
117
1477
1672
8716
2102
24218
162
6
1997
26
28
30
219
110
3
62
30
55
296
1733
12
60
4
30
16
1299
21
4290
25
52
26
483
198
19
20094
1009
9
8303
710
9
157
441
102
834
46
21
2
201
97324
7
60
3
5471
2
2631
29
10
462
828
646
12961
3
35488
1307
7
3
1300
1200
12
487
4
862
2
1622
1009
200
54
40
584
6206
911
3405
24
222
843
2
373
1244
7
3
862
190
4342
3448
5
2187
1009
9
2
281
41
153
36
10329
2966
354
41
12721
3
222
243
198
9
190
44
183
17478
792
346
682
6
22557
667
1244
7
3
3493
6
9
2
431
4
329
1009
5456
61
9
4
710
8
7
388
2
2580
3
2376
83090
8
7
9887
3
90
58
354
13
3170
7107
223
719
492
57104
210
296
2
692
164
117
3635
25
2230
5786
28
11
653
8
58
121
549
6
236
71
316
8
2703
397
24
2497
29
472
3493
6
102
41
8056
316
8
2904
1250
3
363
169
1866
713
602
80
52
10
242
2
6113
6
1009
9
71125
162
16
732
164
3
44
7
21
110
3
715
2187
87
7
2340
8
63
71
93
48
11
14
59
10
154
3
526
3598
100
26840
2230
28
7
113
8
7
2
1002
81631
23113
6
166
7
183
107
6
432
387
44
11
13
21
5102
98
1891
37
749
35068
113
1663
1686
37
10
28
117
8293
3819
2997
7225
31
7
13837
232
5
202
1339
4
13
522
15
1325
9
66
1325
2
3455
11
115
62
22
64613
1140
10619
3928
21041
222
162
31
768
71
487
316
28
1325
147
3
1463
975
8
26
18
3
862
1009
200
261
98
5
188
999
4
472
117
74
2
29149
1034
5
1053
8
40
2715
127
86842
26
25
18
180
120
25
26
155
28
10619
162
31
88
2513
1120
15
17539
1932
368
11
28
7
26
77
584
1622
20
61
142
12
100696
100
4
11
295
859
2
1067
3
44
37
43
85
339
886
12
1986
109
5302
4
105
843
1652
22
384
12
161
138
27
4
78
32
1343
5
54
11
113
121
17
63
4
14597
8
161
5
38
69
15
38
1292
7071
2850
16
412
29
389
3711
164
6
21260
128
330
1128
1243
7
77
123
98
1245
7
244
6
652
1389
4
849
50
107
389
74
2970
8979
418
182
5
130
542
4
347
739
791
180
101
59
849
739
1352
25
7
30
56
3
130
11160
4
53
26
50
76
45
295
76
1049
201
339
7
116
76
45
34
44
26
16
9216
24
2
1129
29
52
26
16
9216
206
25
26
25019
101
351
2459
52
10
2
9216
10
34
942
7325
9
2
865
1088
5
60
9759
5906
7
86
2343
394
849
59
10
14
1682
56
10
14
1049
3235
3
137
4
1593
850
75
10
739
51
115
23
113
5420
12
19
91268
87
64
701
5425
2274
2063
3124
5
263
215
167
12
1006
232
226
263
63
1726
657
1023
3
2207
103
2593
66
5
3124
3
8
660
15
2
6867
5601
8
204
7
21
110
3
167
580
880
10443
657
908
701
226
5
454
8669
41441
255
4
1974
354
8
204
14
110
3
167
652
14
551
2386
4
8342
11
453
8
11
178
354
7
118
1596
61
3
3006
1708
215
30634
263
63
68
1023
3
4790
1674
8
11
7
6278
3
4806
43
85
3
22
83
685
2158
8
43
7
2
306
191
4
21
76
5807
1790
15
4
1529
3399
105
213
204
13
1214
1336
