139
33
116
7
477
8
7
230
46
928
3
274
7
178
6
131
131
571
441
7
178
6
108
857
7
14
3
248
5
605
5066
18
7314
92
7747
4449
3
317
845
15
63
71
526
297
13759
169
5
713
602
24
2497
80
2
543
528
218
2
3283
1195
3
93
990
9
348
184
3
43
158
4
602
3289
68024
2
227
741
99
2937
39
348
6
1360
216
5
1860
214
13
3199
240
3
1900
61
3
39
909
88
5
894
40
17
111
6
4
760
92
13
5269
9
169
2
66
6
9619
1957
8
760
6
4492
312
418
7
84
1869
1165
8530
2187
909
27308
958
4
620
7001
543
151
16
9271
8598
602
4
1563
2027
3
248
81
2553
9
2174
80
286
10
469
2155
229
348
34
367
870
88
644
2
479
2685
19
1143
575
1667
42951
19
212
992
1098
23
275
169
3
8
35260
601
3055
805
28
2600
37277
526
437
5
23974
150
2064
9
39
70
2
902
5
30896
151
8
18
621
41
65
294
1688
12
39
348
4
2397
41
65
2027
3
28
602
6
6784
9
31419
510
6
355
8
61
3
169
713
602
40
17
2916
3
17
12568
24
2497
46
211
2161
804
5
43
553
4
605
2969
1440
46
2
241
2
26
1118
856
5612
42
5
3118
1908
5
22
711
240
68
1899
2
348
8
13
5160
2497
5
41
65
602
855
3
143
35
2724
2
397
4
13
1916
88
5
81
179
40658
75
598
4
57
35
91
252
791
317
4042
2
227
741
6
598
6
1360
243
81
12
514
375
187
7
2207
2
227
922
212
644
5390
8
6263
15
605
2048
84
254
212
431
77
128
375
500
6
71
461
348
469
102271
605
838
2891
2487
1160
5
487
185
54
13
1362
2
4
341
139
6
127
237
80
2
487
1053
469
6865
6
233
2939
5
71
526
297
9626
602
804
508
2
5160
297
9
804
5
70
4
6636
2969
1440
36
5468
34
4213
79
235
252
88
58
127
94
18
1098
3
6535
71
487
297
122
719
135
94
78
3428
32
13
1680
1064
14015
850
2
71
365
22
297
12
1986
548
43
2565
4
487
427
1019
608
315
3
3390
95
1908
6001
28
14484
27699
2
2187
2477
235
44
710
5269
2
760
12
4492
1590
6
4492
312
3
111
5468
909
184
3
2187
799
326
3
12484
760
324
1403
19803
29
633
37
169
6
4598
577
211
169
9
106782
4
13666
2461
799
62
95
577
50
3
17
3050
15
1429
4230
24
602
31
13
2541
9
57
92
348
4
2187
44
5468
40
18
64
984
12
98
2101
92276
4
487
427
54
7
177
5
2187
7
813
3
4251
226
487
213
4
2065
41
65
169
2565
4
57
2785
4
3778
332
4847
240
68
228
9
909
1165
39
1900
3
483
61
5468
6
4492
312
4
2001
23
57
427
456
2825
3
428
2785
9
2649
348
9
602
855
2724
3
143
35
2
397
8
348
7
508
2
5160
297
9
4379
4079
36
44482
60
301
2565
4
487
427
4357
8
2
896
5
39
909
230
17
816
9
103
348
54
50
761
3
577
61
3
169
1161
66
4
17
720
9
19
2785
1429
633
9
332
48173
29979
2187
14
44
351
24
1096
3
1205
2785
9
2649
3689
348
15
99
5468
2785
3
663
6
29885
12
3240
548
43
847
741
2028
8231
6
598
139
22
992
3834
4227
161
2565
4
487
427
1019
365
664
3
1061
710
4083
10
4449
6001
28
27699
31
453
8
2187
7
3562
19
8
335
2
149
2
132
548
42
19
43
212
5
922
9
3489
6873
74645
140
622
7
12
514
28
6438
40434
63
5
150
2565
4
487
427
1133
54
929
37
2565
4
487
427
909
593
909
31
13
47
1266
262
6
4492
312
18
13
800
243
12
514
36
15420
11
1723
9
4492
312
760
86
99
1616
7
118
91
3
1733
909
37
23
2
60
12
1193
2209
5
487
141
28
40434
31
644
12823
63998
2976
76
5
894
50
68
500
3
179
6
4492
312
18
68
47
3042
2187
13
4529
2
1281
9
1122
9
2
39
2614
4
1057
968
559
456
3
17
10707
19
37
2976
799
6674
359
5
154
3
2
24154
3721
6001
28
20208
24765
526
437
5
150
487
141
456
54
248
602
15
605
4
57
139
11
28
71
252
7
118
131
5605
2619
26
488
8
6263
14
131
314
8
26
219
21
458
3
25
47955
602
3289
151
488
3699
11
28
87
843
16
2084
8
252
34
1409
4513
6
212
53
7
2
448
5
118
31747
8
30
16
110
3
218
1678
11
28
30
147
3
96
507
8
1853
7
6
236
4
990
3
67687
226
487
3289
528
4
57
543
151
16
1563
45
31
34
309
2
22500
46
1426
602
1024
229
26
16
2916
9
5468
2687
531
799
156
2
391
3483
4
2700
56
2785
843
607
1563
2
707
3
8
9
190
531
71
1908
1961
299
309
54
68
91
22500
3
248
45
13682
9
283
29316
738
7
33
396
484
12
2
2695
6
45
244
4
48
5
3808
169
