17
1940
993
19
95
4772
3
1899
10
1874
3
131
1194
5
158
5347
4
18020
8
7
25
21
2570
3
3374
3
2145
8
10
7
6
130
302
884
9
30
16
768
231
108
19
2
15276
4
7818
1807
8
3524
2691
12
4862
242
9
3049
10
5573
5
748
82
12
11291
472
5
1990
12
11470
472
5
85
12
4389
472
5
361
655
12
9023
19
330
472
5
7538
19
44
10
7
2
213
54
13
27941
1424
399
4
1201
1071
79
760
5
2
7671
20130
1264
5418
1115
8
1984
215
1889
625
288
2304
4
105
559
10
4449
16
6014
21
758
10
1437
16
4195
21
1676
10
11283
16
2584
21
1673
64
6420
7
2325
64
3441
7
2739
64
696
7
1254
721
9
78
32
6
667
2051
5
1749
49
1749
456
85648
373
2051
32
25736
494
145
10251
1056
3
2
182
5
23778
812
6
667
2051
103
50
37
807
29
234
23
62
32
812
50
17844
171
667
2051
2919
59964
373
2051
32
495
1531
24
37
11118
825
6
667
2051
8
443
3
373
2051
59
32
43833
2
182
5
246
56
5
2
182
5
45
11
2352
6
2
182
5
246
24
3160
7124
11118
825
6
95
11118
1737
168
32
459
169
24
626
6
373
2051
6
667
2051
11
459
109
2
169
1639
61942
418
5
2005
1044
7
3160
33
55
68
137
3064
5
241
1374
3
39
249
312
59532
62
6686
49
1531
50
6
373
2051
1013
3
145
11
295
2
182
41
1977
24
18684
11118
56165
7
51
33
913
3
137
24
2
94
31
295
2
182
5
812
3
6121
56
341
95
418
4720
18
2097
812
3
704
31817
33
230
68
18
1466
62
136
282
145
7
377
6
7934
39
249
535
409
133
145
3012
2649
217
5
236
24
54
11
2448
1977
41
65
8119
217
5
11118
825
24
54
11
295
246
24
3
68
796
4
443
6
62
136
11
459
2919
3892
32
576
30
766
3
20
2886
8
30
758
544
20
81836
13
2
182
41
45
84
3
894
11
55
155
142
9
1896
2028
534
251
9
117
3
538
15927
658
101
139
2
750
13
47
326
2768
1107
3
1773
206
538
15927
7
118
218
6
35
640
48
337
3
117
10
19
8016
42779
318
109
45847
843
6
2123
495
2
372
1486
5
144
59
159
43
1896
3
143
226
203
4008
1971
2028
534
326
2
750
3
2123
498
10981
224
4
111
681
562
12768
2768
1107
3
1773
206
538
15927
7
118
218
6
35
640
48
337
3
117
10
1896
534
7
1379
9
2
1238
411
22
750
14
68
326
3
1887
5
70
538
179
1648
562
76950
51
314
3
180
7
8
30
147
2
2715
5
2123
538
15927
141
4
1107
3
234
79
62
15927
13
218
48
104
66
241
75
53
50
2117
5
337
3
117
10
1896
534
481
20
7
2
658
101
139
4
45
18
101
3
18
601
460
398
3
81
511
65
1264
6090
3982
631
173
534
68
1823
15208
1160
5
92257
864
59
11
481
59
480
460
319
1972
53
16
859
465
3984
405
38
160
2120
8
132
21
17
4685
15
325
385
5
166
460
1266
19
538
15927
13951
319
1972
174
4
1972
174
4
1972
53
16
531
151
156
2
669
8463
1744
19973
1320
5
1897
13385
1744
4
45
31
4183
2
182
5
538
91
3
38
3327
8
16
613
15844
19
36142
7
353
791
9
36142
1107
164
6
2123
4
7
353
791
9
2
2715
5
2123
15927
141
1019
534
453
33
55
599
601
1367
5
534
750
164
30
5158
1896
534
12
454
3206
3
628
56
12
20
139
4
30
8984
5878
1238
411
3
10
80
41
344
30
16
615
9
4
117
3
538
15927
672
10140
7
4
737
1467
4
98
737
36
294
243
3188
19
2635
16
3239
3
81
4
25
21
929
384
5
13782
6
2
69
2
9
138
27
5565
32104
358
37
49
4273
576
5
49
12
118
16295
15
6252
4
303
12
583
19
4
713
2482
6
2
228
5565
11
920
206
78
32
648
16
4786
1341
71
240
3
96
70
419
141
41
73
1550
4142
339
1341
71
240
3
96
70
419
141
41
73
1550
339
19
3140
6526
318
109
30
116
8
71
4
78
14
3
123
351
5
373
1167
101
26
44
30
219
72
7502
6814
9
1144
8
107
29
30
116
101
20
4142
339
1341
2
349
71
2576
876
37
71
139
54
7
3
96
157
41
73
1550
59
10
154
3
419
581
24548
4826
16
713
6
1550
82
33
55
86
83
8874
2692
4
8
1073
3
7929
25
113
10
55
505
164
1595
78
4
2
521
587
212
4
790
20
7
2
578
82
30
16
105
2282
794
102
492
1166
2119
4
248
43
431
3
243
157
99
3140
6526
7
2
758
824
10680
5434
868
5
6059
8112
33
55
663
49
12
672
164
4
558
164
144
27
578
4
248
43
431
521
152
2137
982
73
4
336
20
460
12
558
721
20
153
341
695
5
127
85
11579
19903
15
2738
5
2249
28349
15
103
94
1172
61
6
7747
