15
568
5
222
288
5651
4
80
76
5
22
83
1847
90409
6
2
11103
2447
15
4797
5
24082
8550
55
4
4904
5
2851
27
9128
168
2
63126
240
3
1486
1432
262
983
8
364
15439
464
70
361
506
588
7063
539
2
2091
11323
4
8538
24
3657
2064
506
224
4
3330
10
72854
2
712
6
742
509
394
27
28
506
3570
14
118
1439
19
722
385
31
14
3
1819
67
133
4982
1819
363
7104
2133
202
127
287
1936
1550
264
335
3
549
846
637
254
8
67
542
6
1550
644
106
3
123
142
302
5
38
515
4
8
84
10
60
9
70
45
3
123
142
38
475
5039
2996
810
4
159
63
27
28
414
506
588
18
274
70
639
50743
506
12
487
12
238
188
30
16
110
3
243
157
99
285
27
28
30
16
110
3
96
157
2002
32482
68
365
2771
2265
23
2133
135
287
78
32
19
9050
2126
167
11
13
322
24
49
970
6
1225
117
494
145
5
103966
31
1502
213
16
1017
78
32
87
26
116
2
241
2
11
7
6
496
412
110
3
160
27
1757
381
3277
42
5
531
418
5
3698
8868
27
102
402
195
4
492
58
31
9
568
18
1353
8432
648
4
18
1750
768
5994
4
57
29910
68
324
1865
2
1088
5
7388
6
27
69
8
90
2512
403
34
345
3
2
41
20548
559
11
583
22
69
1286
128
153
75
205
5
1608
5719
4
12
473
855
12
2
3571
5
576
1215
86627
529
11171
1691
469
27
3118
69
1858
46
2728
621
42
298
330
6
1268
742
46
11
7
947
1820
188
358
41
66156
27
957
226
1247
402
3726
22904
89
12
338
152
1858
148
2285
4253
13
21
47
2
1907
9
43
599
42
1475
24
43
1997
5
3557
5702
3
2
41
2671
2471
1128
190
28
33
485
24
27
12
506
164
51
33
245
147
3
76650
268
27
13
2697
2
4254
186
12756
6280
12
506
4
13265
6
2
2268
259
12
1087
9
17362
27
393
2728
481
30
485
2273
148
37
13265
262
46
62
1172
179
620
5
67
840
7
4381
3
6604
5
70
1587
29
6
20
1430
7
18
3
123
3461
2120
8
10
7
21
445
2
2273
99023
22
381
27
1214
795
56
32
9
1187
11
68
4545
159
63
200
32
9
3898
4253
54
27
28
14
42
5
1375
974
5
22
32871
11
28
78
32
13
5102
70
639
4
40
25
10
11928
32
69
317
6669
3
2557
27
381
1174
2
724
251
15
523
4536
117
11274
1513
742
509
126
27
957
171
22
381
32
1824
2
15777
1245
5
7709
5
2
138
1672
27
3118
2200
4467
27
876
37
13265
101
84
164
42
5
22
4467
46
146
6
12921
49
1475
93995
175
103
210
50
260
438
422
126
27
957
969
4859
27
722
2668
4
526
823
63
5
27
528
1371
4
1895
14545
167
12
32
544
6
44
5996
4
806
8
897
11
3107
4
1896
46
2
1664
3
439
5
1896
1672
5738
2310
31
14
489
6
167
12
2
1889
3599
4
1654
10455
6
1707
1209
32
14
269
5
35
23
99492
481
6
4
125
3889
8
11
115
21
628
9
27
69
130
1475
16
2516
4
2516
1074
4859
1757
167
324
183
44
8
2
764
181
1238
19
2
11265
111
1595
369
1266
64
39
416
5
1169
3811
19
32
9519
3
1707
17849
153
404
27
1824
52
33
14
3
116
37
78
32
5207
2279
706
347
5
1896
2310
2
69
2477
7
21
1406
59
331
229
27
596
15
4859
101511
6
82062
2
2651
5
1021
3533
2068
2850
620
2
11
739
3
628
363
2018
471
4
225
31
28
26
50
1017
27
68
196
203
700
620
6
403
5
6685
2
5628
5
81823
267
1697
13559
28
8
122
11
13
718
4211
37
27
1246
4
22
4561
1437
12
69
1455
11
115
21
976
32
7
25
14
3
106
9
78
11
28
29
7
21
1681
37
360
9
86113
425
24
197
6266
24406
6
197
1000
3
63
4547
8664
525
15
41
65
57
4493
14
1465
3
439
19
4
2558
212
747
9
22
564
6
2
687
1086
972
6
2485
99
4699
612
63
7
260
2177
2
1962
1465
6
1962
9
8118
1783
4
2458
5
1021
122
7643
42285
5
449
6009
578
14
612
63
6
75
3832
5
63
18324
82560
2558
215
9688
8664
6
579
2
952
5
401
676
102
22
328
6
132
8664
3659
159
215
582
11124
15055
27050
31
186
2258
517
2
3348
592
6
127
16907
449
6009
14
3359
4
10
267
11059
61
19
99143
15
48
1035
3073
187
1465
34
17
326
3
2030
39408
2485
1522
1142
9
22
737
2791
55
165
17
5600
80
52
2030
39408
1507
5417
2
335
7
761
77245
38304
318
109
164
883
124
2696
963
36778
15
76
2235
9
299
162
74
39
8
221
7
165
2366
78
32
25
2895
106
46
963
36778
68606
318
109
2910
73
30
848
9
2
18434
634
3430
15
44
3
155
70396
1251
4
2369
94
16
64
2642
9
221
6122
2
2825
7198
747
9
2
3630
31
1893
583
12
2
361
381
6091
