77
18
134
8
460
6
2318
4
146
352
122
11
7
10
22
1318
3
25
25
7
12
89
29
30
445
18
22
872
2712
23417
22
97
592
6
20
153
4406
85
1156
1032
624
3314
1347
12
429
2717
142
2
304
24
544
20
153
6
54
11
13
328
56
2
5925
1154
3
12610
57224
72
2
281
44
544
6
3495
5
51
140
1492
73
4
7246
838
9
1347
6442
97
1032
624
28
8
2
5925
1154
40
208
505
12
22
790
7
113
8
580
31
7
110
3
2610
2
1240
35
270
4
5250
778
7
947
167
585
3
1277
1599
102
35
5
546
11
134
4
1156
39
1087
12
473
42
44
126
1156
60791
300
9409
2
381
6
54
1347
1064
5925
997
2
2
107
3
15667
857
6
818
6
878
301
1347
146
314
11
13
64
385
6
2
1403
3590
1240
31315
453
6
429
407
8
52
593
1240
4719
7
15667
12300
284
40
17
2
430
35
87
1240
40
495
1060
24
250
2
241
2
8
14
187
11
28
2
5925
1154
14
21
25907
1032
624
300
544
6
153
3148
2
447
24
119
111
310
269
2600
2569
31
28
442
8
43
40
15428
67
423
4
1082
845
6
20
743
4
230
80
3921
3857
9
1240
12300
23
143
39528
71
252
68
365
139
15
1347
18105
1367
519
3131
1259
267
8
916
114
16
110
3
199
6
96382
8
1153
3
6734
42
3386
5
38
684
7
1483
3272
4
10
7
3393
4
7
55
468
33
8
104
16
384
252
2570
3
4337
995
3
1156
2569
11933
331
12
429
19
2643
350
8942
3902
3
1406
3
1674
8
11
14
2
1116
1347
551
28
7
569
18637
68
11039
3370
919
175
143
35
4
546
640
264
1629
74
775
58
4504
3
1347
3
16
43
233
261
947
2864
1466
3
119
24818
16
25
90
418
120
30
327
179
570
34
179
570
15
143
35
4
63
87
30
18
64
57
1099
1347
28
157
13
64
1189
2081
65
546
4
546
13
64
1189
2081
65
457
7
37
3
510
8
11
438
9
63
46
5433
198
2
78778
58
658
124
12
238
90622
798
5
253
202
127
662
457
7
2
7183
560
5403
6
13578
83
157
2278
6
844
231
108
8
5512
89
102
882
3587
6
58
97
650
354
16
507
3
1982
69
19
438
9
63
457
403
3
7459
22
354
79
185
4
1356
2478
22
97
621
9
59762
1527
1074
7
2
447
3
45
6
97
492
97
88
4580
926
6422
912
20
16
9271
6
163
3
172
457
46
3727
8077
4
80
1497
438
94
650
3028
1370
40
17
2596
457
12
238
13301
541
69
140
7
2
372
930
5
120
58
97
384
5
238
188
7
69187
7
1049
555
37
51
11
178
12
238
188
10
2
1357
3731
64
41
238
124
4
186
92
2278
6
67
244
6
320
5
214
10
68
505
3
17
1304
24
51
88
57
58
99057
144
342
1505
15
250
286
11
47
12994
3478
37
644
510
2701
224
11
16445
1064
71
997
3
204
4
1078
4
13
17706
768
1033
103525
4115
161
1319
956
4
1209
1844
270
11
768
6229
604
1405
3
431
293
36
3358
46457
8710
5
386
4
1209
70
16
101
3
913
41
24
38
133
59
30
155
3
124
457
28
6
4
318
381
1801
388
2
4
3064
5
22
238
188
90063
465
858
222
10204
9
104
354
19
57995
81
2
3623
5
162
6
22
264
381
3
222
105
297
369
9
482
11
12919
78
124
6
1209
9
14723
6
2029
8
914
4393
151
65444
7
2
854
13891
864
46
157
1992
2246
124
465
981
2273
8528
1359
46
8
68
8638
1512
58
3587
29
87
10
14972
2
4
167
12
162
10
55
671
15
95270
34
4836
25
271
8
96
10
313
73
11
1249
6
2
41
4580
1524
1119
8
2
5650
3
105
6123
457
91
3
251
9
16608
56
43
28
3
546
46
4
1581
3461
423
6
202
8
11
84
95572
57
60
10
2
64165
457
1410
24
22
810
159
964
3040
457
8
2704
3
1816
36
15474
112
1548
519
23
48
34
551
345
3
16190
958
202
472
11
2178
2
41
5721
788
26151
3464
58
423
4
1745
3
1064
13891
511
65
4580
384
37
238
90618
2
264
1167
12
441
749
457
2
1927
1282
5
14076
441
749
1178
2
1457
441
779
46
3117
80
9120
78019
457
14
4275
2
718
69
3
3471
441
749
1167
14
1448
3
9202
4580
117
1025
305
2
253
289
970
457
1167
1178
1720
749
19
2661
183
869
2
42
305
13
1178
544
86
457
720
9
10
15
57
1432
749
642
54
305
29374
1167
7
3
1220
83
2
7938
8
52
33
178
30
147
41
1009
9
150
441
33
121
62
62
33
40
513
9
10
4591
31277
2
669
457
871
134
337
668
148
14
2
6565
1448
3
62
8
1720
441
749
633
12824
24
98
58
31
718
37
59713
7
1879
1074
12
104
139
6
289
1878
207
4355
58
94
13
653
8
71
252
372
255
7
8
10
47
196
4810
3
3850
6335
231
108
457
