29
9255
7
44
11
459
139
15
931
69
54
11
28
14
14048
6
3732
14487
2047
272
28
11
14
9728
3
1057
1644
56
5
594
8
502
646
6
156
2
422
2812
187
77
17
10525
3
22
83
141
40967
630
3
358
2125
56
5
10
4
14
2160
3
25
25
9255
28
10
3591
2
44
8
638
193
7
21
2
1125
1284
553
5
143
42063
23
2
55982
879
1040
518
442
330
441
22
2565
4
101
3
296
254
11
14
1284
6
1946
3
2
43
553
395
89
4
4421
43
553
22
1010
14
1284
6
17740
3363
193
6392
208
5676
2
3578
5
603
12
20
1473
59
7
14
21
2
43
553
11
28
10
14
309
5
118
1284
8
146
180
2
43
55372
453
53
34
17
76
31
666
3
179
105
10323
12
10
29
2
2
605
323
20
7
314
4
100362
1007
1987
7986
28
429
330
11
13
64
300
37
1644
27
69
77
21
1019
17
1123
9
27917
227
1644
14
1057
6
598
128
205
1379
9
2
3796
5
193
7573
3
296
4
114
6
39
249
31
459
707
594
37
193
2565
12
429
1057
2
567
15
35
979
5
85
2596
387
7573
3
17
12
50137
38523
1387
141
1051
23
393
5
598
391
5
141
28
9255
40
18
3
988
867
82
36
206
193
595
73228
1894
89
1885
82
9
741
3
2065
15
52961
52
741
873
193
3
17
11678
3
296
202
94
69
40
4219
1057
4
922
1497
9334
187
61
9
205
11
6674
2657
8
2
1058
212
40
80
596
3
485
187
54
7
14255
6
2100
1387
139
13501
6392
100
17
131
131
1066
52
50
3
44
11
11678
11
28
23
8
173
48
1239
40
4
786
5
81304
438
9
63
6
159
39
249
1600
5580
3104
134
2
523
23
2
9273
7259
7244
8
11
1181
2
6021
5
3881
7
584
37
2
2
20177
5
8384
37
2
109
128
60
7
2913
42
10
327
18
47
2
281
85
1482
170
22
128
1413
6618
1364
1087
3192
3881
9
4
8384
145
13
47
6735
2201
953
3
922
3
2146
2252
7
86
110
3
1627
41
2046
6
475
85
105
1100
49612
127
94
117
494
145
7
11660
19
2
267
75
3059
787
579
2400
5
199
6
731
127
289
6
1212
4349
3715
860
8459
208
91
3
299
136
37
13302
14479
15491
4
2696
31
7
6
22
500
13
47
4
13161
114
23
325
4
208
126
106
6
2
127
30850
627
5
160
8
135
94
494
145
855
3
150
695
82
4
656
3
294
37
89
8
1236
146
451
82
317
371
8459
362
3
21
86
1162
22
106
23
22
2114
987
1489
6
29562
12
298
10
68
9104
89
3
15428
22
384
5
70
105
428
11
17864
85
160
107
7
2025
12
2
2670
2004
11
44
7
739
1649
1781
37
2
94
7
299
37
10
2348
403
8
148
77
93
51105
1184
5292
6
177
2252
8
16
541
3
1830
2146
114
594
4
1456
95
2252
99
1362
6
127
85
2
4556
3
4395
455
521
734
2
1590
3
2885
338
279
139
4
251
9
160
6
1868
2065
4
2
6657
12
1236
4
338
152
9
294
1215
4
105
39252
1207
154
79
10
83
82
260
2146
2642
2003
7855
6
38
336
5
43
1606
82
95
2050
34
41
1892
3544
139
4
2065
8
1024
475
85
105
1459
4
9440
755
49758
13
2323
41
5782
170
4
82
4
54
387
145
69
3502
82
7
2
1195
351
24
80
2896
5
118
177
5
492
229
10
197
36
444
401
156
2
1590
52
4367
77
18
4347
748
12
107
2146
114
1262
6
85
4
359
5
139
455
54
26
6376
1110
44
3394
22298
2
1051
31
5276
6
105
1456
23
70
393
6
12864
253
1359
5
2146
144
5
2
494
1401
7
8
2
33
132
18
4308
2
1207
41
65
26
40
18
1704
4
1759
33
132
72
18
2352
78
3
274
11
33287
78
32
146
352
2
99
565
3
172
2
372
97
1813
19
3953
217
5
374
11
816
3
4903
135
499
82
80
126
128
776
35
30
3
199
184
3
693
310
258
5
35
82
39
1369
39
1231
413
1393
82
18
47
228
9
49
122
11
514
2
5349
345
6
330
911
374
2880
53154
3018
4
2632
3545
82
2
241
241
3545
371
32
28
6
49
592
381
1056
3
33
30
380
1123
2
6838
99
60
6
67
226
352
8
2
565
34
17
2
372
97
84142
31
517
6
4964
4
464
1393
900
3
6399
56
5927
3
431
12
375
197
832
801
3
199
860
122
11
13
47
6735
2201
22
1330
6
21871
534
45
73
8459
628
3
734
5
2
629
953
3
43294
2146
594
6
2
4277
107
1498
2
12975
8
20
1207
7
11822
3
44
969
4430
2
745
535
1574
4
7558
5
258
563
12
2146
41
4
41
11
383
195
34
18
3
628
6
2
1200
4
4337
501
2034
8
20
1207
610
82
2
387
13
86273
13
104
1661
2252
174
4
8
110
3
6050
371
4430
2
26
16
110
3
1877
188
5
66537
38
217
86
129
