183
148
230
1409
247
15004
11
28
6
183
107
8
17997
4
1014
3291
146
12705
4
5569
136
2232
271
765
230
17
12
107
3
25
183
148
8672
3078
28
23
2
444
401
1269
343
95
567
77
154
24
2379
11
28
26
230
21
17
190
729
5
3291
7
10
20974
7
10
15087
7
10
20518
371
9230
331
343
11
30
12
3
44
8
10
230
17
451
8
6
541
66
480
34
2380
2
717
8
34
96
45
93
183
576
8
23
532
154
24
8329
427
73
8672
1350
395
1664
3
5436
11
28
8
30
230
17
458
3
123
42
3214
3
1949
79
2
15992
4
140
190
3
154
142
6
5662
36
7438
66
470
2
9293
1668
3214
33
72
36765
6
4
5950
107
4
140
2
119
3214
611
33
142
3
25606
7
3092
3945
371
9230
28
4
52
333
5
399
3663
6
6465
36
8616
66
7
20518
30
17
6
280
1474
22
1664
3
5436
82
4
3
118
6
1474
82
2385
864
8
18
644
47
146
19
3231
1143
211
11602
6738
4
353
32796
161
18
1094
8
10
230
17
451
8
30
16
177
5
2
16071
2239
82
271
8
26
28
230
17
177
5
2
4933
738
108
29
77
72
2
1529
17
284
5
2
41917
15992
371
9230
7
1337
229
36
21
8672
40
234
3
96
156
717
682
36
62
10
40
8427
198
98
840
8
7
29
10
115
1173
2
334
73
271
56
220
3607
54
8672
7
998
39
1614
5
18
4
924
7
40
468
89
3
72
744
744
12
188
6171
134
55974
14
876
23
17560
691
343
6
326
3475
452
8
11
2773
27
394
1823
1263
11
7
21
16
6171
94783
32
13
398
43
25
136
3
358
37
245
6
125
954
4
49
648
2799
245
11
13
2
433
5
1318
329
358
37
8
433
5
1318
30
55
744
12
139
21
10636
6171
6392
25
73
10
59
69
155
8
1524
7
44
3
161
5
81
142
83
4
329
245
358
37
648
4
139
8
130
2235
3
81
6171
14
1299
6
259
6171
300
154
75
27
14
1512
9
791
32
2
5674
23
2
69
712
4
1214
900
3
142
83
24
366
8
7
21
3310
3
17
377
10636
142
4
3188
6171
28
30
147
3
744
12
139
11
13
398
926
3
169
5
70
4
53
271
53
70
488
8
38
926
7
21
118
485
4
11
13
245
398
49
2
1467
329
744
12
1318
5
78
32
6171
22918
45842
25022
3
1076
6176
2662
257
1609
18549
3634
1128
318
109
194
3
17
243
3
1076
227
85
1579
2662
257
569
20190
2
18549
3634
579
166
2546
5
106
4104
6
1886
23
257
85
6
19
2541
7
2096
1504
12
77610
2268
4
2063
12
106400
2268
30
12288
706
194
1044
3
2662
257
5
1076
227
85
1579
569
20190
2
18549
661
3
104
194
156
2
104
1044
54
121
21
17
1050
12055
230
248
3
10006
371
27
2132
594
1539
595
106
4104
4
54
18
47
1188
25
1003
4
1525
2
51
1497
230
17
761
23
1415
12
355
23
5690
1076
127
85
115
1076
18
2
574
5
294
309
73
143
2892
115
227
85
1579
154
203
574
5
294
309
5
1076
34
227
85
1579
590
141
3
17
91
23
127
85
115
1076
227
85
1579
59
7652
1076
360
91
2
360
1415
1561
6
5829
107
2
143
2892
906
1579
91
3
3331
1886
360
6
2747
11211
6985
4
1837
5970
7
2
360
1415
1561
1830
474
85
141
593
6
1076
120
7
360
1415
1561
54
7
3
17
91
6
127
360
85
428
12
355
6
1076
3
17
277
474
1076
85
141
4215
51
7
360
1415
1561
91
6
127
360
85
428
6
1076
7
360
1415
1561
91
6
127
360
85
428
6
1076
292
993
309
5
143
2892
2574
156
2
785
309
4
4102
5
45
309
109
714
156
194
77
17
218
2541
7
3149
44
1076
1275
5807
1790
355
109
23
353
75
185
3149
44
1076
1275
5807
1790
20
7
51
6064
1263
486
37
31
356
3640
84
566
221
662
266
16
10067
32
3003
1197
2131
3
583
84
566
221
662
266
16
10067
32
3003
1197
2131
3
583
336
221
662
266
6
39
249
861
2198
197
832
4
334
1342
1682
16
2366
32
479
3272
1674
5
5572
554
4
105
1278
184
3
2
444
401
1269
181
540
25445
294
420
19
2
159
669
141
772
158
8
1373
221
291
16
3783
2359
595
1278
496
102
32
479
1269
2216
51
814
4612
39
479
2612
151
425
6
1206
221
662
266
6
258
1163
1885
39
249
334
1342
4
197
832
50
6241
15
43
702
400
6
95
1163
221
406
6
2324
16
68
3120
2109
26317
13
170
1410
32
479
13
2115
348
2467
6
4387
8965
3087
157
4
413
157
861
2198
406
13
2602
61
294
37
32
479
24
4
5047
166
1278
187
4
13
139
76
4523
9
493
433
960
3
479
4
607
2221
662
266
1908
2
23
60
2
9299
19551
315
444
401
1269
181
363
199
307
747
4
540
62
2
3283
10225
5
127
287
78
32
345
6
