184
3
814
4612
1413
420
2
5628
79
10303
4250
5
32
479
4
1168
5
10
7124
812
46
48
42
6
320
5
3003
184
3
2
814
4612
39
479
291
174
32
4385
12
20
994
1413
50
388
6
363
667
108
226
15174
158
9
482
1289
479
8
88097
27583
1922
5502
1413
14
196
865
9
5478
4
8
97
40
18
3
2695
3
2
2232
1706
2204
15174
172
14
3
1134
2
32
754
1908
753
120
2
556
3668
3329
14
118
6489
3
5570
2276
2294
29
2845
45
46
812
38
907
4
479
808
46
5149
4
1706
1448
9
557
326
1413
2276
9967
2893
422
174
174
11
4
36684
3870
6021
5
2231
2131
1155
23
275
501
593
2790
5877
497
16111
589
6021
5
2231
2131
981
4678
5
2276
6432
2294
362
694
3
191
932
43
308
9
2
66
184
3
43
1831
1250
710
10
40
2131
2
3194
708
311
6
2
66
32
10521
2276
6432
4338
7581
2
66
896
2294
19
426
73
68205
42516
1149
7123
1374
78087
4
11363
1374
184
3
108
493
32
479
186
2
9594
6
51
21
3
25
82
2
11339
5
715
4
1071
9
36506
22159
5
812
1327
52
832
6
32
479
196
9
5944
2
768
3
252
328
4006
887
4
1333
168
436
683
16
12
341
6
96355
731
72
295
2
182
901
22559
446
409
478
6345
1378
16
84
3517
6
2988
352
46
72
129
5
2237
932
8
9725
1011
762
433
12
20
1388
5
129
303
6
4
285
128
13450
10
13
1002
2774
9
793
5
169
5
45
31
2224
12
538
7727
20466
24
7072
84
46
211
226
88
4716
7303
818
731
813
103746
66
14
260
2
1191
66
23
1609
17193
7303
6
18103
3715
36
2
3321
1286
4346
23980
243
10
128
66
14
4566
746
2
71491
17193
7
2
11099
2
99145
2412
5
16243
368
5
36600
6
1423
117
5
4
11707
3711
10
2224
12
538
24
103
333
227
813
3711
753
4
105751
128
66
23980
44
149
50
91
3
4221
227
105171
30
18
412
29
149
412
53
64
538
57
65
51
541
56
5
585
11
27298
66
42
5
95
149
23
1609
17193
691
61
3321
182
2412
46
37
2
169
670
1155
5
981
1812
2855
1147
4
57
94912
66
4637
7
64
282
813
3711
753
54
516
120
4
59
3
307
51
538
7
274
6
731
13341
13
260
1289
8
88
2888
20466
635
93
98
538
9
373
2285
9596
38321
181
41
65
2412
5
9696
50
64221
128
66
87
5
11188
538
3080
333
18
1181
8
678
77
1657
20
107390
17193
7
25897
311
5
13394
6
5456
1028
3
8022
538
4839
6320
149
3
662
4
662
3
149
3321
1705
14
3
96
507
8
26
55
317
538
24
400
149
3
236
8
147
37925
502
1080
6
187
30
689
42
30
182
103
30
689
258
790
56
272
7
569
110
3
2606
44
75922
81775
1705
4
1835
5
1609
17193
11
44
20
7
325
26
55
40143
6056
2
39
149
7
2
4342
1244
33
666
3
93
2
149
42
101
84
64
107
10
73
2
9333
1645
60
9
149
11
49739
53
577
2
18285
670
9
2
795
149
11
44
84
706
180
52
7
14
3
96
2
149
64
7
25
14
3
96
2
149
7
25
18
2
655
11
44
7
25
18
2
27784
1191
743
1609
17193
4
90
57
2888
6
813
3711
322
26
635
17
502
98
227
105161
1157
16
502
1058
4
1058
2
2888
4
879
3354
2670
4
2670
9837
56
41
538
65
53
7
541
2340
1968
25
572
6
4
11707
3711
8
585
7
340
6033
128
1308
10
10161
2
68528
332
81840
223
36600
23
1609
17193
23980
173
3
2535
12
4624
38
172
2831
18778
15
16259
84
2763
1737
2
667
5
48
5
731
538
12
932
6345
1378
22559
7
1192
3
17
2
4844
493
10
514
84
500
79
2205
8
140
11736
4579
11841
1429
13341
8
1931
538
9
169
5
45
46
4
813
3711
20
66
731
582
84
43209
44
53
132
21
80
17
96691
67
25247
61
53
23980
44
1112
154
56
5
53
33
116
8
10
819
11
230
17
5442
19
532
286
11
704
49
630
4
608
615
207
1067
177
5
480
990
9
105
1032
60
7512
2330
643
160
6295
5
49
1538
298
330
107
49
792
6
3201
5
3088
160
49
105
3157
27687
49
3
172
5
590
5
595
58
823
127
84132
298
330
381
11
13228
17618
24
3468
202
415
3225
9062
71
3
1333
142
102
138
27
4
5256
403
4
160
5240
24
20571
721
75
3306
7
1155
14576
3
113
37
11
28
67
35
14
1498
15
2346
1789
4
623
29
67
45
40
21
609
1114
3
192
30
7
18
581
30
13
10128
30
7
18
2127
30
13
6024
30
7
484
102
332
57
237
36
1251
30
723
455
155
4
3
734
8
18
241
146
67
133
18225
4
1832
6
43781
2330
643
5824
165
14
1403
1818
19
49
83
97
6
35
11
3579
15
195
5
257
3971
195
54
7
296
19
58
4
11
165
96
359
5
90
162
16868
87
5
49
144
9
1191
487
4
114
