13
1064
2
127
94
12
466
324
56
102
27
2520
114
3
155
3
199
3
144
480
61031
1235
76
114
16
5147
5
32
2
149
80
52
33
137
10
2
3422
5
103
1309
11
44
42
5
95
1309
7
110
3
6828
1039
108
39
12
4787
5
2
1804
85
4
2029
6
450
535
108
7
37
3
2665
2
15722
370
6
2
1242
343
913
3126
160
2854
38471
138
27
592
3195
76
5
88
10406
297
6
535
6
568
82
19
76
705
239
41
1552
65
6
174
344
174
3
346
56
54
733
7
303
3
247
42
5
1522
1916
3859
780
2516
12
1473
4
7
42
5
1832
5036
2851
1253
2281
6
108
1394
164
36
1044
3908
53
7
334
967
535
7
6106
372
160
805
104
34
462
828
17
41
65
72
2
160
6
535
792
24
51247
10262
1630
3
2851
6272
2014
26
34
17
41
65
2
5182
6
535
1506
1524
44
24
5734
3
2163
511
535
7
1222
43
3
913
3126
160
6
478
1160
5
108
515
4
48
2124
121
17
2983
27
192
2254
2346
450
535
329
937
20
268
1804
153
12
298
330
4
341
442
736
2
2
27
592
716
367
6237
1630
475
1658
606
4
606
79
415
4
23
38
762
50
83
129
780
1691
4
23
10
422
10
14
61
37
129
140
10
819
3
5472
12
462
48
2124
23
183
532
8
1112
33
486
37
27
3378
22
2126
519
13
1328
44
22
288
648
40
17
1239
17
12
983
24
754
160
3
554
1323
48
3444
3
983
40
17
4875
83
4
398
22
280
1662
1753
3325
40
299
89
42
1067
486
5
372
1853
753
436
642
186
1323
4
2
10502
1351
186
3
2
484
1630
50
6
2286
4
13661
56
2943
983
14
56
3325
24193
983
14
6
20
14
2
1420
8
13
47
424
3
123
514
170
30021
29
27
592
6802
224
273
60
123
2
234
23
2886
1044
66
2886
5
34112
558
5055
6967
99645
378
372
840
7921
3012
7088
558
4
5055
10161
102
1324
535
122
6967
42
5
108
1247
6593
3177
4
34112
54
2
1247
59439
733
7
1264
3325
3
1853
4
3211
8854
88
7154
1219
2480
9664
2974
1113
14
42
5
1247
367
4
24
10
762
6
500
318
59
27
739
3
1113
6
199
9664
13
8191
129
780
14
57
210
5
4489
75
1324
129
12
298
1571
4
442
736
15261
2851
723
6763
4
2673
153
83
557
129
948
877
52
33
14
12
3730
61
6
2286
4112
4
571
4733
29
2
7
28
898
535
2987
317
1901
2
182
41
65
1855
4342
1356
6
535
792
9
433
780
462
445
848
23
12703
5
372
535
5719
2
2124
459
1481
3
93
5149
39
195
4
59
2695
646
2124
13172
13661
623
4
5280
81
15
3207
9
983
53
606
337
780
2254
14
274
56
6
1411
30
16
37
3
2665
2
370
6
2
1242
343
29
25
329
8
4835
1708
738
122
780
77
848
2
1067
41
6
541
44
4
153
1485
13
47
303
9
235
309
6
2
989
82
714
86155
82
5734
535
6
2851
2
6593
21427
163
108
79
2
39
3161
213
15
780
23
10
456
157
240
9
1853
34
253
17
1219
19
707
315
474
1989
5340
64
967
10695
4
15
2
9257
29
86
107
1989
55
469
5966
7
52
10
483
3
2448
983
80
52
3962
514
12
3
191
30
113
730
34
317
6
20
1524
54
242
1853
749
4
52
3962
7
3166
36
115
296
2
273
1853
1195
6
730
247
4
80
1708
325
29
80
41
3
173
301
7
989
869
389
34
17
749
12
1853
156
749
260
13
6390
9
20925
6
7154
80
1847
3
27
51542
876
5
730
911
1853
753
12
8
3317
14
5975
240
54
75
108
124
293
914
858
61
3919
5
9584
426
6
428
6617
43
372
506
1120
90
165
628
15
1983
23
3004
5
8
240
1402
17819
54
7
358
37
2
182
801
19
320
5
42
4331
42
1295
22586
36
7187
1295
1908
1112
33
251
10
10
7
989
19
76
1181
60
1849
5
5975
240
10
934
7
3
2629
41
65
426
54
570
18
591
5021
4
1027
641
9
557
129
5
108
515
4
22586
7
72
483
5
974
6
389
22586
4
1496
288
1777
10
34
3585
34
3944
10134
984
539
974
260
13
13
12
450
515
539
270
7
1247
1788
5
72
37
48
372
7154
12189
1402
4338
270
19
79730
4
33
93
2237
519
5
268
153
1871
1630
535
16517
15
108080
4
107970
9
9219
475
535
34
17
424
3
786
6
21
72
4
2653
5734
535
6
7154
42
6
54
1042
3834
4385
2763
29
2
5734
535
6367
19
1803
21427
6
1661
7154
4478
24
9664
3
32251
3
3719
2131
53
34
17
2
5305
9
1878
48
7154
80
42
8
16
1855
25894
2
48
34
17
816
3
858
56
2
108
4100
12
39
333
5
694
2
7
18
653
126
370
33
18
1803
21427
10
7
584
196
500
3
2695
3161
213
24
986
3
780
60
3
2695
7
59
104
21427
154
79
384
51
30
796
20
153
14
99
527
8
