169
670
3003
1908
6
2392
226
570
228
14275
753
184
3
753
83
1087
6
8115
360
1285
3
1930
3060
4
40925
6413
15
656
3
360
1383
168
10
11378
144
3
14275
753
2
90
3060
6413
2731
24
30773
581
91
3
2581
6
3596
5
85
284
74
235
258
66
8115
360
34
144
85
1383
2828
15
1928
8011
360
1115
27282
1930
4
1577
906
428
4
1541
4769
85
2
2
529
217
5
85
808
16
225
53
34
17
4
3626
12
1563
225
31
34
17
99
3
685
24
959
2398
1563
4
91
5
27282
10
7
1181
8
225
34
995
685
24
85
1383
959
1563
1161
2828
85
5
376
20
7
48
3091
4
30
16
21
395
98
366
5
713
1777
19
32
479
301
10
735
2
131
3501
844
5
385
88
70
40
828
596
8
360
1115
121
18
1752
1335
3
127
94
4
38
479
803
2774
606
2493
2
149
77
20
14275
753
17
1448
3
748
85
6
2392
226
10
55
828
17
653
8
2544
360
1115
25
21
6
209
420
4
1577
906
428
36
420
4769
85
285
20
7
3091
20
179
19
1473
361
34
7
1314
203
2
3362
677
21234
7935
28
442
8
27
39052
2200
46
4
272
405
2075
46
16
64
752
2
201
1540
9
10
100098
2
304
7095
3414
264
10852
300
37
1501
602
146
19
280
1662
2728
4
202
127
94
138
27
254
8
26
18
64
4217
9
2474
6
98
65757
1905
48
1978
4
1036
9
4151
5
48
45
7
2
10506
5
67
938
27814
733
28
6
2
304
30
16
3562
4
14430
19
264
1184
37
602
24
1231
6
849
5
304
146
19
138
27
30
18
516
3
22078
67
402
94676
39052
2200
54
364
807
4467
2480
4
13465
13
47
547
23
7935
170
7
759
733
3
2613
682
24
27
31
2008
3
192
58
127
499
1472
4
6980
18
260
642
807
579
300
11
146
171
22
127
1260
381
12
860
6
54
11
28
45
541
79
143
35
24
1231
16
1825
717
26
415
1825
512
26
415
3522
4
76
7
1718
16
201
89039
7935
1260
27
583
142
23
161
7095
4
1472
6
2
304
307
12
22
4708
641
3597
8
11
14
42
31
516
3
642
807
15
7935
4
12
101558
1472
4
7935
144
713
487
54
7
1776
10525
3
6174
5
67
42
306
133
27
304
28
161
7935
4
1472
1776
5737
23
99
3296
5
595
4663
15
1604
10440
31
16
21
615
56
9
45
26
10682
3
929
29
86
9
98616
27
1824
2
3860
8
7935
128
66
720
2
39
249
35
1695
3
2426
2165
211
24
2
100656
1162
232
8
1364
2001
4181
2812
6923
908
5
97813
8295
1307
4054
1695
230
276
7935
2
2038
337
21
3
17
693
15
27
1246
37
80926
6
57
27
1474
22
1925
528
1298
3
1076
270
442
8
10
7
6
3495
5
4
291
3272
595
3685
1223
708
44816
304
12
117
5
22
919
15
7935
3319
22
366
8
11
2288
3
3196
24
1472
126
26
13
80
583
89
184
3
107042
697
180
3
25
4815
28
27
4
84
15
130
304
12
487
54
505
3
17
1817
26
16
110
3
123
2
382
2120
4
8
85826
239
2
1172
919
7
18
3
25
8
87
130
384
12
487
7
136
382
65
45
23
83243
510
12
473
8
10
40
64
752
603
27
1902
1076
4
1902
2239
8298
4
40
1300
89
2
350
5
738
62
48210
3
264
10852
304
19
138
27
1539
602
30169
7
1172
10
402
919
15
371
27
304
1757
317
324
75
6980
510
128
153
8
10
40
64
752
603
14571
1421
5
22
8298
4
1231
6906
510
10
40
64
752
117
2
9923
3
1902
2239
34519
12
298
1902
1076
7707
4946
11181
510
11
14
1172
49
919
15
9331
55
21
6
201
3693
317
845
15
3855
6
20
66
1902
1076
8298
2
10
7707
11181
134
1076
99718
442
41
527
5
1072
3
27
7625
402
385
939
2
7345
368
61
3
3969
101035
18875
1656
453
3
22
1187
128
153
5
27
1184
19
3135
138
120
10
245
1671
6
22
67356
61701
13
8189
240
3
350
22
1906
18875
1656
479
3003
4150
8709
1017
315
3
117
977
4602
23
27
414
4150
1793
6967
17053
6
3574
4362
6
4
309
5
4255
9
1661
399
101
4
6
144
5
25209
543
184
3
2
304
139
24
22
3574
4362
266
472
8709
34
123
236
23
2737
107202
2030
6967
4443
3141
4040
12
1206
964
9
36122
14000
28
8882
34
64
752
2863
23
1902
1076
8298
6
5240
8145
394
20
205
11
14
1219
56
8298
1224
19
133
5635
5415
4991
616
1653
5
926
128
66
4
4640
5635
15286
1609
1881
31
68
2352
56
64
57
12734
9
1902
1076
13
47
47754
196
2923
27
880
672
20
7
2
5894
4
1116
381
8
740
3
1159
2
133
8
9
66
13
1611
3036
4
923
11
481
5702
3
2
339
5
27
127
1260
381
64
42
852
6
20
1242
121
524
405
25
136
72256
12
3
27
7690
40203
1014
2
1334
733
1521
19
1501
1143
5604
5643
28
10
14
19424
2
753
6
