773
353
3
1171
1356
15
214
23
413
3144
5
543
9
363
205
6
4
3122
365
74
24
89
9
2
394
69816
28
3122
2513
146
9232
4
1217
300
21897
28
11
3340
3
22
2415
363
60
4
3196
75
11
28
3122
608
631
89
15
61
3
36
1367
1161
44
11
68
274
21897
3
951
519
2
44
159
379
6392
3196
87
622
11
28
14
2527
21897
28
540
4
733
40
25
476
20
756
14
6771
4
5859
11
1732
5
936
89049
38181
2
2073
582
526
1298
8
3122
13
47
4055
53
170
1029
16
3345
4
11927
19
4559
343
8
1959
23
2798
5705
38181
28
6
2
1238
304
30
16
6798
1403
15
48
141
772
874
211
221
2
26
1754
38
291
67
486
4
2510
16
15
48
5
542
907
4
45
3042
19
20
11878
100341
5
3122
1847
13468
607
3630
297
2
1139
56
5
1764
9
417
26
76587
40
208
2963
2090
36
959
2090
29594
12717
28
1197
8
11
13
21
388
3122
9
2
281
107330
693
688
2016
607
3122
2
1919
286
11
68
1235
21
454
1765
15
3122
9
363
19136
14
2
3235
3506
4
4230
417
2016
45688
6
39
249
3122
244
6
2
4204
7504
3249
1703
8
14
26283
15
141
772
158
540
11
68
91
2
10618
16
23
22
804
2737
2089
1344
13841
4090
48416
495
4
693
5
1008
1304
6
618
279
1383
6
24
1647
1399
35
645
184
3
645
2477
2712
44229
1806
43609
4
16248
8511
6
2089
1344
13841
881
425
4
8910
6164
12
185
695
164
429
330
1173
5
58
127
94
3447
6
2
7488
1012
5
188
511
65
23677
332
87040
185
365
2
9490
382
1152
2
138
27
1841
258
970
1080
9
2
2046
1701
5
1225
235
153
8
77
929
38
128
600
5
3683
89
12
22
647
3
202
84074
53
50
2771
917
26
50
74
338
214
880
348
9
238
639
62
3
1729
745
100
1836
213
188
455
1621
4
4153
5
361
506
224
64
42
1936
334
1025
10957
100
638
36
1849
5
580
68734
48
6
20
570
27
28
30
219
110
3
154
61
15
1154
30
219
110
3
346
661
3
23077
25
239
7
55
21
178
62
658
10
47
61
164
3316
1143
80028
14
87
332
5
81
13
271
3
988
4
334
60
3
25
12619
1023
3
753
2
1923
5
139
4
2
3378
8
7
5586
3
2702
266
511
65
2
738
71034
1025
305
5
410
14
2719
3
4101
1072
8
11
13
42
3
22
2326
4
22
127
1684
19
11960
27
15
17990
97691
638
193
5
598
4356
491
2
4
2282
73
27
46
29
42
15
1189
2422
62409
636
256
728
5
742
2453
22
5477
2052
4
22
3437
576
46
2966
6593
118
42
8
1271
239
13
21
277
2
535
6
20
66
37383
28259
895
2396
1093
321
4110
1514
15
1158
74
22
384
8
90
449
231
108
1114
143
35
193
305
4
728
653
8
27
1246
9342
4
6675
4895
90
1929
2583
5
1599
108
9678
41595
116
8
2
182
5
45
346
3890
148
8
138
44
87
11
44
51
45
2010
26
77
44
305
28
255
7
63
396
72
44
1112
26
14
26
18
1359
164
4
231
32143
7156
8
305
4
57
629
9425
2
105
3622
4
1889
1152
8
8052
47273
358
37
1359
27
28
149
30
380
13
2
182
5
1359
211
6577
2845
79
108
506
456
1543
4
77
18
47
119
111
2619
33
55
17
1602
1817
52
33
14
7
25
14
3
17
1602
1817
7
14
3
2099
255
4
30
18
2
255
5
69028
350
142
7
21
1918
6
118
1602
1817
7
1918
6
118
57906
28
1277
1599
7
1832
447
3
143
16463
14
3
1546
622
30
219
37
728
28
29
11
68
383
8
13648
1815
5
336
976
15
156
449
426
2
709
1213
4
2907
7
1170
3
43
1431
5
5008
467
35
98262
596
661
7
21
551
3
11115
539
572
449
572
100
33
380
295
3
610
1160
5
447
30
219
1451
4
62
33
224
15
42276
314
841
1362
12
338
214
15
27
5927
21
3
26379
15
973
227
2588
348
4
57
94
2251
8
213
633
2
3067
5982
211
1333
142
2588
406
3
5471
2
475
836
34959
34
25
622
474
130
191
21
3
2605
338
214
46
3
549
10
107
10
7
3
96
20
133
1419
285
3
611
142
67
262
3
93
2900
5
2314
3
93
2900
5
2855
1230
4
1494
54
7
5378
6
20
133
27
13479
28
27
627
7
8342
217
25
2
61
387
28
2
368
11
2063
285
4
11928
1932
368
7
30
396
72
218
3
20789
231
20
4
2208
56
148
73
7
110
3
93
23
1230
4
1494
100
3712
305
28
33
165
18
889
5
591
5
670
5
2314
8
33
219
110
3
18
3
96
61
4
164
148
52
30
25
21
25
10
30
34
18
2
836
58581
4636
2
707
251
338
214
101
84
7
21428
455
29308
4
10
5760
4
98
629
8
115
664
845
4
16
10
7
21
118
2
280
77501
14
567
12
209
8
80
2
11
13
8137
102
660
5
414
506
