1232
2
956
6
386
80
126
63
189
7
8
72
49
124
255
51
37
49
2266
255
1086
255
7308
255
955
506
255
955
1836
255
754
160
255
1147
255
338
214
255
2014
2450
177
733
24
4110
3623
6
316
3
5701
14055
2009
366
8
78
32
13
3107
1193
45
7
403
11
7
5005
2450
8
31
7
14
2
1784
6
582
7043
7043
7043
2620
140
2450
10560
1439
3776
8
78
630
3
392
4626
36
23
275
2801
1836
1112
8
7
6
6
209
2
7
485
457
9863
468
10
4626
1529
517
144
5
32
744
151
29
11
4195
10
9
49
955
11010
4
981
30679
17323
8
14
550
12
4079
29
18831
6
190
729
66
394
2
887
11
489
4626
140
13
21
1232
10
170
4
115
21
1178
10
84
149
11
115
1857
6
432
8
10
86
148
8
179
2
49
1043
1615
19369
56
6
166
29
2450
366
8
87
30
7
392
2801
1836
6
30
48
18
1576
5
169
12
67
435
169
894
78
40
18
888
13
30
329
49
2450
2195
16970
51
40
10
17
73
52
78
32
7
3583
1055
1062
8
2450
4
90
57
7
2661
183
148
15
71
1038
66
404
3
988
32
25996
2450
671
4
3337
3411
5
49
947
2
381
23
406
6
54
11
115
21
22
23
98
423
12
98
139
5592
1165
301
2450
3544
43
8
78
32
7
1434
11
3529
8
9974
532
59
57
2007
13
2
600
3
296
20
108
4
3752
76
7221
2
84
468
180
982
2313
108
52
112
2
7
3633
19
2795
400
9
2
1434
63
34
33
488
282
37
10
62
25
33
73
2450
5431
300
1075
22
1538
50
48
70
101
2450
5820
7
8
32
34
3287
198
2
2192
4797
5
526
316
72
1544
233
56
5
92
526
316
377
148
73
3404
48
3986
717
4712
24
1086
1019
271
280
78
32
40
768
6
207
107
11
77
29
59
11
296
9
63
2450
44
1239
276
1663
361
717
2620
2102
468
33
32
2
7
73
3
137
11
867
74
2
13389
1174
4
3601
20
7
112
1332
11
44
22606
7871
10
79
3854
15
2
18425
20
7
112
1332
12
5219
78
12
355
109
9880
46
46423
1986
109
128
132
7
481
4
463
3115
58042
263
2318
6
54
7
1380
8
239
24
4377
36
11565
701
46146
69
204
152
425
37
10
6
17298
829
727
2
66
394
21
86
7
20
165
560
29
446
5
1203
13
84
3418
443
833
56
20
7872
24
759
4
88
2214
2974
39
62
657
8948
425
12
263
1014
1394
3
7299
1062
8
1737
1812
5
1263
1685
20
16
571
267
5
63
657
33
55
1327
51
26
113
59
26
137
104
181
1403
610
8
652
1114
657
25
136
3038
87
657
7
42
5
81
2
280
263
31
299
9
385
5
263
45
25
59
652
5163
657
10
7
245
48
263
45
31
16
5163
4
38
1734
7
1357
652
115
21
1114
657
652
1114
43
2
9
948
10
12
657
82
10
13
84
247
2
280
1955
42
5
1046
660
5
20
359
5
11235
7
8
263
166
1403
610
8
53
7
64
107
142
6
3594
461
88
263
178
8
80
52
204
2352
56
5
278
1593
1017
8116
36
80
516
3
435
4199
3
26488
652
40
165
218
3
5163
204
4
666
3
9836
49
4173
263
1062
8
86
60
59
652
73
204
14
59
11
14
296
19
16441
61321
4
22
21562
5
1048
4405
31
22741
204
4
650
2615
13
1359
707
3
51
2
372
124
40
284
6
98
57
204
7
551
3460
3
16659
1624
388
6
20
849
1815
5
652
15
161
2826
6
4544
4
1248
430
6
29990
96
448
20
7
21
3750
382
24
846
1815
15
6532
171
11213
124
36
1076
1232
2181
102
204
6
86
3
140
117
61
794
102
2181
2
281
66
394
2
241
2
3433
7
9153
652
144
3433
10
8
13947
4
8
2386
102122
991
6
4544
13
2607
8
10
13
86
42
6593
274
54
10
55
1852
3
652
10
12766
11842
4
170
26
16
2486
26
96
2486
4
3034
14947
315
833
56
39
2935
5
26488
215
625
427
26488
173
2
21104
23
910
5
204
1394
3
7299
7
25
113
7
18
367
388
26488
15165
1703
282
3958
3087
1465
16668
86080
48868
1607
34
328
883
7
2
2141
2605
2
10
1984
2
84206
3087
10154
2
1664
3
846
21229
6
311
406
4
2
2459
2188
6797
29917
321
190
2062
52
816
8
48
1078
7
7
4
10445
96
64
1437
286
53
7
1428
64
623
5
652
6
204
88
263
178
8
263
1218
163
16
41
65
362
3
319
652
6
833
4
26
16
859
1817
29
53
7
20
7839
3555
8
50
6
21
9
263
215
204
40
17
2154
72
73
386
6
5504
204
152
7
11262
5889
263
166
207
1067
5
31263
1391
981
6
652
475
1207
34
584
763
20
1088
4
1983
23
1428
13220
7983
5
2
701
1391
1115
54
7
1350
1139
10993
23
984
5
10
1391
12
2
342
171
341
44
5
127
69
138
27
12939
627
7
3105
1033
192
1348
26646
