8583
474
22
83
1339
4
584
1845
23
99
1170
1786
1451
89
1586
836
1194
126
133
4085
12
10
836
1995
341
235
205
322
15
95
1684
4
2237
255
2442
19
4
2964
15533
4
1602
9838
2961
474
22
83
97
33
396
245
948
89
9
3687
56
2086
3283
3559
13
274
58
1339
6
13954
35
5
2029
82
232
50
1350
3067
6
432
2734
82
4
1893
1616
3
48
2624
5
2698
2901
9
31
121
17
235
681
638
193
1173
4355
138
27
2910
272
2910
1491
690
5119
7520
29
245
10
313
73
64
42
116
51
505
84
76
58
16
1333
9
2
20528
681
76
8143
58
232
31
635
18
3
1891
37
38
105
475
975
7
1350
395
520
922
3
457
688
7702
89
3
123
262
11
2486
3
3552
4
688
7
7809
30
219
23
173
120
42
5
88
921
471
6
197
396
313
3
276
351
22
423
5
1142
4
11392
337
64
42
14
3
17
6
496
5
111
58
1339
7
87
10
7
1523
3
3436
222
16
1826
2086
4
975
17943
4
2768
8
2
280
222
17
6352
2
681
82
480
31
34
12456
3
1042
5
1715
101
42
55
21
966
95
1042
4
165
17
4
1566
195
5
2168
616
975
630
3
25
10
363
60
4
332
60
11
448
61
719
22
97
79
1287
4
6412
59
11
4583
448
61
11582
3
862
20311
1053
11
14
6400
2
2
6767
19
6621
6
22
83
2384
2
7
481
59
975
510
22
3832
10
115
245
323
31
1603
89
87
26
296
79
183
255
11
7
2
195
5
105
97
8
7
2830
2674
3
131
354
5
2959
4621
4
8
2
273
255
87
30
147
2959
792
4
1661
4621
3
319
227
92
849
12
4
1227
2
4807
4986
836
4085
8
77
3752
3901
56
24
8153
288
3109
29
101
84
30
25
18
8
87
1601
15
2
14510
5
105
625
14
3
17
6
496
5
111
6622
526
4
193
970
9
202
499
704
193
6
4
407
15
390
3742
6396
12
35
5
31768
1296
61
49
1187
5
598
387
9
22
1195
9
2
92
2631
6
4
13783
740
3
2715
63
617
71
3118
283
299
77338
193
7
72
73
98
57
629
11
44
42
148
6
3160
11
44
190
148
6
452
1560
28
102346
5
193
876
37
980
680
3
812
6
39
249
312
477
3
5428
6
2318
29
21
2782
24
22
1800
3
222
31830
44
1112
11
147
3
44
3
93
612
4
140
11
110
3
25
2
11
982
11
28
7
113
45
16
2539
5
2
105
674
8
627
136
4
1843
136
5
183
193
12
724
251
2102
192
29
167
16
541
6
407
1560
2
5659
19237
68
2269
338
152
1187
5
49
39
66
44
1475
6
54
11
28
11
14
11426
9
452
74
5659
6
1881
6160
1560
1824
552
130
14819
2072
29
11426
9
2
9726
192
270
41830
552
130
14819
2072
29
11426
9
2
9726
192
270
41830
46
2842
1560
53792
1001
109
1560
28
49
1475
14
16493
4
45
6
452
1077
11
14
5924
12
868
2158
11
2399
2
9726
23014
6
848
329
72
44
52
911
1437
7
96
7
2
16493
1475
37
2
1881
6160
70
45
34
3515
5668
59
7
353
63
5
143
35
1560
28
76891
18
519
9
27
23
336
15412
10994
311
75
1293
227
212
6
3238
429
647
109
3238
46
2
227
1107
12
1986
77
1024
229
829
5
546
2458
5
1240
2298
34
17
4564
6
4
70
6409
15412
10994
2
195
5
1503
40431
543
7
3890
49
2791
12
496
5
6870
13948
5
12193
52
49
2791
7
5390
11
322
861
5
49
43
2565
4
205
6
2
227
1086
1219
19
2497
1554
496
8
10994
693
437
5
916
70
297
703
784
3
2710
49
2791
19
4
1156
215
215
212
59
6784
9
43
2565
49
267
44
10994
1156
215
1554
91
2
8037
2561
168
2458
4
8
49
3577
13312
2932
3347
434
49
3
1227
2894
5
49
7184
4
16280
576
24
49
2785
729
59
12406
212
328
6
15412
950
142
6
1360
5
20
66
441
369
873
4
344
592
87
8
335
1615
35
8
741
36451
3733
21038
6585
651
24409
24
12307
23
1725
36860
23443
2
43
1240
543
703
150
6241
369
232
4
3593
9
15412
441
369
134
12673
39
6
1360
3489
212
5
922
328
8
847
741
36451
3733
13
15885
3602
755
2742
19
651
3703
24409
4
1142
12
2458
4
159
5348
6961
23
76753
456
9
1509
5
3503
5
2458
24
10994
2335
1725
122
3641
23
322
734
8037
91
19
1156
215
1554
6
12
1986
2
33184
1107
621
3
1024
32867
5
755
2742
34
803
9344
5
24409
5313
9
10994
441
23443
28
24409
2742
34
17
48
37
15412
5135
4
2458
11
1920
25
52
1734
5
33184
1107
7
8
49
2742
7
19240
140
30
1211
8
2458
4
798
5
546
512
102
15412
34
96
10
79
2
39
1725
25
8
26
40
549
130
810
1074
100
6
59
10994
14
66
547
11
14
1692
19
1156
1305
171
2
18619
2456
12
49
20626
308
42
5
74
1165
534
1240
3740
61
19
5978
163
