306
285
306
9
81
119
22553
9870
16
1130
9
220
45
4
30
327
17
7527
29
53
132
17
924
6
20
771
52
30
16
3
1940
10
58
18
47
119
45
97
9
557
66
27
72
146
10
41
1567
11
7
468
43
476
30
7
260
116
30
25
18
3
17
3369
6
20
85
329
43
1062
51
30
18
1666
6
67
352
727
5
220
70
7
80
18
101
3
106
6
321
146
1028
13111
1418
6
2
865
60
29
30
327
610
333
5
8
1418
10
324
24
1151
4
9889
3
392
2669
8
445
611
37
160
811
119
45
34
976
9
63
27
29
8
115
242
30
327
3684
2
52
30
16
6
1697
787
44
5
547
30
18
1903
3
3139
12
4
30
55
7651
67
352
5
794
9
6602
599
5
13986
4855
121
21
17
67
289
3984
101
84
126
30
5784
6
623
23
119
157
30
327
117
14246
12231
220
629
4
135
150
369
4
658
101
528
8
25
248
146
327
48
17
3633
3
10370
4822
4360
327
17
1135
4
948
327
17
2420
8136
23
38
2559
95
5
43
31
106
9
1425
97
1813
5
3395
2761
4
11131
10171
327
524
4386
4
6207
9
67
655
30
327
20813
12
760
2
1055
97
3
1603
162
31
208
248
43
30
327
7410
2591
1762
4
781
9
3872
38
1278
53
121
17
64
142
3458
12
431
3
858
274
904
105
191
220
45
31
7
766
3
199
121
17
948
536
95
626
327
18
520
18413
8
7
3932
4
105
38
899
5
3207
628
3
135
97
4
220
29989
8082
30
121
5917
24
520
948
4
248
42
190
6
20
428
2
30
431
9
279
4
857
117
5
7387
7
99
664
6
5171
3266
15
2
97
8
2270
7
412
14
2
762
4
23487
439
1119
2346
10715
7
816
3
1577
42
999
52
30
25
123
1310
664
3
361
1903
20
85
1179
34
17
2
1907
472
206
21
611
1907
3
45
31
146
10
505
1779
5
135
97
4
2446
5
2
1519
1055
105
578
7
86
403
9
220
157
6444
10597
37
824
6444
10597
574
7370
2362
477
2974
6
1760
569
10597
244
6
39
249
312
4
55
17
1123
880
125
23
38859
569
10597
100
1500
4
35296
4
2513
1782
2268
23
66108
41
5
49
179
7
68
1131
23
49
220
1022
181
3250
478
3
13351
108
6
38
83
806
72
2
674
3093
4350
5255
13
1974
12
377
25
841
77
17
23027
2682
270
7
30714
78626
16238
21761
122
27
7
631
37
15115
1450
142
3
120
26
2994
6
38
308
426
1729
81
6
236
19
242
5
4412
4
8316
73
42
1917
2
14638
54884
7
2
2275
122
1491
690
14
2
2275
196
321
7
3572
592
9
159
122
2966
1633
182
11336
51
7
841
122
27
858
148
7931
760
6
236
73
3160
4
2948
312
236
42
55
1283
4
2041
15
4
122
27
478
290
13
47
5029
231
760
5321
4
86997
285
148
42
55
97144
5693
4
514
12
3
27
9825
690
7
16329
5
2
30714
1450
395
22
2051
591
670
24
3621
210
3093
288
11922
23
10
13954
2177
2
2
422
5654
5
7674
3918
55531
42
55
43362
12938
690
23
6
2
573
5
10169
1035
29
880
4815
597
13
388
9
41
65
2
568
51
27
12938
234
73
4
51
10
123
3
17
2
1653
6
280
515
51
14
8
24443
405
1462
5
13062
1450
73
18143
6
341
27
3660
2352
8719
39999
735
85
78
32
929
3038
183
71856
2
690
9
482
87
5
49
1648
15
32
479
120
7
402
5
35
122
11
14
269
5
35
172
4
120
7
402
5
450
10055
72
190
320
9
450
402
870
4
31
55
1679
468
841
10022
5
32
479
6
973
6347
16
2
11945
2
8770
814
4455
12
108
554
63405
37
32
46
4
20
247
48
41
2248
59
11
123
12
1176
1873
5
876
9
20888
15
894
11
2163
64
1698
36
1677
16409
46
20655
5
1041
6522
5
450
31103
674
38
13659
55
21
17
6390
9
21
168
359
5
135
428
8
7
5233
126
67
1070
2
2
8142
5
70
2996
6347
49
668
5573
5
578
7
3057
44429
20
85
11922
34
1003
689
4
57880
80
52
46
36
774
52
46
3922
4
7687
4
1324
24
929
34
4219
192
2
402
8523
31
6669
12600
491
6
6347
5
10590
2
5491
63724
5
8958
2431
55
21
17
1623
8563
3
7357
698
55
11
27
7
1035
29
11
7
21
1035
11
7
5
43
29
68
21
5
43
6
107
8
400
674
478
14272
24
38
41865
165
1680
1628
15
236
4
60
21
620
10
75
48
11
1363
28267
194
120
50
33
51978
11
7
6
209
29675
828
21
32
31
7
38540
13481
11
34
17
458
3
883
49
15
118
30655
3
4
1552
1304
46
4
10845
2
593
16115
13
10
9
49
1043
25990
9
482
10
13
412
3
25
15
6644
10
13
622
3
25
15
359
5
14070
8
327
6662
9
45
280
3167
38
623
4
478
6
322
5
4
7399
535
8
5449
3
328
56
622
29
