1255
5
649
246
3
392
3276
4
2530
10349
338
683
11
1178
8
225
17
918
3
763
522
6
839
4
317
61
338
6195
9
1430
652
4
222
916
426
2036
9728
5
1516
4
4277
195
4
2036
24687
375
818
14
704
15
916
2205
1408
92622
6
1209
324
37
6
1360
15
45
2768
4537
3
2615
75
66
5
992
3675
916
1790
1409
895
3170
302
74
462
48
5
1209
12
647
109
43
4
701
767
1178
2
2462
19
700
214
1133
8
4176
2
2689
1464
74
1209
54
434
701
1619
12
4537
163
4537
14
908
5
1687
22
83
45
4
501
238
11334
3
3721
7405
676
12
647
109
1006
1619
11201
186
19
1101
4
140
1219
19
43
1886
4
363
57
426
1006
2231
1409
1943
4537
308
12
1063
120
11
1920
29
22
8164
12
4
258
397
50
489
12
860
414
618
212
1916
2
1281
3
139
2
2425
9
1783
5
66559
2
149
2
22
12
21119
21155
19
1206
1405
1145
24
1209
150
12318
1133
12437
1035
11459
3
123
74
92
3599
4537
900
3
142
83
4
549
1035
4
228
9
22
5435
3
431
375
3130
117
19
832
1145
13
8121
11459
4
533
4537
2615
56
24
8153
89
20
434
4537
4
22
5435
3
5547
1035
44
394
1172
61
6
22
6426
5
9751
1075
1029
4537
5435
50
8121
4
19
318
48
5
9751
13
47
1692
19
1405
1848
9
2
1837
2114
2206
3
2
217
103
120
4537
14
3294
56
29
19
318
3675
1405
13
30697
4537
1880
53
15
11459
6
4843
4
217
103
203
167
4537
290
819
2
3806
60
1198
8
44
370
195
14
2261
24
2
1006
603
167
29
90
57
50
489
4537
1023
4803
6
2
2737
41369
3103
525
15
76
5
22
2566
28
22
16020
14
850
1588
19
2
1882
5
150
12318
1133
31
140
4645
89
211
3975
4
140
365
89
2298
4
16
178
3
18
2458
4
489
161
89
4
22
12
126
26
309
13
84
1920
258
587
212
567
4
3794
58
2715
106
6
111
15
887
236
2530
16794
6
352
141
5670
16
3679
9668
235
135
1836
1022
7474
7566
11270
531
135
188
13789
24
573
5
78
32
188
504
3
159
71
252
158
16
1712
3
240
9
2
91097
197
6
264
407
26
607
4280
934
46
3929
2368
5
299
122
395
10
5242
46
8
34
633
760
2
902
859
382
24
42
8
1232
283
683
6
3689
7
164
3
942
4
30
121
1718
8
29
8
115
242
597
7
3765
44
456
9
70
1418
63
8671
5142
31
13
349
807
3
78
32
75
438
49
188
808
6
283
6420
16
2
273
255
24
626
2050
52
33
234
23
166
737
4
51
45
16
88
4772
37
10
165
283
299
27999
3689
7
164
3
942
29
8
115
242
597
7
48832
322
14310
941
24
101
29
3970
354
46
93
41
45
1355
61
9
1203
46
14
42
8
166
283
1353
4
521
77
712
405
84
2
2777
1356
3
2368
4
577
188
255
247
136
41
831
3
4520
4
1154
186
55605
8
1257
577
43973
465
549
1788
1721
41
17399
9
283
299
8
55
2152
902
8
324
570
231
41
6664
934
5
2835
43054
424
3
93
151
8
929
57518
5815
3
870
2
136
41
851
744
12
2368
4
577
44
3040
14600
63
5
2441
907
1076
2
151
8
14
8260
6
3029
1353
4
940
6
144
5
1961
299
13470
188
255
34
247
41
831
46
4
1154
186
55585
902
6
14516
1836
940
120
332
12802
13
382
2478
7
13696
179
2
8094
5
784
740
23
283
683
211
78
32
83
315
420
2
15098
7700
25
76
16
2982
8
75
887
838
274
90
2720
13567
283
299
34
247
2
1951
1022
2507
12
235
135
63
85271
34
25
622
26
55
3
21
91
2116
283
299
887
2775
1088
44
2494
38293
2
159
71
252
158
854
631
173
34
17
8
50
2043
30
2649
1203
3
48
70
4
8
30
14
3
789
31402
16
7625
14687
283
188
139
8
162
77
4520
622
24
502
1203
3
169
5
70
165
6666
3
7808
1081
12653
141
29
1720
2496
7
8
235
315
34
18
3
744
12
3230
577
9
42
1357
337
283
299
6
143
35
7
2598
29255
87312
63613
143
35
1016
1814
12
1836
6676
8
179
56
3
37
25685
5
896
515
4
41
65
1161
417
46
4
107
41
65
98
57
133
932
70
1016
6676
12
17399
283
299
577
54
7
749
898
4
820
4309
91682
268
566
66
18
855
2
15960
5
201
39
1836
577
18
2323
23
2
1058
905
75
66
5
1324
4124
65
515
283
749
13
2323
23
183
497
2
57
1808
170
1788
1353
16
1229
8
626
16
1649
362
5
8
8651
62
61
6
38
9581
46
8
283
4664
4
1572
511
65
1788
18
22899
88
5
50920
1977
3
38
1121
685
18
443
129
74
268
568
9757
347
479
644
277
2415
1977
1881
196
29
41
3007
7792
129
5
639
6
2
240
15
2
8423
74
13
4517
24
129
6
3
129
6
183
763
71038
7
10354
5
577
302
6
1836
213
25
136
5
749
