687
152
6
67
770
3714
68
522
2
2253
437
9
98420
2909
1200
4494
2656
270
412
3
689
622
3
1113
361
2452
1106
2452
8084
52
33
3016
67
463
25
101
148
4
329
43
116
19
7677
10
361
4
10
4244
64
2601
3
33
46
367
30
72
14
3
18
2
107
3
1097
67
88
3137
1875
12
344
2811
59
38
5076
7
1310
6
766
33
93
67
125
3193
8398
325
5
9977
259
363
60
2
153
1785
20
259
52
33
14
253
3
117
28
9
1405
794
604
28797
562
326
837
355
109
6124
109
197
5289
3162
138
1672
27
28
466
8
11
14
253
3
3552
70
315
3
144
15597
941
151
6
278
31
16
4817
92
5
63
3358
3530
254
15598
18
64
354
31
104
45
48459
4
407
15
444
401
1269
8
4737
1138
15
288
139
211
22
3097
3
4361
177
5
1961
299
309
11
2063
2
423
11
365
465
171
22
69
8
143
35
121
744
12
5008
467
35
4
346
677
585
15
604
4
38
263
49872
13
4
2142
384
5
90
45
1539
23405
371
27
134
1269
108317
2252
14
7691
794
278
278
7
794
293
4
33
18
3
93
2900
5
293
204
7
84
1776
4685
15
278
4
84
33
18
250
54
7
1275
921
87
5
43
7
4685
15
107850
300
835
8
370
371
27
870
6362
161
166
144
9
941
151
4
2
239
1457
4862
315
296
19
813
625
710
11
132
192
83
36
3552
315
29
53
16
6
209
103
124
110
12
4960
6
32223
7
102
467
35
6
54
143
35
7
1017
107822
4
107821
1145
31
128
1180
510
26
50
1766
2
39
3056
5
838
1096
3
10221
293
1035
6
3375
53
16
1737
143
35
722
559
163
12
585
8002
104
81297
373
315
7
6
144
5
1405
794
371
1212
1654
4862
348
7
19
239
1247
13628
5
144
1930
14120
1148
3
1405
794
92
8
7
348
8
371
27
313
88
210
12
1172
52
143
35
2066
8
368
15598
117
61
794
204
794
23405
371
27
134
29471
864
9
1172
144
132
17
8762
19
209
8
2
2
323
5
3127
95
941
151
18
2229
79
4816
1815
15
2404
5
1109
2144
6
278
5012
508
2
1109
7081
20
13
13
660
5
1724
371
1212
4
204
3
653
8
26
16
1996
1109
2144
4
143
35
121
28
81
6
8
315
269
5
35
256
1495
1235
8
864
171
22
1292
784
315
3
1097
2
224
9
2
4291
4
4
2470
62875
9130
98557
3280
7
2176
15
51
11
28
171
69
44051
21
254
1212
7
2
201
272
26823
6341
84617
11
134
39
249
60
6
4
407
6
647
108233
67
239
1189
255
7
21
1212
3085
72437
10
68
123
2
423
8
34
67786
63
1726
1582
657
87
10
835
8
511
65
1020
204
3
117
10
144
5
371
1212
2
27
252
34
93
56
5
371
18801
17724
190
22
5
2
372
160
6
188
42
5
371
9130
289
150
214
871
4009
257
969
1344
8220
1270
573
5
441
625
710
481
6
1228
1458
20
153
8
143
35
121
8603
64737
24651
31
1185
13
3625
121
17
326
142
24
22
6419
6
1331
2121
92
5
9814
9552
4657
13
948
89
9
2
2258
740
74
23200
279
216
13
21
321
1533
8
53
7
98
4119
416
8
371
24651
121
17
326
142
3
462
856
11205
36
3387
203
4
10861
2196
15
143
35
26
137
1281
2
177
5
371
62552
315
3
2201
48
86698
8220
2697
90
5
101421
864
37
371
24651
2251
8
108222
2135
16
1426
1435
68212
5197
55067
6
143
35
4
8
10
7
41
344
3
144
1185
65
17
108283
19
20
96
333
5
1083
4
6034
8288
9655
6
67
83
49944
23982
1000
1716
63
1212
278
7
990
3
4052
15
138
27
43
7
1027
35553
6
2
2223
1815
6
278
15
1185
4
709
1213
31
40
73
3
420
1405
2802
223
81
46976
2961
2802
15
20929
1148
51
34
27
25
12
278
43
121
93
56
5
124
6
278
4
1227
35673
41
311
1268
426
4
43
121
179
15
657
3
1287
430
151
156
2
467
35
5
386
4
14457
2407
68
508
298
4
429
94
8382
23
202
127
185
329
251
20
759
3666
6
923
42533
747
82
378
35
6
4549
5777
4
5904
1174
202
1225
4
34121
131
273
106
5878
378
1841
58
94
298
6
1338
1219
2
153
394
19
5528
1225
6
410
4
742
662
132
17
83
3
72
103
94
75
42234
51
12827
747
6
3086
1854
2711
4
3138
7342
9
104
378
27
7173
585
42
148
30
380
1410
37
138
27
4
22
2845
6317
53
16
2117
5
35
17813
3
22
519
5
288
2545
4
3680
102
105
79238
364
3138
54
1551
12
747
82
4
110
79
747
14
4799
27
42199
66
5
288
877
6
729
5
2
6822
2940
292
83
24201
84
322
194
5
229
3
1397
487
3
966
961
2504
61404
6
128
776
66
35
2331
8566
457
17234
2
10
498
11
13
2
1079
55114
2318
5
4900
356
4
2
17630
107
15
105
24958
9
482
544
20
66
4288
3138
7044
4906
