3
7676
66
820
38
9957
1388
696
7
3
319
81
6
2
3235
1682
1880
8
7
21
196
24896
24
112
686
4844
6
190
3239
463
9
15683
3127
651
1140
14821
2
1081
1395
31
7
149
7526
6
3127
2394
7
164
270
3
276
43
4
1782
12
91
5
3846
717
6
2
3127
1858
6
1345
9
95
5
33
8
18
331
11
7
1930
43
15
1243
33
55
91
3
4470
112
83
654
12
20
344
1597
5
376
2
15
476
8132
960
329
112
83
201
2279
4513
4
1782
12
3846
717
6
3127
1858
6
1919
60
5280
3846
2394
7
2
372
139
33
251
112
4882
4
93
2
31084
9
2381
180
2394
4265
3952
4
95
6
1785
4
1141
333
468
33
3
12584
98
717
8
13
1126
3846
2
3654
25
677
8
10
1050
854
33
230
17
1066
3
116
301
8
9957
1388
18
86
47
28801
170
9957
1388
7
551
128
44
8
3610
733
34
1833
13941
5
1294
6
57
357
33
635
1627
2
8238
6
311
5
112
15073
36
190
2102
660
52
33
123
717
153
75
10
3846
962
10
7
2479
9
3846
717
613
6
3214
36
19434
729
3
17
98
18877
65
84253
1421
20
7
4
344
139
3
95
2489
16200
9
3127
1934
52
33
178
8
76
1907
34
123
770
3
6684
140
33
121
68
610
8
156
2
1934
68
242
8
10
1598
8
3610
840
34
17
6098
3
4398
717
1541
23
42
173
36
190
2
105752
3127
10321
34
18
3
96
2
335
1539
91
5
4
3846
4921
20
7
2
335
8
68
327
17
146
19
92
1446
156
2
6911
4
216
5
441
227
11103
1364
793
5
169
5
670
100
1155
5
717
1389
9
91
6
25814
1907
59
104
717
3846
65731
324
56
4
1002
9808
5
13831
2394
2394
3130
10029
7
2
3670
8
1627
11923
6
1723
1802
4
8965
4321
10
13
47
91
3
2243
6717
4
57
41
6736
1537
36
6720
41
644
3130
10029
4667
14
1407
3
959
11012
1124
1620
6
20958
4
6
7479
6
2
763
42
19
393
5
1742
1612
284
50
388
6
161
6
20958
4
6
20959
930
6244
5
3130
10029
4667
6
4140
11012
1124
4
1497
57
1124
23
2
5348
446
16
2853
72301
5190
5
107217
822
8
17907
3130
10029
4667
68
16085
7646
7461
23615
4
5869
47463
32425
82149
7964
76443
6
20959
1506
17907
7435
571
26945
13659
102
399
11012
27667
1620
161
6
20958
4
6
20959
1862
10
5348
14722
11012
1124
7
42
5
88
831
1124
3
2243
91
3
209
8
10
7
465
1588
500
1293
131
334
60
3
2243
170
1349
18940
6793
4760
5860
2014
50
21
998
2853
284
4
38623
7699
14
118
146
1574
18
47
615
2322
3
346
1509
7045
5811
1885
23909
18
47
1407
3
7461
48104
4885
439
5
399
11012
1124
1620
6
20958
4
172
11012
5232
983
6
20959
5811
7
714
42
5
88
973
1509
118
3505
2066
101
84
398
10
2853
284
161
6
4876
4
23589
90
12958
5232
18
15178
18836
54
317
15962
3
1124
1620
1426
81
3
1627
4
1159
1210
18
1407
8
15178
1397
11012
1124
1620
3
1627
6
2
115
62290
2624
170
3130
10029
13
47
1407
3
248
3331
15178
446
20
77
248
1090
11012
1124
74
2237
1742
393
763
14
186
19
651
93522
45293
26
2759
660
5
3130
10029
12
382
368
5
11012
1124
1620
6
20958
4
6
7479
9
6
20959
1210
7479
50
9749
15
11012
5232
1620
4
50
7217
1159
79
42
5
103
151
42
151
5
7479
495
538
54
14
302
151
4
57
151
14
398
3130
10029
4667
9
776
153
1574
1210
5232
23
117
5
763
4
284
822
8
3130
10029
4667
21
86
37693
1124
1620
7646
29
68
7461
23615
4885
1620
439
1013
3
302
5232
983
14
37693
19
6
1509
151
4
53
50
64
527
5
8903
36
1322
660
12
616
15
8903
4
1322
660
118
2
1002
564
6
1349
882
1509
20
14
1280
3
137
6717
2
217
5
5348
1210
18
47
1535
3
6173
13659
5
3130
10029
9
4140
6717
170
10
7
178
8
6717
7
2
10676
9
11012
1124
1574
1047
3130
10029
77
2243
6717
2
149
75
1649
11012
1124
284
6
284
5
2
378
153
241
5348
1725
50
758
6
1269
5
62793
8
822
3882
24846
660
4
851
36323
2103
9
95
470
5
3130
10029
2
758
19
763
3130
10029
13
2
3882
24846
660
4
2193
1257
36323
446
24
9901
223
1744
15
1105
6717
31
495
39102
301
24846
660
5
3130
10029
14
186
65
80868
39102
190
763
758
6
6
414
1269
7557
4
7418
1337
8
3599
6
3130
10029
1577
67238
302
914
1620
23257
15962
4
1577
1506
15962
4217
20
763
14
42
6
7479
4
186
3
2853
7699
6
4140
6717
4
8483
15
3130
10029
6
1514
2
763
758
6
1269
5
5348
35593
6
7
21
62
851
685
5
1509
5
6717
19
3130
10029
29
66
394
6
1149
1269
5
6449
10
14
35
8
41
51074
4
5348
1725
16
633
3
2216
3670
564
6
6717
1509
170
8
763
41
1210
18
47
42
3
62
6786
660
54
714
14
2
284
5
282
2648
1734
59
10
