7376
12272
2
669
141
772
333
496
8
11
726
4
316
9
176
3
524
83
2
2127
1558
56
473
330
1586
41
194
37
229
76
5
581
4
6197
77
18
47
41040
333
31
7
646
6
772
315
1298
3
421
39
53
14
2
1234
316
24
1600
3
49
176
582
473
330
1646
9334
435
5
379
2
26
50
16324
15
1342
4
52027
995
52
1600
14
42
31
726
8
316
333
28
33
16
155
4566
101
10
10747
366
663
1187
5
1600
9
74
1180
254
26
50
947
905
3
95
31
3442
3
62842
298
330
640
2029
2
44
544
2012
176
525
15
150
1696
4
57
141
772
5410
819
3
17
5138
316
6
312
54
14
203
2
8580
87553
13
441
49
2684
5
3431
54
2166
56
5
676
74
439
5
5691
1810
122
6
176
21598
1600
6
4
407
15
421
39
200
19919
12
298
1336
98
316
14
139
3
514
142
12
39312
18
3
610
10
7
21
1174
142
10
7
3377
6582
11
28
254
53
14
64
20737
37839
28
49
1282
18
2
101
3
38
86647
43
702
2879
1484
72
44
79
262
1823
3431
12
442
11
1266
49
6699
6321
3
1810
347
29
28
8789
309
5
581
16
2
3772
837
3
543
4
8776
11
4359
8
221
4
2508
658
101
1882
16
2366
4
990
3
800
32636
28
11
47
6
1234
1765
15
1979
636
4249
6187
4
25716
473
6187
1094
1600
4605
196
241
3
1281
2
35
5
61467
1219
1187
74
49
1184
74
1180
59
11
28
10
344
3
276
1021
924
3
1755
38
101
3
361
40581
819
3
123
8
1938
2
664
606
10
2
131
7881
7414
309
87
122
30
630
3
96
507
8
26
50
2703
24
708
4
57
148
8
50
110
12
30
68
726
95
31
3442
3
1546
905
3
25
8
2
43568
49
1546
1184
322
2
23879
5
1187
1865
2127
473
1600
2254
630
3
2306
11
28
26321
208
28
1183
40
7
367
44
8
30
16
947
45
905
3
1546
67
312
25
130
357
121
21
17
7240
1600
28
25471
2
310
724
11
908
1282
5
2
5155
81026
49
266
1409
307
2
1238
304
4768
11
28
95
357
122
2719
3
920
98656
78050
437
5
1747
1678
4
188
28
51
11
7
254
474
20
304
14
8
53
14
4
315
3
276
1929
4203
968
3
1754
38
1929
676
12
747
1965
2
2
284
5
1930
1929
4203
15
905
3
336
38
519
8
68
1389
8
95
1279
3
5699
581
68
13
905
3
1838
1600
7
21
254
8
11
331
176
3
276
905
3
45
31
1023
3
392
581
98
2901
1704
40
17
2
39142
5
49
42085
442
1460
931
2
595
58
127
94
31
14
2
10661
4178
23
2012
256
8075
956
102
7639
12
1600
894
11
25156
134
421
39
1708
139
7
51
27433
1600
121
17
377
3
1080
341
9
743
73
20
774
6
51
11
607
2
2
93
345
56
12
10
291
74
78
32
91
5
2
432
125
783
171
49
60
2
269
5
35
5971
145
28
99334
4
407
15
7079
11190
4564
429
12
421
402
872
5
494
145
4
42
5
22
2566
105
871
68
28
8
69
40
218
3
1382
4248
15
32
12
188
139
4
21
520
45053
383
8
49
1043
69
13
28
2
136
24
131
1096
5
69
774
75
11
6463
171
99
135
185
8
70
45
16
1650
5
1107
37
112
4566
35436
5971
145
68
383
8
135
94
28
53
14
2
428
20668
8
221
291
7
110
36227
14
3
329
10
155
168
261
15374
10
4
140
30
346
56
51
743
7
4
8
62
30
165
488
145
28
7
242
10
40
17
2141
52
221
317
10
525
11
453
15
7
2
531
683
2697
75
554
5125
8
1018
493
24
9221
6
6601
535
15
2135
246
2
1745
508
2
14620
2973
29
203
1053
500
9
2
442
106
493
40
17
398
2
9333
12289
24
20899
76
5
38
95896
1174
508
2
34549
1846
39943
8998
705
7
42
5
160
3
9286
554
683
141
8
58
34
611
3
1616
203
2
795
200
442
1053
55
86
862
111
52
1168
5
162
144
10
170
200
34
17
855
61
203
722
328
8
633
2
3163
408
9
1727
964
6726
6603
13221
34
345
941
3
200
9
162
12
111
1616
6603
34
253
17
768
19
111
1290
6225
13377
12103
569
31
106
9
2
707
200
6
1063
4
1232
493
7678
6
35160
44
79
39
233
111
58
16
3637
61
101
120
26
274
198
424
3
4125
444
401
683
25
8
273
493
55
96
41
5327
325
501
97748
246
1422
28
20
7
321
190
273
493
11636
8
96
67
515
4
311
674
907
186
45043
48
37
7550
2639
28
5065
29510
63
4
1887
5
282
535
2
554
683
2441
167
12
9858
328
13
47
9504
87
14620
2973
7
37
14877
325
8
284
6
14877
4730
444
401
13
47
794
10
24
44
42
4
26
415
21
110
3
31516
4044
28
8100
6289
188
437
23
70
9
554
683
10
502
12
566
66
75
3011
5
9858
328
4
493
18
165
21
340
