217
5
2946
11
13
853
6
531
18917
239
416
7
3569
6
1338
128
153
145
517
2
2657
286
2688
592
75
2400
2
1670
5
41
65
1398
173
6
199
11
14
4162
6
44
126
85
6
3580
32
12
506
29
145
68
295
12322
183
44
6
3728
46
5340
2
35
120
11
7
2736
136
5
2
53370
46
2
44
59
566
35
514
1225
46
121
276
2
282
2877
5
229
145
1191
358
7
1721
85599
5
95
949
7
6
2047
4
145
7
1174
142
2
11
69
164
6
1503
12
466
145
80
365
2265
23
32
9
49
349
1648
15
1600
12266
3954
650
1727
1557
16
6
2148
774
223
220
54807
14
3
1056
12266
3954
9
21
4497
180
7
25
14
22
1490
145
12497
3
11232
5
2
787
1181
23
45
7
25
14
1490
5
2
1600
31
7
5697
83
391
75
391
4
2844
97800
1590
308
22
173
32968
621
2
39
724
235
44
3540
1623
3
3954
11
134
523
8
52
11
50
32
11
40
18
900
1600
43159
15
58
127
237
4
57
85
6
268
66
135
949
469
1855
11064
29
494
145
31
7
794
3
469
2457
6
374
3533
102
32
1173
859
382
24
145
650
582
14785
14
1143
674
59
11
14996
12
69
1455
128
91926
44
145
335
3
167
32
41
3505
7
6382
10
51
94
31
16
405
793
3
25
29
6
145
187
11
692
3312
22
2075
2
4
4167
629
31
13
5535
37
208
438
1322
1334
2
4
1098
3
942
1280
6
22
1272
9
135
84073
33
219
2853
3
296
2
382
359
5
69
10
208
201
3
234
73
33
219
438
183
359
5
69
8
57
629
25
28
4208
12513
526
437
5
1288
5
356
4
166
427
23
6916
393
10
2
692
29
10
2
4333
692
4
42
26
313
1095
3
96991
4
407
145
1235
8
11
2697
2
3527
1152
29
28
11
13
630
3
2502
3
139
4
21
1262
6
1764
167
3
2145
8
237
13
723
41
1322
145
28
32
7
3
51524
3377
145
28
7
346
10
6025
59
269
25410
130
94226
14
774
66619
11
28
19
32
3181
171
38
264
185
6
4002
9776
8
11
13
768
3404
715
3
5729
56
11954
940
46
4
139
5
7060
385
3
114
6
1338
398
3238
241
352
2
1035
5
4329
73879
209
4818
31
1492
79
32
304
1533
11
14
1222
668
31528
145
106
9
4
6871
12297
200
3
420
28
3
4329
940
200
32
1664
324
394
4
10
289
1370
14
3
5729
56
444
401
271
145
11849
768
76
246
2293
6
200
2882
61
7727
3
372
43
11534
42353
44
8
494
145
31
13
714
2933
41190
360
433
6
143
35
233
115
21
144
11954
639
6
38
60
5
147
2619
7
1776
4044
145
28
10
5333
8
11
146
8
97515
4
22
619
18
630
3
653
8
1216
5
22
1014
2
1526
32
19
320
29
76
549
334
3
72633
466
145
14996
2
3571
5
2
6
2047
4
464
673
190
35
8
106
298
8
44
8
122
22
895
13
15924
12
506
224
494
13
2393
81
4
196
15
70
106737
423
12
76
506
224
211
749
3657
2064
18
6
209
2769
2
269
5
35
11
228
2444
780
854
5
506
224
128
848
11
510
49
941
54
11
35
80
41
1680
74
1180
11
13
28
11
84
13
2
15946
1245
5
51
118
92535
407
145
28
114
18
2
101
3
116
120
11
4
22
895
74988
841
16
1275
2636
314
3
70
45
4
41
841
175
49
384
4
130
384
93
56
53
282
30
17
11
5932
115
137
10
8
107
171
4
1510
747
6
1344
3224
11
28
145
13
516
3
349
20
85
19
1996
180
4
17309
130
433
4
70332
1007
5366
2033
28
32
69
113
145
13
1933
22
357
37
438
2
1280
93376
2
712
747
6
16364
4208
145
218
3
5362
32
12
506
254
38
384
7921
12
464
70
361
506
588
54
14
1507
59
49
1043
14
6
119
111
6
7
2607
23
117
5
37
258
373
8
51
20
506
224
14
37
14
2962
70
639
3
2959
102
131
131
1237
45
6
1231
145
134
22
33194
18
106
102
207
42
5
104
3927
506
588
11
28
269
32
423
13
47
382
11
13
1232
1878
207
42
5
104
506
45507
2447
3869
23
1526
5
32
90387
13
68
459
194
37
32
2279
16608
6
12
49
335
3
1843
2
952
5
720
1800
3
955
385
6
6761
3
49
127
1272
8
364
76
1823
3
444
401
1199
2506
2818
54
720
49
9
42
88873
8
1073
145
13
6256
3
123
2
18617
99902
107
7
137
10
52
33
219
110
3
276
2
381
4
93
10
327
17
2
245
5481
381
145
134
2
787
23
393
5
2047
12
747
10
327
17
1766
39
12861
5
399
99165
68
4875
32
9
2704
3
307
3483
5
95
1800
3
166
11
13
28
11
40
25
25
59
57
94
16
621
3
183
97108
180
96
2
2987
1260
3
48
5
33
164
270
145
14143
134
22
787
254
11
14
990
3
307
3483
5
22
444
