22
2765
719
6513
3
178
8
20
7
48
2
6704
1388
12
20
7
1029
5
149
126
71
14
612
383
3277
418
120
751
16
1885
3602
80
41
6140
2209
5
20
125
7
3277
7
3602
95
15
76
916
70
1753
31
16
21
449
5545
575
3902
90
10605
70
9
482
16
751
95
31
612
71
126
85
13751
449
9
22
252
2419
11
100
17
612
21
86
8
26
1885
3602
751
20
994
125
115
21
590
2
337
206
751
50
3602
4
449
50
2331
1885
87
5
38
1251
29
15
363
41
44
5
781
885
125
3969
30
132
93
76
661
29
8
165
21
48
125
68
1337
8
2
590
9
449
2508
4
741
40
154
850
394
6
125
101
126
3898
198
91404
15685
4
22149
1164
31
448
61
6
71
252
2
257
2668
4
669
188
2576
3
227
266
5
2103
4
779
24
375
44
449
590
9
2508
216
5
279
34
17
12
10
107
850
21
241
75
590
5
449
741
4
43
702
3
3840
34
663
84
30
116
62
71
252
14
4134
15
449
29
30
165
16
507
206
928
26
50
2008
3
1227
2474
46
36
714
337
7
41
6630
714
11291
5
43
92
15
449
7
2
25967
107
3
3007
609
1251
3
17438
652
782
8
313
239
28543
20
125
7
1428
7449
4
412
121
2346
43
2564
75
1569
104
2
60
59
118
2
498
14
1050
3665
576
9
711
774
52
33
50
6
266
122
33
866
9
226
172
262
2
498
13
576
438
4
526
2832
5
92
4
1829
15
14638
35280
4872
31
7507
35
2475
454
757
7149
5
38
1433
6
2
35
239
351
24
197
832
918
498
3
366
3
17
2282
31
77
3978
61
226
1035
59
26
295
53
80
575
978
189
295
351
15
1826
2282
1190
59
11
866
6
4
22
347
13
2670
2052
6
197
65
1751
6
1342
8979
1840
8
864
13
773
186
149
20
66
9
22
1045
827
159
410
498
650
910
115
313
3
17
6
864
281
60
11
13
630
3
96
10
29
140
7
25
113
827
6
22
593
17147
2
88
31735
6591
9
8049
266
170
457
1422
866
9
63
5
106367
422
77
1852
8813
649
6
39
632
6
106130
1482
58
289
1027
13
258
1869
498
438
9
38
97
499
579
3559
24
237
5
1256
1542
62
16
26
377
2
5
84
100742
10929
5
256
728
4897
3564
4
1079
891
18
5484
1692
231
776
129
5
144
5
289
114
4
34
86
17354
2702
266
52
26
1132
2
1813
3
235
63
5263
19
48
101
26
121
17
142
6
38
35
1035
850
29
62
850
329
234
23
1190
5
38
69
4
96
76
91452
728
82
3956
11
165
1049
973
2
4977
199
6
318
277
742
498
1727
1557
23
129
640
209
8
48
22
60
15513
168
11224
35
73
39
632
4
452
13
274
89
15
5036
334
60
23
308
36
928
22
1727
1557
16
8
422
87
11
47
749
25
136
5
22
60
351
24
742
52
11
476
73
20325
19909
67951
23
308
8
11
14
7492
171
128
103
185
114
230
5117
2351
11
942
351
2958
73
88412
4765
650
804
16
56
5
879
128
153
26
324
349
3
3547
6
2
1002
1931
5
6774
122
2
14
351
97
6
107725
34
584
942
6
237
23
275
375
11
2673
64
875
65
4666
6
413
673
289
12
1360
19
54
173
14380
5
3266
6
72
3
17
4442
926
5
337
6
20
4706
662
121
18
6062
6
286
7
113
11
121
942
6
237
168
440
235
1308
23
54
60
11
55
155
142
308
8874
2
129
1727
1557
24
22
5112
395
89
41
973
6
742
65
25228
892
36
4022
2658
7318
114
230
80
160
35
1103
25
11
55
296
9
2
667
7712
98133
891
82
127
6884
5
39
1369
911
24483
170
37110
16
21
1869
149
15
22
5112
2
199
307
20
153
277
8
557
3163
5
39
1369
114
113
891
121
276
61
12
711
4
154
308
3
179
12
22
35
255
1247
5
54
118
8
10
7
39
1369
183
199
277
22
262
7453
1557
23
129
54
7
486
14
4143
762
199
68
277
8
122
86
1038
129
5
22
35
58
142
89
9
63
129
113
11
121
942
6
237
25
39
1369
58
16
536
3256
37
51
26
14
24
498
36
26
113
35
296
282
59
11
3827
746
10
4665
7
8
150
310
13
5081
739
8500
891
600
9
2
5540
80
2
22
150
987
217
1915
25
762
8
11
14
9314
3
8337
185
20
268
298
7
3572
8
22
6089
34
21
609
89
3
1639
56
5
237
126
410
289
12
647
551
87
11
34
1463
491
8
22
1538
171
98
6
34
1463
114
53
8
11
1519
610
147
5
2
35
8
7
445
6
837
5
502
2934
56
19
2
4913
29
75
8
2598
861
80
39
1369
58
635
17
458
3
3006
1172
22
69
246
3
319
89
1239
351
24
81
4897
3564
82
1966
37
18566
691
2711
498
7
6
2
18566
10664
2
264
199
24
393
5
39
6848
277
8
129
5
