3
137
2
7625
5
1034
848
79
236
6
54
34
15184
1159
20
133
9
23
275
2
28729
78
32
192
14151
70
45
4
76
6
215
34
21
1205
20
133
118
3210
198
3
700
4
1292
1402
78
13
64
240
9
157
4
337
7
314
157
13
64
475
7
11
7
612
19
2751
36
58725
27
80
93
349
3
817
163
16
5
6742
16
21
110
3
21829
218
10077
5
70
45
4
72
276
61
26
34
19741
906
645
168
56
20
153
7
18
4068
187
75
187
5
114
1230
168
91
5
575
1667
360
1115
1667
7
16281
6
360
1230
9699
68
7
18
1933
2
460
37
2338
7552
5
4
6492
6
1613
4
20
7
86
50678
1308
30
34
870
3
485
3441
5
158
5
906
645
118
2913
198
19
31535
9
10
7
38
106
21
45
650
106
34
1595
235
63
27
77
192
5
106
4
21
1518
42
35
52
906
645
900
3
1162
38
106
6
5666
15
973
106
4
33
486
33
244
6
2
58
729
5
35473
7
72
1093
56
53
7
445
194
5
3024
360
1115
88
2410
34
468
33
8
52
257
106
7
425
15
41
65
7118
24
199
42
55
1529
1740
114
1230
301
25
33
113
31535
618
698
438
20
133
34
299
23
20
173
8
33
116
51
26
16
377
20
7
206
26
25
2531
199
3
999
43
3
209
8
27
7
1444
11
7
21
11
7
817
6
2
3348
606
2560
445
18
38
2821
12
1176
1488
4332
20
7
206
26
18
288
1462
108
124
3928
191
6183
83
2
4398
686
771
2014
2014
2014
4
2470
5124
141
3
11125
98
4
48
5
104
40928
1645
6
106278
84
43239
7
7359
9
658
124
4
238
925
16
6
671
43239
210
15192
7596
34
17
4257
3
57
35
2
510
6
38
4922
240
227
1157
13
1118
15
71
4
927
86
148
8
71
77
1351
7
91
5
215
3
243
83
98
2126
5094
74
2
2595
85
36
2
1176
1488
167
3
1090
85
24
36823
457
1656
333
18
1410
4
16
7012
8
53
7
2
2915
35
8722
504
3354
77
26
17
7359
9
476
765
29
658
3431
74
2
2595
85
6
865
52
19
76
2624
5
6435
1844
27
192
30
34
137
989
834
6
20
133
12
4
1871
2004
24
32
162
4
430
30
18
329
79
133
168
94435
348
7
178
8
71
34
21
549
119
111
4
34
1937
22
1421
5
5124
141
526
316
101644
32
7
458
3
2741
85
157
7
42
4
1965
401
34
296
415
15
51637
238
925
14450
6
16254
5742
5
238
925
578
8
16
470
236
12
67
649
7
353
502
2063
181
5
529
5151
2362
5
700
1660
118
10723
36
3807
12
38
83
6
413
6379
24
598
3
2123
301
1607
2004
2062
15
314
4
4119
1089
21
1089
11657
16
4749
25
7
113
8
238
215
16
1678
9
658
3431
6
157
811
53
7
64
194
7
353
3413
48
3
319
38
1070
555
123
1382
2889
4
9559
1382
2889
3
1970
73
677
448
62
1864
59
7
28
12
2
1202
407
8
157
7
3772
837
87
5
27
3953
499
104
16
72
2
281
5
148
8
7
13
6
634
1864
7
14
1569
37
989
9114
6
652
1117
2509
8
104
9114
4370
133
87
30
70
166
16
14263
4
67
1175
7
67
325
60338
6005
2
3568
24
12393
163
5
17643
18
368
61
102
27
4
477
3
18
2595
85
2509
2509
4
2509
76
41
8
20
1304
34897
2695
7
21
918
3
3987
119
70921
5269
1928
3
677
448
62
982
2656
3
67
2300
1545
4
25
1966
3
73
43
20
7
2947
325
6
686
4844
888
6715
7
2
3765
1978
25
1427
375
10
7
196
500
1394
164
9
160
125
1254
19
781
24
78
32
69
802
256
885
641
2522
182
5
3058
125
37
686
807
3
399
10721
5565
19993
4
2
1089
5
2312
1376
3033
6204
46
25
3212
1236
13
47
303
12
583
15
3736
37
696
825
4
2
977
1453
95929
20
5565
13832
6
885
6204
125
11379
200
32
2262
7
69956
91959
89720
46
75864
20161
75865
355
109
12
442
2
2814
259
1851
7
178
7
18
2556
2
2859
977
26865
31
14
1693
4892
397
6
4387
15
32
2522
2
590
5
125
1243
1539
5565
19993
159
437
5
39
290
397
94425
22929
132
18
2556
2
977
26865
31
14
1693
4892
397
6
4387
15
32
46
23858
89454
52396
355
109
19993
14
277
2357
6
4387
5
977
4602
6
75
11
2338
3
2709
68474
1790
614
15
8625
397
46
48
29
42
5
397
13
23
275
42
852
804
4
50
21
12711
1610
57
31
50
1480
525
15
49
50
361
1056
3
315
5
32
525
15
8625
279
213
76
2048
2463
20248
100
297
80
286
26
1881
3
446
5
977
4602
26
7
25
1615
87
30
236
156
334
734
12
2203
5
1237
907
354
8
20248
50
2080
3
888
100
104
397
4585
1072
26
40
18
434
3
397
4
38
907
28911
569
1039
481
9
2822
399
101
1269
6
20
107
19993
187
800
2
2575
79
414
