36
80
3245
421
3061
29
130
2179
7
8
1557
9
20
185
34
17
2193
1058
65
57
58
185
12
372
2789
1545
4
52
33
25
113
1557
16
107
703
741
1330
7
18
2
668
180
5
12988
8446
46
26
415
475
5
3282
46
3
1821
3139
12
777
9
182
5
148
1634
6
2605
2473
1089
7143
97034
52
33
93
112
105
39
168
558
2
41
65
129
5
2146
25
982
12950
15
1552
4735
777
115
62
33
622
4
132
12329
9758
112
173
5
43337
7
21
5
376
2
39
623
1493
2895
74
4949
1997
4
4784
2833
7
2
547
2
338
2471
682
29
2
39
1186
19
2517
456
307
12
473
835
53
132
17
76
39
5391
164
1161
8
1186
2
408
5
70
1236
1821
84
93
105
39
24
558
46
4
85
2
30
116
16
6
72
74
2
16599
245
344
4
344
3
610
87
558
7
859
1948
1349
13628
5
39
113
112
556
2234
2404
112
36525
2713
20
1128
51
18
33
2
6
95
41
1349
1858
558
276
33
2
306
224
5
302
74
54
333
33
663
4
51
33
1386
3
599
29
1948
95
57
1349
333
558
68
2365
90
1030
15006
184
3
2
264
197
259
3666
2
136
2
129
5
39
1201
112
542
4
2656
1128
259
208
340
62
61
6
112
39
64643
230
17
1695
59
30
219
631
37
112
63438
2003
1245
46
29
51
37
52
30
219
631
37
2
105
27635
16173
194
8
5401
24
20
561
2517
181
44
7
51
2387
70
100
6657
12
338
152
9
39
230
242
9
105
107919
84
10
121
17
677
1583
8
39
1429
115
21
62
33
207
259
112
542
243
12
558
1965
53
165
2
372
13864
231
62
39
1429
179
6
2
264
763
24
393
5
2047
129
5
2827
13
64
354
558
13640
56
98
91035
13
2
201
337
9
377
20
634
33
52
33
796
207
259
33
100
17
5442
53
100
551
17
196
90
3
599
20
7
2
255
672
454
8452
25
472
558
115
2
334
2727
4
292
12
2
1573
5
3236
1302
630
3
3572
259
33
219
88
1918
6
4
86
236
95
6
112
39
1429
2727
405
39
1429
160
3156
4
558
2402
94654
10
3
966
1821
147
33
132
2385
2
856
8294
74
16188
23541
160
6
878
1216
5
20
7
5495
572
36
7078
6
209
9
7143
338
558
1821
10
584
245
201
255
7
8
41
4
41
45
16
501
558
9
41
4
41
344
148
46
73
6108
62
26
106
46
261
1623
1585
62
10
26752
359
5
4417
61
6
5436
100
6
2
107
28
42
2536
10518
2827
6
8
393
5
2047
763
7
242
33
18
51
33
113
2
112
738
46
29
10
340
12531
81781
13
9343
773
131
490
3
11
3145
8
20
15916
132
2053
1671
10
1821
36
38
152
11315
6
132
1574
400
9
777
758
2
131
3324
131
1534
986
12
1651
3036
5
294
6
39
1429
1215
2950
751
21196
228
10
10
21
67
3061
100
763
46
2
30619
4905
740
3
988
8
80
52
4784
2833
25
830
38
4850
7
3
51515
21196
4
57
18
1093
56
286
8
7
340
51
558
561
62
9
42
148
763
14
9658
10
86
1492
23
2
503
4
1264
39796
1821
2608
12
172
5
8
763
62
8
4850
115
11465
105
39
6
258
344
52
3882
107
3
106402
1216
5
20
7
2350
7078
36
3117
51
765
40
2
201
4784
4850
17
377
57
65
15916
9
51
10
113
33
34
73
21196
481
29
10
115
242
8
59
33
91
558
2
2
333
9
105
39
8
39
7
14508
41
253
3
21818
112
2101
173
5
104158
4
1700
16
1352
12
558
3014
61
21196
4
39
1429
21594
4850
309
3
14508
4646
161
5
95
42323
64
1983
245
8
1264
1177
39
333
793
3
25
131
149
12
558
46
26
628
3
3532
5
161
1821
4
30195
230
17
490
3
137
273
15338
6
48
5
20
75
48
52
33
219
72
42
1821
16873
525
168
112
39
1429
33
14
2
427
8
9294
4
2707
9
33
33
25
14
3
17
12437
15
93440
1177
39
6
175
112
5772
4
112
2625
1030
4
112
4552
43329
803
9
2
985
8
41
65
727
5
48
70
1866
91
558
46
362
45
76
2950
14018
3
904
2
150
85
2
41
5
95
45
91
558
9
39
30
692
8361
1700
9
2
529
6441
5
43
40907
8
196
572
245
161
87
105
1700
55
17
948
9
2
350
5
2102
4
87
338
703
77
245
17
2
163
9
201
164
42
1312
5
672
277
9
1430
8
4541
2449
703
793
3
4112
41
1248
45
46
2062
1280
10
824
481
8
338
152
13
1419
595
174
3
4365
105
92172
16
23
275
6
1741
2755
107
231
20
255
8856
44009
42764
13
228
9
558
3
435
41
15916
302
995
74
3
10
1821
23
2
520
446
11
481
7
100
552
3
18
655
3
303
130
18612
4850
3
982
62
41
825
7
100
253
2167
15
50105
2
14892
63763
753
8
365
20
997
455
39
777
1569
7
86
508
1555
