45
16
48811
2
1799
23
222
1087
9212
644
28
8
112
1818
5
2
2276
436
1003
1389
33
16
2
3494
94
25
33
803
1570
2
77680
149
64
29
33
116
2944
33
34
137
4
463
8
44
20
756
7
2
2009
1277
52215
329
358
37
112
2120
12
41596
139
54
13
7264
2
182
45
12
101
4
90
1548
112
423
7
8
33
1615
14
3
2372
12895
1250
9
237
4
2007
3
1104
1069
4795
59
10
154
3
1587
8
16
555
3
166
321
33
144
4
13260
9
4932
206
21
144
4
13260
9
665
1705
5
2
402
31
115
14
3
6888
2
980
2826
4725
53073
87
10
40
392
2
39
5489
9
2474
23
117
5
44
50
72
110
3
596
3
2167
29
33
611
180
1169
1053
1829
15
2
6894
5294
21
454
3
10514
2
6894
9
2
2826
4
2102
527
37892
329
358
37
78
32
6
411
3
118
228
2
5674
4
2
1116
19
49
138
27
28
8
11
14
3750
21
5458
25
33
596
15
89
12
98460
811
7
596
15
70072
25
33
415
6
2
4189
423
16
33
33
340
596
15
161
78
4
138
29
33
25
113
536
121
17
91515
7
596
7
13
445
15549
8
200
32
876
1429
46
54
13
47
1264
7215
74
66
46
50
807
3
11018
9
51
11
13
42
2
63
7
821
445
1047
8
3010
20
7
107
5
1721
89
142
51
7
821
154
3
3875
7
8
10
14
68
656
3
78
32
2
269
5
35
8
14
118
547
10
5572
6291
5572
8
21
101
454
208
621
105
266
126
7
13
64
354
5
51
14
451
9
180
10
13
622
3
25
15
377
101
148
9
180
10
13
622
3
25
15
8004
1053
46
40
20
340
1577
244
36
40
10
21
52
10
7
7
14
110
3
2540
10
52
10
14
110
3
96
148
282
80
16077
7
1355
12
3
37892
25
33
18
2
994
1430
8
33
55
173
3
15
78
32
120
11
2222
2
1531
3
32
479
6
2238
3
20
297
36
20
44495
384
3438
8
1141
101
84
32
1481
17481
5
51
26
972
83
1003
62
3
180
8
20
14
4
1496
44808
33
165
18
2
182
5
585
3
1104
3
1097
129
6
150
199
8
34
93
33
79
127
185
51
25
33
113
112
25
16
23
20
90354
50
131
3301
67
1097
12
338
152
7
8119
207
258
153
101
84
8
551
242
8
9
99
60
45
16
1107
320
2637
881
6
566
199
50
7768
9600
23
129
21
129
21
129
29
7768
9600
23
129
4
52
33
234
23
95
199
776
153
404
932
40
18
584
47
175
129
4
129
1027
50
12
785
6
35
4
30
18
129
1252
8
149
17
12
785
6
48
35
4
20
69
7
245
2
5184
30
822
61
6
39
632
57
44
3
2
273
787
7
866
6
1482
4
7
113
7
295
41
152
23
8
343
65
7
295
6
478
1482
622
7
160
101
84
24
4
769
7976
229
36
21
8
242
30
117
61
6
185
4
502
3
96
2
841
12
695
7
165
2
194
29
101
84
7
569
2
3301
2
63150
1056
112
6481
3602
1821
19
237
9755
47697
4
4453
30578
2418
3455
30920
318
109
1327
52
171
1697
787
1675
2
1458
1266
6481
1244
5
4407
2
86
6
4198
8
30
3
119
1875
8
1879
51
558
7
377
8113
10409
338
703
21
86
609
6481
3
809
1821
19
38
385
36
1753
10
68
276
6481
953
3
3602
1169
151
10
251
2225
32451
2
8
3602
45
292
12
237
2007
4
57
2808
1302
16
4758
19
227
141
6
2093
4
2504
5174
2
30
1911
14
1943
3
558
232
31
50
111
5016
4
3602
580
15
4
9358
9
1842
17783
36
1348
45
164
2
682
59
30
822
558
1217
10529
1244
3
2
1951
658
101
1164
256
26129
11
24558
4
28
20
7
7449
20
7
8277
713
20
7
37
2
5155
2
1713
5
227
1372
2093
309
2
42
55
346
1372
2093
309
5
96
10
713
3
96
1785
36
3304
36
434
3
17
146
2739
36
758
98
1466
304
36
2620
15
1036
3
1517
36
280
5
2
8355
8
1337
98
2953
5566
36
2474
292
12
237
1897
1251
1453
15108
28498
1190
36
150
3328
14754
55
322
793
5
589
5
670
6
1695
658
101
309
5
68
4886
4975
36
2563
5
1466
36
2620
5496
4758
2953
5566
30616
36
2474
6
2504
5787
5174
558
44
10
648
4886
6481
24
501
2377
1244
9
2474
4869
25017
36
6456
3690
1031
30
123
2
571
524
102
6481
17312
67
1467
67
648
4886
501
67
2377
1244
3
5210
4
26
633
4293
15
141
28
2501
27252
2778
4
166
188
1286
23
558
30
123
6206
772
297
59
30
1024
8
2
1834
67
648
5174
11
28
558
608
2017
2225
9358
7421
474
268
103
66
2
177
5
2
10332
3690
315
27252
453
8
2225
9358
7
21
183
2
237
82
54
558
115
21
706
10
232
37
558
6882
232
4
2225
9358
292
12
1128
4
259
26
18
73
36
1262
15
12
