121
35
1283
101
5
361
381
80
6
2
987
236
313
3
180
95
359
5
141
10398
131
148
33
16
3208
1102
3
1061
16
2703
57
114
596
15
180
7
25
488
73
33
121
17
7798
3
2090
29
7
25
488
73
33
121
17
458
3
2521
2
4467
52
33
14
4
52
10
13
94
66956
89208
28
75
3791
49
106
7
569
359
5
3345
87
7
113
8
177
5
574
8
50
360
9
1140
100224
366
8
33
121
116
328
4
1323
52
33
16
4
106
285
7
706
206
16
53
141
4
1323
7655
20
574
5
381
10
21
5834
10
7
2
659
10
7
8841
51
713
37
10
2102
468
33
629
14
3
302
45
4
20
7
42
5
90
242
26
91
3
25
8
20
7
51
505
59
33
25
514
112
612
158
3111
9
2386
1323
26
1937
25351
516
3
21
300
2564
75
22
460
608
3
17
7133
6
152
337
7
569
21
110
3
358
98
41
3
152
7
8
460
93
7240
231
4
7
25
14
3
276
33
98
300
11
28
496
5
13668
7
2
674
832
7203
25
1966
3
73
574
6533
12
558
1967
1812
109
672
33
55
68
93
574
6533
1714
3
112
5055
9760
1771
4027
430
6
278
21
204
794
81
82
238
1828
758
60
1547
109
6090
60
1547
109
93
865
6383
5237
384
5
238
1828
760
6
1589
3150
38803
51581
5575
5977
8
3625
204
3709
24
700
399
101
1133
899
10911
2
26
1233
430
1717
2
149
2
1713
19
2743
902
6
278
263
238
1828
3717
9
399
101
134
3197
1420
263
13480
5650
6
278
278
3431
2377
204
14
2
3922
7773
12
177
5
399
101
4122
22266
20413
28
52
26
251
586
26
18
3
17
2466
1109
275
26
18
3
666
3
17
10278
62
55
26
453
399
101
743
6
278
6
20
7953
2624
72
3
1166
7148
5
701
92
4
629
67971
3200
204
5
1687
1092
809
6
278
261
1930
98
416
5
20
20413
453
599
41
2743
902
489
604
1092
6
2109
971
82
3598
5977
54
784
3
420
98
2593
2062
5
204
1532
3811
1139
1233
3253
5
255
6
278
3717
1751
4
3253
5
255
7
1717
5
430
528
73
467
35
5467
174
54
18
47
18727
936
1168
5
589
5
1092
6
278
20413
4644
62
55
95
5977
1233
174
2115
936
5
1092
4
1779
5
1853
19
902
186
19
43
59
53
16
1373
482
5
156
1713
52
33
219
102
1713
5
399
101
33
121
17
102
1713
2434
4
19
1663
11
28
3717
1093
56
8
12
442
3598
414
82
54
13
21
1355
3778
82
948
43
9
936
889
5
1092
6
278
4
2704
3
1773
95
1146
217
5
1092
944
420
19
151
82
231
82
16
1135
20413
28
7
25
113
8
4
3041
217
7
25
113
2090
53
13
4
3041
217
599
41
74
5977
251
9
204
3
17
1658
24
700
101
1133
74
278
41
65
414
528
82
211
399
101
790
299
414
4
1059
414
82
18
1355
2
3778
9
204
3
17
3110
198
700
399
101
1133
26
897
8
1589
14
64
752
1540
3
514
10
423
6
143
226
616
91
3
10
215
559
6
278
10
723
56
8
88
5
528
16
177
5
131
183
278
2174
703
292
6
1185
301
3791
595
967
74
38
10911
3778
324
805
5
700
399
101
1133
85
1637
3
123
236
12
466
238
1828
158
5980
21
3
3572
1179
5
106
29
28
8
204
14
2289
438
3
5380
10
389
12
1133
30
219
438
87
30
18
2
131
571
433
6
1250
5
414
141
6
1250
5
414
399
101
141
30
25
18
101
84
23
20
128
532
126
85
3
988
476
67
648
16
149
508
4
30
380
47
42
5
88
1980
4
3362
232
5
700
399
101
1133
9
29838
66
84
20413
1751
652
916
35
2376
430
100
31
34
208
192
6
278
82
1010
26922
3
3197
1589
7
1471
8
53
76
414
2026
31
14
3
1365
204
1717
6
399
101
1133
87
30
219
21
25993
1657
854
30
16
2524
102
15374
399
101
30
18
2
182
5
267
3696
6
43
1845
3
1843
761
4112
48
636
1768
74
8227
6523
3696
13
241
1065
12
1138
10125
623
8
26
16
10120
3
389
29
4
3276
5309
19
39
249
60
1337
8
185
13
2941
2
41
1661
255
46
5548
8283
6
143
35
4
1946
13
21
4646
443
6
3696
4112
36
186
3
4
1506
3039
6
91
5
1914
5085
627
5
5548
8283
14
11867
19
395
3696
4705
3
660
5
17728
4
5495
10378
3
90
4552
26
40
1627
25
20709
8
26
40
247
7458
3
5889
108
961
684
122
68
3710
2097
2785
5
5849
5085
5662
66
404
730
1138
2257
5548
8283
23
183
60
143
35
4
1946
50
5200
10
5111
284
12
103
3317
501
679
561
2
149
2
2718
4
940
654
62
62
1383
13
2721
865
5
627
4
1312
19
60
501
700
561
822
8
143
35
4
1946
18
3170
64
22077
1255
6
4112
59
705
102
701
730
2
818
15
27932
12182
5871
3177
73
1101
4
1476
