14
228
887
10
14
228
12570
61451
89713
46
78
32
7909
1360
109
2031
121
584
468
49
8
408
5
70
1114
887
4
40
2351
1649
10
7653
6
2
1308
8
796
90
4664
1639
56
5
1961
299
309
283
1121
917
70
100
144
9
1836
141
218
3
17
2218
41
1322
65
1280
84
5
70
144
141
68
508
2
887
4
6026
5
10
46
707
3
51
3560
705
128
355
6026
5
887
36
12570
52
33
2351
80
901
37
5
70
44
141
13
340
1671
81
4
241
461
88
70
113
141
34
117
61
536
5074
38
907
36
21
395
98
841
23
48
3542
27
69
7
1721
769
4
34
870
8441
351
12
887
20
7
2
817
139
9
58
4
10
77
17
139
8
248
43
192
6
355
463
10697
15
2421
24
6
311
5
48
52163
110
12
24
42
117
5
1473
3
57
53
7
3112
8
626
115
245
830
11
2
5252
53
7
86
4402
5
5130
6
1332
1541
412
7
37780
412
7
2703
96
1332
25
2
96
10
25
1759
10
115
323
51
323
7
28935
104
2956
5130
6
316
3
858
2
2567
2496
6
316
3
163
2
1008
5
1456
4326
3725
13967
626
191
112
191
10
524
2
1465
5
51
2996
799
5
70
1790
16
48
37
370
33
9193
1044
2019
2
29999
36
25
1541
10
524
3
337
8
645
4
4283
40
17
3000
376
6
626
191
2
850
2
7
863
8
286
30
48
848
83
5764
87
30
610
9601
5
156
2
5710
55
33
1327
2822
28356
2
1719
6
626
191
545
40
2551
83
760
6
54
156
376
50
2678
26
380
47
3222
5264
8
626
7
1832
852
447
3
1473
52
33
396
137
8
2
634
302
1134
112
556
86796
4
93
2
4883
9
12080
25
30
18
20
5470
743
131
1631
5
574
13
64
4762
6
4499
213
33
55
44
626
474
856
1504
1976
33
55
44
191
52
33
219
631
37
342
1417
36
52
33
219
3200
480
5
2
512
29
52
33
243
626
4
191
570
4
2920
2
1280
2368
3
3556
33
219
107
107
620
2496
33
219
2698
33
219
4170
76
359
5
4679
6
316
3
259
6699
1421
5
4499
14180
33
18
3
18
76
854
102
54
33
55
1013
51
7
541
83
1150
79
634
5
545
52
33
899
8
854
33
1902
88
5
297
52
33
899
8
854
33
18
260
47
773
74
19
213
4
6
20
187
854
7
626
191
1622
10
198
4623
198
6110
7506
10
234
23
10
113
37
10
1062
10
140
33
137
76
36589
1032
634
302
2434
87
391
536
25
1526
10
36
26
6719
10
142
6
44
59
7
14
1544
12
8363
9
1458
4
1416
7
6454
2
460
37
626
191
3
4
1301
7
697
3
4017
10
352
2
4
354
74
268
793
66
11
1492
23
180
9
2
281
373
11
1492
23
180
2
52
7
100
72
1658
76
5353
9701
12
22
3920
11
1077
7
14
6635
4
7
13
271
7
77
863
4
484
6
3
89
29
8
146
10
901
11
608
3
22862
6
22
1719
11
5564
15293
11
28
20
7
51
30
25
9
89
7
14
2263
8138
7
13
2
707
576
15
2
24753
352
1659
6
731
30
50
454
4473
6
2
7140
6
1212
4349
4
7
28
33
121
4016
2
376
6
626
191
1280
2209
64
151
1781
72
626
11
19797
2
1037
2422
19796
2
52
7
100
72
1893
130
7463
4
1341
2
281
2502
5
26782
4642
3
130
5243
2
52
11
14
1144
37
54
710
5
92
3
181
180
3
84
9
34295
177
2077
1334
339
868
6797
5752
5569
26
16
2447
3
33817
26
16
22655
15
626
5630
31
18
3646
191
104
3663
1587
493
591
5
670
87
45
14
3
11288
586
6
8
2239
120
626
7
587
26
14
10
2720
29
59
10
154
3
280
290
191
172
23
725
1224
4
64
42
661
4610
2263
3023
417
15
191
7
9887
11
274
1174
3153
25
11
6578
11
1427
11
1983
11
2426
9
186
239
186
11
10398
22
403
11
6623
11
1966
11
2380
255
4
630
3
2099
81
474
4
24938
2688
1976
11
11406
1330
4
592
83
3
966
1504
2226
11
7829
9
1919
4
932
9
22
315
11
495
17602
73
2
1736
615
61
23
22
2072
52
8
7
634
302
412
7
370
30
1827
2
108
120
626
64
752
13
2903
2
108
120
1832
201
9
1832
217
7
12716
1291
4
120
8
1291
7
1830
19
698
281
461
634
302
34
18
2
1280
14965
10
34
17
2222
2
1567
788
9
5466
857
6
67
60
23
2
262
407
2
94
34
44
811
7
495
130
5177
6
634
302
23
5148
4
140
7
7
258
66
5
91098
179
6
8976
2726
1210
23
3495
130
5177
7101
10
14
1851
4613
3836
6
6318
9
5486
2523
5
626
100
24
6149
8976
2726
545
327
179
6
151
3
1135
1786
5484
455
2718
934
1948
626
2726
54
55
17
2660
6
1160
545
2726
21549
55
7554
12
42
190
1071
4
959
174
4173
1659
564
160
24
947
294
3
12528
