356
292
12
3439
4
1988
511
65
12
337
4
1816
34
16
1216
5
104
255
4
1684
5
378
66
5
4621
8
5379
128
44
5
20
69
7
42
8
40
1590
580
3
4183
17859
1375
483
15
3208
78
32
44
39
249
60
100
2253
979
9
90
114
8
34
242
8782
58
315
3
11299
906
8099
168
659
605
4351
4
447
5
581
30
403
114
514
56
301
9742
428
4
241
368
9
70
31
132
488
20901
36
4810
3
106
9
371
32
164
7
2
194
24
475
6
30
50
1702
65
367
3
3208
4
3672
4
4802
8150
46
51
7
33
25
3
172
89
53
64
448
5003
2564
4913
7
258
44
24
38378
956
148
84
7
3
5471
1375
6273
1072
888
479
314
180
444
401
1269
13
1064
2
127
94
170
4
52
30
7
1064
2284
1196
30
16
37
3
5579
1031
9
371
32
36
371
27
1269
979
873
2
1933
197
147
3
17
6619
61
4
18845
12
166
201
4
31
282
3
25
10
65
4
2282
8563
3
1343
105
97
52
86
8
683
1307
7
1452
2
2
4785
3426
31
13
281
2791
4
116
334
37
108
413
3396
1554
1480
103
159
619
5
63
1840
18246
12
540
6672
4
291
79
3434
2260
63
954
8
13
7378
2104
409
133
12
747
793
5
589
5
45
2373
6
1035
3
1042
11
664
83
2354
2
25177
43
1521
163
6
278
1371
4
1796
3
5918
302
5
3375
1279
3
1590
56
467
35
1261
24
38
6041
5185
559
15
14743
215
315
3
1940
1438
24
293
1261
6503
20334
863
4
7455
1137
929
4
5120
414
315
3
443
1020
12
1715
151
2
10
689
302
5
1746
6
426
2
1503
838
10
1522
497
5
4501
6
557
66
176
16
7632
2097
187
65
26
18
6
568
379
270
314
72
129
5
187
82
2
7966
3039
24
66
156
2
120
446
932
129
38239
1508
16581
29757
4
2310
1419
2
413
673
280
1662
406
908
5
9256
2
565
4
1634
49
23951
61
19
4209
73
2
1736
958
2
4844
7151
132
17
1390
9
439
5
23
275
80
45
874
28
176
28
26
1588
23
275
42
616
12
272
1767
4
11
7425
3
2
3217
5
57
4501
8067
1856
154
2
2
4106
1514
3
272
1604
806
82
4077
3
17
2
1516
26076
31
866
22
83
1199
8913
3140
1759
9859
103
471
6
832
50
1480
9
1992
2509
5031
27
1925
4
221
760
12
747
176
28
7914
1959
171
169
4010
647
3815
161
471
50
496
15
21630
92
1767
4
7809
1783
1140
36934
306
2812
2996
8804
19
2794
4187
41
65
45
1165
222
751
24019
4
19113
2
1040
123
695
6
8752
5
2
4721
3227
1925
174
1040
2
1202
350
159
410
1554
4
839
745
468
787
8
1423
2297
141
456
2
658
101
151
8
1562
4149
13
364
49
12
10
590
5
7405
151
6
43
11
72
552
8
1040
739
2844
61
3680
23
227
92
776
66
404
2299
231
5777
6
49
547
9160
708
174
6
20
1675
5
49
519
1540
532
4
49
3303
13
4089
11
7
2
582
3489
7370
9
1556
749
41
65
44
2
66
7798
102
227
92
6534
548
11
44
95
31
2167
15
49
1569
5
352
16
536
3672
5
1835
100
1994
36
227
4680
100
31
1233
1103
255
15
49
997
7
8
10
1233
66
5
352
100
28
6916
1051
562
6898
273
92
7
39
652
2138
11212
19
1697
26248
114
61
4
83
652
2138
16
3679
1093
3
2372
2
989
288
3666
20
85
44
10067
1194
5
62
136
35
55
7951
273
756
3
248
334
756
38
315
46
6
258
5
8239
35
3919
6
133
46
8045
568
5
222
864
37
2390
1111
3
6284
288
983
39
652
2138
1561
7
875
1111
12
1419
875
749
19
35
4
26725
315
3
3474
400
1237
174
10
7
12
785
6
258
35
11186
16
303
3
1615
96
2969
4
935
436
26581
12
6445
6
316
3
715
842
197
114
477
253
3
459
38
1699
965
3887
3
4
509
174
6
2690
10
34
17
2
87771
838
3
137
52
114
34
4852
38
35
779
19
9824
529
1450
1353
16
260
1678
62
3
3873
81
3
798
5
133
467
35
6221
1044
1438
16
2
3389
4
2460
837
19
1226
5808
4
44182
32828
71308
100
26
219
2434
100
28
1127
625
379
3067
22
1060
24
20
2369
751
2136
455
4624
1127
5105
14
3843
9
6221
5723
19
467
35
1145
379
18961
12
585
164
30
277
42
140
258
84
776
101
164
100
174
2136
9310
24
293
74
268
258
153
174
18
47
70574
15
6221
90
5
81
23822
6
268
258
44
1784
44
1127
163
18
322
6254
794
5
1796
2
26
2229
1438
146
901
19
3276
6221
8
16
1724
293
1145
3
477
2530
56
5
3827
167
140
4319
3
3389
8763
4
1127
5151
1784
31
2990
22
15605
2148
79
1268
1438
3456
1649
1168
5
1145
7568
12
401
6
725
5
22
419
140
26
4344
100
11
28
79
585
10
73
30
16
794
103
124
6
103
1163
100
28
1411
35927
46917
5
1127
19533
163
53
124
12
