3909
8318
1962
60
87
11
900
3
1300
2
192
15514
24
22
1767
20386
13
47
6
4
56
5
212
74
66
4
640
2
13132
592
128
318
11
14
644
142
6
725
5
2
741
1451
2
4736
5
212
496
9
2704
2
212
316
3
1300
15514
24
22
1767
11
7
1409
1300
15514
1293
86
7861
292
87
4516
81
40
434
4366
1072
3
38
111
20
14
21
201
362
9
556
92
31
1233
2235
5
258
382
3435
4
3625
8
26
1300
292
640
692
5
3312
308
20
7
48
8
469
5
32111
12
20386
1767
2
4197
8221
6
585
12
466
20386
14
1480
4
184
3
22
12
13
47
398
776
205
6
1086
9
2704
3
1300
292
184
3
20105
20386
3513
12
22
810
80
2338
3
96
857
15
826
4
1816
12
2
217
5
382
139
29
26
1233
22
922
655
9
130
2
50
3
1497
1546
67
479
6
111
36
155
3
1962
11
80
1266
4
7631
2832
254
11
40
2
4
28115
3
137
254
59
111
7
9422
862
327
17
1300
29
8
14
1233
68
20105
28
6
4
3239
407
15
361
486
753
292
14
446
15
585
4
2559
9669
30
1300
172
727
5
4197
4
91
2
2851
2390
1555
3
1300
172
727
5
9384
3971
11411
1820
31810
20105
1380
26
44
8
30
18
3
1300
3
8221
4
18
10
22157
19
312
54
30
18
258
382
3435
48
254
30
121
72
549
10
42
5
81
80
115
2190
179
9
312
11
453
20105
28
8
782
53
16
64
7633
102
32111
826
13
2
520
12350
102
22
347
20386
13
101
3
25
1112
11
14
15
22
83
1767
29
1965
6
2
923
156
2
143
35
1767
101
5
4
626
55
17
30524
184
3
8918
5
629
4
1042
5
43056
667
675
982
336
20
460
15
112
542
4
347
6
403
5
1634
2
201
272
650
86
512
14
61201
56
5
1962
256
11894
7
4
824
1574
4
2612
797
31
123
2
722
385
6
58008
4
717
124
6
1345
3
22
1544
4
843
179
11
1635
2
217
5
529
343
211
361
112
634
724
54
1468
172
11184
681
4
3864
24
48
74
108
33
55
1765
89
4
942
2556
3
22
179
23
22
558
1128
33
55
346
22
3618
563
3115
27034
5
20783
11048
23
51888
20
463
14
1910
1468
12
361
486
753
4281
21
923
44
97
15
795
5082
10119
13
4460
8
923
55
86
17
5390
52
597
115
51
26
4
38
795
5082
1042
159
10119
195
9503
10232
876
87
10119
612
195
14
163
3
2615
19
45
31
7
21
596
15
284
28
1550
692
454
10
475
516
19
4
7114
151
5
6505
11
218
923
242
271
4
52
10
55
17
30524
19
95
31
16
2160
3
1113
191
13202
10
7
64
752
923
29
271
136
9618
7
25
21
299
31
6
152
698
144
104
5204
31
16
1024
1550
34
1460
3
38
34
4
468
1112
659
10
123
3
93
38
107
10119
34
828
106
9
490
2319
6
2574
149
7
403
30
34
7
21
12
876
461
15
67
5082
101
16
60
8
30
16
2357
5
377
148
8
16
1796
4
30
16
4985
21
2419
938
33
7784
243
33
6
2
423
3
313
6482
29
16
33
1390
9
62
57
2395
112
357
16
33
3111
3
1061
8
64
42
7
367
2592
19
112
357
4
297
7
8
80
451
10
313
8
20
7
84
51
7
761
5
24320
393
545
26
16
86
3
2334
586
6
107
8
57
34
21
123
2592
197
60
181
226
1247
1763
393
134
2
151
5
4976
545
8
10
77
21
2725
5513
1569
8713
244
323
329
26
3573
220
244
323
578
6
2
750
3
645
58
24320
393
63
810
5065
37178
28
5513
2522
3768
8349
203
1104
5
361
381
814
3810
425
19
67
1160
30
16
1285
3
2392
864
4
5623
344
139
8
55
17
13373
6
1768
4
14547
3167
371
37178
28
6
750
321
53
34
17
60
59
76
729
5
381
567
67
19859
6
1763
4
104233
734
59
8
505
33
34
137
43
900
3
609
232
5
67
543
17
5663
3
3768
8
2861
203
1104
5
361
381
25
3
5186
973
2850
5
42
151
3
1540
190
151
7
6482
40
26
488
20
107
52
527
50
382
51
52
527
599
220
8713
244
323
40
8
17
6482
699
7
393
7
1096
3
3536
83
12
574
5
381
4
3223
52
95
486
4
3223
16
222
41
634
302
24
274
463
10697
15
2421
24
32
7
2
63341
5774
100
31
3983
78
32
19
791
49
20983
100
6
725
5
542
4
3499
5535
37
22
422
12694
1415
184
3
22
1927
10970
4
4379
542
8673
5562
5562
84
44
11
13
2
6697
1091
15
109
126
4
171
22
680
4
13
2
13081
389
3
200
14123
87103
6
4
100
38
20416
20405
919
448
8545
6
75
200
32
1992
1991
3
1546
100
5562
52
11
957
3
152
37
38
919
5562
568
5
3934
336
6
4
407
15
16635
2
149
2
6
49
563
57
565
420
2
2244
2050
12
32
100
680
4
903
1509
5
