19
20041
26
50
13045
19
2901
8
38
144
77
17
2913
15
246
36
67082
44
46
2
1010
5
378
6
1338
31
14
612
3
17
2
374
9
193
46
28
49
4172
7
615
9
107
3
319
38
440
2437
83
714
19
8313
308
620
312
25
26
34
21
18
3
2224
12
2
12427
3
1104
38
63603
40
14
3
488
73
30
50
118
2913
198
11
28
1197
7
25
113
193
267
40
17
10427
19
2722
4
246
30
16
6
20
3
888
67
58318
29050
4856
5
58
97
6
27185
826
9186
28
11
40
384
98
359
5
3161
2722
36
800
3
513
9
2437
2
2
52314
94
55
251
180
4
358
3
180
28
29050
31
34
17
4
17674
8939
374
3
440
29
11
1289
8
11
34
21
17
1529
49808
260
116
104
45
29050
28
26
380
47
52580
180
9
205
7
13
5536
15
728
21
241
404
4
7
380
13
1110
15
27
23
117
5
44
8
2141
26
243
38
862
12
183
107
26
389
183
359
5
686
30
59560
425
24
1742
2205
562
8534
6
12794
3246
4
6437
12879
6
13169
3715
1000
3
1842
471
50
1916
101
3
106
15
3011
5
1167
6
348
50
4495
3
96
10
1523
9
81
3
1755
5013
4
4711
3
44
3011
5
1167
66
394
54
1893
5013
3
225
86
2989
6
80
41
348
3
2306
1842
38
953
3
106
6
90
35
48
5
20
14
859
605
203
35
100
101
3905
375
59
63
881
4
233
945
893
360
101
309
54
243
227
92
6
496
5
3904
85
2065
5
4874
8
50
1956
3
18
5210
6
268
424
3
319
1217
4
2225
2361
24
360
7
2
70
2
3233
89745
66
101
904
54
13
445
47
2674
3
354
5
196
136
923
773
3
392
4
4205
8
53
14
2
306
447
5
114
1230
6
157
8
816
3
17
4737
15
19
15868
1581
7369
114
7573
2469
53
7
64
416
5
6301
114
1230
2379
6
157
29
8
13
1593
101
24
377
622
6
10
191
3
96
10
831
9
2653
45
3
1755
101
3
106
52
86
26
50
2
7527
37
3330
131
280
447
5
419
31935
26
18
47
914
6
20
1786
11873
19
162
31
16
25
2250
5
2009
5425
8
26
340
914
58
1546
42
5
38
360
101
1182
13467
59
2
2009
4820
3916
981
2
11766
339
3
14676
10
2326
26
7
80
1427
9
209
26
1019
43833
38
435
4
1443
20234
12158
10
14
2
762
173
6
264
658
101
352
4
10
988
8
360
101
843
55
21
1415
12
105
674
3
18
38
142
80
59
10
242
38
83
97
34
101997
5459
14
5
376
107
26
1296
1842
24
360
171
1697
787
25
80
2
26
1748
13467
2162
1211
4960
773
3
2074
104633
4
945
3943
6
454
2
2009
587
212
408
6535
10
84
58
35
92
16
136
13721
3
4718
360
25
8
14046
2361
894
26
1718
34
106
9
135
97
4
6966
25
170
58
16
2195
2674
3
81
34
18
2
136
41
831
60
360
26
34
3212
319
61
38
1137
12
953
5
2744
220
114
3
2025
19
5486
987
236
4
3230
341
360
54
96
10
831
9
5893
45
3
2025
29
759
167
16
541
24
2
217
5
57
1524
76
5
54
16
2195
10732
4
16
1136
1065
12
70177
1430
864
6
21723
1582
8165
759
360
187
3
154
126
587
212
7
8
86
2916
114
16
3115
3
4102
19
92
20
242
1615
8
397
605
1440
159
6809
36
4507
2102
18
64
4102
1633
10
34
242
8
2161
639
90
5
894
16
3205
6
4335
34
21
17
2815
2
2
3594
323
20
34
18
28633
284
9
58
5
395
360
847
41
2647
4
41
119
4
8
7
90370
116
62
156
2
148
55
17
4176
87
53
7
64
1415
5
2916
114
46
4335
115
706
194
4
53
40
17
64
107
5
4908
10
9344
2433
29
2496
223
605
2048
313
3
17
8
212
34
253
1159
525
2162
1177
368
4
1271
160
107
4102
7
27173
3
950
119
58
370
32472
21
86
148
26
16
377
9
1567
337
911
623
223
58
104
44
7
64
752
447
5
220
70
360
26
34
828
218
3
25
622
6
38
191
3
96
10
490
9
81
3
1755
38
101
46
26
16
162
100
88
4073
5062
29
372
447
270
154
24
16979
1499
684
962
69
3
4296
602
4
117
7547
2565
7
8631
748
19
38
623
8
26
34
17
15021
22471
6
2
281
66
19
70
12214
5
2161
639
1082
3
2565
13
81
7377
2
26
137
10
2
4
1567
906
1255
9
135
25803
14
2
60
59
20
1684
14
340
1050
4
924
9
58
31
178
8
26
77
922
3
20
360
3204
168
38
336
1252
6
347
734
4
503
402
12522
42
5
575
978
189
1832
1625
14
1050
3
17
22
953
3
3409
1348
4
11
1315
3
93
462
129
5
106
6
1965
9
58
38
2018
119
5062
14
412
3
25
15
20
46
962
26
16
11416
19
354
5
118
6
183
97
2
2
151
5
602
31
25
234
4
1173
