105463
353
11910
4
1964
13
945
2561
11604
78078
1689
3070
5158
903
4
2751
38
18287
903
3974
6599
1470
680
267
4696
6
3792
4689
552
517
552
106623
4
1964
28
26
84
13
3
303
2
4725
1388
140
26
2717
15996
3
38
708
1219
19
1792
4
4898
81188
50
394
1219
19
2067
4
1221
241
2
903
31
13
2561
2
320
160
66
404
53
50
3792
9
3571
59
26
2717
620
4
2
565
26
7
116
31
13
3248
24
9073
726
81
65446
2838
4
6266
1208
50
23
6599
59
10
1893
466
2838
13
2
736
674
3
4016
23
25480
35
1208
13
2
16209
29
2838
4
1208
31
50
223
903
31
1057
2480
75
562
1336
680
1314
1452
394
6
44
2602
61
38
1314
4
134
523
37
38
3031
25887
25
14
3
17
2
3023
46
72
2
565
31
295
49
680
1314
1208
16636
44
544
562
14
326
3
1962
19
9386
31
68
2317
566
5
776
1689
3070
6
826
3
870
3980
680
1314
3
48
903
5746
596
203
3476
2699
14
2641
562
12
1689
3070
10981
49396
2
227
741
2317
3070
3
17
533
79
3662
9
2704
6
322
5
1373
212
316
3
870
3980
680
1314
3
1470
903
12807
28
11
7
761
3
469
6
3103
375
23
275
23161
488
2752
8
11
53
29
11
42
10
3
1313
2067
241
26939
702
240
3
922
2
227
741
4736
316
126
117
117
5
466
4
2066
5800
5
24659
16857
3
18
49
307
24
1962
30
34
21
609
49
3
6897
10
164
4
18
49
1387
101
1834
36
8711
12807
26939
4
21201
751
13
28
1214
8
11
77
21
139
156
680
1314
87
5
49
665
1252
1020
12
562
5120
75
587
212
12
473
516
21
3
1756
49
2
95212
139
2
680
1314
54
844
15
155
2391
5
680
15
130
320
21099
3
5059
40
1834
130
3693
562
28
6
2
304
298
10
7
21
2
849
139
9
180
10
7
2
4827
36
1239
59896
14963
1313
3
1962
429
3677
2
2381
1701
5
605
10757
4
105
4289
6
322
5
88
13526
2725
5
6088
12
139
5
1470
680
170
587
212
873
6
860
8
980
903
13
2
1387
101
3
105834
737
211
130
83
16
21
2457
3
270
9386
2
227
847
741
134
562
4
6409
429
354
5
1125
141
43133
20
212
1142
40
17
2
1130
3123
73219
1043
1140
28
8
22
872
40
469
6
1962
375
67
498
115
271
11
134
523
6
25480
12
466
8
2641
562
40
21
2615
24
49
90390
9386
7
2
12258
2
7288
4
2
4900
46
33
468
562
9386
8
1140
562
28
8
11
26939
3735
3853
6
2
1620
19
1313
4
13
47
1569
10509
24
2787
12807
28
49
702
957
3
523
466
1921
75
2
518
15
562
6
54
11
134
81
48
7
149
12807
28
2641
562
9067
149
128
330
11
9067
15
2
131
201
3693
4
11
7
6
131
201
89854
46
1835
4
802
5
1556
2668
751
605
528
3093
562
46
28
6
4
544
304
466
8
562
1166
2
241
590
5
45
31
50
5967
9
38
57001
31
270
30
5597
73
4805
651
1656
4306
1039
2418
3394
4175
256
27584
72068
51851
4
41
12807
28
6
304
332
13
38
83
434
29
26
48
336
183
2207
21
3
1834
38
56999
55
86
403
475
1207
234
142
12
20
532
15
6029
23
51
721
4
6993
9
2
565
31
132
17
8254
29
650
3693
469
66132
75
12807
2673
3059
152
6
10557
562
19670
4
562
2450
939
23
7658
826
6599
3
96
321
190
740
23
3953
2
680
78075
4
2450
18
1274
4068
38
315
3
1354
2
1314
6
7658
826
37
4
509
24
10948
2
339
5
2
878
740
13
41
65
384
12
2300
190
1413
3
6599
14
2988
6
81006
26
630
321
45206
8
740
784
562
1362
24
2
142
266
3
920
8
11
40
21
17
3980
98
38547
12
466
15
562
6
1962
19670
4
2450
630
370
41
140
495
38
1314
140
3457
620
4
58560
29610
4
22194
425
24
197
1672
574
43
22273
1000
3
20
181
54
13
13
81
23
1697
58766
58
13
4950
3183
1107
9
63
71
702
257
287
375
26
365
302
5
233
46
947
81
2
600
3
91
499
3
676
71
487
188
4
57
297
19
71
4
7634
702
257
1728
37175
95
31
678
26
77
123
56
38
2545
12
1484
13
20250
49
287
13
2
241
4
4435
10093
2
2
30272
1554
4
11
1315
23
442
1107
3
17
161
8928
4
16662
6
49
2742
755
6
141
29
11002
37
1534
605
323
2
344
1484
15
248
5
369
162
4670
4
19017
9904
20
1412
5
2
19781
624
4
2
60535
1010
24
413
40
17
99
1241
70
565
3
17
226
172
141
772
12212
187
102
1484
15846
4124
65
52
39
2747
2079
13
296
69257
3546
369
802
3338
4700
9545
1152
83
22
1080
304
2
11
599
10
7
9
42
147
3
17
2839
8
11
34
17
4
679
702
257
11
599
29
11
140
8591
24
1367
4
453
7
18
64
337
3
178
23
20
173
11
635
17
11
599
2
241
590
