9
282
36
9
901
15
67
11180
836
67
3830
7
118
8353
351
836
7
4305
3049
246
1931
15
7175
2091
7
2
1309
868
86
148
8
1519
2448
1549
7
1147
4
1071
33
55
21
4000
1071
261
656
17
10
166
36
432
3
778
17
10
8181
6075
36
8384
36
17
10
10955
4075
1859
36
780
261
778
1931
3
1071
7
2622
4
15
10
53622
9
2940
4
940
16
68
2622
30
77
1529
4365
67
7175
246
1931
79
8
5
42
292
1623
993
2455
4
5871
7154
6
1345
3
780
1859
4
57
5036
2851
29
53
6
659
28075
694
9
3211
4
9724
26104
4
2940
4
9
3911
51
2509
468
13
67
593
288
2669
19565
13761
174
778
210
280
1662
7154
4
940
210
1046
401
4
262
694
210
649
1276
1683
4
3893
4298
210
1223
1481
4
13208
51
912
18
47
363
5
531
139
1451
88
45
104
268
363
66
25
33
137
2087
321
25
33
1283
434
1805
1154
10
7
21
551
2
323
5
813
493
1444
302
5
246
1931
10
7
37
7015
5
554
4
105
191
1088
370
580
1366
8
26
34
17
282
458
3
3004
15
5898
23
435
4
179
455
13343
38
554
8221
4
3542
1409
766
3
118
5625
679
59
33
16
990
3
303
619
8
17483
9
288
4
483
2726
62
148
245
179
7
34
17
21
86
19258
33
29
5297
33
12
325
3442
2823
59213
10
7
21
1523
9
150
836
3
17
720
198
10
77
7667
17
720
198
261
2499
6
209
10
40
72
123
60
52
246
2446
14
7314
9
482
836
77
17
720
198
74
2
131
241
1088
5
60
6
579
2624
7
353
1111
109
92
91
130
3
513
83
836
3
539
539
91
20
3
1132
2
1294
24
130
733
130
733
7
1111
12
20
1517
92
123
8
436
246
4
276
10
3
539
285
2014
2014
2014
2494
2037
28352
76
2129
383
12
352
5
246
261
2223
829
19
2037
28352
824
5
2030
4107
1473
36
5895
361
1760
12557
100
82
361
12
1236
88
5
20
7
584
3538
7860
48
74
1236
4
52
42
72
234
231
2
1067
45
73
180
55
3638
30
18
2556
76
6649
53
7
8452
412
6
164
37
564
5189
1596
6
66
203
2860
29
763
2369
15964
100
3631
5
9435
6440
4
19061
599
563
776
5
96836
5
5517
599
306
7650
19
892
1517
13532
4
1226
31074
803
209
8
33
1016
5662
5
88
4716
66
5
112
290
1721
198
2
4132
59484
2286
1665
61
20
230
69462
7
2
3720
357
1874
4588
5
8719
175
33
4
155
36
1583
36
22894
1265
2266
213
4398
246
56
5
412
428
7
714
88
9892
1034
5
17230
5
435
8
14
367
6193
2266
14
7014
6
37656
4
1284
6
6
174
2819
83
1028
123
10
351
24
81
29
549
81
191
3
392
246
4
15
2
15067
5
2
1016
26
34
392
362
246
3
1132
10
142
285
174
123
20
306
191
351
24
81
4
48
306
3157
73
2516
34
5364
9
140
20
40
17
2
282
4
13752
108
3
244
6
174
29
52
33
14
3
218
3
17
3565
5
2819
4
513
577
5
112
83
4305
140
329
2819
218
3
392
246
4
302
1223
1999
38064
3886
437
5
493
5
2747
4
373
6464
272
6
1550
6
876
23
393
5
598
6
6
2
1682
60
1070
870
3
137
6560
96153
7
2
213
168
54
1549
7
2402
31555
2595
24
95
31
392
10
3
95
31
16
260
2002
122
95
31
392
10
16
1296
4985
5
4107
19
5436
100
82
4185
1549
7
392
19
179
82
1822
1964
10
1275
314
3
90
41
45
207
44
62
5436
100
82
213
82
179
4
62
1236
7
16160
10181
56
5
54
699
9888
7
2845
4
2280
82
73
12037
1513
16418
51
245
721
303
1109
16
3542
56
5
302
170
341
15964
1588
9435
1157
2266
392
246
56
5
4454
603
4
1872
6456
6440
26
18
47
3110
56
5
207
58185
26
303
61
6
75
54
95
426
2283
3
41622
3919
4
30
168
363
568
5
288
3109
375
22192
1242
6
13127
140
4
53
59
15964
50
1588
40807
38
103645
836
6440
213
260
2002
92
4
10030
3534
551
1443
81
6
99
601
4336
223
18037
4080
92
2013
152
4
842
82
4235
450
654
2
2819
3
8
1807
4
33
18
6213
9
128
258
889
66
5
2227
4107
168
535
4397
19
492
100
698
100
6259
100
36
5518
347
100
123
112
1306
29
370
92
14
6
12
5103
1549
8
1058
4
311
3534
392
19
179
14
19896
207
7438
66
36
25
13127
14
7
178
777
5
99
3666
6
246
535
4397
19
20
4336
5
55468
12654
100
7
4842
2
1638
6030
1614
1781
223
76
35144
29
54
270
7
68
2
5692
9
4
10653
100
5734
535
148
7
10
14
9
76174
12654
100
7
2
2013
4898
743
2013
19
95
31
296
306
1549
1356
207
1207
1712
15
413
550
2833
2806
6
20
303
5
1734
7
1138
2373
24
2
3161
352
184
3
892
1517
13532
4
1226
31074
207
7438
66
36
25
170
413
550
2806
554
535
