799
234
9
357
1556
100
4
1770
1250
5
141
100
3712
2675
28
1103
11
1564
126
1792
429
330
324
56
5
6008
5
3147
1421
8
11
316
24
70
1760
1648
3
435
56
3
65932
19416
9713
24
393
5
1117
31234
92282
66
170
38
12
439
2675
18
2194
19416
3
38
111
9
350
1736
4
11978
3
2070
38
12
2
2277
5
348
4
3
276
545
38
99
3169
3
2
449
308
3
137
62
707
10
7
3
38
83
2675
28
26
100
488
73
20
7
67
8010
36
4188
308
4
7
18
708
24
81
1585
4745
5
947
81
1103
87
26
50
502
990
3
123
4
3476
3
8
57467
31
5012
773
2
2
1383
1286
23
197
141
1199
140
228
6187
68988
228
12
27
88
1951
58
267
156
2
111
681
457
688
3504
4
265
408
195
2488
1325
2893
3
10698
38
127
287
26
7
39825
57
58
4
162
4286
7
44
540
8
26
50
8173
19
27
3896
1246
37
804
5
2
2721
1305
4
27
491
3173
3449
2218
5996
8
9178
2675
31
14
1471
11977
883
4
6208
910
75
11
14
489
6
14
2
3023
29
1197
8
7
14
9346
1511
19
371
2675
23
135
440
353
7
21
918
3
95050
27
3655
583
12
2675
14
19
4274
4
1031
101
148
3
25
1096
6
27
2697
152
788
5
22
5026
1191
39
249
1164
6659
9926
59
1511
10202
15
2476
163
27
1210
4
14581
2150
5
817
1676
6
39
249
312
7659
1458
13399
5186
5
22
552
290
4
3468
35761
3131
102
22
402
3466
4
105
895
3
247
2
12652
12
9711
1128
4
725
22678
173
7
8
52
33
16
2
334
382
36
2
334
4353
36
52
33
25
148
8
16
3290
36
1534
310
7
110
3
863
37
33
27
481
6
22
563
27
2150
5
59315
69
11
13
6122
170
128
1308
27
13
2792
22
152
788
3
2454
1330
22163
895
6
58
1225
4
817
4
1871
4030
5
152
48987
98
5
20
96
2
841
6
355
85
10
196
850
3
18
98
4073
987
561
12
984
5
101041
2578
29
1075
289
69
1805
3
27
5863
17708
102
45
156
2
1618
1508
36
31428
2842
1560
13
47
1877
1138
19
1177
79059
2252
455
27
3896
1246
37
1217
4
665
2361
18
2524
4411
10064
105
5669
6
2
197
4673
39
199
6
878
129
5
70
28
27
7
3532
102
225
4
2361
4
129
28
11
7
21
1933
83
19
97
2953
129
5
162
129
5
679
4
129
5
58
28
27
7
51180
20
1146
115
3946
906
9175
4409
2
973
411
41
5933
3
2528
5061
128
848
5
27
5437
37567
5
39
249
60
523
19667
22270
5312
8
230
247
3469
223
114
15
349
807
3
215
202
94
1491
690
517
215
36
745
114
46
31
793
3
106
58
6
127
85
46
19
2
1381
74
71
6
184
3
4
70
150
85
1210
1186
98
851
877
6
8
217
40
96
10
831
9
27
3
346
2
1082
3
31915
27
46
31
3818
28
6
1001
8
7
77
524
6
311
5
2672
3995
4
2963
2031
4
7
40
689
114
46
469
2084
8
51
40
17
4742
7139
5
105
21714
6
88
85
34
86
7861
22
2326
2
2
15057
101184
41
4353
300
41
76
114
34
1533
8
27
7
94
31
40
972
76
539
4
93
148
42
28
963
12953
31
981
4815
27
973
1014
738
62
45
14
3
485
17679
8
183
2318
8
11
822
12
4815
100
3712
12953
28
6
4
407
544
20
66
953
3
628
22
634
1003
4
21
1152
83
22
926
6
2
1602
1817
1014
105307
80326
4
987
437
1256
10819
1000
3
770
43
39
3640
2330
12
28217
100
12
343
5
103
4181
496
1725
2330
12
28217
100
12
343
5
103
4181
496
1725
336
103
413
673
643
8
8319
133
128
66
4
459
194
37
237
6
157
16
84
2685
9
1725
1528
1804
312
5
2330
12
2039
2
543
5878
2742
4
15203
100
335
2316
85
870
12
473
6
187
5
969
4710
2
119
159
8871
6
464
2330
496
15
1377
6
35
212
75
11
6706
350
4019
220
15278
4368
1256
6
1063
42
153
394
12
1986
2
227
439
2729
1725
7
500
3
483
9
14846
119
4680
7836
2930
31
7
908
5
936
1610
220
15347
171
2787
763
23
2330
3954
1241
6642
8420
933
6
860
557
10280
3964
34
123
236
23
6599
409
401
24
332
57
6
910
5
2330
4446
847
220
543
843
28
1179
34
930
3506
8
8876
75
643
4
77
3551
3431
52
95
1758
37
936
488
279
7
21
522
543
7
9
899
5
282
357
12
28217
28
5557
17873
2
35
3191
4
1164
31
929
1256
347
161
1725
16
761
3
128
363
153
4
1382
150
769
3
2089
312
5
37
45
8
7
508
9
10
35025
4
105728
4
1242
11947
29
17873
28
187
18
344
4248
2930
1725
7
186
37
22
5167
36
7460
65
229
11
34
17
1465
3
290
6
1086
36
439
17873
28
2930
1164
18
28
11
40
3937
2357
3
1415
5
1114
512
4351
5
1251
4
2345
496
52
1554
596
21
