800
14
718
29
43
4
1156
25028
15501
10
26
40
17
3758
3
3101
1084
46
4
48
1084
483
3
2280
74
60
2433
1347
1686
8
15
20
224
66
24
84
250
230
14651
76
2040
5
10
348
29
261
224
6
66
250
40
253
18
5482
2
989
5585
5
1264
7168
3334
39
2874
589
5
576
342
1100
4
7227
4
2
1403
6098
1973
538
5514
8
55
981
7797
23
8
173
51
40
12431
10347
1741
8
250
40
10483
203
218
1020
1233
856
1661
209
250
7
2
2043
18601
133
10
13
1920
66
5
701
1084
168
762
649
786
4
422
649
786
10
1061
4
18099
124
15
386
6
54
10
182
4
1181
727
2
169
1145
342
348
7
973
80
15
195
5
41115
1425
39382
15638
173
56
250
260
13
2543
3
858
2
342
537
348
4
295
10
6
59
10
13856
953
3
981
5482
4
5952
3334
4
321
250
13
21
42
10
9
462
66
84
1347
13
653
8
250
7
12
5589
5
3859
2
342
537
6
46
66
404
46
11
1823
233
4
146
1049
136
183
864
11
146
20
153
74
128
66
11
13
653
1214
8
250
7
42
66
351
24
2
33724
206
18
12431
3124
47
732
9
66
2
503
177
5
10
13
47
701
4
1156
5595
8
7050
250
1418
29
80
88
5956
366
19
625
1446
40
21
641
9
2
2581
5
41
65
2
281
66
1457
177
7
584
8
250
13
445
1283
8
50
10
3
858
2
1198
10
40
322
1002
414
1359
6
57
357
9498
18
4333
46
4382
46
8
685
5
6683
16
21
1155
577
531
3
98
588
15
250
7
3
319
577
5
6683
422
4
685
762
20
7
88
4479
1082
3
1634
250
24
1275
2
342
537
35
46
21
2088
3854
93942
41
24
16978
13454
3250
663
89
12
672
36
2656
3
22
1782
5
390
58
127
69
7
2406
2
8044
41
8974
3056
2
94
1080
3
123
185
695
12
442
13243
202
662
7
1649
2
9025
75
1841
12805
9
153
1927
1158
138
27
64
752
477
20047
1056
3
4947
5
1460
931
827
189
13
704
490
60
29
627
3
62
2
41
7777
210
2842
1560
784
3
484
49
571
185
1538
79
817
199
217
4
170
128
185
6
13865
1267
636
1256
1542
13
274
93331
16
776
148
3
790
6
3996
35123
22
15358
23
172
5
58
662
27
13
1138
877
3
155
75
1460
931
1563
22
583
472
12
57
41
11223
629
73
189
1025
305
4
866
457
1876
3
931
2
2
201
417
31
11
5597
2054
27
13
80
4092
3091
1270
4178
77
17
12
22
823
127
865
78431
95
44
5
1568
2141
16
87443
11512
1356
6
1152
324
75
2
952
5
7712
199
822
931
13
11775
27
6
452
22935
2275
3
373
236
140
12
298
27
80
182
22
99
236
259
6
2
150
199
5522
931
3
184
3
298
15753
249
60
90772
128
153
800
98
2877
27
7
761
3
2208
1373
5326
23
931
12
185
695
167
77
93
520
280
1662
2728
939
3
835
74
1180
8
931
665
5669
46
11
2
19683
12918
46
14
63796
10
34
123
2
668
182
41
3
93
931
2844
142
508
9
22
1157
4
3506
7575
94
13
1214
28
11
13
64
385
6
1275
4
167
85683
13
28
11
110
3
942
31
11
7
4
11
40
14
3
93
612
118
2031
765
28
688
3942
931
452
35
437
11
115
21
147
3
2551
480
765
83
3
858
491
103386
189
664
1939
695
442
330
53
34
17
6983
3183
5
22
264
1151
511
65
123
5911
1019
235
3
27
189
34
17
103
259
1300
24
202
1158
9
99
7104
159
410
498
150
199
217
313
4925
2867
6
795
4468
405
105
9284
73
27
4
931
128
153
69
510
39
19530
705
1219
19
2
1180
189
347
13624
6
71013
147
3
18
2
1538
8
524
56
24
787
11
635
17
456
695
20
60
25
11
147
3
6
357
4
297
678
56
62
21
3
5011
79
904
28
6437
9290
1689
69
1286
9
1491
690
69
9290
7
3825
6
237
29
7
2
2996
1120
5
107196
3836
54
179
9
305
6
81042
871
16
1862
189
132
666
3
25
72
8
12
442
19
998
198
22
41
8609
4
3981
210
69
7
7662
61
5948
4
2489
3
551
329
827
17
827
333
134
390
8832
66685
64
194
8
2842
1560
7
883
5
58
185
97852
186
314
7
229
11
55
3095
1969
24
49
6549
1538
79
2
4347
1486
9
49
19425
159
6622
1887
91
2
6683
1538
6
128
390
202
185
3
9303
1313
24
2
11722
6811
127
94
3
2
8518
2164
29
8
956
6
150
199
13
48
29
7683
11
1915
24
6
1029
3
6
128
153
5002
103539
69
13
1439
142
12
98
2901
8
1560
132
17
110
24
42
6683
532
3
235
4
472
2453
8
11
1065
12
817
74
114
23
2
762
4
2943
87857
2837
45
73
49
185
1538
4
73
49
519
29
42
185
115
21
192
148
1689
69
1286
3488
72285
18209
45765
3254
3
459
36
21
3
93477
2
185
8
2853
