2186
160
470
236
6
133
82
4
5870
684
961
1217
4
2225
3036
4
1324
446
5
842
82
18
8141
161
97
902
184
3
2517
39
85
31137
69
7
1426
226
93
990
3
1917
2906
3698
8
34
5401
24
20
1883
52
476
10
7
395
5219
106665
27
5533
7251
12
466
6
54
11
1658
659
8
63
71
230
18
47
1284
6
4394
122
7840
82
5203
82
8
78
32
14
99
3
96
8
496
34
462
828
606
9999
1842
114
223
57
78
32
7063
5
727
5
27
114
2
2
4851
5
3081
13
7607
76
5
22
267
719
81
3
1818
3525
186
3081
6
60437
7
64
416
8
69
34
25
476
3
1257
1177
1700
8
13
2937
1418
12
3096
150
255
12
2902
10
313
253
3
9679
771
5
4621
8
13
12572
143
35
9
136
196
241
863
1226
2
14330
2
669
1204
6
4621
1210
23
4194
1182
6
2
763
5
255
1451
235
47370
5
160
4994
5644
5
675
20
107
58
97
7
1275
12361
2018
4
41
665
65
133
2
2
668
2219
7
560
9
135
97
54
7
1275
2449
2387
4
186
665
4124
65
43
90913
237
104
160
25
21
242
202
7
1275
19234
97
472
26
242
8
1217
5644
5
103
675
7
1275
41
4
41
24896
2
1217
2361
5365
950
28322
119
146
61
129
5
48
58
4
7367
114
6
43
184
3
2517
561
19
8
13
6115
103
1398
173
15
119
395
61
129
5
202
34498
57
117
5
105
3498
119
146
61
129
5
162
4
61608
59
63
71
14
612
6
26
16
86
129
5
135
902
270
82
2
80
129
1639
74
1088
5
71
103
23049
183
1420
514
9
406
15
58
1275
1855
2018
842
15
7868
114
3467
2
2
1398
5
202
4
1720
2
2
1398
5
135
106
4
1251
1403
129
5
135
902
84
497
682
2
8554
14110
36
412
6
994
9938
678
9
202
7
89190
61
162
16
1275
97
5
2361
4
7868
119
122
58
16
1275
97
5
119
15
1058
446
5
842
863
1226
14330
5
52431
151
16
72
1159
19
5834
84390
8917
139
26
18
280
841
5
4637
4
385
14330
84516
16
41
253
65
119
3
144
7256
297
7868
114
16
714
41
253
65
20365
3
144
443
227
28
9
842
665
114
16
41
253
3
768
915
4
25
86403
135
902
7
41
2707
15
3036
178
8
735
7
282
65
268
4
234
845
3
475
15
4881
58
902
137
1720
3036
2
2
447
2351
268
568
74
270
4
234
805
15
65661
16
841
5
359
21
1304
4
26
392
2
1670
8
1653
5
127
85
34
346
10
490
3
2688
1520
11
36
11
1065
12
4
1022
5
150
6860
1712
12
44
5
2552
184
15525
669
1301
12
355
109
263
215
755
18
47
5968
3
777
5
4
1532
1914
167
6
2
17050
418
5
1575
8
489
103
604
14291
4
2261
76
1092
204
7
3
2109
2608
5
2782
583
19
1261
489
2261
6
10667
2782
100
167
12
1575
82
263
4208
1261
31
18
47
11076
6
268
44
3
972
286
604
839
18179
441
3734
5
1575
23
98
577
18
91
2527
2782
1373
60
263
441
1828
1007
372
257
9460
10934
28
429
2
1461
19
14000
18639
11
453
8
1312
5
2608
8893
19
263
755
6
418
34
17
1328
56
6
204
23
2
6037
14793
19
1914
5591
40163
755
5
263
441
1828
16
6170
15
48
1310
2755
242
5
2056
56
4
2334
1312
15916
4
3468
2608
3
263
64631
28
1197
8
95
34
17
3764
23
6037
5
54755
302
23
2304
456
5
925
5
18818
1914
4
4485
441
8
7
14793
19
528
9
6855
5
1914
537
40163
1007
68
383
8
204
13
21
47
3135
98
809
6
1575
9
44
1271
1403
12005
15
8851
12
98
297
6
418
231
1575
489
2261
6
10667
2782
100
167
12
1575
82
263
4208
23
275
103
604
215
2549
50
489
4
1092
2261
6
2
430
167
8
1498
13092
418
5
1575
6
54
1261
91
2527
2782
204
456
9
6860
6
278
425
713
1218
151
583
11655
1239
21810
15
10667
2782
102
45585
3530
4
27047
847
6
1575
12
540
204
441
1828
425
167
14
99
425
19
604
152
31
28
23
275
45
576
2622
6401
255
579
1137
2
556
1395
134
3197
8
3788
223
2261
1093
3
91
5
1264
2527
9649
1276
12
473
399
101
5977
3598
414
28
10
14
2366
1146
54
10
28
77
869
3
2
124
512
51
30
796
6
339
7
3788
5
76
359
5
4
1532
1914
167
3598
414
278
1574
12581
61336
134
3197
528
948
1218
604
941
9
167
12
701
1575
599
41
117
6870
167
6
701
1575
100
82
3598
9461
3
1218
941
151
6
278
1532
1914
167
14
1371
1865
2
372
1796
19
1261
102
92
163
6
1575
1405
24
1193
151
16
470
177
6
1137
211
95
794
203
4659
361
604
839
4330
4
2547
1261
6
376
5
509
1405
1535
9231
167
12
13092
818
6
278
1575
13
154
203
583
60
184
3
6860
456
561
896
4870
157
2260
92
4
10
2905
58112
256
978
11499
270
1082
3
896
