30
55
17502
117
5
29680
4
713
124
5
2883
946
79
1814
4
8
28
10
1155
2
182
41
65
51
30
17502
699
2
108
6
54
842
7
1188
6
10
601
595
3
86
4
445
870
15
28788
315
9
2466
2413
4
13428
561
383
7
96
48
7724
3181
2
2
150
979
5607
1659
5
43
92
288
4
352
15
48
288
7724
366
2730
1752
20662
170
7
608
1544
6
223
1108
8682
11728
1659
12
67
1012
979
166
1263
5
104
463
4
414
724
4
164
7
2194
1875
3
5249
38
4902
926
15
2933
2413
209
88
344
3
760
2
9173
475
7
567
1604
2718
4
553
3
2
38
926
9
685
5
48
1028
5021
4854
5015
7
2
150
979
5607
1659
5
43
92
288
4
352
68
21573
6
11328
11
773
15
161
43
105
675
74
66
4
103
700
2327
15
553
3726
284
9
43
1432
4
238
188
3
117
2297
11
55
17
1123
23
383
35779
13
2937
166
656
3
130
463
12
38
777
4
24
57
3864
25
76
1243
6
130
1011
179
16
2937
52
33
100
73
3
1273
9
95
463
57
777
132
18
12780
91
357
24
463
1851
474
2937
1243
36
155
3
109
2908
1388
3846
1243
79
2705
1394
12950
352
140
1394
1939
7872
5
8
1128
9
332
60
10
14
7872
4
17688
3
105435
7
1782
2
11276
60
609
211
130
5544
179
24
3
2937
824
1128
164
164
20
3102
14
886
6
257
10178
8489
1928
22
2375
19
14440
68430
318
109
128
306
3023
5
677
45
6
43
265
14
131
253
3107
19
406
5
2260
43
512
5405
92
1704
508
2
19402
991
22
872
4
1412
4
103
2828
68
210
6
603
2806
457
9863
460
1743
3
17
26159
4
70
147
3
17
3427
8
618
6
4
56
5
67
92
165
147
3
17
4514
9
38
20896
512
20
463
14
1238
2
161
2
7237
3
4
5175
70
2079
4
2
26101
5
22
6205
3128
19
618
165
12
78813
135
387
457
9863
14
2
272
5
2203
31
14
223
281
629
2195
4
14099
2594
386
1990
2
149
2
2446
5
43
1421
5
67011
214
2
2
15057
2126
195
11
100
47
2
2924
16482
6
210
367
170
140
63
575
2187
978
189
3377
3
6112
387
3990
194
23
2
8140
331
31
7
20
54817
66
394
2
86
387
61
9
2000
31
106
102
386
124
59
162
621
72
2
42
389
2039
74
58
6
265
15
42
679
17967
15
162
22
14687
210
146
89
202
809
15
5762
2990
186
58
97
72
42
389
351
24
3671
58
302
74
43
265
9863
439
726
22
58
3098
3609
16826
2152
4
2
63
5
265
5108
807
1414
106
40
1843
202
1255
816
3
26275
321
41
436
642
168
9
1419
12842
2819
100
124
4
2
208
388
126
4898
9
10626
2455
1703
285
3026
4
242
5856
1892
455
3128
209
96
10
41
65
92028
205
1847
3
355
85
823
63
5108
13
4525
2
518
15
9863
2424
89
15
3772
1359
121
11
106
102
25967
386
1990
2
281
44
394
876
3
2
151
5
124
745
9863
1525
3456
5108
2424
357
52
33
106
102
124
6
386
189
252
34
25
1112
7
1310
3
93
33
53
34
17
2622
6462
9
33
4
35
5
81478
72
44
75
8
44
1847
3
3903
85
4
2
66
3
2661
44
75
2460
19198
1439
2079
309
592
12
318
457
9863
22
872
4
1412
525
15
258
2001
4
103
2828
48
210
6
4
1581
3685
1129
28037
221
14
23
2806
777
474
985
5496
26
100
274
38
9495
266
126
3867
23
37
183
60
9863
1129
14
72
470
198
8
736
5496
1307
5
91662
824
383
8
10
9140
533
406
23
275
258
509
3
1097
104911
4
4763
2806
777
62
26
295
53
24
4280
1163
25
946
469
2
82875
1759
2
150
710
8
4311
123
345
564
2366
48
43
1129
4029
2263
14
221
317
6
805
1019
9803
72
190
572
2658
3867
321
48
12
585
2343
4
181
2167
24
2828
5502
23
7027
1922
72
103
509
1847
3
9863
1941
3
1922
1286
31
186
65
4
509
75
2806
14
491
2845
74
2806
777
1129
1050
2
2538
14666
223
503
1129
14
6
42456
1877
4
103
2828
13373
6
489
63617
1351
100
4451
2076
9
9712
4232
2
6
4
19198
167
66
126
4
108
506
456
4
3027
312
1687
221
13
2
241
5695
352
5
1293
10
1536
3024
8610
48
74
104
149
4068
1176
1488
352
1972
21721
903
5
4378
135
111
232
10780
35
8
26
178
9863
14
3107
6
42
2332
357
7
25
113
53
580
12
1228
31
115
1211
10
10
196
5946
196
19503
196
8003
1567
130
2179
7
8
76
5
186
6085
232
5
97
16
1144
37
1275
58
101
30302
5389
1654
333
2011
454
1596
3252
4
165
1568
6
76
1036
15
20
593
3696
5
13349
547
119
471
104
3692
16
1601
3
2414
231
15
53
34
17
2
281
41
1747
3867
33
55
17
856
5
17591
217
5
57
135
629
23
2
3
1381
3
58
18
68
14413
4633
439
1174
3461
384
72
805
5
10898
2746
85
103
66
