481
6
39
107679
373
7
426
8
396
1857
414
248
536
87
35
7
196
2021
4
13717
3
1646
2915
15
414
2696
36
87
35
7
2674
3
528
8
40
147
3
154
6
4
800
2174
1327
4
5652
8
870
6
278
101
84
4
33
93
22079
667
255
7
8
64
42
245
976
13659
5
414
1182
8
40
88
3212
2915
41642
7
64
57
107
3
44
20
108
283
528
4780
1538
14
2
1907
31
762
411
3
4780
13
47
8529
2923
425
2978
437
257
369
46
54
55
873
2
166
283
1924
46
14
21
5883
375
1206
1038
205
75
99
187
4
566
205
75
166
1259
24
20316
4
19795
650
1395
50
12
725
78357
4857
5191
3962
7
84
719
4
315
3
683
528
29
707
1437
171
7411
771
4
18
186
3
707
251
9
31
683
4
334
13
36818
7
72
4
139
5
8020
8082
31
7
43010
9
255
10
1389
3
2099
37
129
5
10
1009
154
24
5145
1531
4
53
64
3567
19
54
10
55
946
2004
10
315
171
4
1924
31
232
426
77
1729
20
19
947
31
41
4073
2969
1009
46
36
80
41
4073
1924
1009
3567
29
25
239
64
2901
525
95
368
18
3170
136
42580
284
7
8
31
8
34
322
235
372
1537
5652
7
253
3
17
859
707
3
31
8
322
4780
4
4
7411
2
2
669
43
374
3
108
283
3971
134
4604
16
30
507
55
25
282
235
60
84726
168
31
36
76
57
3567
88
755
596
8
108
147
76
359
5
61466
504
9
1130
1537
29
64
42
116
859
62
3
303
61
8
504
8
51
30
219
4749
6
450
213
46
2
6074
5
45
6
119
4272
44
11307
29
31
34
83
10
302
10
513
9
10
4056
10
95
16
8520
31446
7
6
4106
1514
3
124
54
7
21
2350
41
2460
3
399
237
29
7
136
282
943
9
59
33
358
37
124
3144
44
53
16
48
104
328
37
62
92
55
1940
1193
1642
29
59
4
4906
154
525
31
7
1192
3
1186
432
2543
4
155
56
53
4
3082
48
104
98990
23
51
721
171
4780
3144
218
120
14
3209
5
215
1157
120
33
93
12
951
4
33
28
3
45
84
154
4
26
13
47
2397
4
26
2607
62
3
179
570
45
31
14
3
2027
25
30
513
81
51
25
30
25
15
81
75
26
154
142
59
45
230
18
20
623
8
26
821
47
1341
16
2415
110
3
123
81
142
51
16
13958
328
10
14
1139
2
70366
7
51
25
15237
37
1265
431
15
4906
1537
1948
6
268
1675
2107
13
1555
10
147
3
789
682
29
450
1636
13
239
15336
450
4621
46
36
80
450
1537
411
1537
317
136
4124
65
92
20
7
2723
6
450
213
11307
44
4
64
42
245
116
62
3
4
1082
9
162
3
5380
711
46
4
10
115
21
296
168
742
1338
3150
22013
20930
3335
430
1669
4228
16
557
6418
4
26
16
64
752
2175
5
3330
1438
24
118
4348
19
1127
4
2182
925
5287
1145
39615
24661
134
5575
1185
6
4
407
15
5575
1185
5287
1305
39615
24661
31
522
15
1127
839
1093
3
4436
5
3335
72366
3
2814
5171
5
1438
120
11
28
430
1669
4228
16
260
438
56
11
453
8
1127
839
7
3067
168
1746
5012
621
19
3335
430
4
8
1127
163
1027
147
3
1104
72
566
5559
3
1097
1438
3150
5575
22013
20930
5287
1145
83613
69348
30
16
794
9
2
135
4
4121
386
4
30
2570
3
4348
1438
4
5287
45
24
3335
430
23
48
577
184
3
24661
5287
4
2965
2225
151
15
38
83
1251
4
4693
18
47
3909
6044
4
80
10517
203
2382
328
2382
315
16
438
56
4
26
260
55
21
1754
36343
215
1777
4
16
472
2532
12
7819
708
1198
4
5523
2516
2793
11
28
3150
5575
22013
20930
2
5287
1145
470
177
6
1127
839
559
3
4348
1438
24661
453
8
10
7
91
3
209
8
3335
55
64
752
431
2
26
7
126
8
430
739
3
4040
3
156
1745
30
218
3
317
845
3
1388
30
18
1315
3
959
41
65
2382
11
1533
3150
5575
22013
20930
5287
1145
470
177
6
1127
839
559
3
4348
1438
1404
64763
13232
24
2136
5
42213
746
1438
54
14
644
4348
24
3335
430
134
5575
8
11
4
49
566
397
40
86
766
3
2136
75
1127
839
1590
3335
56
5
1438
3150
5575
22013
20930
11
28
8
10
7
551
1523
3
766
3
42213
84
8
2136
13
47
14106
4
49
308
1748
30
34
766
86
75
1438
7
4348
714
41
65
476
765
30
14
103
148
5776
5171
5
1438
24
3335
4
3
766
308
11
453
3150
5575
70330
20930
69757
13232
12
318
1127
1032
624
10889
11122
510
483
5
2
215
559
3
5918
1438
24
3335
184
3
556
152
37
1127
1305
4
2182
5277
1145
16
470
177
6
559
54
7
1521
19
1619
118
1328
56
19
2743
414
902
544
20
153
2121
1032
624
51360
107592
28
8
2121
6785
4
2148
16
1017
5277
315
3
4348
1438
1197
8
52
1310
2121
603
163
132
3789
6
6
215
