33
877
1559
33
635
17
458
3
350
36
563
501
8167
4
33
18
1244
3
4528
112
641
370
112
641
7
4529
475
10480
1413
34
17
4529
33
34
165
17
458
3
12950
8167
29
33
635
17
458
3
563
98
4211
36
350
98
2428
51
52
7
18
7896
37
1559
30
1905
112
7896
37
543
1559
4
48
5
67
12692
315
488
361
3
599
41
37
1559
33
55
68
1097
56
3
43
23
8167
504
326
15
109010
24
8167
108974
108978
108981
108975
108980
108979
108977
108976
108982
8167
5970
105168
760
413
8469
651
95925
11080
1424
217
16612
20
3102
14
886
6
2428
370
4
9
48
15
20
5252
8
1025
305
116
51
11
40036
153
404
11117
387
24
410
14
6
306
1877
22
4143
571
2749
6
452
1551
274
89
15
2
314
600
3
5945
882
58
144
46
4
2
1082
3
202
127
12201
6
72
2
281
985
747
330
305
20895
622
11
13
773
9
171
268
66
46
245
268
566
66
22
20033
3927
185
1538
6
54
11
2063
4915
9389
2116
434
5397
267
3
5547
9
742
636
256
728
4
57
41
1485
27642
298
330
305
988
560
19293
10669
19
4420
6032
106108
159
387
24
5462
42
44
33
219
12820
5
879
235
33
219
99690
8579
164
2
6
88
148
8
18
1126
732
20
69
1614
7
138
27
31
75
22
4119
192
6
39
632
7
370
285
1158
9
499
2459
452
4
39
632
522
2
4410
585
9
94
114
53
7571
2164
31
691
4
848
6
199
2
1193
94
1113
4
689
1190
5
1158
29
27
3316
13131
428
15
27
6529
1203
4
199
452
4
39
632
784
3
5360
38
1349
5392
96195
14
42
31
208
295
2860
4
59
11
1362
23795
79
3939
75
452
114
277
4
3186
2480
1685
89
69
128
153
7
481
305
571
452
2749
13
855
39
769
46
4
25743
787
46
6
39
632
29
5397
267
16
5549
19
2
96109
14
2350
2
1066
3
95
31
2214
305
1867
36
80
3
95
31
2385
22
105162
411
3
35
5
637
258
66
404
4734
15252
24115
31
481
37
305
6
2
563
2383
8
11
13
4
37640
32962
46
4
4
6275
11812
3
2895
6
532
5
771
161
280
4
72640
13
819
3
17
2
201
8409
46
29
15
36
41
94
15822
695
6
341
185
11
7
18
3
155
239
820
9389
368
12
747
1341
3
11501
167
24
970
1079
891
2
159
1554
305
2503
51
14
714
88
7201
6113
23
127
446
170
13675
30112
939
3
4370
6
39
632
84
6
329
10006
370
4
9
48
15
20
5252
8
617
71
115
116
51
11
377
305
5913
341
6
185
2
102660
4
85602
11
116
912
51
11
85805
532
394
305
28
285
29
7
40
2
20
329
10006
15
20
5252
8
617
71
115
116
51
11
377
11
116
912
51
11
85806
285
164
1932
368
20
1938
8
617
71
115
116
51
11
377
7
72
21
560
11
116
912
51
11
85810
59
228
56
19
891
9
7943
15443
305
28
285
30
16
21
1451
2
63
8
115
116
51
11
377
11
116
51
11
7
377
8
206
11
42
148
11
20422
937
50
5152
4
140
12
473
330
96432
79508
285
75214
4
7
16
1586
67
378
397
6
1242
4
30
116
62
490
10
247
3
12605
67
734
6
67
1015
472
5
734
26
666
3
8880
83
67
6293
11
134
267
140
453
6
1242
10
1275
2092
65
367
3
12605
6
112
397
734
26
4016
6
67
308
4
6
67
933
472
5
734
8
26
666
3
8880
83
67
99243
199
274
334
967
8
305
12551
5919
22
1684
6
39
632
3163
28
185
50
344
4
5
557
727
5
202
114
31
146
655
6
128
281
44
728
7
239
282
65
41902
274
305
15
129
5
4448
1716
298
330
13820
23
129
5
106
11
10403
21
86
27
129
29
68
728
129
638
193
4
827
189
31
14
370
274
9
550
7
3562
15
1904
305
28
298
4768
8
7
7
21
25
149
12
747
30223
284
68
274
58
370
285
261
2
2496
1099
3
27
46
4
15
10431
403
5
1340
42
13
305
495
2860
544
114
230
18
47
458
3
346
2
94
31
7
21019
6
3939
29
452
4
39
632
7
522
38
2364
20
60
27
295
6
105270
41
24
3742
8105
3250
663
89
12
672
36
2656
3
22
1782
5563
2740
12
17755
51
505
235
7
4703
49821
19
11451
14767
12
318
109
2656
2
1978
17755
320
138
1759
14
3686
3086
312
9
2
724
59
11
516
3
666
3
93
13367
686
24
12355
4
15544
2740
409
401
24
49
724
760
86
255
15
8
7
8
12355
115
800
13367
4
26
208
18
19
188
1978
6454
2
1540
1991
3
93
49
1164
1043
646
4
7
4
1991
1286
15
2
572
17755
937
54
11
7
985
75
1293
2740
29
12355
1705
411
4
10
14
15050
17755
937
88
15540
4
7848
2740
6
38166
72
228
12355
3
666
3
316
76
686
87
30
219
6
2
500
402
518
409
401
99
26
900
3
661
67
194
37
