31
768
1319
1418
86
280
107
3
1666
601
11819
5
43
4
238
925
24
1319
7
168
2
4347
105
2462
15
2388
92
71
46320
93442
14848
27026
4
6040
11648
6
6512
1000
3
20
20682
1319
2150
5
794
63803
31
370
2214
124
24
9357
163
3
5547
2
725
368
69810
163
1563
3
319
2693
3
823
63
927
18
2
42370
411
3
629
4
2134
31
44
78
3428
32
1538
6
298
135
185
96
2
927
69
186
253
21
25
64419
3184
3
3886
83
358
8
2575
5
924
9
823
63
3
1935
2
69
557
349
75
185
5435
16
470
664
3
2436
595
267
8
53
7
165
2
1082
3
499
301
2660
4
2596
52
927
516
3
4278
9182
416
324
466
2
414
1648
5
583
1145
2440
823
63
637
34
1064
89
52
11
1827
237
184
3
2
333
1632
15
637
1144
8
1219
2
750
5009
500
429
3
927
105
144
703
19
159
387
638
10300
5
4615
31
28
2
927
69
40
17
3301
24
910
4
102451
11
296
11
34
296
87
5
22
3790
2791
8
30
147
3
3750
160
1449
6
67
515
4
105
1820
3
2537
953
5
311
674
3
93
805
10300
43831
2
2335
199
822
2
6163
9
32
75
49
1538
927
6830
2260
218
3
549
2
448
5
6034
74
135
237
719
3
194
12
1073
9
63
71
171
2
466
39
724
15
413
3396
63
7
353
21
110
3
300
12
51
1140
7
377
36
21
377
71
28
7
113
33
55
1234
95
194
3
130
131
458
823
41013
6
2
1334
407
466
32
877
3
1818
2
2901
24
256
885
49
669
69
871
8
927
327
96
2
335
850
87
237
7
260
1262
8
61
3
823
63
927
11
28
12
390
345
15
4345
4138
828
7
21
6
98
107
1862
36
13339
8
823
63
1205
98
8517
57
65
42
8
7
6896
958
5
89
11
13
3
96
20
59899
357
50
4078
186
851
65
824
405
81
159
387
46
3044
3
389
75
22
63365
716
823
63
46
7
927
13837
871
21362
1159
175
1207
5
2001
31
773
9
927
2
2
387
6
4
2
39
3696
5
4750
31
324
61
168
268
568
5
347
166
62630
344
10300
13
47
2513
4356
2
88
3758
5
9330
5
37723
619
3
823
63
3
1935
2
1272
4
7
508
3
17
1758
23
3669
8496
5
927
2
118
12
6684
5
3076
22
1401
2
383
24
89
3
17810
703
7
2154
2
454
41
2903
65
98
2280
3
150
310
57882
1046
139
165
1350
8343
469
229
927
4
22
347
488
990
9
10703
5
2
127
69
25
850
75
439
5
22
4158
12
7000
6
132
412
927
13
28
1525
6
264
153
13
1094
4
7256
661
29
11
13
21
1823
139
995
170
126
1890
2295
1134
3
143
35
128
81827
3
95
3458
823
63
7572
2
335
77
154
23
98
60
782
86
856
8517
7
42
303
19
2872
9
12763
9
289
4
1339
785
1075
133
95
2872
608
3
123
660
23
117
5
81883
927
3656
2005
5
871
90
162
18
241
1718
8
820
520
4
347
2843
911
1302
6
823
63
5685
646
32
105
104650
205
404
2
1768
74
49
91
5
2
432
125
641
122
2177
2
269
5
35
1072
49
806
11
939
1638
6224
8
3148
251
24
4155
162
36
95
6
97
208
774
4510
3
32
9
927
3
3190
24948
2627
5
32
33815
4860
75
11
1714
4
4435
1538
6
298
185
15
117
494
145
7762
159
1979
498
1656
5084
4
103
57
53481
5435
18
630
21
3
17
3740
61
19
3957
3112
37
1594
36
3761
5
135
1158
3410
11
14
208
2
1072
2
76
50
1862
2
205
26923
183
60
26
16
21
2839
8
20
153
185
3750
160
237
6
49
950
53
7
620
416
1791
61
8
384
211
571
385
6
145
12
338
152
4
209
8
387
24
1384
459
41
65
169
6
509
75
15833
264
44
927
13
1296
6
2605
15
195
5
531
5062
151
211
251
466
736
42
3804
5
2
927
251
31
4103
3269
3
628
4699
37
432
1110
28
823
63
2830
1731
3060
69
788
10
1820
4
51
5815
11
40
192
74
927
178
11
13
2
10662
519
9
135
114
4
40
18
1071
3
296
2
2660
4
1497
4094
69
251
3804
28
2824
927
384
5
185
20
333
28
14
8
10
1298
8
32
593
2445
7
26475
23
51064
4
57
416
835
8
52
927
14
3
1827
135
499
69
40
946
247
2
16484
949
32
40
469
1954
29
10
7
314
8
145
13
41
65
362
246
3
218
149
820
378
5544
35
46
452
39
632
1378
4
413
53809
13
134
95
11
13
2852
15
8
11
178
11
196
40
18
246
3
469
6
237
268
95
35
10
469
2155
51
57
637
40
663
6912
6
4497
927
98
1110
7
380
13
15
823
63
40
17
432
9448
2
27733
257
63
5
414
1648
5
583
1145
28
6
2
3305
407
466
83861
5
99
378
949
477
990
3
2618
3
927
782
87
11
7
21
2
873
94
199
16
21
4073
29
