1105
313
13786
1685
20
1309
6317
2654
180
5
2
7240
3174
2077
2
28871
5628
23
9585
3692
13547
397
26
16
1192
3
552
4
10210
1667
4
6136
1105
95
5518
4
2506
2818
9228
6190
3711
24424
4
444
401
31845
32
123
246
198
5
668
180
6
67
226
1035
11071
3
422
4827
72
62
130
9192
6220
10
549
180
16747
4
8571
23
60
157
7
470
177
6
2
2215
2871
5
2077
6973
62
104
44
459
61
3
178
6
574
5
310
4
4153
5
923
130
9192
18
47
9187
3
3139
12
38
152
38
195
4
6243
37595
8
42
151
55
123
74
108
149
2
151
13
533
74
727
5
10
4
15
2864
60
4
1009
20
55
17
1956
170
7
36
76
57
1574
13
64
156
2612
1756
187
102
104
1309
3692
801
31849
226
500
450
654
3197
4
7625
679
152
740
3
210
29
1814
5
670
2770
142
4
3188
5750
25789
519
204
7
1809
285
99
3734
5
6317
3692
6671
41
191
65
32171
19347
584
80
178
38
83
434
11792
698
316
7
75
48
2
6527
5548
434
6
373
3734
402
1105
4
22601
1895
4
4145
26
34
2270
25
476
3
2220
32
189
4
71
56
53
16
2072
3351
38
1431
7
1049
314
513
1309
22
91
4
1481
6
10
245
2
1357
2
48
8
270
197
7
2
1067
73
1503
171
23918
60
370
272
13
33
11
295
33
29
201
1609
14936
39832
13
295
476
12
217
868
525
17467
334
512
4941
2323
61
24
38
15152
4
1756
6327
26
5324
207
1182
6
157
2
26
2277
155
116
51
934
4207
5
108
303
56
3
1666
6
2215
456
3734
10
1041
3
137
32
479
639
245
25
4183
200
4
78
38310
28
634
8353
79
3410
6
2470
5603
11751
311
2422
247
22863
15328
10993
3
209
26
547
56
272
13
295
81
4
341
12
1404
668
180
7
18005
6
2098
5
923
4
3389
8153
45
623
26
2548
17
228
1807
6765
575
7955
313
3
18
47
1238
3
3602
1307
1135
302
77
17
1666
29
7
8
62
1135
302
7
1292
1666
898
456
3734
422
61
12
2845
42615
1556
6017
439
45
16
377
2
422
3810
309
261
2
2060
30
16
667
3734
5
3692
86
30
16
9728
3
137
67
564
2
11601
196
157
7
290
203
273
172
15
67
1954
4640
883
5963
56
9796
7
25
116
62
33
488
37
10
29
7
488
165
123
76
60
56
9
2941
2
600
3
310
2
531
834
1211
9
625
6
44
805
5
1863
1687
8
1498
1035
1554
28
466
4768
2
851
214
6113
8
132
18
918
22
767
3
167
102710
2
471
646
6
298
167
50
12264
3
971
5358
8
874
50
2400
6
12
81
1436
7
21
706
3251
100
6354
2081
10447
6152
37
22
1583
5
475
2586
3445
227
1554
28
66168
178
3
17
6638
582
5
467
35
355
167
6
890
14
10782
647
1350
13956
42
5
2555
3251
3
863
8
11
3976
1692
19
176
29
75
6152
1783
1436
3620
3518
12
890
167
6152
14
2325
9
103
509
128
747
44
75
11
14
1692
6
2
2456
23
2
2555
1106
111
46
4
140
64
57
1012
50
621
375
75
298
167
59
11
900
3
628
606
1554
1757
1318
3
1195
6152
9
4197
625
46
80
2
349
693
50
508
3
17
12
3981
46
2
3
4
3060
1245
5
625
1446
176
15930
4
618
1436
8
1214
784
3
123
1255
5
2281
3
5471
167
12
298
1375
795
44
5
581
6
4081
170
108
124
29213
55
21
3602
8
52
1663
13
47
1960
20
77
18
1126
3699
3445
279
624
76674
13086
134
2
722
1688
5
2574
5883
466
3
194
172
214
158
37
77086
7693
24
1554
324
2
874
1535
2456
409
2555
4
6
1101
4
1476
4
2877
8
26
50
165
10898
3732
430
2586
4
8
703
132
1798
409
2
1607
3459
5
62983
3445
467
35
1145
1991
8
20
7
72
1096
5
112
3933
6
2
339
307
466
116
30
18
57
809
4
30
16
1024
28
2
272
1628
2
5465
4190
46526
184
3
2
8326
19
777
625
151
54
2349
2382
92460
12475
4
33723
1882
12
466
3740
168
2
847
23
910
5
2555
167
2109
2456
1219
176
559
6
1101
4
1476
8
5637
3049
5683
8
1136
2629
128
103
430
2083
6
730
355
7137
409
890
4
298
101543
1863
1687
6
2555
8
489
23
275
45
46
211
23
275
103
47248
95
1480
6
759
7371
14
2
1005
1211
31
158
178
14
8456
2
2586
9
4
7455
167
6
1101
291
4364
198
2
952
5
960
176
2456
6
4081
12
13078
176
297
324
2
269
5
35
256
2096
1495
4364
83
6
2555
3
1643
3836
37
62
3
1669
467
35
15
172
846
195
1495
1118
15
3445
1032
624
2022
8848
126
3120
2
62984
214
518
3
2759
107
3
2557
1261
1097
79
3317
158
18
459
3972
37
595
447
24
553
3655
75
794
15
467
35
4
57
68048
3
523
75
2
518
15
8848
1495
441
4081
214
315
11
28
8
10
939
3
89
23
99
7588
8
2555
3251
50
317
3
309
87
26
3976
