430
68045
3061
1033
9
2245
3
2710
1608
185
37
30893
7
2176
15
67
576
15
625
543
28
964
5557
12396
16428
80
59
30
18
1068
3271
10
73
2
868
5
194
4
30
396
93
3
1932
5
27155
1122
3
3721
951
433
2200
8
14
6689
6
14
1321
24
2
5309
5
348
19
1033
3195
19
4037
24
2
669
1033
158
425
6
355
19
693
310
6
8
187
2
669
1033
825
14183
1410
37
348
4
1533
10
14
732
9
710
3
3143
4
1364
70
433
1033
10222
279
216
6
4
5309
5
229
1273
2364
77
17
3329
15
433
1364
19
951
56780
40
21
179
261
2
160
6
141
937
1533
4524
31
1270
6
647
5980
3
218
348
2
29131
1608
185
218
593
4
159
158
44
4
1282
474
1033
735
38
187
102
348
3
81
348
13
247
4
2598
1121
188
15
4
1720
217
5
4917
398
899
5
3299
561
26
68
1077
10
40
17
1483
1534
52
146
92758
76
1033
158
50
990
3
172
3253
2200
80
286
26
1077
26
40
689
953
3
1273
2
2554
5
43
791
433
2
445
221
165
40
17
458
3
3496
951
433
5
1211
168
2
212
40220
14
2
3123
9
1172
2200
1411
1185
103
66
544
1033
1461
707
16860
4289
59
10
1593
190
696
348
203
54
10
14
5539
70
125
5647
294
998
31
14
7012
15
894
29
21
825
5
519
8
335
14
146
166
880
4313
77517
178
8
221
4
1033
50
165
502
2046
734
56
5
951
433
348
6
1514
3
125
433
348
159
1033
158
27294
4313
2280
679
755
31
1492
23
348
7
596
2
127
1786
163
2759
1033
1640
4
3884
1172
951
433
2200
254
10
1363
3460
2778
692
122
377
334
52
476
3
172
834
1786
163
364
969
20279
2
159
1689
1654
437
4
1477
7865
2
159
119
111
2557
834
49418
55
21
6925
692
6
849
5
2169
5
67
83
352
8
23
76
173
6
475
6104
92
158
34
516
8
20
989
2554
5
7032
2808
432
294
7
53
9
90193
181
28
60
1388
4
217
228
55
420
2
2575
79
2
417
1717
4
57396
1321
3392
19
2778
4
658
3674
3373
979
1533
183
98972
29925
802
5
8
979
28
594
459
8077
19
1033
158
50
183
2
38
321
59
1033
158
324
126
2778
979
26
243
12
2
1049
571
441
9
348
1848
38
1330
1030
7
3854
56
13012
112
2070
6
20
5050
7
510
130
4740
24
143
35
174
161
6
215
4
288
68
1344
4175
3401
63
12795
41232
4481
5144
2
4428
3537
18134
11609
4
22962
48
409
2968
85191
358
37
3099
22
5050
15
21198
101
6
910
5
1324
13334
64
186
14909
22
35
1134
3
4526
4481
140
3317
5900
82
4928
15
16301
82
8
34
319
8510
48
409
450
413
157
13
182
4
52
8
14
21
362
11
510
2
39
1815
82
3401
539
4
204
82
7
37
3
1362
53
16
258
5
43
102
108
7213
7001
492
6
7458
226
30
5807
7967
2
6960
36
6
2862
837
29341
2162
16965
12
4200
2126
6771
195
1932
368
7
8
10
123
2
182
5
3252
9
195
5
2
1237
2392
133
6
5777
1723
36
2322
3
2195
8045
16046
321
51
4481
7
15087
23
7
3057
22897
52
11
4513
11
34
17
458
3
10839
671
43
102
539
3
685
5
8057
385
14615
5
67
919
10
7
483
15
2
8753
171
4481
539
1134
10023
22154
64
186
65
591
6
224
15
4526
82
24
506
4
1253
3
717
302
8101
214
4
1853
4526
2352
56
48
172
3
96
4481
488
1905
63
9595
13809
1094
10023
4
4526
121
3834
243
619
11696
413
539
550
1794
4
1346
24
105
2881
5
352
82
2
6
276
905
3
1889
358
75
48
103
45
50
33672
1045
4481
2430
6
359
80
2
30
1452
6
4526
349
3
2215
20
7
14615
5
67
919
11
134
9595
23
306
1040
5
45
539
7
260
3401
100
9678
506
1120
405
2181
43
4
7608
8057
3873
3
104
258
16
23
1737
129
5
896
1013
3
3
54899
8271
4062
24
539
16
1737
129
5
896
80
2
506
15
539
7
2667
3
691
51
245
323
9
4481
7
989
1402
1853
1253
51
20
34
242
6
1031
7
962
9020
27775
2312
1853
1253
493
16634
34
2289
17
646
6
3401
288
974
10023
34
17
41
646
6
2813
6840
34284
815
6
48
1026
5
2073
139
10
123
13362
1719
5
12888
6
4
3401
34
17
41
4304
6
39
7187
1295
5873
42
4331
42
1295
22586
258
971
64
1983
43
7
56
4
53
80
2
2363
971
5354
6
4481
627
8
11
34
850
117
215
2210
15
43
640
941
5
177
5
8057
1218
163
790
99
1374
2633
4778
13
260
47
2987
362
12
343
5
22
518
15
9595
631
3
232
5
8057
543
6
4526
4481
28
10
60
3
44
10554
3
43
7
34
21
706
29
52
26
1402
800
4
52
26
706
180
25
33
147
20
28
5
376
30
16
131
1237
140
27845
7
34
21
155
3
157
2564
174
30
34
72
17
7916
53
3300
292
17641
3948
14
2
372
70197
