26
25
251
81
105
2298
6
539
26
25
251
81
105
2298
6
8370
4
26
25
251
81
105
2298
6
143
35
1886
36
4284
10
7
1428
7609
3
18
8
359
5
28289
2591
1762
164
30
18
2
187
6775
187
120
7
18
208
47
496
15
2
512
120
7
18
260
47
3745
4
277
3
17
2525
120
565
1313
28
8
176
146
10
61
120
143
226
2925
28
668
148
7
713
120
35
5
4384
68
1773
4
277
8
7
121
17
398
3382
95
16
209
29
51
7
1246
256
4014
811
10
382
2591
1762
1246
7
5133
3156
5133
8
7
18
47
496
15
2
512
4
208
5771
8
7
18
47
260
1274
3745
208
5771
8
565
1313
44
8
176
146
10
61
7
424
3
1227
700
2925
277
8
668
148
7
713
208
80
5771
8
4384
146
2
3292
2627
168
10
3292
2065
4
277
8
811
7
353
1073
3
6853
19
143
35
256
4014
7
4
49291
797
292
6
1985
4014
2471
777
7
109
3
144
2591
1762
704
1295
442
3
1611
2
3082
3153
5
39
92
348
436
1223
4
639
1250
720
9
15
875
1111
12
172
8581
122
1174
447
5
7120
74
573
5
39
58
792
6
57277
3468
2
7293
35
5
637
16
8
303
2
8974
1152
9
22
764
103
66
6
266
63
3248
3
5551
3
3440
22
240
4
5521
133
264
288
31682
992
12
662
524
3676
2281
179
3049
924
179
63
28
23
2
712
23
2484
35
393
2344
264
956
6
262
983
1432
694
1870
4
545
44645
6
2
381
8
7003
2193
24
22
16
298
71
68
1498
2
41
12478
1152
4768
11
295
23355
6
452
171
4
257
13019
7
380
11860
133
7
18
388
478
223
70
45
3
96
1418
570
11
28
2
11
10083
22
240
3
117
436
642
9
996
1419
4
349
57866
4917
3
1058
577
5
543
645
3
108058
11
567
1282
5
22
311
674
288
240
3
735
282
40066
14
3
628
394
442
23
4
343
6
31514
76047
88
1534
10059
6
71
1506
240
6772
74
1180
7
3
1937
41
65
591
6
436
3471
74
66
26
3471
364
95
12
1253
4
17152
1111
9
42534
3
715
436
1223
2427
9
311
674
211
26428
4011
977
436
1223
3
61
3
1161
977
1009
68
40
513
9
4
1908
1930
361
543
645
9
103
66
9
545
31
319
61
38
1916
286
119
111
251
9
3833
142
2
1321
645
2355
436
52262
3547
56
22
4145
1022
63
13
68
2491
3
431
202
200
8
40
5483
351
23
887
554
1323
4
22
264
487
44741
2
200
154
3
130
3920
8
630
3
25
98
5
104
148
7
34
2540
10
71
28
298
11
139
707
447
15
2238
3
1053
97907
61
39
250
1084
4
315
3
2538
142
1831
41553
4
20406
532
63
80
3427
58
5
22
906
2220
75
2977
11
13
64
41
69
3
296
11
7216
7
116
87
7
517
161
5
98652
195
11976
23
63
1184
12
442
111
681
256
975
28
11
1266
41
1111
41
92
41
5
183
997
8
13
784
311
674
9
28148
9
63
1259
3
39
233
975
28
2540
447
4
5820
778
1122
34
21
5077
45
111
24
45
91977
16
4411
2
63
29205
3
8967
585
6
1665
5
22
97
3903
38643
7
68
791
10453
9
233
3
459
1699
965
4
9
39
705
3
1833
720
1650
549
9
70
106725
22
645
240
63
44
11
14
3
96
103
66
5
543
645
2
361
4
2801
6
157
2
422
391
7
42477
58
18
2325
8659
5
645
240
26
18
873
22
436
1122
2
11761
6
39
11265
57288
8293
2997
7225
28
6
2
304
8
16
822
71
7616
142
79
22
564
2
53278
1333
875
1111
4
41
1323
122
3980
8498
2540
26344
2
1093
2934
507
3
837
58
71
6
22
16
7789
262
984
5
1178
34015
4036
5998
1150
261
5771
10
19
320
791
9
41
1853
749
11
28
329
303
67
3296
875
65
2
795
649
1150
329
862
2
2082
1853
240
8
77
392
41
65
6465
60
2
90
262
1161
107360
22
436
240
71
28
2686
18
1502
213
15
4917
4
11636
8
14061
25
147
122
3539
2
972
3
3676
907
31
11362
228
9
2400
81
3
248
41
907
513
9
977
299
4
117
38
1015
3
56368
63
2
177
5
22
436
240
7
791
9
1172
2
436
972
9
645
2355
240
508
2
240
203
160
3100
12
1977
77
21
17
8161
20748
2
26
55
17
16259
381
14
1982
19
288
4
1432
139
286
63
7
3540
363
985
3
3059
238
188
4
834
4
1885
447
1363
19
467
16464
34
218
3
4175
83
430
4
4503
38
703
4
30
1157
101
3
309
6665
2
30
18
42
7218
170
7
365
266
3
123
56
430
31
1363
2
1234
447
3
43
4
67
767
11
31978
68
441
22
264
335
3
1195
9
9784
815
15
1621
640
594
223
76
1004
6
233
8
4118
991
132
4000
1766
3
10
1255
71
956
233
3
870
179
5
1172
28304
381
14
71
99
35
5
637
126
2
233
2013
19
58
97
