161
5
95
46
8
2579
32
38
236
10
14
246
1010
3881
5
356
6
51
7
16954
228
715
1586
90
889
5
169
5
670
50
420
9
97
74
128
903
5
568
19
200
32
315
78
1403
3016
209
8
246
1132
191
4
748
11
5501
200
9574
7280
29
11
828
41
65
336
22
3043
12
7280
725
59
11
14
990
3
317
79
438
9
266
11
2697
714
203
200
23169
2
359
5
163
3692
322
15
33040
8604
52578
1070
4
2
311
2
273
2
49
4095
40
609
4
104
3223
50
3914
19
334
4745
156
2
3770
2272
3
1193
10649
36
6670
69503
3688
11
4146
49
4745
3427
180
5
271
33
230
137
8177
2
10870
6
2
3234
5707
36
5
500
68971
9491
23
22
88
19704
104
50
21
1125
9
49
26
50
208
6
416
66
404
59
11
757
66
2
2
359
5
3434
526
17110
161
6
2
498
6270
4
394
6
119
111
3434
87
11
10003
49
1043
9504
6456
1069
1456
6
917
9
6928
191
10
12993
12
49
405
1303
74
49
239
41
7634
4
1516
90675
2433
78
1077
8
4745
4
16071
7280
25
21
93
33
239
6
70
356
11
1024
3
858
2
105
124
5243
241
404
4
53
16
90
2877
74
66
5
49
400
455
20
117
5
395
20
36
8
160
6
1188
384
2
59
438
9
265
59
333
5
273
246
1094
190
384
40
41
3310
11
14
476
29
2924
6
384
11
1818
87
59
11
866
9
265
11
757
433
869
5
246
15862
529
869
6
49
66
5
876
3236
11
2045
23
722
385
31
77
1931
1497
239
41
246
65
72
21744
876
1429
394
6
2964
3044
259
5
269
5
35
46
541
2
10
115
79
520
1765
15
207
573
5
92
36
18580
14877
414
23971
46
11
10733
1596
4
1895
513
9
671
15
81
48
2835
61
8
4054
4
713
209
7
51
432
783
4
4282
1942
951
50
48
37
2
373
273
209
5
85
7
8
161
372
70
105
675
16
511
1650
4
9695
58
97
13
47
1933
9
2
131
241
60
10
12572
525
9
76
568
15
248
5
1193
17036
2008
3
1899
10
5062
15
16437
73
347
734
166
2510
4
21442
3
751
101
4
45843
3790
1387
1167
4
84
10
7
1519
56
5
1276
8
7
3038
206
2
105
2282
73
4405
27
77
1315
3
12097
97
11
14
768
19
2539
6484
471
73
827
189
1279
3
1354
4
462
6511
711
4
2
1682
7746
23236
4714
751
6915
73
638
193
4
10
988
3
17
64
949
10
14
2
2899
105
3407
29
7
113
10
14
86
451
398
2752
35
5
97
58
97
13
47
398
2
21354
76
39
290
19
2284
1196
6
11
13
4
1581
3569
433
2
63
29
11
14
973
621
6
76
12891
4
7
18
2
314
1641
29
22
660
12
97
14
21
4347
27
77
17
388
2
190
1196
29
7
113
2834
7
9574
27
2270
8073
97
4
11
14
21
61244
13644
19
10
492
58
97
682
14
3116
21
241
126
5053
3136
1401
56
5
469
5
3268
56
4
1462
4136
211
26717
4
66096
162
675
25
21
128
3257
4
164
14
27
1694
271
5
2
2735
105
1408
958
2
2539
4
2636
74349
547
97
2
2738
54
7
25
21
113
14
5997
1466
310
14
196
1132
1996
89
24
483
3
123
1466
36
25
98
4582
1312
4
11
14
1511
3038
9
595
1072
3
492
11
2815
22
88
2853
2368
7
22
595
9
1694
2
39
902
5
385
4
42
7722
6690
5
2810
124
78
6669
1818
4
40
1899
29
135
97
7
6
718
1474
196
10
13
2
306
224
5
1608
12294
2
781
1201
24
1054
1003
62
43
6394
899
5
1524
4127
5
45
10
13
445
897
3
522
572
5685
4
2947
20595
5097
5
246
16
372
3788
10
40
18
47
1523
9
97
3
18
25
146
61
10
634
4
1285
10
1071
3
78
32
261
718
12294
11
13
445
13
571
1322
6
987
445
47
6966
2519
3272
49
5207
781
1201
468
43
37
90
1608
844
211
3896
6104
2279
5
78
5685
4888
74
33322
1764
5
1412
3950
31
7
28
3
5379
78
6
49
1456
4
2252
4
1252
5
76
8
78
72
121
21
18
296
4
3034
11
13
247
9
90
2
511
15499
101982
678
24
894
1428
412
6539
6
356
36
188
77
1679
17
761
29
26
21
86
11169
1232
49
26
1558
48
38
83
97
328
19
8077
4
3583
400
3
1287
2
2132
4
3945
2164
494
145
145
230
149
18
47
458
3
192
85
9
162
29
38
492
14
3813
3
1307
4
2257
22
1401
87341
75
48
53
50
200
4
78
23745
3
38
438
149
5
246
6
12571
10
230
17
72
2
149
8
145
14
8764
56
5
499
11
988
2
2021
626
6
117
947
6
3
72
163
11
13
897
3
768
4
1293
22
3814
2583
1139
329
83
11
132
149
80
18
47
3583
7552
19
246
24
32
170
11
2913
2
2636
2598
1767
21
241
3889
29
6
98
343
53
11
14
56
12
37333
1017
622
11
367
