738
3128
5
449
16645
27006
4
48
23635
1647
7
242
1647
35
5
48
675
3
1388
91
3
5945
226
20
7
4388
27522
31834
6
16246
3088
5
13
388
45
3245
449
489
36733
3088
796
449
489
6
1411
1576
6
51173
2127
5
944
50
5780
449
6
37344
2127
5
161
4388
4
449
210
6
43191
2127
5
3245
449
210
104
50
48
97
1602
5029
343
233
97
14
2673
2
2
4121
135
163
6
82834
343
6
19775
449
4
10007
4388
210
11294
19
2035
27082
97
6
647
10007
908
8872
50
8731
5
38
2278
6
36733
3088
6
8
581
471
24
61
176
2990
449
1237
814
965
25182
4
5095
3
2
954
4
4216
81
6
161
27082
97
4
5675
195
16
16091
5
2127
75
14523
8375
5
5558
4
9032
4190
24984
8617
13
1262
6
49
83
590
5
72529
11219
6
2767
5
1924
3
789
49
105
1433
370
20625
8617
4
41251
16395
324
3
14320
53
14
64
9421
5
3802
36
1559
3
2371
274
86
922
14
3
6932
370
8
14
7719
15
1278
233
13
64
1641
15
54
3
2557
496
1216
5
675
365
61
54750
303
3
81
19
39702
369
181
5675
897
10
40
2052
56
1278
4
25
29672
282
29
6
209
1278
6
1442
7
1661
3
4388
4680
1022
6932
7
2
242
3
6650
10
235
6592
75
10769
14
75925
11
1003
40
21
1386
3
6535
22
83
5500
4
11
7
6
1088
75
19302
16181
14751
4
20323
16395
7
412
3
93
19302
16181
10689
1271
22
713
309
8
9092
1103
196
87
11
4
1032
624
4
105
492
697
10
3
524
14751
1270
12
1001
4
14
1603
19
6592
81711
31
13
44
2
6592
4
1270
12
318
53
13
47
2
3778
5
369
12
2217
3220
55456
54
3625
2
2109
102
22845
12
1278
496
4
8880
38029
4
57
697
3
93
89
7751
6
30987
19168
4
14751
77
18
3884
103138
38029
7
4
1353
9
5675
4
2
7447
5204
19
1996
22845
9
1278
11
1061
8
7447
3133
13
89
6
38
191
52
4572
3
6592
11
14
3
4483
4
11
7
11
7
21
3274
4611
3
3497
7447
5500
10
7
1264
253
8
224
14
2429
19
14751
22845
40
93
6592
259
52
11
7
21
459
7447
139
10
7
859
253
14751
4950
3076
2857
9
103
205
87
10
365
89
8
60
3
2839
1032
624
8826
68209
3
596
5675
19
84
14
1046
941
97
2
143
725
14
17000
53
14
64
4121
1815
175
233
4
143
725
675
8
40
18
1521
2
4121
6592
62
77
53
18
47
26
48
91
3128
5
449
3
606
38
97
356
695
14
303
9
651
272
43275
15552
3
247
235
1032
624
9
2
601
461
22845
14
1603
19
44193
24252
14136
2
6592
14136
14
6592
24
5
318
3
5
1001
15
22
4136
21
454
8319
2472
5
5675
51
14
14136
110
3
25
84
8
2
5675
1032
624
15
4
2947
408
14
6352
6
2574
2
5182
5
7447
5500
40
18
1389
17165
2574
4
791
2381
85
23
2
60
59
133
14
72
541
56
5
8
1088
5
2156
6034
5
143
725
92
343
67675
13
47
2
76051
2888
31
900
3
628
18316
36
2333
6
2574
15552
14
2
19479
4388
14136
491
14
2
8836
4388
11
14
2
399
101
843
11
1872
5351
6
187
5
35035
439
29
140
6
8880
75386
7447
843
587
212
1353
908
14136
872
4
1010
6
141
5
1278
286
64
496
50
855
10
14
362
3
319
14136
26388
7447
92
368
11
4195
7447
5500
937
1042
353
89856
19342
14
235
6592
24
5
1001
3
5
132
11
13
47
12
4611
15
3878
30994
59
26
277
7447
5500
3
17
6
844
15
57
832
5500
12
11428
309
4
59
26
13
3625
10463
4
21747
335
24
2
36092
4611
8
10769
14
1192
3
303
61
140
206
7
11
21
123
10
61
59
11
716
6592
1632
2
11
14
15
478
187
9600
15552
5675
14
6
191
811
29
4
15547
6592
40
2431
21
243
105
5096
5
5675
898
11428
309
10284
148
7
8
19342
7
72
8
11
303
61
2
9401
832
1387
212
5
8050
741
203
279
22257
3
485
3778
3
7602
1874
4
825
5
357
2361
100
6
463
5
1103
10
14
86
60
6
66
65
4
35373
1103
4611
14
303
61
42
303
61
203
22845
14
14392
126
10
77
1135
1786
29
4611
7
21
123
61
3392
79
3004
5
937
3
17
1535
59
2
496
5
1536
1031
7
38518
203
1898
109
4
5
11428
309
5
2813
8995
175
3534
19
3890
3
1251
3
4238
106
11
365
61
889
5
187
8
13
47
749
9
66
206
21
7447
5500
11
146
2
304
23
2
518
5
1760
1133
5
1442
4
1760
1133
5
38187
12
5
1258
9137
6592
8
5
741
16
1536
4
8
255
7
8
6
587
212
86
7810
7
3751
11
28
3751
7
2
28095
428
4
2
2
264
1430
822
132
21
1666
478
284
9
337
8
16
105
12
1360
109
11
28
8
6
22
576
2
2
669
741
1216
6
1760
2393
1278
29
80
2
6592
16
3847
10778
23
554
4
105
1278
6
3546
1428
1803
