315
3
1982
1402
26179
535
6
1206
8151
13
3959
41
60
4
1071
3
744
12
1414
79
15509
535
1906
15509
940
2443
1593
591
6
184
3
70
15509
1648
1181
2
201
177
5
8
896
324
24
172
2075
8
3139
1892
12
15509
940
3
4186
38
201
23595
9
482
1843
41
65
2
169
23153
5
5154
8292
207
66
30
384
10218
1498
2
475
4
30
14
3
17
2
177
5
8
28
892
61441
669
437
5
6638
788
23
23595
286
5162
30
13228
103
840
7
21
1337
229
53
40
17
98
606
224
9
20
2335
5162
14558
1498
8591
23595
3103
6
78951
9186
6
341
736
126
2677
10276
6
4204
5680
1498
2990
168
5617
46
2856
2173
3194
708
3001
46
4
5704
3
10
7027
6
1742
2205
261
1146
14558
28
2
2397
1399
14
6
8025
5
1498
23
48
60
3
2349
1660
1418
4
123
74
52
1310
23
64
173
14
1399
633
3
3850
733
28
475
2427
5
2828
348
34
609
14558
3
930
9
41
1105
5
1295
4
2658
999
2
372
1302
6
7698
1660
404
53
14
24420
403
11
77
17
287
84
494
145
7
3957
66811
127
94
494
145
1795
2
1263
232
3792
171
4
85
330
69
343
23
273
98
23249
3869
298
6
37301
107189
145
116
11
396
192
135
127
499
11
28
2
136
80
126
1444
7878
3
78
32
6
378
56
5
566
1225
101312
387
145
469
6
237
29
11
84
2700
2
6568
382
13241
65
11
7
80
509
404
1126
7
145
94
15
2
5643
1841
403
8
11
77
165
17
135
287
1827
145
519
27642
519
7
20
8
145
13
5716
79
2
593
5
7598
474
135
292
774
223
534
45
8
21
110
351
4
11
2570
3
310
22
1022
48
107
3
135
440
6
1797
20
23200
45
6
207
35
6
20
133
121
18
101
3
1024
31
26
14
2
63
4
51
1022
5
135
97
121
17
145
28
6
2
304
298
330
8
206
30
16
6
20
237
375
128
106
7
53979
210
11
453
7
3
431
9
2
1055
97
1467
8
364
2
1699
965
4
117
3
67
3927
506
648
2775
9
48
1414
61
273
493
1172
7308
361
166
645
4
2
2276
436
3
16
754
12463
5588
9
145
7
8
11
319
22
139
12
166
3831
4
218
3
9785
41
1248
371
32
3
274
692
7
8
11
234
73
2
6746
3369
2
76
18
228
89
4
1090
135
97
24
1403
2532
12
1786
23
435
5008
58
6
39848
82
31
517
298
6
1331
1979
4615
4
3998
4
182
86
6
3942
1374
82
8869
2433
455
2
519
5
135
2411
4
455
2
257
85
431
6
54
11
403
3
3409
679
2
149
2
58
3990
15
1524
5
38
22696
33
16
2
162
4
679
36
2
6969
58
33
116
38
997
7
21
110
3
858
4
157
120
30
443
924
36
3892
2140
32
28
25
472
5
43
3176
81
123
43
5728
30
14
157
3
17
6
475
52721
49
3731
3
145
267
32
1023
3
4926
1313
2
2
1055
15
2
4974
100580
18
3
17
161
8506
4
16271
11
5932
68
3427
114
5
1804
1160
5
49
1401
84
4407
49
4386
6
423
3
247
99
1434
6934
287
6
70
352
4
1497
99
565
63
6
428
11
365
2
3493
23
58
1158
138
27
31
3740
48
566
35
101290
57
44
371
27
908
180
5
1568
1299
565
708
149
52
794
9
225
283
299
4
720
347
549
4
1770
513
7
1568
565
708
140
224
180
6
32
11522
145
2
6245
338
162
31
13
2393
9
568
12
139
84
23
910
5
22
69
237
469
6
2
107
2
1605
154
560
86169
387
24
1384
7
84
2
150
678
15
2
150
1467
3
310
22
54022
9
90
337
11
1519
13
64
337
3
1639
87246
2
7
22
3391
1749
88
94
34
942
6
2
237
2
241
2
26
18
103
15300
3
8897
570
4
145
13
2117
11
13
25736
32
258
2285
205
82
932
1531
2
712
3645
801
82
4
22
123
7
8361
6
647
1074
11
459
169
2
4309
433
9
1384
338
61594
1759
7
22
1002
1691
31
55
653
15
28456
145
327
488
59
11
123
695
3
16
589
5
4821
64329
832
7
22
97
5669
82
36
899
8514
145
7
245
2
162
11
132
44
11
7
1026
5
9
1370
5
20
127
237
29
59
322
15
3937
3
664
619
9
201
5
97
11
8630
6
22
108
97
7
492
4
8
51
11
64884
7
51
52
53
469
2
600
8
32
77
17
5214
74
49
91
5
2
432
125
783
4
49
2684
5
294
84
819
1068
122
11
14
269
5
35
554
377
5
32
347
479
929
41
2518
1746
15
1497
572
86751
32
50
163
24
237
145
40
17
128
417
867
9
135
499
560
823
63
1140
927
77
3190
6
286
8
40
7784
90
114
100
448
5
4866
82
613
145
114
650
144
34
17
816
6
355
64
323
31
192
135
84032
326
7
352
90
2
2134
13
1093
56
8
6
75
2
11800
289
1614
11448
32
1658
56
5
127
237
