137
10
2
1497
4994
1179
5
127
4
775
85
33
25
25
20
100
42
159
669
279
216
158
18174
10
32323
10
1834
568
5
1031
100
337
184
3
159
158
31
331
21
3
17
1628
87
5
1496
187
2359
216
7
87
10
18373
2203
4
2326
5
94
80
286
53
64
1340
19
2
212
36
6
20
1430
80
4
3259
53
14
68
101517
24
159
2508
3593
2967
2838
6
54
11
13692
530
297
11
68
481
2
41
15784
1034
9
197
259
6
54
11
28
15
332
664
530
317
606
351
24
216
3510
4
3123
11219
6
466
750
3
233
20
750
21
86
1834
279
328
12
5350
12
1496
291
29
68
4954
6
322
5
66
5
3123
37
62
3
1917
2808
187
2
85
44
746
48
5
20
96
42
1983
82
51
7
530
3984
164
530
2
58
3044
19
63
71
7
1414
328
5
2153
274
4
101
4
27
83
12417
7
12
433
254
8
11
178
58
287
163
38
435
64
323
3984
954
7
550
6
538
64
323
62
136
58
4
27
69
2010
10
50
1519
318
1066
26
380
47
1645
9
174
511
65
190
565
541
845
4
3200
38
287
5
1069
1137
8
217
524
23
4
3600
32
69
3
38
1223
7
791
9
1135
3333
24
221
6
323
1795
3
16154
27
11262
44
11
178
138
7
405
20
1468
806
880
7872
24
2300
339
37
1328
9485
1328
7
2
1055
2625
4
872
852
6
3785
1822
481
6
341
1242
8
356
2
2
1031
1112
10
6958
13
445
47
6301
528
5
2638
53
14
2608
337
3
123
89
38617
108
142
140
14
12
5589
5
2
11562
124
8
40
959
169
45
4
248
24961
161
4779
4
4235
1822
13
154
5
406
6
1985
2
12
5
70
1896
203
63
5053
3136
2
272
31
1077
48
196
149
62
105
1794
55
484
3643
4
1822
36607
373
63
5
143
35
14
908
19
2128
5836
267
171
3818
15614
85
5
454
223
90
57
9848
148
2
16019
69667
54568
928
42
1280
5
1421
5
70
105
2638
7
8
10
584
635
96
45
179
1657
1356
83
23
15277
29
622
765
37
20
26141
949
175
103
88
12291
6934
287
6
1265
352
173
3
4
5531
8144
5
8
7899
4
1130
4201
5
2279
508
2
56344
30
485
832
357
8113
10
1722
6
1976
5
7660
5871
7439
240
36
93458
2850
12
5513
29
53
190
41
520
1874
5
461
8
13
12364
6
8333
80
122
10
2785
3
6934
356
313
3
16398
61
332
1482
4
8
7
4140
11692
626
474
98
398
3204
2
2473
2
2567
303
5
4999
1994
4
30592
10
51
78
32
1389
15
4851
5
3081
10
51
138
27
13
42
15
1501
3035
4
10
9134
4
10
48
196
465
25567
8
67
542
4
552
42
3082
9
59
631
37
356
6
2
127
17754
96
135
1421
5
2567
9152
774
11357
7
209
8
10
465
154
6346
2
2
100577
922
3
2411
27
14
3
1159
43
32
7926
23
135
150
440
30
18
3
4702
1159
6
67
133
174
4
8
483
15
2983
2983
3
332
57
424
2
325
30
55
3
1400
6
332
57
70374
5
376
33
18
36
179
15
529
869
5
246
444
401
1450
4
14061
16
110
3
483
1721
38
1372
336
5
1111
32
14689
394
6
183
381
52
840
123
436
972
4
140
1642
262
2799
149
96
81
513
43
33312
11891
135
895
135
2035
494
145
7
80
41
42445
37
22
83
4957
20
85
7
37
54
94
610
280
255
1451
20
133
4
13
1266
280
1154
145
28
6
22
440
381
21
72
10478
21
72
9431
21
72
320
791
4
9753
29
2
281
985
394
145
1262
6
76
8566
9431
5
22
83
16716
8
7124
45
6
157
73
1143
3159
1045
174
1016
889
5
169
5
670
2788
85
4
6
428
2074
70
923
562
3159
7
2
14717
5
337
479
54
758
20
38773
88
1534
1430
5
40253
171
20
1614
324
23
2
1029
2240
6
39
249
120
11
28
3
72
17
6819
15091
33
77
243
727
5
27
267
79
51
7
251
4851
5
3081
101
1116
830
9232
6880
12594
46
33
320
10
174
84
76
5
95
1780
26
16
11698
29
9554
26
16
21
157
122
11698
4
8909
5186
50
39
2
14
7201
6937
32
50731
2630
86
11340
51
135
287
13
28
3909
1075
20
41452
19420
4
318
135
127
289
185
32
14
331
19
2271
3202
3318
54
1809
16
33
88
2043
5
49
3612
75
76
99238
584
58
76
45
5564
29
10
14
245
2
1955
59
4604
1301
6
582
12527
5369
331
32
1610
205
394
229
11
12286
1184
11
28
21
131
136
1197
33
116
26
44
2273
148
37
180
136
901
65
476
7
821
367
28
37
81
8
72
313
3
17
177
5
105
142
4
3188
84
46
3
922
3
112
292
3
922
3
6505
31
144
33
30
18
247
25
1159
25
98012
325
8
33
55
44
37
78
32
12472
46
4
135
3895
5
634
8
1205
4
3125
156
11624
42961
46
7
8
23
275
3081
2288
38
83
1190
229
168
560
3768
