717
2375
168
614
33
116
51
30
219
110
3
858
2
444
4
30
219
110
3
172
10
27
28
23
712
3655
3
22
341
4
18655
69
627
3
858
2
444
525
1423
614
4
18
1231
513
9
74511
82
6245
157
7106
2498
82
28
23
275
45
50
1296
1645
6
1613
2514
9
37
4
509
2
2
284
5
8896
54
2989
6
258
48674
267
4
1021
917
357
23
712
29
53
50
64
2335
181
5
1677
104289
31
341
6
22
69
2745
614
345
202
662
6
1613
15
129
5
106
1219
19
598
117
638
193
23
129
4
742
636
256
728
23
20514
621
2
1457
712
394
747
23
4135
440
34151
28
1021
23
22
712
16
470
351
67
99
1167
101
4
2491
3
123
133
142
52
11
612
17480
228
42
1021
23
22
4135
712
31
901
38267
7467
6827
7448
5211
190
151
2056
2
220
244
323
527
50
68
3633
11773
1691
4
676
663
2
556
614
3425
637
5
466
1017
101050
28
27
331
9
1490
4
8
158
411
19
254
11
7
86
119
111
94
3
1525
1188
22
144
5
614
3425
1431
4
10
406
4
8
11
13
47
4
4713
94
12
147
9
2
1354
33755
2150
3363
58940
63
5
101255
637
146
314
8
11
40
4849
3
1457
150
614
3425
1133
1031
5
21
4497
127
11187
587
212
394
5390
88
1534
177
5
1613
141
4691
2206
3
1759
4
8
609
176
3
666
3
1024
487
1190
5
2090
1480
36
3845
52
26
18
2435
3760
1211
7
6
43
72535
141
68
3195
2528
941
211
1587
2424
3
549
18920
4
193
1615
251
9
95
852
2724
6
143
35
3
766
3
38
308
133
122
135
94
78
32
4
117
494
145
14
3
609
81
3
97766
589
311
351
6
39
249
4203
68
365
3
401
3
676
58
127
29065
1021
2373
747
6
3160
7560
2005
409
24
813
1840
15
2
1973
176
1527
4203
3533
138
27
155
351
1116
830
45854
3961
409
413
813
1840
3
27
2841
2672
3995
16146
120
27
244
140
26
3961
142
3
7560
2005
9
14
6743
128
153
15
827
189
255
6
254
229
11
40
36
40
18
2317
1990
5
386
29
2
41
5134
304
37
5574
5
70
191
340
324
24
2
1204
127
2164
1025
305
6
2
381
23
1133
12
238
41581
63
7
34
91
70
191
3
768
98
1713
5
414
538
4684
35040
36
4509
905
117
305
873
20
364
288
6036
160
4001
838
9
312
5
1438
218
3
2346
386
4
668
311
389
15
64
851
284
719
564
2994
3
1137
5
1127
839
4
2182
9945
163
46
54
165
899
576
4
959
46
3
1692
312
6
19958
99516
698
12475
5
43
722
163
54
13
47
5660
20
153
23
1438
121
276
39
14409
3
1137
43
9402
16
1232
19
17834
4
17986
69419
3
958
278
152
456
43
722
163
16
2687
23
6425
5
1127
4
2182
1669
4743
215
755
178
104
1669
999
16
23670
9
722
559
163
54
16
2045
3
1518
56
10690
4
57
1169
96974
9402
6
1438
340
2863
2364
5
8083
1305
3577
6
2906
306
689
54
16
110
3
17
2185
61
4
2584
19
197
158
6
2162
79687
43
158
18
1214
35
1438
121
17
4348
24
430
3
2201
467
35
335
3
91
43
722
163
234
12849
23
99
7588
301
8692
1160
5
1137
12
312
7
2962
1543
3
123
1552
705
3
1135
559
126
43
127
85
1541
119
111
91
20
743
99
5
48
2
2
6356
91302
3
144
94
5
135
97
78
11196
20
1976
10
247
314
206
43
92
15429
24
1980
1151
102
430
9
25
241
3099
4
18671
532
11859
6166
15
117
5
127
85
6
143
97435
5
1438
121
68
1740
3
108
543
2180
4
2046
564
5
70
226
6
431
102
467
35
10
7
80
41
16411
6
849
5
264
781
100
1856
54
1298
143
35
4
70
8523
100
564
6
2446
4
1009
5
467
35
23053
259
43
722
163
1166
431
9
1438
939
99
12
30
13
5281
2101
240
3
3787
408
5
925
24
1319
19
117
5
71
47394
6
212
7
10
2
2094
427
36
4
14051
5920
24077
6
212
7
10
2
2094
427
36
4
14051
5920
34616
16
874
762
3
251
742
35
167
98236
71
766
2
9885
1847
3
9908
603
163
42
126
22
3559
24
2028
603
163
292
569
1547
71
34
319
43
925
6
1319
59
11
549
266
6
184
3
669
252
85579
71
34
510
429
240
3
762
315
3
611
43
925
308
24
1319
4
472
1500
593
446
5
168
136
5
126
2719
190
11819
315
669
252
158
21127
1431
635
160
4
158
134
95527
925
34
319
1563
4
1930
3373
3
2388
163
122
400
3
1090
1109
2144
24
2424
43
214
158
1757
71
252
1910
2045
3
611
48
29
2
163
5
37
925
9
70
2139
158
214
292
6
6512
126
1293
266
6
1001
158
16
84
254
925
34
17
855
83
3
1712
1119
6
203
2
39
252
4
292
56
5
1163
5
6512
21268
16113
4
76039
2
1527
5
925
6
378
236
34
577
37
591
1161
66
2
2248
