761
318
1066
1264
1534
750
1238
19
221
437
892
24063
271
41
239
2677
13
2178
2
1387
771
8
132
149
4385
8
5
3786
36
80
7056
73
227
1157
221
682
899
2
314
1387
1142
53
7
64
1526
5
1183
3113
398
6
1103
9
2
150
176
163
6
209
1103
6
1167
11403
6
35
191
21
374
3
143
35
19
1103
1183
4758
19
10
3
35
16
1157
3
35
5137
36
3
45
41
465
65
21
20
13
47
1233
2
98099
5
200
5
101
164
301
221
392
2254
2
1453
176
392
3
3101
13212
309
13
1718
21
86
191
21
1916
203
1103
29
13
11242
2649
10
1097
149
820
1387
5566
12
101
5
2778
4
102
9849
1273
4
7163
12882
19
141
73
2079
309
405
593
1768
8
5
4
221
437
118
908
5
5831
6
4
85
4
2080
102
188
2603
4
2235
5
702
257
7
271
41
221
13
3695
79
418
5
451
5684
3992
314
642
227
212
2159
21
86
168
4
713
1273
29
19
340
8128
416
4
140
12968
3982
294
79
310
15
2
314
210
3
8712
1387
1142
190
139
7
359
5
1200
530
13
47
501
3
20272
1282
31
18
1296
2
7035
5
291
110
4
31
18
5663
89
3
2674
7184
9
2960
509
6
725
5
1264
1177
369
8574
1697
36800
798
159
43
4996
3
546
4
4039
1006
215
625
8129
5541
12
1160
5
530
3181
5
78
1068
125
123
1367
5
98
5
125
30
18
388
476
164
77
18
47
28
6
2
310
724
36
12
2
1334
407
4
6
95
5626
40
21
18
47
1050
1068
53
40
18
47
6249
9
507
21
24
9456
188
36
6
9951
559
280
139
8
93
422
446
5813
78
125
50
26
146
166
4
53
14
337
3
913
20
230
149
505
16
3479
4
1861
12
49
520
5500
4
23
60
1740
2
899
5
5693
774
59
10
154
3
204
36
278
104
16
139
5
166
2184
21
5684
1183
16
26
418
5
280
214
5813
12489
51
30
18
388
530
25
132
149
691
3
446
5
271
718
828
11
2074
221
4
167
70
213
5
92
2
3
51
22
210
14
36
3
51
141
2553
20
7
21
130
418
5
5688
29
7
40
73
3
113
8
618
825
77
224
15
20
359
5
447
42
1385
2843
3
243
79
3263
7
781
171
264
153
122
781
13
307
103
1168
16709
5
125
32
69
13
11340
544
496
146
102
781
19
159
150
214
2576
19152
33845
8
781
11240
61
4
80
7723
799
8
16
184
3
33845
59
876
3
13182
32133
5
150
166
1202
19594
79
2
4933
11603
5
1201
221
91
8217
238
625
1640
309
191
59
10
12718
4
43917
32
125
79
159
2332
1806
1392
1447
184
3
605
755
221
7333
1834
141
6
6784
1083
4215
59
26
2724
2649
38
1273
79
1392
1447
4
12718
125
24
2
97
641
15
86
44
126
4
85
461
318
1066
13
208
47
41
11944
194
45
16
1379
7
206
7
437
530
1386
3
1233
605
2235
4
41
3588
14
11
1471
8
11
14
17685
4
70
127
85
292
12
2
2087
5
58625
4632
19
22
83
710
221
659
59
10
897
10
277
32
125
59
10
3624
1806
1392
1447
333
84
468
5865
8
221
6
209
43917
125
641
5
1392
6019
872
1772
22666
125
24
3465
4
5203
1826
26
50
1588
2
177
5
2
605
1273
2425
301
53
7
64
187
141
1017
2427
5
156
2425
3
5224
36
57
650
125
641
132
17
6990
168
1771
29
50
21
1364
12
490
1590
4
21
19
98
3459
5
6347
2465
8925
203
98
451
1273
2425
807
3
1392
1069
9048
51
7
6
209
505
164
14
8128
5
416
19
221
2724
11514
2
3465
292
125
641
21
364
6
2
1273
2425
4
22666
3
2
490
1590
8
14
364
6
2
2425
20
7
2
677
64532
1031
91
6
1083
291
395
91
5
2
795
2425
3
663
3465
641
9
1373
1821
6
4
463
6
270
197
259
139
5
62
221
277
125
8
121
21
47
12
1392
1447
50
855
3
849
172
78
32
619
1772
1396
13
134
45
11
7
7524
62
49
125
77
18
448
61
12
2
1771
11
2197
2
49
1043
1447
7163
5
54
13
10692
32
125
291
184
3
2
417
1632
15
291
4
658
5025
74
323
417
31
40
21
1643
187
1520
1916
3269
28
1396
14
21
2
2173
1821
5
1447
4
80
59
11
596
3
484
74
125
3
35
216
9
227
433
1370
49
1164
7
21
1273
10
9
1201
21
3410
98
5
49
519
3
17
53
8
77
17
2
851
3373
52
1396
179
519
50
962
12
1447
5
49
6019
1043
159
2332
1806
1392
31
7
203
291
9
1992
13694
4505
519
15
2
1376
25
239
10
7
2155
51
46
52
98
46
39
7127
519
50
277
19
874
417
28
221
13
21
4051
1396
37
10
759
3631
4
11
14
7524
51
1787
13
1588
53
7
64
416
5
321
8
437
530
14
1471
416
11
365
3
233
14
2724
6750
12
1392
1447
29
530
14
1471
5
1031
2459
221
1273
2425
