111
1290
195
3824
3550
101684
63
10013
14592
159
1054
257
2668
1140
6996
2858
9069
49087
2240
15438
34181
159
39
3029
1288
669
1204
7331
72497
4
3424
23973
106001
3192
2
693
16
9065
13441
526
437
5
70
347
926
4
6151
220
31
477
6
4142
339
220
607
491
6
2889
2
1879
1689
3283
411
437
9
1054
12
585
23
27
343
1197
1601
1192
3
116
37
180
13080
758
4
463
1864
5818
923
1120
9
2
2072
6547
5
12059
1745
4233
7
9366
4749
6
13021
36
72
3591
4061
11
481
2
35966
21111
3454
6
3450
259
544
20
66
1851
55
4235
4983
6
157
73
57
3133
578
27
44
56
3516
4
2132
359
5
5894
1311
1200
8
14
1274
14084
86
6
2778
5
45
852
968
2163
6
634
8
859
2055
24
22
25409
5
27
166
304
4233
7
1407
6
339
80102
4
4533
618
1807
2359
91
5
1943
105
581
102
105
895
15069
4
2056
56
309
5
581
102
105
895
14
51
3133
667
9312
7
501
101432
36
2
68
228
1513
4467
4
3074
6143
11703
9
14518
93089
220
4467
12657
415
1696
250
50050
4
4387
99987
79272
4233
920
138
2868
297
6
667
339
6
117
10
14
94
78
32
475
63
5
143
35
31
697
2868
12
585
4233
44
6
42
5
363
917
25
19
155
30
40
93
2868
12
585
4233
96
10
314
11
116
8
20
4613
175
22
3621
1199
923
1120
4
69
14
2
1002
605
22278
59
11
28
25
3125
8
3
2090
668
2868
148
8
324
37
337
30
317
10
24
1054
3
14
3
72
25
2
70672
29
1441
354
14
12092
107
142
6
132
4233
693
1256
6180
28
395
2
7965
2868
13
3
17
4
70
143
9
160
3342
4233
28
20
13
3
25
86
15
76
255
175
5218
4116
4
2234
54
7
2714
19
5553
87
26
50
1686
37
2
7108
139
8
206
10
245
6030
30
1910
1371
20
2868
87
78
32
14
2868
6
98
187
25
11
245
697
20
2868
678
56
53
377
1781
25
8
14
1695
25
30
243
48
104
2868
56
53
4
295
2
182
5
1203
4
27
1111
4
140
44255
30
2698
87
26
486
67
1774
2850
14
138
2868
22
1111
3404
22
436
766
100
4233
7
1407
6
339
2008
5553
40
1057
2
1644
102
162
9
501
138
2868
6
69
253
87
156
2
148
40
2448
6131
329
81
91
43
982
155
11
44
615
3
4827
4
34405
22
435
570
2
52
6
2510
7
967
26
34
87
30
219
1721
3
415
36
1132
2480
8
120
26
93
38
1314
1429
30
219
21
501
10
9
2790
1370
444
401
1269
425
4774
8
138
2868
100
14
2446
5
135
150
369
140
12
2202
986
425
1054
7
64
752
693
15
2868
174
70
143
9
160
7
84
4251
2868
174
29
56
5
166
384
1054
4
32
69
50
165
4490
2868
559
1414
227
69
4613
141
6047
44
6
25527
667
339
30
359
5
29405
61
5041
25
1119
10
34
17
73
69
2714
28
8642
786
2110
310
269
23
1054
25
1119
33
34
137
8
26
2803
271
36
26
16
470
1223
9
148
25
73
30
16
470
1223
9
2868
2564
8
73
3941
2081
151
29
10
165
271
8
30
219
646
6
4853
12366
63
5
70
143
9
160
761
1527
5
2868
23
343
40
1840
581
7
113
20
2868
7
110
3
93
20714
61
3549
6
42
3386
6180
44
7
462
295
5326
12
473
736
7
242
7
14
6
2
2868
5304
226
69
4613
141
50
4495
75
63
1477
1909
3786
954
6047
383
9
4
1777
3
1834
141
10
327
966
2
23087
930
11
920
99
53
327
17
1995
19
480
57
65
94
9
24261
1777
373
2
69
13
3
17
11732
646
6
5694
1215
9
2
667
97
151
4
667
906
3289
13
3
123
236
349
3
4
85
6047
218
1995
7
2223
29
72
209
8
6180
2
720
909
5
70
143
9
160
14
2868
23
76
343
3274
1995
19
9621
1754
292
12
38
83
4191
69
4233
38
406
4
9621
2915
2868
1717
4
945
825
138
2868
100
7
12339
105
825
2599
102
42
94
9
3028
1370
5
1426
190
2363
339
307
1864
7
25
136
4
1341
5
3811
29
10
115
420
2608
416
5
4233
807
3
32
69
4
3
63
71
491
6
2
951
251
4233
44
7
1016
88
5
130
60
6362
27
343
231
133
7
242
8
51
7
25
9
32
69
10117
25
8
1735
2
149
6
190
1303
59
4
4142
523
951
254
11
147
4
487
1164
15
921
1335
9
2
2002
3071
6
278
4233
96
10
314
11
7
1681
3
248
19
2677
56
3
71
1478
2005
7
72
147
3
7
34
666
4
346
2
903
5
201
12282
3
33
4
93
142
3
33
1049
2290
140
3264
174
12
99
149
7
72
358
756
7
110
3
358
3
99
3
137
52
20
7
61
22
11938
99
148
7
61
22
11938
10
756
31
866
69
9
63
71
11
13
2
1199
8
1049
149
2556
6
190
1858
4233
44
164
51
7
25
9
32
69
19
107
7
2
2858
3
