2063
466
25565
501
93043
727
3
607
76
5
22
267
3695
2
39
368
44
1282
10
14
7335
3
300
19
617
71
1826
76
70
9169
8767
3
419
4
1251
4
1491
690
304
8
129
5
70
55
17
1238
198
2
11084
2626
82168
11618
154
2
32
987
345
184
3
2
747
181
19
8699
35
5
226
753
218
3
659
184
3
8
3833
1141
1186
2370
35
5
742
4
410
16
64
752
1050
253
192
9
32
2
27
13
1315
3
2078
61
144
223
119
4721
114
32
165
13
4
129
600
5
817
85
19
4
932
5
906
645
106
8699
95179
95
987
1356
23
275
3678
920
32
5093
571
2627
5
76
27
267
2
177
5
4
315
3
329
49
595
114
292
116
51
23
123
613
84
8
27
13
5716
79
51
11
228
76
5
157
11698
72963
68923
1152
7
177
4
11783
5
42
5
88
3302
85
6
264
352
120
103
1801
3700
94
16
424
3
2078
61
2688
1018
5
23253
2
71
4
371
690
18
277
56
791
56
548
98
3386
5
70
9
150
4570
7
1602
5327
1746
6
2
133
1326
12
99
1167
101
3
628
42
634
261
28519
209
7
52
2031
468
43
3
1730
61
30
219
110
3
628
2
3516
2
30
55
44
969
1228
1835
5
119
3400
2927
5
413
24
49
173
5
384
51
78
13
42
7
2386
87
11
17229
104
45
6
634
5
1780
31
132
21
18
47
1471
8
4565
3974
11
1879
254
48
33
119
1780
33
219
536
110
3
154
15
180
36
155
15
4565
100
149
52
7
18
3
96
2
655
928
7
155
234
23
104
4565
45
4
7
113
8
68809
98
497
1236
4264
61
32
267
277
10
3798
8
27
267
50
2592
19
2
300
8
90
40
44
5846
3
76
5
27
41
1602
6349
13961
2263
21
118
1602
1817
7
2
572
148
27
7171
5472
3697
481
12
42808
27
796
2
314
1766
3
167
51
22
69
3841
2
2
5492
9
54
11
121
48095
78
32
14
25
4391
3
130
267
169
5
2632
490
400
45
27
1824
7
113
10
34
577
49
23
90807
17
507
27
13
146
2089
56
5
5437
105
3622
7639
61
2
8648
590
5
6625
304
37
225
1348
745
4032
45
449
4
33638
122
27
2630
16
1003
11413
6
529
177
5
43
14065
393
105
1100
4919
24749
835
32
7
16608
6
2
408
2630
6
43
8
115
9758
102
4565
119
1947
90687
245
344
3
319
6
634
8
53
2
245
422
1398
5
119
31
25
1635
38
108
231
38
1217
1947
23
48
4
6
209
346
354
3501
44
8877
69739
183
60
23
275
3
76
1282
70
274
7
3
948
9
691
5
4565
32
4851
5
3081
7
4
3448
5
2
4556
19
76
521
3
5163
222
486
54
13
13
1359
5
1333
90
70
1248
79
27
57763
16410
7022
2
2
1116
597
31
2167
15
81
37
288
4
19
395
207
829
5
2653
290
79
2
25435
5
3389
1217
13392
3870
61
38
83
2903
2922
1208
100284
481
544
20
66
6
9212
6
428
26
18
6224
938
4705
213
102
1775
4
146
10
451
9
2
534
8769
5
1116
3
18857
38
13906
9411
2
2119
3
105
57898
98
497
5061
5
27
748
12
616
356
13
247
2
531
177
5
32
69
1530
2
85
44
746
1938
7
8
27
7
470
1114
151
882
6
2
107
8
5499
853
70
734
156
2
1770
101
54
7
48
6551
47656
21
4
1041
519
3
9782
6
209
12
429
330
32
1512
27
9
22
1807
3736
73
659
8
63
71
7
21
2
560
70
11
140
453
52
11
115
1036
48
70
62
55
11
522
48
32842
75
466
330
300
70
1003
796
8
32
72
30
83
183
96068
183
60
619
24
4287
8
11
14
28727
32
7
14281
15
90
27
114
31
488
8
92
13
329
81
83
515
13
329
81
83
1601
299
37
81
1601
1686
37
51
505
3
38
244
4
38
475
26
16
72
2486
9
160
174
104
27
267
32
453
25
1132
622
11
44
29
514
56
76
403
8
38
244
34
17
382
15
89
2
63
26
635
1665
61
4
137
38
262
5364
689
2
1015
3
7044
488
73
26
415
6
2
550
117
95
16
45
30
18
3
610
4
14281
15
78
291
82
15
416
24
1806
1392
5957
954
5350
188
30
18
64
4217
9
300
4530
581
1775
16573
12256
48
3018
36
71625
1456
1056
33
9
14575
15
43
3
1500
2
28012
4
3179
166
1655
120
30
55
1262
6
2435
4829
599
41
33
132
91
29088
6
112
300
488
361
3
937
601
590
5
918
29088
164
1964
19
969
1344
25153
2
1051
5
857
4
108
214
1210
23
632
645
4
824
88
644
5
237
9
51
274
2
3438
2077
1421
5
22
563
1576
4
649
7
1131
24
152
842
479
663
89
12
672
23
1910
758
23
12312
370
993
2
60
59
3099
2
39
63
2
1302
9
90
114
14
15359
194
650
2821
25
33
14
12
342
4332
5
48
5041
5
157
172
526
1216
132
17
41
