150
2035
324
3
191
6
17025
2
9734
1479
8
13
6692
3
79138
3649
1476
3
2747
19
60
17025
773
15
81
15075
4365
13
47
15169
15
5166
5
19338
41771
12197
1242
1626
13216
31
1558
142
5
35708
19820
9
201
395
4515
4639
4
13984
451
21706
14926
10407
1242
9162
6949
650
1564
5887
40
247
42
5
103
7085
5
4515
4639
4
479
5
1564
8659
562
18311
1626
13216
31
2678
88
5
57
4
75
894
18311
905
7
320
4
32066
19911
71627
5
19911
4603
1291
57
7085
5
4515
4639
174
17025
40
18
23
275
13
656
52
21
773
995
15
6637
3725
6300
12195
18311
325
10070
17025
4
6300
12195
50
161
1479
1553
9734
4
1284
3
246
782
6300
12195
842
203
18311
13
47
720
9
19
6136
479
6300
12195
14
6
209
1851
15301
2958
118
272
31
320
18311
905
6
18311
2070
6300
12195
14
714
88
5481
13216
31
367
244
11
40
549
6159
993
7711
22
23169
203
18311
4
17
6
5986
19
117
5
174
23
5986
6300
12195
9418
6
1568
41196
6119
3282
25
3516
12
22
67746
8
8587
31
14
6
4
17800
266
40
18
3
706
874
3
3850
6
10740
53
14
412
8587
36
580
765
77
25
37
10
6300
12195
481
6291
9
4515
8659
80113
68128
6702
93034
36
6
2333
6834
479
5
4515
8659
22
6834
1977
3
2887
77
2700
2
4441
29
22
280
3407
469
1068
165
20
44
10
7
28
8
59
6300
12195
14
3993
5
1124
122
203
35109
11
14
3528
19
2
722
163
1696
3
7329
11
7
19369
56
98
5
1624
696
6300
12195
40
468
580
31
40
1795
9418
6
10
8
11
13
6735
1956
8587
732
88
2718
782
26
77
21
610
22
2727
178
89
4
165
25
174
782
26
16
84
28616
5
8602
284
5
256
4557
4610
9
38
8587
8948
174
8587
13
445
1974
8
53
50
3389
8158
8
59
1588
40
6553
4515
4639
54
7
37659
4
13984
54
7
35692
6
8587
1641
5
475
53
40
17
72
42
3838
662
5
1677
8126
4
8
40
17
21710
6
4639
21710
242
343
12827
2
2
284
5
2
38991
6123
4
16
1541
5037
26
663
141
48
1677
8126
121
663
328
29
26
25
6
4515
4639
4515
12024
7
21
86
16932
53
7
1657
590
3666
120
4
626
5130
7
583
168
2
590
4
190
168
2
382
590
23
2
3291
51
62
61
12
3291
7
2
1564
3849
2087
54
77
18
86
47
146
19
1564
2375
168
590
174
53
7
1564
2364
1462
4
4515
31005
6
257
52
2048
4333
423
5
2
42851
5130
6
905
26
55
21
4333
10
1969
87
131
309
5
22320
10
748
10
6295
52
26
346
10
1969
309
5
38
377
25
1090
81
24
1340
10
423
8
865
2391
5
19911
4603
1291
10
48
37
5653
25986
6
2
5436
412
7
856
4
2048
7
177
5
5887
9887
3
201
1008
174
100
21706
14926
31
517
4548
2880
6
9
1930
5887
8
96
10
48
179
14
41
65
72
2
1100
2
6129
4
7963
23
910
11
14
2
6516
545
5
43277
4
178
626
2634
14
2
7340
5
2801
668
142
140
14926
607
7644
3368
5
4515
4639
84
228
9663
3368
2
395
64
4248
175
35
5
2
1125
2172
4
51
7
116
37
10
36
714
282
51
7
55
116
37
10
52
7
155
3
76
1474
340
46
25
26
44
46
53
7
37848
86
3555
3934
10027
9663
3368
7
7644
391
5
486
6
4515
4639
3
20
131
44
2
575
6076
810
5
72704
4
1541
9663
3368
28
258
889
66
404
412
55
830
52
53
7
412
3
137
10
137
303
89204
3
17
7
3
17
2395
75
2177
2
4
4815
3
4633
1626
1100
6121
11108
7908
5
12541
87872
500
12197
1242
8602
654
12
7451
12730
368
6
12128
818
14926
40
870
3596
986
37
3947
1741
4
1741
5
20496
6
341
20850
174
11
40
3304
22
2505
5887
6
6
12837
1242
10
165
1555
13216
91
3
607
2
1564
2364
6
9663
3368
1564
2364
7
88
1135
3952
8
55
17
398
3
2
1677
213
6
4515
8659
14926
5887
3572
6370
3563
24
54
284
16
2511
2
6370
3563
7
2
6834
3952
5
2
3941
2738
53
16
64
2661
284
4
23
60
14926
7
1299
2
254
7
25
73
10
4
7
2752
7
367
13
476
3
25
15
10
8587
14
25266
21
86
14
722
13984
64
752
7895
29
714
13984
682
2
207
391
977
116
11
28
155
115
21
671
2439
15
2239
14926
773
1867
15
8587
6
8997
66
2719
3
11623
2
3838
662
1741
4
6553
668
180
79
42
21710
1008
29
19
117
5
36217
11
13
3286
95
315
6
2
4830
11
146
99
85322
1664
3
51
13
247
508
2
20303
40990
10
19
254
8
51
11
14
37
3
44
230
313
8470
14926
30
12
3
468
22
14585
1263
8
59
22
5887
313
3
17
3341
363
382
13124
26
16
21
1099
29
48
245
505
4960
174
3818
6
14926
40
900
3
628
37
342
694
23
4
344
4830
171
108
694
724
947
2
7795
4830
472
87
11
13
247
2982
37
478
1073
11
40
