440
791
10
2
7174
1605
5
832
492
4
1259
5
4
555
3405
223
58
114
52
10
324
3
87905
394
723
22
5989
583
102
27
4
305
74
487
683
4
1515
2533
5
1038
200
6
1025
305
196
15
617
71
4
3338
4858
4
2772
2105
7
196
15
169
5
70
193
134
1508
21
86
14
138
27
3827
3
17
277
11
14
1009
2533
5
1038
11
726
3
566
5
10
39038
68
908
305
5
7474
1152
5
69
254
7
18
64
384
5592
12
98
177
5
138
27
17820
4
2156
1664
3
305
25063
27
503
435
23
2
1117
69
100028
22
177
305
134
3281
1508
8
11
12286
1184
254
130
1015
50
6805
19
10
130
872
7
73
10
7
25
113
10
1861
8
21
31
7
47450
636
256
728
31
13
123
22
69
475
12
592
6
235
298
742
289
134
421
39
21931
2264
20935
8
11
40
584
21
1306
61
362
374
6
57
949
3
9514
27
29
383
8
114
13
86
2602
37
727
374
20
66
476
7
30734
421
39
199
307
442
822
728
719
27
19
566
1398
173
223
253
58
114
6
12951
97590
110
3
192
742
728
134
2264
20935
8
21
80
2
194
9
180
10
37
51
30
25
75
8
4
48
236
30
18
3
155
29
50
21
470
10
9
36590
13
374
3
193
579
298
949
6
54
27
517
3728
4
1338
1225
2
149
2
3897
1339
193
68
2602
61
2
192
6
5551
289
305
7
2
4065
667
15
374
122
62
8
5233
1216
5
498
16
10048
56
598
498
1987
2526
650
433
438
42
5
911
35
3198
12
2
58
1467
14
64
248
1658
56
99
1219
19
637
3547
1267
498
1256
1542
161
13
47
1264
4522
2
3665
127
1201
292
12
38
433
1216
5
593
4
159
498
24
189
3
728
891
2071
3564
4
4755
18
1693
583
536
175
81
26
18
568
5
526
576
4
321
26
396
93
98
1969
20
6096
6
322
5
622
30
380
367
485
37
58
20695
9
35
92
9
526
576
4
953
3
93
284
24
58
90547
2
241
60
10
14
1718
8
387
50
17678
9
1786
5
711
51
15
38
899
576
438
148
21
8
20
1593
81
24
438
9
63
29
10
13
1949
580
1466
8
375
128
387
3
247
63
13
47
612
6
617
71
1558
8
241
8519
4
58
18
2
2651
5
387
3
1386
24
6
103
5
378
6
237
305
4
193
313
3
17
377
2218
282
65
498
4
16
23
20
173
388
2
492
1099
80
286
1343
5
81
16
987
23
41
65
129
667
866
457
370
4522
2
195
5
2
39
1548
7055
58
97
13
723
56
3
17
4915
2363
387
12151
2230
7
2
75645
33
18
14745
202
4611
46
26703
1264
2866
1776
576
151
5
745
98
42
5
894
133
14
1192
3
17
458
3
137
2
63
4
58
289
114
396
524
98
5
81
26
16
472
28223
15
103
471
31
18
208
621
166
266
4
313
21
3
80
610
67
213
5
92
36
299
62
10
11907
1228
331
76
58
1584
3
920
20
89535
2
382
930
20
60
231
28
202
1584
562
11373
576
526
576
104
16
930
10
37
101
354
4
101
3378
4
541
198
2
1191
33
137
62
344
185
18
47
2318
4
4512
323
41
65
367
41
80
65
52
33
50
2
306
195
6
268
548
58
20
66
25
14
1286
26
14
42601
222
452
1202
350
2501
21601
2
193
267
134
1228
26
25
14
683
26
14
1408
26
25
14
2
282
92
26
14
2
39
92
585
13
3173
4
3083
222
18
533
492
22804
49529
51
33
34
37
27
4
931
26
16
161
5950
29
10
3885
2209
5
38
14905
8
71933
21
912
2
1066
8
58
114
1114
92
10
47
38
217
42
3029
1291
9
66
6
209
619
2284
1196
491
14
508
9
22
254
92
7
21
1154
3
67
255
92
7
255
4
30
116
26
1114
521
26
18
757
568
12517
89579
2023
4
80
357
682
29
375
84
26
18
1114
58
97
4
616
25
26
1114
25046
313
3
18
721
7
8
202
292
114
488
5102
4
9741
87
26
106
9
2
58
233
4
8
233
13
784
3
1843
1022
12
54
26
866
99
5
48
26
784
3
1300
63
71
24
266
536
168
3751
36
23
785
2705
6
26
68
784
3
2715
84993
614
1018
915
172
980
680
36
117
105
3622
72
9
10712
480
6913
3
468
58
114
8
53
16
258
5809
5
92
3331
19
833
4
1449
4
57
45
6
38
83
97
2
149
2
941
97
31
18
382
1022
3619
15
38
83
52
33
1795
3
2009
152
4
663
51
118
28
6
222
2833
10
6382
26
50
134
8
26
517
2
1002
2171
4
84
26
859
12647
948
45
31
18
47
395
627
26
25
319
59
26
1795
3
104
1604
629
438
9
38
97
499
26
72
485
41
5
183
46
4
26
25
14
3
485
10
2564
26
14
480
31
34
2436
81
8
20
24151
92
213
15
48
95
833
4
1449
4
48
