711
19
118
3044
823
63
4
11872
1909
59
11
3611
202
13
208
2061
2
498
4
86
42
629
24
5904
170
32707
29603
142
6
387
2494
3028
6
4
1343
5
81
50
912
7093
2946
46
29603
86
295
103
906
106
4
3028
14
11006
3166
19
3722
200
32
6700
41
5726
6890
3
226
21
818
120
11
14
1284
4
22
526
576
14
6
2355
108
24
4235
25
156
17420
906
594
50
21
774
41591
122
10
560
8
1265
906
1963
7
131
9373
9
202
26
313
30619
15919
12
20
818
1542
365
341
345
6
6938
2576
237
29
9
205
45
50
68
631
61
1338
636
1987
4833
4
1316
636
1221
1358
2
3297
3665
655
3
345
202
56
5
9864
548
142
6
2
26
48
146
15364
3
58
498
1648
2143
607
81
20
13435
209
8
26
819
3
17
458
3
11858
97
1040
30
44
58815
210
14
68
2
273
2339
173
2
1542
243
10
171
22
1350
4435
48132
571
792
11
1389
8
42
121
17
2
19543
2009
2
42
55
93
351
15
4
21
17
9494
10468
4
1542
14
8
756
6
207
107
39
1790
607
89
20
19100
365
22
6119
316
24
1793
9
983
70
9
3830
4
28
487
9024
2515
1688
11
13
1690
4147
1770
3
95
5
1221
2071
4
1987
3069
22
433
5
637
8948
14
373
3
84207
11
828
819
2141
25
2141
6
209
8
11
939
3
17
271
5
2
18276
20007
23
60
774
12
338
152
120
22
5996
5
22
1478
13860
4
2924
1245
5
491
1324
12
2
21968
50
15469
3983
122
48
5815
6
97
31
50
5449
3
17
22
1832
1998
726
89
2117
5
600
22
5492
4
10540
146
81
967
22
10281
4
8360
11
13
47
1801
1718
3
17
3159
1045
100
655
91
3
38
2278
6
637
17934
4
2385
69
6
1267
4
26
50
10159
131
5634
15
89
375
11
739
395
4054
1437
73
254
8
2284
1196
1832
238
188
3407
14
470
12
603
3001
10201
637
4
16999
12
487
363
60
945
5502
12
737
8
80
605
487
121
17
448
21
990
9
1032
60
115
870
3
607
10
4
3159
18
508
8
9
2
122
84
4047
9
337
8
469
2409
11604
751
101
72
7
976
89
3
480
31
7
2
232
5
8
1793
22
2956
13043
24
7491
819
6382
29
26
796
10
3699
15
57
94
6
237
15
571
222
1690
4147
2
149
2
27
31
6966
383
8
90
1690
552
89
196
8
5062
208
12661
9
89
536
4
80
619
24
84
5037
57039
2
20
66
6938
2576
5180
9
1542
69
14
1326
12
21767
5
22
1532
11813
6
11541
2475
3
22
34
4
6529
23
785
2705
1350
4251
3
192
6
66
8
50
150
135
906
10793
4
86
118
3456
370
96
33
2
2192
5642
6
58
97
104
44
4
454
2
2168
408
8
13
47
760
4
1022
4
2
868
240
9
90
66
126
33
50
612
1415
2
2
3815
5
7319
191
25100
2115
954
4
4251
3
1227
3259
7
5899
1050
2
3179
959
46
54
154
3
113
5
10
10
340
7
6
202
2
209
7
8
1542
13
47
88
18692
629
6
133
292
1138
993
58
100
14629
478
3
346
2
195
31
55
243
2
7515
322
12
10
1136
74411
292
46
4
152
25
3097
3
21
178
51
38
1070
50
1222
81
8
1542
14
2
2273
94
73
11786
4
5283
126
89
11
132
18
1492
201
12
2
18757
4512
29
6
738
11
822
281
527
5
290
12
185
695
36
12
3738
201
39
9
197
2134
4
492
58
7
8
53
165
76
403
9
38
6938
3023
1934
3
154
560
6
53
7
190
42
6
237
742
636
256
728
229
36
21
11
55
96
642
7
165
2518
29
52
53
42
148
33
55
44
37
89
10
8
11
476
29
9568
1965
58
1606
313
25386
19
2282
9609
20
66
25
239
4
728
7
8993
5
2
6516
629
31
365
76
60
56
3
1481
6
46
11
2363
6464
58
438
46
4
140
3190
142
6
3
247
498
4
140
63
11
68
13
2
3895
5
24911
22
9028
3361
15
76
4974
13653
24
60
3
60
54
7
1598
3
17
3310
1520
11
3554
76
31617
2252
37
1501
4
449
3
1104
10
29
1112
505
20
60
56
9
95
31
178
6
306
43643
403
2
86
15641
9
2
5422
97
8
147
480
31
55
1463
133
10
13
1126
1139
4106
18825
687
53
207
337
3
178
8
179
801
12
434
1061
403
165
244
4
1605
1040
223
95
58
31
18
2769
12
139
5
980
101
7
7
147
3
7
380
445
47
4375
3
202
519
5
41
574
4
186
92
29
486
10
9735
4
2557
3
853
5
67
3856
8
58
40
21
2553
95
7230
3
980
101
29
5
376
7
14
465
220
7595
6
69
518
171
4
53
801
22397
285
470
61
9
980
782
980
14
357
8
14
91
142
42293
122
10
370
914
105
675
3
91
980
101
3
1159
4
853
105
173
4
202
7
18
2
6839
12
139
1062
10
14
200
32
31
1355
441
5
680
309
8917
