451
22
766
132
514
707
4049
29
371
27
4191
8
11
115
22
325
3
1227
1111
34
253
96
104
186
63716
368
5
1144
13
10
8
766
40
276
2
282
448
5
62
136
371
27
7
1155
39
249
1143
13
398
363
382
678
9
22
2060
1155
54
18
48
47
875
65
1181
19
554
755
4
2563
73
8615
38772
8450
229
371
27
7
29277
22
2060
1155
132
21
17
2
1041
2
76
403
24
22
436
95454
729
744
12
935
9
66
21
896
106973
132
17
451
3
468
62
136
935
138
27
146
6
2
398
66
29
1703
107
22
840
2807
246
34
165
96
20
831
43
280
1662
1604
55
123
436
689
292
12
24328
4
57
2437
9
38
760
20
77
609
371
27
3
181
454
186
935
4
1541
236
89
6
2
1058
436
52145
30
132
21
93
4
2661
217
9
371
27
1549
10
7
253
766
40
276
2
41
2671
1245
5
22
52683
729
40
62
62
136
1710
4
861
840
11
83
3900
3
89
6
2
66
10
40
21
276
2
601
641
5
1155
5
95
1587
87
21
48
1710
7
3900
3
1705
76
7
243
142
6
3
1627
402
29
10
40
276
2
448
5
44811
148
2
436
766
40
2289
62
7
62
136
371
27
276
3
54615
27
366
3
276
169
3
4690
434
4
4159
52
560
22
436
729
40
988
8
70
16
918
3
16953
4690
1531
5
74
6389
24
38
436
200
52
280
1662
2728
1928
2
136
2
11
897
10
121
477
12
22
436
7029
65752
27
13
28
11
34
307
766
75
4609
29
377
25
126
40
1671
22
4060
15
16099
417
7
21
4758
24
3404
38
436
766
171
4
4609
63
1909
14
1451
4
4609
59
11
307
22
29
90
436
1604
25
2803
102
74617
7
110
3
234
23
81
4
346
271
3685
52
4215
5
5566
7
555
1999
230
488
1020
3
25
4
4609
44
1208
76751
24
141
1199
98117
1999
13
258
66
6
88
187
3
516
229
3
4609
2
417
371
27
366
3
18
322
4609
12
2
2320
1631
9
557
2
19579
57
653
371
27
40
18
3
17
774
19038
36
572
23
3416
22
1111
3
154
203
1999
17303
25
85642
1999
91
2
1447
348
54
853
436
3416
52
53
16
2
217
5
2221
1901
12
2
994
729
10
7
140
6173
19
2
399
31
516
229
3
25
4
49160
31
16
15668
16
68
2459
398
2
862
6
579
66
52
183
139
16
10869
19
1447
87
1999
158
18
260
1492
79
14015
4609
55
123
205
4
80
66
371
27
436
766
132
21
17
146
166
375
75
85
52
23
10450
8566
94
13
16764
88
105
3123
375
84
4
10
451
3404
22
436
766
77
17
488
73
494
145
7
817
6111
24
22
6645
1246
3316
1490
4
1002
1691
1384
387
5081
313
73
11
77
691
22
105
1408
48
107
3
135
499
261
1414
2
4369
5
128
1038
289
949
145
13
517
80
12
540
41
65
45
723
61
3
485
89
628
6
3142
4
12
473
2
39
150
199
822
89
1878
807
15
78
32
3
129
46
2
443
8
243
89
474
1381
5
62565
321
145
7
149
12
22
107
3
2
7093
1287
12
298
11
7
761
3
689
39
249
120
35
141
1090
679
76
5
22
2933
267
24
360
6
135
289
412
136
7
55
25
10
572
39
249
35
85
141
11
36628
12
473
2
952
5
264
199
1337
8
32
640
2
3519
5
572
310
7
165
6648
12
1562
3
1354
127
499
292
12
49
5349
374
77564
17
1372
145
13
3767
25
126
6
452
11
13269
2
6202
2314
3
1878
807
15
32
4
6
1338
11
3345
2134
19
29633
49
345
3
192
478
35
29
80
52
11
1711
198
707
2946
6
207
795
35
274
6
237
145
40
165
1455
32
223
374
31
16
1471
9525
4
2337
46
97
195
31
55
210
15
536
94
13167
5
38
35
106
4
31
18
1138
210
15
32
494
145
40
18
3
192
3348
75
3348
1712
6
39
249
3
160
8
2727
562
8751
63
71
159
69
1584
28
12
2130
322
226
540
11
296
2
90160
69
884
29
23
20
173
10
72
234
73
60
7
438
40327
532
145
9257
32
19
1657
4468
6
48
372
2716
35
39
249
364
395
95
3348
1264
1598
122
2272
3
1338
1561
2
38
6748
3
592
145
69
13
3679
2302
18347
142
2226
9
298
164
699
30
25
18
3
192
39
249
12
298
29
30
18
3
1306
61
2
182
5
374
145
69
1286
2515
5095
28
6
4
125
540
2272
3
987
998
94
474
173
5
32
20
199
62
8
52
30
319
794
30
132
340
18
2
600
3
25
52018
57
372
738
833
1451
145
69
7
22
899
5
2337
408
5
894
18
1521
32
5748
49
374
345
24
3
80
52
145
1315
3
192
2
952
5
3348
2946
46
511
65
2
41
253
1934
6
54
11
2113
1090
49
69
24
2520
805
46
11
17
16005
3
904
95
12337
374
74
3
22
210
136
73
638
193
