58665
115
21
4527
43
23
48
11
134
49
51
4527
43
7
209
8
43
13
41
1015
852
6
2297
65
557
98
372
133
12
59431
10759
73
153
688
3318
4
745
3494
105
2108
2515
24705
551
384
750
24889
2
39759
1876
3
4
547
28790
2362
4
3
16520
427
12
955
51718
145
6513
20
2318
5
411
7
682
5396
457
8645
9
482
481
37
750
4
28
52
112
411
3
104
594
7
8
26
219
48
1536
48
615
9
262
15
78
33
16
131
136
177
5
13321
8250
5
3623
5
5960
1673
9
145
240
16
6
2
107
41
1222
4
12602
65
536
5960
986
36
3623
5
10
145
4
22
853
5062
551
25
53709
7
438
2
2318
5
69
8
131
2221
9
2
1951
162
29
1581
677
9
2
58
1025
305
9
482
13
1178
2
529
436
642
2
1449
779
1167
4
443
6
441
749
4
3
1090
98
642
6
338
214
36
2775
9
45
1027
23
36
746
41700
7
1633
21
451
29
10
13
47
2
255
9
305
6
202
289
87
202
289
46
73
2992
4
1225
46
18
47
37
31
13
325
188
240
10
7
37
62
222
2023
121
17
1830
4
46
223
95
31
336
2
707
2391
46
31
7
10
88
1566
2885
4
202
1225
50
37
229
58
97
121
17
2
1660
5
222
578
36
229
10
121
218
6
60578
1561
5
11836
385
151
23859
46
15
222
817
6
4
208
3176
67310
9
462
48
5
20
60
18
21
1830
586
2
2
3607
806
5
222
202
472
26
16
2
6515
902
5
385
151
615
9
151
192
8
793
3
7209
2023
20
7
206
2926
10856
240
13
47
2
131
344
177
5
135
90657
69
102
78
32
7
41
73
2284
1196
838
15
6099
9
65
73
9285
289
5
2
177
5
22
105
1408
145
14
3
160
135
97
54
11
2926
14
21
80
2
232
5
79
2
136
41
1651
105
97
7562
9
145
173
5
470
188
423
7
136
41
37
998
120
11
524
4
31
22
542
4
2006
16
65
10
7
37
829
5
11384
51
11
40
340
25
2
63
75
48
7
110
3
17
10502
19
105
4978
4
22
953
3
4308
92793
145
1282
5
376
20
7
72
3922
18414
8
9083
325
2153
5
135
97
4
459
718
194
37
145
953
3
25
718
188
1312
59
60
154
3
96
655
29
3
22
1998
28544
16592
829
7
72
2
107
5
55301
188
1122
3
51
55
17
102436
11740
6
2
108
120
6646
4
7023
4197
105
191
46
21
2664
61
41
4
282
119
986
46
7
2046
1786
9
21
465
1731
7
1597
5
62
3
4101
2397
36
1933
919
10
7
42
8
154
61
6
597
290
25
10
34
17
3179
3
96
2
281
2901
37
10
164
30
34
358
37
919
24
542
347
4
78959
223
542
30
34
2243
99
99
664
6
20
428
7
3
96
4
4658
3
1024
229
919
7
1155
2355
36
31098
10
7
2
1357
209
5
290
8
76
919
18
4
9957
1388
59
103
45
64
752
18
476
6
677
36
38
1082
123
81
6
7921
1524
10
132
17
831
3
346
677
585
6
20
743
10
7
445
282
3
329
919
210
2
1125
439
3007
511
65
2918
11512
10096
132
549
57
97
15
1322
1329
4
20
121
17
3744
52
23
48
25908
16
76
1430
120
4101
7
21
451
59
480
13
1285
2
1803
1713
5
976
36
1036
20
7
2
1259
527
8
417
14
208
2
542
6
99
236
190
173
3
319
6
634
7
8
4101
5
2
1933
919
633
46
64
1042
46
3350
5
161
675
52
57
417
7
4810
3
2025
6
428
140
112
315
34
17
7731
4
34
154
3
84541
30
18
1024
8
5254
7
1155
20677
36
12857
235
664
7
3
516
62
3
96
99
997
3
57
97
6
20
30
327
666
3
6173
337
9
255
6
99
236
30
121
96
4
1888
2627
37
62
148
295
3
120
26
16
7
480
44
36
25
271
8
434
490
1329
12
57
210
14
53
76
9238
434
8
146
103
675
7921
6
240
4
1717
104
1105
5
194
327
17
4240
4
1214
331
30
18
2
4556
3
6273
67
83
14390
297
4
5956
95
5
57
4
20
327
17
1296
6
20257
531
328
23
20
173
7
3
666
3
243
1903
6
4623
5
57
97
30
327
666
3
137
148
24
67
542
2050
9
90
45
20
55
17
831
2
10
646
502
268
67
83
1329
5
1671
36
4360
4
79
4623
5
57
417
4
321
10
7
2580
131
2513
337
9
2397
36
1933
5254
659
6
209
8
53
7
76
255
110
12
6
57
417
290
86
19
118
2
18725
545
5
399
1160
55
30
6435
434
1119
86
148
8
434
2397
919
14
76
8477
8
14
1529
58998
6
634
8
30
327
666
46
23
275
6
67
83
634
46
3
3875
333
5
57
417
255
20
7
21
445
451
2
399
118
16
21
445
4072
29
30
55
23
275
96
315
7
1062
6
1709
24779
8
53
14
2
306
368
24
