1540
8136
15
95
5
97
1055
106282
68
13
2
4026
520
460
5
454
4517
24
3882
1096
3
247
2
2822
1051
4
140
2
43
387
209
8
11
4
32
40
17
99
21158
372
97
1813
121
17
4915
29
7
3
90
114
10
40
17
99234
55
113
5
363
57
595
438
2151
9
32
3798
29
7
1382
2
7548
59
424
3
154
61
15
2
10413
1120
9
27
928
11
72
155
10
46938
41
24
9691
12293
3250
663
89
12
672
36
2656
3
22
1782
12
558
33
55
68
1166
89
298
23
1171
9
2
323
195
28379
13218
1064
32
13218
1673
32
1467
9
1279
3
683
177
5
49
1043
512
200
29827
69413
1228
318
109
300
172
220
244
323
843
28379
13218
12
442
1064
78
32
9
63
32
1467
12
1217
279
7
571
10
7
2440
19
188
2245
5
268
4
7
2
1641
9
120
30
147
3
155
13218
481
6
2
197
259
3454
32
2773
2
518
15
13218
4
57
220
244
323
843
6
848
3
1643
69
1752
240
3
117
176
581
13218
481
8
32
7
477
3
610
5391
5
147
3
16
1775
59
11
608
438
9
119
111
29
8
49
423
12
1217
279
7
162
16
9415
74
117
494
145
411
3
2
4653
35
440
6
1378
3677
2381
194
37
62
912
97
230
243
682
142
570
285
76
172
135
195
18
3414
371
145
6287
3
5515
6
22
267
75
26
9055
97
1378
440
21
3
73
1140
927
7
821
388
89
628
6
417
363
60
4
22
552
9
45
4
356
7
9515
9047
7
569
2
11
510
442
11
7
21
438
9
63
87
11
715
4
11
40
18
590
61
8387
7
113
11
146
101
18083
1082
3
817
135
499
828
14
314
329
1074
1041
4
10
282
9
927
3
117
22
1433
23
422
173
5
823
711
511
65
666
9
711
370
285
4
1845
4
122
927
313
5117
3
12776
2329
69
16
502
186
4
186
715
19
44
699
7
8
2
927
1401
40
18
47
15025
9
114
4
152
29
10
584
40
18
47
131
15025
9
33584
20856
2
927
1401
230
551
18
30110
1704
14360
314
538
175
78
32
4
494
47608
99
135
185
120
32
630
3
653
8
49
240
9
62
3
224
15
2102
4
4385
5
444
401
14
41
2413
4
3527
65
145
145
411
149
8
21
100940
20
139
145
7
101
11
7
2
6516
288
2126
3
173
120
11
21
2250
3
1512
4366
2245
5
2682
4
160
3970
328
5
868
3
96
507
515
248
1237
45
4
400
907
32
12
57
435
13
828
1818
76
5
1246
5
5223
6
49
759
69
29
2145
3
54
10
376
168
49
3644
329
1074
49
648
7
5087
6
311
5
20
185
40
18
47
927
823
63
13
41
2126
401
10204
24
17034
613
13999
7
25
113
7
821
367
485
927
628
261
5771
22
6426
5
21572
1331
41
3588
640
2
10312
1433
170
140
11
445
1315
3
1500
2
2285
3346
2173
1140
2318
29
12
648
11
41
1867
4685
15
32
65
145
927
106
6
950
5
67743
309
54
7653
177
5
8436
309
1766
1224
3
493
3
1262
6
3165
41794
8
4029
515
927
210
15
273
493
6
395
10
2092
9
70
3
1257
38
869
5
545
836
4
927
144
3657
2064
506
224
2
32
7
9
2
122
126
644
1972
49
384
15
2
334
41
65
2
66
375
127
85
10
2580
9
135
114
4
70
6
257
3
137
2
185
6
1225
6
54
2568
4050
288
188
7
1341
4
6173
6
849
5
2
3945
2126
1099
32
4
145
16
454
8
131
280
4
344
185
2173
1140
31
1214
1611
4050
648
8
88
248
133
698
40
18
102671
2223
148
7
55
210
2
1681
272
208
454
47
63
5
143
35
5
157
927
370
134
2
523
29
10
115
242
7
635
296
84
1350
11
635
296
4
122
30
121
17
5071
9
22
166
427
61
375
84
22
335
7
68
2
166
427
87
135
289
34
296
282
10
2602
32
74
49
172
970
1384
117
494
145
91
3
49
576
4
188
354
10
68
1162
967
12
145
953
3
5546
363
5
22
531
648
211
1414
61
529
493
4
1694
2
18558
283
299
89997
32
7
101
655
9
162
3
735
2
1641
9
157
8
7
6461
382
24
42
8
719
58
94
800
2
1641
6
54
3676
70
18
2
280
350
23
3830
225
101
16
4148
2161
602
16
398
2
600
23
3799
414
1815
16
9786
4
133
7
1296
1106
60
1757
2253
979
301
1188
4211
37
2
2689
1464
6
278
54
32
13
103297
32
69
919
15
60
13
47
1474
23
60
74
268
66
579
1856
8
11
3371
2
432
125
783
122
719
35
28364
878
69
908
986
5
7162
2059
4
2156
12883
5
854
6355
1031
75
2254
1826
8
227
2662
257
13
4103
2
618
291
79
32
125
91
171
49
2451
23
35
216
32
1313
14
21
809
4
187
14
21
618
2
750
24
69
4460
8
60
4278
4785
460
1939
10
1087
4
725
1128
640
5087
17393
4
