10
62
72
62
831
10
55
17
3
319
22
83
232
6
368
82
774
59
26
16
438
9
63
2
7
88606
10
62
8
1119
1927
788
5
501
2872
3
163
2496
6
233
72
115
179
1119
26
179
1119
26
25
28
117
8293
2997
651
5
2213
10
1191
3
345
20
2921
11
44896
457
1548
13
146
1172
561
2191
348
22
3118
139
4
13
1468
22
11800
265
431
6
69
2
4
1749
32995
6774
509
5
132
4
285
6
4
2221
265
1688
12
540
457
91
4406
328
3
4247
1616
297
12
139
2
106
12
2
111
1816
508
2
1076
574
309
7
21
761
375
394
20
32043
7
912
51
1325
14
424
3
33240
111
200
893
2984
4
13
63
71
144
10
549
262
5
561
2191
3
951
840
511
65
92
4
633
92
3
93
2
1273
2425
3
656
74674
773
490
3
858
941
3
111
200
54
11
13
1512
2
2
4242
3
625
2191
29
11
182
267
2
387
8193
231
111
200
3
6
2
6652
106
3
1108
200
12
540
195
13
697
3
551
2372
1952
5
2079
309
29
457
82
1038
44
404
4
12
540
82
2937
80
4342
63762
507
30
219
21
110
3
329
668
348
6113
29
87
387
457
7
470
1255
5
328
5
265
34
2581
4
53
34
17
4
5261
1088
120
226
7
186
1354
117
256
1618
651
5
1613
28
12
102324
137
148
3699
1290
195
2772
2105
5
1378
13055
1325
4288
89
9
2
4398
771
19
1645
3
611
61
2079
309
1952
375
72
126
265
4631
44
264
82
2
153
126
38
63646
11
14
408
195
2105
68
91
2872
3
4698
2496
10
2
677
1616
2103
3526
29
2105
40
208
18
6762
20
90
200
570
102
2
2872
261
2
314
1082
845
22
1007
1822
16120
28
6
4
125
371
16120
14
1876
3
506
4
3848
200
8
68
50
106
12
2296
126
265
1558
9
264
72
74
2
153
45416
20
18
47
49454
831
3
116
28
117
2816
5680
651
5
3138
714
30
121
18
3735
6
128
153
511
65
110
12
264
375
139
14
94883
57
435
11
28
59
1325
1266
4342
3448
3
179
56
1816
1053
72
126
264
7
25
113
10
14
3529
8
457
4
76
135
767
40
85113
11
28
48
5
43
16
1581
1229
37
348
110
1682
23
2
60
59
430
447
7
131
422
4
541
23
43
24
25
90
27
13
2
1398
173
2039
74
78
32
6
410
184
3
2
39
2356
356
199
307
442
2
161
127
69
6483
1170
904
35
6
2
601
1785
3
85
44
31
25
33
113
34
192
6
410
30
16
947
33
2
600
3
106
12
67
199
4
1386
42
5
103
451
94
31
34
848
19
6
66
100
3463
39
450
4643
684
18
2721
19
170
2
181
44
852
1473
2627
19
44025
770
5
1985
32252
4
15584
835
8
52
1420
218
8
877
77
1097
3163
223
19074
19
678
835
8
2199
852
6
2572
1399
4
21009
16
2336
911
689
399
1777
211
10249
861
4643
506
4511
4
754
160
1000
3
877
651
1221
8562
573
5
1008
4
188
23
15584
28
10
1049
314
203
402
2
2162
100
30
34
137
218
877
6
104
4643
684
29
7
113
84
30
380
1123
2
173
120
53
7
245
98
2463
3
329
20
1518
12
30
116
51
434
16
4
30
116
2004
5
984
8
399
16
454
12
1160
4
12
4643
684
82
10
245
7
84
83
3
43
3
309
301
7202
5
181
13
47
11214
806
4294
5604
2396
15584
806
6402
181
1492
23
561
4230
12
3108
5
19074
74
128
66
852
1473
181
7
758
207
103
66
4
2265
3
420
4
2627
5
35
5
108
4643
9
19788
3108
1074
877
524
23
170
651
1221
8562
15584
20
1312
1492
23
382
3108
5
4082
4660
13849
21182
4
20684
82
37
5
896
217
5
19074
3108
6
108
504
4230
561
24
10660
1210
92
2616
4
1186
34548
19
6691
151
4
5977
98
3108
15
684
561
110
142
3
15
103
36
41
60
173
3
62
1420
14
364
6
763
1574
140
5190
62
684
1849
13
160
74
60
76
5
20
294
14
17729
3
123
79
641
151
5
2199
8
13
2
306
224
5
561
53
16
90
433
12
4168
4
746
4168
4082
9
482
36
131
334
561
13397
21182
9
482
181
824
28
20
14
3
96
507
2
5049
5
294
37
877
6
76
2199
7
21
9758
1506
1245
128
181
758
6
1181
8
108
4643
684
13
13103
74
128
66
20
2627
835
8
1420
13
218
170
684
18
877
19
4
932
5
651
8562
28
76
151
5
2199
13
4535
901
65
57
30
25
137
774
571
877
6
19788
1655
82
9
19788
3108
1074
877
524
23
170
20
7
960
3
107
538
7
91
4
533
56
5
2381
538
213
4
68
21845
5
19788
213
168
353
760
9
482
10
68
3277
57
3108
156
2
1241
7021
54
18
2503
1002
877
6
264
66
15
443
6
20541
4
9228
54
16
1991
19
87500
52
1020
82
40339
713
4643
506
9
482
82
443
36
12368
140
8
1420
