2759
469
5
76
5
1129
3194
4
2414
23
2
5810
15277
11
28
48
1034
855
3
5810
25
239
16
503
4
8
53
7
80
2
668
616
177
73
4
1060
36
2
69182
453
8
23
275
42
177
5
4
1060
13
527
5
2659
4
2877
10
230
18
6890
3
2
3194
1869
235
3
35835
43
158
876
3
421
39
28
70
3617
77
18
2941
2
595
2793
74
1268
4131
2902
3
973
1252
30
55
21
137
207
177
5
1028
48
7104
158
28
88
43
3617
40
17
2397
3
90430
12
778
4
508
418
5
385
4
21
1065
74
4
3186
177
5
550
774
1268
39030
158
40
21
328
56
4
2793
365
236
3
1388
64
430
151
13
897
1445
9
8047
71499
10444
4029
341
429
736
746
117
5
2
431
24
890
3
53066
679
5810
1458
47085
1299
4
5389
6709
158
298
2
254
1129
4264
61
6
20238
29
8
10
14
2155
229
3131
14
434
19
4
2487
1771
36
271
765
158
68
28
469
8893
25
239
16
64
1457
65
1849
5
2
68668
2485
573
5
6709
1336
304
298
2309
425
2344
35
39
710
80752
758
37
20
323
7
1139
1176
4
2928
3112
8
7
21
154
24
6709
1142
20228
1299
28970
15603
2
49649
31
957
3
421
39
68
28
616
177
77
18
47
1933
61
6
2
707
107
993
984
15
105157
232
5
944
1452
298
23
2
5810
15277
6709
216
3
276
1033
2608
3
248
2041
469
5
38
359
2
214
158
28
158
68
957
12
999
5
3269
87
11
14
21
2293
3
358
3
95104
414
315
3
4175
9
1129
12984
926
4
561
7968
4214
298
15
1642
4
1129
24
1550
6086
1101
4302
4
143
35
470
177
6
59370
1273
418
7
1737
9226
175
2485
7010
312
5
12390
4
3720
1374
5
18053
120
538
7
3
2559
60257
573
5
2485
6375
3178
5
603
5028
427
28222
23701
134
693
310
473
8
1129
7
21
13437
36
689
8940
126
10
4344
198
3831
2596
4
544
641
19
4302
441
81455
573
5
150
603
5028
427
733
28
8
6
985
126
1129
4344
10
14
2845
23
10
1919
8940
5
2559
184
3
3831
1569
8
209
8046
51
3720
16
254
37
1706
2263
1444
8940
126
10
7683
24
3831
11
32434
14
64
1738
3
101
36
274
4
10
14
1695
59
10
2229
2485
28575
1941
294
818
54
365
557
2
985
36
103
126
10
4344
23701
45876
441
624
17414
17200
13
28
1129
13437
4934
4
1658
3
2559
126
10
1915
198
93293
658
5877
874
28
1941
939
1919
375
603
3001
10201
50
3
435
10
74
3
38
2558
4120
2828
7
21
1406
3
38
251
4
140
1129
7683
24
93296
14
21
1019
451
3
920
13143
175
3720
4
2558
641
5
603
71487
181
19
2558
1828
5
658
5877
433
8
10444
6
2806
146
4
1924
5502
6
5810
8
66
2296
75
470
198
12
10
107
3
9056
59
42
5
4656
87518
28
8
8047
15090
365
198
24
5810
1922
2611
3
9056
23
4
8
59
10
1123
4
8940
5
2559
2828
1466
8
42
4656
13
16299
2
1259
519
939
12
3291
1569
4656
217
4185
75
5296
12
325
705
3
123
2828
2685
142
3
5810
1922
120
2
6269
3435
22157
4656
9457
10
4
326
10
3
17
94920
50
64
3899
64
583
4
64
1072
3
1129
181
599
1197
8
4656
13
2
2755
13321
181
7
42
5
74
181
1068
19
1828
2
1146
718
1146
4
3867
8
365
236
175
4
223
81
646
10444
1129
1522
223
98
57
46170
4051
19
2354
28
8
122
4
16299
4656
7
21
2
677
255
10
7
1598
3
434
2
58411
25226
2
1801
4764
5877
755
4
1301
5
10463
65351
1416
28
4656
40341
7
2479
29
10
36820
28
8
2828
55
1730
83
4656
4
1706
55
1838
15
2
795
61996
25
113
4656
40341
1074
13
367
434
4
1706
3
2806
4
4656
583
77
434
2
2806
29
13
21
42
25
6
1265
5877
1675
11
44899
39
6832
10718
4
693
310
1000
3
158
16
4480
2554
5
508
1083
1211
4
57
1201
75
2460
890
643
442
736
2
71
252
1893
1224
3
1720
214
6
43
6
20681
1083
167
12
2
5936
1005
2563
508
9
20142
1599
274
23
275
550
4
3251
469
23
529
43
158
260
16
6
2605
15
38
1005
24137
3251
1454
4704
10773
8169
5727
9
155
7
306
126
59796
1005
158
876
12
999
5
3269
320
1211
3
693
310
2
36285
28
5024
4
10189
5024
6
38
341
2
149
2
19890
20286
650
9282
14
1019
55603
5
158
28
26
50
2374
3
2
5052
430
83545
258
469
23
77103
5024
14
2859
6
5
834
496
9
1426
9706
1145
3
386
7190
4
1465
3
205
6
91951
39
7
134
1436
13
47
4480
1083
2554
211
9
626
31
18
3248
3
278
26
68
1492
3
21492
1334
4
416
24
512
34164
1345
3
5018
1211
744
34
17
12
4908
229
20
7
3279
36
177
5
2
952
5
23663
7
486
3
17
4
167
1328
56
19
2
503
1620
54
6725
20
24
264
29732
167
211
42
6
12713
1946
4
190
41
264
167
6
11506
2681
