41810
17064
4
9882
160
1354
1215
1623
15
606
974
5
11651
2094
2544
1215
1236
4
10
4136
2
147
716
3469
9
107
6
54
1821
77
15838
4337
15
332
57
4
2
2
606
1359
5
8
9
107
6
54
1821
77
17
507
15
894
26
50
340
15151
11531
18063
4358
50
6193
4
3764
474
54
39
18063
13947
77
17
1646
91
15
8085
5
108
1607
2471
4
10
3283
1798
147
9
15671
4
1354
1215
716
165
41
7839
2790
337
1074
5545
21621
1141
656
3
14620
2554
24
2471
14892
50
4018
96932
61205
4
57
23
83527
2178
3634
4358
22054
6
2471
6383
10
364
531
492
783
15671
1847
3
12219
86
4
25
12
2
16338
1820
14
1271
392
9
2471
101976
9588
1354
1215
4989
4
5308
796
1307
5
2
529
535
739
840
36
39
753
23
2101
840
4
608
3
10768
9
605
2954
4
1250
24
4472
4
70
1760
1648
1383
753
758
4
3276
1312
5
76
5
9219
605
2209
5
16338
559
137
15601
2094
3118
3510
4
2296
8321
363
43
35
2213
118
99
6
4
57
4874
1075
108
608
3
5546
141
4
3554
1323
1788
151
459
194
37
2778
656
4
4472
2843
54
50
41
533
79
2843
6
76
4874
65
6
57
4495
141
4
1323
382
53
50
2755
4
4922
255
6
9936
16338
2706
79
1516
2790
559
4
1418
13
47
136
1058
65
10057
13
1327
10
40
17
19
99
281
66
5
1242
3970
18063
4825
14
1003
21
1041
3
4056
4382
2467
2603
6518
36
4421
50
21
1041
3
4382
2648
1183
80
52
25
1448
3
2836
3092
54
4825
633
854
8
3974
50
6264
16338
4989
18
277
2
535
29
10
7
21
859
535
8792
6
4
10
13
2323
161
41
3007
4
6
2409
382
107
65
50
3529
16338
18
21
2099
76
5
255
26
50
761
3
4
363
372
4989
18
1126
56
5
402
36
47
3486
19
57
16338
13
13
88
1330
6
92
4434
1247
16338
4434
3
1388
7
441
294
213
710
5965
16338
1853
9
677
656
708
348
292
42
5044
82
955
788
82
30
16
2
92
5607
43735
402
109
30
1031
3036
5787
4
9821
9
10
423
292
42
14
3293
6
19
2
225
3435
31
13
146
2
1433
6
1383
654
9
90
66
292
42
13
47
131
1516
6
2532
12
3036
4841
4
9821
9
10
753
10
13
47
67
576
8
1189
3036
3263
41
3362
1154
2
6
98
662
41
2449
7250
41
5329
112
1312
67
3435
55
113
56
5
2705
87
5
67
5669
30
18
656
3
2639
5
1071
223
41
2449
151
626
30
179
15
2
529
2639
5
1290
1604
31
5276
6
10
959
30
16
458
3
18
656
3
104
1071
168
67
1190
2
2
82839
1199
4
67
5669
104
5669
3789
43
6
400
15
1071
223
41
2449
151
626
30
16
68
13280
15
1199
8
16
5607
2
1290
1199
4032
745
1199
1553
70
1199
2378
745
1199
225
2714
1199
67
6023
1464
1880
319
43
349
3
1604
528
5
306
3036
30
16
1980
6
4841
24
4
15294
15
104
543
528
5
556
10
1604
20
13
398
43
656
3
2
529
2639
5
3036
2972
292
42
808
5
3435
16
2
2449
151
5
1604
20
2449
703
5
3435
248
43
3
2832
56
3
57
3435
4
392
4
80
1457
703
5
1071
9
43
3
179
15
1189
3036
41
1135
5329
1312
2100
3498
5
173
5
384
2100
3004
5
1312
30
488
8
2
2449
504
276
43
2
1189
1255
6
1694
2390
2039
1154
3
8
117
30
34
218
3
9786
104
919
3
606
2372
67
2972
2639
1189
3036
3263
41
3362
1154
41
2449
7250
41
5329
1312
41
2449
67
504
41
67
3435
55
113
56
5
2705
20
7
206
292
42
5044
3620
12
3036
5787
6
1252
8
2
2449
504
276
43
2
1189
1255
6
1694
2390
2039
1154
294
214
1678
7
428
9136
4
528
1153
3
789
10
559
4
1625
24
561
4107
36
1447
3241
8
1153
3
3496
4282
294
36
5595
402
559
531
3071
9626
24
67
294
214
5688
1543
13989
348
18181
10816
38966
292
42
5044
21750
10080
2648
4
2380
294
214
648
8
789
112
561
4
1315
112
1199
294
1383
692
23
446
3310
3
112
402
2863
27193
2627
4
1754
161
1608
4
4782
20502
3232
284
5
104
315
10207
6
4
3276
692
1312
4
6877
181
2380
3390
4
144
294
214
2557
705
156
2
70576
4
416
10611
4
1146
7490
2065
4
1154
292
42
5044
4009
7
2
1432
402
1450
2687
6
39
249
3246
4
14
3116
12
3240
109
20
1057
14
2561
24
269
5
35
4
13
2
1057
217
5
109
8214
266
5
1120
815
40195
248
5010
67
1895
503
402
43227
4
983
3836
168
40195
8214
5026
378
556
503
1587
203
3292
5026
16373
588
258
3908
19
2187
292
42
5044
101650
3876
4
36940
427
3876
4
2363
3908
19
1276
76864
1215
3876
8214
4
36940
427
50
1471
2187
5026
16373
504
2609
9
9693
67
29945
934
1893
6
2
3659
3
12318
602
880
6550
456
6
96213
1957
20385
6686
48
602
880
41033
4
2857
10492
9
2799
259
20385
3143
7210
4
1429
126
14321
2
187
