4
1508
4776
4340
873
592
6
43
265
237
15
4776
19
457
64618
632
637
195
1782
353
636
8654
4340
873
11
517
39
632
43
265
237
31732
58
117
1508
49711
2
69032
310
724
620
35
111
4340
28
11
805
84
19
362
106
3
1920
766
24
281
5175
879
8
16
77667
353
2043
3
524
164
2
235
143
35
387
24
39
632
4340
28
3
3792
24
2
529
151
5
267
186
19
8198
13503
25179
4
4340
1043
99881
8522
498
28
11
13
2852
15
49710
314
30
18
3371
345
6
4
18
517
20
237
4340
21118
4776
139
2
2287
304
75
4340
343
29
7
21
3032
4
5160
3
269
5
35
200
4238
764
41723
13
47
2
1867
2746
237
24
1096
4
30
234
845
3
284
118
510
19
269
5
35
4
3343
8
207
106
7
3205
6
20
237
8
13
495
4
1804
446
5
385
4776
26962
28
11
228
3
5158
28796
1079
12855
2
39625
58
4
2491
3
179
570
12
2
6840
2552
5
191
6
35
2734
39995
129
5
106
3205
4340
186
4776
2
10634
58
19
106
36
136
186
65
129
53
50
86
103
360
4448
274
3
17538
4761
5
20
3887
237
313
73
2
280
1307
1381
7
503
362
8
4776
34
21
18
3
513
9
10
4
544
460
663
8975
46
58
3722
117
1508
4776
134
267
341
442
11
7
1329
245
14060
37
49
600
6
42
5
88
1867
2214
46
4
2598
46
43
265
237
6
133
29
14
990
3
366
592
74
135
3098
636
8654
4340
3
2807
2
766
3
197
3093
6181
23031
353
4776
365
3
5911
23
67776
724
456
6
8975
3
16
267
23
49
592
97
6
2
550
2514
15
4340
129
3
129
36
106
3
106
15
129
5
4448
6
35
95142
4
7
16
25
3415
3
137
48
5
33
49
1904
28
4776
30
488
245
14060
99913
30
12
3
1056
267
4
67
235
636
103032
116
62
490
33
18
48
773
30
16
25
5071
30
16
6504
19
209
8
33
40
178
6
43
101
84
30
16
131
14060
37
120
20
237
7
29
7
178
1680
6
209
8
30
14
3
18
207
106
6
126
30
154
56
4
358
3
33
207
106
323
87
207
417
323
6
20
14678
4340
28
122
237
14
196
349
3
251
69
3371
2
106
345
184
3
217
5740
19
49
96873
165
18
2
503
29
3484
345
11
26962
134
787
8
2
217
5
2232
879
13
321
3
181
217
29
14
2084
345
40
514
69
28
10
217
62
4340
13
2
106
5
3
4776
6
74
129
5
106
69
28
104
217
364
284
24
273
1320
693
310
13
321
3
1415
73
13488
21703
4546
4
13308
1163
5
6199
10634
4
8975
16
364
6
4340
20381
498
2685
308
9
330
4
956
267
3
155
308
4
93
76
77635
44
2248
117
5
2
241
69
1482
6
6181
35
8
3633
198
1610
205
404
15
127
1225
1610
205
404
4
7
329
61
375
764
785
50
1162
231
1171
10727
49709
949
88
2598
105
237
367
6
39
632
15
74
169
757
365
456
695
20
1482
2856
127
237
175
58
287
138
27
4
135
287
78
32
21448
39
632
1190
2
2
2370
35
15
10
378
906
106
61
9
3082
237
7
42
5
37
2
727
1168
231
43
118
1867
2214
12
298
15
1179
253
1568
2
177
6
3844
52
58
4361
302
5
265
36
52
162
5380
408
26
182
103
66
32499
13
47
2
306
330
9
58
21
72
6
39
632
29
409
133
28
4969
202
1719
4152
8238
6
39
632
30
116
8
59
58
524
570
59
58
431
570
3406
127
69
13
6490
3
2
39
446
46
42
120
194
7
64
752
229
138
27
55
17
1593
12
22
647
3
58
127
499
29
229
10
7
451
3
1778
51
11
13
5144
409
58300
23
27
1691
13
3771
3418
4
41435
2368
5
22
69
13
533
2
41
7786
484
6
268
281
44
12
747
2
272
496
695
6
11956
742
4
2
4022
5
696
427
406
3528
202
66306
747
23
2
27
712
6
3086
312
94
14
1214
4914
19
1021
31
50
140
1300
24
5050
620
712
176
28
26
91
5324
2509
3
302
787
3086
312
176
28
8
103
1021
50
33108
4181
18955
837
8
13
161
4092
27
105
691
4
7378
941
3
10
13
723
79
2
163
6872
682
10
13
68
855
2
7650
24
22
258
1841
970
9
58
499
31
16
12566
38
623
5
8694
27
4
5
7260
6460
6441
5
38
97
292
8
13
897
89
2
10
22292
27
121
21
17
2197
6
5315
36
2
1294
5
2
795
85
63
71
28
747
23
2
2240
6
46722
28
95
31
1429
3760
37
602
4
449
4
1237
45
4
45
31
16
73
43
100
4
44
8
337
8
157
7
6
877
7
87
5
95
100
45
8
7
72
505
128
153
8
1530
13
47
1611
84
9
107486
66
127
69
301
313
3
18
2721
79
2
19386
89832
762
173
324
466
330
120
27
13
9418
6
5437
17081
46
4
27959
167
12
81
19
22
267
46
