4180
13138
19
135
97
195
5147
5
16655
20553
26017
498
962
387
33899
1151
551
3
96
49
320
508
82
122
891
14
458
3
3411
2
390
9266
3
22
807
2
11
3457
79
2
556
9748
85
82303
9169
3414
4941
4
105
1115
8
18
1830
39
1369
356
9
239
196
241
9555
639
31
14768
6847
5
8375
24
67
83
105
88479
891
15409
61
135
1490
20
153
82
11
517
129
5
162
184
3
830
199
82
11
448
2
3222
6694
6713
69
8
2831
630
3
2365
10
150
744
4
10
253
606
934
6
22
6202
345
6
199
1075
69
7
172
891
24
3857
22
187
101
61
3
85
44
9
268
153
498
13
18055
4300
35
12
2
3017
3482
2329
2
52
22
105
290
3627
12
10
22
2172
14
21
551
3
192
29
3
96
4
18132
11065
3017
3482
6
209
77
1529
17
47
388
2
7194
5
22
78486
69
9
119
111
15
2
788
1448
3
15201
2
58
97
7668
19
2
961
2007
1670
4
1028
5
98
851
1290
144
891
13398
22
19553
48126
86
7
891
7218
212
220
4
1348
171
764
44
5
69
11
303
17980
3534
32354
59
12
473
11
4146
15
636
18999
10620
1248
58
24
39
1231
31
146
352
19
1275
99
13197
367
612
498
6
143
97403
10620
6
209
7
86
57
498
891
855
525
171
22
478
296
73
89
10620
7
534
1248
6
2
23802
35
31
13
773
15
2
135
2475
82
782
1948
49
39
1369
4120
11
1818
3226
2427
5
84980
147
33
2944
330
7
147
33
2720
891
28
122
2329
15
10620
473
30
380
295
3
1843
2944
87
668
133
7
1685
1663
668
133
7
105123
14041
4
1871
15342
5
103
1248
58
498
40
1019
16
906
4242
1451
98
202
287
6
4
398
6029
114
18
1188
9
105
754
6
197
161
77
5362
308
38
45681
51841
8
34
117
2
3516
4
314
519
3
95
76654
6
197
832
82
26
219
110
3
137
8
30
25
10
3699
891
28
473
1327
20
1327
8
12
42
330
6
67
352
668
133
7
615
3
39
1369
9
77474
315
720
198
498
517
4
4435
129
5
225
4
365
2
408
5
1499
114
11
80
7900
129
5
220
114
82
2
851
7054
9
2
58
11
68
517
557
727
5
637
114
4
95
203
406
5
194
469
222
58
173
56
8
97
260
2061
2
21330
1248
6
1491
690
82
4
11
14
3767
11006
19
63
71
6
4
39
1369
2227
283
469
1211
35
13
76
5
1522
1767
1111
6
226
10
1223
1557
1915
171
891
2451
4
2297
13
1123
2
69828
222
904
5
58
97
4092
19
2
2500
4
1758
1761
97
292
13
2302
3
8225
231
598
117
638
193
4
1854
117
866
457
88
677
1664
3
891
6
1037
10083
1746
7
17553
82
58
6
320
86367
891
16507
17536
6
51674
5
1668
39
1369
80
122
5316
19560
1761
97
1954
6
136
41
222
35
5
1117
182
3
162
4453
4879
31
14
2534
5101
19
104549
498
1369
92817
55
23
60
2074
22
740
23
12434
20
1180
11
14
1693
12
1792
20976
22
2821
23
2
1434
1659
1454
254
7
1650
5
33
45
75
565
331
206
11
228
39
1369
166
391
1318
6610
891
366
11
28
64
323
62
136
246
35
1016
10
34
208
17
362
9
33
25827
133
55
913
41
5
20
1369
5377
6
235
258
107359
1795
30
219
39
1369
891
28
171
22
592
381
30
165
431
30
165
11115
29
59
30
431
30
431
9
95
148
8
245
323
6
45
244
4
122
30
132
21
445
596
30
3
221
51
721
3
221
19
109
59
221
437
892
530
510
12
878
8
216
5
279
40
21
1153
3259
5
78
32
9
1318
3
5931
35
696
960
3
49
125
91
122
11
14
269
5
35
11
161
4177
419
4
303
6
4402
2
952
5
343
8
50
397
30
18
47
12437
15
1391
8
7816
552
7
2470
919
2809
2464
2077
5553
4025
4
12153
5252
48
4926
7816
552
2
4
2947
6123
6
98
4725
637
29
62
136
5
8
1530
13
47
2
659
7
10
451
8
67
3439
5
7816
552
7
340
3330
43
24
6612
2
6516
3571
17909
608
3
194
1938
5
7816
552
59
1144
37
10
2582
2052
552
7
2
13711
3167
4
73
48
3167
10
154
4
801
73
3465
6
2893
206
18
7
47
2678
3
1595
130
290
1120
292
12
4
3167
7
2431
21
1397
3
91
3167
59
2788
2
111
6784
9
2
262
36
377
130
520
1435
29
59
10
154
3
3099
2
399
118
8
7
1192
3
1016
798
5
130
290
15
7
2803
19
492
1530
3
91
3167
9
911
335
5
81
46721
372
5001
8
7816
552
7
2
9397
788
9
3099
2151
7
209
8
426
15
4525
680
120
1120
16
2602
292
12
5657
3594
323
18
1058
4392
497
8
6
426
120
7816
552
7
91
3
1595
2151
16612
122
53
16
1373
337
9
4392
6
98
770
10
7
511
19503
8
426
88
6721
19
1938
5
7816
552
505
3
18
1522
4392
497
16433
14
6193
10
484
