70
279
667
7
34
25
622
6
130
191
3
420
144
3
1621
16369
578
4
1611
1189
656
3
42969
294
9
1993
89073
16
297
633
3
2537
1565
4
214
63
71
13
577
43
168
22
3189
15
4033
59
10
154
3
567
1363
19
250
4
1621
67
1786
7
6867
82
30
327
1090
250
24
3671
2
342
537
4
30
327
1833
8
143
35
524
12
1993
45
21
38
14557
29
30
68
116
8
6867
7
21
2
19143
9
1041
67
1565
4
214
34
633
51
10
13
445
633
571
1291
792
4
8
7
912
51
7
2570
3
800
67
226
4
108
6
66
45557
1025
305
929
410
6
43
265
11
7
2
232
5
265
369
12
3557
1008
4
3911
4
14
2
94
9
58
499
9
78
32
4
138
27
332
10695
1521
83
128
330
12
372
148
8
1991
3
5421
38
21416
32
479
510
10
34
64
752
1205
1531
24
1450
36
238
4824
52
78
7
612
63
200
32
134
479
808
8
764
518
5
32
450
1908
34
17
621
235
205
4
11
510
8
11
34
172
947
720
1800
159
63
31
484
12
466
28
11
34
2615
24
979
4
479
34
86
1205
1977
24
43
553
4
679
6687
184
3
2354
5316
2128
31
1558
100153
27
1188
8891
9
99
60
170
11
295
79
237
205
404
1119
6
2514
5
185
4
876
12
2
8285
5
139
33
25
1386
101
357
36
33
44
732
148
7
18
42
8
58
287
1569
24
2
5921
28
171
2
712
6
6688
4
178
10
36
21
7
3284
10
7
25
3284
10
774
120
10
132
18
434
520
1789
161
94
16
7032
3758
3
367
1235
3811
80
16445
87
26
178
377
25
753
3761
20
7
206
128
330
14
25
2899
4
132
929
2
560
4354
173
6
93370
37
32
5955
2015
9
49
432
125
783
168
1482
4
49
441
5
49
144
9
386
124
171
237
10
365
49
375
3
44
2
106
14
2
81623
16
2270
1168
5
482
5
27
5074
491
19
2704
3
1857
8
11
30
196
239
113
37
22
167
12
780
883
804
9476
4
11634
2675
256
21
2
124
3023
1618
741
9975
5816
4
638
193
810
10374
894
11
897
14
15
3121
13110
17404
2296
126
256
2096
1884
3128
11
68
877
3
2334
3284
75
5437
2
523
15
2
5312
4
791
1501
602
3522
78
13
84
8638
1235
8
32
479
7
2
372
4472
3
49
69
2118
5
49
69
2468
4
2906
3816
335
154
1865
4275
1187
5
62
479
1838
171
49
2451
2
269
5
35
1497
1724
812
3
1153
722
656
168
49
92
259
8727
5373
4
26194
24727
95165
2
159
812
3
151
465
908
78
5
3447
6
5572
1031
6
994
11
44
169
479
365
24
709
1213
5724
22
895
1246
12
225
31189
11
5832
37
22
5902
11
68
465
446
10125
496
8
20452
98
3041
368
5
167
4
96
10
2058
9
124
968
6
3142
3
1195
142
19
39461
105144
1349
202
895
438
2
3278
69
4
749
3932
246
12
1322
1014
2
77
584
41
1646
91
32
479
2
2
14882
3
6907
4343
2
2
5695
19881
3916
31
234
56
41
9
49
1419
10205
4
18092
4091
65
3309
70
2655
3
3360
2
972
519
3232
4
744
151
211
95
1535
19
162
18
1407
53
16
76
774
886
4
1776
560
368
5
167
223
81
53
7
64
416
8
78
32
36
49
172
619
1135
2315
1563
59
26
739
23
35
216
2
633
19
227
141
9077
11528
12144
425
1864
35
216
433
62
86
258
5
1610
172
32
619
365
2171
1563
9
39
909
433
68
835
8
1216
5
80
172
619
633
3
123
3615
1906
1563
1135
10
64
433
1337
229
32
1313
365
98
1563
90
5
619
165
179
9
32
174
32
69
7
21
1406
3
194
174
32
13
47
502
7040
6
212
5
698
737
259
2253
979
7926
12746
4534
444
175
479
4
35
216
6
2
540
2253
2
269
11
1098
3
319
49
158
108
4
49
347
479
1321
4
11
784
3
319
81
1321
362
156
29743
40
21
17
3310
6
119
111
2
298
2253
6
2405
2760
8
30
606
791
9
32
479
3
1730
83
4770
30
104302
100
17
1523
3
319
479
555
261
23
275
1510
5
2
255
159
1331
498
326
20673
2
349
32
2081
134
39
249
814
39
128
153
128
330
822
8
5763
3385
7
84
791
350
6
2835
20
153
9025
13
2691
1065
12
2975
526
2854
2786
1275
69
582
526
4
584
13
398
6264
769
3
3385
470
74
2
79581
7
2
2410
31
5276
6
1426
222
471
1097
56
3
225
6
341
878
11
134
67
17829
40466
8
11
7
73
27
10636
4
28
11
245
14
89
3
1227
3580
45
234
4
1698
2543
928
11
28
10
72
1010
6
180
601
1034
7
1155
95338
1238
2
182
37
2786
1195
3
329
27
17
27
29
1003
3385
7
424
3
358
76
105
448
79
94
4
3168
62
136
22
73830
997
13
1072
22
867
15
225
31
34
516
20
85
29
53
16
90
337
3
967
10281
5
27
