4409
32
3
366
11
14
438
102
2
938
5
1278
90
58
897
8
3259
146
19
722
1554
5170
3357
102
159
17515
441
269
53628
43557
1180
126
85
577
189
2
373
461
3259
394
3110
56
567
189
366
8
11
7
21
116
37
2
1534
48580
224
8
6647
41430
252
59
10
324
32
1940
12
10
254
9
482
269
43557
383
1003
62
8
63
189
13
21
47
1222
699
59
11
44
11
14
56
5
9483
32
453
10
1740
8
63
189
1077
4
1507
5
63
1196
696
224
3
7251
1060
300
1864
444
401
1269
758
2
4952
4
3501
463
7026
62
3505
216
5
4063
317
3
10111
315
5
221
406
31
697
3
1773
5572
5684
15
2238
3
32
479
5
376
1216
5
20
121
154
2
2
1066
279
216
203
63
71
208
1118
2
921
417
10
299
3
3215
962
203
1728
2847
6410
2615
183
84
15
2879
1484
10
47
2156
9
2
131
241
60
8
669
792
23
2508
137
1182
289
564
3
17
11200
4
1250
5
4405
618
613
95
6
554
1808
137
327
790
339
82
11893
5
279
6
2
2892
5
512
439
5
328
5
141
6
157
1704
508
2
26464
279
213
13
47
2
531
1597
5
2516
170
131
1096
6
209
7
113
10
7
217
42
1124
13935
67
770
23
20
60
2
7
1289
6
259
39
181
82
143
35
100
2771
1639
6
288
574
170
2106
19
877
6
328
5
141
6
130
737
43
7
852
12
7003
60
11608
2212
7
165
131
136
2666
4
2
182
5
7328
148
16
1352
6
3231
418
29
57
65
8
43
515
234
131
136
73
2
667
357
3090
24
130
2050
30
147
3
8888
328
5
141
23
370
572
2696
5934
1419
4
921
34
218
3
6095
7218
12
4716
177
5
515
25
241
2
26
26
16
208
621
3111
9
38
512
551
243
328
5
141
327
17
2537
1019
59
10
154
3
5658
5
328
5
141
53
7
551
64
60
3
2855
328
5
141
13
21
47
2537
2
6859
8
7
2524
31077
19
3244
3
54
216
5
279
801
3
789
921
1864
8920
463
276
43
4
1385
5628
79
62
8
505
405
1303
109
463
221
6
1608
5069
74
78
32
2109
1066
2546
8
406
24
227
1787
5
291
16
470
2
39
234
23
78
32
125
91
1220
5057
72
44
126
85
1629
958
1787
4
279
216
74
62
3
1773
135
127
287
39
2612
315
2710
19
221
437
892
530
12
466
62
2
1787
23
60
6
2771
1608
3698
74
323
960
3
32
4
62
3
1917
95
323
2636
4
3222
6
311
5
2
150
85
69
80
2
2109
5
371
32
125
91
2882
83
6
878
1608
3698
474
1787
4
279
216
2274
32
100
347
10055
4174
61
184
3
45
1632
15
323
39
829
62
8
669
13825
158
1214
926
5078
5
1594
5
416
6
2
1787
291
5
32
479
1023
3
14233
51
14
23
60
2
9299
19551
315
4
184
3
76
45
1632
15
323
134
406
3
1194
38
3439
5
187
2109
5
479
608
41
65
2
66
404
3
1024
229
554
512
36
748
7961
1959
960
3
3003
76
1436
2166
2846
6064
221
792
2
14048
6
10067
3003
104
45
28
57
646
2167
3418
2095
221
4941
4
254
371
4307
6
994
14
1693
175
4
1136
15614
431
9
302
175
279
216
4
221
406
3732
32
479
187
341
20
66
378
221
662
266
46
39
249
861
2198
197
4
334
1342
1682
46
50
5539
294
37
32
479
3
137
52
53
14
416
5
554
512
36
18387
184
3
45
1632
15
323
861
2198
406
13
2602
61
294
37
32
479
24
4
5047
22839
187
4
13
139
76
4523
9
493
433
960
3
479
104
45
28
197
662
266
14
10067
554
919
2359
371
4879
126
11
716
2
32
479
979
232
104
45
28
371
4879
13
1336
98
3811
4
22
1164
13
28
2109
7
1065
12
229
11
784
3
3216
2
4
406
5
2
238
3342
6
1360
221
158
146
2
4512
3
279
216
184
3
104
45
19
48
641
518
7
155
149
76
28
8
7
87
221
7
735
4026
416
3
3006
41
1895
3439
5
32
479
4
8
1433
8935
1554
6
968
551
178
10
14
2
131
571
187
57
28
8
24
483
279
216
158
50
6139
14395
4
6625
5
187
8
14
42
5
15572
518
7
380
367
47
3
42
2827
134
57
3889
184
3
45
1632
15
323
8935
1554
23
279
216
134
221
23
518
26
40
2293
41
1895
2612
3526
156
2
4523
3292
2665
407
36
36597
1777
29
221
158
178
26
50
149
474
38
1142
3
2066
345
4
2034
260
203
107
104
45
28
184
3
2
417
1632
15
2109
12
4774
2
669
279
216
158
228
371
4307
3
926
22
10589
23
1340
8
39
249
221
406
50
165
2195
3732
32
479
2109
171
85
1614
371
4307
28
406
165
13
1142
3
2066
139
2
241
2
26
7
91
5778
2034
3710
279
216
1727
279
216
158
14
131
4098
198
184
3
42
417
349
3
371
4307
4
735
89
3
920
206
