46
1627
2674
4
80
7502
2
26
16
3481
462
814
19
603
4
3300
163
5
2
5793
80
52
30
25
21
3016
38
173
5
384
30
121
1638
706
229
67
215
245
522
43
214
385
19
8694
39
2281
9
2460
2578
1301
6
582
5
2157
3052
30
12
966
310
12
540
3
1643
1005
5936
1458
1509
5
1251
6
3201
5
167
12
10
890
266
20
205
409
48
540
62
20
1180
2157
3052
14
51
557
597
697
3
358
44362
28
1214
8
1458
115
21
167
1251
29
59
10
93
646
6
13302
1301
6
582
68
1823
95
1458
6
135
426
8
877
3
3304
2157
3052
4025
75
33161
26
900
3
3304
20
4025
26
19368
56
923
11228
574
5
1251
4
26
2307
2565
17894
45900
3338
3
68
331
17894
3
1406
3
1890
2295
3181
8
42
55
21
3573
42
55
21
2307
57
45
1175
42
55
21
96
715
5
1175
53
7
2
1194
207
1251
13
10
4151
174
6
574
5
3223
53
16
78327
60
30
1382
2
4025
5
4154
207
60
30
1382
2
4025
5
3708
207
60
30
1382
2
4025
5
155
30
1361
574
5
1251
30
873
8
155
327
21
17
2
105
36
166
678
17894
28
11
327
17
2
432
64917
30
12
3
44
8
1251
121
21
17
2
105
864
52
1175
52
665
864
664
79
105
3869
10
247
2
5230
864
11228
789
43
102
20
11228
1833
923
4
2436
857
11228
609
48
5403
4
48
20364
3
244
6
857
4
8
7
51
30
60325
2253
8
866
6
2157
3052
128
153
1936
769
8
1458
13
47
502
6
1598
236
9
2
153
84
2157
4
8554
1416
13
3915
41
3568
65
48
28
4
3708
570
808
383
394
46086
146
43
3473
88
7
8
4610
5
11356
183
9809
6
67
70588
14
21
6
890
23
60
5
167
29
11
28
8
95
31
13
1920
167
61
349
16
424
13163
3
610
206
26
1949
102667
131
831
3
428
87
42
1633
488
4
2454
2174
3569
15
2
448
5
5167
3612
1394
164
3
93
41
6627
12
12069
549
320
662
3186
52
33
14
3
259
2
3068
10
7089
8
33
1386
2
320
25
10
247
314
31
28
51
125
16
7
21
3398
536
1087
3313
833
9
4671
982
2898
3
67
8663
648
9
41
829
30
833
3
96
507
8
64
300
7
6521
2248
2
4671
20
123
60
4
315
25
982
17
1744
375
112
300
477
1056
109
2430
3
2
300
16
4011
164
16
8062
482
54
33
55
91
6
112
12371
1367
284
6
3290
1367
7610
1367
284
6
7610
1367
33
55
68
1984
103
8062
3525
15
332
57
9
482
3
93
11970
12308
1367
284
6
2453
1367
571
1367
284
6
571
1367
2
1299
1367
284
6
2
1299
1367
9527
963
16
453
3313
2
2116
36
2
1365
5
1367
8
147
3
17
1461
284
6
2
2116
36
2
1365
5
1367
8
147
3
17
1461
2
7042
1421
5
5039
2
1365
5
1367
284
6
2
7042
1421
5
5039
2
1365
5
1367
8
55
3854
363
368
91
104
4756
6582
26
16
1389
3
248
33
392
4
663
1012
6
2
282
107
26
55
3789
6
7442
825
734
5
2
300
41
946
4
128
29
21
275
284
6
320
5
112
1243
64
147
3
91
20
722
1764
6
175
5128
109
33
25
21
147
10
2564
72
863
2
33
73
4
112
5128
34
17
1321
244
5376
477
3313
59
33
483
10408
1044
1367
418
4
10
34
62
33
62
112
300
34
234
73
126
33
117
10
52
33
84
113
8
20
7
196
5412
140
72
1233
825
898
4
863
2
33
7
3268
6
2
71
441
60070
1411
4
84
8
31996
197
3853
7
172
7694
1971
24
1716
9
179
298
1971
14
3268
6
2
43
269
5
441
75
1712
22
44
15
518
23
88713
6
19
823
63
927
23
119
111
298
1971
2925
1603
3338
13748
1275
63
71
2363
441
582
6
268
776
107349
8985
23
1543
20
736
14
3770
4914
59
22
872
7376
6115
4
1915
12
14395
16320
2354
181
11
5564
10
198
4
158
1337
11
14
21
73616
470
1543
172
262
1971
1701
56
2
1433
8
13
364
363
7669
15
216
5
441
24
719
6576
1882
3
118
1689
441
60067
256
12953
276
4
10656
5
1971
51390
1971
7
66
547
11
2
5148
2277
4
14
2
3942
2950
6
7521
4639
23
8297
11
208
522
6
215
11
14
2
1927
6175
232
5
1884
391
5
92
23
2822
4
11
824
36
7558
5
23823
1971
123
22
259
11
8256
2
4053
590
5
344
2478
9
216
5
60337
7
761
3
5995
12
1592
1228
850
37
441
216
1906
779
1281
8
14
307
6
341
1360
1239
17
1858
695
9
2
273
779
838
2
1543
1153
591
9
235
66
2193
41
65
591
749
3018
1937
19
141
508
342
224
1123
75
41
65
258
66
5
358
2
2
19119
9
250
224
3
4822
10
342
348
4
3874
555
10
61
3
414
2860
121
5510
2
1082
3
288
9114
1459
33268
274
3
101
1402
238
624
9859
43907
1005
238
624
17224
15049
1626
238
624
