1020
4384
3
642
198
26847
1236
1335
53
7
2
39
317
19190
3
678
2
107
3
17494
89
56
5
9199
2139
6
1985
4
484
89
74
3
43
874
120
11
34
64
967
5364
79
17912
5
10917
62756
191
5
1391
319
45
24
9288
43
92
19
163
25
699
7
1809
5
35
4
35
34
25
622
10
55
3
5794
74754
21
2657
51
7
2657
7
1424
217
5
45
12
161
108290
5
105
3498
620
5
92
31
137
699
5248
4
699
71861
73
1762
4313
4
10482
7070
2
2006
511
65
542
108
3582
13336
814
7
327
44
8
15594
3432
13
47
130
6517
23
393
4
23
179
9
128
66
7
569
1681
8
84
11
34
248
263
2089
1089
158
6517
5
15060
108
3582
3432
15594
333
3094
263
18
106
9
6517
9
15060
108
3582
15
1653
118
873
2
3432
228
15594
31
2521
150
42657
4
18259
4
904
22
88626
23
3252
11
34
850
477
12
48
6846
4
85163
16311
4
18563
9
2716
8709
57
10538
50
2
6218
4
2
1162
29
973
737
14
21
6
38
950
4
3432
866
198
15
129
5
106
6218
56767
495
129
4
1162
129
2
896
5
2827
4
38
6517
82
24
4
17818
6218
3
4
2482
82
838
9
592
301
6
117
263
516
8
4
2199
8
16041
23
3037
2480
81
325
9
76
3432
7
693
15
3055
4
26900
9
57
34282
600
5
150
504
817
3582
301
39
6517
13
1893
271
5
2
18705
2705
579
973
106
263
1236
13
47
11690
15
16388
4
9
363
44
15594
14
10789
15
9570
2834
24
338
703
1821
31
3983
6517
1677
1510
4
320
67263
37206
36
29715
1864
26
516
3
671
2
1955
26
1178
3
251
6517
15594
4
45
45
2222
10
1955
2
1475
12
158
76684
16028
2927
672
641
90
1236
1821
1466
14130
5
320
82
17698
43984
6
263
55
242
536
3
853
2
934
36
3
971
20
14
5638
170
159
2089
624
16568
82819
28
8
320
14
72
1192
3
3095
149
4
17
1774
9
88504
1370
2163
6123
18100
2
6517
9
1589
5506
271
468
180
8
15594
1238
15
3087
750
115
21
96
10
28414
4
1874
98
2058
9
67
12042
542
481
672
1821
51731
301
338
703
1821
5181
8
3388
2348
76
3
971
21
86
3252
3706
5
1895
3388
1998
6
38857
1101
171
846
4945
59
263
150
504
14
462
6333
24
8709
939
48
74
1236
370
285
122
57
822
15594
223
4601
1996
38
944
190
5333
1648
15
73317
43984
7
960
1953
107962
1033
54
242
3
17
13161
36
21
3
299
338
703
1821
365
1255
5
20
924
3
96
715
5
106503
284
5
263
150
504
6
264
66
164
1237
3432
245
365
2
2870
3388
4
263
4250
481
2060
122
383
8
325
15594
6
263
3388
7
21
2
3432
29
2
29715
7
327
44
8
15594
3432
13
47
130
6517
23
393
4
23
179
9
128
66
7
569
1681
8
84
11
34
248
263
2089
481
558
1821
7170
65509
12
22
1128
2
4196
3432
3432
1510
68
459
76
139
1046
255
14
1823
19
80225
206
1239
115
3432
147
8003
2215
18259
52
10
2
3388
108
3582
13336
1363
20
194
3
5947
5
39
108
3582
6517
107507
23809
2
5752
2648
545
23
42509
35
393
104
16
21
2215
18259
29
72
2089
18259
73
42
33
91
9
18069
10
72
8
15594
7
25
1487
12
662
8
11
147
1070
1250
11
2430
1197
8
18259
50
68
10262
9
4757
893
4
971
54702
715
209
37
204
8448
66486
1764
23809
28
8
11
14
445
8606
19
5553
4025
8
11
1605
5
400
9
20
733
4
552
8740
1709
93703
3053
15060
720
49
72
9
101
3
2664
797
6463
6
263
8
20
14
2
2956
869
2158
8
1011
6517
577
136
41
9
482
2935
5
8186
108
3582
14
66385
21217
4
15060
720
169
9
22
101
108
3582
6517
36171
41866
577
15060
169
15060
140
2807
2443
24
501
6517
12
17400
1294
36171
855
528
169
122
107987
18489
6517
9
108
3582
6
413
1802
2579
15060
169
29
23809
13
64
139
15
49
5351
11
44
8
15060
726
49
2
182
41
4
10
13
412
3
25
15
246
48
104
1280
1329
4
518
15
2632
45
7
113
246
396
1132
48
8
11
28
7605
49
518
15
42509
498
4
973
1014
350
17179
103446
31
2194
23809
1939
22
358
62
6
1589
7
40
18
21
1666
48
20
261
81
7
353
131
1681
4
5071
9
48
20
11
28
2656
3
93
435
2602
325
1030
207
153
2656
3
67
10618
32968
1371
22
8468
1272
9
711
205
404
53
50
103
357
8
3030
3695
22
4095
78
34447
11
396
313
3
172
631
37
49
46
4
21
136
5
51
11
13
3
44
7
131
83780
2
11171
712
164
387
24
1384
16082
32
9
1017
2
952
5
3927
506
224
11
3983
49
9
2704
3
307
3483
5
720
1800
11
726
3
444
401
1199
11
28
11
14
732
3
106
9
386
124
6
5184
13
47
4106
51
186
314
7
229
145
1246
248
920
22
4347
191
6
2
2776
949
8
477
253
3
4717
12
9
153
1612
4275
