667
7
196
18768
15
22
2716
1962
461
3
44
136
5
27155
58
127
1287
8
253
72825
34
1861
4
1623
2389
150
16422
23
202
94
650
520
433
5
27767
4
3165
1246
5
3768
6644
4
12179
14166
16
261
4316
6
1265
352
5
536
372
97
10
7
1623
14957
8
1072
42
34
17
89298
6
98
187
97
5
3136
7
1650
748
12
10
5
13963
20643
2026
18907
15140
4
82145
5
1193
8332
132
21
9107
6290
8
186
2
3660
1390
97
5
4621
3
1214
740
3
1730
83
92
132
6
484
1730
10
56
5
526
191
9
2
241
12310
39
9642
97
132
17
1310
46
30
55
21
321
468
52
10
7
3064
5
10
1467
16
1041
3
3529
20695
9
1103
718
9443
15
1432
255
693
15
288
924
9
48
842
4
1961
283
299
4
1559
3
10579
2153
5
13942
124
293
2496
10
40
1353
2
227
92
8
55
21670
25
148
10
121
29
40
1194
564
5
11083
5381
4
5157
4
1195
3
35
4
556
92
207
2364
8
7
21
1003
2
2490
5
227
92
898
48
10
40
17
1285
3
1556
6
207
5573
5
520
4
166
29681
667
94
46
4
52
10
154
3
8
2
667
97
46
327
17
186
19
2
629
306
1790
115
21
633
2
272
12
24806
3
2262
10
640
864
8
76
18
146
9
8879
2
1270
257
669
215
379
1722
96
16400
629
4
2958
356
7
4
2150
46
2
7515
2150
640
51
196
90
70
113
46
15
2244
959
4
23622
45
15
156
959
830
211
1491
690
194
7
229
42
5
81
34
664
65827
5
81
121
9
20
764
337
3
319
222
3693
1622
3
106
9
32
7
3
2993
854
4
1064
648
4
1754
64
222
121
21
3
106
23
48
7
4
1949
21
2
4902
60172
20
132
17
2
1444
434
29
2
1444
434
7
21
2350
2
7731
42
256
20617
1822
794
4305
6
4
4
23343
106215
438
12
4
10579
1467
6
988
8
2
27
1401
7
2
4433
4
13
962
260
1072
43
23
308
4
2493
29
16173
194
7
1457
65
42
6018
1130
286
11
7
10
7
229
434
5
361
1504
4
1387
92
34
18
480
3
628
9
10
4
3
929
10
84
4
9
568
3
27912
509
7
500
1786
7
956
4
434
7
306
329
43
403
8
76
629
34
12841
3206
8
38
133
633
561
1485
4195
1037
6
10
779
1122
71
252
1254
20
153
8
10
545
1846
348
13
2
591
9233
128
66
1350
1247
367
2988
9
98
92
1223
10679
1046
434
5
9233
14
63
617
71
264
315
3
420
2174
9
6234
10387
6
545
836
683
8
18
260
2302
3
1257
1846
1995
3
92
9
41
65
103
568
779
1459
18
41461
4357
577
5
37
1223
348
207
66
29
26
18
208
7473
38
2226
5
13352
20
3012
591
8700
46
1457
65
1906
779
9
3883
36
3821
216
4
3275
1984
46
34
17
6762
1939
227
35263
20211
2501
9946
823
63
5
2135
9
677
448
229
36
21
10
201
188
3
248
6234
15
38
1995
10
1633
4614
9
31339
169
70
15
545
1846
16
84
1517
15
41
65
1814
6
5175
836
4
15
875
842
577
1324
136
4124
65
2499
260
989
348
13
47
961
23
2
6539
3411
1234
92
1846
1074
443
129
74
128
103
66
640
4
9896
5
6678
6
197
71
252
13
630
3
3647
2914
9
76
6234
19
3230
38
1995
3
129
5
38
935
4
15932
38
1846
75
66
20
66
842
216
240
3
96
48
6234
2916
9
8
25811
41593
1846
4085
443
2409
128
66
29
216
44
289
1399
5
1871
41510
16115
9
1782
5
761
1846
577
46
50
71
188
160
264
42
2
149
2
2716
42
4
87
5
2
14628
6
779
428
9
1223
348
216
55
2
591
3
2314
3313
261
1279
5193
36
80
1727
24
34698
2
273
41280
1720
2314
557
129
119
111
779
266
14
4985
5
98
1457
15427
170
593
13630
328
9
1223
348
30
79
660
6
2
2
1001
2143
1416
1468
12
92
2221
1223
5444
425
227
2093
252
13
2867
41
65
591
1155
5
707
15427
1939
4188
353
7100
74
128
103
568
88
5
81
75
264
2093
29
186
3
2
13573
5
36018
4132
4085
29
10
208
13
2
15325
9233
859
2
7966
2
23076
21
321
314
229
20
34
17
2
10566
4256
8700
36
2
10562
5
3477
5
415
4064
2
169
41
6234
93
2174
12
38
1995
3
92
363
181
19
7544
1035
18
1289
8
71
11259
3
6234
77
549
545
1846
348
2
136
2
591
6
2723
74
235
568
4
405
349
1224
158
6
119
111
779
266
4
2589
216
18
1512
842
216
1846
1561
2
7351
3301
15
76
158
1333
8077
9
2694
33200
252
158
28
53
64
337
3
113
20
66
9233
34
26095
26
178
8
38
779
110
845
34
5726
1861
38
39
315
3
248
6234
1194
38
1995
8
25811
34
17
6888
79
6894
2926
15427
9
282
4
9
901
18
3910
3
4528
332
57
56
409
92
6
209
20
66
92
1223
5444
443
3
1814
1457
65
98
43
493
29
