149
2
3013
5755
4
1220
45
50
1635
9
9183
4
2
853
5
9608
303
61
6
401
25
8
1650
77
3789
23
166
5097
24
38
2575
11
2054
39199
3
3993
4605
12
1650
4
914
95
6
147
4318
500
24
168
2022
1061
5
48
148
2
381
10912
2
831
15108
9
22
7798
2
542
5
2022
14798
36385
28
7
18
465
4644
62
10
14
8
261
98
1125
35429
36
476
4939
6
22
2624
11
14
458
3
179
156
160
6
910
5
22
69247
11
957
29
334
13739
4
6
2
926
2831
19286
82
29
22
357
445
13
660
1344
2022
5913
8
397
121
17
3707
5264
6
751
3905
4
1541
1868
57252
5
751
3905
104
391
23
8
60
9087
15
3129
53926
4
10070
4
25
2022
5441
102321
64
552
14
182
6
665
316
228
71224
118
1257
3
281
232
29
165
3262
90
39304
4
306
3592
26
1992
4141
3
683
29
20
14
42
86
6
729
21
6
2782
26
630
3
18
1890
19254
39
1323
29
95
740
50
900
4
26
784
25
26
12092
2
2586
3
6150
2022
42
5
5654
596
3
25
25
9
3014
5
8616
780
1034
136
73
18442
71537
52
33
706
180
12
318
109
20
5654
20095
86121
35951
243
491
23
1224
5
10188
6
11946
111
122
2022
14
23
1571
2510
15
22
2623
122
4
6391
14
118
17666
2022
118
12
22
5560
126
9608
20
8040
10144
6823
2
419
23
89
10430
35951
1949
171
3412
29
3045
1498
2022
100
5110
6
142
1586
2
13567
1271
26
784
3
1377
89
3826
2022
2599
22
8212
3
1500
2
2175
4
19078
9183
12
42
2811
59
4
15043
5654
14
1650
4
12
439
1224
11946
23833
28
3287
33
25
21
1366
1155
5
290
5
42
201
5654
2022
14
37645
6
17420
16566
2022
773
25
490
4
6
22
283
716
1237
12
318
122
12
2
4319
11
716
131
2102
12
318
11
739
198
9
14496
22
18402
10430
11
1452
53
12
48
2753
44
355
454
2303
687
9
128
60
12
1011
44
23
22
1591
236
27217
11
30
3
17
1379
9
764
16623
5
1650
15
22
128
357
118
12926
7
154
11
210
12
5
355
86
66
5
406
2022
14
2925
15742
19
1890
457
1582
6
2022
244
3774
5
67
3106
2878
3255
174
7
14
6258
4
33
726
180
686
7
14
6465
4
33
726
180
4183
2
4930
4
33
1905
180
5083
4
33
5110
180
2102
4
33
299
9
180
6
1086
4
33
2745
180
9779
1344
2022
796
2878
6
22
2713
4
11
14
445
458
3
1283
2878
6
6346
329
43
663
22
482
10593
42
889
28
52728
310
28
5
44
6090
19
9479
10237
40009
5281
19
268
29892
40009
4176
19
150
214
710
3
248
43
4
10
767
1562
1447
4
703
91
19
464
3396
3241
14
1170
6
2191
294
8
186
197
3
1533
11035
14
405
128
66
6015
12
8857
22736
39
249
60
99
425
8
1033
608
4407
25316
6
464
3396
213
6
1910
1370
5
1640
14
3
1113
3632
79
464
1926
342
348
29
744
3173
75
2
529
6015
12
413
3396
493
4
152
840
6
39
13
1298
8
1436
18
170
1533
8
3241
757
41
65
103
205
128
848
12658
8857
1447
213
4
1678
62
3
167
7191
187
5
8857
1245
3084
54
4875
557
478
733
213
12213
1436
178
8
464
13
2595
4147
5
2
8857
213
5238
54
3364
81
3
24429
586
15
8857
703
4
2586
62
3
1546
10
1057
4
14778
266
5
437
5
150
625
892
5679
40
21
628
995
3
181
29
28
6
2
304
12
10973
13
47
3458
464
3396
8831
4
20520
167
12
2
3759
1631
122
64
103
743
16
183
10
7
67
336
934
7
3
1090
572
2696
24
8425
7919
36
3312
43
2790
703
4
4267
1853
59
10
247
314
8
4267
618
18
953
4
210
3
25
1072
30
179
21549
3
1361
20344
167
586
54
8857
99
425
3
221
1986
16
1801
1050
3
17
6
5042
9
307
5
407
2
530
8
1468
4
3128
740
102
2641
22218
11035
13
1214
1336
98
2278
6
8857
68397
18
1162
967
12
158
460
8
464
1926
14
405
8857
3084
15
90
1862
2
7748
593
36
159
8857
909
14
1390
544
20
205
221
437
892
530
28
43
1436
50
458
3
4017
125
4
1236
259
326
19
2978
5
857
151
405
167
4
1243
81
3
464
76720
28
88
5
60
151
326
125
2424
8857
909
4
146
1193
57
304
1141
501
5038
783
3
6346
120
519
50
541
24
29
12
2811
11
28
26
2556
995
6806
1436
3
137
8
5700
1823
8
50
118
91
3
259
4
3
117
125
50
541
24
5700
8
50
2951
91
19
464
76724
669
215
158
134
60
8
416
102
464
1926
8
14
2442
3
63
71
14
25
4026
8
11
13
64
967
2708
991
14
1390
119
111
13
1937
39
288
1084
102
464
1926
2
2
411
3
59103
60
181
1299
2
464
3396
15843
2
254
8
133
215
99
5637
385
6
3062
6
59
10
326
45
3
2
1402
215
4045
3
1346
1031
103
66
394
10690
257
1787
11035
289
625
427
