20
1700
7
86
2
2364
5
233
4
6616
53
47
2
2100
1700
8
533
236
4411
6
62
332
97
384
20571
10
115
468
43
7
434
2
2223
2
104
561
16
20
14
2058
177
453
72
262
6
132
82
2097
65
761
4
11105
983
170
2606
497
6115
83
3
216
5
1147
510
12
13078
181
453
3
594
8
43
515
7
10613
805
5
2
2046
518
5
227
1157
4
14
1019
1940
12
19
58
127
94
138
27
2273
262
181
72
425
86
262
453
4049
11
481
12
42807
971
19
9856
639
6721
217
1147
216
28
4
261
971
217
5
262
453
40
18
47
54
7
165
186
65
727
761
262
36651
2606
497
7
84
3517
10
13
47
170
355
4
262
1113
6
18
6933
3418
24
932
5
128
103
66
12
466
216
5
1147
68
642
10
2627
5
217
5
262
453
6
647
4
1063
19
3761
6
132
6451
14
2528
2940
182
262
1953
11
262
4
3013
248
1915
19
481
457
21112
1035
288
582
43
2259
6
2
383
3
2124
2
860
497
3471
24
1351
7
84
131
102876
181
7
128
126
1351
235
518
12
860
59
43
813
493
132
459
385
497
285
1113
14
7197
170
1029
4
7
507
3
2
3
3091
8
2
497
3471
77
17
4950
375
878
260
4603
37
1550
2971
3
830
1989
8
106
34
123
236
12
75835
515
453
262
6
1063
82
2097
65
761
82
2259
761
262
983
6
132
3
154
6
23
74
268
205
2504
983
13
932
262
2
205
29
2259
761
971
5
9856
639
3
1894
132
21800
128
60
9856
639
30
12
971
9
103
153
6
1206
216
5
1147
425
8
515
453
64
262
8
205
579
205
301
10
425
2
983
5
262
4
383
8
3730
5129
4411
766
3
6451
5
37
2781
23380
264
971
448
128
153
75
1147
216
914
9856
4
637
3093
2781
639
1097
2
9826
21603
262
983
762
617
71
13
317
3
1361
22
288
2341
544
20
153
122
876
6
24290
1316
11
607
43
515
2
2933
88
10738
515
6
108
4
1093
56
8
74
268
776
66
43
1587
18
392
41
65
39
75530
1639
6
2606
965
16
165
961
196
3007
4
8
96
10
2092
3
513
9
645
36
888
9
2588
28
71
126
2272
56
8
25
239
20
66
965
18
2323
23
2
497
5
37
375
644
22
252
13
607
965
2
16537
402
5
20
94237
178
8
2
965
983
5
3
7
1310
3
248
1097
227
1157
2499
67269
153
227
1157
1719
5022
7128
28
8
11
913
43
1147
535
3
218
3
1577
4
8
6
541
205
10
230
17
2389
9
1351
3
443
385
497
6
1258
1351
443
385
497
9
99
60
6
557
2
18079
21
507
10
671
4
344
564
6
67
188
395
820
43
72
3904
43
561
4
257
450
554
999
4
454
2184
8
148
16
165
12
2
201
1562
2022
4741
63
5
1503
1351
134
3996
12
466
4741
31
7
2
39801
232
5
1351
90590
369
28
8
11
913
103
497
3471
20
9596
1147
535
8516
30
121
137
965
983
691
301
10
314
8
30
16
21
23
2
446
2176
15
601
2504
15
965
983
20
762
53
7
551
64
447
5
104714
2499
28
11599
67545
669
2259
23
288
188
1288
1351
121
2163
20
6
634
59
10
966
394
20
205
4
21
17
196
2290
3
459
497
4
762
60027
153
404
7128
28
8
43
262
535
7
8287
827
189
8
22
767
18
47
1645
9
1362
20
153
4
10
14
4
167
12
22
347
8
295
89
36523
159
410
498
1371
22
88
7176
740
321
3
720
138
27
2
4
31738
94
4766
9
238
188
335
8
322
133
1784
6
54824
11
5326
142
490
23
27
2901
8
22
1045
575
978
189
6681
1445
9
1029
109
167
4
8
27
77
18
4593
20762
2
952
5
407
189
140
2325
27
2422
24720
4
1585
5
1703
108
63233
11
7470
22
88
9633
3623
3
1388
15
2
150
937
3454
3200
280
1662
6833
5
7018
167
5
521
5070
969
2450
4
5627
274
12
150
214
74923
17
314
138
27
551
115
116
51
11
631
37
189
481
1197
8
27
9907
40334
9
2
3117
899
5
1583
12
1703
10639
567
8
34
3273
235
18767
7
2
1170
532
9
189
31
73
57
492
58
13
47
2160
3
972
168
102
27
2
136
2
189
4
22
767
73
3
358
37
454
1071
9
241
868
341
235
66
235
281
153
16
531
9
229
22
238
188
519
4
8989
864
34
1394
79
236
4
1692
385
5
104539
18
1407
131
334
8055
37
22
1401
6
98
1808
5
58
292
8
209
7
21
86
3469
6
199
29
68
6
407
15
114
12
585
6
341
35
31
465
607
189
2
4749
19142
3207
4
61925
1973
3690
6
39
632
4
4
4435
590
5
1490
6
341
35
2
5002
199
307
20
153
822
189
807
6
4
43051
667
236
15
410
970
1025
305
23
80
75
1586
169
128
2051
90
69330
58
812
774
95
31
1232
1491
690
16
165
12
5019
4375
3
1401
5
1025
305
4
