6949
6
994
16
8330
2180
5
4325
1302
693
15
2634
4
10
815
3
67
1677
108
42
5
104
1302
7
399
1994
109
31106
1615
91
399
1994
3
4702
190
417
10442
6547
1722
236
38
435
12
1744
6
316
3
1545
694
79
81
19
242
5
2605
10
55
17
1737
1830
2
501
6239
1698
297
4
1677
2605
694
3511
15994
3511
84305
3511
36
4515
2605
3303
5
20
1031
7
12054
19
209
8
2
5
53
50
41
4065
21981
100
6
143
2892
65
15491
7359
98
57
729
5
14952
36
1099
2394
4
183
801
9
143
35
15688
1171
91173
326
80332
3878
82921
96053
14952
4
1099
2394
91
223
1866
143
35
109
33221
561
132
109
82
4515
6949
18
47
4896
9
6244
5
156
1509
9
76
60
9
482
6121
40775
7521
6949
31
5441
4515
1741
46
817
89
4548
2880
6
4639
6
46
35
8
11
2238
2634
2
1803
4
9206
24
2634
11
68
3371
1344
3924
622
8
30
358
37
622
8
30
2238
2
2101
18754
2634
4065
3511
646
1302
693
15
2634
9691
32096
2
4165
7521
6949
4
13216
2453
8
10
14
21
451
3
11623
141
5
4515
8659
6
2
1403
2176
107
261
1664
3
2634
1477
832
3172
1051
5
4639
4
8555
23
256
8075
393
123
20
354
80
606
6
22
463
1698
2239
758
6
1269
1160
884
2
1803
1734
5
39
4639
68
1235
8
2048
392
738
2
2048
30
16
2054
646
15
2446
5
67
83
738
6949
16
118
163
3
1857
8
2239
7
2
1698
1953
11381
6949
1999
892
7465
481
3658
5
1583
7
2611
455
2
39780
738
2239
870
3
234
41
73
2
306
486
65
73
2
306
1115
634
64
752
477
3
17
4
8728
11297
79
5088
5
323
30
1023
511
8069
10
2
5947
4
498
5
5088
5
323
93
74
10
4
1205
37618
1734
2239
7
20000
46
1698
4
3936
15
25
136
416
3
144
104
354
4
15
25
90
1210
758
12
1073
8
20
662
469
1073
5
5990
3
90
6
882
5930
7
551
9377
2
763
758
6
70
1269
5
1402
2394
2
388
6
43
150
4441
5
2394
1740
8
2
225
15
722
8360
14
4
7
458
3
4646
66997
5
1169
137
9
1370
5
2392
2
41
4363
137
1630
763
1024
8
20
565
77
7461
1417
137
3
1627
2963
4
2052
363
14935
241
474
634
501
4507
4357
22854
694
9
2
612
590
5
30540
10660
1269
463
1716
1210
5
8135
8126
1165
758
6
1242
33
55
1394
164
4065
3511
1994
18940
22
4
10656
5
2304
416
7
33
116
8
5348
1725
3232
6244
5
22
18
47
118
1535
170
718
2304
3392
13
47
1496
4
218
3
20
44
15
161
6301
4
80845
937
118
758
90
5
54
18
1533
8
15
557
727
5
48
758
1210
12
20
1597
16962
9551
851
284
606
763
7
3648
816
112
6107
34
208
17
183
7189
4
48
67
325
825
2285
3
112
6107
2
217
5
1210
2359
22
3666
501
1357
290
729
4
2199
18
68
425
9551
851
284
54
18
47
388
203
22880
4
13555
999
54
364
16938
15949
19140
8558
1124
1620
415
1576
1620
64790
98084
1620
98083
4
3644
1620
4065
1698
4060
15
852
213
6736
889
5
3666
6
20
418
54
7
1867
960
3
22
18
47
1535
2
149
6736
7
21
1229
15
3511
29
511
15
3843
9
14493
7883
416
8
2
55
1894
1759
6
98
107
511
65
52
2
55
4702
1759
104
1210
1773
748
5
2
1994
12
1759
16334
35
46
2
428
2206
3
2
4763
1994
26
606
2759
748
5
2
769
12
1759
16334
35
122
2
13084
23
1759
74
2
107
339
1243
228
4763
9123
128
29
21
275
26
763
748
5
2
1994
12
1759
769
36
5473
54
7
2206
3
2
4763
1426
660
5
4065
1698
4060
16
705
501
35357
1777
910
497
1576
3462
5850
4
60952
1777
35231
35357
1777
910
497
1576
3462
5850
1332
1576
87782
4
60955
104
1210
18
9598
2899
284
54
18
170
47
3198
2063
6
12635
231
108
4
10656
5
2304
416
22
7
131
973
2
4
1099
3511
2034
29
2304
3666
1271
239
18
784
3
981
5348
284
54
55
17
9536
6303
2
2321
3733
582
1100
23
1288
5
83990
1008
653
4861
175
4973
3303
4
899
5
5348
6244
132
17
91
12
42
435
3
76
21981
6
76
1976
31
25
313
3
981
2899
1179
4
12
57
435
19
2568
9531
4358
8
132
17
11675
15
1160
5
22
8126
1555
327
2642
2469
5
1073
4
52
101
1555
16
21
1131
140
39
42
327
17
3469
6
57
357
10
7
73019
3
91
2
9478
3
763
2019
1820
5
2
11764
2833
12
57
435
6736
3666
54
960
3
4065
3511
41
1003
1337
2122
5
3629
4060
175
45
23
2
2613
2
2321
3733
920
20
800
61
76
567
29
92452
1266
19
6736
3666
41
1003
1337
2122
5
3629
4060
175
4065
45
20
735
43
15
4
18169
16932
5051
5
718
2843
301
9
90
1574
2928
2523
5
4065
3511
218
3
19626
851
2119
9
103
1046
337
99
7
292
12
3112
8
297
23
2
2613
7
1523
87
10
1834
42
36
41
1677
