62
77
11093
30717
1955
93
2
722
1554
4
21
20
1567
187
5
618
732
377
5
376
618
732
377
14
4
7
1567
174
53
14
64
107
85131
40
18
8366
2
722
1554
811
878
109
34
155
83
6
352
59
157
2204
716
2
5807
1790
4
569
63292
417
32
34
17
13644
3363
91476
6
1001
2096
6740
78
7
88
1536
629
6
130
3452
11
147
3
155
3
1962
37226
36
4175
49
83
73
3675
195
4
276
49
4537
1509
86991
6
130
60
10
14
2508
6032
3991
2096
6740
33
222
16
2
3798
2921
112
661
3
622
7
3
642
1111
18
2
2232
92
4
108
34
17
2
282
236
29
52
33
367
766
3
738
292
356
234
23
264
66
175
731
4
3086
6
396
26
459
1111
4
443
1699
965
4
84
26
18
2
779
5049
6
3086
15723
4176
1349
58
648
1419
295
1002
436
972
4
38
3147
16
33891
4
84
35
7
7269
2141
262
58
4346
832
731
4
3086
2
1330
5039
200
8656
521
3298
7178
4717
9
39
115
96
10
738
41
1587
4
45
16
1249
56
2
1487
2
26
55
31
14
3
179
59
26
219
118
1111
3
439
86
639
33
16
8571
1175
10
110
24
572
3
901
52
11
192
29
155
174
25
689
910
36
1175
2509
102
21014
6
422
236
501
537
24
155
357
52
11
93
6
319
4927
52
21
319
4927
2787
44
3
2509
261
15754
10
86
2
44
155
55
25
25
136
6
2
81321
3
96
2
160
30
25
80
116
51
2944
34
17
73
30
16
86
164
9
2
532
73
2
3495
78
7
86
2
19069
3
155
11
55
17
10526
73
412
2096
6740
7
445
486
78
14
2
751
7
396
178
11
2
449
73
33
16
254
12
5
2
12435
106133
245
62
7
33
154
3
8
1734
19
51
11
44
36
51
11
115
2096
6740
149
1633
11
55
21
17
2
4907
5
155
1140
9129
573
5
1654
7
2
449
12200
1730
61
4
549
123
112
521
7842
8933
7178
765
120
12200
2868
10
574
5
381
33
8909
5700
31
55
44
8
28971
7
1602
521
7
25
113
20
16920
4955
116
36
299
37
74911
7
2
26711
262
615
9
769
371
27817
9702
538
4984
3749
25616
25
1429
2199
11
164
9
769
1633
53
7
476
12
20
777
8
385
89
1848
9
95
31
276
89
769
22
804
784
3
420
7
13934
89
6
448
8
11
488
102883
182
4
8443
7
137
89
3851
259
36
11896
83
22
17786
15
2
350
5
32078
174
1074
2
11
9297
22
290
11
113
11
13
10
678
56
286
22
963
2163
56
209
8
11
396
1917
290
4
5
376
75
4119
491
5
22
20863
11
247
2
61135
6653
164
3
15162
4
17
1351
19
95
31
34
1406
234
12
89
2
11
7
3944
182
4
2447
15
2638
11
4
2199
3
17
89868
21
1351
11
196
7330
3
17
1351
11
5879
174
2
33
55
137
24
22
6030
182
5388
1184
18417
9
9585
2472
5
22
910
478
4
11639
272
3490
4
22849
3106
9585
6
69056
5
22
18039
115
21
1153
89
48
22
486
16
53
7
64
155
4179
33
16
6
209
5039
10509
59
33
44
53
7
64
155
11
243
6
1544
41
65
66
126
33
28
10
23003
33
34
17
99
42
5159
59
20
48
848
48285
33
116
53
7
11
726
22
12
9
33
12304
12550
53
7
42
29
10
175
5053
3901
2428
64
11
34
21
661
156
2510
9
626
70
811
29
21
226
11
7
2
3420
61314
11
276
226
195
10
1743
7
353
2621
234
51
11
726
43
530
660
30
18
416
29
64
210
1541
67
210
7
21
3
3215
2
273
5631
56
9
8809
157
187
349
18318
660
149
157
20
988
30
16
21
1770
203
141
33
40
17
5214
2859
4
749
6
76
1351
1016
1062
157
33
16
72
3179
24339
2096
6740
11
1428
88
1536
629
6
130
3452
11
147
3
155
3
1962
12200
7
507
11
21
88
1536
629
5
112
3452
37026
72
56
5
9673
206
25
33
144
49
12200
11
34
17
67
9974
39
63
4346
832
79103
7
21
42
321
11
155
3
700
120
11
55
1546
668
108
157
14
72
2
5282
1152
5590
7
380
47
44
48
525
157
7
8466
64
328
5
141
170
20
2357
618
32
324
12
1303
12304
12550
752
65
8
174
10
739
15
2208
622
56
119
111
2575
1196
8
1260
19
221
7
103
148
221
50
445
10734
8
77
21
17
7552
36
5262
21
375
1864
23
275
7
113
1805
5
70
45
34
17
3
1595
480
765
84
52
60943
645
115
21
663
51
45
1595
140
30
18
2
280
255
20
60
231
7
113
52
11
13
517
2
3991
6
2
1725
8
14
166
140
11
132
18
47
612
20
107
11
7
8003
1602
3257
11
208
295
49
44
6
212
25
45
34
1718
11
14
2357
4
8
200
7552
221
1718
7
2
273
357
29
8
7
51
45
34
25
11
13
72
47
350
6
3604
1602
8
7
206
11
34
208
