573
12
20
4
140
40
552
3
93
112
2235
12
2
281
148
6
541
44
11
336
6
125
301
10
7
21
2
52
53
14
98
359
5
4
16617
36
555
2725
5
3284
6
3201
5142
4
3018
522
385
5
10150
68
508
2
546
3726
4
52
228
993
3
514
2
707
343
2
2
427
3
2
32
119
111
26
34
17
3137
1305
4
248
14085
648
5
546
11928
259
125
1652
51
1055
113
2148
3170
19
5757
1347
939
99
72644
82
4079
206
19275
7
1031
19
67
78
32
13
3457
61
49
5989
1137
12
444
401
49
69
4
767
996
1317
18
218
3
6209
6
169
24
554
1808
2
527
5
49
1037
4
4347
919
15
2266
4
1253
99660
117
5
1258
812
23
3242
715
493
1121
840
4
57
554
427
1199
13
398
23
275
169
3
144
32
127
296
46
41
65
129
5
169
1000
3
142
49
1272
184
3
4
1312
5
227
85
1579
3416
19
197
14606
1977
914
32
1097
2
1749
6838
19
117
5
11
13
855
6
41
246
24
554
1808
171
49
378
227
69
65
49
108469
7
171
22
108499
105
34066
48
812
24
444
401
4
57
554
427
1199
18
398
169
3
144
78
32
69
4
767
996
1317
1013
15
169
6
1791
8
159
63
200
32
495
24
940
184
3
69
1435
433
4729
142
3
8
18
47
5740
19
91095
727
5
65002
1531
146
3
144
78
32
593
127
296
18
154
24
72
103
2002
7033
1143
2124
575
1667
31
726
169
128
66
3
6957
996
1317
2478
1076
297
4
18298
1286
138
14044
31
726
151
81352
5
38
246
14
1928
6
1258
2
32
14
470
4
1136
1191
2120
455
940
6
4
315
3
4688
2126
922
5
49
895
117
494
145
5
43300
178
1680
8
30
147
3
96
507
8
444
401
208
8357
1046
401
285
11
873
23
2
69
172
6
652
326
3475
452
12
3394
32285
1197
64
493
7
196
273
3
1845
4
64
526
7
196
921
3
75184
1330
23
1586
169
24
372
444
401
2026
46
80
2
11
3131
76
5
38
88
7934
1031
46
62
62
11
218
3
685
24
919
11
4
49
1043
4698
74
59754
5
95
1017
49
84
18
47
646
15
32
170
59
2
703
5
534
2819
4
2124
4308
3
459
246
9
200
32
99
119
111
296
211
76
31
30
12
3
522
6
22
27108
488
73
7
116
49
149
362
3
116
8
11
7
2
131
4072
4
3594
4
1942
417
28
14044
31
914
200
32
6
4
13
170
2773
2240
9
161
32
23
22
3998
308
4
6
209
10
34
248
940
52
53
7
41
3333
41
772
5
1323
46
80
714
2038
1323
46
25
8
2124
166
13
2184
6
79928
145
13
243
49
12
3795
37
49
444
401
1977
32
13
411
8
69
246
115
21
748
49
997
3
7652
554
73869
31
116
180
31
113
26
55
748
180
320
476
26
380
748
180
12
72
320
42
148
32
28
442
330
23
2
5385
390
2069
6
39
632
7
56
164
207
44
254
7
110
3
1730
81
83
7
110
75
81
100
3712
32
173
3
49
1122
3
5515
6
1808
46
156
2
2
39
692
1429
12
529
554
1182
4
443
6049
9
554
512
46
2
416
8
11
55
21
17
105241
178
8
705
5
67
1330
327
17
1830
19
62
136
935
691
9
5893
907
21
72
1887
4
246
1286
28
69
1007
2600
16804
889
5
589
5
45
31
18
1232
78
69
116
8
51
11
794
36230
1455
32
2402
1461
144
11
13
24
444
401
683
1353
156
2
159
2170
2332
21281
2875
31
12470
9286
444
401
683
4
1788
1250
44716
28
6
4
407
8
11
14
21
1229
8
32
40
17
8563
3
444
401
87
5
940
1531
2158
8
11
68
13
533
1977
24
17876
240
11
13
243
845
7
3527
4
282
65
145
2875
28
80
9
45
31
25
14
3
976
49
2203
46
4
7
25
46
52
11
7
63
5
143
35
4
11
13
533
571
166
423
12
104
148
2619
49
953
3
142
83
6
950
5
2
69
1977
7
84251
32
1037
807
3
554
1808
18
1362
2
42
5
49
911
3423
2
145
1162
49
2
2
542
5
273
493
88
1055
8
7
116
25
459
169
5
670
24
444
401
11
1824
442
86
37
5
169
145
13
459
9
22
69
13
154
24
812
6
1435
1808
184
3
561
24
456
9
7094
90663
6
69
32
630
3
920
49
1335
3
940
6
177
19
2158
8
11
2815
444
401
2
2
43
387
24
39
249
6
42
185
6
355
11
939
3
835
8
69
1531
11
495
24
554
427
1199
324
6
411
3
49
144
9
39
249
312
75
430
17849
145
35792
5
444
401
18
914
89
1113
7107
159
269
5
35
13
1023
3
8309
61
49
83
1246
7940
22
1152
5
2104
4
73528
245
2043
5
130
240
8
10
7
2299
58
4
444
401
2698
32
28
6
74
4969
12
442
1197
26
116
8
7
116
62
3
172
81
24
367
5074
43
