233
16569
453
29
209
8
587
212
10228
10
2843
5
71
252
922
25
8
10
77
2207
1794
19
860
835
8
80
24809
279
14
3
18
38
83
44
24476
119
111
510
348
6
355
3980
2
24480
4701
2401
6806
12763
2161
639
3
495
3013
2174
24
447
5
2497
4
3
2553
9
348
8
77
5279
81
9
179
3113
4
693
27399
5160
297
9
804
5
70
4
6636
2969
1440
5468
809
557
169
2161
804
5
553
4
6636
1440
4
373
328
1899
5160
297
9
4379
4079
3689
1908
2045
23
7629
553
31
324
3
133
2
54878
611
41
2161
602
56
5
2260
25
26
55
671
19
328
513
38
601
336
5
1111
862
2
618
1753
833
4
93
101
15
141
71
134
4
1263
6
1378
75
348
50
27149
348
469
6502
2825
26
50
99
2937
19
2
227
741
6
598
4
2
1159
227
922
212
394
5390
4798
73605
1164
653
6
212
986
8
1058
212
992
1991
306
2085
21
86
3
2864
564
5
227
212
4
3
227
487
141
29
68
3
169
5
804
5
43
553
4
2969
1440
2482
31
16
3517
2478
9
3709
321
84
179
198
563
3
144
38
24430
2
3835
139
12860
44
8
35
25
18
605
101
3
17
6
212
87
1103
6882
4743
5
487
188
2951
3
150
92
3038
87
487
7
4
5495
150
80153
1751
8
4701
24
92
115
21
420
98
359
5
6636
1190
203
487
141
2
2482
469
20670
23
98
99521
1320
2393
9
104
348
28
20208
29029
526
437
5
150
487
141
456
11
44
8
49
151
18
47
6108
45
37
692
5
328
118
160
19
235
63
4
11
178
90
34
154
845
121
71
252
106134
5908
257
1256
18453
653
8
35
18
867
3
611
567
6
177
87
5468
40
392
2
39
674
5
3804
9
35
6469
1399
1314
6
598
11
44
8
598
40
524
3
689
169
5
670
52
80
2
503
4575
5
5468
2916
2482
48179
7
4
2416
3181
5
526
191
18453
481
6
212
986
526
13
6665
6694
4
2454
348
42
5
1247
160
367
3
67
226
997
3
487
11
28
6
377
25
526
9250
15
487
4215
19
2977
6870
1754
3
17
77284
173
3
4701
4
44
8
2916
2161
487
40
17
4476
3
17
12145
735
6
143
35
54
40
96
81
2916
9
179
3113
4
76
1105
5
338
214
4
2775
50919
7
1232
19
11265
111
5
1102
31
44
8
348
30
845
75
63
784
6
22
740
3
2839
233
3
5281
487
77280
326
3228
2
1164
9
111
228
252
423
88
1895
5
526
191
55491
40739
2
1164
31
144
252
423
44
8
1724
598
3
611
187
40
18
2129
72868
2
35
55
91
207
60
227
92
115
271
3
443
35
577
35
77
91
3
567
462
476
227
92
115
11
46128
173
56
8
598
7
21
13899
3
252
91
5
10678
6344
10
72
115
14
2161
639
3
17
458
3
179
77718
16
254
3
104
45
33
55
942
164
29
30
16
1634
33
6
2
2833
18
2
1049
201
448
5
51
34
505
52
587
212
328
6
950
5
5131
6
1039
1582
5404
2390
198
887
436
1223
6
1737
3163
5
35
261
8
554
2432
88
5
45
84
2788
1121
168
8812
1141
4669
296
19
227
92
40
17
458
3
513
9
38
1203
2564
2
992
40
1894
45
852
6
35
73
731
4
1854
54
1838
38
83
1121
4669
29
284
6
798
5
133
40
17
2987
4
3380
41
65
169
45
40
117
61
6666
184
3
1181
19
4310
2744
1288
288
9737
40
663
2
8861
1121
840
3471
2676
4
2352
56
5
535
2263
19336
5
59071
755
396
44
7
62
45
40
488
37
156
2
2346
87
10
490
3
113
5
2
60
59
92
365
351
685
24
25
90
45
409
156
2
529
4990
5
133
474
156
2
865
60
53
72
7
2
306
2211
27123
9
5653
62
45
40
4099
36
9
8
323
62
8
1805
40
1894
356
80
745
1584
313
17633
29
42
264
3022
132
800
76
5001
10
154
4748
362
24
887
83
352
6
848
5
1121
840
4529
1203
9
169
5
70
536
87
547
648
50
61
3
887
854
36
87
4664
516
547
648
50
64
752
6458
3
1852
9387
1066
88
70
21
275
87
63
617
71
13
3818
627
8
45
31
73
38
547
1121
240
77
319
81
33
77
484
12
1334
261
1107
24
2031
10910
1758
36
299
37
51
14
1352
615
142
23
10
490
3
1062
2
60
59
9
282
36
901
2
160
6
1432
188
392
25
136
5719
841
175
4
2
595
587
212
335
16
529
362
3
96
1234
2834
1523
8
774
560
59
10
154
3
8430
56
31
4
1758
166
40
514
1390
20
60
231
212
222
408
9
3980
156
2
335
58
9
1791
20
187
4
424
3
123
351
45
1121
71
4
162
9
1694
141
6
99
236
29
52
1768
115
1337
136
37
1877
5
2
1805
3
2
587
212
1805
10
132
44
271
37
2004
4
206
5632
5
1805
20
60
1112
10
1524
7
253
3
17
80
1457
65
10
14
