3176
1099
152
659
25
84
33
116
33
116
51
3
234
56
9
4
51
3
25
130
2235
7
172
1017
4
2473
825
8
7
333
36
149
10080
2473
10
86
606
15024
20
578
4
144
104
572
3895
52
33
1283
62
201
1099
1087
1838
1013
3
21
25
201
42
6309
33
16
1471
4
12
3252
144
95
777
52
33
552
51
30
25
164
23
3315
833
56
67
1009
69
9
3315
39
2
30
16
470
67
422
2368
152
3
235
446
2412
1008
663
1038
45
24
231
108
15
5797
1677
4
3521
6720
2
26
8590
12
2
9509
3511
3545
79
910
5
5055
4961
33
55
790
20
3438
1709
361
9
44
19
6896
164
52
3503
14
340
280
4
13
123
1155
5106
37
10
40
17
51
505
164
4
2412
1008
3542
7
2113
42
6
2
241
368
5
4297
5745
24
20
151
5937
7630
14
943
1839
739
3
302
220
90918
931
1532
6
4
407
15
421
39
442
8
943
1839
243
88
5
10
3046
6
220
2114
3
302
684
4
8
10
1835
6444
837
14
21
774
9950
15
220
89070
1839
13
47
2
809
12
69
1455
75
2
952
5
7236
339
14
307
6782
528
2724
1710
24
2339
10146
9213
5386
931
2
4058
4178
723
58
127
94
13
47
2
4681
895
5
151
11
14
68
6
39
20
153
75
181
2019
8
11
370
91
10146
9213
5386
9
94285
421
39
442
931
14
331
37
162
1187
8
58
31
14
3
6326
943
1839
16
5146
2
124
12
225
11
41641
21
99
60
943
1839
13
322
1187
37
10
1835
4
8682
5
10
3046
46
159
127
94
5015
8567
146
2
707
304
6
411
943
1839
28
931
14
21
86
732
12
209
11
15922
4391
46570
881
2110
437
5
5062
1215
134
84808
6444
837
178
6
62928
29
21
6
107
931
72872
14
2
3278
7144
19
1951
1100
29
84
1801
6696
8
1611
201
11973
4
2045
3
1090
1237
11973
354
14
8
399
237
77
17
51073
168
3413
45
15
4108
73
625
490
179
24023
486
3
17
5548
3
10381
15035
14
533
3
10
7449
1552
171
5206
168
163
14012
4
11973
35829
143
35
15035
37430
15
1591
302
578
6
4
837
1454
957
23
15035
724
11
68
1732
37
1591
302
118
91
3
5010
428
5
26688
56
4766
5
3330
1591
5
60322
313
3
2167
12
72
62
646
6
15035
578
11
14
76
5609
49
2278
14
9
105
337
46
3
192
144
9
1591
34788
1569
49
986
10
7
314
837
13
2913
79
578
11
370
481
8
1359
5
11973
24
1630
4749
399
20957
445
34
276
43
338
255
4
6650
1182
5
3003
4
58603
837
14
9950
4
1232
76
28417
354
7
828
560
28
2816
26169
2
283
299
3419
4
1051
23
10749
645
29
26169
453
837
1046
864
14
21
15035
46
10
14
8
837
486
45
121
18
397
26
43428
14
2
1277
354
9
99477
481
37
20
1431
1313
6
462
2801
1042
9
3594
842
6
1591
302
7
42
5
88
2347
527
8
146
586
270
1363
6435
1840
5
94448
837
21
774
9950
15
220
89024
1591
302
578
7
18
144
6
220
2114
1096
6
59
53
50
2927
6
13753
739
19
1842
837
68
773
1867
15
8109
1835
2471
31678
12
2
10982
753
54
11
2197
2
2
107
3
93
1106
7870
3
32459
837
481
37
2180
5
947
10982
804
2
655
6
62
90
397
26
40
28946
10982
237
13
1123
2
236
6
10
352
59
207
451
315
121
17
146
3
18
207
10982
977
1415
2
2
4043
1977
3
475
5
157
11
481
10982
804
73
48
804
327
392
235
1207
24
1594
21
24
3761
24
283
21
24
62237
2252
455
1842
55
828
17
2197
2
25804
29
53
7
64
416
11
2656
3
41
1116
354
5
60
36
8
11
10495
220
225
79
501
1591
302
6
209
9
49
60
2
197
259
383
11
40
253
17
1050
3
18
1108
384
12
237
94667
88
5
943
1839
3046
6
220
83440
19870
1288
2
6214
283
654
456
6982
48
508
915
3178
211
943
1839
3046
6
43
557
4
277
8
129
16
6
38798
83444
1839
13
21
307
217
12
2114
5
10
1169
3046
29
3377
3
2
1281
9
2186
294
528
28
8
6
109
129
5
10
1744
2825
50
220
8
557
1770
3
4759
5
1842
684
6
102057
931
7
8705
79
2
41
5721
2630
46
2377
5
1842
6
283
299
213
53
18
47
4068
187
5
8
1352
211
16258
16516
763
1712
6
16516
1288
7578
220
28926
6
3666
4
918
81
3
2731
24
16603
19051
286
26
50
134
26
50
502
100590
10749
26169
28
8
14
1119
187
9
1591
302
3046
2926
196
26
132
18
47
1131
6
1320
120
41
257
283
299
14
21
1586
76
4534
93175
5
139
7
51
505
59
33
55
346
1591
302
3046
29
33
396
346
289
299
10
72
2
194
5
51
35
1095
3
420
9
26169
28
14
53
7499
5
1591
302
4
14012
6
1237
1320
6
76
35
1428
10
2
2223
26399
837
18
2
1335
3
2826
66990
8
3755
277
837
1313
481
6
8
11
13
