503
2
3
17
14522
28
12859
669
1253
1584
3514
38497
2
159
1051
5
105
1008
23
256
8075
393
2
264
1186
7
62
8
85
7
3155
43
114
422
2680
29
184
3
1569
5
27708
9579
3979
36
31946
446
5
535
2680
7
1049
1919
28
38497
9579
13
7581
1919
446
9
2
127
85
66
4
53
7
64
2877
8
10
34
13691
24
3218
2087
75
85
11
481
6
2
264
181
139
37
6525
535
4
1387
316
121
18
47
813
3
188
185
37
11728
26
50
854
188
3134
2201
81
24
1012
3155
2
12967
6
188
185
6
54
677
2701
336
19
20116
4
21978
4344
535
6915
10282
50
4356
2
36906
4
31722
37
1237
19
2583
5
20116
29520
50
10282
4356
2
102054
267
5
273
92
19
2583
5
21978
270
623
5424
3979
623
1011
349
623
42
153
404
3825
7
1552
623
7
1552
5424
128
1782
1986
23
1601
867
175
371
535
4
15368
273
1045
7
1685
33
790
62
8595
91
672
3
4175
4871
9
66
672
13
1266
656
3
10
65097
450
11603
5
1475
727
2
591
2
44
46
3
2
217
5
840
8
2349
338
152
76
5
95
840
31073
294
46
1165
3
17272
29
68
3
92
4
141
772
1446
231
108
76
5
104
874
91
561
3
1562
4871
2
2356
16766
13
1410
168
1168
5
407
15
940
1950
4
41
65
1281
9
166
433
24
141
772
1446
6
43
53
412
713
37
2339
672
561
29
10
3990
9
2
733
8
1611
682
2
2
6836
9
361
381
4
676
42
41
337
672
121
17
2
6169
867
1342
4
7948
7
5805
214
639
8536
4
2692
666
3
6723
1553
538
2865
41
829
16
3060
24
429
211
339
2889
5
2
272
31
477
3
17
2
1393
656
214
2976
1174
2
2692
15
22
322
2185
19
2
5807
1350
2719
3
6723
2
151
5
538
2865
2
867
1342
3472
3968
232
44
11
796
272
2299
83
3848
455
1046
2119
1085
15
4
2692
12
3194
210
5
22
1498
2865
3533
83
22
1498
4
140
2066
89
12
3604
6
315
3
11280
89
6
339
272
55
17
388
2272
2692
23
2865
2
11
740
3
5547
79
538
11
14
1292
1480
19
1787
5
1647
1091
176
2865
44
958
272
1498
26
277
2
5805
214
7
708
4
1121
986
7472
22
1660
2
7329
19
5805
2215
2763
9
1021
21807
7
109
25
52
33
380
295
2
1498
4
2
903
5
10505
174
62
3
358
37
7948
2
1553
2050
6
2848
7948
196
281
45
18
739
24
2
236
5
6274
8
30
2
2965
45
18
2
101
3
1361
67
538
4
67
244
551
87
30
18
2
1125
101
3
1361
1903
4
67
1320
59
754
279
100
6
2
131
2129
448
247
456
5
1110
67
725
5
1151
16
465
1257
3
2
7819
585
9
5902
5
5977
1393
656
1150
676
700
151
1773
399
101
1494
59
33
234
23
51
414
854
16
9
1509
5
45
4
33
16
6
2
236
73
143
35
10
245
9892
3
485
76
5
20
2742
100
28
26196
51997
2
1102
5
414
1647
2196
1133
23
275
169
45
13
4169
6
100
3
867
1342
1647
4211
12
558
2
2
62
5
144
9
843
424
3
1365
1150
75
42
1821
897
8
874
50
3458
1021
12
338
152
2498
216
28
473
8
366
14
1428
1176
25
55
7
123
8
2
2
3183
16663
1594
5
2021
807
15
558
29
23
275
3280
7
7
353
40494
220
4063
9829
173
73
7400
3756
3816
5
656
3
4132
1223
9
220
70
7
2
961
771
6
2
181
10194
19
150
1648
5
280
1662
6314
14910
4
7558
81029
108125
181
8
37190
9
220
45
101
84
7
10894
762
46
186
65
150
497
171
306
3365
54
196
231
129
674
3267
4971
10045
223
1015
4139
18
557
5524
6
264
66
85935
5027
23
16
41480
70
515
6
107
8
313
3
17
23100
2004
455
385
5
63159
1450
3
2129
8798
5
1147
2
387
256
5015
4594
824
5
226
853
32598
141
243
10
41
65
2
1242
404
2
6839
1923
786
5
1147
261
623
5
971
9
6
10
662
10
609
64
3466
39
5
3810
12055
15794
5
1805
3
3233
25298
3455
343
24
120
7
867
3233
16
22914
6822
38
809
1263
9
8098
1467
52
33
488
274
56
19
759
1782
4
9083
12
13666
10
1357
2
3233
3844
21
3
522
112
3386
147
7
116
8
10
55
488
859
520
3
8098
13044
73
180
29
10
551
402
4
788
6
57
357
7657
14
2
4948
3233
13
516
10
115
14
3
522
1604
535
98
41
211
42
40
18
486
7431
535
6
825
2446
170
8098
641
9
5
3233
2443
8
132
17
2
4072
402
335
29
52
4028
245
113
12608
3455
7
2
3966
9
2
22554
36
2
13666
11
7433
4
7
25
299
52
11
720
9
2
3931
763
7
83
161
4
7
116
2470
1594
5
8098
14
445
399
12591
3510
46
4579
118
34926
2
79
24898
37664
25
3433
46
54
1937
2
707
234
4
488
409
48
2785
8
866
12
8098
1467
10
40
17
2141
52
101861
44
77
1666
183
