6
273
1163
36
6
135
8211
220
3307
645
879
7860
409
35
4446
847
16
2984
135
122
503
135
6533
793
3
93
10847
19
38
58
83454
1770
4102
230
284
52
8129
77
282
3900
135
114
46
714
44
19
48149
76
6648
135
2744
2114
3
41241
4721
37915
23
76
173
8
483
3
234
73
6616
115
4439
1703
10833
2843
646
6
6758
420
1104
9
1177
10258
59
3191
483
3
93
3362
15
847
614
16
26
11934
9
2
35
10416
105
9011
36
16
26
14137
9
4
49313
428
6
435
5
4
679
616
7
42
107
3
96
323
2
334
41
1372
105
1100
18
1750
2383
8
212
4
679
1579
793
3
2648
41
2660
29384
2
763
5
775
85
24
82
1574
23
393
5
2123
4
393
5
598
23
4376
277
8
847
2511
19
3191
16
2193
186
253
3
284
6
349
85
80
75
4490
9
1700
94
2368
4
2073
841
29
20
660
7
86
1951
24
86421
1574
1211
8
1447
1743
136
5
948
19
48
29
378
35
50
501
6337
294
348
3
2098
38
6758
315
8113
98
3191
15
2
2573
55
251
12
3213
3
16839
847
15
1112
4999
26
73
6616
13
208
47
20
1041
36
48776
140
10
7
64
5409
8
76
5
88
100133
847
50
1448
6
264
66
2
104
1963
24
27151
4
9291
71051
6758
1579
16
1192
3
4822
6616
29
88
899
601
302
5
6758
428
76
16
6372
3
395
2901
54
2475
55
106
83
36
5874
57
664
6
86
75
2475
13
9548
73
4953
191
5
6758
7
2
105
1555
8
161
675
16
17247
3
276
61
2475
6
35
165
18
764
44
59
10
154
3
4908
847
9
111
389
6
233
4
6
35
3191
302
6758
428
9
38
83
35
2168
29384
1613
4
731
553
91
785
1908
3
12370
8
191
351
24
38
3191
679
1579
6
104
35
16
1139
6
496
5
6758
38
1963
55
21
17
160
36
10655
19
2475
3
319
356
23
3948
104
369
16
1296
5791
2082
15
1157
389
9
162
58
4
679
85
328
3602
629
4
95
31
179
9
81
731
30
2
239
3
91
2
10314
3
1306
76
5
56618
16788
705
104
369
18
47
777
5
3646
1177
15706
53
18
47
1674
8
4310
232
12
1579
3583
950
42
210
4
8
2755
808
8002
1579
1872
2137
79
428
9
104
4
57
337
3577
847
240
18
2524
47
567
6
212
2
105
1100
5156
8567
12873
209
473
187
14
2113
99
5
103
202
1644
126
587
212
2359
6758
6
48531
75
212
13
1868
8
1613
679
1579
7
1387
10
34
803
229
1579
88
264
6758
1963
27173
58
2636
12
298
212
510
8
10
34
485
20
373
1644
76
60
235
60629
105
1100
44
8
48
8809
74
6616
869
3
2855
3578
264
568
18
388
529
3892
6
217
5
2660
111
847
4
529
443
6
105
1700
46
29
104
4280
1420
396
17
948
12
6616
46929
2
986
758
6
1269
5
356
13674
1574
1093
56
8
111
85
18
47
502
186
2660
80
171
66
59
847
4899
18
34198
6616
1074
50
8579
217
5
2660
389
121
10664
75
332
6758
46
175
4
36
4
36
4
29
160
8
505
175
6758
66
18
47
81800
5986
105
1100
22529
17285
13
383
8
105
1700
443
72
2
1487
6
265
2
6
111
170
387
16
612
6
3887
237
26
16
3042
19
6616
321
265
196
13
47
10657
19
1177
93607
10
313
7
2
3788
5
1720
26619
6
356
46
21
2052
54024
8
80
41
5
2
337
9
35
3
5931
74736
428
24
5219
1496
431
6
1613
13
1740
8
105
675
34
838
10101
4
5775
3
5856
906
1963
6
38
64503
4
731
3666
6
679
6758
740
3
24324
6758
19
8552
553
369
10
451
3
123
8
354
42
664
606
104
44
3213
4
4196
14232
276
207
553
191
3
392
38
83
847
1963
1766
61
6758
428
3
166
3350
4
937
40
800
42
41
833
102
3191
2080
6
38
83
3048
71946
1562
2212
5
473
335
6
54
6100
7003
16165
24
2996
810
892
5770
5166
5
58
1556
313
3
1042
21083
21
86
8
48
191
121
17
5747
24
45
29
8
95
74476
15
10
121
17
1296
6
9687
12
45
11
93275
481
45
5
1613
723
3
1908
3
4822
1031
5
6616
4
4600
3
1061
8
232
5
233
40
18
4
13747
17524
5
38
9687
12
89099
6758
1579
635
4702
3608
4518
6
70
356
29
23
131
275
26
40
1061
8
98
18600
17
1623
1102
5
8236
4149
9232
581
4
124
102
467
35
18
48
47
3277
19
2798
5705
3088
29
11593
6
197
242
372
1053
34
584
18
3
1427
375
75
355
60890
192
43
711
34
346
4
74332
120
447
5
834
23
308
4
1559
3
124
2493
7179
12
66
75
430
167
5
1029
71
78
32
4
265
162
30
12
725
3604
12
473
791
9
141
8
40
96
10
2092
9
430
3
93
38
435
12
2345
6
994
1137
95772
2
13429
7749
5
1651
1883
301
58
36100
138
27
768
419
302
705
9061
487
213
2
6000
4
897
17704
6
22
251
9
2
1018
12
