5
5178
745
1648
15238
37612
46
138
1672
27
6655
318
109
20
7
2
578
82
30
16
105
2282
794
102
492
1166
2119
4
248
43
431
3
243
157
99
3140
6526
7
2
758
824
10680
5434
868
5
6059
8112
33
55
663
49
12
672
164
4
558
164
144
27
578
4
248
43
431
521
152
2137
982
73
4
336
20
460
12
558
66944
18
47
131
131
3685
5
138
27
170
11
608
22
105
96670
178
11
14
4
2282
31
14
67
86
403
3
11064
43
227
92
1297
29
10
13
247
131
314
11
7
84530
781
822
8
14447
1313
340
1507
27
3
17
49
3466
184
3
4
125
326
24
4
2110
23
32
69
78
14
1471
8
27
14
110
3
296
126
105
428
14
1403
102568
2803
882
152
3
1195
22
3799
2
2
4098
11382
94
87
11
1366
75
615
23
199
217
8
11
40
524
2
600
23
817
711
102
98
5
492
58
261
395
81
4098
11382
82
10
72
25
721
8
138
14
10835
3
671
564
1612
22
241
352
5
5254
15
11196
1345
882
152
14
41
65
7013
6
1694
2
1530
8
127
85
50
37
78
32
1582
138
27
24
93
36511
2831
425
6
152
14
8
75
127
185
32
4
27
30
56
9
2
330
12
879
570
174
4
120
26
30
7
5
306
71948
30
3
4
1906
6265
2364
54
7
1722
601
5
39
108
316
31663
6265
42
5
41
1735
148
8
1959
101
23
117
5
18443
66
6
341
318
14
8
6265
6352
2
39
3862
257
15
1388
3
11201
118
340
23
4096
12
117
5
75741
277
20
1735
87
53
7
2117
5
416
8
6265
16
23
275
42
372
1060
5
51
33
55
251
72592
209
6265
50
3293
6
1789
19
51
1193
181
251
28081
1479
82
95
31
16
1048
29
5133
3
17
1763
828
23
8
60
6
1789
10
14
4769
21
3
17
2
75406
6149
54
40
1283
2
1807
52
10
50
995
2442
19
10
2827
13
20
3
44
37
6265
174
6
99
66
5
2122
5
770
5
2878
53
50
90
6265
57603
53947
1479
211
373
810
257
5827
76968
174
1774
1835
22101
174
28
8
11
40
123
10
2
2
722
4538
24
67
3106
3
154
24
1048
14461
23
1096
5
1109
1964
1478
97
75
10488
12699
14
1872
2
1955
14
80
146
19
2
681
8
597
6
5343
7
377
38
177
6
1017
38
4690
315
4
8
10
77
17
42
261
144
5
90
5
57
3540
1763
12
695
73
3172
5837
3697
96427
4
39356
44029
82
48
5
894
16
1633
1048
25
20
1184
14
3212
1118
15
2
182
5
3652
174
6
209
4
2416
869
5
1768
11905
231
6265
26
16
28
3
3274
220
933
4
1271
4849
3
183
8008
1251
2
108
698
2819
3660
24787
195
5
6265
316
7
4691
1283
6
12486
2005
2
220
1890
650
3118
808
7
2
3581
2709
2926
6265
316
13
47
388
2
42
8
24768
64
512
6
3049
191
5
55181
20
1173
1623
4353
42
327
383
8
6265
16
9
1430
17163
5
5352
1085
54
26
1868
6
20476
6
316
3
8254
4
140
2458
1553
1647
5
21211
8094
5
2920
6265
1309
7
80
9618
65
8
184
3
95
31
178
6
316
218
9489
3439
1192
1835
5
50441
6259
1822
11493
14
2
75397
209
316
7
20687
3
18
47
1483
646
6
6259
2335
2427
4
600
16
10
7
165
1483
74009
41
148
8
2891
1309
5
6265
7
38
1552
3476
5
25003
54
48
3862
327
123
6
316
3
17
4572
3
875
18897
5
528
20
7
533
24
563
13404
5517
19
5604
22106
3095
24
1005
4
758
6
39
249
6
4
599
6
177
174
627
4
873
8
7
34
59
924
735
96
4
965
4162
124
3583
36
2195
102
48
15120
6283
4
521
2
7
353
2599
3
25
3
63773
4
12057
81
24
322
5
668
1028
4
8
7
34
804
1343
406
1453
36
999
4
8
7
34
4126
2855
8959
65313
16503
4
8022
2666
104
4437
15120
5714
61
6220
4
12365
5
38
225
4
5949
38
6508
100
573
102
444
6
316
3
12911
3257
38
63449
237
8
59
183
55
21
17
42
2195
7
34
3583
91
6544
3582
100464
10505
4075
5
90853
36
77441
3045
2118
5
2070
2384
4151
36
1142
5
417
36
417
1112
132
17
38
999
6
290
536
166
36
432
2
7
23
98
60
132
17
2599
25
3
25
19
98
406
5
1890
36
3862
5
6009
5
3420
1175
5
770
5
2878
174
108998
5
88
14596
1299
1539
22358
5
6265
154
24
17274
326
25188
31
14
2
1005
10395
4
257
31
522
6
70
8034
839
203
1923
5
257
575
197
171
70
3885
43475
1299
7
2
65548
7
130
737
8
52
3674
5
20
133
82
143
35
5
157
82
16
1748
10
34
17
19
19003
5
4164
1763
6265
5654
9
26
16
88
24149
1130
2006
3
658
4
665
1556
26
18
11294
88
5
124
5
35717
273
6396
59
10856
6265
1456
4
748
982
319
6
634
8
161
138
27
4
78
3888
2067
2024
16
6265
2820
4
10
121
17
5
306
385
