4310
436
188
456
277
8
172
129
5
8581
40
93
2
436
642
3209
3
129
5
38
23475
37626
40
68
123
2
989
6441
56
5
1506
227
2443
436
188
456
1181
861
23
1814
74
2
568
8
14
2
372
3559
24
268
202
5651
287
1491
690
7
14
3
1257
2443
23
27062
14
165
21
2
273
2
27
1178
436
642
54
456
28
40
2201
1814
6
475
95557
13
1169
2901
9
51
11
40
642
3
5129
5570
861
11
40
2201
378
2765
1446
46
216
5
3557
694
842
4
2093
4
2744
974
46
4
1608
2443
427
193
40
1356
97715
2364
3
2
39
266
15
186
191
4
2097
909
6
209
193
697
2
39
1387
1167
3
633
8
227
779
1409
50099
140
122
2329
6
4580
413
673
193
453
190
1034
3
89991
2
11
5370
1009
9
798
5
92
11
627
2
749
735
23
1543
1168
41
5393
889
41
1129
589
41
925
1459
18
1181
8
577
77
4385
1814
46
4
8
10
77
1097
1814
46
74
2
59736
104
627
396
2
61
10
21
451
28
4919
36536
5
369
9
2
1390
227
779
11
1181
8
52
193
630
3
96
201
12
48
5
104
627
46
1812
190
1098
3
1403
715
338
214
685
9
746
475
46
11
230
18
3
642
48
57
749
19
36
129
10
21
11404
451
3
642
1111
19
1814
4
443
441
749
19
591
4
1449
52577
1356
14
2556
3
190
6
193
648
455
81265
265
193
13
106
1214
102
200
8
303
188
4
2293
1009
9
1543
465
13899
8
10
7
21
18
362
55451
1250
9
70
908
5
834
500
128
66
193
14
1483
2982
5
43
215
1844
2799
46
80
6
278
30
18
64
1736
6
431
5
604
658
124
11
12387
13
28
11
469
2982
5
4986
238
1844
29
6
1360
11
228
9
4
3276
1543
4778
11
68
608
3
251
9
1895
1745
102
467
35
6
278
143
35
40
34092
1261
193
28
4
346
56
52
4
55
12552
6
48565
13
274
80
5179
5
2
1457
43
215
4260
37
10281
5
193
22771
25
1132
8
11
610
51
11
424
3
25
28
1079
36843
2
1270
1811
1784
4
150
214
2858
11
28
11
596
15
193
8
1811
14
196
503
29
11
4644
206
11
13
28
25
126
638
193
121
18
757
128
378
66
395
2
187
9
20
7
206
117
35
5
1811
1023
3
17
1708
2619
11
13
42
98
5
8
48
5
104
3225
4876
5
11958
13
1047
14075
5
130
435
4
4226
5
130
13084
7
55
1062
532
2
52
10
721
86
4
509
404
7
14
534
454
72
47
331
3
549
19633
75
7
1214
900
3
5483
6
9
10750
4
2869
168
4446
3086
312
59
7
324
409
20
74421
9825
208
126
13
7
388
271
25
722
7
365
3225
61
79
130
435
4
1070
10
9
2
2593
258
985
126
7
303
10
142
83
12
2
17267
1104
4
218
12
130
107
2
600
518
507
29
4
43026
42
7
380
388
4
621
1382
3225
2
149
20
11027
8033
122
1382
7
165
10211
5
399
2605
4
7
420
8
3997
9
10
580
40
18
42
183
59
33
192
2
25682
101608
4571
3
97078
11217
12
2
1202
251
6
20996
33
113
33
18
10
146
29
7
14
2
1067
4155
59
7
365
20
23192
13332
5
1344
3224
16423
12702
15
180
10
14
130
131
99
4571
4
7
7
116
51
3
913
29
329
72
44
7
14
1581
1681
8
7
517
103
1813
9
20
16179
20972
7
1027
1174
20
42166
6
130
435
29
3763
7
18
21
1893
130
1070
3
13084
993
10
321
60
34
154
286
59
7
137
10
4
10
34
17
3391
164
190
642
5
3225
8
13
448
130
2605
4
8900
20
42
7
14
1174
4
8324
6
2
2590
2
281
66
142
10
14
2590
5
130
970
4
11
14
424
3
62
180
62
136
282
22
290
14
65
2516
48
7
13
14
3225
2
239
4383
24
2
1403
9437
2590
25
80
286
11
331
180
21
3
611
3225
1939
22
2590
7
1974
10
146
180
488
186
503
160
6
20
759
753
3839
339
4
4142
797
7
1266
1772
1396
785
122
2149
2
601
12448
4
21
80
93151
7
140
134
8
11
55
106
880
2
986
785
472
5
360
15
2
360
1115
4420
12465
2
135
85
3717
6
6528
140
920
12
339
62
114
1230
55
17
1285
59
45
2521
12448
958
987
1880
12
85
4940
339
483
15
4142
11034
797
631
3
4420
12465
135
85
3717
6
6528
6
54
797
44
21
86
72
114
7
87
5
360
1944
29
45
55
1104
38
322
33
116
51
7
49656
12465
1406
149
449
55
25
8
196
33
25
116
31
26
27201
11034
797
140
2065
3
930
56
294
8
4420
12465
726
3
49
4
85
158
140
194
797
2604
6
601
52813
33
116
120
33
219
110
797
1406
39877
158
140
706
11034
797
9
49
16
6
54
11
1406
1840
3995
87288
85
158
140
276
11034
797
2
217
6
368
339
642
142
3
4420
12465
4
11034
797
1110
6
54
11034
797
44
