207
44
6
2
111
1326
19
3565
2712
71
146
1170
173
8
63
13
4
984
12
67
397
54
7
271
8
3913
114
147
3
485
11
822
5455
4
674
6
21
7922
37
36
7512
3801
27
131
1607
4
9976
3
51925
235
2597
1422
650
262
14
2409
5933
3
579
14170
11
14
2
13421
4
10662
2
2162
2272
56
1028
5
2
240
9
133
24
27
4
2158
22
941
3
1699
965
4
3
7474
545
836
321
11
2503
24
579
99
1220
4
12
6763
5
156
4
11478
381
49
1047
2
1067
65288
53
14
42
148
732
15
348
12
473
330
10
14
8
714
2712
71
121
18
47
1637
128
286
145
1490
14
1310
4
10612
10
14
371
71
381
8
14
280
308
296
49
381
14
42
9
406
4
121
18
349
56
44
1506
519
5
6192
4
403
1904
253
274
90
3379
1329
41
3301
65
26
7
75
1685
86472
96063
50
962
2132
594
8
135
150
440
230
21
3752
198
15
9447
8
32
69
62183
2
10
2
10
723
56
6968
24
44
42
5
1054
313
3
17
8
26
16
42
8310
52
2218
13
2
2722
9
4251
39
1482
52
22
13556
573
1778
2
1840
5
5166
20
7
120
10
6257
27
2607
2
239
142
2
51
10
40
123
3
2836
2
105
4820
5
20
2004
179
152
392
1768
247
4
72889
6317
20
7
51
27
1389
59
11
28
10
37
191
5
687
49149
2757
22
69
6
183
107
2
3177
40
997
2
738
1014
62
10
37
5220
245
26
34
208
123
849
198
5
180
27
134
2
151
5
22137
58
31
7
178
11
77
296
9
63
261
720
3690
11
14
1633
1817
30
18
533
849
198
5
89
4
377
25
7
7381
23
20
173
398
22
423
6
41337
442
7077
1859
5
21814
11366
2
334
2670
79
27
1203
424
3
610
62
20
721
27
13
47
458
3
4247
39
1049
136
98
60
11
14
1859
481
229
19
118
11755
1796
14123
36
5950
152
13
462
445
1596
46959
376
310
13
1596
525
82
10
396
25
1704
2
21560
152
13
723
553
79
1788
4
629
79
1294
27
610
20
4
11
309
6302
82
10
245
859
1357
22
668
1433
13
47
37
2075
2103
54
7
84
48
1563
2
150
629
83374
39013
788
13
47
4934
1516
11
495
51
869
3
591
6
1014
1203
640
454
757
86
169
12
720
3690
19
1514
1859
383
27
58
970
1984
18
495
2218
186
65
591
1155
5
1334
1203
1874
8
27
13
47
1073
5
314
408
129
5
53494
1014
58367
2100
1734
7
8
27
13
3051
213
54
7
3
44
11
5622
2
1933
428
15
2
9797
3243
1820
11
107072
190
107
27
13
3051
213
4
1341
6148
6
70
105
1182
11
4414
3858
5359
6
58
97
11
1740
8
99083
139
73
1775
4
3963
55
165
17
2
886
105
163
11
5622
152
8620
4
533
1255
5
899
5
976
70
166
13
6
2571
27
132
155
351
82
11
21
2436
5
817
202
499
4
11
17
4
8339
6
355
52
11
115
82
29
255
11
1341
50
66
6
395
4
26
123
66
3
1026
87416
5
20
7
4219
560
67
105
1182
18
784
43
213
7
25
1536
25
12599
8
10
247
41
36
186
13416
3
257
34
58
97
9
10
177
13
42
412
29
6562
259
19
1275
2
97
5
7405
25570
26
380
9187
114
3
5487
35
197
13
247
2
8799
9
622
732
29
8
86
87
58
1023
3
972
92
880
10799
4
16268
6
316
3
16420
162
9
81388
10
284
7
2
529
3204
5
114
31
2270
2351
580
57
65
2
629
82
576
4
4147
17
8003
1271
10
64
1066
27
13
6348
22
107
3
172
5
202
622
37
67
105
754
16074
22
997
50117
152
1833
45
34
218
3
93
294
26
14
21
294
26
147
54
606
2074
976
6
1182
4
1515
882
152
34
6050
6
2835
6317
87
8
38
402
10
37
5825
4
1557
82
4
412
2958
27
13
962
1341
104
255
51
1859
115
44
29
828
4244
7
8
20
7
86
1096
57
34
663
27
255
11
2420
5057
16
110
351
25
241
2
213
469
9569
2
138
27
36
2
3488
4070
36
2
5015
8567
34
4583
1362
27
7
2
163
5
1160
4
22
9906
5
23573
4
19884
7
2479
29
475
15140
34
1346
24
22
69
30
132
137
117
5
27
6
355
29
30
18
388
117
5
771
18878
38023
2303
15
14711
75
817
2405
5371
3150
14336
7332
5371
883
18878
38023
13
47
3210
190
1018
19
212
5
8174
9
2089
396
9
40177
20
242
11
34
17
56
5
297
375
318
66
547
14
2254
3359
9
66
19
9891
4394
75
3232
1280
9
1538
9424
717
62350
171
1503
4
2405
5371
29
108
9891
3437
616
37355
567
1018
4
5600
3
396
9
10
3
17
443
20
7
122
1018
13
68
388
49
689
49
1851
6
1345
11
14
2317
3
513
670
2
2
1977
3
37355
605
1429
4
164
308
43
5211
3470
5
105
3622
24
3
5211
3470
5
105
3622
24
3
318
109
3315
17756
181
