44
10
313
345
3
41
5341
1856
5
197
11203
6
713
124
4862
11470
5
238
35
4
6301
4336
15
430
703
54
18
6930
589
5
439
12
70
553
223
90
41
589
5
57
2525
1092
231
108
6
1345
3
3169
19
333
73
781
136
5
1856
37
43
5684
4
14008
23722
13
1362
24
204
1291
215
1844
6
278
204
1844
13
21
86
914
9156
604
226
24
2
238
1807
5
4862
124
9
991
160
204
1844
13
68
855
79
314
744
6301
1243
175
197
4
10
430
5038
839
400
12
10
2267
6
278
197
4010
5
1493
4
605
8531
13
47
5715
24
10
322
4
51
108
7
1649
7
7997
12332
4484
156
7
197
29189
848
24
91736
3
10
5753
13906
738
8
1726
657
20
153
14
7164
3
628
24
1493
422
585
6
3076
204
5858
6298
5
2
4372
15
43
9
7462
5
84839
7797
657
30
136
136
606
11
726
197
2
590
5
15529
8
364
43
1172
10
16511
1084
102
204
15
554
5351
2
149
2
13578
142
5
1006
163
24
204
614
6
57
357
263
195
14
631
699
3
70
191
6
2
107
8
39004
197
15
48
10
3805
7574
5
4023
5619
2679
13
208
367
485
126
70
18772
5
9714
16
9954
73
2
10489
1326
12
4
197
618
3020
4
1885
11203
6
834
9
587
512
5
238
2883
16
118
24588
1341
4
84
15
91
4736
204
7
1528
2624
12
197
10
327
17
13696
8242
9
10036
70
8150
3
17
2154
15
8087
8
10
1743
4
54
7
241
7499
2824
8242
7
21
72
6
1070
5
108
70
45
55
137
560
3406
1160
5
38
4677
196
59
2
2192
4330
2977
4023
657
2
25813
2679
14
31756
198
3160
2542
6
39
249
312
20
1180
973
3207
30
4415
197
7
9535
24
657
7221
3206
3
251
10
56
9
51
10
7
20839
7
490
3
123
9
20
11476
11087
10
8589
39471
37
10
83
4222
16
118
6297
5057
51
110
12
164
7
2
11908
1804
3169
5
70
191
2
2
7078
63439
12
2107
1805
7
6382
65483
2486
12105
4
8861
3200
204
5
3062
79
70
4023
135
428
2679
7
2
3165
740
3
7760
24
9794
139
197
1341
3185
79
2
7997
16226
5
10
83
395
8210
7
2
618
45
116
10
4
2
3629
108
195
73
1726
657
13
31366
3
1220
10
12
368
3
890
167
14
489
6
2456
1005
874
4940
2519
5670
5
890
167
14
489
171
2
1311
176
2456
1535
19
1005
874
6
890
3307
5
11521
12
442
1005
874
49573
7129
14
2
3445
150
6
22
500
874
178
8
7129
14
349
3
467
35
195
5465
8371
1109
50010
2
310
724
624
5
3821
9167
11191
28
8
7129
14
178
3
17
1390
9
1678
90
5
467
35
167
6
62975
776
943
167
8
18
47
12535
6
1101
11
28
7129
14
178
3
18
47
646
6
378
5
81
874
178
11
5029
258
504
8
1511
776
1880
409
890
4
489
89025
22
439
11191
28
8
2
627
1790
7
377
622
10
55
3
1546
16474
11521
2456
12
442
50
3643
4
1311
176
583
41
65
1701
4
42
1211
46
5449
3
17
2
565
46
7434
2
1863
3219
190
1211
894
30
55
84
1718
14
7129
14
489
19
536
5118
36
2
7443
2793
171
2578
15
90538
874
28
87
5
7141
6709
416
13
3
17
91
3
2041
550
270
890
1554
9969
11342
28
8
7129
14
1628
501
65027
30
821
425
375
644
874
178
8
7129
14
3980
316
24
278
11191
28
8
874
1077
8
11
13
274
9
278
6
29
26
13
64
2877
8
11
13
154
142
3
62969
258
44
75
890
167
12
1986
11191
28
26
495
2
2618
24
4
625
427
620
5
730
254
26
13
2602
61
1901
8
7129
13
893
168
4302
874
409
108
1077
11
28
8
4
414
2425
13
47
139
9
7129
1783
2774
53
7
8
2053
7129
1527
6
730
13
2721
168
58398
453
8
11
13
228
9
2
518
15
57
846
426
3
358
37
107
26
55
4852
2210
12
614
302
4
431
102
537
100328
16
21
110
239
362
148
16
21
1249
1487
362
11191
28
730
2985
10
3
48
944
5
834
3
44828
9745
20754
181
8
2939
5
10447
6152
894
176
44
14
2
531
2108
6
167
7
165
2518
190
6869
1211
132
68
165
17
12
78812
6
4081
176
1535
2456
23
776
1880
409
2555
211
76
6
30050
3307
54
13
247
4312
9
3859
7510
107753
2088
38183
181
8
158
44
26
16
615
9
693
5
19346
17060
42
5
2547
3251
31
210
171
890
936
12
466
17060
14
42
5
103
430
31
7434
2487
3219
72
620
2
4134
4891
6
464
88254
7
2
1414
39
460
149
1782
20
259
15
759
2
30
93
10
25
96
507
3
20661
20
87960
23
353
303
1058
111
106
3
2372
35
5
61464
150
3971
1507
63
3295
1281
3
2372
35
5
1924
6
133
19
258
205
705
165
13
3
17
1507
19
35513
3755
9065
28661
181
35
5
1924
609
651
3149
1341
3809
124
12
27
19
1048
492
355
109
23
353
651
9485
651
3149
