201
3
93
1563
6
341
336
1229
804
85997
83467
2
2328
2606
469
32144
422
6
5970
23
74
1659
2781
9
282
513
18
10583
398
38
545
2
2575
79
51
290
34
17
73
91011
446
842
9
90
5
81
2
640
118
7060
3
1346
4
606
586
48
26
18
7
361
60
12
38
435
1659
16
2781
9
282
513
4
52
26
50
1916
10
10
40
77
522
2
2
107
9
92
3
62
10
299
37
842
854
6
5970
4
95
31
420
10
1380
42
1659
12
971
7640
15
92
3
62
842
1808
1036
10
1743
2
92
1007
7
1406
59
30
243
1659
594
3
81
544
270
30
25
299
7
486
8
14
1049
1567
18
33
21
118
1721
769
3
67
648
9
128
281
66
23
48
1007
411
454
28
8
1659
16
1342
17
5
479
5
99
664
5
2
977
290
8183
8183
8183
1007
453
92
900
3
300
12
1496
1009
594
15
363
10
645
36
4094
1645
590
9
667
446
545
9588
3
656
34842
427
76
5
133
14
1791
23654
1272
3
17
720
9
6667
179
375
26
1410
10
132
633
4
443
6
38
1111
6
316
3
3833
1960
1617
886
270
615
3
2305
2
334
1067
5
18852
33
584
14
3
1031
182
2150
5
1617
3833
15
72
1041
664
580
55
2538
1960
1617
174
29
2305
11830
664
2700
26446
664
93
6774
46
1682
3670
189
8
1627
6
2260
5
3711
5
2260
5
6774
29440
18307
7471
33283
2381
24
71546
11861
2881
10101
5
4458
40021
1156
39667
1613
2439
1761
5
717
2
49999
5866
4139
5374
71583
3696
5
192
3321
3749
1309
16
21
1306
46
56
5
112
28679
303
10
619
664
2
4784
319
583
24
22863
79
112
6293
4
3547
10
3601
6
112
52164
858
4784
19
6366
2
9496
5
3601
119
4
585
13116
3644
79
2
4784
7774
4
549
10
23
112
804
100
111
74
2
241
1180
3
303
664
93
112
3833
986
19
14032
2
281
6348
5
359
198
986
107053
15
2
350
7420
30625
10
132
123
2
281
630
3
93
2
201
4990
664
3
972
61
6774
236
10
12
4
1980
3061
368
6
2
6160
601
5
19848
664
370
2
372
15485
343
13
585
112
6774
4592
10
79
2
3519
501
2
563
37
2
5007
1146
664
6879
112
3979
2821
6
986
4
1429
6774
3519
79
112
2089
2
15765
12039
242
112
616
13
2222
3519
4
34
862
10
12
2
91820
12039
242
112
616
13
2257
3519
4
34
3542
3055
10
56
10999
664
224
1617
19
29679
112
88143
2821
73
2
17339
334
148
33
219
12062
16
33
664
1300
2821
5186
986
4
31954
1960
1617
9
98
3754
664
6062
1617
6
26446
25
33
16
11444
3
3008
10
4
247
4706
483
74
23
664
42
25
93
4502
52
33
25
93
10
101
12
99
666
73
48
148
6
290
1031
2578
175
204
4
1185
2229
10
373
44
75
1185
350
83
2
263
1145
2231
12
10
614
42762
63
28
11
7
14
3
3771
743
29
11
816
3
789
1185
614
4
1361
10
767
958
32224
1828
5
441
2923
167
4
510
258
664
10
40
123
75
1146
1687
167
40
17
8582
19
1145
2231
603
441
40
17
443
4
215
1765
15
1185
40
17
103114
167
263
63
1726
657
91
8600
571
1200
11
228
1146
2
7100
6
142
4
627
851
1359
3
101412
28
204
40
21
4413
156
4773
204
238
624
8189
22
2716
1413
3
42782
1629
691
74
1185
4837
5
2
263
4076
8026
9953
23017
1731
62
63
1726
657
11477
132
10085
409
730
790
67
9807
3
610
4428
2764
5
2
818
7036
15
54544
68
908
1185
5
4336
15
29213
35
90
60
209
8
2
529
869
5
649
4
649
1294
16
118
5660
3
1746
5
1185
24
4719
1940
19
293
657
28
8
7
62
104
13728
16
2730
38
554
103331
73
207
133
13
2
101
3
1361
10
1746
4
10
4684
71
28
7
113
10
7
131
344
101
84
9
43
3
96
507
8
263
4
6661
16
631
3
332
57
346
56
912
51
721
4
123
705
3
4502
98
359
5
59782
2
1006
232
331
1006
9
4
1924
518
10
14
99
60
6
66
2
1006
232
1129
350
83
2
263
89968
18
1274
1188
130
594
37
2774
5
215
297
5
263
3747
349
3
1006
614
1006
269
257
5555
7825
28
20
2891
2180
5
454
4
10380
3443
3
1227
156
1146
6
475
2
30
18
1214
146
314
30
524
6
4255
15
1185
4
144
5583
2203
5
67
1006
2081
42783
469
3
17
388
52
1006
34
4128
463
54
35
8
4
167
12
42
232
7
4
167
12
46847
4
204
161
981
416
26
28
988
38
1421
5
63234
28
263
1129
1834
10
4684
75
1321
1259
204
28
10
1129
14
1943
74
604
42199
1129
14
350
83
604
1405
163
4564
2
339
998
81
2683
42
5
263
2590
326
3
2262
2828
10
477
2828
5
1145
2231
210
4
19522
14
94266
4
1185
18
2
241
352
5
3910
815
4
1146
1341
103
3619
1815
1279
3
1982
818
204
4
3650
250
12
42
435
4
2292
1185
12
40258
657
