608
12
1029
399
101
1164
4
526
437
5
1770
279
1908
9913
14684
510
11
34
179
15
2952
24587
4
234
79
14449
52953
24686
31019
134
7905
10472
8283
18677
36
350
3948
73
42
23
12150
7
1192
3
17
2
2027
348
120
33
2027
3
155
79
10
29
53
64
2027
2209
26
219
72
1528
45
6
74880
25
18
3
18
476
1169
8
33
380
42
26
219
21
2177
33
98
7210
53
21
98
359
5
91
428
4
26
219
502
1009
24
10
11
28
25
3
3006
1009
26
18
3
18
51774
51
26
219
377
7
26
219
2377
626
17888
28
11
383
53
7
2
350
3948
348
23
40089
120
11
7
8254
8
120
892
3937
14
1910
1344
3956
3134
89
26
219
3156
8064
4
5367
12
45
6
8
350
50456
350
3948
2298
16
1336
16566
665
427
15422
4
338
427
184
3
361
2733
578
7
901
65
10648
11205
87
26
123
48
5
112
1767
4
33
18
2
1620
2151
17888
28
25
42
164
23
40089
7
103
471
3
2
1620
33
219
6
1620
15
190
417
9
509
2
44
44
2
153
16606
48
35250
15
332
57
16606
48
43201
15
332
57
2375
1276
52837
5270
4417
61
3156
33
219
6
1620
15
1224
3397
15
480
61074
1172
33
61
53
26
219
14696
45
61
53
45
99
295
1341
3
350
3948
348
24
51194
826
17888
94063
14
2
2921
5
534
756
6
53
26
1364
350
3948
61
11
28
1876
3
2
878
2127
26
146
10
120
33
77
942
6
10
26
13
3
93
597
56
5
53
8
62
572
26
16
8
62
572
10
43514
182
5
45
113
8
59
26
44
26
243
43
6
10648
11205
8
10
10648
11205
6
4
5
682
8
3274
2458
10
21
72
1528
180
6
1620
10
999
8
26
243
180
6
958
5
104
1620
17888
48483
218
26
243
43
6
6238
1620
51
26
25
7
26
18
45
6
10648
4
26
17
5003
37
25900
36
5003
37
849
36
103892
36
271
4
26
34
243
43
6
95
54173
260
116
53
16
139
46
53
25900
139
53
6269
139
4
26
243
43
6
104
51
26
251
220
56
1620
100
36
6238
1620
849
635
179
30
17
6
1620
6
1682
424
3
599
10389
67
21756
18545
34
17
5924
61
5270
12
172
5
104
4197
4876
538
34
17
6829
438
48
74
1620
821
4
1781
16
12062
10
48
5
104
2040
8
16
453
12
29
8
115
62
61
6
7210
4
8
51
26
380
42
3
45
73
2125
26
243
180
6
4
3279
1620
7
12
51
26
251
1400
525
1190
100
8
242
7
55
21
6624
15
580
7
396
17
231
190
417
183
148
15
14449
4
892
3937
17888
57010
2298
1274
1380
3
7905
8
12150
7
120
26
117
1663
4
33
18
3
1016
42
66
6
5315
8
2298
403
20120
14
21
2
77404
12
14449
107
3
78301
11
115
1097
12150
11
17
3264
2298
28
23
60
184
3
1087
9
2733
216
5
5004
14449
7
84
8254
23
78302
259
2733
1086
158
9540
102
1086
971
195
19
2390
538
3
1620
939
99
473
2
272
31
106
9
138
27
14
1480
9
2149
2
3989
8
1664
78
32
300
37
27
267
118
3081
3
199
13563
25351
14
1480
75
11
30
3
199
2149
2
7091
3924
4
2
4467
8
599
4851
5
3081
184
3
25122
25351
1300
22
3924
23
1281
5
95
31
50
6362
199
301
170
3989
7
21
1834
85
825
11
900
3
484
10
958
56
1183
1300
10
4720
11
14
1480
4
496
15
13668
25122
181
52765
176
582
2637
68405
1298
1783
29
877
3
307
829
472
11
5160
3
56437
826
85
6799
13651
25073
25073
28
2592
5
13668
7
1504
3
45
31
524
620
987
236
1174
527
1713
55
17
1285
19
114
2
149
10
55
242
2
3989
2
4332
2
3924
33
116
11
28
476
960
3
360
97
94
25073
877
3
307
1169
829
37
25351
1783
25073
7
1299
19
130
4
6581
10
6
85
825
13668
7
4758
474
2
7938
33
55
21
2334
384
9
36
102
2
94
36
105
97
19
2149
4332
3989
3924
1112
765
36
2056
527
11
28
88
45
31
96
1437
1315
3
1227
110
3
1962
11
453
207
85
30
18
3
2803
45
80
52
10
2
391
2286
139
26
2521
94
4467
4
30
72
18
3
2654
81
982
155
79
10702
4
484
10
958
56
20
7
99
60
7
2385
480
502
1480
11
28
171
103
568
400
23
826
85
266
2
11258
7
1400
6
2
334
122
404
15
2
2850
9
27
4
59
7
331
89
3
982
123
10
198
11
14
280
2141
4
365
10
198
11
453
122
400
2
987
777
429
1921
6
39
52208
25
184
3
20
4097
2
3092
605
4467
77
17
3268
3
199
42
44
29
52
2
629
96
1664
3
2116
12
8
4467
10
247
713
3
2521
10
3
199
235
44
20
7
3944
3805
130
194
12
48
5
8
7
51
721
3
361
381
7
8
1283
2
2
36517
101
6
99
1167
7
242
7
1366
8
1103
7
3
4718
227
92
29
4240
