1403
17366
24
8
27295
638
15
2
39
2050
4
45
16
1712
3
7904
1089
495
24
8544
3477
1815
12
318
109
62
2
44914
18719
12
3705
2439
6
4137
550
6
6989
3150
4995
414
195
18
1443
435
3
392
108
1247
2423
1840
6
8544
3477
846
637
4
426
18
1123
2
12183
588
3
555
4137
550
1840
224
14
6802
6
37154
2681
75
7802
1505
296
19
143
226
1579
9
6691
5
8544
2423
852
1071
4137
550
2423
1840
34
1104
4
418
5
169
2550
5559
4
7
3
17
2703
24
2790
6499
9
66
3329
418
1104
41
65
129
5
1423
3477
4
7
308
3
41
65
3108
1100
4
843
803
224
2
1804
6838
75
568
5
450
315
6
2423
9103
4137
550
7
388
2
42
5
108
88
24213
344
3477
9
10
2244
5451
1100
178
8
2423
1840
55
17
2
1467
9
2
2670
1585
5
754
160
984
1579
5681
5
204
539
43
4
1989
13
3
18
7383
144
9
145
115
113
73
882
220
114
468
7
21559
652
11
1114
71
30
25
84564
4
39
632
13
38
484
6
3939
4
1378
154
20
747
4
2
153
75
8
130
35
413
673
34
350
10
83
135
289
1013
3
95
99
103
35
67
7
1264
2449
838
585
1725
3056
46
251
10
51
33
34
46
413
673
370
2
24167
5
658
101
578
4
617
71
956
55
248
3219
94
325
4685
15
220
34607
145
7
21
8
94
46
21
235
3
78
32
24
22
8379
15
63
3
141
11
2746
3
733
11
319
145
459
3972
4610
9
71
267
613
95
24
1842
56726
6
122
165
2
2043
679
145
365
2
1128
24
58
5035
4
228
9
2
289
567
3
71
711
22
2265
3
1514
2
1055
1022
2
768
3
51
71
7
377
2
52
3
44
1961
283
299
4
1106
1163
16
21
1055
362
934
162
7
116
40
37360
7407
6633
1219
4
544
2119
3
1961
299
309
84
1050
63
71
1832
2341
142
6
541
24
239
274
904
145
621
56
12
360
811
2008
472
9
4
1523
2809
74
413
14203
84
18
2368
1961
283
1121
168
887
52
145
5360
22
69
627
4
483
95
358
24
2
7548
500
140
11
692
14053
66
5
92333
283
299
323
3874
3
67
543
10
64
696
8
1241
70
210
544
65
119
4
2731
6
1457
217
24
1537
73
6717
4
910
1537
30
68
210
1944
2
465
24
419
581
6
2330
826
1074
220
6390
9
129
5
684
6
29
897
129
5
419
581
439
30
1042
2371
120
67
244
16
23
123
4
12
8
383
145
13
2
3569
433
12
419
1565
454
768
683
8
71
84
92821
1384
387
370
106
9
1053
8
918
2330
3346
3
1132
2
419
640
2
18001
2059
46
16258
2330
4917
41
644
11
106
83
1053
1389
3
3820
419
4918
24
944
1644
59
63
71
128
205
900
3
142
98
94
80
6
130
83
97
31
115
21
144
8771
419
683
11
132
149
18
47
1876
3
47595
51
714
1498
94
2
4
309
5
4255
145
68
2288
21559
652
2
9068
3
413
673
220
114
2
197
259
243
10
652
522
2
145
1534
3807
10195
4
13
47
1264
1170
5
63
71
8
4
14730
21559
652
1114
63
71
11
370
228
63
2
52470
32
2
6136
58
6
51475
4
2
28002
92337
83
810
1578
7296
14
2
280
658
41779
843
2
50
5366
2585
4
4805
3119
2
33037
48
5
81
16
2666
4
149
15
1037
413
673
2052
4
77
18
47
2945
9
117
145
25
5
48
220
195
145
77
18
2331
206
652
652
7
2
2950
507
29
22
384
16
1552
4
26
4819
15
136
5
41154
220
34607
145
242
149
4
22
251
9
935
2371
6966
4213
15
135
114
29
856
139
46
419
581
4
283
299
223
81
46
4
856
7250
46
21559
652
21
223
81
46
922
1885
3
88
1241
70
130
106
801
3
480
31
144
63
71
4
2570
3
6568
4
47168
858
12
22
2341
8
480
7
21
392
28546
217
5
262
6
41
65
566
66
6
132
1671
19
2
971
19
9856
639
4
2
848
6
201
3859
2504
2272
3
1147
535
3761
8
77
96
10
831
9
227
1157
3
459
385
93714
6451
443
19
86
262
128
205
7197
1113
170
1029
1147
216
28
12
466
2415
1900
2097
639
6
647
4
1063
92
28
9274
9856
971
13
5356
2504
983
19
10010
201
3859
1808
54
364
3211
4
2940
11
262
88
170
1360
80
261
9856
971
6451
40
18
443
19
2
2928
9856
639
31
50
1050
5332
87
26
7
21
495
2
5339
171
6451
1186
153
2283
3
38
262
12
442
26
16
761
3
1486
860
61747
12624
497
1915
42368
5
2
1398
173
3
129
6
132
3517
170
355
3892
6
2606
497
14
6
177
91
3
45
3780
56
5
1147
65622
6952
19
2309
13
3605
6451
1324
6
132
4
2606
497
2650
3
89145
1719
5022
7128
13
28
4309
1113
5
1737
262
16
816
3
319
61
15
983
6
106689
684
43
813
493
13
4746
10
1994
3
459
497
850
52
262
1113
218
4
288
561
