684
178
6
1645
9
108
195
3
96
108
2
41
16003
236
59
2478
898
16
1885
51
5249
81
1357
3934
16
245
48
8
7
633
3
6077
137
4
488
7750
5
156
2
9457
35
5
2634
301
20
7
912
51
30
16
5484
6806
122
30
319
1903
1132
4
8089
74
3619
15
332
57
338
7226
1252
237
6027
737
4
25
3188
48
5
54
16
465
2120
8
30
123
12
24
131
213
13323
24
48
5
2478
1936
898
2
448
5
4740
24
332
57
1028
4
48
57
290
729
7
4
1567
4999
5
67
213
54
13
7562
3440
2107
83
448
5
4740
24
597
4
622
30
9865
155
23
124
4
959
332
57
12720
1205
2297
4
15909
2
118
1919
122
57
74
3891
4
218
3
20396
74
554
1710
640
1359
20
448
5
4740
13
1968
3
173
120
177
5
701
108
7333
3969
38
2527
2855
6
2392
426
2
52
1172
4511
6251
351
34
2365
209
8
30
48
244
12
183
1028
321
640
67
1252
6
118
1321
24
1655
24
332
57
4
19
7454
614
30
48
1363
4
1478
2419
8
469
102665
19
4782
16089
20
2419
544
2206
3
2
2048
3048
137
48
290
2
2
668
472
5
1144
6
461
5
51
55
522
36
2085
180
10
3212
113
6
461
5
51
55
522
36
2085
43
109017
123
9
482
2
977
31
7
21
321
123
12
2
4551
1947
8
276
2180
3
12119
614
31
115
21
321
9932
4315
4
786
20729
5
1160
4
31
115
21
514
98
729
5
1769
1252
213
36
3940
40
20
977
155
3
124
15
190
19574
1546
1473
6
320
5
1034
5
986
4
4468
12
2
1447
36
17
196
11639
3
478
2
108
6
54
30
48
336
1473
1071
2748
72
73
20
977
2048
3048
196
2395
5657
15
64
2523
8
4184
10
1641
90
5
67
354
4
1252
37
1903
4
108
16
25
1483
13159
8
30
16
4985
8
26
16
1252
4
123
81
261
194
9
2947
699
82
11061
89831
59
30
10196
1386
3
1899
67
3555
4
3
551
2383
51
67
213
524
9
30
1366
10
115
21
18
3
17
20
107
10
7
551
12048
3
5449
8
10
1064
2
65698
107
5
852
10
13
64
594
9
10380
1160
36
80
399
244
10
86
1710
168
5655
5
102425
1357
309
5
1738
12
1014
36
8484
1416
26
1852
43
23
16775
1645
368
121
96
15386
304
131
314
30
132
113
8
4
2422
770
2017
2
10108
842
213
54
13
855
90
626
3
2
35
5
21709
5688
40
3212
345
43
3
628
5
67
399
3470
321
59
30
234
23
124
30
165
1262
6
1720
497
5
283
10225
17537
649
2280
6
67
3477
4
869
5
9410
92
1323
8
635
9638
121
8
345
43
3
706
1903
51
912
16
30
2726
34
30
147
3
576
5697
83
5
1028
8987
126
30
945
303
619
67
841
4
9898
3
67
24875
4
2371
15
332
57
1028
4
48
290
729
2
1356
6
2634
6308
3
30412
3
180
12246
7
37
103
148
5171
5
2634
24
48
4205
25
8
560
1160
55
6257
4
4
8993
6
290
8
7
4
1099
3
2087
5
4397
4
5424
8
1982
67
593
938
82
751
86658
30412
551
242
3555
5
67
4627
24875
15
332
57
1028
2199
2892
4
1615
478
2239
10
7
3858
1585
820
16287
1252
8
30
16
48
1770
9958
5
183
3970
2634
6
54
48
290
5401
76
6949
251
20
2634
3838
662
76
251
10
2
2801
2634
57
320
10
155
321
357
8
1040
17
4055
6
20
463
7
333
333
7
21
2
1321
3862
4
22225
3342
2
67
770
1064
665
1182
14
43
3
178
29
7
6
209
853
1465
5
31
30
1519
16
820
576
5
4740
1394
164
3
790
339
4
661
3
5819
194
100
9
2
241
1088
5
60
399
2634
13
2036
1693
61
474
6
2
131
1504
19264
7801
54
186
43
3
17439
1649
1903
2
1321
24
332
57
24
48
29684
4
24
1028
4500
206
30
18
448
61
12720
6806
156
37542
175
332
57
4
1655
738
30
18
392
9
1903
7
284
5
852
67
244
15
67
24242
634
6
1399
389
30
16
5113
5574
5
2
5791
38475
2634
120
30
178
53
7
412
41
3
43
65
626
40712
634
486
4
3167
67
770
54
7
2
4762
5
20
35
5
2634
2951
2070
28219
34422
5
634
472
5
3413
15449
15
67
69300
2634
6
20
35
30
18
918
1883
623
4
302
3
319
43
24
470
1445
9
1903
4
9898
3
67
560
1160
48
122
1645
9
2576
36
105
4033
3
3064
67
626
4
2567
6172
156
2
9457
35
5
2634
7
7115
4
52
21
3173
40
345
2107
3
10
83
6604
67
3108
7
239
196
7281
3
1920
261
2881
82
60301
1473
1028
7
1027
8338
2
1356
6
2634
20
6308
7
719
4
1720
869
5
626
3
26089
15
38
2048
3048
54
7
6806
81
3
2395
108
24
2
2215
41
3838
2050
41
16
1096
3
21
86
194
28219
1820
4490
2107
29
3
194
131
1370
5
38
2122
4
5
290
682
156
4
5819
771
13
11815
2098
90
