959
15
462
3936
12053
2150
5
98
1026
11
370
481
7
131
131
718
402
8
54
7
31676
396
17
476
186
22
5097
5
14853
2
6516
7697
11340
22
2422
2624
73
14853
2228
22
864
6
1544
4
381
50
3818
1703
2657
9139
4
86392
2
15
98
2026
5
90838
5733
822
3646
17230
5
435
6
18923
56
4316
4
9538
4861
33395
3282
54
7
57715
96
64
306
8809
37
9447
2431
4
3890
4108
3
2
9665
23
25
15
770
73
14853
5733
4583
15779
3
58038
2771
12
3282
87
325
5
2006
2771
12
10005
2599
19
5216
18611
4
30343
1208
6816
20
7
2
718
1709
19
718
5070
4
10
1153
3
610
9414
5
70
2805
79
119
4754
206
1709
1983
25
70
403
3
6435
699
6
4662
4506
511
65
1468
206
25
737
348
9196
43585
6
950
5
95
31
55
2831
15837
2
5921
206
115
421
39
4898
15
1142
5
2736
7456
206
59
13277
2
173
25
10
350
1173
73
2
37006
7
26138
38
24638
206
25
67
8197
4949
183
28871
1173
5879
206
13
143
35
506
4
13144
9
2
92876
6816
4
18611
104
5989
194
25
21
18
2
5989
661
4
26
173
38
15370
2313
23
1246
5
5733
4
7121
894
26
123
3
17
152
1774
4821
573
26
2005
1799
15
6777
2183
254
26
380
277
8592
5
1356
26
4789
5733
4
7121
2
1744
1752
5
67
7069
5
67
30206
24849
4
67
195
100
1733
5
42567
23
325
20
7
727
17628
877
4
848
5
17980
674
608
6
5070
44
4
6
2
856
448
26
16
101
6
8
66
2234
42
5
258
1334
1545
25190
239
405
1472
4
2130
6
1557
4
59
10
3466
2913
61
101
3
181
24
58
4
135
150
440
703
12092
2
240
10
40
1900
103
1799
3
300
12
127
287
26
40
15358
12
157
274
4
101
4059
4
11895
9
10
3693
29
161
5
81
4144
73
1309
4
459
1239
24
99
185
3
9321
640
824
100
19268
603
4
20239
11680
5733
2365
168
22
31021
2
7121
42378
22
48296
4634
23
8815
19481
608
149
126
1766
4610
2
1709
2385
7121
10203
5733
3680
66
544
20142
89
12
1904
62
23
58
440
6
7121
6805
89
285
6
725
5
2
150
1263
6992
1184
24
2
69
158
37
5733
919
15
5402
7313
140
438
9
63
126
185
1468
6
1709
7121
1900
2
1574
3
248
89
4920
5733
4
481
22
16381
6
1108
3232
81
12
2234
53234
4
67485
521
7121
228
22
895
2
3708
5
5424
8657
27158
5
101
904
4
7189
9
20313
23846
42595
3522
6
7121
5569
19
183
320
59
7121
2269
731
222
498
2
4
5870
7193
2696
5733
441
2284
1196
19
22753
8251
7121
1709
315
52
2234
13
1142
3
2194
824
5
20313
23846
100
3
300
12
58
356
7
113
8
45
5
731
18
101
59
26
628
2984
3
753
2031
79
150
356
80
52
11
7
2495
6
5
454
4144
6
2077
8
50
21
1238
19
371
7121
10474
716
4821
6
25384
764
309
59
7121
4586
5733
2
58895
2
105611
2592
6
10671
157
65
270
4
5733
228
89
2
16387
4
1991
3
9788
89
6
19831
322
5733
2
745
5
373
108
124
365
2307
613
490
454
757
136
5
22
1433
424
3
6856
3361
5
10
5099
2040
4
454
3943
6
22371
256
11543
85244
30
178
1709
140
98049
22244
3117
3
100
3379
14
2
1804
532
12
1014
8
160
4829
3257
30
16
3427
8
23
42
173
2234
6974
23
440
340
1462
46
2
6937
9
16029
5
8409
100
22621
4898
122
797
10353
348
2
25
136
350
603
2234
7987
6
2
989
39
1263
4
2
12363
5
3690
670
37292
14
2
9635
4
703
4
10
3466
40
666
3
5579
185
100
9216
6
475
105
1203
26
40
6956
4754
74
337
4662
74
1144
4
15650
2134
2
157
76462
211
5733
6
20
4425
7
41
65
2
1713
5
201
2624
2
11
230
44
37
3802
46
301
6569
7
230
2
46
156
2
2630
2495
6
5
16300
5733
9
48
5
22
17372
356
14
4156
11817
32617
4
22
482
77
522
2
2
7235
11523
3
1237
35
5
6405
737
774
6
22
83
88459
7121
28
75
185
8
11
14
2837
3
18
398
1263
38
246
1155
5733
1050
864
2
1907
7121
15444
185
18643
6
22
40246
29
26
6805
5733
3
117
5
22
44
4
11
3442
2234
13
1748
2183
5733
13
697
3
358
37
58
440
11
28
29
11
277
10
831
3
25
25
59
33
18
2031
73
20
31
628
6
156
27590
4
31
73
3
17
17339
54
13
1956
3
17
2
1604
1264
80810
104047
8120
855
89
4347
5167
4
6816
4
18611
62
38
448
5
4665
59
5733
671
14853
105738
55563
14504
168
1709
52
26
276
7121
2
2228
10
7
18795
4576
647
9
2970
3703
2
1034
20553
693
15
2
27859
3803
46
4
14128
3
338
105
4
5989
7388
8
7121
914
3752
198
7121
897
6
890
937
8
11
14
21
11344
54
230
920
19962
1152
5
22
59577
7
3
3282
2
3412
7
3
337
4
5733
14
2
1031
2
38647
2
2
20523
962
3419
353
97140
2849
23
