286
10
21
68146
44
34
253
514
107
29
2465
5091
26
18
38
83
106
11
46192
2
232
5
2
6934
1813
40
17
7721
2479
286
21
1871
20
721
6
59
135
287
575
11734
438
2151
117
2128
35059
4683
24
237
6
878
75
10
14
1254
11
13
11472
4616
2346
1509
9
1698
283
74900
14
1603
6
1206
19
19267
71117
2
39
823
127
287
80337
1813
30
12
3
689
237
6
2
3348
3
3722
63
1477
83947
21951
31
296
85
141
2268
134
4868
8
743
77
247
2193
41
2223
52
10
50
3
671
56
394
6
33957
41
2223
255
40
5401
52
785
18
260
47
2739
4
45
40
18
739
360
53
906
645
40
154
79
671
4
6492
24
97
40
17
761
3
106
9
3966
287
21951
1757
99
4728
785
50
12161
56
6
2202
6
464
673
4
90
57
35
34
850
663
19
13865
2872
9
161
675
3
14209
94
9
257
85
34
18
893
6
207
35
82
1874
1644
230
18
3
17
1057
3
666
4
93
2
3966
12
21271
1054
7
21
1406
3
2
1281
9
300
24
65958
7
99
60
20
85
1482
53
13
47
358
5
2
94
3780
56
6
1206
171
2
774
4105
8123
5
199
217
9
27
76
202
158
50
1454
1612
9927
240
6
187
58
287
1658
87201
9030
7
2
356
523
4
6275
737
1799
9
4868
11
55
17
1123
164
36
12
3154
16
550
23
275
42
1532
3251
7
165
12
78810
2
531
194
6639
2
1436
237
3
1034
570
829
37
3251
405
298
2460
1687
6
4081
1035
50
104
471
2080
1074
36
50
57
232
5
2
1083
1620
1017
98699
1783
4
6709
1312
16
76
5
1555
1436
16
501
3
93
3
1932
5
31
14
405
167
6
2555
54
489
45
4
2481
87043
5
3154
50
1045
4
42
5
3154
23
1922
477
3
17
2
272
874
320
2
2
1211
6
890
1083
23661
291
7
239
24
2673
15
23
275
42
1211
12
296
123
16
422
3445
3535
158
457
2264
99424
28
105815
16
165
2
217
5
45
1679
646
6
167
165
6
67
133
31
165
1363
2
447
11
23507
2
234
23
759
974
6
291
4
194
26
93471
227
1554
15941
2264
10942
1628
7911
3363
8949
2
42
5
103
1863
3154
23
2555
1922
4
22
1045
10013
3363
8949
2
272
405
2
2460
1863
3131
37
4
509
394
12
2
1733
746
11729
5773
97641
7
99
60
26
821
154
409
874
93294
3363
8949
14
4498
19
1185
3
5844
128
66
2
669
2121
158
134
390
2121
711
266
28
874
53
1692
89
6
878
4
10869
89
3
3445
49228
874
2121
158
28
411
850
75
254
11
13
2
618
433
29
64
508
807
3
98243
103
8986
1863
3154
13
4094
618
433
11
28
29
50
21
2374
3
98219
3363
8949
13
47
1465
6
318
19
2
2555
618
212
3
1610
66
405
1760
9
1766
583
12
176
379
15
2
13183
171
2
6759
184
3
3445
166
6892
17568
4
390
2404
96418
13
139
2
415
1466
9
10013
3363
8949
5722
3154
8
383
3445
874
697
89
6
1335
15
834
29
10
14
314
59
8
1466
14
139
36
206
3445
874
84
44
11
13
64
807
3
98237
3
803
52
26
50
260
12
874
3831
62
7
1045
1315
3
4095
168
3536
4
1518
56
2460
48960
806
998
258
471
1333
11726
10186
168
1922
18
1596
4
344
564
2
874
179
3
13294
103103
44
3154
7911
3363
8949
7
272
6
311
20318
13818
4
293
21337
7
272
12
274
6
1245
2
3445
3535
158
134
390
457
58820
178
161
50
489
6
1922
3131
29
874
16
615
9
667
272
6
1089
2869
12
101
4
2149
25251
5000
4
2
69011
3821
624
28
8
272
236
2
1198
23
1922
4
77679
103
2487
30
198
474
373
5
332
57
2296
126
353
20
667
1198
607
2
16012
19
2264
10942
7
21
472
118
7434
19
874
394
6
2
2013
63699
3
803
120
7
272
6
25251
5000
155
7
580
1426
89
2365
56
24
874
4
77
11
17
6278
190
33159
45
50
1480
6
2555
6
1335
15
167
42
6
14210
4
57
6
14355
2264
10942
16636
14
307
394
8
44
184
3
92199
417
14
3845
442
184
3
3445
166
6892
96409
2456
158
28
324
75
2
2618
24
2
5920
1399
186
81
3
4549
2555
418
5
54303
1399
1283
471
1407
6
1640
2889
4
134
874
11
2106
471
3
1922
126
167
176
459
418
120
1399
134
81
11
2602
61
20229
442
26
146
190
851
346
7911
3363
8949
106222
277
1922
3154
34
12
2
1447
6
2
5231
55
6
14210
2264
10942
1757
34
1337
8949
147
3
3355
4
64
752
488
45019
3
803
31
16
45
31
50
1480
4
51
14
38
1532
564
6
8369
759
1335
13818
2
1211
6
890
167
31
874
84
44
26
178
14
42
5
2555
1922
51810
178
6152
253
943
3
17
177
5
4
167
5029
19
183
293
1620
8
1328
56
298
167
2
669
3445
3535
158
134
58821
2555
3251
253
4646
38
240
59
176
1588
6152
16020
1436
33480
42
5
3249
120
11
22
126
22
1692
2687
