4572
2367
192
16
761
1075
1088
15
2735
3
1248
14335
3074
3605
24631
301
12
1812
210
2367
3074
55
345
3
1837
849
118
3380
2
20192
93
12437
19
2367
192
3126
1668
849
55
477
74
3785
1123
5
1837
4303
4
1058
177
5
244
2346
1710
886
6
318
109
2
1425
3001
849
7
388
235
3
7619
5
1476
1247
402
493
5488
493
6
15936
1476
318
109
95515
89491
5488
493
582
256
12018
13
3345
554
1808
19
3229
2
6755
1710
75
2226
326
2259
438
9
1228
442
5488
493
886
4
3837
6755
1710
253
91
3
808
4
7550
642
5488
510
4
3837
2060
1710
5
169
3344
169
6
667
2051
1710
2920
3
2
3882
8885
6
2286
2973
8
6588
48
444
401
493
12018
2051
13
47
6747
19
358
74
2508
2462
1122
6656
3
1517
5
8508
30083
6601
18880
4603
13
68
533
10
3737
12
554
1678
4
788
3387
12018
750
3
5488
2001
743
34
942
831
9
2
122
4
7
353
400
3
5624
2462
2
850
2
451
5488
34
68
7324
372
11420
3
2557
2
10524
1655
9
1989
2266
172
793
5825
4910
935
7
165
22658
6
461
5
577
4
12
151
446
53
16
165
808
196
90
5488
493
23947
8100
34250
913
2363
2051
2973
402
1506
3
4385
128
66
1538
12018
749
23
275
4
509
2
44
3168
493
423
3
3071
3
10006
98
3776
7
25
72
10
15376
74
15384
6
5488
493
4675
4
1549
2103
13
1625
5
462
591
3344
3071
4683
591
3344
6
667
2051
5488
13
13208
1157
5
591
3344
83
24
591
3064
12
2202
4
591
3344
6
860
5488
443
38
5025
1157
3
591
24
591
23
117
5
860
5488
2443
2166
2218
23
591
3344
15
2286
2973
3100
61
129
5216
6289
1459
172
83
2443
50
2038
4
493
7
3468
12
577
15
20
2051
118
2
2363
7712
42
5
3467
2467
2437
6
1514
7544
12
429
425
2
129
3730
6
10
402
15936
1476
5488
493
582
256
12018
1098
3
14649
11420
315
12
429
1259
8
10
322
1191
60
15918
358
15
43
279
874
74
2
82703
591
670
1695
1476
911
8649
544
886
4
3837
6755
1710
9626
24
2
3882
8885
6
2286
2973
29
784
3
10006
3465
5
4603
8
2990
3071
3
3787
591
5
3344
12018
28
12
2
724
251
8
2051
13
47
6747
19
358
74
43
216
5
279
2462
1122
6656
3
1517
5
18880
8508
30083
6601
54
13
434
4603
2
149
2
454
4
984
12
2124
4
3071
384
5
493
20
4603
13
68
533
10
3737
12
554
1678
4
788
3387
12018
453
12018
1289
5488
493
909
6
2
750
8
743
34
942
831
9
2
122
4
28
11
14
400
3
5624
2462
2
850
2
451
5488
493
40
68
7324
2
372
11420
3
2557
2
10524
1655
9
2266
6
730
4
2322
12018
28
301
2
172
793
5825
228
12
493
2103
3
96
2670
642
6
10
2973
1717
4910
935
7
165
22658
6
461
5
577
4
12
151
446
53
16
165
808
196
90
640
153
5
1322
1676
5488
14
458
3
510
4
3837
2060
1710
5
169
3344
169
6
667
2051
3822
19
2
956
6
2286
2973
8
6588
48
444
401
493
20
326
10
336
3
2
41
65
9509
422
29
26
11055
6
368
15
535
3
17
83
129
5488
493
582
554
379
8100
34250
68
1498
2
1280
383
254
11
913
2363
2051
2973
402
1506
3
4385
128
66
1538
15384
3776
12018
28
11
14
749
23
275
4
509
2
44
3168
493
423
3
3071
1197
3
10006
98
3776
7
25
72
10
15376
74
15384
1505
74
2
591
1042
24
43
2508
9
81102
2527
30083
6601
126
554
771
18
303
2
8760
7700
9
12018
429
284
726
76
3632
79
62
20
1042
13
8319
2184
6
5488
493
54
671
2
1170
564
6
4298
76
5
1476
911
840
6
4675
4
1549
2103
54
13
1625
5
462
591
3344
3071
4683
591
3344
6
667
2051
5488
493
1254
25727
13
170
13457
10
28
782
10
450
535
2973
402
14
68
704
12018
28
493
13
13208
1157
5
591
3344
2
848
24
41
65
591
11
13
3064
12
2202
6
860
493
13
591
3344
5488
493
303
619
41
246
9
10
605
200
9
2115
268
7773
5025
1157
1881
3
591
24
591
23
117
5
860
301
5488
493
13
25
239
21
146
2
1169
1122
9
51
10
40
17
1095
3
513
3
2426
18880
187
4
13
1541
21
17689
10
1952
9
10
10
13
403
3
2426
187
9
37
591
2443
2166
2218
23
591
3344
805
5
1459
2226
3245
2106
19
5488
2973
122
402
877
6
57
2467
418
172
83
2443
50
2038
4
493
7
3468
12
577
15
20
2051
118
2
2363
7712
42
5
3467
2467
2437
1459
23
5216
6289
383
10
2286
2973
54
13
5526
3100
4
1191
1035
2469
3
966
2443
50
61
129
29
8885
14
186
5782
65
23
4838
87
5
642
5488
13
146
3
1883
7544
12
429
425
2
129
3730
6
10
402
6
19659
2973
5488
796
2443
848
2
762
1630
535
9579
726
2124
186
337
3
506
122
2443
24
955
4
1253
2266
1915
19
129
884
3344
20
463
14
