44
11
137
64
173
6
844
15
204
20
7
51
7
344
21
4505
358
37
225
78
4505
358
37
657
82
39
70246
93
43
48
489
651
457
5415
1208
14
2110
269
5
2589
9
288
188
4
693
1301
5
444
401
1269
11
14
2766
9
402
153
24163
3697
39
427
4
5947
6069
11
13
13
90
393
2857
22
1236
2362
18
4375
2
3180
579
1208
759
563
16
1318
5
18468
18183
2682
4
288
11691
5
652
62
157
14
182
4
3985
447
3
108
316
3193
7949
7
3
3997
14804
4
14803
2707
46
2
13643
8
37322
14
1910
1238
2
2
4920
5
19625
1160
5
797
4
25
4543
9
110
75
2
166
678
443
6
4759
3
22
36
49
10713
1708
678
22323
95398
2
2051
5
2
1242
12
150
695
53
64
41
2707
105
678
3
14803
65
78
32
4
11
6
9
2
182
5
26910
74
235
66
4
68537
1750
2
201
107
9
523
3
155
37
38
402
75
48
41
191
2
417
14
6
67
1790
41
114
121
116
37
49
36
89
29
10
68
4
2580
3134
9
1144
37
78789
919
175
32
4
152
206
1203
5
78
32
5428
24
1203
5
57
94
9
711
4
229
8
841
1397
8457
8
34
1292
1894
127
12263
32
328
16
2106
19
523
4
1301
478
3
853
2470
2880
6
6405
2571
6169
8
611
83
78
32
4
49
347
105
1624
23
275
6
8
107
58
4
152
18
2
677
71929
610
104
2764
149
454
21570
2
563
8
1740
62
200
4
78
32
91
78
60
23
35
3
858
347
105
559
4
303
61
9
38
2363
127
69
8
7
3
44
7
821
42
2
182
5
654
37
32
919
15
152
4
576
10
6708
2
4
824
7
1047
8
7
2985
10
3
2125
4
1875
3
181
1773
4
863
15
183
3263
5
9673
5078
10703
4
5944
8
7
40
91
15
98
57
1073
7
697
3
1852
563
5
376
29
2058
107
3
25
8
46
1956
74
60
46
7
3
863
2
286
32
16
13954
729
5
1309
183
514
9
814
1716
14
3
1590
3001
3
2
1087
863
271
3608
37
2
32
774
69945
2
523
7
93
7987
79
1568
19
32
328
20
7
51
7
821
388
6
130
1580
4
6
82852
5
130
159
1580
2
28937
523
31
13
243
3794
105
88925
12
22
444
370
134
180
8
597
6
166
290
13
271
3
2365
31
801
83
6
4697
5
954
629
30
516
3
155
45188
132
21
17
129
560
29
10
560
362
309
5
3099
60
4
285
3
155
75
183
417
13
660
5
96936
8
417
80
59
4
291
36
1716
484
61
412
7078
46
4
10
60
21
757
7186
79
22
36
49
6679
1774
333
5
1532
10959
77
154
24
57
97
474
2
629
97
36
24
523
83
3934
4
25005
7186
29
103
148
16
4492
314
52
53
64
291
53
64
954
4
52
53
64
954
53
64
53209
32
18
47
203
291
9
37
66
84
53
334
967
26
821
981
41
294
9
1436
1164
4
797
37
38
1435
38
402
4
11378
1829
4
38
5685
2065
6
92
65
98
158
6
70
352
26
821
2214
3794
542
66272
79
775
1107
4
6
76
187
3
1962
26
116
53
2
201
600
8
98
1188
486
34
247
177
5
166
433
4
7240
9
105
21866
88
4044
1674
102
78
32
18
47
23824
12
49
166
1433
25
239
8
11
13
271
3
25
15
1863
5
32
119
111
619
5188
3585
4
8
11
2163
1445
9
430
167
8
489
43
1896
3
1209
1079
98357
6
175
53
14
14703
19742
4
6387
76
50
186
2132
65
57
59
32
4143
897
8
11
4
49
1043
50
550
1558
59
26
274
119
111
10
14
87
26
13
757
48
5
38
246
3
1361
586
102
4
18099
6310
5
25008
6382
140
206
32
18
2
8763
5645
59
10
154
3
3333
29
38
10049
345
81
3
17
7020
4
38
4739
345
58
4
310
3
1211
3811
8
6284
606
291
54
86
96
32
41
7020
10049
4
4973
291
1429
332
57
6
4
2960
1482
5
2109
4
9795
525
107
105
674
4
166
16
163
3
1386
11289
210
191
903
8
445
313
3
17
3294
271
36
2
197
291
1703
8
7
7351
1177
4
23220
6
10
953
3
988
3922
81054
7
9
58
2
2435
788
26
116
8
52
26
319
2366
49
10
34
25
103
148
319
152
1544
37
954
8
230
3930
49
56
4
484
198
114
31
25
14
2
766
3
33673
356
5
26
2280
4510
1030
3
523
6258
9
8
42
306
6169
8
34
276
81
911
105
17943
5
81
48
29
26
68
15884
6
5367
419
6
3200
49
5
3811
54
609
32
3
1361
1313
19
2272
23
15929
5
49
49368
17616
133
3
1611
67
563
6
130
7558
4
7
50
1214
7336
3
5098
8
32
7
2
3548
42
11258
1439
139
171
2
9807
23
2
15688
4
6527
12
3785
652
210
5
3160
46
42
5
281
236
33
230
913
8
359
5
148
3
93
2
31163
150
8213
758
2
460
6
1063
6782
8
