2837
3254
370
4
9
48
19
3208
269
32
12
355
5148
433
13
64
737
5592
12
651
3395
2761
12303
528
73
5148
433
4
138
1672
27
479
327
7489
856
328
3
319
38
12303
1190
82
328
8
27
479
13
47
24498
9
10
478
2122
27
47
501
22
432
479
82
54
7
3050
462
1623
19
1531
5
57
45
82
3
1911
105
144
5
382
151
1075
22
69
223
57
41
520
1911
73
2
5031
5
491
6
314
1713
5
12303
328
27
479
13
260
47
3199
24
2467
6
39
249
9
21
454
101
10490
3
11770
812
156
2
13708
8087
9
141
5
778
4
5
2212
5
3003
1652
72
51
359
5
272
138
27
7
82
2
11639
12191
15
64
2238
9
5096
5
57
25
123
20
20368
3
910
4
7410
38
1036
9
328
3437
12303
528
85168
301
7
203
64
156
2159
4
30
24712
1397
33
3
248
9725
2837
3254
4
96
159
269
5
35
78
32
67
477
200
4
78
32
16
395
240
3
5547
133
6
343
138
27
192
20
85
181
16
6689
8
32
18
5660
591
670
24
32
479
3
3352
813
493
880
2
35891
5
5556
5216
3533
733
9
337
21
1254
20
317
5
156
2
529
3014
5
246
3
133
5
3352
44
6
682
78
32
116
11
7
110
3
689
85
4
11
115
240
3
609
1313
3
17
3215
9
1193
422
512
4
4679
203
2
27
252
133
5
3352
505
3
17
42
5
2
2651
5
426
8
115
21
18
4
10861
2196
15
143
35
1271
40
17
2
1960
236
9
49
3
296
3
6
10513
279
138
27
13
28
90
60
171
22
69
4
23
127
185
8
370
11
93
79
266
11
2570
3
3215
49
12
1193
422
512
24
49
759
512
5
1172
1068
1201
880
2
520
326
2614
783
48
107
3
419
438
3
430
151
6
278
3577
6
439
5
70
6
1707
1350
78
7
21
86
417
6
197
31
13
146
240
3
1949
279
203
2
27
252
256
1495
13
3679
47
2339
22
1767
6
43
9
169
5
670
5
500
15
4
1260
5
1517
5
22
169
670
25533
6270
6
860
2
149
2
1517
5
22
19132
9
169
6
878
63
617
2187
71
13
68
1350
47
395
830
240
15
22
1911
5
2
169
670
19564
6270
6
12328
6
1001
190
7629
10861
133
10340
4
57
1192
209
5296
777
18
6696
161
460
5
71
1911
5
6270
4
2844
5
4258
2911
1987
1226
301
74
128
363
205
104
777
18
47
7859
9
2308
6
424
3
12505
156
294
2
126
1936
59
6
209
294
7
560
10340
4
57
777
666
38
325
3
319
7052
294
24
118
178
29
699
13
2
107
5
541
56
12
10
83
2
10
2740
14
1303
540
120
9278
2533
324
3
966
4
448
61
643
42
47820
6
5285
598
28
12
473
8
45
50
118
1480
6
1335
15
2
7271
2533
8818
8
274
1610
550
4
2261
2
44
35088
8818
223
970
9278
2533
23
2
973
813
598
2740
274
1610
7271
550
4
2261
4
10
326
8861
7790
4
8024
3187
9
1565
2
176
1007
28
15530
581
4696
2296
75
7207
23
2
1132
5285
5493
456
525
10276
8
1382
2
529
18521
787
5285
176
6253
978
3065
6476
28
1038
45
210
23
1303
5
643
23
4280
628
2740
4
190
417
210
23
2
24804
1610
489
50
48
232
5
7271
2533
11
28
2
50
45
31
50
533
3
1572
15
3899
8
364
7100
4
6103
2882
76
944
16
118
2154
9
161
11
9879
7
584
42
5
88
8067
512
1303
7
821
367
388
6
130
66
5
141
772
6476
28
394
1197
7
14
8739
8
30
7
18
2525
1092
489
36
73613
275
45
18
47
3845
9
2800
6476
28
500
540
83876
28
23
275
566
970
2533
2373
23
4280
628
9
2
518
8
11
28
1065
12
7239
4
5787
103
418
120
151
18
465
3579
4798
1340
1337
2
1794
1558
56
6
2
3766
3771
3
364
11713
4
2345
4
1409
8493
79
2740
3677
182
11
28
53
50
3
2533
232
958
2740
23
60
350
50
583
958
4
620
2740
11
32590
826
2498
14574
20222
650
266
7
646
6
291
28
48
1610
31
50
489
50
232
5
19317
36
21500
66689
607
3821
5
2740
75
2
540
330
104862
254
10
14
10609
15
3045
23888
11713
2
1793
2484
4
2639
5
1576
874
40
17
400
798
5
330
3
428
1605
5
416
11
11129
50
1471
5
518
6
1108
6476
28
4
23
275
5285
379
6
1345
3
35
6143
50
620
2740
177
5
2
150
2633
8
1468
27610
674
43458
59
431
50663
47
146
1471
6
268
281
205
5
970
7271
2533
118
164
4
3155
139
6476
26985
350
1218
7271
6476
28
1197
8
297
5
141
772
4593
606
439
10
14
21
508
52
98
5
1610
550
50
489
19
176
85523
28
8
2740
5845
68
50
1471
5
518
6
1108
4
11
607
2103
2
26520
15
874
6
3059
56955
2103
5
4280
628
697
81
164
4
25
30
7
18
98
13535
12
229
26
77
17
164
36
21
6476
1723
304
326
