8
727
5
70
45
40
1409
4099
26
716
9862
5
1048
1055
73
5975
4
10552
1649
81
2
1736
4
119
4680
60
14
10088
9
2
1408
25
7
1408
164
7
21
1174
130
3578
45
31
13644
27
16
828
6418
26
16
990
9
2
160
55
27
1872
156
2
160
64
42
116
11
7
828
110
3
319
43
14261
17035
19285
7
4
1156
11300
7345
824
4
105
843
22
39
563
14074
31
132
17
2317
24
15642
287
138
27
13
2204
1354
2
408
5
202
374
947
89
3146
217
633
3
4903
202
22534
893
963
75
8525
374
24
464
1393
1742
4
1331
1098
38
144
9
70101
39
873
280
1662
2728
3
17
2133
58
287
75
22
1841
202
3466
1658
56
5
237
6
341
38933
34
21
2204
247
287
375
11
1205
499
23
58
440
6
1578
6
75804
6
237
27
4867
474
58
97
403
3
1090
89
24
2677
1515
3146
217
5
2
408
5
374
2962
2
2746
499
428
8
40
18
3148
2
1497
4653
191
1151
175
382
2961
5
202
12
440
36123
27
15846
403
5
970
73
638
193
4
256
728
75
7878
817
1316
289
12
132
4
1528
491
1529
474
1097
5
2
408
5
374
126
117
5
137
399
290
2
2412
4
1283
10
24919
1155
6
207
399
999
3086
636
353
15723
28
6
22
35
5
35
16
229
23
1096
5
290
36
117
5
290
3086
7
88
4976
35
6
157
4
30
16
21
110
142
12
1063
11
1296
22
357
3898
79
141
8713
977
1250
24
19998
915
309
54
35
8
1712
878
2
417
31
15
1370
5
3155
439
5
2
852
8713
977
7333
37564
4
5689
156
4
8713
977
42
1034
23
2
60
24
20936
132
17
496
15
2
674
2
7203
52
10
7
22
36
49
99
1713
5
141
3615
1713
6555
2
417
10306
9
2
4783
2791
4
1518
2
1962
1465
5
61
3
1610
205
3086
309
7
99
35
141
170
1881
1582
697
3
1365
225
656
3
2
4691
91
2034
46
16200
508
2
18362
4
9210
46
9
28175
915
54
641
9
72
203
129
5
3129
169
915
4071
6
143
35
332
66
10
4
11879
974
398
3086
100
1562
433
12
915
1323
4
2087
5
14679
915
1053
6
128
205
141
511
2781
320
7900
150
769
9
10
91
5
357
19998
10
3509
10
5989
191
4748
24
335
5
544
41671
1353
3
3134
185
21
2
2
5905
1703
139
29
511
2
2
1357
139
5
225
655
29
98
864
8
1065
72
12
225
385
36
10156
86
12
101
5
9004
7
1292
81205
7
3086
1386
41
3825
1200
8
40
18
47
2176
15
76
5
10
57
4215
156
2
14588
1031
309
4
4111
2013
2782
309
75
48
106
46
9
200
4
102
10
46
40
21
18
47
2193
382
13
200
13
2
41
20038
320
2
451
337
7
8
3086
1004
697
3
17
6790
1888
28175
915
4071
501
18362
4
9210
2034
25
646
4516
2
9004
6
1034
24
2
20936
714
95
1004
486
2726
8
209
230
160
76
70
634
37
1493
1190
5
915
286
10
40
160
81
19
25002
6029
21
19
1930
1385
337
9
1144
8
915
7
2
5905
1703
139
2
186
9380
29
3944
1632
451
337
7
3
243
1282
5
200
12
38
142
3604
1162
2
4122
5
19998
5
8713
397
629
4
1353
5
48
359
16
10766
23
8064
38
210
5
2
185
6
461
8
1833
4011
869
5
21252
9
98
3223
5
210
3223
8689
2
2
3879
9
267
5
101
3
915
14
6971
2697
3
2557
13999
921
3879
4976
122
461
8689
1692
5905
813
354
8
332
5
43
121
17
361
3
516
229
30
247
804
10
68
14789
9444
29
3066
8831
5
35
2159
409
133
79
70
100
6214
244
915
55
21
17
607
2
2
5905
3825
309
5933
2
6129
3703
7695
1422
370
1094
3
2390
42
3541
10
4
309
8
959
2
9004
4
117
974
5
2
131
534
232
5
67
3108
13
41671
843
134
668
1493
460
37
915
24
1096
53
40
18
47
186
5989
192
9
7257
5
1053
156
2
3086
100
6
57
357
601
2546
37
1493
5758
5
915
40
18
4593
35
73
3086
24
80
4077
3
3987
1493
422
585
59
26
5546
1323
1992
1448
86
3
789
8713
54862
173
2541
3
161
210
895
5
915
656
18
68
47
859
8049
6
1493
2972
26
468
9
52
439
5
2
9004
7
5905
851
551
87
10
7
399
25
196
7
5096
5
565
2056
10
52
454
4
915
7
239
41
718
65
454
2
36742
140
947
1591
3
2
977
7
4
80
41
5905
6487
309
9
4485
1010
2
149
2
9
1866
31
977
34
247
4500
864
8
744
2951
36
2691
12
9004
4
1233
385
5
225
16
4061
6
38
83
105223
7
2
70757
2223
1493
139
25
1703
8
90
70
346
10
831
3
2334
2
314
384
37
10
20
4663
7
3469
6
264
987
284
8
62
8
122
129
5
70
178
8
915
121
17
605
6
48
2057
4
129
178
8
10
121
17
605
6
76
2057
86
129
607
586
2
8689
42
5313
9
51
110
12
