1012
6
2
282
107
26
55
3789
6
7442
825
734
5
2
300
41
946
4
128
29
21
275
284
6
320
5
112
1243
64
147
3
91
20
722
1764
6
175
5128
109
33
25
21
147
10
2564
72
863
2
33
73
4
112
5128
34
17
1321
244
5376
477
3313
59
33
483
10408
1044
1367
418
4
10
34
62
33
62
112
300
34
234
73
126
33
117
10
52
33
84
113
8
20
7
196
5412
140
72
1233
825
898
4
863
2
33
12
1393
656
1150
4074
120
2096
7
78
32
101
84
100
109
1223
5070
2600
421
13
2
1049
201
354
120
78
32
7
253
3
17
277
1712
3394
29
126
11
96
49
764
671
9
119
111
421
13
2
3857
194
9
135
109
120
5423
7
78
32
101
84
421
331
171
22
2428
1510
12
244
23
15511
23
777
861
2198
2438
8
14
41
5
2
1093
194
65
2
7931
42
170
580
15
2
1334
36
8658
55
1529
1562
83
120
32
7
395
49
759
69
3738
381
41
1885
421
31
2
754
843
4
22755
2
149
2
437
5
18647
3438
19806
14
4260
206
32
14
2379
746
2746
585
5
464
1393
120
1496
4819
74
1393
656
1150
7
2677
2
5526
173
109
20668
8
30
48
14
3
113
8
30
40
17
12
101
210
5
352
4
8
9
482
52
30
50
6
7717
30
48
40
18
3961
15
1039
421
5132
32
8136
12
732
210
5
352
101
84
9
3262
2
15801
2584
37
5805
838
33
55
21
524
19
59
2
1116
5978
163
8
7
296
19
92
5
2
4451
35
7
2467
2
4
1060
5
649
4
1276
940
7
1996
1553
7
1996
1021
7
1996
45
4
14696
81
6
107
8
30
796
6
386
124
421
28
10
3460
421
14
2748
26558
37
32
1831
4147
78
32
7
21
4
7886
11
28
78
32
7
21
5596
12
754
160
4
101
84
11
867
19
122
399
101
1494
16
5233
6
157
120
11
438
9
63
437
14
395
152
1701
3
6760
61
144
9
843
4
232
109
767
1021
6
464
1393
76
5
894
322
198
429
15
176
6
2127
3449
2
141
772
4
150
1696
2549
7307
1300
1021
24
38
9203
746
42
5
1150
1953
1464
11
14
68
1528
56
357
37
7796
5
1204
5070
9417
8970
3177
5
22
3438
62
3
329
155
5
108
4
552
48
148
754
396
160
31
14
1480
4
704
15
1807
496
544
20
205
122
643
2889
5
843
23
2
464
1393
883
4
1150
8970
13
47
496
15
258
8608
4
132
322
66
6
1086
790
3140
5962
920
335
3
484
1313
6
3
464
1393
874
339
30
147
3
1639
48
496
1019
30
147
49
2889
142
46
49
2889
14
8399
421
28
5
8970
30
2289
147
4
8294
4
4
12714
5
144
9
67
797
31
16
1451
1962
60
9
377
51
7
2
9661
2703
1777
421
13
886
2
12352
304
37
22
1580
7796
2
149
2
294
37
2
3778
12
20
11811
777
9
22
759
179
640
22
4363
1187
5
32
421
134
15511
3488
16581
13673
12691
4
138
10300
8
11
14
41
1229
37
1307
5
202
287
138
27
817
20
85
421
31
13
1232
135
94
4
1384
117
494
145
4
522
12
135
1467
369
23
128
1308
97
440
28
11
2607
145
100
337
9
1791
135
1813
52
494
145
100
2341
14
3
1000
3
85
5
138
27
7
113
22
668
290
40
18
47
2
1318
2
9
1425
97
109
3395
2761
7
2752
10
6626
51
11
377
421
28
4
7
25
299
52
7
44
20
12
603
9
131
99
60
46
7
757
1038
66
760
1831
578
7
757
1038
66
27881
760
7308
578
7
30
3
1163
7
7
21
137
1425
97
454
2
851
435
6
760
5
8
578
790
601
407
1044
9
41
37
421
123
12
127
94
1393
656
1150
771
4
62
3
17
4
1566
843
22
25
666
10
158
28
466
26
50
6212
856
4
1619
6
278
2377
4393
256
489
96
1149
150
388
6
339
8421
5474
5
2236
621
19
72334
2
43
215
158
2848
1619
6
3375
2377
4312
2382
134
421
39
30
16
129
507
30
295
70027
2501
1422
28
43
215
7
6212
856
8
6040
61771
282
508
2
4393
256
14
489
6
43
2147
971
429
20354
2
1543
3271
466
24
3691
1422
2
1007
9
2743
902
1023
3
7209
1619
791
10
41
2
2083
3
11392
5
293
65
2
215
592
1422
228
971
3759
4
28
707
971
102
39223
422
734
293
195
13
1959
207
103
44
170
29885
1422
394
28
8
4393
256
439
7
851
2083
3
29212
756
14
2
399
2199
4
936
89
7
584
395
108
2
282
236
11
44991
28
1399
5
1660
2056
4393
256
14
68
489
75
118
1498
19
2
13114
1148
583
24
43
41860
936
5
4393
256
154
2
43
215
7
5282
61
1619
1075
386
4
107844
28
559
12817
1564
293
2
2743
1687
69
2377
293
649
1853
6
1268
278
746
312
5
49724
2
108014
13
47
3783
6
264
44
3
1546
649
1853
2013
19
293
548
293
495
3163
