2
989
4653
4
1130
2
548
42
8
124
7
2320
3
66865
700
1506
13
5600
9
76
591
548
3
1104
2174
315
20
66
9
278
4
10
2713
46
1737
1849
5
1906
700
8864
779
46
80
2
3384
658
124
218
10806
4
1385
1564
5
94433
76
169
45
16
1027
28
19
700
3
147
2246
2432
15
169
5
81
604
1608
1059
4
8697
84
852
6
2274
28010
183
60
812
6909
132
17
1858
6
548
75
591
922
548
700
897
8
76
591
6
1098
13
47
495
301
548
102885
554
3458
427
9704
383
8
25
239
86
76
591
13
47
94094
9
10
278
411
240
20
66
9349
13
25
239
495
37
169
184
3
9704
46
186
65
129
5
10
169
510
22952
1002
1849
5
633
315
68
251
9
3072
4735
6
1829
548
15
15124
255
9349
11953
18
4414
548
9
10
177
2
9349
1007
134
421
39
8
90
5
139
2671
6
264
4609
50
203
302
46
782
62
136
14
165
21
912
55610
10
324
3
5296
12
3563
315
19
6687
10
13
21
612
1007
46354
218
3
2
136
2
451
2349
3563
1635
19
48
10
1120
1075
58332
13801
54057
183
60
8
1007
1235
8
604
916
415
2709
36
10461
7708
15
57
6687
620
9349
32822
3
144
686
3563
548
11
453
8
604
528
420
2671
181
3
9349
12
1717
5
6687
10
179
32119
2145
3
54
9349
55
34975
95
181
301
7
177
5
255
11953
50
2158
1007
68
28
8
6
9349
13
1328
56
129
5
10
943
3904
1134
6
6
2
131
4220
4
5526
1976
2
2193
875
217
65
11953
73490
1007
453
301
8
136
5
20
851
3407
14
284
5
2694
2349
8
11953
13
28
91
382
4
186
13773
705
5
1441
3407
5
28
61272
66
1007
28
9349
7
606
9424
10
3904
2543
548
19
1197
41
9349
662
2349
46
4
68
41
5
2694
2349
8
11953
13
58668
1007
28
9349
10746
348
13
47
40340
710
11
28
13
6856
4
2544
10746
213
6
4546
35053
95
819
14422
4
873
8
61852
1420
16
10515
6
161
4546
4
75670
22703
19
62
39398
68
7
21
661
2
421
39
194
1379
62
90
45
548
6
4546
13
495
156
2544
708
40329
1007
68
9843
42
5
9349
1708
39
3407
3421
5
2
391
5889
348
6
278
8
11
28
1027
1123
462
397
525
15
534
397
31
93
5276
6449
43172
243
8
6
2050
301
700
1747
411
240
9
278
873
8
41
65
169
397
16
6
147
5
76
359
5
2432
37
8543
169
397
203
406
147
686
28
4
76
147
722
12207
69475
7817
7
28238
5
421
39
4
55
17
277
12
672
36446
36
245
2632
3
137
62
334
5
948
7
110
3
32
1313
10
14
49
335
3
6704
2
432
125
783
10
14
49
335
3
522
2
269
5
35
122
3641
169
24
238
92
10
14
49
335
3
93
720
889
5
589
5
670
122
20904
438
9
63
10
14
49
335
3
251
169
5
70
3081
30
18
131
334
354
5
51
2
27
711
34
869
3
130
325
2179
13
47
8
11
34
17
2
4008
1971
9669
6
15698
13921
2385
8
80
286
1971
13
47
325
159
63
5
1265
1675
11
324
3
197
2
4
2282
15
22
2123
504
640
454
1460
2
498
4
1271
2419
62
3
2645
1053
4
93
200
893
11
3818
295
334
3915
640
454
2
135
97
408
6
111
4
265
27
7
253
3
1016
22
99
66
4
13622
22
478
711
15
48
5
135
97
4
362
5
58
97
102
89
3
10111
89
794
9
101
3
3436
4
8
1718
11
13
4
1022
820
131
281
934
11
13
5292
2524
502
56
5
572
506
224
4
2406
79
282
42
3230
487
4
8796
90
2161
602
4
760
22
4058
444
5432
1892
6
1853
395
1006
232
513
38
336
5
10
779
7521
446
5
332
226
2890
7
1138
36168
19
43
2390
142
67
2278
6
2799
844
2390
1111
4
5713
887
86
1908
120
58
230
142
89
6648
16
2390
1111
4
1172
887
4
80
140
398
3727
191
5
273
5325
4
283
4664
58
230
21
17
2
1095
3
1711
3551
12
887
2
48
38
76863
40
345
33
3
178
53
7
42
41
27
69
627
8
34
522
2
4
344
341
930
5
22
7889
2
149
2
22
3127
959
2366
32
80
52
71
4550
49
2
67
14438
16824
13
2342
10
34
17
1170
9
27
3
1518
56
2
2109
5
32
479
402
122
32
14
269
5
35
52
27
7
3
642
1124
5
2810
56
5
188
492
11
13
3
18
81
12
296
10
7
2
2435
15549
8
32
3207
9
124
14
91
23
275
6
177
3
1973
709
144
5
479
998
8
70
5416
6
311
389
54
71
630
15
3569
1330
3
6290
14
91
6
177
4
714
462
1623
3
520
1278
5
269
5
35
40
319
3587
23
3948
774
52
57
1951
1950
4
2134
50
6261
6
32
479
73346
10
34
17
490
9
27
3
25
136
3
3946
376
5
81280
1703
1520
11
55
24680
7390
72
2
1422
13
653
2291
3
493
1323
2549
