141
7
325
11
100
17
254
8
166
13
2
101
3
116
52
2
94
14
203
291
7
325
11
100
123
422
1295
4
44
8
95
612
3
266
5
63
5
143
35
18
3
17
898
4
820
16420
5
376
59
10
49
148
16
2
334
382
16
26
30
25
18
2
101
3
116
30
1428
18
2
101
3
116
8
2
417
31
77
17
612
3
116
48
5
696
14
6403
59
11
86
1077
76
5
696
10
313
73
2
14531
8
166
121
116
8
2
94
7
118
1773
9
2
373
60
9
118
8578
10640
15
294
7025
3
49
4
209
8
30
116
13
4574
1072
32
69
782
1011
199
50
3053
8838
3
173
5
118
2862
2531
10
234
73
882
7
84
424
3
888
322
15
2
39
6158
5
199
2
199
24
2234
39
4
197
259
161
13133
5
521
114
13
1407
8
49
345
13
1658
3
474
2
795
173
74
138
27
91
3
32
125
954
37
2
667
5
253
114
44
26
219
186
253
3
144
32
398
221
437
892
530
2546
466
8
1787
7
2366
41
125
960
3
10
2109
5
32
91
5
2
432
125
783
122
269
5
35
945
76
45
16
340
1721
769
3
1764
5
78
32
29
10
132
21
17
362
53
14
42
1340
8
14
5470
3
180
80
286
10
584
121
17
398
57
2843
129
44
10
96
64
841
1404
12
338
152
221
125
16
2053
21
2
3782
1597
10
828
477
8
672
558
8286
4
4734
16
27457
56
1597
130
911
194
7
20
206
84
206
7
892
530
31
13
584
1285
1433
1863
525
15
2
595
1441
1863
880
2
350
3
142
5
22
83
573
73
57
31
18
296
13472
5
32
488
147
3
972
39
774
75
947
49
2
862
171
128
291
895
34
3190
12
209
8
11
2
58
4
34
44
8
11
7
10
9
105
337
26
635
1857
8
714
11
1047
2357
9
118
7013
6
3176
49
198
2751
6
99
291
79
32
125
7346
26
34
208
367
1857
8
928
22
2203
4
1252
6
266
11
514
146
10
1523
9
89
3
319
3478
375
75
85
4
8
714
59
11
14
398
2
600
3
101
2
1011
732
11
365
10
32
7
470
10
18269
32
2165
54
18
939
6
310
231
108
96
49
234
80
901
65
11
7
126
20
7
24
6216
2
1886
2563
78
32
14
12076
794
3
319
49
127
1272
12
1562
12
747
330
2
49
345
6
199
9281
75
221
4049
1260
8
10
13
3861
10
291
79
49
125
892
530
510
12
466
1921
8
2381
416
13
1362
9
22
291
79
229
371
32
14
8578
10640
6
49
2684
5
1068
1201
12
747
759
199
5
199
19
10402
777
6963
243
32
1398
173
805
5
58
2825
83
24
173
72
44
1274
29
1427
82
10
93
282
32
69
13
411
15
51
869
3
2
2767
5
555
3267
102
371
530
6782
8
22
297
16
1521
19
2
105
3026
4
371
32
1313
228
335
1871
4
1483
3501
10
1049
3058
3
243
271
73
8
56
15
156
334
294
101
126
4
85
11
3340
3059
5297
267
23
2
712
6
9279
35
5
410
162
2325
3613
5
710
335
54
154
2
199
822
371
32
345
2650
72
44
126
127
85
20
7
73
4
25302
79
43
4
10
72
247
2
1002
4709
23
1375
451
60
28
5218
4116
4856
5
135
150
369
69
7
424
3
642
168
4754
2
325
10
55
30
25
14
10
3
3930
43
198
67
868
29
12
28174
1180
5
237
30
346
1903
454
3
468
114
319
112
744
319
112
1070
12
2880
100
78
69
1286
1173
1049
2486
3
180
2
9
2165
24
4343
26
72
96
49
1173
73
10654
30065
558
11343
7
2
575
1667
5977
174
4
575
1667
5977
18
412
3
25
15
3003
36
279
4
622
3
25
15
105
3325
4
6
1552
187
92
9249
30
18
388
1667
870
4088
578
3
1300
95
11
313
20911
3
3436
6
2
2784
5
426
88
644
6
1078
15
1667
3908
10958
2258
84
10
234
73
1667
132
17
1858
22
3296
12
11511
5690
27
711
30
25
116
1056
3
781
8
575
1667
14
2
1002
267
5
78
32
2
78
32
14
445
615
56
5
575
1667
100
325
385
30
16
856
27
592
7
2
3130
3214
9
2560
1667
3
11101
175
657
4
27
1667
132
945
17
1712
3
488
22
191
12
108
695
18184
30
34
137
52
11343
251
3
676
13
3901
36
52
10
34
4579
13065
4
5011
6
136
183
107
30
55
86
403
1667
34
1409
25
1472
10299
14718
28
174
10
11884
6
6528
45
16
2869
231
73
7255
15
589
4459
8900
15596
181
174
2530
4810
3
1205
284
5
135
85
5
226
195
9
235
378
66
889
5
11640
78
32
267
82
24241
12
19
575
1667
100
11343
82
16
3547
3258
3
27
2841
6
39
249
312
4821
5423
138
27
6067
21
130
63
4689
6654
3082
142
4
3790
70
1488
10
477
104
534
2146
16
72
359
5
3081
20
133
121
17
2043
5
174
