648
164
10411
3
44
20
40
17
2058
3
25
52
2
9442
233
77
862
2
141
470
351
3275
1142
74
2276
6432
10
17
2092
29
21
1523
9
27
3
25
880
526
297
46941
68
1098
3
4528
890
754
588
46
224
1123
128
1258
6
54
207
133
12
1028
1098
3
11419
2294
4
16
450
2020
122
27
77
72
9196
2
450
224
19
491
11
77
828
2074
10
19
5802
157
315
3
642
61508
68
819
14585
37
62
890
588
80
179
1826
10
276
238
5157
302
74
62
136
694
30
91
20
7
560
23
48
203
224
207
133
3684
10
83
5145
240
9
10834
61504
143
35
7
1027
1247
3177
5
7794
4
1125
1276
6
108
1056
6
177
3
989
7308
4898
8
47
470
236
231
133
170
3
485
27
468
10
50
2831
3859
476
23
48
11
14
41
46
136
41
12
22
99
44
6
266
70
694
4352
34
17
873
2
1747
288
4
238
188
934
5
143
35
11
28
10
37
26372
1658
2
281
22
37
62
11
666
3
1899
649
4
1276
6056
11
1512
71
252
9
1634
856
227
778
4
538
198
1194
24
6056
46
211
177
5
3221
4
4509
8034
10891
690
1178
1766
61
104
418
6
33
77
253
93
41
1870
19
377
25
286
984
16
465
5956
27
68
1511
32
1122
3
3331
7308
73
71
11
13
1521
328
3
4718
7073
2280
24
1125
1276
86591
60
27
7
313
3
3016
8
694
1870
7
2513
620
63
302
9
1430
11
948
71
9
209
8
217
5
1980
6056
4806
6
143
35
13
2721
3
10
3517
446
6
557
2
568
4806
1415
13
962
8684
29
8
2691
91
3
209
8
264
43
649
4898
13
392
2
15963
5
649
3180
3155
4200
786
3
2806
4
947
840
186
3243
3
95919
130
252
27
627
149
4166
1135
70
694
2980
1135
1327
2
108
6
54
67
4867
4
649
5195
55
64
752
91
694
2
2
537
10
34
505
50
110
3
106354
18
47
2853
694
2980
170
3257
4
2
44
29
10
115
245
96
136
448
43
1027
981
362
4200
649
3
1931
37
129
5
10
147
6
1741
15
5460
2649
1870
30
77
6163
8
61
3
129
29
30
165
40
17
12568
24
238
649
53875
7
506
12
108
535
4
52
1629
6
311
389
434
786
3
3730
597
7
3042
2118
5
120
26
93
38
4200
10835
107
3
2383
20
7
3
234
23
1946
1946
7
2
2060
649
13048
2
9909
9961
85770
226
29
6252
786
6
1946
165
691
4
848
6
5666
15
108
343
72
2
26
25
6
143
35
36
2181
36
62980
16
3092
1173
337
3
1486
1432
694
1870
46
2
27
44
10
55
392
262
4
288
1777
29
694
2980
7
2
7621
84562
1870
6
43
13
2721
198
2
5060
6
264
66
142
6
133
981
2
433
591
865
4678
5
1683
19
8
13
2721
129
1683
3211
2504
13
68
8684
2
2
284
46
2
280
2083
3
1193
1320
6
236
73
652
1117
4
1268
76256
16
2
903
5
337
9
1683
264
848
7308
4898
13
186
3
2
4030
5
4196
1125
1276
26006
90
7248
3
2695
24
1683
3
1276
29
71
3275
13
68
4495
2
217
5
4560
603
4511
1323
46
12
7477
4
15528
6432
4
2276
6432
24
34497
1417
46
8
18
4646
20
1356
3
1276
2650
1402
4075
1870
13
68
6224
1042
9
80850
56055
27
14
3
611
142
1683
3211
19
5713
95
3275
1323
50
110
3
888
1683
940
27
627
29
7248
40
2350
3355
142
3
1683
370
8
721
87
1125
1276
40
165
18
2
577
1255
4
1062
27
14
3
1899
1125
1276
1870
10
1581
1598
8
1683
940
40
8885
3
10
159
77906
80
1683
940
24373
31
144
27
16
2982
8
11
55
611
142
48
95
182
262
7
25
113
10
34
17
2
8515
940
367
285
1683
3211
1887
1208
5217
644
134
4452
38336
5
6741
10
34
17
4
1581
2660
940
4
10
34
17
727
1849
174
1683
2516
55
21
154
142
3
120
26
50
36
2379
746
7191
22
381
27
28
8
22
694
788
115
364
342
192
4
2367
29
11
453
11
40
144
81
3
10529
5
57
729
5
694
46
1876
3
3719
2131
46
8
101
84
16
400
136
51082
22
310
724
15
523
126
381
27
4533
7
116
2
182
37
2367
11
28
255
15
2367
7
10
131
2598
11
146
64
1526
5
209
8
2367
786
18
47
3780
91356
68
1512
192
15514
9
936
4082
6
731
192
7
936
889
4
889
5
8778
42
5
88
3077
42
5
88
7980
4082
11
28
25
192
7
2
255
122
20
7
5091
560
192
15514
959
316
5
5322
2097
4082
65
191
368
36
2575
36
1162
4
90
192
4618
16
1027
28467
15
107
3
1257
4082
28131
27
252
34
744
12
280
1831
567
21
4714
42
27
28
149
2099
9
1831
255
73
147
9
1622
4
1106
2999
538
394
11
4533
130
2478
16
1357
1622
603
4
1622
43496
11
726
64
2877
5
62
11
340
25
8
6
268
3275
13
47
2
372
1399
5
3339
61
157
603
4511
2
