220
3
17
570
206
7
11
392
382
237
6915
40
706
53
50
707
139
15
2474
6
166
5290
4
2093
10
14
375
8
587
212
726
1387
1250
3
10904
79987
104
139
392
2
3629
11195
223
58
5815
15
136
5
402
543
998
144
9
980
101
104
16
72
652
2138
36
10262
1199
29
840
292
6
311
157
156
2
7716
10952
4
104900
665
101
137
20
2
2
838
175
288
4
6525
1602
301
88
1222
1805
3
1316
141
14
8
5
4165
5806
1722
21
1050
177
5
98
3494
6324
6889
306
2022
27359
1094
14945
6889
8709
121
17
621
6
1316
4
268
21951
159
17805
12260
4
84
9891
437
23
393
5
1423
731
12439
4
9891
343
6
13151
10608
2814
14035
1785
8991
3147
11866
72
42
153
126
157
516
229
36
21
3
1595
138
27
42
5
22
267
516
3
248
93
22
519
56
19
16498
2
220
933
4
21630
10
444
15
357
106
27
59
6912
1452
23
70692
15264
4777
933
298
330
26
277
10
6
4697
4
106
27
2850
1238
6
1859
2509
720
12
620
444
5
933
963
31186
5
3728
166
6079
181
10885
1600
12047
14406
251
20
2
1114
512
46
4
740
3
17018
114
72
44
126
127
85
27
13
321
3
4027
167
36
80
1526
10
3728
13
47
350
5
90
568
5
581
2599
23
1241
70
171
1697
787
1675
309
5
1083
1285
102
220
81155
14
20071
677
10
313
9
23
275
42
27
267
461
96
70
306
285
242
3655
3
8
1682
60
29
511
65
329
20
5211
2725
5
9051
17
460
70
295
3
179
6
72
509
2
6875
28778
641
14
303
61
19
1229
553
4
589
5
670
608
3
6281
6
3
248
4887
10
934
14
3
459
10
253
40
17
362
3
4101
48
5
1072
958
4
620
5
933
29
10
40
17
2
483
472
45
726
74
4
714
80
41
4804
478
108
939
990
3
2403
3081
1775
4
3768
8
186
3
20
309
69
3424
1782
69
19
254
8
45
24
48
1175
4
1216
23
48
4
90
426
18
1000
411
18
47
6366
6
24
48
74
108
4
26
219
1519
2416
751
449
1479
4388
8554
4
90
41
24
48
74
143
35
4
90
57
426
4
184
3
28778
3888
5
1215
4
188
4
8867
20
69
7
714
7725
961
6
352
5
777
20
42
101
164
7
6875
4
42
5
67
7725
961
352
109
46
4
8867
47838
355
109
2
2850
8
13
465
47
91
3
2557
27
519
5
5306
3768
154
3
634
552
27
1114
1468
806
28
272
7
14
867
620
5
266
5
2157
3052
2835
3201
5
430
167
9
390
11
14
9555
180
72
9
118
164
72
9
2835
343
4
10
3201
51
186
15275
2206
3
2
1101
1029
4
22
7847
14
3319
19
1005
553
75
1005
27820
712
540
9
2411
2396
169
45
6
890
4
41
65
1944
8
2825
10
14
73
412
7
821
367
388
36
2185
67
226
4158
2081
196
1199
2
534
449
66152
621
2
527
254
10592
8524
75787
272
4
22
12
324
74
3
180
1174
2
527
254
7
6026
5
51
33
44
29
7
34
1361
3
439
112
101
3
44
10
50566
180
3
336
38
519
15
70
45
4
108
195
50
867
570
1857
2
16367
8
364
6501
3295
5
1101
5191
3962
5
1476
562
5406
5
306
1550
10617
8726
5
1240
1142
4
3314
1347
5
546
525
15
195
5
6198
2907
4
42783
7
64
503
148
9
1039
5
2907
2
1234
6490
5
3708
4547
3
647
6
2
712
3148
19
1377
5
45
31
3983
1599
2
149
2
5
2525
1479
48
5
894
50
489
19
467
24399
143
35
54
803
682
3
17
88
344
226
6
108
14
21
2815
6
20
647
4078
42
5
88
344
166
3815
6
730
6
128
1207
1848
19
43
1896
5971
21971
31
132
18
47
2
281
3681
142
7
7
137
49
80
204
326
238
624
7024
77266
44
20
2
4
70
21
2
2
797
21
2
2
1102
5
390
29
2
4
70
7
14
6070
7
828
610
214
594
59
10
154
3
1172
63
617
71
286
7
396
1327
26
415
2350
98
1189
65
1172
10308
5
57
108
195
613
6
8931
29
7
346
10
490
3
178
8
5484
63
71
823
63
1140
927
269
5
35
256
1495
269
5
441
3338
13748
2589
269
3724
4505
4
702
257
1728
2847
31
14
340
6
1101
8
44
9
2
724
12
3535
72
13
64
60
6
38
1637
12
540
2847
13
60
3
25
540
62
880
3617
29
21
3
62
108
8
11
196
15
45
5
1101
53
14
18308
71
252
4102
12
20
1614
3022
5
201
872
12
2130
7
93
8
63
2745
1005
2139
6
197
4
8
269
5
35
256
1495
957
6
1005
4
7
828
610
8
70
1559
3
214
6
730
970
64
57
29
15
48
91
1036
95
16
629
749
246
8
26
7
2807
4
1172
925
894
26
25
116
4
20
7
21
72
2
323
5
593
12697
5
119
111
7
346
10
490
3
178
8
681
5
111
256
975
4
39
265
408
195
2488
