181
819
7351
1322
6
38
2627
5
278
69
50
536
2937
24
2677
6752
36
326
142
83
2633
5
1923
57
366
8
531
2040
5
625
181
50
1300
3750
10155
38
1734
190
366
7
8
669
195
23
14206
392
2
179
1655
120
947
2
9388
737
12
1418
5
8549
69
14
4502
15
42
1459
3341
7821
2
97018
181
1532
8
59
1459
2165
50
2254
4564
76
5
95
31
3340
50
956
3
1270
4
7
25
1451
536
2119
36
9246
57
1459
61092
38
181
814
1297
16812
441
158
1299
19
814
1297
28
8
76
31
957
61
7
25
56
5
5167
8
26
7
21
2334
967
37
159
1127
4033
1822
3651
1532
1914
537
348
6
6761
3
386
105069
50
2846
87
26
7
25
101
148
140
158
1757
111
4
265
625
369
18
47
2803
5
2165
8
3148
2662
257
291
54
7
633
52
1543
158
346
366
58518
328
35
8
625
2627
327
21
17
7611
19
1022
36
188
384
29
25
609
9
2132
841
5
86639
1923
1007
1411
3065
20725
28
6
2
304
442
8
26
1905
3493
679
87529
30
55
21
300
12
1496
291
30
55
628
3
428
4
37
734
1977
5
625
543
8446
11
28
1197
8
625
543
232
2459
16
458
3
300
12
2645
214
2627
301
11
28
10
7
1292
61
3
289
710
36
528
229
36
21
26
7606
98
3884
160
36
1345
606
82725
1160
5
67
2627
428
10681
1696
102
98
795
181
36
737
20912
6509
195
4
59877
20
1308
12
343
5
4113
5
3421
5
1619
102
386
693
310
425
8
43
625
13
1533
8
1619
13
914
4185
293
75
3067
1113
6
1308
5
301
181
68
28
1083
151
2036
2
10429
839
8
77
1529
18859
10
217
2
946
2
1145
50
61233
9
41
24
7
613
4447
9
180
2
4
2259
3
137
8
103
503
1163
6
1837
731
46
4
38905
4
52821
46
18
415
302
1122
12
785
20
85
66
53
16
1193
57
69
6
57
236
231
133
9
4
102
1699
965
141
54
5899
96
180
1983
52
288
6958
13
784
3
2820
166
6
88
5161
288
2169
1343
415
302
1183
1699
965
141
46
1183
786
302
141
6
257
46
16
39
786
302
141
155
142
2
239
2
2369
2485
4
14852
4
26
18
47
1937
23
42
60
36
57
12
207
11681
3317
352
1074
121
17
458
3
468
43
51
1441
1359
5
156
141
18
47
170
26
18
47
231
9
589
5
66
580
31
13
533
2
376
6
288
121
610
206
95
1359
18
47
25
382
24
51
38
1353
761
10
7
21
4163
1008
3826
1353
5
2
415
302
141
16
254
148
73
20
34
1090
76
10602
24
28795
15486
4
395
2
4678
5
246
198
2093
771
337
53
7
2
2093
771
6
99
236
7
8
2101
141
6
136
5
731
1090
362
2093
24
118
1326
3
1931
3249
4
308
8
45
14
52
10602
50
48
20997
4
208
459
415
8
40
165
21
93
42
39
760
1326
1324
415
16
2
3788
5
255
1441
434
5
255
7
2
3523
5
90
731
158
3
609
362
2093
3
17
1326
9
48
45
31
14
3
415
4
3249
1931
4
1042
7
42
5
99
148
2678
6
12133
288
6291
206
10
121
17
2
4012
3
45
852
6
4
15544
543
46
45
31
18
584
2277
24
4
2598
645
46
7
280
6960
1931
4
1042
7
21
2
5058
12
6614
5
1583
2
1242
404
1878
98
2259
77
18
1380
206
3330
2093
24
118
1326
40
345
3
875
415
4
206
415
302
40
606
11108
1670
175
869
5
2093
2763
4
869
3625
21
3
1526
156
57
1359
2
2
4124
10225
5
2101
2093
170
26570
93
7779
59
53
7
2
2093
4341
270
2259
18
1108
3
239
41
2223
255
10
7
2
52
30
13
108
1832
13216
29
88
645
2277
77
25
14836
177
5
255
7
8
80
67
88
7800
645
8992
18
98
280
10511
2469
8
40
1061
8
38
2277
13
23
275
2
1661
1585
5
288
352
11328
1008
36
57
1803
1073
90
545
4
38
804
1016
306
869
5
246
4
155
79
836
9
4
842
8
196
465
549
81
13152
6
288
4
3672
5
90
57
1073
177
5
255
7
8
90
645
2277
25
21
123
2
795
376
6
288
190
177
5
255
7
8
90
288
216
549
3000
5
12133
288
6
435
5
76
6112
36
23134
6175
232
36
80
2277
545
31
93
2867
15
262
42
5
148
8
146
180
2043
5
288
216
23
11081
59
7
2678
53
568
404
14
8
3000
12133
288
376
14
262
5
2
601
1051
80
52
21
183
1051
207
66
6
48
196
90
1073
270
12133
376
7
2678
19
6112
6175
23134
6175
36
2277
545
122
601
1051
4016
86
3785
446
376
36
40935
376
8
132
888
2
216
2437
5
9821
12133
376
15
38
41
1264
720
232
29
10
7
35859
2598
24
7976
5
770
2
2
668
59
10
242
1172
2277
56
79
108
2160
3
137
168
14076
288
19946
1798
19
629
8
7
62
33
93
17140
114
31
144
786
302
5
90
359
261
1585
8
