3
2448
2
668
39
654
1022
947
2671
1874
3
8
7521
14964
4
8
654
1022
7
260
1712
3
981
284
137
22
654
151
308
1128
9
41
10
974
5
20
1026
5
2671
616
5
1169
8108
22090
284
8
34
8264
2747
16682
5
22
1741
24
57
544
11624
8
18
21
321
47
3095
79
1516
98830
654
1022
898
48
2
607
12
308
1128
1936
898
2747
7
646
6
22261
570
1585
5
290
4
1193
695
5
38561
2065
9403
2050
5
7418
4
4639
852
148
16
201
23
5539
294
37
38
2274
4
23
1528
8
294
3
91
168
107
26
6624
15
38
1655
25
2
3
1920
4
7811
586
1271
631
37
7418
4583
345
3
631
37
335
1370
4
2364
23
183
60
852
148
16
68
146
5
9372
8
6
4
5
586
18
64
994
2364
511
9497
4
9372
24
54
26
16
1326
5620
32056
1677
4553
454
3
25
15
62
26
6311
198
5
2502
3
4
1984
15
332
57
409
905
4
74
60
395
448
5
290
23
15274
446
7
48
37
760
2
2542
175
104
103
382
107
5
615
23
108
52
8
1173
8263
33
230
2305
20
9732
4512
5
22
179
15
14593
5
556
6775
1897
46
613
29
21
86
52
33
219
2
1008
8112
229
36
21
2747
1741
988
56
6
117
11
260
377
859
2
182
3
858
8
2542
175
4992
4
2348
57
3
96
707
315
1008
7
21
72
37
395
39
16054
29
37
1649
108
6
39
107
46
54
140
96
39
16054
462
2906
4
2747
13
260
3943
6
8
2
30946
463
1380
2747
7521
284
16
1750
1050
4988
10
7
22
3368
46
8
22
4956
929
2299
163
405
2
674
5
8126
6
1160
8
364
290
46
8
469
14055
29
260
53
16
354
37
62
3
930
8
3368
6
4876
11
424
271
6461
382
28
5900
22806
2
1051
5
4639
23
2822
31
7
8396
156
4
3666
75
2726
37
2747
179
2
4
3029
4587
7
113
11
13
2
15050
354
101
36
732
10
110
3
17
131
136
1155
291
14249
465
1162
586
2
6504
4907
5
155
4
720
1100
2
7848
25157
1405
102
89
29
9343
26
380
295
10
48
5728
370
285
2747
179
2654
43
8
10
1100
100
3097
3
1857
67
83
4127
4
3273
10
573
12
46
511
65
30565
74
10
46
8
14734
306
42545
5
1983
30
244
6
4
276
43
67
88
2596
256
6063
7
1716
12
2
2956
217
109
1304
8
132
18
2
1002
660
12
475
11
73
112
248
2656
3
1304
3193
36
663
89
12
558
672
4
4708
11
75917
12
83003
1782
20
199
7
84
349
4
284
16
6
1875
612
686
4
3225
984
12
754
160
2
235
1597
9
390
103
5801
952
1056
3
597
31
106
527
61
9
103
5801
3193
3
93
1782
37
8
460
4
20
62514
460
147
2
6146
4
754
160
7
64
63398
54
426
4
3877
1000
3
754
160
4
6
51
4759
7
531
3
1585
62
30
55
1729
20
255
4
1227
1304
11564
5
2020
54
7
51
6752
2238
2
3835
9
1130
754
54470
20
460
7
2223
19
209
8
557
48
5
43
828
95
1569
20
2362
12
2
3299
951
36
1447
1000
3
754
160
6
76
23326
48
3678
3
51518
110
3
17
5623
20
354
5
754
6146
9
235
205
36
25
2
177
5
390
103
5801
952
54
234
23
8
3835
9
1130
2020
8
173
23
54
76
1374
226
16
761
3
17
14721
5788
692
155
61
4860
4
538
7849
801
40375
73
112
248
6
3844
54
572
756
3
97231
33
2548
346
2
558
199
8
590
378
5
130
1954
754
6146
48
5
54
324
24
112
2901
1306
42
33
346
88
1735
4
2102
155
56
79
108
3
181
12
1653
199
349
23
1171
303
12
540
1206
1118
45
1942
45
2435
45
31
113
8
754
160
7
434
19
26898
24
68461
10
7
36
8
10
72
177
5
2
1125
2020
1482
10
21
3790
3719
2131
9
3893
4
2514
2
149
2
13601
83
17508
1000
3
754
54453
2
3769
5
450
4465
1276
2294
19
1808
184
3
561
107590
19
108
1071
1288
20
7
359
5
2
948
54653
442
7
331
45
12
558
3
2041
38
3595
754
6146
223
88
1735
4
1119
18339
411
33
4141
17157
26
723
79
649
8
30
14
3
93
23
101
2146
10
7
445
2146
3061
9
622
804
428
5
41108
284
6
443
6
1042
5
1028
1071
4
7
2299
163
9
88
5
67
1473
7690
7
14
1936
19
320
256
6063
7
325
11
1657
696
996
6146
64
967
2
14
14767
2949
756
31
27920
1265
603
19519
4
892
11491
31
6193
4
5418
504
61998
68
1628
41
14521
572
756
73
11143
5424
4127
4
18033
9011
277
10
107
79
3263
196
539
157
4
108
48
146
112
78474
426
16
41
3
948
65
57
507
29
10
484
56
8
88
10921
426
143
35
846
426
4
1136
539
4
1442
16
223
911
2635
3
754
160
87
26
2659
88
3719
66371
16
426
88
1390
9
2020
50
260
1649
2
149
2
9
136
5
2020
8
30
34
388
6
541
