188
11
7
2
9218
23
20
173
6
69
12
150
214
2
98
6811
287
6
264
2894
15
2699
5
117
256
1618
6
4
13
86
2302
3
358
37
1073
7
200
32
116
98
41
6
29
2
201
224
5
139
164
7
37
3378
1542
7
1343
102957
2487
1183
18172
35786
8
396
17
28
37
2
217
5
94
953
3
753
26282
2207
828
323
164
2
115
22
1252
6
143
35
100
2244
564
6
53
7
64
1567
5359
11786
7
196
864
115
21
6385
159
3227
498
2067
11786
7
21
18
433
1183
105
8033
1542
115
139
164
7
31
765
77
922
3
601
15953
5
11
7
2
1956
1653
251
89
103008
31
182
258
60
370
9
265
4
1944
9
11
55
1818
22
86924
22
3882
1753
4
22
899
5
2
645
1304
11
495
64
1255
24
347
6511
1549
36
2416
5122
11
3943
19
14010
4
478
46
4757
5451
11
835
121
609
98
70
3
31183
30
155
168
69
30
34
234
23
2
217
5
94
4
706
51
2244
1255
11
36
11
13
2
9
1542
10
7
490
3
653
11
899
595
3
8264
491
24
798
5
662
194
34
17
229
11
3198
558
2
590
5
696
3233
6433
825
8
55
14734
2
2645
5
3389
1468
4
1858
13
47
1254
1724
1821
3
25
476
24
9424
38
251
2368
3
5296
38
3299
1449
122
15651
7
774
149
508
9
2017
2
41324
5
4
2467
213
8
55
17
15515
4
31492
15
3233
79
13
1296
13860
4
1858
1855
1357
4
3397
83
301
53
7
2
107
8
1821
55
3354
83
3
346
76
8065
21
388
12
2019
52
33
14
3
346
56
62
90
985
33
18
274
12
112
951
5994
51
112
24913
217
271
33
2548
147
52
33
7251
951
703
36
80
346
56
2
107
3
4148
112
6433
926
2368
53
2
107
3
25
10
8
33
635
346
19
110
3
112
1919
951
1858
31125
4098
1254
2
601
590
5
825
4
62
3
91
81
19
10408
6
579
696
43
825
12
37366
5
951
140
3857
251
4332
33
55
611
61
104
3430
662
930
3089
569
3507
217
484
12
36
198
35267
4148
601
497
2
3089
8
1577
112
6433
251
2368
346
56
112
6433
24913
217
2365
112
217
12
251
1244
833
52
251
1645
7
12
36
198
484
12
251
1645
484
198
251
1645
833
985
274
12
2190
346
56
112
593
3299
641
1449
346
56
30834
641
1449
217
5
2941
251
251
14321
1190
251
14321
217
346
56
51
3299
427
16
4032
12
112
951
42
5
88
1735
5
43
825
7
662
930
3089
54
609
1821
3
137
38
40706
1594
705
6
217
511
65
95
566
1760
33
2548
137
271
11693
156
2
100
15
217
110
61
4
83
4086
12
1901
2
734
898
7
2
36342
1594
29
476
1044
7
131
2021
20
7
2
41
3041
107
5
1649
229
33
18
362
1901
3
96
2
251
511
65
1174
12
3
403
15
40099
10
1155
2158
8
33
121
86
91
104
825
4
671
231
15
112
1858
23
112
83
692
52
33
415
21
507
51
271
115
282
549
10
3697
6139
407
475
127
94
7335
5270
15
1373
225
3
427
6
124
11
1214
49457
138
27
370
28
8
837
11
322
24
502
3975
8327
1537
14
22
83
520
104149
2
407
15
2346
25093
3697
6139
27
1732
37
62
11
13
47
5123
21
3
18
14243
1537
59
11
14
5270
48626
47
25
5123
6
461
5
8
668
108
10
7
2
1130
108
56
53
10
4290
73
2378
1026
5
73
26626
27
28
6
2
339
8
11421
298
12
4734
10
7
130
520
2378
7
488
73
2
306
4
131
4378
85899
14
86
60
58
1158
9
63
40
18500
22
520
290
3
9861
427
27
13
897
8
22
39164
9908
391
842
14
1615
3209
3
454
118
2397
6
81282
27
13
22
600
3
1166
215
4
431
6
2378
11
7
21
123
10
472
1419
1015
295
1373
545
24233
24
2645
4
2
1081
24233
1404
471
73
256
1618
50
118
2458
2
2298
5
124
29
27
13
28
8
7
24894
100
11
21
2
124
3023
27
28
5
1618
128
66
11
2
124
3023
87
11
14
1692
7
73
45
8
50
1692
85852
13
5868
22
69
6
745
139
3909
17217
8
26
380
47
2154
7233
94
80
621
2
2240
9
745
151
6
11720
5
4328
2
185
72
126
452
54001
438
9
266
27
13
146
2
62
5
1749
9
745
46
2017
745
151
14433
3
17
7360
23
69
1691
29
59
3219
151
18
196
61
3
89
2704
3
17
4800
79
69
853
5
27
1998
18
326
81
7997
4
9719
29905
27
630
3
18
4032
745
401
4989
3110
198
2672
3995
3200
26626
1305
5
10389
62
401
6
725
5
27
2841
1492
126
22
127
69
27
4690
479
726
41
3
32
65
3
745
40228
13
1094
11
40
17
2780
9
745
52
612
63
29
22
315
25
239
18
47
93142
878
27
510
8
11
40
17
1858
61
2
11658
9
745
3
336
38
1030
37
147
3
683
1957
270
2
251
3
11658
345
2113
3
2
20963
