317
9
480
31
13
20694
6
13370
22
970
11
2194
1221
2071
4
1987
3069
103
94
31
13
47
9314
3
4
544
8337
185
3
1166
89
12
695
3
628
37
745
139
122
4077
4911
10
14
68
1602
8178
5272
398
8
103
471
50
5136
1653
5
268
103
452
1551
29
2867
6
33767
20
60
48623
4
3069
16
165
16583
4
5597
19
853
58
114
164
6
452
80
52
38
69
18
784
3
7325
20
60
4
38
1527
12
695
15
27
77
155
2
241
107
455
22507
1187
24
27
970
73
638
193
650
767
18
897
8
27
34
17
4514
19
6724
12
473
9
10931
185
96876
31
4968
3166
1491
690
164
6
630
3
524
3
210
5
27
5911
2158
3
3652
8
11
7
14
3
17
11024
6
725
5
2
27
72239
1017
190
94
29
8
115
242
30
396
179
570
3
2070
157
745
3069
2068
13
15430
6
152
5220
8
11
392
74
268
281
44
75
8538
24
421
39
185
15
2165
8
11
47
22446
19
703
11
134
787
8
11
3442
8
11
47
458
3
2025
29
370
11
13
8161
64
869
5
33949
80
19
73
5
421
39
350
200
6531
77
611
89
49941
33
415
2154
2720
33
18
3
2502
61
9
112
101
11
28
3
3792
4
8
51
67
133
13
3
25
30
18
3
2502
61
9
67
133
59
50
118
81665
20
739
4
10
14
9
67
3219
53
14
412
7
77
25
11
453
5578
12
229
2134
50
101
8
22
5272
230
1072
22
69
7
25
116
7
10
9
180
2054
2
201
148
2
572
148
34
7
93
41
106
34
7
93
186
106
1601
116
31
1239
25156
2342
8
869
5
246
8
11
13
459
168
2
1087
4
168
520
251
3
2002
542
31
1000
3
434
40
10279
6724
7
113
20
246
7
110
3
218
3
6281
8078
528
296
15953
24
151
1065
12
1426
745
15
7452
4
1698
283
255
3
95
2045
23
1426
745
26119
79
1092
39964
267
31
4605
509
6
1411
3
137
89
15465
1794
1938
8
11
40
137
98
14842
6
22
144
6
452
120
11
13
186
6
264
22779
407
90
114
164
28
1768
14
321
190
482
5
27
17927
492
2
4108
8
13
16928
89
3
81
24
1096
4
8
26
50
2043
5
89
867
61
3
421
83634
41404
4
839
745
31
522
103
3482
6
2378
2990
6
24
3086
312
9
712
14225
59
331
9
22
486
12
598
117
638
193
5538
8
27
9761
185
87
11
14
2250
5
7977
36
831
194
24
421
2271
36
970
34037
27
7
299
5
476
11
21
299
5
1428
476
28
41404
31
13
1355
61
15
22
872
3
251
39
632
114
12
27
2267
235
153
138
1672
27
28
11
14
110
3
25
20
4
11
42
10
11
2
272
5
22
106944
28
11
14
1463
8
27
14
86
94
31
77
1622
61
216
5
745
1091
4
8
10
40
17
42
5
99
148
11
115
59
11
93
79
25650
110
3
93
10
2550
351
11
28
10
21
110
3
123
89
131
241
3
25
10
11
110
3
243
101
45
6
11
116
62
3
1315
148
11
2
131
1516
2275
11
110
3
93
10
42
131
946
4
131
131
105730
17596
2
159
2423
31
14
223
99
2011
3
27
343
28
11
552
10
8
27
900
3
142
30543
10
324
56
1864
8
11
14
340
377
20
712
6
186
65
509
10
14
2632
17596
28
10
72
62
11
13
953
3
712
4
93
148
86275
31
459
14124
79491
4
90842
22848
6
3227
4
240
3
1016
473
6
452
10130
9
27
2269
193
2
2
53402
553
4
607
598
387
2
149
2
57
202
2164
2
105357
7
2
11077
11
3045
2062
17596
28
45
44
1981
234
23
22
1753
234
23
217
5
7253
11
13
33
116
51
7
25
299
37
8
51
7
299
37
7
27
4
78
32
324
308
3
39
249
4
161
517
33592
91
22
6529
592
2
4
924
3
96
22
187
8
86
107
1239
17
1336
58
499
7
52
868
7
95780
32
1371
49
127
1272
12
1063
168
2
339
519
12
338
152
159
99
1220
387
4
269
5
35
7
1050
1158
223
451
135
17948
70
147
2
2885
4
7
14
3
17
8
2885
25
33
55
25
41
65
72
93
19
33
55
93
805
4
942
805
11
28
6
49
1260
339
87
59
907
16
571
157
7
571
25
7
569
3135
1295
3
2807
112
106
87
10
112
60
4
7
403
33
2548
1166
180
12
20
22220
636
256
728
1443
58
662
878
2
11
2925
510
22
119
111
1272
7
353
164
3
706
33
9
112
2510
9
112
144
87
7
18
516
3
296
9
63
5
143
35
728
134
22
7194
712
23
742
35
23234
636
256
728
1443
58
662
878
2
11
2925
510
22
119
111
1272
7
353
164
3
706
33
9
112
2510
9
112
144
87
7
18
516
3
296
9
63
5
143
35
728
134
22
7194
712
23
742
35
20898
638
193
5
598
13
146
2
320
9
491
6
265
