9
78
32
53256
453
8
3950
32
108276
412
765
3
25
29
392
139
3
3006
51
6341
377
87
11
2
11
13
28
13
277
49
107
4
13
2
899
5
744
6
49
78177
2401
1018
28
11
13
1463
4013
2016
4
14224
103
4599
3071
3
276
3
32
479
4
513
9
13793
427
3
200
32
156
2
22
1413
3
724
10
68
1731
62
1018
956
6977
3
1900
78
32
3
276
720
1800
2824
2401
1254
8
10302
414
4283
2
7441
391
14
1721
200
32
169
6676
3
522
2
10
11656
54335
32
69
13
21
1298
1183
1336
7268
5
125
36
5541
12
98
825
6
81
2234
39
13
21
1024
7268
5
125
758
19
106168
39
2967
55474
1000
3
636
1079
891
5370
56
23
117
1221
3121
7225
4
866
457
4555
12
421
4
542
442
74
38
315
3
1365
7970
5
2079
44707
2
1204
58
4
253
127
94
31
142
2079
309
908
3121
4
457
5
9042
15
1033
18484
2873
84702
2
618
11
2
618
4
11
3294
6
204
4
11
38469
3
43
37
1309
5
4080
92
122
11
244
203
6054
7113
5
1726
657
891
28
8
31
1221
3121
4
866
457
16
9042
15
82
15
2873
4313
154
30424
8181
175
387
4
891
13
47
961
9
76
60
891
13
134
267
6
39
632
8
33
396
2305
67
658
3674
52
33
219
6
2
56208
394
134
390
11
277
1184
245
6025
4
10
4411
3437
19
623
4
3437
19
1176
655
11
68
28
891
121
17
6070
5
19937
5069
15
3121
4
457
2
873
127
94
154
2
233
7
2867
12
51
3
25
37
15045
1033
1640
92293
142
4
1099
3
2079
309
228
1076
574
309
13765
200
2265
3
1194
3253
2200
5
5647
12
70
553
29
1343
8
1183
2
2285
4342
3448
5
2079
309
14
458
3
1108
6
265
126
1004
274
12
3367
972
561
2200
348
7
303
3
3846
23
117
5
30044
22
407
12
421
39
891
68
4115
63
71
788
6
311
389
82
2344
467
35
961
748
2
149
2
604
63
3358
44160
2
63
891
13
2511
2
415
368
6
278
143
1388
40
18
1126
75
1212
2
627
11
21115
68
1512
71
9
21
118
1895
362
1825
570
767
6
311
59541
147
70
144
4
70
792
4
70
1747
1641
20
63
13
243
10
56
53
20
7
756
31
228
81
15205
891
28
84
48
5
2
3808
11
295
2
788
8
1516
10
47
6025
3
8
85
7
74
138
27
7
3844
31
11
34
3840
3
2700
22
2765
782
88
320
12
22
590
16
2636
7449
1216
41
25
65
31
11
7
1612
9
119
111
582
5
808
27
172
1306
7
1454
159
2975
19345
2501
2786
25
51
115
2
582
5
808
25
149
417
1174
20
423
7
465
228
88
921
272
6
197
4987
5
119
111
582
5
808
7993
321
4321
19641
579
156
2
1595
4
10737
531
119
111
808
302
656
3
2702
266
4
63
1315
1215
4
294
2770
4
2429
15
233
526
2832
1446
4
4782
105
151
3
3390
63
1022
6
9971
104
4987
582
5
808
4796
4
2915
315
5
579
266
474
21686
4
119
111
266
1133
5
288
871
150
214
808
266
5
2103
4
779
266
5
2168
1091
4
266
5
2103
4
252
3
320
2
281
3264
25
8
4
344
262
25
31
1239
7
2501
2786
21
4143
11
7
1375
5
1375
562
49822
74
23
39
658
101
578
7242
10
61
859
10339
2786
3457
83
23
2975
3
296
764
281
205
5
27
69
29
9
66
11
13
296
42
5
88
973
239
239
101
904
1087
2975
10
25329
2
2
39
777
29
10
308
3
4565
2
2786
13
6787
6
57
357
119
4680
4
119
3400
10149
23513
787
8733
787
32574
32557
7407
578
1116
17105
5674
5
207
8332
93
38
39
100
23
2975
4
10
295
27
612
184
3
212
3416
24
22
4392
3964
2786
7
21
86
2
32641
872
27375
29
11
7
68
207
1067
2
5099
2
2975
682
22
872
3967
8
11
2393
102
1724
22
1412
3
2189
4
15544
391
87
5
217
5
1048
397
8
2399
11
28
8
11
115
73
107
26
459
38
1015
3
17
23350
12443
100
4
8
11
7
14
1376
110
3
391
15
1479
20
272
20
7
31
27
14
3
18
2177
2
119
111
582
5
808
22
2576
16
3413
89
3
1386
2044
1719
5040
3779
29
30
48
116
62
27
7
15
470
2235
24
45
31
230
340
116
51
26
219
631
37
31
299
52
2786
340
116
476
37
62
3
296
4566
133
27
72
14
911
5674
11
55
346
1468
806
880
5483
40083
806
336
1964
17
507
3
106
270
52
33
18
260
80
52
33
3700
127
655
20463
237
16
344
4
4
7499
383
1056
25
136
3
95
5
33
31
324
56
3
966
180
6
3868
128
153
30
13
2
151
5
2189
211
480
24
452
4
2
1548
31
873
8
1054
14
42
5
86
258
39778
777
8
11
599
30
18
2
10310
1012
4
7
113
597
13
2
201
60
3424
5
1571
2501
6
3868
5244
2
590
9
45
31
