41
984
4875
5799
198
5
708
126
4463
1693
583
4
4089
88813
210
23
1303
122
49
3194
2794
2086
210
23
1572
51
765
25
30
1346
100
78458
5153
1620
583
16
1191
3
243
56
100
1316
583
1498
6074
582
2794
2016
28
7663
1561
7
508
9
118
19708
1106
2
463
3544
43
10
1666
1522
150
3848
3001
1565
252
1557
5
98
708
367
3481
1734
1848
59
750
19
159
227
1554
3580
892
530
886
12
1547
109
221
437
892
530
6812
3002
109
1301
383
20
555
750
14
758
12
78
32
1087
540
330
6
411
3
221
437
892
530
264
1260
1539
710
125
937
137
601
590
5
19988
12
49
1087
164
540
2
425
19
693
310
2
151
5
557
159
227
1554
4
7320
158
24
161
135
4
58
252
211
159
1728
2847
4
159
1689
6673
4249
5283
139
579
1617
750
3847
718
594
74
221
437
530
3559
24
3370
216
4358
2
159
227
1554
4
7320
158
5
43
216
5
279
30
116
8
10911
4
84336
5
143
35
279
213
96
10
5164
1075
108
3
1500
4866
4
7947
227
141
772
158
327
1755
3278
3688
26
96
166
304
6
1335
15
4
1496
291
465
416
4414
171
376
5
4
2612
3392
7
9045
3982
36
80
6349
4
3404
156
294
126
48
5
209
16
508
4
3481
6
2
212
5
141
55
5664
3940
626
4
2074
166
1175
6
2203
5
67
605
428
9
20
337
279
216
158
16
5264
3
5917
24
5350
1525
12
2122
329
1074
2782
5
749
2612
323
1848
6
5164
2057
4
15
4234
1727
24
216
5
279
158
1390
9
2470
6667
5
323
26
16
68
5264
3
1755
5310
5455
746
60
5
2
289
36
257
85
87
2
158
4701
24
216
10288
166
300
12
2
749
2612
323
132
1894
906
428
4
392
1510
5
105
3849
6
1372
252
5
279
10
7
56
5
67
1036
9
156
2426
7230
5
143
35
216
5
279
8
30
16
317
3
2334
67
594
15
264
750
139
19
221
437
892
530
3
1038
775
369
90
5
43
18
773
15
437
530
48
5
43
1036
89
29
22
1871
335
3
1525
300
12
416
6
51
132
17
4
1496
3392
72
8050
44
126
2
127
85
549
43
161
13523
4
14585
30
55
21
2385
2
1847
1430
120
2
669
279
216
158
46
58
36
162
46
13
12
343
5
2
372
85
139
2
166
304
120
2928
2546
5
294
132
984
85
1179
321
158
1235
294
3
17
2759
132
21
17
851
36
39
437
530
750
7
5832
15
7644
216
188
4
10
972
15
3370
1031
1219
19
158
5
161
675
171
268
85
2824
1858
619
229
437
530
1774
304
6
878
50
9583
19
2245
3
11830
4221
166
433
15
98
4110
24386
294
22
750
8757
194
8
606
2805
14
1310
9
482
750
420
64
829
1539
825
333
36
3804
5
1201
229
39630
416
1778
98
1068
36
5411
294
229
294
8345
1201
1274
4554
19
221
36
80
229
36
21
1201
132
17
851
714
88
3501
3
43
7
3123
303
19
20
3559
24
216
43665
4310
2153
19244
8
2991
158
102
395
166
304
171
85
1088
18
914
3
1500
2980
4
2203
5
161
216
344
179
4
166
2184
6
5893
471
4
225
31
1754
586
6
2
4310
2624
30
178
8
12892
3
3370
279
216
3510
7
325
1031
59
1612
166
304
12
2612
323
30
25
21
194
437
530
3026
301
209
469
8
437
2546
13
2194
3646
8340
166
3091
37
4243
5
39630
1201
72
44
126
2
150
85
9
20
337
30
178
70
45
1743
48
209
4
4866
4581
3404
294
8
420
2
601
4
1135
1245
1539
1201
1713
25
33
113
53
34
17
2
90
6745
15678
52
27
121
93
6
266
7
1466
164
23
14341
869
5
6745
15678
313
3
155
83
59
2
58
7
6
266
189
29
59
274
93
6
266
40150
443
84
7
353
507
660
7
2142
52
27
93
6
266
7
353
507
40150
34
443
12
274
210
5
105
339
24
1109
18282
6857
62
1083
151
791
9
4
167
12
503
5
157
6
19366
81468
3
421
503
7
42
5
258
707
809
1083
151
1885
320
211
652
28330
503
6
1946
4
8297
401
5493
418
6
38666
339
6857
62
985
5
5752
806
4
430
5107
21008
503
167
6
10635
4394
8
489
41
65
9518
12682
22
322
5868
6
2
17900
75956
27670
4
2149
2
10487
7463
957
15
2
1149
656
4
939
3
17
5
9789
3328
11
908
7332
925
6
5979
5
4170
1494
102
9789
39423
448
339
19
791
12
449
471
3
167
57
5493
503
6
701
58155
806
5
503
5
157
7
1407
6
339
2856
10
2890
2915
503
44
10
7
9106
61
10
214
6
411
43
874
28
53
14
64
3080
416
1862
2
43
503
167
14
6
43775
34
218
3
2349
343
15
248
5
227
35
4
556
141
772
1446
503
5
157
28
6
2
304
2
445
30
123
98
595
447
1638
4
1406
6582
503
5
157
13
4176
3072
214
9522
76
132
17
11355
3
2428
4
57
635
17
30
34
218
3
663
743
525
