17
1714
3
856
1241
70
114
168
558
1682
91143
259
650
19076
69
302
25
8
2
25790
243
10
86
45
30
14
3
137
10
137
10
2265
7
3
15881
32
106
896
30
116
87
30
380
11740
20
44
158
10
34
3012
1894
49
953
3
484
104
45
56
341
360
62
8
315
3
3892
1912
132
21
17
400
184
3
27
69
240
29
10
2479
9
2
69
3
25
2195
2472
5
4
315
3
93
45
21
2
3027
272
31
13
8054
176
9
103
44
75
936
103
45
4
643
378
57
46
211
103
176
379
46
13
2
704
590
4
132
2570
3
959
61
3
1038
41
45
874
28
298
20
7
2
272
31
13
1337
2
896
11812
3
959
45
3
2261
45
2963
45
28
3027
826
2498
256
26715
11
13
64
299
9
399
290
5592
874
178
11
132
17
2685
3
1378
4
18
5568
176
53
3
17
12
11724
3027
826
2498
256
26715
134
2234
39
8
1211
969
11095
77
322
439
2729
52
2859
5
512
26715
7
1259
553
3
942
314
52
26
259
11095
1197
8
11
13
1428
412
3
689
11095
7363
608
540
1571
59
11
1992
350
103
176
379
3377
3
1303
23
2
3299
308
1840
74
181
5
350
583
6
418
103
379
4367
39779
3899
158
44
4
50
3834
4032
2
11095
3649
1303
6
38
3425
708
42
379
14
350
6
3604
4
190
14
704
19
5118
6
161
3901
1436
178
11095
29712
103
339
122
12
296
42
24
958
176
8205
4
190
122
958
190
1660
6
42
5
339
11095
477
6
2
51618
4467
4
44
11
47
350
126
998
2
2692
12
389
235
3
89
3176
16606
48
116
234
20
7
280
11
44
6
339
184
3
693
310
52
33
14
3
116
51
61
235
942
3614
3
112
556
39
11095
28
148
50
110
3
17
1368
184
3
4
6991
307
12
473
330
11
140
5987
3
2
3299
308
1840
120
176
1588
2484
5
103
5
22
2291
158
1628
95
944
2
2284
21725
43680
4
11093
13188
43680
22
872
6991
607
2882
2176
15
740
3
367
42
944
573
4
57
1060
11095
140
1992
350
23
4
2261
2
565
2
11
14
6
428
5
4892
49
1859
14502
8206
11095
7
68
2519
5
643
2
272
171
4
2338
34079
341
473
11095
14
128
508
3
17
2299
2
14502
8206
4
14
1218
15
4
11
7
1050
3
17
1218
4
1581
1130
874
44
2498
26715
5264
98
595
2343
21
3
997
11095
29
3
251
4
329
176
109
63
617
71
1355
1744
1250
4
1961
299
309
283
299
683
141
508
2
887
10
14
2
2
244
7074
1693
823
63
1140
927
21737
3
22
3078
2
273
224
15
927
16204
12127
4
3072
357
9
3626
46
4
9
352
46
175
273
4
59318
40
1104
169
5
6666
2
2192
664
455
135
1605
5
283
299
9
48
10
68
364
1168
5
186
1951
1952
3
5515
6
6645
577
4
4365
6000
5162
5
70
2394
10
14
359
5
27426
8
88
6487
16358
16
146
5
80
286
10
13
30952
168
233
261
98
58
106
4
281
70
1519
2607
51
14
6
22184
2097
70
2607
51
14
6
283
299
4
842
6860
309
19187
8
2204
5624
887
20
14
3058
2168
1660
8
162
13
29439
3
4717
683
231
2
58
4953
10
2782
14
1165
4
13473
46
39
249
60
866
2
31860
460
12
1128
75
10
893
46
29
2
71
383
59
11
1355
10
235
153
23
1837
1117
543
645
10
364
190
51169
1968
8295
1865
48
18325
48
4801
5
128
153
7
51
721
6
842
11
32664
842
16513
79
4406
5272
8
2262
22
283
299
141
14
2
3297
1277
683
5
23145
545
1846
348
59
927
872
3395
2
1051
23
1837
1117
1872
71
8
44
11
228
10
190
1804
1034
5
1053
111
58
195
256
975
5
742
3340
8
270
63
34
527
21
42
29
103
16125
92
96981
14
245
2
92
4521
29
545
1846
5982
340
14
10
12373
348
351
24
767
146
4
57
432
8649
8
13
6209
6
2454
1429
261
470
136
692
200
140
9752
779
2355
79
2
591
2427
5
4638
1756
9
6038
9842
1812
4
43040
29
2416
101317
2174
315
8
7
84
3679
9328
2914
5
645
1846
24
2655
6234
3
2135
10
48
453
61
3
2
1408
6
62
157
1435
875
842
1139
6747
19
283
299
18325
4
93567
268
80
66
70
18
485
4
4686
182
37
617
71
4
22
711
29
1441
2782
5
22
1432
648
4
38
984
12
133
469
4408
2607
11
13
5616
859
2
281
3478
1408
46
4
76
5
22
7933
1408
16
5072
61
1190
2587
6
3478
107
71
7
465
16082
9
2245
3
1843
12
37214
1246
8
2348
25
90
114
171
22
8546
3
711
29
2
937
5
22
433
62
8
71
1675
13
981
136
41
3067
160
65
88
5
22
267
36
7171
93908
560
8
71
784
3
392
30782
105
160
11
1910
627
171
22
107576
3439
5
119
111
197
469
2
24844
4
1933
2
367
29
11
68
627
2987
188
160
5927
3
17534
157
997
3
139
73
283
299
842
694
