206
11
7
25
1758
23
1187
24
27
4
22
5746
4
2
899
5
656
161
5
54
16
854
4535
6
105
273
77512
39
249
259
9711
1799
2816
82660
653
8
27
91
3
659
3
49
4
370
726
2
6169
3
39
249
60
511
65
2216
10
3
19921
88
344
463
7
19
7553
1513
159
390
4
1472
2936
31
7
73
4
1036
206
7
948
1014
9
101144
33
18
3
1302
6
8
1513
55
21
7398
27
11
251
89
2
5198
3349
2
7075
10894
3672
4
2
272
31
7426
581
25
20
7
1544
5
4
4713
58655
44
1014
39
7
3833
74
9
138
27
115
163
703
3
62
22
1691
244
511
65
25
280
1716
1183
115
11
163
580
3
1205
22
951
251
511
65
1042
8
11
25
2
11245
407
8
40
17
2
1189
692
9
89
1014
39
13
1138
398
27
2253
302
10
7
2106
19
2
8076
9
1557
46
4
45
31
296
703
4
39
1545
16
86
196
1681
3
96
8
64489
50328
619
24
402
37
280
1716
7
2
1372
173
27
1691
295
25
136
41
244
1203
65
98
5
22
3466
8
10
726
89
4
3784
49305
2941
547
24615
5
1014
39
73
2037
19396
31
77
1195
142
102
2790
335
29
5
376
2871
703
25
1104
356
6
2
372
107
4
18
8967
8
7239
3
52938
811
7
178
27
1401
7
1138
2
2446
5
2
1014
152
8
14
89
36
147
89
3
17
813
1764
6
20
66
105
4801
11
863
4
10
21
72
703
4
2789
526
2299
10
1014
2936
4
669
526
31
25
1843
16
20232
6946
42
31
25
1843
16
22287
7815
7
116
24
520
576
8
10
7
677
1031
9
1014
2936
3
18
3066
4730
1238
79
38
2190
52
26
704
1557
963
15
20
127
11764
12705
26
16
462
2431
3135
95
963
25
30
93
48
27
48
99600
51
1513
31
13580
2011
11
274
390
87
11
77
2642
1557
5
421
4
2643
7
81171
13
1940
136
5
361
603
60
19
377
90
90
41
407
65
22
970
4
19
2299
69
3926
46
54
48
94
666
3
25
29
16
1722
196
5605
36
9568
3
1711
85595
523
18
5723
490
79
27
1587
22
1246
22
627
22
4861
46
29
104
1030
4
3386
18
42
334
3
326
22
345
11
7
2530
14408
3
88
152
1187
6
177
87
22
267
25
976
310
29
10
21
9
899
5
101226
1002
2840
5
152
769
18480
12
27
7
7445
1322
465
24
222
4
521
2922
31
768
89
12
1651
585
27
5326
142
490
613
12
672
286
11
1152
10
83
5
500
1143
340
685
24
10520
19
95
22
267
384
2
232
5
2
784
80600
35674
25
1966
62
3450
259
4
39
249
814
39
18
5163
27
24
1096
36
48
882
152
2134
31
757
205
3723
11
14
2
12110
8
11
40
5011
8
20
36
8
1534
1184
40
981
22
4959
61492
7
136
3
1512
6
152
1203
5
138
27
29
3
44
152
50
4656
8
6367
22
1401
7
3
1902
107
11
30521
22
970
4
4698
2
1335
15
169
5
58
104514
5079
7
2
421
39
1459
4
350
5
7476
540
353
4
1171
303
11
7
824
5
566
563
4
7
292
6
197
663
89
23
8629
1394
164
9
41
294
12
1728
11916
20
1034
7
28057
23
100513
191
898
43
227
1787
5
291
221
7
43
702
257
4
898
8
417
43
63
8
894
221
340
522
46
21
43
166
20
7
337
206
221
7
454
156
1608
1629
4
22084
74
291
5
78
32
21
86
7
11
593
63
16675
3595
4
4202
3659
46
4
2984
1232
68
19
157
48728
4
1064
19
5935
310
46
29
172
792
5
221
18
98142
8
1948
9
482
461
5
43
702
257
25
21
117
15
6035
5
235
63
4
104
45
34
1541
17
2177
859
1679
131
183
417
894
26
16
84
2366
100
20
7
337
206
892
530
221
437
329
32
1776
198
2751
12
878
59
11
877
3
735
187
3
2
2030
2316
11
4
798
5
221
172
2103
1834
258
1661
1291
5
424
105977
187
59
2
1554
7
718
37
3687
3
3215
4
3496
2
2791
102
2
417
46
11
4
26
697
3
319
38
262
21
17
794
38
3078
4
38
253
475
3078
78
9
48
210
4
1370
898
141
52
157
50
4
5602
923
53
40
17
2
107
9
221
3
522
166
80
59
43
63
115
14
10
3
184
3
86
2304
763
8
13
367
47
42
5
323
43
227
92
7
2
4870
21
2
923
20
14
10695
425
19
1574
650
83
1433
16
3627
993
5935
54
26
50
1340
340
302
8
92
26
277
8
43
23
227
446
7
21
2
923
29
4
3090
19
54
1574
50
1876
3
4
288
698
157
1143
4
34156
31
302
157
414
1450
4
6687
100
156
2
113
2148
8
16
3627
993
81
46
211
90
8
995
1894
43
356
156
2
113
2148
36
57
43507
9
159
43
92
909
3
247
1900
19
432
1199
824
5
86
7883
2304
94289
8
13
47
42
5
229
143
35
7
2
923
36
472
2
