2797
6
23725
4
3691
7411
312
4047
4385
1285
19
1109
2144
6
386
102
2292
543
14
1096
3
484
76
2292
102
81
15
443
3852
3
2292
30
608
3
18
851
217
5
81
179
15
103601
50
165
76
139
8343
46
53
14
64
649
141
9
3563
5
1071
53
165
14
64
683
5
59593
104
50
10216
2882
52
33
73
46
1437
30
146
6
130
2279
23
131
1096
29
7
113
1127
50
2611
6
101
1524
33
13
2
92
8
3486
1189
150
3799
53
14
2
1189
2292
3350
6
92
1013
3
4
544
1088
446
5
581
19
117
5
189
252
14
2193
83
1013
3
341
219
165
631
37
386
29
1855
876
7
40
44
10
14
12
2
1280
6295
15
76
273
139
165
102994
2641
468
43
41
37
214
743
59
63
71
48690
6634
214
743
6
386
14
3012
1577
19
559
1535
19
956
925
46
581
6
3691
4
6
386
1915
3012
74
376
5
4
6
43
163
13280
15
1127
214
163
1439
27180
56
5
3691
56
5
22193
4
48
107
3
1438
120
1109
2144
2040
50
3874
1257
74
60
19
24505
559
4
722
163
559
5756
2797
54
1363
2
447
3
3829
5
1127
92
13
47
3874
6260
19
559
8
1032
624
13847
4
43
163
16535
6
4
50
64
752
6643
3945
474
13797
103
1046
447
3
1127
35
214
13
47
2193
6260
19
4
74
376
5
67
43
163
50
5963
74
214
3
1127
214
163
156
8
43
163
324
56
5
372
1163
5
386
4
3210
1445
9
95
1163
142
3
1127
214
163
42
5
1291
405
107
8
43
13
7286
10
956
559
14
8
43
13
722
31471
4228
8
1127
214
163
7
21
18
87
26
50
165
961
165
2392
959
25
5299
1163
14
271
43
7
15
1127
214
163
100
23252
95
1163
716
41
1929
2
684
2283
2
27180
274
1127
214
163
77
1917
214
1655
6
2744
456
29
27180
14
21
1748
10
13
21
182
34
3
431
10
14
1497
1257
24
4
528
8
13
22009
430
4228
8
77
2233
35
3
4
7190
2
151
8
13
131
1504
2543
3
309
2
2
430
528
29
165
13
76
34
3
431
4
165
13
76
528
76
1923
4
302
274
74
2691
6
1438
48378
256
51
7
447
3
43
36
701
385
6
818
9947
24
386
234
73
23
60
71
365
85477
10965
52
33
155
48
107
142
3
916
2205
36
6308
14
165
66
351
6
1109
2144
813
14
12
296
29
21
3166
30
50
165
131
136
12
1696
102
167
12
143
35
30
50
72
103
66
75
16948
740
19
1109
92998
45
3
243
570
4
559
74
2948
56
5
1985
46
1129
2586
25
1109
2144
6
8
1088
7
165
131
1130
29
21
774
10039
17158
2
10
5104
6
386
14
60224
548
1896
1228
33
93
3
386
23
483
5
71
99
461
51
115
8
386
234
73
46
7
10
12
2
6295
3
2
236
120
10
55
524
12
10
87686
1228
53
14
714
41
4881
65
209
230
18
4585
9
482
53
14
2
384
8
2053
13847
13
1968
6
1517
8
11
2607
147
9
3852
3
1193
151
4
14
1080
3
218
1995
3
1515
12
5
386
53
14
4
1506
359
5
3301
3326
29
7
327
44
6
631
3
2292
195
31
50
177
5
22
2765
33
828
7
93
448
53
14
98
337
3
17
3301
33
828
295
3145
59
33
1732
3
45
8
10
14
110
149
110
56
3
7134
9
482
4
631
3
2292
19912
56
53
26
50
48
1080
3
179
570
6
2
359
5
15637
2292
97
29
33
828
7
93
3145
26
50
2390
3691
98
899
36
2390
13847
395
352
99
11370
16
3
43
233
12
429
10582
157
195
3
1205
95
1284
6
57
426
2
38
83
397
2520
1004
3
303
619
105
841
4
1818
45
31
1636
464
6
1273
5
2
282
38568
1890
5868
1349
1763
3000
79
2
4855
5
70
6718
211
5053
3136
4
1656
4306
1039
2418
2664
2169
24
38
179
3
11633
29
4386
1195
233
3
317
820
1177
7958
8
13
2937
1418
12
487
683
754
160
4
57
74899
12
36
1412
5
2
398
133
13
2
1431
2
520
4
338
1445
8495
28
6
1892
8925
2333
112
83
1445
2
232
5
233
7
3
3364
20
133
19
112
2168
1777
3
1627
2
2
83147
71
2214
381
12
1334
184
3
119
111
310
269
2600
2569
1890
2295
146
2389
3934
9
143
35
3
244
61
3
422
854
8
30
303
9
1903
2569
1757
1592
1228
251
3
297
3633
198
2
373
601
44
5
24591
787
4
2582
1134
3
1763
1182
5958
2373
23
21201
39899
36
4259
2139
3
6917
1890
59
11
1362
41
368
401
2
22
10631
3248
3
1592
120
589
4605
12
503
3
790
22
381
12
2192
58489
22
16
3
233
1890
30
995
24
28818
5
1592
1228
3
804
1344
3065
1763
933
6
2
2114
8
13
10541
74
268
568
24
6734
3
11321
11
5849
15
45
31
17695
901
2480
4
5924
3989
4
11
5476
1698
5
41
65
4239
89083
4079
23
256
2096
1884
414
1922
6
39
249
1890
