7
113
11
322
718
5078
164
23
308
975
134
523
23
2
3271
329
180
72
2436
33
8
232
5
233
34
706
136
3527
194
20
1921
59
30
966
15
63
504
87
2
572
224
2233
214
5
70
9518
1259
154
72
44
75
700
214
1133
1064
224
74
4037
5
90
6
233
58
4
76
162
13
697
252
3
1427
375
233
937
10
126
1279
1727
24
143
83100
3826
34
18
10
44
421
39
13
1410
252
2925
326
224
3
1592
1228
12
540
20
483
2
4380
9
1004
3
803
10
4
140
106
3
1507
36
6026
10
36
123
64
21096
119
111
13
1371
4
1895
69
6
264
44
424
3
107
13434
162
122
1525
9317
58
9
2594
18074
4
1510
12
814
62
298
71
4356
1534
224
2
325
1816
92
77
1666
6
2
6633
23
575
978
189
252
11
1955
8
22
1282
113
52
86
159
823
63
1650
5108
13
47
12
43
2929
504
140
622
40
17
36062
233
7
1451
1020
24
161
210
5
139
122
119
111
7336
9
1727
1156
1896
3040
18152
2
4867
5
250
342
7
1222
58
8
233
327
172
87908
1118
442
736
15
76
3
58
177
5
222
924
770
23
4504
5
964
2501
1039
5
452
151
802
18152
134
151
8
233
7
128
23708
4
64
224
7
282
65
2
572
10512
700
297
40
21
123
660
9
44
233
5091
13
1504
3325
74
414
2209
5
588
165
71
115
21
14
233
3
959
98
177
5
224
4
13
2491
3
2540
98
156
15002
588
682
40
2538
142
1084
6
917
9
1194
12
250
342
348
15
2470
934
5
4227
2617
6748
3
2
342
537
9
2
241
2
224
6
89902
653
8
250
77
165
17
21005
3
2066
2
342
537
75
2
568
48
122
17518
591
6
288
685
606
26
415
1229
224
276
250
196
136
9258
3
4185
59
414
2662
14
3
1134
2519
342
37877
2037
5246
13968
4
964
1221
9100
16427
28
6
2
304
298
8
26
1410
24
414
3947
694
710
8244
8
103
210
224
175
250
4
8244
34
469
696
24
233
4
92752
3
1004
42
588
1104
4628
5
20478
215
1703
4
57
594
595
215
2209
5
250
342
348
12
159
26
28
250
40
17
458
3
971
2
1321
3443
15
8244
3272
4628
23
88188
2245
3
1354
2546
5
104
696
210
224
71
252
7
1379
233
4
70
45
3
976
29
21
7994
5246
28
6
2
304
51
30
55
21
25
7
976
31386
7842
9287
991
8
3436
250
4
8
13
47
14258
108
12
10
342
537
179
9
43873
39
3645
14582
4
6832
10718
4
693
310
1000
3
405
4661
4
555
614
109
19
8016
1964
59
45
8910
15
1556
578
4324
1939
8336
209
5
1807
5
4661
26
793
3
234
9
1041
661
3
610
51
10
7
4
206
10
830
88
45
270
18
47
9187
3
2395
343
24
2
16210
7976
5
16269
10687
46
26
6569
1718
8
10581
2015
7
584
101
42
6
209
20
7
21
51
16269
10687
35
472
3
6144
10
35
8
10581
2015
398
416
23
435
7
584
101
2015
10
13
47
149
508
4
4068
9
568
8
1195
9
4661
7
2
4905
4
1065
315
12
177
5
2
1595
698
414
7033
813
2819
105
195
4
2115
232
5
3239
113
2148
26
465
2195
1857
38
934
9
896
5255
6
38
83
2563
714
3410
8
13412
24070
40
208
599
81
2433
10812
15406
5026
3
200
32
4
232
5
1133
12
238
815
7
465
1299
15
555
4191
3
257
2706
191
5
554
2682
13
2
10233
2265
412
186
65
3
392
2
108
213
5
554
302
6
432
435
458
3
1982
105
213
5
332
133
4
515
5
108
2
2
668
20
213
14
3
17
2013
6
2
28545
3797
19
813
493
5
108
2080
6
4231
19
696
588
1452
23
6
3669
518
4
724
15656
5
213
14
3
17
493
9
414
2462
6
27327
5189
2
432
493
2714
4
2013
19
108
813
493
54
50
586
432
1450
332
813
493
174
1023
3
1982
10
92
19
10
953
3
302
2589
1846
3
3399
238
917
3
748
446
5
288
1777
6
133
4
3
748
8976
629
19
3615
288
4412
6
402
108
82
10812
15406
3306
4
403
45
405
315
3
3101
4661
16
807
570
19
2
994
2023
714
80
2
18066
1251
6
54
26
7300
2
108
316
2
607
6
20534
1790
26
178
8
26
16
2331
536
19
2939
6172
36
5548
3
328
2
6129
1039
74
798
5
43
26
178
8
26
16
21015
4
88
2175
8
2107
13
3
800
4
8
168
10528
242
26
55
392
2029
4
316
56
5
4454
603
4
7774
770
23
34
20
5645
7
3469
6
213
8
26
858
4
4000
9
482
813
2266
6
257
7
412
41
65
2
3567
9
2299
226
79
836
2091
4658
4
1292
13029
168
2528
288
10859
117
868
9
813
493
7
7
178
7981
5
1804
554
771
54
55
140
17
91
19
698
2
3325
3
1611
1135
450
15755
2
86
3945
1154
20
428
5
8596
3919
4
4444
7
21
2599
19
573
5
1193
813
493
472
10
7
