990
9
1112
132
154
30
380
760
61
9
20
72
73
2423
11
28
30
16
110
3
245
1733
2092
4
666
3
443
67
4922
4228
6
343
8
20
7
44
8
30
403
40
208
154
1050
3959
6
42
11868
733
82
24039
8034
780
12838
24039
86993
27728
7
2
10429
23678
7302
4
974
733
1065
12
1275
2
719
780
3177
6
6406
733
19161
2714
13707
16770
753
7
2
529
4
19934
780
4087
2687
7195
6942
24
29913
8034
19161
2103
504
13
1956
576
6
10359
4298
4
760
5036
2851
2516
6
3087
157
733
7
3021
3
18546
5825
734
122
400
3
1522
854
5
543
1559
4
1831
13016
2935
24039
12
12838
4
27728
6
143
35
1765
733
995
1344
25
93
41
294
19
791
884
36
125
109
8034
780
54
13
42
5
1522
1916
780
4087
6
478
108
733
13707
422
1916
780
4
1859
753
27586
13
1581
422
4
3109
497
9
780
4
1859
27586
13
780
1071
5
169
5981
705
4
1337
4
169
5981
20026
15
1916
9164
557
13095
1161
4678
5
780
3209
54
364
19934
1859
1071
733
13
422
2777
809
118
22972
23
27586
4
2
5444
5
57
595
19934
7302
753
4
48
753
16
2714
8034
780
13
1737
169
5
1481
6
493
4
2103
68
83
1737
5
733
8034
780
2935
24039
6
1946
4
27728
6
43
8034
780
101632
86994
7
4
23678
7302
4
974
733
1065
12
18546
5825
734
19
1275
719
780
3177
6
6406
206
8034
780
8034
780
7
4
23678
7302
4
974
733
1065
12
18546
5825
734
4
1285
3
1522
854
5
543
4
1831
1445
733
19161
13707
16770
753
7
2
529
19934
780
4087
2687
7195
6942
24
29913
6406
12
1360
109
733
510
284
5
4
679
16982
763
9
16770
753
10739
2
780
786
5
2
1859
786
5
4
2
101929
917
497
5
292
187
1934
2989
6
4
23475
2060
735
734
23
2
6925
5
169
4
1608
497
5
766
74433
5
4
14577
5
66
51
12117
8034
780
733
19161
13707
19934
16770
753
7
2
2479
3556
5
1849
1916
6867
80851
3665
1853
4
983
595
12
1360
109
733
307
284
5
4
679
16982
763
8
1337
16770
753
34
17
2
3517
30950
577
3177
4
4
4694
4363
2516
15
3882
2335
1035
6420
370
6
1870
16770
13
595
3
3129
1657
605
1870
5
780
6
6406
4
247
1247
795
780
2516
6
133
6
1648
15
1193
92
4824
6
6406
733
14
99
6
133
3
24517
13848
3211
1648
15354
107
9
4434
5
605
4
1390
13848
3211
559
23
16770
753
6
1345
733
13
1838
2
10720
13848
2467
2516
23
16770
170
4
7
42
5
1247
2415
6
10645
32608
7576
74
45
733
1065
12
1930
2
1106
400
1655
4
14575
15
556
1320
12
531
338
753
7412
14044
82
582
526
379
82
7412
14044
13
74
66
5
576
6
161
1125
1071
4
1253
535
1808
454
3021
408
5
22
1433
3
1125
1071
940
371
14044
13
47
8260
6
17393
1009
4
2392
10892
8662
1625
171
22
1433
371
14044
13
1326
2
571
703
5
402
1765
1075
3087
157
4
6
268
568
13
459
74
169
9
1193
1071
840
1648
38905
26163
82
63
82
371
26163
14
7249
5
955
1091
23
92193
151
2
67176
10113
6406
667
1247
18941
1683
3177
120
11
14
1390
9
4251
733
531
919
15
7559
92
12203
528
4
150
4
556
12802
41192
3
10
559
11
14
68
437
5
7559
266
5
68130
32726
82
19315
49799
5
1231
120
11
1596
2
5086
564
6
428
5
7929
4
1858
61
559
6
6406
371
26163
13
621
1193
423
15
7559
92
211
669
8202
3
63
5
6406
12
288
3109
4
2576
3
711
5
6406
1284
6
29913
6406
371
26163
514
2
2072
6
166
252
24
2822
393
4
2
12421
5
402
252
24
84
23
173
6
20
105
1614
120
597
7
9230
12
597
61051
37
10
59
14
128
60
33
796
2
1034
36
2214
2
3386
6
54
2
94
14
4356
90424
69
16
2
1191
402
120
207
2164
93
20714
61
2
786
5
4191
29
446
5
11486
46
2134
102
138
27
4
22
970
4
94
29692
332
57
46
13
17451
107
56
5
24120
13
47
736
6
157
9
2
241
60
6
209
10
1049
349
3
2
1682
4
23119
39195
71347
39
1482
13
48
20
5233
23
2
28958
905
73
4
2960
1429
5
672
97694
13009
6
5
152
4949
1997
10
1119
313
73
104
16
1173
8
972
99258
27
7
2
3133
447
3
67
107
5
290
44
1116
148
4
552
3
167
225
74
38
78836
193
7
88
23236
272
6
197
928
108
4
156
2
15310
11837
11
100
584
73
3
1730
83
92
65696
728
7
2
34924
8685
22121
2
2141
756
31
7
3266
6
237
56
5
3057
60504
32
7
2
12027
565
31
93
12
597
5438
319
2308
37
49
125
783
4
7
5123
11
21
6
29418
124
74
7253
1768
7
714
1960
28340
5
10887
69
15
27
4288
193
9
3229
5
2
17366
1416
1089
5
22
872
193
4288
27
9
10125
10970
1674
6
8213
4
152
21355
579
332
5186
4
42796
2
54815
868
3
6882
948
9
69
8276
968
1152
