31
13
72
1355
12
2
2
8159
2635
27
13
1315
3
12097
4
478
105
97
4
2828
16
1379
206
64
42
7
12
38
210
3194
16
5297
9
756
31
365
74
89992
2581
28
27
40
2551
58
97
2055
4
11
40
21
142
89
121
11
192
499
7
113
11
131
1130
9
133
9
97
28
159
111
408
195
928
5362
7
21
88
3080
80499
688
3414
27
74
562
3149
254
202
287
327
2403
98
151
36
434
1326
12
3768
11
7
21
301
1400
142
22
544
627
3
144
1158
121
11
247
287
457
7923
174
27
1404
13
4
15529
5
22
83
9
681
7
110
3
93
525
15
457
688
28
27
4
52
7
25
11
110
3
18
3
513
2
273
91817
151
5
1241
70
545
8582
24
2
27
712
6
2123
28
26
50
2104
4
366
1521
61
19
363
2343
26
50
3633
56
9
64
337
3635
51126
35
741
328
193
55
469
12
2047
289
785
3285
56
2
2165
254
387
2621
1591
9251
89
24
118
63
707
605
567
18
170
47
1057
6
2733
598
4
39
249
1076
99709
134
421
402
39
53
7
1752
600
11
803
118
480
823
91601
457
28
11
34
6194
8041
20
66
2532
472
12
2716
1551
6
1854
562
105605
7
12
1104
5
3454
1416
164
100154
310
146
2
1437
15
20
86192
931
228
9
94
3
966
4
1643
1152
5
93320
1542
739
2
4189
5772
613
6
1665
5
305
5437
27
9
454
503
68719
1719
2501
546
4545
1610
111
58
9
360
102
6274
2
259
266
75
12168
47635
16
304
24
103
5
95271
71
7
3415
3
2189
2
4114
868
6
58917
2
42374
1089
5
728
99
1134
3
2702
266
59
11
14
2
5822
23
742
35
102825
599
24
2322
62
128
330
284
16
1568
6
996
298
97360
2760
114
409
2170
13
723
56
6
422
217
4092
714
19
4220
1160
5
237
6
161
675
174
32
12302
198
4
4035
1272
19
145
223
162
301
145
1418
164
24
2
4065
373
3
32
128
848
3
298
2749
14
1070
2
2
531
7941
5
22
69
103411
99478
145
8354
32
6
1384
2
114
1233
150
1420
174
18131
32
6
72
37
207
360
4425
576
7
248
32
2
136
2
4
1255
12
5207
914
47616
11164
1682
9915
341
114
1912
1657
8
5
85
32
3166
145
6
35
120
11
522
66
2
99
1220
174
135
97
802
5188
72990
28
2032
77
17
17741
9
162
52
32
322
27
6
257
85
286
2032
13
106
9
2
162
9
63
170
42756
7259
39
27
4
32
42118
3
192
6
2733
2
202
114
5370
56
23
197
1950
4
32
7554
12
49
144
223
1842
114
1038
6
2733
114
31
28
26
14
2
94
31
468
10
73
10
7
100
2602
27
174
4
32
517
144
5
6
1842
104569
31479
27
647
455
58
499
7
21
762
2
10
324
168
1117
2
2647
114
9104
402
2728
3
2
592
174
1117
1190
2
2
4050
12929
186
90
3
178
10
1266
325
600
9
58
492
3
3474
305
3
22
99
192
174
27
517
81274
1117
3141
22550
13105
34230
4
17351
39
174
11
14
774
4069
15
7350
4
30490
104327
883
4218
145
4
305
517
3227
1551
2
114
3210
161
2
2720
816
1486
2
26
666
3
514
198
2520
69
5
32
4
101136
259
145
956
3
592
6
1742
1339
947
89
76
6401
968
3
218
22
838
15
34456
98078
15
557
48
4448
1716
32
4496
2
41
65
1255
74
145
6
2027
35
15
521
1384
387
817
2
281
2
258
5
35
4084
4
27
2673
15
129
5
106
174
13938
128
985
315
24
202
492
3
666
4
172
22
691
29
38
248
324
75
2
433
31372
13
260
106
341
6
35
58
289
46
1804
1912
8
579
298
284
14
1407
3
17
2106
5491
19
101143
3483
193
11044
76
1969
15
2
592
6
3027
4
145
2579
2
5267
1255
74
1954
32
174
20
66
2248
2
41
65
129
114
443
174
4404
1165
12
135
72088
8262
39
193
517
3221
58
996
298
100
949
12510
56
27
31
324
79
949
15
1490
5
159
636
3488
4070
174
202
2477
12858
4837
28
6
4
125
8
2027
7070
987
777
50
2409
5442
19
6471
100
101445
29470
32
592
6
2123
14
190
527
11
13
5945
144
5
1290
114
2
531
5062
6
135
292
144
24
1842
914
191
49
14664
174
27
295
3253
5
374
61
9
3082
6
2123
28166
7109
5
4370
5
97622
69
1455
363
5
94
16
6
1338
164
26229
119
111
63
71
2025
6
4
1896
34935
3031
394
71
1905
2733
21578
807
3
119
111
3
2070
38
4945
1851
43706
1592
1228
265
966
23
353
3
179
12
2413
5150
4
3109
309
111
966
23
7207
9
2168
402
15
99
106
12
3343
656
3
2368
3226
3178
309
761
175
4
30729
33
55
91
52
33
244
6
832
1062
8
2141
334
972
30
13
24
2215
2658
149
1411
7
541
142
15
2
9854
1035
2658
2533
75
3853
3465
4
6188
4962
484
3678
3
1165
7991
270
29
36704
192
24
6942
611
6
2
17906
7862
2931
16
3245
