13
47
424
3
2839
410
1004
3
609
22
733
3
1315
4117
12
3968
77044
13
2
2240
4
459
37
169
54
6
95
44
14
2
182
5
246
27
28
6
209
7
1062
254
10
14
88
1516
2240
7
380
367
13
100
3712
27
28
575
3561
189
481
89
2
3077
383
9555
180
9
1426
15
22
86450
27
2934
23
4269
189
218
4
2904
1939
1128
5
22
563
157
30
1743
6
10
11
28
63
784
3
9932
8
11
14
6
2833
392
19
70
711
4
551
182
100192
8
183
563
27
1673
827
189
2
2
201
272
31
7
912
359
5
105
195
20
133
147
84
4
34
131
136
147
6
475
2619
7
178
30
77
93
190
63
24
52597
4220
2805
186
88
189
1950
3
319
38
2613
6739
2096
7275
2
347
5633
4
159
2589
269
28
6
4
407
8
189
2005
13
3030
40348
15
27
1602
4
85230
9
259
350
23
827
104
44
7275
28
11
327
610
8
138
107
5
3847
491
7
382
11
793
3
70774
255
4
8
22
2318
30
396
25
136
37
42241
1896
12667
24297
2
189
347
542
4
2240
28
11
2399
343
23
27
2841
4
1094
8
593
12910
327
17
83639
25
18
8551
455
2031
4
140
243
12
2
2240
6
112
308
24297
28
7
40
208
243
12
2
2240
46
4
7
243
12
4
4686
182
5
81
46
1520
10
14
2031
7
245
1047
73
40
17
2
306
105
77499
18
208
630
3
55660
2
26318
636
575
978
189
14
9660
58
492
405
22
127
1401
27
3921
2
296
5
22
83
6
683
97
54
2166
56
5
679
296
5
4137
10360
8
90
58
50
1463
577
189
810
22
94319
30
12
390
4249
1039
244
4
28
189
13
21
47
5690
362
37
22
255
15
4262
394
8
848
27
146
2
25884
1134
3
2324
827
189
2697
308
879
5227
1993
70
6
334
5964
27
4875
575
978
189
4
23067
63
1109
2640
19
254
8
22
1549
146
89
41
2866
3
17
63
65
103
7876
5
629
87
26
50
2
11
243
10
47781
117
27
7
21
296
29
19
575
978
189
373
461
6
2702
266
27
13
247
2
16482
6
63
210
6
6761
3
189
2000
27
1512
22
2103
5
386
124
19
11
873
8
189
14
2
3543
63
46
1679
1375
6
352
5
20
18044
28
6
259
407
8
11
948
189
9
691
5
467
35
430
151
54
13
1940
177
5
386
4
4133
23403
14
131
136
768
3
124
6
386
11
28
1045
30
6
4
6331
478
818
52
1045
7
25
8
15
386
7
25
113
33
100
18
2
6331
311
389
101
39876
827
189
103
461
2
498
80
2
22
402
385
2649
6
413
410
27
13138
70085
208
630
3
1394
11
28
52
7
3540
60
3
118
2917
15
81
25
33
113
7
100
17
2917
15
98738
27
6489
807
3
189
767
6
10708
10291
81
3
671
4150
36
3
8453
15
89
6
3160
36
413
65425
42
7787
15
159
35
111
681
34
26684
651
27
28
7
113
26
50
41
5634
15
130
4150
868
65
476
765
52
33
14
3
116
699
2619
7
350
26684
28
20
153
8
11
7
21
1062
27
643
371
27
313
3
445
18
4
3301
384
5
22
8360
26684
481
6
4
125
7
1036
89
4
22
1401
29
7
353
2
827
189
267
73
88
593
4
159
166
158
6
65436
6047
6
22710
4090
1000
3
1168
457
2512
90
5
894
13910
415
524
15
866
3989
3679
146
38
107
83
311
2957
4
56
1224
171
189
381
370
620
1046
8752
23
24567
150
440
456
120
189
14
876
26
96392
2373
4
3414
272
90
137
2
58
97
719
94
9
63
6
164
23
8041
4
7
462
113
10
2
1955
454
827
189
164
87
11
115
524
9
222
1291
28
6561
5020
3998
802
5
534
70
9
1556
4
42
5
457
267
31
2717
25730
14
177
5
15567
4
2102
468
33
206
28
4607
76407
823
802
5
7923
826
58
97
6
2047
52
827
189
7
2061
78
32
34
17
235
63
5
143
35
62
7
11
98
29181
2831
116
98
827
189
267
8
16
67
406
28
34219
31
14
24212
56
6
457
3449
64
42
67
406
7
502
56
53
4
254
827
189
7
42
31
34
248
43
611
574
142
3
47220
9259
28
11
324
3
197
48
107
24
1946
72
3
833
56
8041
11
28
11
132
244
4
509
24
43
614
29
11
13
2117
5
384
37
827
189
4
206
11
64
382
65
22
1045
4
64451
124
41
836
41
92
9259
28
5
51
8386
16
37
7
242
2
2227
222
396
245
44
1981
7
245
552
575
978
189
33
72
396
7
552
10
9
1038
66
7
552
386
124
4
48
8
7
945
796
849
25
3
628
4
295
245
79
3040
457
4
8
80385
11155
189
14
149
1471
8
90
534
222
50
2674
3
89
2
209
8
14
3502
19
1191
194
11
295
24
2271
2321
4003
189
900
3
8967
595
114
301
254
5
95
31
50
10794
7
5703
81
83
2
3825
