26
50
146
36
229
3902
1077
37
42268
134
1436
8
2242
146
49
488
722
286
11
7
1526
118
6
552
15
89
2
333
1632
15
291
8736
11
7
2991
874
37
1949
11
13
3336
48
38
194
332
60
26
821
1126
142
3
49
2
39
249
35
158
15622
16
1174
198
12
5941
49
15
118
4
6574
2008
472
3
18
49
218
2210
2
39
249
35
158
134
56010
32
826
847
702
28
22
266
7
1612
1679
5941
49
15
8608
42
40
908
49
5
118
4
23447
3
1949
4
57
40
17
9
2813
1086
57698
347
7
867
405
49
15
49
12417
1222
390
8
5
51
7
118
28
7
21
100943
3902
1336
8
49
16229
14
3
17
13730
1399
4
8
11
914
420
191
1555
91
6
1949
11
453
8
2242
132
18
2839
49
16229
3
1765
45
9
89
31
1077
37
2150
254
49
910
14
6
101
40771
25
18
209
3
988
20
11
28
20
7
72
8841
4
96648
28
3902
7
1403
6798
4
13
154
3
966
15
1436
462
207
44
170
102326
7686
1153
43
56
154
6
4
332
44
13
47
1930
41
1385
294
8
6883
1436
11
134
57650
498
11226
16
1130
4
62297
75169
13
5857
2647
29412
4990
5
4549
39
249
24
2
236
120
45
155
3
93
351
24
787
4
512
5
2744
290
79
271
1702
3
2
215
35
2
42
1440
607
74513
349
177
5
35
2646
12
429
375
606
1466
87
5
2
345
24
1011
330
39
249
35
176
1007
1226
17650
28
8392
50
303
61
525
2
3459
24
11943
389
3
652
25889
122
874
1492
9
55938
50
3783
6
889
5
10836
308
6
2
418
6
4
231
652
25889
15
2590
6170
15
18941
1792
1930
144
158
1757
418
7
86
236
141
772
7
78830
35
176
3485
4
6143
18
3624
12
2572
23958
54
23133
103
35
2
149
2
6
2737
53377
1384
636
2088
13137
1235
8
30
245
18
64
354
120
26
48448
7
2
498
3933
11
453
50
424
3
789
166
1565
4
123
299
5
67
1780
87
104
756
16
1130
26
16
2486
4
26
40
25
476
3
218
38
66098
18
47
615
9
2242
4
4369
170
747
16227
103
91
191
1555
3
93
56
5
38
1620
4
642
79
2
504
4839
13236
2
6221
5
4839
4
945
19052
56
2
79656
14
2177
2
290
1465
261
8862
9
6706
643
4
140
438
74
27555
826
2498
1689
2794
97259
621
2
2275
2236
9
509
4
140
2458
4
489
89
75
11
40
276
89
41
82102
561
62
8
88
11226
6
39
249
16
1692
474
509
5
4034
31
3649
175
4
86
42
14
361
9
41
65
7
502
7040
9
254
12
421
39
540
8
221
437
892
530
1298
49
304
12
49
125
954
50
7982
82
15
42
1951
7893
947
366
378
89810
159
269
5
35
1461
530
59
331
3
641
9
49
2063
366
8
11
208
326
36
495
1201
2248
1068
12
49
520
125
641
59
350
1079
3075
383
8
530
28
95
148
50
21
560
32
37360
21
51
7
485
437
530
44
174
437
530
28
8
130
661
50
7982
4
51
7
821
28
7
2176
15
51
7
18
134
70
45
8
53
50
335
1731
4
146
3
21485
13998
856
5
125
11
1757
197
259
209
4818
2602
2055
8
304
1292
947
10
378
8494
10
1375
1557
9
101166
7
17983
304
19
530
3
3329
49
1530
37
2221
6704
5
2
432
125
783
20
609
49
3
7059
268
41
3775
1340
5
221
291
259
481
2158
8
11
14
4100
12
530
304
3
233
30
18
64
1631
3
1533
11
659
3
64541
221
437
7
21
44
183
37
49
304
3
70
166
4
171
2742
126
2
111
369
530
28
10
14
21
560
8
412
32
326
36
495
14
2248
1068
3
2902
11
28
53
14
1068
1201
61357
259
1533
122
530
7
44
53
14
64
416
11
659
3
221
8
7
21
183
2
254
11
134
699
3
70
166
46
54
14
173
5
3075
194
530
13
1214
21
533
2
524
12
49
166
31312
782
530
7
44
90
125
50
13998
1068
11
68
28
8
53
50
76
125
8
50
260
1068
8
121
21
18
47
326
12
4
11085
432
783
8
3990
699
8
32
13
1474
47418
1460
453
31205
68
228
56
32
12
672
9
16812
69
13
1751
15
2238
3
125
1350
2248
1068
8
530
1235
171
1107
6
194
5703
586
50
21
3707
2248
35
216
68
13
1094
95
5703
121
18
47
98846
286
68
567
57
304
19
32
171
22
2742
12
49
366
8
11
91
42
1771
530
28
11
91
1373
1771
4
12
49
366
8
11
723
74
48
7127
125
11
28
64
30
277
7127
125
589
8
50
21
41713
1404
1235
285
12
421
39
540
8
11
146
2
1437
122
4077
3
1798
948
33102
123
5813
1638
7
3524
12
4
13
207
337
3
3139
12
2279
5
1604
15
894
7
773
4
25
6
7220
928
76
45
16
254
149
174
223
95
45
26
146
732
251
100
32
28
23
60
53
14
64
337
6
130
384
3
967
18781
4
