106936
24835
7
8
51
50
1107
164
24
269
1495
7
2
3796
3
117
2
519
3
1052
587
195
224
8
7
12
1485
7
325
224
33
415
110
3
93
33
536
147
3
1205
10
36
50
110
3
1400
351
13629
28
429
12
55988
28
1495
4
57
158
304
16
2
314
9439
3
748
1052
2226
4
1052
5685
12
958
24
87305
26316
50
1310
10961
4046
26
68
18
190
1263
15447
232
5
233
31
623
8
2063
2872
3448
16
2
527
8
250
7
3671
3785
435
4
3806
3
10
1042
122
43
54060
2375
878
1388
8
233
303
9
9931
224
4
1738
2
3558
74
3
233
252
84
322
2
775
937
1088
5
44
511
65
72
8
1944
2
136
60
9
4681
895
3
2551
829
5
224
2055
4
712
106
102
80472
1495
4
63
617
71
18
1657
83
6
264
153
12
38
6629
8
43
7
1095
3
1400
351
24
358
4770
52
250
635
22934
12
764
2046
3806
25909
34
1400
351
24
1505
52
6
209
10
2
572
224
71
28
128
153
24
119
22042
1191
335
25
93
146
30
16
1428
1080
3
251
4
117
3
20
428
1495
1751
12
42386
947
76
6
233
403
8
71
252
7
3806
3
10
419
29
10
21
314
229
41
9720
6513
16
2788
252
6629
8
10
7
21
65360
12
531
173
10961
10151
165
2545
4
4
2476
5078
455
252
4
10
953
3
514
2
490
368
15
1036
3
250
11
1757
631
173
5
2869
351
24
2
224
68
248
3440
252
864
8
10
13
773
9830
3
3496
2
201
224
4
8
10
1541
295
325
42
451
121
2
224
17
1123
4
52
53
7
64
224
5902
34
248
3
1058
63576
206
71
134
265
162
20
153
8
10
41
253
8
53
635
17
2
59259
28
6
376
5
1505
11
47
41
3301
186
3301
4
11
28
8
600
23
20
173
16
1044
28
117
1650
8716
5
2047
64
162
6
61790
394
286
1495
1596
57
210
5
2226
1222
523
20432
8
675
2207
76
5
148
8
50
5175
4
8
10
1106
3
44
8
30
18
146
1418
99695
1292
43
147
3
319
21
72
250
29
10
1120
6
1505
3857
601
504
805
23
2929
26234
902
5
566
108
191
204
539
1476
1101
4
1886
2929
2856
43
7
260
998
527
5
1733
2
204
3554
2
2120
12
14645
1084
41
6
368
15
250
6
994
39
1052
1042
8
1060
4695
12
10
17
3822
13
434
2545
9
43
122
817
144
24
81758
429
263
238
624
7024
5765
1337
8
22
133
14
1791
250
1272
3
3474
1060
4695
2
850
2
451
204
7
2
172
9851
5
537
3
74246
8
70
68
18
2
631
40833
64
2057
121
30
5516
1020
12
250
2291
3
3917
1148
4228
4
1060
4602
802
5
1617
582
5
808
2750
1656
10220
28
20
153
12
356
108
39
3640
337
3
178
2591
1762
7
6
1654
3662
174
337
3
178
2591
1762
7
6
1654
3662
174
336
83494
82
12
5
1029
269
5
35
256
1495
3048
2011
10937
4
3644
232
2745
6406
781
425
8
958
333
13
1298
8
256
1495
68
1118
15
28184
63
10374
24127
6
4384
3
2054
706
4384
3
172
1762
24
3596
799
37
32
20
14
2254
15915
1336
6
310
86
394
3
17
1298
19
9199
2139
31
2011
2390
198
2591
1236
91
3
1020
24
43
4384
697
3
477
10278
9
74
378
66
9199
2139
13
47
203
1640
4
2591
399
101
1834
2
11
13
47
11877
3845
10397
713
8944
3817
19
2
264
700
992
171
8
60
10
13
47
451
9
625
1446
3
3509
1170
294
4
858
2
2671
2812
4
240
3
7009
2591
550
272
2695
161
256
1495
4
43
625
1446
116
3092
149
8
2390
198
2591
1236
40
18
64
984
12
307
5
2112
125
8
16
3312
3
78
69
10
13
47
131
314
9
2
241
60
8
90
43
158
697
2591
1762
550
78
32
80
13
6463
396
30
72
2147
756
2390
198
5
2591
1236
656
14
21
9
1370
5
3330
2280
5
885
4
78
125
1520
625
1446
16
1519
12126
26
116
8
152
4159
260
18
478
2112
125
2554
4
2
1637
9
307
26
68
116
781
808
40
218
3
2280
2118
5
2591
953
3
4337
4516
1762
40
21
17
362
26
40
147
3
7009
22
550
272
2695
4
140
14676
781
2326
4516
1762
1236
77
18
660
5
3155
1762
3
123
664
8
55
17
1219
3
1090
4421
7981
5
22
569
24
44
2591
1236
14
642
198
2
952
5
9516
4
31725
343
739
3
123
236
183
44
8
2591
1236
14
642
198
2130
425
8
11011
3202
2745
1762
4
13
2458
89
15
2
14746
8172
2
281
44
126
12
256
885
1824
7
325
12646
22975
7
282
65
686
23
9199
2139
140
12
318
91729
531
50
139
12
781
672
1429
782
104
343
16
25
4
2530
18382
1984
15
256
1495
118
6
1886
24
3
3195
594
223
543
9
2591
1565
1762
267
739
3
3509
23
2139
3
319
1762
1106
4
2665
98
7899
671
76
5
104
2343
18
897
8
2
131
4418
176
1218
2456
365
236
8
