514
190
6
14125
39
1231
20
49049
69
28
10
14
165
400
56
1169
12
57
1691
6
746
475
29
8
10
943
3
350
166
343
850
6
410
4
39
62001
1749
315
18
154
1138
24
2094
210
782
69
28
498
18
5600
995
9
715
15
2
943
343
6
2324
12
105814
88
1951
1749
343
25
239
324
6
500
878
23
2
2464
343
2773
19
2396
17958
1548
350
5
786
1713
342
537
194
10567
48
7
18
47
2
1927
79135
12
20
979
29
20
7
130
99
60
3229
7
18
90
194
8
7
569
2008
480
55
248
180
15
170
33
48
313
3
17
131
8270
6
20
48375
461
5
342
537
7
116
30
18
3481
74
4
7
116
4760
13
443
187
5
1124
4
489
12154
29
121
53
17
41
5
4
984
7
116
1741
15
342
124
1172
290
2
30
116
10
5747
24
209
8
10
40
434
2
342
2215
53
9
1096
76
1026
5
2439
406
12
1028
15
48
537
8
18
47
3481
121
30
21
18
260
855
1903
3
20
36
115
10
41
18
3
25
15
48
537
110
198
48
23
370
190
194
118
7
485
8
4760
10277
946
15
88
1130
60
118
99
509
52
25
140
62
40
10
434
2
342
2215
7
116
104
16
6030
194
7
353
1049
572
15
1008
25
7
353
2008
480
55
920
51070
194
7
353
131
507
20
463
13
47
2374
164
126
29
4260
52
480
55
276
180
38
486
4
536
11694
463
36
920
206
10
560
2054
7
346
10
4769
3
178
26
179
52
2
2698
417
2233
33
254
26
18
2
419
33
123
10
9
322
734
33
25
14
3
194
81
37
10
36
16
81
3
988
7191
461
5
108
18
48
5344
16372
47
9009
260
3
178
108
124
7
235
12
5229
7
40
17
2308
52
7
28
7
569
21
299
59
10
154
3
439
10
2868
507
29
7
569
21
2250
9
2125
7
569
2250
9
130
42
66
547
7
34
25
476
3
789
49
80
52
10
242
947
61
130
290
25
11
55
18
2
3077
2111
241
290
7
25
178
6
155
4
7
346
2125
1738
2
182
3
89
104
128
281
44
29
7
396
248
29
17
1758
4
488
25
2357
1825
20
3077
2753
79
20
108
9
51
25
11
55
2731
4
210
126
11
80
484
7
72
488
25
182
4
1671
52
580
55
276
180
2235
36
4701
7
40
3016
10
41
65
33
116
2209
5
117
118
23
67
1224
7
196
136
2
255
9
180
10
41
2209
8
7
25
14
20
9
130
977
7
14
49
3
244
49
290
848
6
552
137
43787
25
116
928
60
7
164
30
821
47
349
3
2
342
124
370
126
928
72
928
30
55
5275
20
475
46
2794
9485
20
7
4
2632
592
883
50
4685
99
131
241
350
5
27
118
2061
140
11
93
3
296
102
88
1536
275
7145
94
6
352
7
113
1140
927
40
18
3767
27
4
928
80
494
145
23
2
60
59
70
3212
14
160
75
66
5
71
3750
10
7
2
592
5
119
70
74
15321
2674
698
51
18
296
20
133
9
568
27
3915
2
2674
4521
5
58
97
4
517
261
144
36
15
86
11727
4
103703
144
24
136
5
202
698
6
132
5
7
14
131
14286
37
67
1684
10
72
7
313
73
30
77
972
168
698
2496
6529
48
422
585
46
4
48
1493
422
585
46
5
43
211
152
1785
1334
4
2464
2077
940
2718
108
356
444
1344
4
1887
5
372
1450
30
50
5288
1730
56
4
10
14
1567
8
191
8
17
50
21
110
3
329
3812
101
93
2
389
23
1485
140
27
510
10
14
490
3
123
10
1638
29
22
300
12
487
70
3963
105
3622
4
506
828
1498
2
12975
130
2247
1805
878
109
301
14
8
11
13
103
148
110
9
89
8
50
1428
2244
46
11
7
2
3316
4
11
7
131
131
1419
62
10
77
505
156
2
417
7
6
2
423
3
17
485
11
396
17
1730
56
5
152
4
11
115
147
246
5
1536
812
674
6
209
152
3184
9
1557
726
89
3794
2281
3
93
22
519
56
580
12
3812
101
77
18
28
2661
183
148
29
30
40
17
876
79
67
2566
80
142
6
878
5
10
14
1567
27
14
21
112
2162
202
94
828
7
21
848
6
130
21713
59
11
1511
103
1951
2108
5
58
88423
3726
9783
2674
3
22
1401
2022
10014
4
18439
10552
140
53
672
1146
7
627
33
8
7
136
6640
65
3514
29652
46
7
242
3725
4557
98533
1824
27
1197
31
19
107
7
1776
18692
10
7
5
376
1050
5099
3
367
251
769
3
209
8
480
7
1048
87
5
1428
4353
2901
8
1048
1947
5
480
73
98367
230
748
22
737
2
30
48
116
1479
16
72
73
1663
765
4
10
946
723
56
8
11
2607
837
6
119
157
239
282
65
580
765
4
11
14
1095
3
44
51
26
697
3
485
46
88
5
48
119
400
674
29
68
119
4
22
2314
223
119
2820
225
14
