15
202
2153
29
68
22
83
2120
171
30853
1111
11
28
10945
12
2002
40
155
61
203
22
252
11
653
8
122
11
144
12380
436
642
11
40
253
4997
351
642
9
172
8581
171
1505
15
27953
130
240
26
415
377
83
11
28
12
20
153
29
19
60
10
2429
26
2548
155
16549
453
50
110
3
3684
40198
8
51
7
73
3
93
4
149
431
9
10
29
24
2
3594
7976
10
110
3
93
8698
4
6
130
737
1111
9
1419
34
155
61
86066
75
11
134
390
3432
5295
128
153
8
11
14
615
23
1586
1699
965
11
134
2234
575
98105
8
11
13
516
6
461
5
30322
7
113
45
18
3
93
41
11
28
122
4768
69818
918
3
160
11
28
33
147
6178
575
229
10
2
436
240
120
33
415
110
3
120
33
116
33
415
110
3
2429
29
50
110
3
154
61
15
86047
1356
301
16
1483
15542
3
90
5
27
86717
18
653
8
11
1646
13069
90
289
114
79
1017
89
4
34
160
22
3614
370
11
13
3
922
3
2
2100
1606
805
5
257
24258
623
7
3678
51
5750
3091
74
2
595
2694
296
24
480
73
690
31
1118
3499
15
10015
1301
5
222
2974
854
128
153
3
1643
62
3
93
4
679
94
79
93360
26297
4
5745
3
2751
43
15
19516
5150
690
28
3663
152
5077
43
24
148
8
611
3343
3407
49
6290
23
4
343
12
429
59
843
24
12082
4
297
103
1831
528
331
49
3
2403
3719
2131
246
4
21
1205
1531
24
1276
4
649
940
7
569
25
1650
5
145
69
2308
37
180
7
569
1650
5
10
32
4373
411
3
2578
4590
5646
32
1007
28
94
13
21
533
2
670
24
649
4
1276
940
1317
36
1450
32
69
6
209
13
21
495
98
246
995
24
649
4
1276
840
2
8
40
1834
85
77373
388
2
44
2
12682
126
2390
3
2
1321
2
5
71
254
7
25
123
42
24
649
56778
94
115
10
13
47
102
141
9
66
44
12682
29
617
71
2222
24
526
4
909
5
649
840
207
6021
5
1276
123
74
258
4733
24
112
3147
29
71
106
9
19402
694
200
8
243
591
6
3147
5
273
649
12682
2
78
106
102
10
11
34
96
649
840
513
3
28042
39
262
6
1622
694
157
147
32
1533
2
19
254
7
569
78
32
4
7
1507
20
519
2
866
171
1331
289
2
35
32
517
19
557
1398
173
32
2
14
2
411
3
71
83
2
8
28
7
569
617
71
7
25
123
246
24
649
840
36
197
2686
4
7
635
329
81
1365
160
2564
161
32
4
71
2222
246
24
526
4
909
5
649
840
171
69
184
3
456
9
7094
356
71
2222
4
32
2222
184
3
5591
32
69
13
533
41
65
24
45
31
179
9
95
840
184
3
12082
32
69
383
12
429
8
145
13
533
4021
5
24
183
626
2628
4427
32
310
269
411
3
2
19
2158
8
145
196
13
533
246
24
909
23
649
4
1276
840
140
2
84
161
135
94
6
237
2222
1531
24
909
5
649
4
1276
840
4427
28
30
18
21
908
387
145
5
118
8563
3
649
4
1276
940
12
8
1631
1183
121
11
44
8
5
6907
1025
305
2
2
23152
23988
827
189
172
2081
4926
89
2
2
2658
43266
638
193
4
22
267
3841
89
2
2
4155
11601
31
8380
3
135
1042
9
47443
2790
407
4
11245
518
15
114
305
970
4
38
2512
16
5146
1136
520
167
501
382
357
3
44
136
183
148
8
5822
387
24
410
7
2021
4
102990
38
1093
167
305
970
18
1615
533
2
1128
56
5
138
27
5035
75
205
5
424
4
2245
3
13784
6682
202
1158
662
7
84
1065
1892
12
305
31
7
388
2
2
2492
4
1310
809
42590
368
175
222
4
492
904
5
58
88460
330
421
402
39
185
6
464
2330
832
34
243
39
2764
12
2725
126
2
150
1263
15
186
65
258
153
3
155
375
452
1551
305
871
4
767
16
20780
37
22
185
788
29
6
257
26
44
8
11
34
21
1061
167
3679
305
793
3
1406
3
1187
15
1169
43586
188
3623
511
65
520
75130
6
2
69
120
27
891
4
193
18
11515
12
1594
5
38
13545
13166
4
93244
10800
305
11360
997
1328
41792
21
2
5834
57
4
95
520
167
793
3
93
1676
28
964
2823
4944
7225
2
305
267
29
1025
305
7
8
2943
1390
222
15
2
519
8
11688
9
2
182
5
103672
5
88
15829
167
12
305
321
324
20
153
6
729
5
2
2471
339
24
319
627
7
2
996
1317
1017
193
985
259
25895
570
2889
5
63
71
6368
487
683
200
305
370
1439
4
3411
24
407
6090
3
276
305
2
60266
78839
90
58
305
2328
7
42
5
22
325
2920
94
2402
358
37
19940
2544
4771
3282
8151
4
8167
11
234
1173
4
1119
2604
2387
65
88
58
20410
120
76
137
4
3890
36281
57
137
9469
4
3761
46
3623
707
3
95
7470
23
617
71
19
58
6
1025
305
13
