31
392
293
657
9133
109
634
62
1106
25
33
488
852
6
108
5
270
657
9133
109
634
657
12
450
698
9133
109
634
657
956
519
3
652
9133
109
634
11509
663
43
12
558
10762
663
43
12
672
1079
5063
468
5580
3104
33
244
6
35898
15510
100
19
2028
7857
109
53
14
2
838
96404
20
736
12
390
4
59
10
14
74
15
350
1079
5063
146
507
5580
3104
14
1257
3
6374
407
608
15
5063
1222
159
39
249
312
1600
8
11
7
311
131
136
23
128
153
1109
1964
3003
1478
59
78
32
365
2
281
16831
6633
23
89
33
1492
73
19862
1162
42914
4
67
3104
28
32
121
17
6
1086
4
2149
4
3803
25104
29
59
5580
608
424
3
4953
5063
4914
89
4
28
11
122
11
230
21
596
15
335
221
146
3
21
496
32
15
98
3811
59
10
324
3
49
125
783
3104
14
3115
3
96
148
61
235
3104
608
13963
37
76
7552
8
13314
125
1768
4
8
14
59
5063
1730
89
83
15
42
368
130
478
290
87
33
219
25
3041
4
48
5
2
3808
33
219
6
15510
4
209
16
48
74
236
2
52
11
13
47
6805
362
3104
140
2338
3
483
631
37
264
1260
8
887
2676
34
691
19
2
136
2
129
6
2
2
284
87
162
163
20
83
58
100
6293
3689
26
516
3
4595
81
4
26
635
179
15
162
3
1729
98
5
255
8
26
77
1729
5063
14
990
9
8
368
196
4
285
590
79
22
2428
1981
8
2
2921
5
4097
26
392
10
586
26
642
56
2082
144
59
10
14
74
15
33
77
468
19
234
12
5580
322
8
11
1077
11
13
72
47
15700
928
27
121
7813
3176
6771
3104
17
42
5
22
1046
2945
11
245
11071
23
10
164
161
177
5
407
1468
806
880
2300
14988
37
2028
7857
2028
7857
7
2
795
810
31
244
6
5100
2
232
5
751
274
11
13
773
6
662
5
5930
2571
4
105
3621
22
2986
16
2150
3282
686
4
5319
11
178
6
1770
101
4
279
9
48
3
137
51
765
11
73
3
863
37
833
56
22
2268
23
13
47
103085
8678
159
390
39
2936
63783
14
1118
15
2
12761
743
128
747
11
14
27897
2
989
1028
44
24396
12
503
11
14
867
6
725
5
2
787
11
1181
23
45
11
13
2
7074
29
11
14
631
4
1601
14
78437
343
350
39623
85868
8678
4
220
1070
20493
50268
1226
939
3
18
2
4105
60
5
10
197
259
1079
1477
481
8678
536
2846
19
36495
5921
36
714
21
314
12
62
2
4231
179
340
17114
787
23
42
90447
255
4411
51
76
137
2
2
255
15
1028
44
5
264
11097
80
2
840
5346
4
73
5
130
736
7463
4
64
967
524
19
3
25
51
26
55
9
1473
51
26
219
377
115
313
3
869
3
82580
6
2
2
676
102
955
1831
4632
1028
44
13
247
2
89977
3931
7584
9
840
586
444
401
1269
481
6
4918
5
622
24
12680
5483
3
90971
1660
84
91
1063
3
2472
37
38
315
3
248
888
89990
21
445
25
59
135
117
24567
5173
3504
796
538
198
1212
4649
3715
484
220
6
75
51
14
140
1375
43
649
3214
3029
2
1342
4231
14
21
12
22
634
322
15
18247
806
5
40029
4082
4
12170
740
3
7951
61
649
7930
15
6061
11
697
3
858
2
902
409
105
675
46
409
133
4
55391
2244
1977
7
8
11
14
99
417
3
137
105
2180
5
6691
8
10
77
17
91
3
4308
45
9204
6714
42
5
3424
5
99
1028
44
28
75
5173
439
6
11
1283
2064
175
1349
6691
139
4
39
3060
2744
4
2455
139
1138
4270
7
8
11
14
99
4
88
344
3
248
43
858
2542
175
1831
594
4
1635
76922
773
5662
169
45
324
56
12
1063
109
3
712
459
1239
4
1622
13423
337
1028
44
773
7
8
10
1635
682
5173
28
354
14
56
53
4
1663
4578
10
7
697
2
3815
19
25
90
45
8
629
40
44
3420
5353
45
299
37
99120
21
11199
1831
1250
710
14
392
6
1622
538
309
14
893
6
4
7165
3108
309
14
893
6
6
2
133
120
742
28108
1399
13
1693
583
186
65
2
568
126
2
58
63
1477
569
1909
1355
526
316
4
1053
8
40
870
428
5
3339
61
39518
80
2
1028
1296
2020
61
2
241
1411
2215
303
2570
66
394
10
13
247
973
6
76
2005
3
863
25635
5
1831
578
3
2898
3
2375
5
4429
1675
100
9
35576
5173
481
6
10
7
4460
8
166
385
13
12356
8
39
1686
18
1692
769
8
2499
694
771
4
414
844
18
19045
52
21
2934
56
166
594
74
62185
4429
1675
245
14
2
4429
1675
5173
14
1471
127
1698
5
574
6
29
1969
13
97062
77
653
8
53
13
47
64
372
1831
1053
170
59
63
575
3561
189
1355
2
200
2045
23
3230
5667
3733
39
4812
481
6
75
265
1485
51
40
18
47
2
5080
200
12
2276
2294
270
1831
578
7
5460
1708
8317
4
282
2556
65
10
14
