266
6
79648
7
11035
86
372
1889
4
288
43165
28
143
35
7
2154
5664
6
890
754
4372
54
7212
3039
6
2276
2294
19
41
65
426
2
31127
5
3570
40
17
2
372
5066
9
51
14
6918
2
99
1519
450
754
4372
4170
161
1419
4
1237
226
3
15433
6
691
6
4465
1276
2294
948
9
2020
89985
3
515
27
28
11
943
3
307
2
2671
188
1467
6
103
153
11
28
10
40
4503
557
48
5
9286
2
3729
5
554
683
243
6
236
75
554
34959
40
44
10
2548
17
349
3
2
4006
5
9286
9286
7
2
131
1322
163
54
13
2178
2
131
572
320
27
1757
39
249
1143
68
28
11
2395
2
1130
554
2833
474
3231
4598
940
11
28
3231
840
50
16685
422
13426
261
367
395
30067
68
28
11
1409
14
2
58
3
573
43
227
1157
29
28
11
7
21
4
1809
5
593
1719
5022
107509
21
2
417
8
113
5022
7128
7
377
2
572
262
7
505
3
17
2
38695
497
417
1520
2499
4258
10
3406
573
54
55
505
23
76
173
11
28
1197
8
2499
115
313
73
10
1352
98
94
138
27
628
171
2
69
712
6
13417
65245
3
22
4167
2120
46
54
267
6962
2472
2
2
3945
1099
3
78
32
46
138
27
492
2052
296
25
1037
1143
280
1662
2728
240
3
3840
2
159
2506
2818
1120
4
575
1667
715
1286
2
269
5
2589
121
11
192
60882
11341
324
12
979
27
69
2
1435
1719
6
132
1586
8604
5
90
31
1047
22
352
15
2818
46
4
5669
15
521
2560
575
1667
2
4
1253
1604
5
1667
715
2103
46
10829
995
15
98802
287
222
2120
4
1187
5
492
90677
7
831
3
137
62
2
59962
2506
2818
1120
40
1354
156
2
1951
423
6
4
252
1714
19
2
2126
192
12476
173
1459
8243
51791
134
2143
5
27
5007
655
9
2589
60063
3
421
402
703
27
2184
6
817
119
111
13
21826
362
3
870
3637
2765
232
4
2958
19255
655
5
11341
9
2589
333
28
11
1612
39
1369
498
1079
891
9
702
257
4
159
39
249
312
1600
5580
3104
9
1860
214
60072
13
5
376
2437
306
315
6
3580
895
78
32
1037
807
3
2266
4
444
401
698
4
1847
3
14332
58
499
2904
8
3623
3
3466
638
193
254
6
42
21613
116
756
23
2506
2818
26
18
896
896
302
74
89
72
73
26
18
896
302
74
78
55841
3242
383
59
27
1900
6515
3242
715
1286
4
7033
2
1435
1719
8
11341
13
1274
1928
1373
60
3
1193
162
211
617
71
4
1216
57
65
78
55746
31679
22
4781
2266
1950
1190
46
4757
2812
27
366
1525
3
8275
46
11341
773
23
2506
2818
9
66
2685
86292
493
1847
3
10
1911
19
27819
151
6
4
84
10
12
27819
979
122
68
2177
2
802
4
582
526
5
23215
1035
2103
2
432
1253
1199
15
2
744
12
4298
14877
2464
2077
73
49345
11341
444
401
807
25
1474
27
267
362
3242
715
1286
1243
3
575
1667
46
4
16
32
1998
46
828
43683
209
6
461
5
941
1667
13
757
591
6509
450
356
19
12127
22
2075
5
18488
5286
451
46
4
544
20
66
80
1098
15
57
76
169
1885
3
4308
1499
4
602
3
1287
138
101097
7
2
1604
23
1522
446
15
4
3276
4
131
1516
554
1753
27
28
993
1825
11341
79
22
69
11
611
1871
576
4
5688
3
2
1749
559
8
34
685
58
97
4
1292
1287
78
55834
27
69
1299
19
814
4612
28
11341
13
1274
773
15
371
27
6
2
402
2543
4
611
22
5688
6
1435
3
51
34
17
4
1581
1516
1749
559
9
58
88484
402
1829
828
611
12710
17999
6203
79
1765
12
2811
104
829
37
919
175
27
4
11341
416
159
1243
3
77661
287
90
15144
24372
78
32
2
10654
15
70
6953
27
83
1190
2
2
1143
15696
161
38
9197
5254
4
2781
7326
46
774
2
7267
5
62677
33
1386
3
106
12
10
40
17
12758
3
319
6
634
17906
69
1246
46
24
98
629
46
86
3274
25
136
350
46246
463
1910
939
12
361
34
12607
4196
659
1528
948
993
226
8
7
1511
4
207
272
34
17
2837
5
95
34643
35930
4
34
12595
763
81
4
900
3
2759
98
20662
5
81
4
1271
11
34
19
4
19
1463
491
8
124
7
72
4
34
1056
155
9
282
3515
11
2305
75
20
428
5
9445
18113
82
963
12836
333
884
2609
817
797
1460
23308
336
2
217
5
209
1539
3328
4
2446
5
293
1192
430
151
8
313
3
18
1603
3288
4
184
3
159
221
14700
4
1835
5
150
214
3864
902
84905
37370
13675
13
5579
1083
124
940
59
10
154
3
1192
430
167
10
64
696
8
92
36
191
8
17
16
646
6
76
107
1877
36
729
30
380
388
20
15
3288
4
1193
799
8
18
807
81
3
43
625
1446
73
1654
30
380
68
388
2
182
5
5695
2057
2274
430
167
8
1959
12
416
1074
13
3129
727
5
70
45
3410
10
14
4
958
262
82
2
1357
1967
1273
5
199
34
62
