3
443
2449
3169
1003
4
80454
3514
108119
46
2
141
1051
23
2822
46
13
228
9
558
3
873
682
4
294
19751
136
73
1164
4
1395
25
260
6
917
9
44
2
436
972
777
40
627
3
800
2
62305
13413
39
1429
576
223
57
99006
104
1154
313
1598
9
84
46
4
6
5504
1131
4910
16
161
131
626
4
239
186
4145
52
33
91
558
3
656
105
39
803
42494
24
172
1030
3
88
264
8
1244
6
29646
5711
203
1954
19236
113
37
17692
112
558
2979
15
39
24
3549
765
2517
68
13
2
39
1312
12
39
333
8
521
4
222
73
325
123
2
21873
23
76
1030
24
112
1651
86684
8
2
451
467
35
10793
326
793
5
589
5
1127
3187
3965
12
473
75
92
163
3286
312
72
311
24
3691
6
51
42
43
215
158
3032
14
2
431
1049
136
87561
45
18
3649
6904
401
5
3965
2
589
5
293
1145
1940
531
1127
312
936
76
4
1454
110
15327
615
9
1127
92
925
4
176
3
296
56
5
42571
18
47
3387
6
401
5
3965
82636
24667
2
1007
9
7134
8693
92
134
1472
39
473
293
1715
91
1660
11179
1502
15
2487
4
1863
3154
3
8121
312
75
153
5
838
6
26417
743
6
312
7
1428
2273
24667
28
312
7
6
131
572
68750
1656
10220
802
5
1617
582
5
808
228
293
1113
2
718
5066
9
161
312
5021
4
1127
214
65635
315
34
84
17
633
3
7651
312
10220
1757
431
9
3965
7
1049
136
74
9
84
2
43
215
158
134
421
39
75
293
15337
8952
1127
839
3
123
302
5
312
102333
214
163
3286
38
7134
559
456
6
3965
3853
1293
312
462
1139
6
293
302
184
3
43
158
31
13
388
759
625
181
24
93561
53
50
2
529
217
5
1127
214
163
5978
3965
88
925
3649
75
293
1145
608
38
1137
12
312
456
540
1293
405
17116
4
5151
1660
2763
19
43
215
2
1321
669
43
215
158
134
421
11350
1127
214
163
50
1439
56
19
2
136
2232
163
158
1757
4521
1219
2
7234
3258
8
608
15
2
1564
5
293
708
1198
4
54
4737
2
2938
2083
3
3691
92
4
43
163
1930
9480
144
12
473
5756
2797
9662
12
312
76
311
652
5
1035
6
2
1272
3
5918
74718
401
50
13015
473
15
281
45
31907
56
5
38
308
3
234
9
686
184
3
103
1440
1123
19
97978
1261
1404
50
20798
308
5
8872
4
9301
17623
774
95
24
529
1109
3017
47084
2311
5
894
26
3845
37
1440
28
1261
30
15327
15
590
5
1532
9301
19504
308
4
1364
2714
19
2
9301
2292
2797
508
2
45613
50
7932
36
100094
1440
957
3
693
310
12
999
5
3269
87
26
3976
13993
19
81292
32735
2
1007
9
3650
2797
794
2856
92
163
134
2354
12
473
8
14426
10658
163
18
2511
61
240
9
2
3965
16862
6
2210
15
92
28619
34
2201
20
7701
1809
32735
2491
11
7
21
4533
12
240
36
3613
5
2
58027
441
624
2750
13126
60551
4954
3
3691
12
2
1066
1134
9
956
358
15
1127
18483
848
5
3965
14
2
3126
1287
9
386
214
163
4
215
54
3649
2
293
1405
5442
128
11653
423
5
9301
163
640
144
5
2743
1619
2377
24399
4319
19
1127
163
14
7219
5
226
5544
838
102
293
211
848
5
1438
59
4408
2397
1127
1305
14386
24
19353
2547
839
1293
419
4
57
3449
405
9
430
3
53681
3965
540
2484
10609
401
2
556
158
425
1261
1328
56
687
936
5
1127
214
163
4
1092
1141
339
822
17116
1498
4
57
2461
10053
56
5
3965
15
1305
12084
1939
38
71898
13
2721
24667
2
1007
9
8693
498
5
7134
134
2354
540
312
14
1139
533
215
7
65317
466
59
838
9
312
2229
10
764
695
30
1181
8
45
18
47
489
161
1092
4
215
24667
1757
678
77
21
17
5833
1298
29
467
35
1261
18
6
268
489
889
5
1092
4
1305
6
3201
5
38
372
104076
1543
7
1471
5
181
8
25026
5756
2797
18
47
331
19
386
1032
624
3
345
431
3
123
142
3965
548
250
441
624
1452
6
3691
270
9
358
15
22
4120
6
51
152
7
791
4
1924
38998
331
52
43
215
943
3
443
10
2278
6
69
3
1287
293
669
43
215
158
28
1127
18
3
14
10
41
65
30
14
4065
2292
3968
195
82907
46607
28
90
3968
1145
210
424
3
1361
312
4
38
2484
50
17622
6
401
122
57
13
47
3110
6
13041
1399
3965
1600
46469
46708
28
8
41
65
1092
4
214
163
50
489
74
268
103
44
211
1168
5
176
4
57
92
267
350
550
6
401
36
38
308
525
15
38
7253
397
4
57
347
39039
5
35
256
1495
876
6
413
1926
228
3965
2
809
5
924
9
1715
29
28
11
14
2084
8
293
1113
77
17
2219
6
541
44
1495
68
28
8
11
13
241
28
431
102
1261
151
40
17
2
241
42
4
8
10
40
17
1191
6
7134
2897
5
701
386
120
1127
214
163
16
21
1326
13423
2743
902
28
540
10
13
1535
80
1619
6
