5435
6750
6
216
5
279
4
2906
284
7
2
356
2
2162
82085
1115
8
1220
2855
3
226
267
4
1282
4286
48
32
7
7
5337
177
41
1646
65
580
765
84
8
1115
13
16851
61
889
5
169
5
670
6
1977
4
57
14469
8916
385
4
9410
5435
474
227
92
34
25
476
3
789
1115
4
10
1424
2770
5
715
226
105
213
147
2
5329
3339
24
172
3
1932
3872
32
100
12733
5
356
2
2162
635
160
999
4
3243
8
392
32
100
36858
5
1278
8
34
633
11426
56
3243
8
146
32
100
12733
5
1278
161
4878
1109
6
39
108
109
300
204
13
784
3
192
2000
3
143
226
399
101
1133
63
657
14
3767
19
7322
4
11215
6
2
106
19
700
257
3971
12
466
9
99
60
170
10
11674
6
204
34
21
17
2
232
5
700
399
101
1133
9340
75
118
4968
3767
19
11215
6
2
106
41
65
399
101
4
28
528
13
956
700
80713
3
106
204
198
1133
87
5
10
215
144
3
63
3358
3530
171
771
6
278
709
1213
12
57
435
14
3198
5577
640
1187
24
399
101
528
3197
181
709
1213
2957
168
2312
785
15
106
4
34
929
818
12
9340
2856
539
2181
4
386
9
235
258
66
413
1802
11843
2485
4
6975
50
2331
24
1241
151
1621
4
3383
24
3087
157
4
8965
4
43
4
1886
34
929
701
3204
54
5681
701
730
4
464
157
74
235
461
54
34
128
175
4
2331
232
34
17
123
15
28629
700
158
423
12
844
4404
231
108
2
149
2
1432
648
5
232
35
85
365
236
102
2
7700
5
1187
24
12204
399
101
528
31
44
8
616
13
47
8073
19
9790
991
615
3
8411
1187
4
1590
38
83
1022
399
101
790
4
3598
414
981
2
1617
304
544
20
66
5543
5089
9
4
6997
433
5
1713
6
1739
120
10
13
1535
2
1687
69
102
4828
1405
170
54
13
2989
6
439
5
61
3
1092
103
528
228
9
709
1213
2
232
5
9340
170
10
14
392
6
3
17
3199
82
3
64
8749
709
1213
91
10
191
6
1133
3
1365
4
620
3392
79
69
128
205
122
719
2
1516
1469
8
236
1445
5
2366
399
101
1494
6
435
5
10
767
6419
5052
92
709
1213
1328
56
3387
8292
128
66
82
1522
217
6
103
568
4
7
12
905
3
2642
217
20
66
1282
5
991
18
465
322
3817
122
225
25
21
2305
9161
4
1770
1190
6898
978
69738
27
192
36
689
4
6
130
384
53
7
136
600
11
55
192
11
34
549
405
2
2527
2341
5
443
1217
4
665
2638
54
11
13
3538
7979
61
6
316
3
123
744
198
22
648
82
648
8
34
1671
639
4
34
2208
80
41
246
23
26568
20
91
5
1775
3
1159
400
674
4
6225
61
144
9
402
3534
7
2
547
2
70
53646
13
9350
61
2630
102
1499
4
602
2
1290
5
70
5
1499
11141
7
24475
602
19
6443
9803
8
26
16
2357
5
48
359
5
512
6
209
1311
13
2721
6
43
170
341
321
6
268
66
487
13
8854
654
62
8
602
2495
186
512
65
18603
10
7
490
3
678
56
206
99
95
31
25
321
18
2565
16
2250
5
118
4498
25
26
319
38
4634
1622
29
41
3588
4
2902
3
51
27
1532
602
16
67321
31
18
533
273
664
5
1293
308
3
4166
271
26
16
1264
2500
3
2220
4
465
611
15
81
2
306
224
5
399
1035
2
9
262
602
16
4892
81
24
1553
1284
26
16
377
382
262
65
556
15
183
4499
27249
8
87
26
465
25
18
2
201
2333
959
36
396
2301
3
484
83
29940
262
2638
102
602
27
13
12070
7
292
12
2
303
5
659
659
8
16
1529
1407
3
17
9002
29
10
7
2
334
1598
8
20
2638
5
4091
34
11468
442
1112
505
27
13
398
28
4
3997
3
70
239
101
15
22
1116
1736
6878
4
465
72
42946
1775
11
13
6494
7468
7467
6827
4565
4
57
5211
528
562
3149
5
2711
13
47
1397
3
296
9
265
4
7
7087
3
17
27
911
267
20
18245
34
17
490
3
243
142
79
10
13819
27
13
1397
2638
9
449
6
43
12
4
1871
2004
2638
9
449
13
260
47
2697
2
2
500
1467
19
58
97
29
26
16
1722
23
275
2
334
41
5721
37
10
52
27
55
2220
6
13773
102
11744
11
55
140
2065
3
5210
102
798
5
43
12
42
6369
36
190
11744
16
86
5
67
684
53
7
340
98
837
5
81
470
74
133
36
5494
38
665
141
4
88
834
154
24
239
101
36
24
2799
21
24
18603
11744
27
267
18
260
3870
83
2
3009
6
410
18
4645
449
4
15157
650
471
2521
26451
48
74
133
4
76
14716
18
15369
834
102
449
27
13
274
2
2341
5
4736
9
225
4
2
11422
17426
11
13
75924
225
4
4242
7339
23
81
11
908
3281
1508
5
118
12
49
1088
59
11
331
89
2771
194
11
5535
37
5256
4930
19
9708
22
519
7
8
225
121
