45
211
258
3923
50
76389
4
1626
874
1480
23
275
57
45
466
2519
5
1243
3
467
35
151
13382
41
50
3845
6
4081
4
103
1480
6
1101
6
4
13480
4370
579
2
15061
429
6
1268
3445
312
5
103978
2519
430
50
489
4
2
667
14
2481
6
8
2456
12
2
2519
430
16020
4
227
11320
1728
2264
6702
16604
28
466
8
1211
50
474
509
5
5759
2
240
3
959
176
12
401
36
6
38
85458
874
50
3843
9
41
1211
466
4
277
378
12176
537
211
13183
1137
2692
6
41
65
2
1168
2456
371
2264
6702
16604
6392
55
21
2216
8
30
1480
597
6
20
151
11
32537
874
7
21
276
829
5
45
3845
36
80
95
489
29
28
88
50
3445
55339
874
1751
8
809
5
38
5683
13
64
508
1335
3
128
153
167
6
4133
65989
13
388
2
774
529
217
5
45
1166
1715
6
278
4
7
1375
3042
133
6
730
2291
3
684
1849
28
2088
12195
5
11723
414
456
9
763
5
10375
11
1181
45
18
274
4081
3
431
15
467
1277
151
6
278
4
8
5
81
18
2283
70463
730
2680
13
2323
2
4175
218
9
595
6574
5
258
890
68260
890
1554
266
28
23
275
45
50
1480
6
11130
2456
6
418
2377
45
2374
3
42
5
81
82
12398
5682
82
31
897
807
3
467
35
151
176
158
544
134
2354
8
26
50
1279
61
3
776
595
44545
7
23
10
1522
834
3152
446
4
176
5250
15954
326
329
1733
1489
75
2
1198
447
1489
42
5
363
1046
1489
6
890
522
1163
6
1268
1101
4
426
3
28133
6159
176
1480
103
471
466
736
12
3760
5
4841
1145
9
467
35
151
6
278
1554
28
176
379
2025
6
5472
2456
12
5452
8
50
177
5
2
81880
291
79
2
151
5
2121
63817
1495
1134
3
1101
324
75
71
252
2483
9
21
1172
2
18308
4172
3
540
989
712
6
890
54
2396
41
65
169
45
3
3414
98227
3295
5853
1495
9
2017
144
254
33
821
47
944
1570
5
4
5164
430
167
12
2202
33
116
51
10
242
9
2
133
570
30
327
346
2389
31134
2
1321
381
3
2981
3295
28
1101
7
5146
124
102
834
4
34
21
142
83
24
10
414
215
559
102
467
1715
6
386
4
1837
1802
1101
2574
106
20
153
3
2372
1619
102
467
35
1715
6
13797
3445
2456
12
2
159
11159
14
190
10352
527
8
1083
13
28192
1037
79
730
7906
2
214
163
1498
102
1261
76
5
31
132
17
31164
24
5761
6
107839
291
13
739
149
126
128
153
7363
6
890
29
3445
874
16
6906
615
9
451
1243
175
2
272
26
1480
6
1423
312
5
17979
9
713
506
6
537
4
371
5682
31
489
378
45
6
7763
103165
57
426
16
68
646
6
4175
9
451
6574
3
5682
4
3923
31
1511
1458
1045
10189
4
28
5024
5024
1045
897
3642
3
1109
2144
6
1739
5682
3
467
23
1171
399
16
2386
613
32861
122
7595
218
3
3891
4915
31593
6
53
23915
770
73
7595
67819
12
1756
6
4
21666
662
204
7
91709
3
5949
47345
15
2
4129
15089
539
83955
4
250
34
671
53
177
196
10
635
17
20
66
10
635
17
235
66
4
253
21
80
29
19
86038
245
572
7
28780
3
505
963
2
339
519
4
2
518
15
152
526
46
29
165
64
310
724
390
138
27
39
374
9024
134
58
97
1950
23
2
18742
4040
164
12
429
8
1143
1158
7
41462
177
8
11
47
1568
4
7
990
3
179
15
202
3
2769
2
2
94
268
3393
41064
311
351
6
28940
1331
27
134
22
267
58
213
7
1502
4
58724
7
6506
1451
58
150
369
4
10
232
518
164
20
153
55
26
3004
15
27
4
4220
3426
31
13
154
20
349
3
817
127
499
15
2
69
4668
1892
12
1234
837
23
202
158
4
73793
2042
27
669
871
4
2
1927
58
2108
28
8
27
610
1972
1160
5
69
4
7
1080
3
63299
1283
8
148
16
12805
8
51
7
101
3
483
69
7
2350
107
33
2749
69
2042
134
390
429
330
75
11
1118
15
2044
158
24735
2042
7
21
14
3
251
476
2
17764
175
27
4
202
492
53
64
337
3
18
2
18159
7
242
53
21
2
431
11
6392
242
27
69
4
2044
16
400
570
12
2
2921
5
382
148
29
744
13
47
12
502
499
11
28
84
8
50
4937
499
744
7
12
27465
97
4
69
25
8
30
55
296
2
2
143
504
4
8
51
30
739
3
25
164
20
15571
27
69
7
4937
148
164
2
52
10
260
517
499
53
14
64
744
6
6081
518
15
27
45
4
2044
12
315
3
1354
374
816
3
4903
499
2
333
958
968
26966
2042
9666
27
15
78
32
27
13
3426
1322
8
55
17
4910
19
69
2858
73
89
29
32
13
1037
1764
1322
1829
15
139
5
976
11
134
968
184
3
3337
2561
19
390
24
480
31
2399
2042
91372
177
8
11
47
1568
7
84
5955
79
177
8
33
821
47
5165
1322
34
154
83
