2641
562
1854
826
3070
31
30
3
1962
9
2
1180
511
65
527
198
12
1470
680
5059
230
313
73
10
2
128
1670
9
9361
101
4
740
3
12032
56
76
359
5
592
75
454
182
38
31657
431
102
1470
680
2160
3
172
1470
903
24
11326
562
525
15
2
2651
5
9361
12065
4
5294
7829
472
3
72
96
502
1314
4
4054
8440
10
9397
6746
3369
1456
3209
5
2
4114
2026
15380
6
42884
4
2704
3
3978
435
15
22
895
87
11
7
192
66649
5
20
521
55
17
10872
9
5764
4
1249
12
21
774
1686
37
562
650
6290
9319
7
80
3330
1314
24
118
139
98
752
2
741
2293
49
5746
3
435
81
56
1965
286
562
1456
7
72
2
33793
9319
20
668
1146
7
68
2
527
5
2
3501
974
6
665
101
2
38
1769
191
877
6
322
5
961
3036
4
6932
665
222
16
5200
4290
446
5
12267
26
25
18
217
2564
25
26
16
1738
3
16785
4
41
1277
1042
3
1940
191
6
98
107
8
26
53578
967
562
7
2
14947
678
650
24281
7
86
24332
19
49
4127
161
5
1367
5
2787
11
8767
3
4
51
10
242
3
18
2
262
2
2
92
909
29
11
118
91
19
49
605
504
4
57
665
101
195
3
1798
354
8
665
222
16
3115
3
1233
46
36
80
3497
46
923
4
1940
191
72
87
26
488
73
29380
267
73
688
3202
5
39
249
60
16
1826
8
562
14
4
5290
9
49
665
1252
20
7
3
243
10
11547
2
659
562
14
1266
72
156
4
5290
4
134
8
11
115
18
3
2054
139
1314
25
241
2
49
5746
50
918
3
25
25
11
877
8
1816
3723
8
11
17
458
3
340
1090
1470
903
24
502
1314
6
49
826
47054
562
7
1379
9
7
21
4
5290
23
48
29
9
101
3
873
19
7175
8
7658
826
1854
7
2
81461
21
8563
3
141
5
778
29
19
8918
5
2641
562
49
605
504
14
33
3
137
49
2
2
5866
29
5958
565
29
6
209
11
424
3
1711
2
2258
164
1826
8
155
1142
46
599
2641
562
1142
46
27
67
478
135
23407
21
72
49
536
94837
38602
31
179
9
1556
2668
54
7
2684
562
187
13
533
3
12939
2251
8
751
18
101
3
3497
5951
612
92
4
551
1937
38
34
19
7175
229
10
21073
36
1111
36
680
36
915
6
95
139
92
115
18
1142
3
44
8
104
148
16
2389
87
26
219
2902
3
10509
38602
644
653
6
725
5
1556
393
54
7
3
44
8
80
286
92
13
873
915
605
52
33
516
33
25
14
112
2713
502
915
33
121
17
458
3
873
1570
2
67289
1142
4
551
1730
10
83
52
33
25
14
3
513
1111
873
1570
2
3590
55374
2071
13
47
23
6710
5
1333
366
8
751
222
551
18
101
3
1233
36
6535
923
3
1937
38
34
4
21
72
87
11
47
438
231
1854
424
3
93
491
12
1792
2
136
2
451
6
144
5
562
740
3
1018
980
680
19
7175
11
68
47
501
69
1455
3
653
8
63
121
17
458
3
551
117
328
5
141
4
483
992
73
2
71655
115
72
357
4033
5
376
29
96
64
1437
2071
13
1214
4
10560
627
8
52
11
7
612
63
11
34
483
2977
22
1252
3
17
141
5
778
261
2210
5
233
6
2
1967
17066
11
2420
56
2706
873
2
63
8
53
16
1387
101
5
8713
4
551
1018
915
19
7175
11
897
2
707
1142
171
58
185
2
532
8
295
42051
334
671
80
286
10
14
2270
2
94
9
63
2251
8
11
40
96
491
2
4033
640
22
2173
1664
3
1103
59
395
104
12755
2071
2706
40
242
104395
56
1103
2
149
4
21
72
87
640
22
366
3
2902
53
7
21
2
795
357
6
10
8
276
2565
1190
3
14277
10
68
87
22
2706
40
242
1172
1449
5
191
9933
48
191
5
2475
4
212
79
435
5
63
4
370
33
178
8
112
3368
5
51
155
14
27
328
5
141
21
72
9
1570
29
9
112
2713
140
10
663
131
946
8
33
16
3115
3
91
163
4
80
581
3
93
112
107
76
665
101
195
16
6
209
395
4754
8
1173
131
136
73
12139
91
5
1311
163
6
316
3
6535
338
1418
855
993
43
24
135
213
64
42
121
14
10
4
64
42
2125
364
115
14
10
222
2134
9953
10851
653
6
4
3454
37
562
187
29
62
136
752
375
30
18
190
658
124
33
55
17
10872
9
118
2982
5
22
366
21
3
14
20
5
376
12
2902
10
599
131
136
73
2
447
536
276
61
1113
146
203
135
213
36
322
1311
3497
19
665
5204
2071
671
183
868
5
24407
37
1311
1151
3
6535
923
122
5133
3
19169
581
6
22
1967
17066
11
28
8
11
761
8
4377
915
19
7175
40
253
284
6
2416
10069
4
7590
714
2127
6
401
11
21
732
8
551
17165
328
5
141
4
2977
1570
3028
1142
40
253
284
6
45
7809
29
11
8241
20
198
