9
54
7
18
1037
1329
87
10
14
53
8
7
14
2481
6
140
10
14
165
4
916
2136
228
74230
4
130
290
14
888
19
378
1305
42
5
894
14
228
37373
64
1335
9
90
66
13345
522
6
839
2
2
166
815
379
1324
3
2384
5
8574
313
8
42
44
11
516
3
25
166
815
9
1313
511
65
9
57
170
49
99
44
2
624
5
938
11
13
2763
152
15
2
2943
3658
5
954
4
6754
1271
11
4579
9514
48
49
3466
6
6442
792
26
72
55
21
2959
15
49
694
4
73902
11
873
6207
8
11
137
49
262
2
8786
5
48
45986
45
24
1769
3869
82
75
48
8
51
6442
14
612
9
48
74
108
92
6469
1769
1182
4
3362
45
1463
8
938
7
2
3096
150
1625
59
2022
326
10243
14
63
5
1101
11
14
370
2757
19
22
176
582
15
1281
3
139
4
1783
2425
9
6129
75303
14839
87
5
22
144
9
8936
574
1145
326
10243
900
4
28
14839
196
7
1101
149
13345
7
64
326
10243
11
2233
3
3787
92
2353
24
98
1182
8
1525
768
188
5
2009
92
11
3625
34019
5
348
5
4
916
8882
31
599
24
179
5
10617
27225
19256
150
7963
5
916
553
4
5
478
916
108
11
3625
8
48
4279
4
22635
2863
6
2462
6
3828
4719
52
26
14
3
319
38
2353
20
153
11
517
2
7093
592
59
68372
150
4279
596
3
2863
6
76519
2
2060
5
88
13053
3133
6248
962
64
44
893
261
39
5
76
39
4000
19
13345
49
1580
4089
15
29429
1631
5
1156
7238
4
5
15269
13345
1433
7
1037
4888
5
13914
82
36
17313
82
543
10
7
2599
102
45586
1156
5
846
3185
26
16
908
5
4140
13914
15
5427
791
81
373
546
170
95
4182
5
9277
3185
888
130
290
746
9381
5
15269
13345
7
18
1238
90
357
37
3306
5
17313
487
2
3306
5
54
7
14
4
10862
24
99
532
90
4063
50
1285
19
1868
1048
684
102
39
602
1165
261
572
1994
29
1832
6
5
48
7
3030
1936
207
543
147
2
448
5
2739
292
12
10
268
3407
2739
14
533
351
24
81699
31
1452
6
133
75
124
26
50
2154
2
45
9429
5
938
261
2
268
54066
24
12415
2535
20
2252
14
2
177
5
4736
9
916
938
2
4736
1483
5354
6
2529
578
1726
108064
75131
2009
2529
195
4
13072
5
6442
97
481
6
22
60
4
463
3115
389
6
54
11
1188
22
5427
9
13914
938
1048
4
916
4286
87
5
10
15437
4
4436
3
1321
175
35
4
1251
82
2
3444
3
98
399
1418
184
3
89
20
463
7
3030
1936
8113
13914
602
324
3
2
133
8
14
5780
4121
22548
4
701
10
14
68
131
26936
4
5872
39
602
2607
946
8
6
316
3
17
2222
6
1156
770
26
327
93
2900
5
38
100411
938
26
1410
3
2613
586
24
622
916
156
2
38
656
4
38
3453
1704
10
40
17
831
3
247
177
5
133
39
770
126
1591
5
7396
82
2
131
846
578
82
53
14
64
8995
175
1479
4
449
859
2902
59
1479
50
63598
24
1763
1789
90
4292
404
86
2
1290
12596
3
5099
751
730
1424
408
30
3
449
778
4
14
495
15
555
1060
48
74
6532
1624
126
8
6
449
1789
1479
1666
38
16871
7310
4429
406
26
50
4304
6
48
5573
5
770
4
92
4
957
5727
90
5
38
471
5
750
481
5727
4
50
5597
19
449
2
149
2
1479
38789
714
1832
5
62306
1479
481
5727
4
14
520
4882
5
19220
449
3661
31
11891
9940
5804
5
104
9940
13
7927
1479
4
449
4286
59
26
9408
2241
190
306
17313
1479
44159
66698
3095
16497
79
5727
4
25
12
10
40
18
47
1125
9
13914
1479
3
123
2739
6
20
9974
268
2
1626
1479
123
2739
6
19914
69397
4
1005
1479
6
22370
30914
29
1769
754
6
546
5303
81
3
276
61
38
3035
4
3638
3
5597
3518
938
5
652
1268
5635
50
4
2699
82
99
2
4725
12734
4
84
2
152
883
26
716
973
2
4131
5635
52
15269
13345
50
2
938
417
4
21
2113
2
624
5
938
11
40
18
3540
49
3646
694
3
26172
5
20
938
4
947
142
2739
3
49
543
29
20
115
21
245
385
49
4
53
7
190
337
20
17313
938
7
1776
2667
61
15
23623
938
10
55
21
17
1936
261
11762
349
919
175
103
9
90
4292
171
54
449
4
1479
773
570
9
7699
5
5841
241
126
108
485
5
21954
36
67311
7
18
445
178
8
5138
2739
14
2490
5
2
39
1207
5
88691
8
34
5401
24
223
17313
770
5081
471
4
225
24
20
543
18
1123
531
423
6
857
1085
7
18
422
403
26
34
18
3
431
735
938
624
82
2
624
31
13
412
6
677
15
938
4
2
17313
565
31
13
64
17313
2052
7
403
9
2
75414
9114
6
20
133
87
10
55
1108
37819
857
4
87
10
55
3912
285
18513
807
175
382
1320
6
67
35
2
2
22548
417
7
2351
17313
15437
54
13
445
47
