13
422
2355
3
3606
10
13
2
32061
1147
163
15
42
5
88
9345
52
21
88
1135
2940
2633
4
2940
1808
165
1000
3
74
129
5
10
2890
10
7
165
6
311
5
2
3283
43193
428
10
7
21
321
2
2626
35
1402
45
16
1403
1471
5
209
8
38
1565
2060
7
284
5
38
83
36324
511
65
92
627
539
13
911
595
535
5
591
45
15
2
1324
3676
8
7
165
1720
6
217
4
336
6
684
2177
81
149
7
42
5
911
402
2281
6
1242
38040
38039
7
693
2321
23
539
288
4
2103
4045
6
4526
3193
527
61
93
759
1414
39
722
24
3311
2016
4
4245
2414
8007
2779
7
2
2397
4
2820
6961
11
13
773
2
2
543
3424
4
843
745
248
745
3004
15
5135
168
10514
2423
39
13453
2441
24714
753
19
8007
2779
12
355
109
5135
19
4249
80342
103
66
75
2177
103
3482
6
386
839
745
23262
71122
739
1329
271
14
732
46
4
11
7
116
62
3
96
10
101
2680
167
8
40
4640
61
9
64
337
11
2385
5
255
8
2019
56
5
1668
6
7
100
17
1869
12
12492
377
412
33
55
72
1327
2
1919
2680
167
73
2
166
876
3236
4
2
2956
334
148
73
8
74
60
74
4
74
716
16890
2
1204
745
2352
89
619
15
2
1154
24714
753
2
151
3293
378
66
404
19
56444
2423
3019
379
19148
71601
3
3789
22
1204
70
1145
19438
19
5265
2882
599
601
463
23
109
960
259
64
960
259
384
1188
8235
16
384
5
824
2951
4
21
2350
384
5
6876
6876
824
2404
6481
3402
1120
7227
36
109
4
10
6882
1466
886
19
8007
2779
12
355
109
15
599
1057
203
5135
745
33
55
663
98
411
3
20
3102
168
651
109
33
55
549
2
411
36
14698
3
20
3102
558
300
33
327
17
7337
6
3
259
2
300
9072
706
31
328
108
30
4691
3554
854
440
8
2696
6
108
1091
16
35
2691
306
191
4
30
803
38
335
4
815
223
81
8
7
21
732
29
30
40
25
149
3
319
6
634
8
20
446
5
11922
55
68
17
1264
81202
5
376
18
1703
1608
1820
4
655
4
335
5
105
792
16
1892
748
19
1608
5352
5
191
122
257
684
7
465
6734
8
7
560
80
9
41
135
4444
4
1633
9
57
30
55
21
1113
2
4479
1585
5
31
328
108
122
4005
2072
5
5841
2
1822
1964
228
81
6
22
44
10030
4
3566
5
2747
6
67
5505
12483
1002
554
1182
4675
1624
4
78270
579
1964
10
7
68
1607
3
2189
3
7997
11329
3
54
2072
5
5841
16
3021
48
9
1903
4
412
9
57
45
82
2
3905
508
1704
2
3130
4
9243
674
124
465
7953
136
3
8798
5
45
5
308
133
4
17747
6405
450
316
1182
5
2072
514
2454
191
21
86
6
414
3869
29
68
474
38
308
35
12
54
26
3139
3
789
38
191
4
3
420
288
144
19
2
1607
2784
5
80438
30
803
564
5
2072
5
5841
30
484
3
156
35
188
2478
5
532
2
3657
2064
42
5
73986
588
22435
8432
588
6
1391
4
2805
26
16
2429
6
696
2055
24
889
5
955
1164
4
2686
1544
2046
829
1994
7
3
18
81
2697
6
201
42005
2318
15
1487
1562
2603
1448
3
1365
1012
4
609
86
655
5
811
36
64
4500
43901
11231
2402
25
859
149
21
4143
45
16
24952
15
1359
42
230
45719
4350
348
5
268
1207
18
3620
1549
4
191
6
239
2097
435
122
5092
6098
923
29
26
18
12411
941
2
149
88
9804
6
3087
157
29
68
6
456
5
450
11389
846
637
1989
42
5
41
2853
974
5
13942
124
293
1088
13
47
42564
87
5
3896
660
5
648
5
6678
171
2942
2923
80
19
2259
5
414
3161
715
52
21
6031
105
44831
13
47
2074
2
5685
3173
3
2555
5735
15
1837
493
3791
38
2260
74
38
92109
675
18
47
2918
1444
232
3
274
4
3
101
526
437
5
40478
654
151
62955
2920
257
37420
3
2
3326
5
1758
22125
2
280
191
3
1877
343
1138
3173
24
150
105
195
3
535
1182
5
846
637
4
1450
859
6
4372
15
4350
85317
707
2065
16
203
107
6
143
35
9
2409
707
337
2
323
5
4243
4
594
21
72
9
133
29
87
5
43
191
9
10755
1324
941
3
4350
1137
2891
190
2046
2209
5
854
440
10
303
619
166
54
465
1845
3
1205
1507
564
5
13925
511
65
2827
4814
3
10
6
521
135
1741
156
7918
13
445
47
5
594
3
4069
3534
72
1634
3
70
352
575
197
4842
677
45
31
3116
2797
8
11
14
3
1923
2
4
7721
3024
4
3608
45
4
11083
359
5
7983
6
1058
674
5
104
40626
1311
356
22
15248
937
5
16093
24
70
7190
3
6405
1319
4
386
1226
14599
1533
8
257
197
14
25
4772
3
5019
8
11
324
349
3
1444
1408
962
11
230
18
340
42
25
13
1101
21
8277
3850
4
888
1408
54
375
140
13
47
517
19
9023
82
894
30
40
84
251
430
82
122
197
