8
527
5
2
263
215
4778
608
2296
75
2
425
1134
6
500
878
3
1589
19
79421
20609
42910
1784
5
13957
163
4782
559
904
5
1052
3885
1696
3019
4546
2
23472
1458
425
298
8
42910
720
190
1134
3
1589
128
20993
178
250
4
204
16
502
1702
6
376
5
604
771
782
26
18
13
382
2757
6
1829
15
743
44
76143
33406
437
5
1288
9
311
389
1747
1210
6
97949
38
677
385
121
1061
218
57642
209
10
204
8
1027
147
2
921
2073
1120
3
1877
10
39
90641
3905
6
818
44
371
33406
7
113
204
7
3132
3
21
2762
250
6
39
2057
613
6
2
60
8
53
7
4
1496
16481
175
250
4
105890
1799
1256
13290
1000
3
20
181
24
2617
4
2635
25668
90866
3023
5
1055
162
7
759
97
195
3
848
6
368
405
32
75
11
9185
11050
217
5
374
544
20
153
74
970
494
47612
134
2643
6055
7475
1904
7
353
990
3
93
6
20
431
4
179
130
910
56
9
78
32
3
247
235
63
5
143
35
4
3
96
507
8
138
27
208
93
32965
349
3
119
9036
1490
154
183
44
8
63
71
68
1064
32
6
2
339
4
510
11
40
69
15
22
159
970
235
23333
1422
1791
132
17
41
1602
344
9
32
65
71
6007
135
387
31
2036
3825
1075
949
7144
90
5
183
288
2140
139
4
444
401
683
145
2396
769
3
6
30852
28
1904
85
7
21
37
42
94
10
37
48
5
43
541
570
541
570
3
431
3
446
1568
24461
209
11
14
956
19
90
1055
151
341
12
3
567
32
1313
4
990
9
1422
528
31
630
3
1220
6102
9
49
296
448
61
4497
47585
286
11
2036
12
5019
1422
13
1362
2
2
4001
167
1736
102
2133
202
287
138
27
791
89
2
3608
23079
1230
72
429
11
6
766
13
952
49
2
22762
46
4
14128
3
2
1768
8
1362
171
49
265
296
75
11
13
897
1553
70
47535
1422
28
27
13
5942
9
288
771
87
11
1077
62
3
96
2
1710
24
10
51
359
5
2
417
115
8
11
331
4
9468
82082
31
299
37
412
29
491
8
55
21
17
272
31
345
143
35
5
47321
13
47
8219
2
2
451
823
127
1306
9
32
2
655
8
77
248
14126
76
594
223
1055
37
159
269
5
35
12201
53
14
2247
3270
1141
3
1422
3529
499
90
267
365
3
49
558
1128
15
11810
300
791
49
2
1852
56
9
21
393
7
4
16
84
2
272
31
14192
79
4
547
393
542
13
1588
8
11
7
84
2
896
37380
2591
4028
182
1765
15
159
37245
1656
5730
9
74
1038
66
404
171
54
60
5730
13
247
2
39320
22344
31652
31
113
11
7
27495
266
639
4028
28
472
5
631
37
547
60
11
1296
1379
180
51
1026
5
708
7
18
140
11
51538
12
37
470
308
718
3878
100
24
36153
974
22892
100
3743
7
1077
51
8
1389
87
1704
7
40
21
17
2
2864
272
1375
1067
14
59
11
134
180
37
76
5627
105
151
11
79
228
1548
2747
64
340
10
14
59
11
28
6654
3152
100
59
2
565
2717
268
11
584
72
179
4
30345
15
37806
29
7
40
328
56
42
5
95
3899
8
484
33
79
2
9806
928
11
1915
198
2
2645
23
2
97823
1180
4
704
22
573
12
96016
30
30580
12
2917
461
29
84
11
14
180
3
1166
22
2829
9791
9717
100
4
155
3
2
77082
1793
54
7
25
87
11
91
3
17
79
883
12321
71
1974
429
8
2547
430
151
4170
4773
24
311
389
3
1802
3
730
25
21
929
1599
791
354
8
652
7
23
124
15
1599
4
3406
78111
63
1823
374
24
41
65
426
23
2400
1688
5
2
2327
12
8038
1311
4149
2773
19
43
35
216
6
43452
28
226
2373
327
469
12343
6
67
431
102
430
25705
42
177
5
16
63
939
3
17
3377
3
252
1282
31
18
1093
56
8
119
111
900
3
91
461
467
59
1876
3
430
151
156
2
1109
2144
293
4
8961
8070
31
16
4170
4773
102
1479
751
4
57
84313
53
7
2
2223
352
175
311
389
4
652
4
1216
5
43
7
113
121
17
4705
24
1187
6
461
5
1169
648
29
1938
8
652
7
23
124
15
1599
7
4
3406
659
4
48
5
43
2118
5
67
1175
18
2
1445
3
2403
10
11
54050
442
63
1380
11
115
14
3
1526
1599
59
631
37
834
87
10
40
276
467
1277
2
1555
26
55
91
3
4182
39
64867
327
1235
8
151
73
1109
2144
4
293
16
3538
2377
38
1391
3
449
1320
774
449
2328
11
16640
55
17
42
3
17
41
1566
6
431
102
467
834
5060
132
63
5
479
9
441
5
6413
800
41
3632
3
22808
2327
88840
80
63
900
3
1857
98
1335
175
467
35
430
4
1599
11
28
30
147
3
4520
139
573
40145
396
5363
351
24
104
1012
4
196
465
1780
16
11086
2808
37
3059
76
5
104
2052
139
29
30
18
3
358
37
81
4240
4
1003
71
4046
1282
16
