3
123
4672
4
14
5549
15
2
447
5
2
1644
24
27
1164
5253
562
202
47135
9668
996
1317
259
28
13868
7
4
482
5
206
41
812
16
21
5282
845
3
123
12
27
7
113
337
45
16
9728
7
8
11
2
4900
11
28
27
4
22
2583
50
4219
7978
15
8
4191
25
69
273
812
4
996
1317
18
47
1049
136
10657
19
27
2738
23
20
173
26
16
72
2008
11
9240
4
26
55
296
69
26
445
943
3
296
29
57
6
97
95
15
594
820
127
85
16
1712
3
25
76
718
1312
4
16506
231
27
1864
1208
7566
4
5034
8898
425
8
573
5
150
58
9685
369
481
2
80
1128
5411
2401
8
956
94
3
3554
90
5
27
1745
139
4
2757
46
101
83
3
11934
107
26
415
4
62
26
91
672
52
33
396
1297
89
1166
89
17364
7
1633
101
3
17
1229
37
27
29
88
40
1718
20
594
4041
24
1307
8
22
2075
5
356
77
345
3
97
118
9677
83
1813
52
11
121
93
499
29
20
123
2
382
5993
4770
17364
526
437
124
5294
7
1222
22
265
94
8
27
7
12
3
271
4
26
121
666
3
13028
89
90
45
18
1093
56
8
58
392
1758
5062
8
7
84
28223
19
27
15
568
5
358
1202
4
421
1014
1391
4
26
50
1633
14677
19
284
29
84
26
313
3
17
6
428
5
3641
4
17769
255
7
8
26
25
245
610
27
922
26
113
11
973
87
5
22
13483
2126
1022
4
87
11
396
17
2913
4
10
560
8
45
73
8
37
89
29
51
22
2583
552
37
89
7
22
555
462
15761
5427
9
45
26
1114
4
2
3097
3
192
19
98
242
1310
261
8
11
72
190
756
8501
102
197
4
254
11
1058
1111
124
313
3
113
8
94
55
2076
27
2252
261
110
9
2782
4
45
34
155
9
10
29
8
1049
12991
114
73
27
9
51
11
254
80
41
65
107
11
254
10
26
219
21
110
3
17
13069
19
480
424
3
25
101049
4156
2401
7
344
9
209
8
10
1857
8
1522
446
5
58
97
137
2
107
6
54
27
55
243
570
2
902
8
77
192
2
257
85
10
490
3
178
26
219
101
29
26
25
313
3
17
718
29
80
41
3272
7
209
8
7238
7
21629
820
22
1401
4
79
97
2
668
26
16
64
752
5453
89
26
16
34752
89
26
16
381
12
442
1921
117
10356
5217
6385
228
12
98
224
3
5516
5690
749
642
3
663
378
3510
5578
1581
762
1760
8
233
13
303
9
682
99
5
95
3510
7
8
224
55
17
503
6
83193
5217
28
184
3
4865
5
49
1080
1184
10
40
17
306
3
179
570
3
16
76
5
273
567
30
322
59
10
154
3
67
2237
779
567
29
52
30
396
346
2
1082
3
190
503
224
30
16
21
110
3
3875
107
3
2
273
20422
1841
258
3510
16
707
3
268
135
1042
9
98
2429
779
2462
7887
2174
5217
28
147
3
17
42
2748
9
441
4
14535
1253
82
20
7
20370
10
121
17
720
9
19
2
1390
3263
5
749
642
4
39
2443
4
945
10
121
17
2045
23
2100
288
68087
20
115
18
3
17
20
831
5217
65925
265
162
28
171
4
1510
23
141
1199
50082
2168
6091
400
409
2957
3
303
16496
779
217
4
140
400
570
3
2700
8
779
56
15
749
200
7
1049
136
275
30
121
17
458
3
25
164
6
233
8
5217
488
5303
3
5521
2291
11672
5
2
5278
779
224
835
8
1004
16
1686
8
1505
635
2220
2
136
2
476
765
49
381
4865
1861
4
740
3
3134
6
1108
434
5
2
595
92
2631
20
64208
749
642
82
2
188
8
14
243
6
4402
19
224
3
459
836
3254
142
6
82
16
303
3
766
20
318
75
2
9333
61498
4
15
58
4490
161
1997
5
233
63
1136
6054
5
22
1432
2478
4
127
69
6
601
904
4791
5
105
17542
313
69826
58
18
893
779
8
606
642
39770
441
641
122
1197
749
3
441
779
168
4
641
8
7
5663
3
7579
3018
8
899
5
1449
13
47
3418
1512
19
775
162
80
544
63
617
71
28
11
40
21
527
2
36567
200
20
848
8
7
364
7579
2174
9
14535
2478
2193
1586
123
9
2
1730
87742
18
2
655
5217
28
26
55
536
179
15
43
341
12
2
2082
779
224
8
34
303
16496
779
446
4
609
5193
369
3
179
12
200
8
55
17
1355
79
141
36
26
55
1427
375
30
1097
2
771
375
30
997
36
704
190
1139
4986
92
2631
4
179
15
43
98814
268
48
5
2631
4
447
5
2631
1959
87
58
50
424
3
160
593
141
619
28
6
4
125
7472
775
58
431
6
2205
5
2
149
2
740
3
6326
887
6
2
482
162
50
424
3
317
845
1053
525
368
5
593
141
4
30
50
42
424
3
434
2
96456
1485
18
723
619
1093
56
10
162
4896
160
3
593
141
15
2
2631
2
2
1359
52
26
25
93
