1772
365
2235
10007
66
394
7
40
160
2
148
11
134
2
1478
1263
6
23
2
3157
724
4
7
295
3
966
34327
32814
74
66
1772
13
522
6
363
423
15
1136
37601
1851
11
13
47
78
616
565
49
3807
582
5
808
2
669
871
4
2
1689
582
5
808
59
78
14
269
5
35
84
292
6
3142
11
7
23286
5
78
127
69
29
1112
1851
262
11
2863
9
78
13
445
47
1615
183
57164
12480
4
2924
10195
10
1106
3
44
8
74
66
1396
4
78
18
757
41
60
570
65
536
13
15
49
1043
2
159
871
3
200
32
607
49
2
2
12178
78
5286
78
801
1396
801
6
355
59
78
4954
3
1503
3
966
15
3162
617
71
3
1643
1275
269
5
35
11
365
1772
525
171
78
9978
557
775
2742
6
318
37
1707
1396
14
53
11
13
47
2206
3
2
2
373
1412
3
32
57
18
607
78
4
1772
2
73
74611
14
3
11592
950
15
78
13
3
155
168
1396
2
589
5
644
307
125
96
11923
314
9
41320
323
5
1637
11
628
9
78
4
45
10766
23
502
656
3
78
116
10
1663
431
3
17
23
456
159
871
44
4
1772
302
2
182
5
8
2764
7
21
507
78
77
1400
56
1224
261
1772
32
871
90
18278
134
16570
9533
881
1038
66
404
11
2
334
73
3831
12
9771
52
32619
7
196
1411
1772
7
53
15
21976
11
445
1144
258
664
805
5
78
10
165
560
270
412
37076
7
196
273
36
196
503
9
1396
30935
123
9
482
269
5
35
1258
1151
3
93
2
21779
799
1396
55
33
4126
61
10234
368
26
34
251
285
4
666
10234
32
7
486
10
14
1192
3
17
198
2751
3
179
1396
811
29
4126
61
42
41
60
25
26
55
13342
368
1396
72
1306
61
951
4
4126
10
61
4
549
10
6105
61
32
7
380
42
10
1944
84
165
412
6
1001
1396
14
1229
8
32
230
1902
4
15830
251
24
18538
7757
1032
624
5
1442
1396
1731
251
15
4349
36802
190
32
619
1396
18
33
47
110
74
49
251
15
49
25
11
116
7757
7
23
36802
11
14
6
17
9
2
6940
19
60
7
485
8
11
13
4
251
34
155
74
15
49
1396
131
72793
3
25
8
11
465
3256
6
49
39
423
2
23286
5
78
69
1772
13
80
533
3
118
2
23022
9
49
3078
23
33999
343
6
318
11
4
16570
9614
43711
50
198
3
890
570
9
2
2240
23
308
5
892
4028
4
70
2275
29
9
48
49
8499
3
26719
456
5
70
356
1396
7
207
1067
2
2518
3
257
166
2
49
3078
7
106838
14
1284
6
22233
1338
49
1010
46555
38786
1396
7
5983
49
500
810
811
107982
1396
14
1647
161
50
2422
59
1396
14
103
66
547
347
317
3
29449
709
1213
120
15
1791
5
4190
4794
17334
140
63
5
1039
13462
393
49
810
3293
1288
5
449
1290
1091
2
113
2148
4
716
99
1301
5
10
1269
5
449
1290
1091
54
35
10
1431
2
12566
849
12
1290
449
1320
231
108
6
403
5
3953
2132
101
5
104
1320
75
811
210
6
22
872
3943
89
2
437
5
1288
4
1301
5
1269
423
11
165
514
11
13
68
47
1980
6
414
467
1133
9
49817
4
2174
54
7
84
2685
19
17334
4
14
3359
6
546
12
641
5
10
807
3
637
5
201
2
30894
1749
703
296
19
43979
32785
1967
4190
4794
17334
272
31
303
61
1396
6
29449
4
2
350
5
2009
9411
4640
61
286
11
7
2
7320
1950
6
709
92
4
10
12
1039
37327
1133
53
16
366
8
17334
370
13
807
3
6125
2804
3702
4
3288
46
2
496
8
11
13
1336
168
2
1007
46
4
8
11
469
2
372
678
6
449
6009
6
22
341
66
2
7790
5
1396
100
1269
17334
14
6803
5
449
108
2927
54
2028
2086
159
2110
43
702
31
3215
3813
19912
4794
10145
22871
6
1665
5
108
506
456
1687
366
13
241
47
449
6009
4594
1660
9
414
30904
5
467
4680
2023
1967
43979
32785
4
33
346
80
41
2009
5425
44
2086
31
13
1535
271
5
2
520
6324
12
194
5
1396
347
8306
1335
637
5
201
7
2
4202
430
528
4
93006
7
719
450
75875
461
2086
2351
3
55628
449
6009
31
13
139
28513
791
9
1863
1687
6
1240
4719
4
6
546
4
13
228
9
936
5
70
1305
6
386
10
484
56
1269
5
449
1290
1091
7
4
1396
347
402
1772
14
4
2110
1301
53
175
4
49
1045
4340
7
2
51889
1301
23
1269
4
14
2
1204
23
8297
456
9
467
1210
120
17334
7
802
5
979
5
14717
1772
3005
69339
7
4
2110
1301
23
1269
6
860
140
8198
9494
10468
4
378
222
8197
481
3
35
216
1259
8
449
6009
13
6723
1522
446
5
43
92
750
1885
1461
1396
1772
1396
13
258
347
232
46
49
500
810
49
1010
4
49
1045
46
2556
3
449
6009
2108
3553
528
26
481
29
2
205
394
387
256
1618
64
542
5
32
365
3
265
1616
