106
9
476
8
40
1671
130
82004
13
47
3397
6
795
4468
6
150
199
4
1186
6
341
360
35
2
149
29
90
31
2214
667
185
761
8
3
160
4
52
593
1158
121
5011
1293
38
114
61
9
3082
949
77
247
175
305
4
19556
330
628
694
173
324
59
193
19740
2
2459
100921
194
24
42
5
3996
2271
4
704
10
56
5
88271
194
8
18
47
331
25
239
6
20
185
3958
206
70
45
25
976
152
193
1757
185
1263
1003
2
5593
787
11424
10
1727
557
10387
56
193
2
11
27903
7
21
2
5345
2642
193
453
4
33
234
23
194
46
138
27
16
33
2
34581
6146
1460
931
55
33
25
2727
256
728
34
33
2307
103
45
74
164
1025
305
206
25
33
2615
827
189
206
18
112
217
64206
9666
104
194
15
95
23
135
185
80
286
8
343
14
243
12
19
390
11
28
48
162
50
331
14
54
5
33
7
41
19892
4
106057
5
57
58
94
630
3
93
6
12
787
7135
9
152
1187
126
1571
14
74
38
808
50
68
5003
37
25012
1152
5
3996
2414
75
185
931
69
1286
1732
37
15439
461
5
1841
59648
3779
202
150
802
31
365
302
5
185
20
66
4
146
224
15
1193
39
1970
68
1188
9995
75
185
4
28
160
40
17
146
3
475
65736
272
31
13
47
2043
5
719
6
199
223
58
170
878
138
27
621
22
83
442
330
640
2
6025
659
3
64
6
76
5
88
264
930
161
2998
4
6
452
27
1714
22
1630
368
37
1111
487
4
2720
2429
224
12
506
4
238
815
29
27
1527
14
2
705
186
60394
65
12
3738
36
6
544
11595
39
195
6
76
199
931
1270
4178
4889
22
564
2
3478
272
12
695
11
13
186
876
60
65
462
98
57
94
4
59
11
13
3939
11
7
334
3
514
10
331
9
2
3761
11
1461
22
1318
3
113
5
491
2
127
1201
375
889
5
589
5
45
608
3
468
180
8
7
816
3
25
10
11
68
819
7524
5
22
8221
23
60
59
3341
22
436
497
240
4
57
288
38914
931
196
365
924
3
1195
142
12
3996
797
59
4854
26038
331
37
931
1648
15
2
1534
4918
5
12207
4221
931
8431
1336
98
2278
4
228
3181
3057
92462
209
931
17578
6
2
11811
339
9
733
4
132
322
41
194
37
22
304
6
44
805
29
59
26038
630
3
663
61
787
7854
4
931
365
56
137
11
28
26
76611
1560
4842
19
90
2
13368
12734
6
2202
185
1315
3
93
41
876
60
20
60
65
98
5
49
970
46
6
177
19
7809
2271
29
122
11
324
409
2
28272
4
1266
42
5
49
325
441
5
792
23
6622
2
568
404
1560
7
21
18
2
7201
917
15
27
36
98
5
11187
57
378
94
31
365
177
132
18
576
41
2545
65
12543
866
457
2
387
24
1854
14
42
5
258
94
15
28546
985
5
12897
22
315
3
4947
79
436
185
50
1138
6871
1221
2071
13
22
2162
532
5
14319
5017
29
281
13630
40189
272
31
13
1522
403
9
20
1701
132
18
47
256
728
498
5
742
31
13
630
3
155
75
17361
1158
1996
8342
627
5
1058
1111
4
4
117
3
713
487
728
3633
198
1571
15
12814
8349
1187
5
931
4
27
2
595
12697
5
2702
39987
306
594
7
8
30
16
12
5589
714
5
3637
480
31
55
21
25
20
262
11
496
1197
30
147
2031
31
55
77570
7803
583
142
15
2
11501
9309
37
728
742
1330
118
2
12363
24
649
981
19
7308
4
37
728
2064
23
12147
1045
2296
126
8
444
401
1199
1462
4
303
198
1375
5
554
88104
13
2
5540
29
22
1796
324
66
70
18
2323
1136
1280
37
262
1524
5
133
4
80
63
29
26
415
21
321
1095
3
2372
183
8620
3
57301
129
5
70
1507
5
233
184
3
2
3560
199
307
298
8
61
24
2
129
762
171
92
2631
29
1878
9569
170
117
5
128
43869
1237
1562
433
9283
53
7
337
3
178
20
233
34
23
275
17
497
41
20553
110
845
65
128
103
1159
24097
3560
2028
102012
481
2459
85
8
435
302
5
233
3
42
97
420
4
2335
7681
6
144
9
39
34690
39
19964
199
346
8
88
70
113
233
7
901
65
10
91
3
17
15
2
408
254
10
7
186
658
4
41
1159
65
10
14
2
568
19194
129
408
5
70
44
775
185
16
186
658
65
26
50
66
404
4
129
44
233
7
84
41
1159
525
97
368
70
4
2018
50
88
253
3
44
148
13
63300
7690
5
233
16
271
1177
70
55
596
12
162
4
58
50
37
2748
253
3
44
233
7
901
23107
122
1557
9
233
469
762
70
488
23
275
1855
10135
455
38
83
1102
23174
129
5
70
1507
5
232
3093
38
847
122
190
129
6026
4
1841
129
16
3825
36
103034
50
19
239
88
3765
947
38
1102
2
2060
1727
1557
1013
3
2
2060
223
679
4
2
2060
223
61585
2926
18
47
136
41
1280
37
