581
28730
29
13
21
2483
9
22
2512
472
145
4
22
41699
18
1336
1445
9
51
721
4
1657
83
12
38
14467
4888
102
135
97
22593
44
478
428
13
47
1502
102
81
80
177
8
18
47
6
236
9
568
4
7188
519
13
47
2243
43
2636
36
913
53
3
17
1359
59
20
519
7
1984
15
145
4416
20
153
3
1518
67
431
3
440
10
23634
15377
9
150
440
6
40702
51
115
494
43461
483
15
1567
11
14
3
17
2061
4
612
8
2607
207
94
13
2
1960
101
3
218
794
375
128
785
7
1162
2
145
4416
3
17373
80
52
11
192
731
4
363
57
35
12
860
145
40
147
43305
592
1381
3
192
362
374
3
349
1098
374
1670
15
32
162
1159
374
9525
184
3
973
106
54
7
72
37
2
135
2
2034
2
33
55
37556
145
42
1082
7
3
2839
2337
3
2351
89
74
32
80
286
26
1027
2351
32
19
41
65
86
2337
3
3491
25
239
13015
145
9
36316
4
22
3593
44
2337
121
84
1233
1506
106
4
1098
374
896
4
234
23
62
136
282
145
115
102
27
6
4788
355
25345
86
255
7
8
4788
930
776
205
126
85
16
10342
11089
72
706
63
40671
90
5
199
411
31
392
20
355
18359
101
84
16
145
267
31
44
26
34
1356
3
27
6
355
4791
5
38
340
377
25
7
5781
398
268
576
15
7748
2512
5
57
94
31
1915
865
88
264
482
40
17
32
2512
6
31
901
26
40
21
106
9
272
31
1297
49
617
71
29
2882
61
377
25
6
35935
1082
3
499
9
145
7
21
72
7246
10
7
1615
43304
51
765
230
145
43470
42
313
3
113
145
14
3
17
823
63
36
18
98
57
564
6
2
32
252
11
40
766
3
265
120
11
40
17
6
2
6568
39
2829
674
5
105
37668
11
1003
14
3
96
2
841
3
3946
62
162
155
845
6
848
69
4
33564
8
7
51
32
1085
327
1315
10
7
1623
451
8
135
440
6
1797
20
878
34
106
3
160
97
328
6822
217
5
2337
36
3710
81
3
663
360
284
6
38
12301
7
68
451
52
186
253
8
97
40
596
3
609
41
679
2
564
6
10
2776
428
782
20
40
165
2224
12
34
5
1193
20742
267
34
68
7829
3
96
97
1467
41
1055
1586
1699
965
3
4
509
4
3049
2775
3
1104
45
5
48
406
4
714
791
9
361
5330
23
166
645
1467
260
251
9
136
5
145
348
1539
69
1435
213
4
57
20074
230
848
239
865
5
105
1408
145
44
22
69
7
37
29
10
77
165
323
4
10
77
165
173
97
455
2
239
41
1055
24547
7
42
107
6
54
3123
7
2457
5366
2585
1452
6
5100
15
37
129
5
374
21
557
2
90
2
145
34
18
20
1308
23
60
10
14
1529
325
998
9
4
1842
127
94
4
782
2585
14
21
110
3
17
2061
2170
636
969
10118
13
2
11249
408
22
519
5
1217
4
288
6192
14
973
4
921
474
97
16697
10118
163
1283
20
4
723
3964
74
3
2585
12
373
330
5
440
589
5
2585
267
13178
3869
122
374
8939
4
797
4605
620
46
2160
3
1827
2585
726
4
9732
22632
12
2228
5
677
585
2
3258
419
876
9
43064
7
22
177
6
848
1426
10118
1518
557
129
5
220
106
4
129
5
42288
1348
106
1965
9
10118
1290
114
1162
86
37
42
785
6
80
6
19
336
5
106
1162
19
45
5
1897
13
557
1657
8
3126
983
13
723
2
1168
35
8
50
415
6
3
1668
6
731
2047
1331
1338
39
1369
1117
1979
39
1231
3998
39
632
4615
4
31903
183
2186
1420
18
146
410
742
4
1742
10401
6
127
85
48
13
47
6648
58
6
490
292
7
21
223
2361
5
376
29
223
2387
114
22
1330
13
47
1326
12
817
20773
36
80
41
5
114
203
406
8
7
2
151
32
34
147
6
848
72
2
136
2
10118
816
2585
292
6
132
21
14
2
37975
6549
440
1688
48
22
83
11
230
17
1095
3
2426
9
1467
4
328
8700
8
40
6567
22
69
29
52
11
14
2
494
330
6
1797
59
11
55
611
22
105
1408
3
290
46
80
9
2
281
509
46
10
230
17
2
503
786
3
513
575
15717
23
2822
1223
11483
15717
64
6681
318
7
30
3
4
343
1635
19
456
9
487
1210
3
485
1051
575
15717
735
22
39
563
30
697
639
15717
920
1851
6
22
4873
5578
12
846
576
15
169
5
2428
639
3504
22755
4
16257
6121
36303
146
714
795
88
15172
3934
37
487
59
11
7216
30
697
639
29
30
295
45
472
6
2
9703
15717
276
43
1626
1774
106390
95753
48333
326
38131
80758
15717
7
2
10310
4
3447
681
7
2913
2
3558
5
22
563
4
196
12
368
3
18
89
527
10
59
7
295
3
89
11
1019
1283
180
24
2
600
3508
1038
66
404
54
7
13
1139
4270
8
14
5
376
4054
15
2
368
5
5886
3167
541
525
405
6412
