127
85
5
1830
4565
2
2594
3036
4
487
3410
26
16
3862
3
48
57
399
20
7
32
69
10740
740
3
5790
27
1871
3852
3
2361
9
268
103
153
2
64
58
367
19878
1805
32
6384
14669
117
2067
2024
1013
27
4
22
267
3
3565
1705
548
2024
20
929
47036
17807
7
2
151
5
45
31
18
412
3
800
26
18
64
209
3
144
38
737
4
38
7724
2627
16
6819
56
5
1976
4
11669
20
151
34
948
1290
1320
100
255
12
798
5
133
26
34
91
3117
2616
2272
3
3896
4978
104
2361
322
29
59
2
94
73
27
870
3
336
95
183
217
4
800
382
1154
26
167
51
14
1274
38
83
1200
2
1116
4
48546
7
2970
5
2892
5
17807
10048
378
568
2
795
66
13
508
3151
5
2
78
32
954
11
14
43
3
1966
98437
100
18
64
677
448
36
402
9148
25
26
5881
6
316
3
96
1710
548
32
100
6387
954
548
42
115
18
3
234
606
65
3
339
5
78
32
5764
37
1426
2
1819
944
31
11
116
14
2357
1949
3247
59
10
154
3
356
54
1843
2
182
5
89344
1278
7
80
901
432
125
783
3872
35
696
2339
5
656
9
42170
5
670
880
1531
3
38
1515
3003
100
32
479
4
4
9163
5
659
2835
61
20
6927
50704
7
3890
3
81785
15
49
4565
1246
11
116
26
16
299
7
251
104
1248
100
12765
26
524
12
210
5
1295
4
83767
12
1756
23
99
3296
5
3001
26
296
79
6774
4
2365
26
522
131
334
1370
4
26
10381
2918
17807
10117
174
32
7
708
532
11
13437
6
38
1524
1248
95275
96697
7
4565
6
130
384
104
16
45
31
431
142
296
455
567
628
15
14908
4
2
14641
603
5
699
4836
26
96
33
21579
91
3
2
910
5
2986
21
1114
104
16
195
4
13789
31
18
953
3
434
27737
17807
699
13
64
236
6
3545
9
191
4
769
9
482
135
150
369
125
2280
24
781
988
26
34
80
5881
5934
38
83
2384
548
4433
4856
4268
43429
726
43
2
5628
5
38
5035
167
4
1546
48
105
4867
548
251
3
297
14
3
167
162
127
94
494
145
1539
22
1175
4
1251
1615
3791
89
2
4
48815
17807
86
1022
7
3
9052
38
895
6
316
3
434
623
4
5077
114
24
8000
83
14296
1456
38
911
537
7
3
10487
1424
4938
5
841
5934
237
1175
2007
4
1769
1753
122
9523
38
83
4627
1775
24926
3768
4
21648
1939
38
40187
17807
5620
90
5
4108
5
23830
3426
3347
9637
623
5
12883
61
4
83
3326
5859
18116
12123
4
5327
1456
104
3788
16
16329
5
45
31
2524
91
92378
828
21
7063
580
2
9637
29
7
353
2272
56
8
17807
13
76
5
1375
3426
4108
508
3
79682
1099
101
100
7
21
5495
101
100
36
222
23
48
10
551
2
151
5
45
31
18
3110
105
3622
619
4
18
516
3
144
2
29366
82
548
480
31
55
972
61
105
5185
6
197
4
766
10
3
9518
4565
578
7
6367
19
699
4
19
2272
56
1318
5
67
133
735
792
10
336
738
5
62
5753
20
133
475
477
261
3067
160
3
67
105
4
1769
50716
699
16
4
2947
441
10
21
1116
6482
36
8415
86
107
3
224
15
699
7
3
1818
10
36
167
10
10028
4565
7
48900
34916
7
350
5
9913
34916
62
54
55
17
485
12
4008
1971
28
644
8
11
420
1963
5
467
35
423
6
278
3
263
2139
6
197
2
317
1350
23
25
15
71
252
158
188
5
21
6798
15
204
6
604
104946
28
12
540
6
2123
8
11
116
263
63
1726
657
2636
149
87
26
18
2
677
385
6
3492
6499
59
11
1118
15
657
6
1063
525
15
57
450
195
3
1643
2669
6
278
4
1078
263
63
726
89
4
125
16
25
103
77
1643
22
3492
6499
576
774
6
204
1971
1757
658
124
6
278
120
43
158
44
204
13
7002
1405
4
27811
151
511
65
467
35
430
151
13
68
47
2
1597
5
1110
175
103
1971
28
11
326
1963
5
467
35
1880
6
278
981
19
1971
456
3
263
2139
25
1589
77
1577
5530
5
10
100748
326
2
519
429
4
331
89
52
11
697
2
3558
5
67
1963
25
11
77
1198
5726
6
278
4
140
12
466
263
2139
6
5100
46
7
242
6
197
228
83
4
134
180
26
40
73
131
136
3
18
1963
1971
28
23
22
540
391
674
6
2123
184
3
2
339
5
22
1184
99
4564
19
1472
39
25
6
475
52
204
115
1198
101
236
33
116
10
21
657
3061
29
10
130
3061
11
453
2
1263
77223
252
158
18
1525
28
143
35
34
21
7708
15
204
2
241
2
10
809
6978
1405
6
4
315
3
7360
61
604
63
3358
3530
2
1927
2081
5
1589
252
13
28
1212
327
1409
664
83
2
177
5
315
3
1153
2
105
1469
3
604
124
30
16
21
1080
3
4052
12
788
54
2
30
1380
7
4785
12825
4785
12
263
100
177
28
3287
1971
43
441
269
544
