430
90
5
894
50
2254
2397
19
1654
6
2907
6
3
6331
604
92
165
302
177
5
386
4
278
26
18
47
1262
6
512
102
2107
6
418
203
38
302
26
18
47
2056
56
4273
309
5
581
156
2
166
19583
4
12500
102
48
1320
211
5756
4
2292
449
3673
4
751
6
2
304
128
153
1221
1358
27
823
127
94
68
28
8
648
5
71
4
32
186
3
691
5
3335
11
948
71
4
135
127
287
78
32
9
3927
335
8
186
3
439
5
5105
11278
2675
6
386
12
878
5105
2675
810
9476
2675
1823
135
150
440
7022
27
2
17673
4
7880
74
22
304
102
602
3782
463
32
125
221
437
1233
702
257
2235
21
3
123
297
8
77
748
85
109
333
679
221
437
892
530
1454
1233
2235
5
702
257
2879
1484
31
956
89
21
3
6141
1768
74
78
32
125
142
79
1676
186
65
2
36221
24
85
44
43
216
5
279
158
162
4
80
76
58
50
28
3
17
15618
23
3613
5
221
1260
12
466
8
10
14
4480
2
2381
12450
5
125
54
371
530
28
132
17
5033
3
291
79
569
32
91
5
2
432
125
783
171
49
2451
2
269
5
35
184
3
2
181
24
39
4812
569
1484
1188
49
2953
8
371
530
4723
279
216
3370
1031
5
21
5350
12
1496
291
4
21
470
98
297
8
77
748
1179
5
4
85
221
437
301
28
8
11
1047
5303
3
25
1704
1544
6
197
259
159
279
216
1007
2967
2838
28
371
530
335
14
2
3501
1713
5
3370
279
216
328
36
3123
1754
8
459
718
194
37
22
2279
4
953
3
522
2
226
582
2612
158
125
50
1588
6
1335
15
4
5047
187
221
437
481
6
2
750
3
58
775
369
1719
12
466
8
1321
187
10
394
1362
594
4433
159
2332
1806
1392
31
7
203
291
9
1992
1172
4234
519
3
2
1376
6
464
673
371
1392
7
6019
1043
5
569
32
2566
619
1772
1396
4
125
50
277
12
42
36
41
2544
1771
4193
3
903
54
13
47
1940
2
177
5
1392
2109
221
7
84
2366
229
95
125
2522
98
75
11
14
58
127
287
117
256
1618
477
2685
455
22
7106
2000
431
321
6
64
503
177
87
5
2133
202
127
7374
138
101088
4374
10932
135
265
94
31
7
12684
15
1618
6
199
13
7218
1126
75
1618
9
387
144
82
64
323
62
11069
82
5
101053
13
2534
1407
3207
9
27
86
254
11
40
144
97
287
122
1678
3
6194
202
440
6
1578
4
11
3499
1289
8
27
77
1671
22
83
1272
2143
425
12
3337
24
2
2240
120
1618
7
485
254
52
138
27
7
23
172
5
1813
164
6
1613
15
74
129
5
106
118
1348
106
64
967
8
20
132
17
237
5
130
38567
10932
69
7
8441
98
1335
10
55
175
1618
4
27
7028
9
412
865
5
10520
19
1869
61840
1618
1017
138
27
640
2977
27
1130
100
4
13595
27
267
2
19548
100
10932
69
1007
1759
3902
134
4868
10
314
1618
2285
358
44
16
87647
69
1404
13
4115
10932
2
9042
15
521
62696
237
7
2
9280
5
10829
919
3324
58
94
409
133
77
18
15
2133
127
287
2316
7
56
12
229
12
1449
11
40
248
36
1671
775
14197
9
1618
27
984
7
80
118
1047
6
58
91878
5
22
895
3311
29935
2
2275
4
358
1202
350
1461
4
1608
69
199
998
88
411
40
17
41
253
3
106
9
2
2275
31
208
866
9
266
74
2
1433
629
82
4
897
27
2738
40
17
201
9
70017
60
33
18
4
2282
2275
8
1428
950
43
29935
134
65955
68
7
1451
941
24
38173
124
2
1395
31
3611
49
35
265
389
128
66
3
296
601
60
9
43
265
11
7
6564
2
7093
202
6061
199
592
74
1618
544
20
205
23
1613
58
35
440
4
7
1333
2
69
2228
5
3290
2381
4
15057
3
1514
1618
1190
2
2
1927
197
73517
58
289
7
4774
72
42
44
75
1618
484
10
761
355
237
8
3155
9031
9
387
20
66
171
22
566
4171
265
2946
1855
1248
1618
13
3030
13
2
280
567
6
257
28246
1722
13
41
594
6
35
74
31
22
289
3098
34
17
4649
84454
2
105
1008
1051
23
393
5
1613
134
4868
162
18
13
2
490
60
4841
480
3945
3
768
29028
66
77
17
382
2
5646
199
6
647
277
1618
719
10932
19
72
42
173
122
2
1456
654
456
199
6
1063
822
103
807
23
89157
2
159
1613
35
3191
14
99
612
3
111
6
11
14
106
56
5
266
171
58
1564
5
140
866
285
4
517
6
82
4
14768
190
58
1564
6
3
319
49
59528
13
41
65
169
1481
12
435
184
3
227
85
1579
8
7500
207
57
895
2
10932
13
169
124
13
4
29935
13
184
3
6176
181
2
5
647
1618
69
7
110
75
10932
9
49
144
5
887
4
44
16680
16
1451
2
129
443
6
283
1121
8423
122
16680
182
38
1121
59
35
6169
14
1300
24
227
79911
2
679
1459
3572
2
2987
