486
49
1510
14
25
15001
806
1223
2794
106127
806
11
44
11
208
1407
1245
3
580
126
29
8
26
415
2
4043
1555
9
1930
1976
3
1698
4469
24
54
11
14
2336
84
454
4161
24
616
19141
4
32950
44
11
3284
395
25
90
160
3
49
1510
7
234
142
23
2125
4
7
2
2
4765
4
7
73
51
2
3077
534
565
51
14
7
1144
206
14
7
25
9468
806
1223
7872
2300
18476
488
8
338
152
744
12
1510
7
2
372
8579
59
10
154
3
534
225
2655
15
1322
18116
7
113
25
90
534
1376
16
110
168
616
19141
46
30
219
3156
134
62
30
219
1192
3
234
880
4708
4
4784
53
2924
1020
9
43
3
234
1960
84
18476
44
11
1485
4
6
2
5768
919
29
11
165
4318
19
76
2680
11
44
2894
5
49
4469
7
2
2882
8
132
208
1139
4702
806
1223
562
78564
806
616
19141
1894
37
3
5
257
684
46
36
42
6
45
10
7
465
3914
19
3033
3347
3365
4
2680
3347
156
2
39936
3347
4143
184
3
76
1210
187
5
616
19141
16
41
465
277
6
471
160
8985
10152
19
14196
1582
25114
7
4
1581
4145
8602
4
6414
921
10152
2988
6
6528
175
16486
10152
13
2
1607
4938
5
11344
2318
211
4640
490
1342
36712
11300
39
1564
41
2523
10152
460
1065
12
31667
277
6
1160
4
108
290
1582
439
5140
1582
399
17819
1582
2094
23454
1582
4616
14196
1582
76020
1582
25114
84
1131
12
832
17177
1967
671
5055
4
41
1911
2
1677
832
501
112
1223
708
36
88659
1582
25114
981
19
888
14196
2628
5015
5616
3569
13856
19
2628
5015
888
14196
4681
12559
572
43905
4754
2628
5015
12559
6760
572
43905
4754
3311
41412
1791
4681
12
1562
4993
98
75220
6760
12
1562
11509
3868
104150
26872
12
1562
3282
1238
19
888
14196
2628
5015
13844
1238
19
888
14196
10152
15666
19
5065
66769
2988
22782
175
3
9779
6974
6528
100608
3353
6
3142
3150
888
14196
2628
5015
259
14196
1582
25114
8985
10152
56
84
939
99
12
30
355
109
19
651
13684
109
300
9
78
32
4
49
6574
4
2865
71
252
204
7
39
21161
21334
26
44
263
92
7
3241
5
95
3479
4
4054
1054
78
4
885
125
8
781
13
47
3404
78
80
908
138
27
5
118
6
16776
15
1589
759
7401
7
1927
135
1584
892
15748
2
425
19
62935
29565
9
90751
6
4
1510
12
2643
1864
1547
109
15748
1511
221
9
3576
10
618
291
79
78
32
125
791
10
177
5
2
1424
1807
3
8712
70
923
137
43559
221
5454
291
79
78
32
125
15748
3680
20
7
6
660
4
740
3
12097
4
85
10
1871
174
111
58
4
12140
16
424
3
748
67
923
530
14
2080
6
4231
4
4613
15
111
58
30
68
18
2416
187
5
12140
118
646
6
20
237
4
15006
6829
148
24
32
69
8
26
3051
2
383
19
29565
1350
209
8
2049
214
710
14
14392
6
115
21
15387
10
2278
6
20
1424
5932
64535
1807
84
39
249
60
181
880
15596
8
6
4
291
79
204
451
2278
6
127
85
221
1533
8
53
64
416
8
27
7
2556
15
263
92
9
136
5
1308
221
2066
2
6672
291
79
2
263
564
6
70
127
69
406
7571
871
349
3
138
1672
27
1492
9
554
1335
15
263
554
678
3624
9
95
646
6
3062
1447
5
162
4
80
3533
2
345
46
54
26
1292
324
3
967
46
37
2
451
696
1545
5
125
1215
24
27
528
3
2
263
493
141
772
158
44
8
1216
5
291
25
239
18
277
98
1243
175
371
27
4
263
92
4
80
3062
79
135
125
221
4
625
158
84
178
14
2045
23
7919
127
85
511
65
3208
371
27
3956
892
15748
33
18030
10665
20
519
7
9
32
812
16
1048
62
5099
7
20
209
758
318
109
333
3037
5
2733
172
566
32
812
16
1048
69
5383
62
271
7
732
15
898
304
7
10
5099
7
27
44
8
1875
5
8
304
132
1718
2409
6212
8
53
7
2
1793
5
1419
1048
45
4490
32
69
4
928
32
1313
8
1173
73
10
14
533
24
2531
4358
5
4269
5
16609
10
1003
327
17
5099
10
7
68
560
209
18
64
2137
26
396
17
5099
36
55
26
29
122
209
2
156
55
21
18
2
41350
2137
2195
3597
81
2431
55
1271
898
304
7
5099
209
682
7
572
1716
10
1525
7
572
572
572
31
29
4
4565
4717
40
181
156
23
48
4
9
51
1370
52
21
9
4257
6478
149
93272
78084
18440
1048
986
16
5
376
918
3
181
156
2
209
8
7
5099
10
7
3518
3
8381
37
1048
191
474
1793
8
7
21
86
918
29
1905
1271
12087
863
333
3
1048
6216
710
203
1947
5614
1676
23
172
5
20
259
11269
7130
575
1667
4
57
524
23
573
5
2
590
5
2002
812
31
1000
3245
880
996
1317
197
259
1312
886
318
320
172
812
31
16
4381
5
207
5
74
591
8738
9
135
287
127
296
26
16
138
14044
2
3242
715
1286
13805
41083
2
5335
3918
4
22
872
