2674
4521
4898
622
6
5904
14
118
459
19
39168
11
44
10
14
73
2
6611
2506
7
25
2674
4521
472
12236
6
2456
441
9
840
1943
19
73
5
22965
21385
4
99
2405
99
281
66
11
773
207
44
1848
3234
4
552
10
21406
14
2632
10
14
73
118
6
1811
6
105063
5
2
1642
394
11
773
12
2
952
5
3325
17937
211
2
224
9
53212
6082
8
646
10169
1035
4
4
43120
320
1491
96241
273
148
50
110
12
23
2506
2818
6
500
100
5255
5
108
1035
535
1389
8
1849
2263
7342
597
1366
8
1199
140
2
432
2064
40
18
3
155
166
2819
68
77
137
8
8436
309
8419
2790
4
1253
2266
14
110
3
848
1858
198
2
7035
5
6576
4317
40
1923
2
2676
2786
9989
56
3
861
2198
3
5276
6
152
4
3663
2
182
5
45
50
541
24
620
2788
152
840
11
44
53
14
1002
57413
2
281
66
6
2786
4
2
903
5
2506
1580
303
198
3
1935
2786
5300
2
21345
1253
493
12236
6
152
23
60
2124
3595
490
1625
46
2940
840
280
1662
46
4
3744
148
73
2077
6974
4
1709
15230
54
50
2092
3
786
2786
151
2664
12
561
156
2
23284
23886
1517
4
1014
1557
3469
2
1561
3
734
2422
1767
6
183
107
2
7517
1625
30
295
2
4678
5
402
11
23696
1005
493
58900
79170
2
372
7033
5
679
2464
6974
462
30
7269
2786
5300
4519
61
10
1846
5444
59
39105
30
29
10
773
12
6974
4298
59
90836
433
295
79
1709
402
2786
1199
1917
10
44676
140
62498
2786
2882
61
6
3663
402
491
43613
4616
2
3071
14
615
3
14733
10489
1342
3663
54
13
2
273
1014
4
2077
1527
211
5937
4492
1709
2786
31072
6
4
3184
5940
638
6976
6976
14
110
3
858
20
1002
6974
11
44
25
30
50
2929
224
23
1344
94450
1925
6
39
249
2
465
721
15
6976
59
10
324
60
3
340
349
224
638
14
865
5
1481
43613
72
697
56
30
134
81
33
1023
3
123
20
224
10
2
306
224
100
4
26
155
52
20
7
156
2
306
224
206
25
33
9680
76
5
112
1481
1429
4
319
4
4315
123
6
2
3729
5
1014
101
100
3712
6
11720
5
2
601
871
1429
1199
2222
2
123
6
566
62
211
42
6
10
667
1614
4842
2
6373
5
18505
19610
30
4333
51
10
40
93
43
52
10
146
10
3
32209
44
2786
30
50
732
19
2
1302
5
65222
85267
36713
2913
2786
5300
6
2786
64
752
9082
2
44
262
11366
79
2464
81821
1275
4
526
3177
5
2077
211
1806
8075
18647
11454
11
1118
2
68960
2972
1286
320
2515
38337
31
13
1588
1018
22269
4
1315
49930
616
2
2786
14
2339
22
733
38337
14
3421
42
5
22
83
2
2103
7956
228
1199
650
3071
364
2439
9669
4
1656
5170
2536
13714
4
1172
6230
2786
716
2
1120
4
2
531
2026
6
1199
306
2258
10
6576
5
159
5553
582
20462
733
3916
2103
151
20462
13
757
169
760
2
152
2192
11
486
40
7563
2464
29
32866
14
8184
246
2339
3
1199
14
2
8646
1272
3
888
322
472
2
9853
1372
6861
2786
14
5968
3
20462
9630
1228
6270
3
1843
764
8242
6
417
4
800
9
32866
5
169
186
65
734
5
20462
14377
2464
15887
850
1463
2786
8
22
2986
14
4298
1709
29
395
81
11
14
87198
12
444
401
4
51
10
13
154
3
929
2506
6
100
14
73
2
18776
2
82020
576
120
33
773
48
60
29
50
3053
3021
3
3071
427
3
760
4
961
840
11
44
11
13410
2
6240
73
42
969
4831
13
607
1685
15
3174
2
4184
432
2064
156
2
2506
2818
716
1264
3325
1525
506
840
2467
73
4117
7
723
12
444
401
9
183
337
1663
765
7
70
2135
14
163
3
642
4401
224
3
5729
56
756
31
7
1743
74834
105
6308
14
68
7361
19
2202
167
54
186
89
6
3
96
2
93842
3438
6
322
5
1309
2
5481
315
3712
174
3712
1581
149
42
28
3355
4877
20
1872
89
3
8971
2
1411
124
2950
650
563
1196
124
14
1631
5
1709
10
68
855
89
79
2028
2975
5323
30
13640
1709
23
2
5251
6
9630
1228
2786
2385
4
56
5
787
154
20
73
2163
31
17506
180
73
130
573
110
3
2083
61
4
254
62
30
380
295
3094
123
142
58976
1709
16
13287
15
2889
5
7066
1996
10569
24568
19595
13571
24
585
79
9974
51635
31
68
244
6
861
2198
13
2
3858
748
12
2786
59
26
1118
2975
14
1712
22
1087
75
454
773
15
5382
4
454
914
14834
3450
1935
3450
259
2786
186
22
554
9148
4
266
905
11
20211
23
2975
10744
488
9
39
1482
4
22
953
3
1877
1203
168
5382
181
54
7
21248
1219
19
1014
3177
4
39
60700
5
148
7
5597
37
89
14
8
20061
357
9
89
14
13326
100
3712
44
2786
67
1641
46
2028
1641
46
14
445
3
858
2
450
9642
2126
4167
39
777
15
20
6
634
11
303
56
3
368
61
73982
218
395
12211
46
273
7430
16287
1709
15
9580
853
4
8745
7913
