388
41
416
5
3467
2184
6
813
493
137
130
339
12
9954
2184
6
492
164
2621
670
576
3165
904
12
142
5
300
24
493
5
1946
4
498
25923
128
442
2621
670
1691
75
493
5
1946
1664
8676
692
3
2499
4
140
2831
4
509
394
25276
8684
59
498
25923
28
369
2830
1050
2390
497
140
12
473
30
796
2
707
2764
671
56
59
25923
28
325
240
101
84
30
113
7
3
1427
9
235
205
36
25
6
2
2742
3
111
5
677
25276
6972
2193
12
300
86
3
1139
2219
59
25923
28
300
2206
3
4445
1670
4
383
3161
188
899
5
8772
6
493
5
1946
1215
7
1694
9579
6
1625
535
4
10
55
17
388
6
101864
148
9
69
1584
3
1605
61
2
75008
240
12
2
724
251
10
859
190
9
1441
114
3
45471
6741
2833
7612
37
1700
7
48
196
26434
127
2347
117
638
193
93
2439
5005
15
22
1412
10811
101
4
6080
171
2
69
172
23
107974
2439
5005
30576
6
7560
6
473
6
4
315
3
2306
138
27
499
742
636
256
728
627
21
3
69
6
1316
6
917
9
387
193
12964
39
1231
4
86820
193
4
256
728
18
1498
2
17359
3570
6
4
740
3
1365
138
27
24
817
202
127
499
7
8
2
1372
107
3
671
13302
661
3
8
194
2224
1892
12
51
42
113
37
564
675
4
38
528
121
671
6
270
70
61554
829
12
540
330
18062
1815
510
2
506
5
5573
5
748
742
498
728
635
69
6
1316
1293
9731
35
3
193
163
6
766
598
387
193
34
1711
56
5
39
1231
4
2690
947
728
2
314
1082
6
95
3988
173
5
20
7
3
666
4
163
371
27
79
5056
6361
949
6
344
236
199
3572
138
40
25
901
203
156
2057
170
193
4
728
16
12249
2068
106
6
1316
9
1430
27
13
2
345
5
37
776
1398
173
74
193
3
728
7
667
23
89184
728
106
4
33
380
295
2
39
23714
4
1316
7
531
82
10
2
6523
5528
35
4
10
295
374
2306
27
8
2880
4
22
6748
3
2
408
5
374
93
136
83040
193
592
6
1316
40
17
362
3
96
371
27
4
8339
6
431
9
863
199
9024
7077
9926
5
9575
23
39
249
42431
240
40
340
179
469
4
139
10
42
148
9
1584
3
1605
20
61
12
2
724
251
10
859
190
9
1441
114
3
596
4
160
38
1456
2
2
284
728
4
193
16
1049
382
94
159
7
77855
756
31
7882
22
1950
4147
2966
7
2
8974
222
31
28
1950
16
2683
202
16
2512
5
42
110
3
2695
3
57
6
320
5
3683
2
667
756
8
14257
26
230
72
942
70522
53
139
5
4866
3570
809
9
42
2340
10
2
5992
11
3414
10
15
22
3218
95400
27
704
10
25
490
11
855
142
83790
100
638
193
4
9
728
16
2160
3
1297
180
12
38
83
25
26
18
3
504
61
4336
6
2
103
12
42
62
3761
27
1824
12
20275
33
25
18
3
17
27
3
137
18062
3570
2
2
1067
15536
10
2
187
5
373
4
667
236
3466
8774
3
91
328
3
666
4
1711
83
417
6
66320
195
7
6
725
19
2
1049
1372
1381
19
107
82
4
10
7
58
289
114
31
243
89
53
52
33
137
499
428
2
271
8
114
121
995
302
33
230
741
20
732
36
29986
23
77552
164
148
499
428
7
21
183
2
257
85
528
8
303
428
61
82
103
273
675
8
3436
157
82
18
2
8916
385
6
3208
287
26
113
325
9
97
2
2
668
26
219
432
1793
4
26
93
3
1057
15
328
317
67276
4
1704
3263
48
6937
26
14
8
206
90
1225
16
349
3
48
29
97
232
82
679
4
2594
97
4849
147
21
48183
376
94
894
97
73
18
1255
6
817
97
499
10
7
3784
3
27
8
57
94
16
424
3
25
325
26
55
203
11107
328
863
105
1100
3514
7546
270
6
22
2356
3
3863
576
1652
145
648
40
5952
580
29
2
992
35419
7
2
677
13864
8
3802
7
37
1426
1237
45
340
51
3802
115
7
392
1237
45
4
319
81
1237
4
8
21
19
44526
2682
1419
45
247
921
29
203
3802
921
45
247
1419
59
33
234
23
2
2035
133
73
3863
33
346
8
4677
16
19708
2002
80
2
2653
5677
224
15
3186
7244
9034
4
3893
93741
1412
5
3863
2035
4677
9037
8391
7
6464
626
6
3863
1155
591
5
670
184
3
25405
71480
1609
47484
6
1621
662
4118
1454
13
244
46
1049
136
2270
46
73
2
1039
80
2
22
1073
43597
6
2297
6
547
637
5
2049
2035
1790
2
69649
1964
425
6
22
263
2708
97
273
350
13
10303
133
111
4
3249
6
879
20790
15
68721
2381
3670
80
2
677
45
196
6
368
9
509
23
6375
1364
6
403
5
502
97202
445
2
182
5
358
37
361
283
299
29
10
1750
16522
9
146
4
9003
9
698
932
1993
36
7119
8300
46
36
18696
263
46
115
93
359
5
283
299
8
45
23
172
67020
547
2049
